0.0526611	0.158769	0.0427567	-0.199126	-0.0654707	0.0241144	-0.0614785	0.0024134	-0.0677904	-0.0909892	-0.0193578	-0.0301526	0.0959971	0.0041239	-0.0622326	-0.018248	-0.0013527	-0.0637678	-0.0679287	-0.105017	-0.067728	-0.0480027	-0.0571564	-0.0628464	-0.0590833	-0.18166	-0.0206548	-0.054052	0.0450971	-0.0186101	0.231926	-0.0593373	-0.0624901	0.300365	-0.0026636	-0.0456337	0.075175	0.0835811	-0.0295057	-0.0628464	-0.0589103	-0.0618037	0.0457201	-0.0250674	-0.0504494	0.245482	-0.203398	-0.0601663	-0.0517231	-0.0551363	-0.057091	-0.055831	-0.0323162	-0.0098509	0.0231004	-0.0642784	-0.0390581	-0.0288082	-0.0019594	-0.0068683	0.0022388	-0.153723	-0.0361494	-0.0616313	0.0798321	-0.0218135	-0.162551	0.0456841	-0.004546	-0.0433017	-0.0495252	0.020988	-0.0009111	-0.0296288	0.0260163	-0.0521169	-0.0478302	0.0273773	-0.0609676	-0.0519565	-0.0301351	-0.0536685	
0.0508713	0.174973	0.0438098	-0.195053	-0.0663854	0.014009	-0.0614785	-0.0811312	-0.0407033	-0.0675209	-0.0630501	-0.0644524	-0.0679164	0.0091224	0.231926	-0.0589508	-0.0614189	-0.0647645	-0.148705	-0.0616133	-0.0267578	0.129419	-0.160254	-0.0583973	-0.0404793	-0.0543004	-0.0100153	-0.0602936	-0.062749	0.00313986	-0.0682747	-0.0444508	0.0260163	-0.0478302	-0.0544814	
0.0542566	0.17338	0.0386806	-0.20168	-0.0640419	-0.152452	-0.0651763	-0.0108658	-0.0597794	0.00373976	-0.0580286	0.0278218	-0.0293383	0.120068	-0.173761	-0.0569673	-0.0606053	-0.0654636	-0.0281807	0.169596	-0.0931406	-0.0149946	
0.0492823	0.146491	0.0459808	-0.204929	-0.0600137	-0.0583683	-0.029912	-0.175659	-0.0646165	-0.0588458	-0.0598727	-0.170833	0.0142822	-0.0638625	0.0713986	-0.0649701	0.00537546	-0.0459785	0.186886	-0.0785957	
0.0500382	0.142187	0.0322761	-0.197443	-0.0585051	-0.0566686	-0.0332615	-0.17458	-0.0641291	0.0693138	-0.0641422	-0.0554443	-0.0594722	-0.167416	0.0344231	-0.00108446	-0.0622179	0.119727	-0.0988327	
0.0527778	0.151097	0.0307035	-0.20863	-0.0585051	-0.0554573	-0.0289845	-0.178345	-0.064354	0.134763	-0.0652964	-0.0562957	-0.0584651	-0.163646	0.0187887	0.00154033	-0.0831968	-0.0642166	0.225809	
0.066449	0.125547	0.0356469	-0.182567	-0.0581333	-0.0511575	-0.0273663	-0.16156	-0.0646572	0.0796016	-0.0618713	-0.058505	-0.0575198	-0.123124	0.00928025	0.000151875	-0.0732156	0.119076	-0.0642299	
0.0594381	0.154474	0.0430722	-0.208696	-0.0572242	-0.0525233	-0.0241775	-0.177086	-0.0642333	0.0758495	-0.064208	-0.0587097	-0.0595891	-0.163909	0.0217955	-0.00283731	-0.0850095	0.105629	-0.0643365	0.000242729	
0.0650154	0.132723	0.0380426	-0.188779	-0.0572303	-0.0548158	-0.0207053	-0.153166	-0.0644555	0.0881292	-0.0645037	-0.0221285	-0.0598478	-0.147129	0.000652823	-0.000708709	-0.064872	0.112612	-0.0641421	0	
0.0696083	0.133424	0.0449909	-0.192215	-0.0577522	-0.0568651	-0.0282722	-0.168812	-0.0650309	0.0769647	-0.0655806	-0.0111527	-0.0607053	-0.117129	0.0138475	-0.000133467	-0.0786815	0.127707	-0.0646831	
0.0703327	0.144962	0.0419888	-0.203407	-0.0571993	-0.0551992	-0.0221757	-0.187239	-0.0646522	0.101414	-0.0648539	-0.0185007	-0.0604719	-0.124941	0.0137604	-0.00188713	-0.078496	0.0875094	-0.065504	0.0443649	
0.0660632	0.136154	0.0441343	-0.194451	-0.058332	-0.053745	-0.0247579	-0.175109	-0.0658888	0.130314	-0.0648539	-0.0152861	-0.0601604	-0.156856	0.01693	-0.000197298	-0.0813643	0.202803	-0.0655699	-0.00140375	
0.061883	0.150692	0.0376398	-0.210411	-0.0573051	-0.0566456	-0.0644275	-0.191377	-0.0660773	0.08551	-0.0653796	-0.0210493	-0.0613949	-0.166135	0.0300463	-0.000515912	-0.0946519	0.169728	0.0121528	
0.0538091	0.151656	0.0348424	-0.209847	-0.0556576	-0.0576122	-0.0628461	-0.196887	-0.0641703	0.0560247	-0.0644426	-0.0214584	-0.0588603	-0.156902	0.0109045	-0.00084377	-0.0739762	0.143052	
0.0532299	0.152125	0.0399133	-0.209114	-0.0583029	-0.0529388	-0.0631552	-0.192288	-0.0645783	0.114775	-0.0652396	-0.0161358	-0.0582321	-0.148003	0.0164972	-0.000454995	-0.0804704	0.0170323	0.00735563	-0.00239451	
0.0509661	0.153582	0.0437027	-0.212415	-0.0585617	-0.0589584	-0.0663488	-0.19024	-0.0659494	0.0848901	-0.0668914	-0.0179821	-0.0617441	-0.149987	-0.00193866	-0.00146817	-0.0637684	0.0491858	-0.00718821	-0.0365727	
0.0634022	0.169027	0.037218	-0.222519	-0.0573126	-0.0517302	-0.212465	-0.018347	-0.0644231	0.100779	-0.0630744	-0.063345	-0.0582787	-0.18083	-0.0140123	-0.000475054	-0.0486441	0.0802482	
0.0550332	0.13714	0.03571	-0.191116	-0.0563613	-0.0542098	-0.166678	-0.0230096	-0.0629972	0.103792	-0.0647156	-0.0644492	-0.0604227	-0.16117	0.00133209	-0.00142632	-0.0643508	0.0552943	-0.0343892	-0.0130115	
0.0620683	0.145234	0.0303859	-0.197897	-0.0563613	-0.0550205	-0.18665	-0.0274623	-0.062737	0.0668342	-0.0637182	-0.0641004	-0.0591474	-0.168962	-0.0106478	-0.00158164	-0.0526568	0.12732	
0.0666622	0.142451	0.0356645	-0.1983	-0.059667	-0.058811	-0.178898	-0.0239701	-0.0660275	0.084819	-0.0669631	-0.0666601	-0.0592088	-0.162864	-0.0111273	-0.000463345	-0.0546371	
0.0634328	0.142451	0.0501854	-0.199617	-0.0613161	-0.0585513	-0.0583151	-0.14754	-0.0117254	-0.0665301	-0.0672175	-0.0666505	0.0853601	-0.141606	-0.0163669	-0.00273811	-0.0497839	
0.0627772	0.144759	0.0417062	-0.194565	-0.0585896	-0.0550551	-0.0585984	-0.181646	-0.0160621	-0.0636767	-0.0643909	-0.0648134	0.0548982	-0.162173	-0.00964856	-0.00436875	-0.0540929	0.0222337	0.0351176	
0.0660079	0.143173	0.0413904	-0.196845	-0.059553	-0.0564442	-0.0574371	-0.190373	-0.0196939	-0.0653368	-0.063797	-0.065319	0.118948	-0.161901	-0.0132433	-0.0040788	-0.0518321	0.0109107	
0.0714537	0.151745	0.0400317	-0.207084	-0.0595027	-0.0594208	-0.0571422	-0.194111	-0.0180843	-0.0648326	-0.065826	-0.0658019	0.0752789	-0.16909	-0.0172393	-0.00120785	-0.0470474	0.00453587	0.0335097	
0.0714537	0.14384	0.0475918	-0.19849	-0.0585478	-0.0583141	-0.0565705	-0.192863	-0.0140759	-0.0647568	-0.0655164	-0.0657456	0.123228	-0.163613	-0.00821211	-0.000465167	-0.0573586	-0.00652995	
0.0776456	0.162379	0.047897	-0.216065	-0.0576907	-0.057951	-0.0555423	-0.202442	-0.0101855	-0.0635091	-0.0642375	-0.0649516	0.073189	-0.182442	-0.00840463	-3.71016e-05	-0.0556287	0.0120081	
0.0834999	0.170224	0.0466147	-0.224768	-0.0582063	-0.0585801	-0.0513308	-0.195785	-0.0135587	-0.0637861	-0.0600816	-0.0642443	0.0898301	-0.163899	-0.00335223	-0.000392717	-0.0601019	0.016682	
0.0845552	0.144767	0.0410475	-0.198637	-0.0599408	-0.0605075	-0.0522896	-0.176858	-0.0203612	-0.0648923	-0.0662129	-0.0652023	0.070878	-0.151411	-0.00660365	0.000168723	-0.0585998	-0.00481753	-0.103487	
0.0606053	0.154348	0.0401123	-0.208771	-0.0567206	-0.0585473	-0.057155	-0.203069	-0.0177481	-0.0641374	-0.0651591	-0.0636415	0.0839661	-0.167154	0.0329529	0.000486275	-0.0974632	0.00700855	0	
0.0789375	0.151056	0.0453128	-0.206915	-0.0599628	-0.0589185	-0.0538832	-0.195101	-0.0146139	-0.0637963	-0.0651141	-0.0635931	0.043275	-0.168913	0.00642111	-0.000766128	-0.0707823	0.0161457	-0.106096	0.0638053	
0.0909235	0.142572	0.04331	-0.198431	-0.0594807	-0.0589072	-0.0519528	-0.1965	-0.0132417	-0.0632732	-0.0639353	-0.0649598	0.0774471	-0.157798	-0.00168198	0.000791123	-0.0630505	0.0199033	-0.018819	-0.138487	-0.0664688	0.0188011	
0.0749259	0.172765	0.0443746	-0.228427	-0.0597601	-0.0589745	-0.0571257	-0.228615	-0.0155128	-0.0642305	-0.0652825	-0.064906	0.0644572	-0.186337	0.00861407	0.000858439	-0.0738597	0.00432847	-0.0249104	-0.0724743	
0.0695323	0.164755	0.0415276	-0.21671	-0.0609077	-0.0589745	-0.0570245	-0.209436	-0.0185318	-0.0636715	-0.0639491	-0.065395	0.0777356	-0.180489	0.0134441	-0.000766112	-0.0783594	0.0377693	-0.0515983	-0.0581214	
0.0719106	0.15889	0.0396694	-0.212949	-0.056578	-0.0568482	-0.0554036	-0.207335	-0.0170235	-0.0631951	-0.0621935	-0.0632842	0.0591908	-0.1533	0.0461663	-0.00180975	-0.109355	0.0349274	-0.052479	-0.0870717	
0.0699285	0.156908	0.0446232	-0.211775	-0.0604933	-0.0588303	-0.0523905	-0.209643	-0.0178978	-0.0640948	-0.0655421	-0.0664092	0.078143	-0.169062	0.0149442	0.000543154	-0.0798961	0.00895571	-0.0304849	-0.0656714	
0.0672993	0.153879	0.0483951	-0.209068	-0.0587773	-0.0585648	-0.0577136	-0.206419	-0.0130757	-0.0621402	-0.0652351	-0.0634488	0.0577002	-0.162531	-0.000542622	-0.000918523	-0.0632823	0.00813044	-0.00628886	-0.083355	0.0262758	0	
0.084068	0.153879	0.0430836	-0.209517	-0.0602073	-0.0586502	-0.0571563	-0.200434	-0.0176142	-0.0644957	-0.0655714	-0.0632435	0.067653	-0.152877	0.0110069	-0.000189095	-0.0752884	0.0160301	-0.035688	-0.0488372	0	-0.0508995	
0.0825255	0.149782	0.0479543	-0.203646	-0.0602727	-0.0579787	-0.0552432	-0.204011	-0.0130585	-0.0659305	-0.0652986	-0.0647972	0.0906928	-0.16852	0.0167507	-0.00291977	-0.0819321	0.00910236	-0.0244655	-0.0632698	-0.0376556	
0.0627975	0.150601	0.0508468	-0.204519	-0.0601173	-0.0571168	-0.0563885	-0.207278	-0.00881692	-0.0651187	-0.0651463	-0.0641119	0.0912118	-0.160824	0.00132844	-0.00240784	-0.0663421	0.00436784	-0.012853	-0.100435	
0.0867867	0.143826	0.0452588	-0.201118	-0.0611533	-0.0578335	-0.0560423	-0.193042	-0.0166975	-0.0653711	-0.0643363	-0.0643129	0.117677	-0.14062	0.00733899	-0.00176798	-0.0728953	0.0370476	-0.035987	-0.101618	-0.0376741	0.103622	0.0124131	
0.0705918	0.143826	0.0461154	-0.201695	-0.0611189	-0.0585288	-0.0568924	-0.187725	-0.0160249	-0.0653711	-0.0650863	-0.0650218	0.0874338	-0.141016	0.00775875	-0.00177796	-0.073365	0.0305259	-0.0387297	-0.092533	-0.0259612	
0.0809233	0.140398	0.0443134	-0.194993	-0.060581	-0.0587252	-0.052989	-0.180443	-0.0151153	-0.0663782	-0.0650109	-0.0645292	0.0643129	-0.142888	0.0169752	-0.000410634	-0.0825291	0.0186287	-0.0254192	-0.0355966	-0.00676537	
0.0617076	0.140398	0.0529466	-0.196668	-0.0606315	-0.0590536	-0.0534008	-0.192638	-0.00833025	-0.0650979	-0.0649666	-0.0641056	0.105857	-0.151753	0.0221012	-0.00115576	-0.087211	0.0331233	-0.0438878	-0.026863	
0.058607	0.133178	0.0404159	-0.191735	-0.0602313	-0.0597481	-0.0599416	-0.182002	-0.0194398	-0.0658193	-0.0646384	-0.0654474	0.0962943	-0.128062	0.00312572	5.19284e-05	-0.0685754	0.0139099	-0.0256089	-0.0171351	0.0072203	
0.061639	0.136486	0.0439907	-0.191438	-0.0591732	-0.05655	-0.0557876	-0.183913	-0.017328	-0.0649457	-0.0636887	-0.064964	0.0916885	-0.140836	-0.0131443	-0.00281392	-0.0523054	0.0223712	-0.0476606	-0.0583575	0.0380285	
0.0659834	0.136486	0.0436176	-0.194888	-0.059003	-0.0600291	-0.0539081	-0.190576	-0.0176329	-0.0640146	-0.0661	-0.0653908	0.0762291	-0.137241	-0.00716132	0.00213735	-0.0582269	0.0174185	-0.0334669	-0.068602	0	0	
0.0684207	0.135519	0.0404479	-0.192137	-0.060175	-0.0580909	-0.0549983	-0.181003	-0.0203439	-0.0647847	-0.0651507	-0.0632404	0.100411	-0.158448	-0.0136802	-0.000447729	-0.0513255	0.0184283	-0.0333438	-0.0486272	-0.0354374	-0.00756698	-0.0325456	
0.0684207	0.147367	0.0428866	-0.20465	-0.0586173	-0.0592897	-0.0560449	-0.186624	-0.0177095	-0.0634078	-0.0656314	-0.0618821	0.071998	-0.155182	-0.000454834	0.000970639	-0.0643831	0.00181153	-0.0171836	-0.0982917	-0.00268128	-0.0375433	
0.0593305	0.138524	0.0476937	-0.194509	-0.0594838	-0.0588715	-0.0572815	-0.19204	-0.0133883	-0.0642918	-0.0639265	-0.0651579	0.0841035	-0.143207	-0.00686286	0.000214565	-0.0578514	0.00402822	-0.0258061	-0.0246181	
0.0579994	0.142324	0.0442101	-0.201279	-0.060815	-0.0601077	-0.0559373	-0.191481	-0.0182275	-0.0668241	-0.065751	-0.0661662	0.0646604	-0.143695	-0.00110822	-0.000540882	-0.0645713	-0.00119309	-0.0183776	-0.0871941	-0.0609894	-0.00690519	0.00123508	
0.0590259	0.146078	0.0288631	-0.202761	-0.0595242	-0.0601423	-0.0587275	-0.194848	-0.0318434	-0.0645398	-0.064845	-0.0647911	0.0693019	-0.155697	-0.00479306	0.000520263	-0.0601681	0.00757674	-0.020852	-0.0939835	-0.0361179	
0.0633788	0.132593	0.0384753	-0.19024	-0.0600405	-0.0602533	-0.0603239	-0.182086	-0.0227984	-0.0642836	-0.065285	-0.0638687	0.0903102	-0.139737	-0.0124933	0.000216411	-0.0529879	-0.00150285	-0.012757	-0.0666196	-0.0244058	
0.064547	0.144507	0.0447899	-0.197485	-0.0598593	-0.0569735	-0.0569755	-0.192742	-0.016363	-0.0633809	-0.0628129	-0.0636291	0.0624343	-0.140665	-0.0117276	-0.00112715	-0.0518683	0.00950576	-0.0156861	-0.0658286	
0.0657499	0.134958	0.0424061	-0.189938	-0.0605365	-0.0580098	-0.0517065	-0.185345	-0.0196523	-0.0647029	-0.0644171	-0.0638769	0.0807618	-0.137256	-0.00909608	-4.93687e-05	-0.0552313	0.00136898	-0.00765081	-0.0521037	
0.0619208	0.147004	0.0466119	-0.20285	-0.0596628	-0.0583903	-0.0536049	-0.197214	-0.0137628	-0.0653899	-0.0646716	-0.0641582	0.0992537	-0.156843	-0.00378372	-0.000392528	-0.0608949	-0.00965424	0.0116478	-0.0282287	
0.0619208	0.156413	0.0404655	-0.211015	-0.059005	-0.0579185	-0.0584695	-0.208656	-0.0219004	-0.0637674	-0.0643533	-0.0649744	0.108519	-0.153921	-0.00764526	0.000323067	-0.0569233	0.000271688	-0.00282232	-0.107781	0	-0.00179852	0.07787	-0.0639917	-0.0024917	
0.0672299	0.136559	0.04162	-0.193331	-0.0577948	-0.0590469	-0.0565892	-0.183079	-0.0198193	-0.0652516	-0.0656333	-0.0643203	0.0574177	-0.134398	-0.0268629	-0.000251268	-0.0372145	-0.00627459	0.0215812	-0.057245	
0.0692487	0.147305	0.042159	-0.202731	-0.0576087	-0.0574737	-0.054551	-0.194193	-0.0169451	-0.0630841	-0.0633875	-0.06261	0.0520292	-0.110839	-0.0101599	0.00140539	-0.052647	-0.0147056	-0.0265993	
0.066987	0.161883	0.0418156	-0.21563	-0.0573108	-0.056315	-0.052797	-0.201646	-0.0172096	-0.0629917	-0.0630693	-0.0626041	0.042175	-0.165988	-0.017107	-0.000348279	-0.0453555	-0.0139319	-0.0886268	
0.0702939	0.149121	0.0332277	-0.206784	-0.0606677	-0.0590538	-0.0581211	-0.193525	-0.028007	-0.0656345	-0.0648433	-0.0631646	0.0739016	-0.152116	-0.0219849	0.00137805	-0.0433382	-0.0171887	-0.074002	
0.069421	0.145695	0.0372097	-0.20002	-0.0600139	-0.0575107	-0.0532245	-0.185597	-0.0209778	-0.0629845	-0.0629259	-0.0624207	0.06052	-0.139243	-0.0148749	0.000359339	-0.0484914	-0.0137634	-0.0565843	-0.0189154	0	
0.0612098	0.150986	0.0304513	-0.204717	-0.0584562	-0.0575352	-0.0517783	-0.186989	-0.0262531	-0.0629845	-0.0626273	-0.0626989	0.0808277	-0.140852	-0.0150697	0.00133618	-0.0476249	-0.00216334	-0.061875	0	
0.057932	0.147772	0.0440779	-0.201085	-0.0586572	-0.0560788	-0.0550082	-0.182133	-0.0147074	-0.0628428	-0.0628443	-0.0623433	0.0557758	-0.157713	-0.0235444	-0.000541681	-0.0400412	-0.00164369	-0.0722285	
0.0665202	0.131519	0.0442973	-0.184832	-0.0582024	-0.0583221	-0.0545118	-0.165155	-0.0148978	-0.0626439	-0.0632683	-0.0616057	0.0640188	-0.140308	-0.00975219	-0.000680195	-0.0532445	-0.014603	-0.056466	-0.00209092	-0.0145659	
0.0713354	0.14828	0.0383344	-0.200287	-0.0573247	-0.0580942	-0.0445789	-0.190969	-0.0192833	-0.0630059	-0.0624193	-0.0624131	0.067823	-0.150192	-0.0112455	-7.18112e-05	-0.0511888	-0.000655475	-0.0520742	0	
0.0819413	0.125415	0.0478826	-0.181815	-0.0599902	-0.0570462	-0.0574857	-0.173261	-0.0106567	-0.0628089	-0.0631457	-0.0627914	0.0755084	-0.127327	0.00140741	-0.000623939	-0.0651072	-0.0134664	-0.0247361	0.0155254	0.00679268	
0.0622804	0.164614	0.0518562	-0.221496	-0.059312	-0.0576605	-0.0549744	-0.213856	-0.00884757	-0.0645188	-0.0663084	-0.0650053	0.0646061	-0.170724	-0.00153007	-0.00301211	-0.0635537	-0.00962834	-0.0571124	0.0137379	
0.0708224	0.13079	0.0484082	-0.184003	-0.0593857	-0.0594216	-0.0616911	-0.173938	-0.00986944	-0.0656695	-0.0650599	-0.0641711	0.0448191	-0.140735	-0.00685594	-0.00128496	-0.0587964	-0.0114672	-0.0698849	-0.00560521	0.0107319	
0.0627112	0.137798	0.049737	-0.19333	-0.0594522	-0.0587354	-0.0593317	-0.188873	-0.0115802	-0.0657261	-0.0655683	-0.0638238	0.0827055	-0.137791	-0.0231205	-0.00166141	-0.0427296	-0.0197475	-0.0355179	0.0263312	
0.0674774	0.139019	0.0455394	-0.192098	-0.0588945	-0.0574215	-0.0546171	-0.18598	-0.0160443	-0.0642579	-0.0653825	-0.0626179	0.0868363	-0.144648	-0.00233489	-0.00270143	-0.0624819	0.000468667	-0.0016847	0.0112539	-0.0262114	
0.0626182	0.139019	0.0439948	-0.192869	-0.058534	-0.0570348	-0.0552023	-0.181058	-0.0159743	-0.063847	-0.0626123	-0.063553	0.0660691	-0.151637	-0.0211941	-0.00210114	-0.0436227	-0.0101488	0.0032948	-0.00694515	0.0388113	
0.0681601	0.147951	0.0416574	-0.203974	-0.0577746	-0.0561978	-0.0529086	-0.199919	-0.0163517	-0.061843	-0.0608377	-0.062485	0.0377426	-0.158745	-0.0131662	-0.00097095	-0.0503372	-0.000329344	-0.0310641	0.00958273	0	
0.0754401	0.147951	0.0416574	-0.19935	-0.055166	-0.0570557	-0.0551553	-0.188742	-0.0173302	-0.0621678	-0.062205	-0.063099	0.0447231	-0.152047	-0.0199889	-0.000968548	-0.0431416	-0.00142617	-0.0540789	0.000487559	-0.0408158	
0.0691301	0.147554	0.0430295	-0.198225	-0.0567447	-0.0555985	-0.0553227	-0.196497	-0.0118411	-0.0611202	-0.0609104	-0.0616629	0.0343505	-0.139513	-0.0117378	-0.00105526	-0.0498032	3.26137e-05	-0.0624866	-0.00660974	-0.019706	0.00987206	
0.0687047	0.150842	0.0475227	-0.201938	-0.0571509	-0.0560238	-0.0554781	-0.202177	-0.00948773	-0.0607897	-0.0607973	-0.0624098	0.0532902	-0.173018	-0.0154819	-0.00063042	-0.0467728	-0.0139724	-0.0663936	0.0127487	0.0224299	
0.0652277	0.156331	0.0442271	-0.209459	-0.0576045	-0.0563561	-0.0496046	-0.196552	-0.0148041	-0.0621401	-0.0618636	-0.0630309	0.127974	-0.16548	-0.011966	-0.000735576	-0.0504266	-0.0153533	-0.0968959	0.0290255	
0.0652277	0.165752	0.0411442	-0.217466	-0.0558244	-0.0556544	-0.0530734	-0.203202	-0.0144392	-0.0620861	-0.0616256	-0.0615753	0.0750591	-0.175331	-0.0136318	-0.00246535	-0.048257	-0.00724905	-0.0952315	-0.00144518	
0.0638565	0.140101	0.0433193	-0.195149	-0.0594819	-0.0570963	-0.0550422	-0.188948	-0.0153423	-0.0627812	-0.0639226	-0.0633839	0.0957877	-0.134132	-0.014458	-0.000604922	-0.0492575	-0.00818607	-0.0935615	0.0238137	
0.0800902	0.160382	0.041522	-0.210201	-0.0550417	-0.0558766	-0.0560726	-0.204347	-0.0153684	-0.05911	-0.0591845	-0.0617749	0.0523163	-0.147707	-0.0118898	-7.43262e-05	-0.0498951	-0.00899996	-0.0833891	0.0148054	
0.0847171	0.155857	0.0462487	-0.206217	-0.0564034	-0.0556167	-0.0491007	-0.201589	-0.00958535	-0.0599761	-0.0605944	-0.0616854	0.0564619	-0.141735	-0.0184641	0.000655113	-0.0429565	-0.0125149	-0.0596706	-0.00580537	
0.0716116	0.135556	0.0465987	-0.184268	-0.0555457	-0.0534793	-0.0552648	-0.170277	-0.0085713	-0.0593912	-0.0603276	-0.0614917	0.0855206	-0.134555	-0.0244278	-0.00247273	-0.0375382	-0.016665	-0.0606366	-0.0144897	-0.0381116	-0.11724	-0.00481757	-0.0123555	
0.0759537	0.151886	0.0457739	-0.202586	-0.0566902	-0.0560143	-0.0546696	-0.180966	-0.012245	-0.0608288	-0.0600157	-0.0620374	0.130477	-0.154576	-0.0246867	-0.000291048	-0.0369598	-0.0194651	-0.0501655	0.0348275	
0.0810282	0.155119	0.0375277	-0.205586	-0.0555326	-0.0549337	-0.0546696	-0.196797	-0.0198409	-0.0609665	-0.060868	-0.0610325	0.136188	-0.133725	-0.0149446	-0.000870098	-0.0460642	-0.0147849	-0.0526653	0.0411025	
0.0731186	0.150443	0.0423188	-0.201175	-0.0589313	-0.0580879	-0.0542045	-0.185254	-0.0164311	-0.0636664	-0.0640178	-0.0647683	0.107382	-0.145685	0.0079677	0.00153528	-0.0719411	-0.0184297	-0.0687078	0.0109035	-0.00701884	
0.0613073	0.15707	0.0410675	-0.212006	-0.0579259	-0.0583366	-0.05899	-0.176773	-0.0188138	-0.0631719	-0.0630746	-0.0651435	0.09634	-0.134783	-0.0198508	-0.000333068	-0.0439329	-0.0115801	-0.0647846	0.0169428	
0.0671705	0.156182	0.0425212	-0.21119	-0.0589581	-0.0584653	-0.0552688	-0.195263	-0.0180567	-0.0643558	-0.0649031	-0.0650725	0.134912	-0.168845	-0.0126631	-0.000663029	-0.0520689	-0.0252943	-0.0936056	0.0317237	
0.0576259	0.15663	0.0446045	-0.21087	-0.058424	-0.058697	-0.0563252	-0.195812	-0.0162061	-0.0643446	-0.0638509	-0.0649883	0.157747	-0.163958	-0.00622382	-0.00112039	-0.0580005	-0.00890523	-0.112148	0.0361778	0	
0.0550955	0.153038	0.0462066	-0.207278	-0.0593303	-0.0573235	-0.0561693	-0.191664	-0.0126689	-0.0631458	-0.0626418	-0.0649883	0.0859818	-0.17238	-0.0234122	-0.000774257	-0.0405218	-0.00479298	-0.0860633	-0.00126955	-0.00449858	
0.0747658	0.180612	0.0447564	-0.234874	-0.0590502	-0.0578203	-0.0510822	-0.221123	-0.0114675	-0.061807	-0.062636	-0.062786	0.101921	-0.187111	-0.0230938	0.000845117	-0.0396116	0.00333931	-0.150535	-0.00123246	-0.0138942	-0.00320487	
0.0712507	0.152883	0.0496167	-0.204709	-0.0581431	-0.0573178	-0.0507064	-0.181465	-0.0106153	-0.0620131	-0.0634366	-0.0634878	0.106236	-0.148743	-0.0141592	-0.00191928	-0.048253	-0.0127493	-0.102807	0.000281944	
0.0614868	0.152883	0.0373241	-0.205855	-0.0583688	-0.0573178	-0.0551465	-0.152999	-0.0210127	-0.0613847	-0.0620639	-0.064052	0.0774789	-0.142493	-0.0128899	-4.88422e-05	-0.0500213	-0.0147789	-0.0877388	0.0104486	0.056011	
0.0614868	0.166178	0.0426603	-0.218738	-0.0573698	-0.0564798	-0.0532462	-0.180676	-0.015923	-0.0600195	-0.0629481	-0.0624177	0.0736936	-0.178575	-0.0226249	-0.00151808	-0.0400754	-0.0063926	-0.110605	-0.00604595	0.0189726	0.065829	
0.0727643	0.160033	0.0428829	-0.216055	-0.0578183	-0.0564798	-0.0580367	-0.166549	-0.017491	-0.0625358	-0.0635799	-0.063672	0.0768475	-0.168091	-0.0126745	-0.000551061	-0.0497885	-0.0021321	-0.106103	0.000729685	-0.041174	0	
0.0579101	0.147864	0.0400415	-0.203642	-0.0579788	-0.0564798	-0.0545711	-0.123864	-0.0194491	-0.0622498	-0.063094	-0.0638421	0.0849163	-0.150667	-0.0190168	-0.000551061	-0.0433359	-0.00271224	-0.087854	0.0146579	0.00794565	
0.0560682	0.154242	0.043135	-0.207462	-0.0584409	-0.0579622	-0.0521922	-0.127625	-0.0132707	-0.0621688	-0.063028	-0.0627134	0.0886349	-0.156355	0.00405386	-0.00075649	-0.066598	0.00355525	-0.122331	0.0275148	
0.0771933	0.152708	0.0425596	-0.205661	-0.0573739	-0.0578603	-0.0577806	-0.161001	-0.015937	-0.0599966	-0.0640341	-0.0635199	0.0712327	-0.165463	-0.0240217	0.000894904	-0.0388116	-0.0027622	-0.113607	0.0136483	0.0151453	
0.0771933	0.132611	0.0320196	-0.188758	-0.0582141	-0.056273	-0.0555789	-0.148058	-0.0264769	-0.0602736	-0.06334	-0.0629566	0.0760096	-0.118289	-0.0169684	-0.000892102	-0.045796	-0.00465133	-0.071925	0.0282189	
0.0773221	0.139395	0.0360487	-0.193797	-0.0573747	-0.0574166	-0.0558078	-0.150696	-0.0202548	-0.0614261	-0.0638762	-0.0623507	0.108115	-0.143606	-0.0159949	-0.000748556	-0.046392	0.00610586	-0.0890689	0.0026252	-0.0490792	0.0542092	0.00488299	-0.0023825	
0.062678	0.143068	0.0468403	-0.200693	-0.059497	-0.0599817	-0.0608348	-0.140128	-0.0128722	-0.0639052	-0.0650212	-0.0645773	0.0755194	-0.159129	-0.0210735	0.000152667	-0.0433548	-0.00936646	-0.110083	0.0137436	-0.00123182	-0.0618781	-0.0341849	0	0	
0.062678	0.143068	0.0382685	-0.202512	-0.0593305	-0.0572848	-0.0576658	-0.150788	-0.0194285	-0.0650671	-0.0669849	-0.0646658	0.0780235	-0.161051	-0.0184818	-0.00254766	-0.0465974	0.00471537	-0.104633	0.0136397	0.00739828	0.071069	
0.062678	0.143068	0.0448386	-0.199131	-0.0596344	-0.0594522	-0.0559166	-0.147685	-0.0143897	-0.0645052	-0.0672716	-0.0655338	0.0632399	-0.140301	-0.0249997	-0.000380251	-0.0405073	-0.00660217	-0.104633	0.0240677	-0.0150378	
0.0641558	0.160966	0.0456759	-0.213852	-0.0574611	-0.0579744	-0.0523447	-0.157153	-0.0105864	-0.0622153	-0.0652104	-0.0624047	0.115107	-0.185394	-0.0147227	0.00135436	-0.0483087	0.00343481	-0.132495	0.0126608	-0.0130858	0.00983328	-0.056715	
0.0666638	0.158588	0.0479265	-0.214581	-0.0580027	-0.0577393	-0.0476753	-0.111525	-0.00705046	-0.0617771	-0.0641619	-0.0637509	0.0928578	-0.177441	-0.0332089	-0.00179494	-0.03037	0.00650592	-0.131903	0.00686867	-0.0119222	0.000889282	0.00347881	0.0124323	
0.0666638	0.149021	0.0518795	-0.205843	-0.0598621	-0.0586472	-0.0438787	-0.0961095	-0.00653358	-0.063245	-0.0647155	-0.0647813	0.063992	-0.159861	-0.0197093	0.00162053	-0.0435214	-0.000118319	-0.0803491	0.00915676	-0.00138341	-0.02565	
0.054572	0.147979	0.0515333	-0.205275	-0.059704	-0.0586414	-0.0483554	-0.174725	-0.00789383	-0.0637246	-0.066692	-0.0655789	0.0899415	-0.153475	-0.0182126	-0.000295704	-0.0469715	-0.00665864	-0.0751388	0.0120904	-0.00172661	
0.0554608	0.144586	0.0387615	-0.199963	-0.0599419	-0.0585299	-0.0500203	-0.146507	-0.0177799	-0.0628158	-0.0638032	-0.0649386	0.122535	-0.14961	-0.0150031	0.00201474	-0.0481625	-0.00806326	-0.12564	0.0185495	-0.00273239	
0.0518396	0.143215	0.0475692	-0.201185	-0.0600536	-0.0604707	-0.049319	-0.128841	-0.0136067	-0.0639127	-0.0665314	-0.0663059	0.0587713	-0.159507	-0.0168674	0.00129378	-0.0482306	-0.0058493	-0.12564	0.0187337	-0.0174339	0	
0.0503282	0.12454	0.0460075	-0.180911	-0.0581336	-0.0581989	-0.0528964	-0.152958	-0.0115685	-0.0624351	-0.064531	-0.0648169	0.0746198	-0.134304	-0.0143128	0.00165803	-0.0488853	0.000562603	-0.0538858	0.0188055	-0.0164296	0.0565408	
0.0645093	0.129428	0.0491677	-0.186117	-0.0585831	-0.0579911	-0.0383232	-0.145036	-0.00997962	-0.0613093	-0.0648295	-0.0641117	0.166521	-0.130129	-0.0201701	-0.000408685	-0.0429873	-0.00954184	-0.118913	0.0188055	0.0024631	
0.0462862	0.13364	0.037783	-0.189687	-0.059147	-0.0579911	-0.0484055	-0.137164	-0.0203772	-0.0623736	-0.0636492	-0.0644114	0.120534	-0.138411	-0.0101573	-2.35907e-05	-0.052834	-0.0067859	-0.0961456	0.0188055	0.00397316	
0.0651746	0.13322	0.0451152	-0.189832	-0.059168	-0.057422	-0.0532753	-0.158131	-0.0120845	-0.0619351	-0.0646414	-0.0651493	0.0728909	-0.153205	-0.0118843	-0.00147266	-0.0522489	0.00558548	-0.0760521	0.0193443	-0.0029036	-0.000217051	0.0038075	
0.0506624	0.14547	0.0408415	-0.19895	-0.056146	-0.0567486	-0.0519612	-0.168168	-0.018086	-0.0618498	-0.0642368	-0.0639192	0.110037	-0.143052	-0.00896875	-0.00176358	-0.0540108	0.00959729	-0.115686	0.0365267	0.000105792	
0.0631358	0.145462	0.0455713	-0.20066	-0.0591837	-0.0569755	-0.0452303	-0.192583	-0.0118428	-0.0635824	-0.065979	-0.0654768	0.0843813	-0.162518	-0.0143025	-0.00279591	-0.0503705	-0.00830351	-0.0800906	0.0304158	0.0070166	
0.0632994	0.152357	0.0354497	-0.206753	-0.0608432	-0.0582898	-0.0541213	-0.198155	-0.0231396	-0.0639278	-0.0657292	-0.065149	0.0727662	-0.177485	-0.0168399	0.000779813	-0.0482182	-0.00616132	-0.0690394	0.0161278	0.00432183	
0.067992	0.151264	0.0359511	-0.208601	-0.0614337	-0.0588208	-0.0515989	-0.178794	-0.0230405	-0.062836	-0.0667945	-0.0673737	0.0619491	-0.146465	-0.0104871	-0.000570485	-0.0554205	-0.00346779	-0.0913314	0.0192581	0.00679425	0.0226222	
0.0693917	0.155915	0.0393782	-0.207687	-0.0555899	-0.0550363	-0.0471922	-0.188774	-0.0176295	-0.0585994	-0.0628725	-0.0626256	0.0589659	-0.157272	-0.018226	-0.000101664	-0.0430639	-0.00193067	-0.084139	0.0330214	0.00218813	0.0402603	
0.0575067	0.158744	0.042301	-0.212046	-0.0567929	-0.0574167	-0.0503944	-0.1938	-0.0138794	-0.0607193	-0.0619008	-0.0619459	0.107822	-0.161174	-0.0149874	0.00104964	-0.0470743	-0.00353556	-0.0768422	0.0172193	-0.0224414	
0.0631267	0.155724	0.0453905	-0.211774	-0.0603589	-0.0584347	-0.0376398	-0.200128	-0.0131581	-0.0626257	-0.065903	-0.0652778	0.0789578	-0.170707	-0.0184645	0.0006287	-0.0456414	-0.0107734	-0.0972117	0.0100407	
0.0635021	0.1561	0.0408784	-0.209505	-0.059905	-0.0591106	-0.0431844	-0.198166	-0.017251	-0.0630328	-0.0654431	-0.0646213	0.0493385	-0.166921	-0.0289908	0.00168	-0.0345986	-0.0126509	-0.107244	0.01334	
0.0635021	0.1561	0.038999	-0.209482	-0.0581927	-0.0580647	-0.0513623	-0.198926	-0.017768	-0.0616664	-0.0650866	-0.064936	0.0696858	-0.175754	-0.0176801	-0.000386847	-0.0463152	-0.0100105	-0.0737716	0.0103104	
0.0617165	0.132789	0.0438331	-0.191193	-0.0594981	-0.0609915	-0.0484525	-0.177558	-0.0147104	-0.0636089	-0.0662128	-0.065172	0.102616	-0.152551	-0.00588791	0.00215785	-0.0596763	-0.00957713	-0.089258	0.0232273	
0.0611931	0.146949	0.0470775	-0.203825	-0.0602913	-0.061825	-0.0529805	-0.196047	-0.0127122	-0.0661578	-0.0683122	-0.0671868	0.0645791	-0.155461	-0.0189438	0.00194156	-0.0473486	-0.0142497	-0.0830561	0.0231747	0	
0.0621497	0.147906	0.0434531	-0.206296	-0.0615149	-0.0586529	-0.0491901	-0.192644	-0.016609	-0.0638871	-0.0666924	-0.066621	0.0755163	-0.17075	-0.0203458	0.000432659	-0.0449901	-0.0220732	-0.0489714	0.0188875	0.0494547	
0.0627577	0.148514	0.0421588	-0.203585	-0.0599875	-0.0586459	-0.0528541	-0.181738	-0.0175102	-0.0628574	-0.0667904	-0.0660285	0.0762176	-0.16229	-0.0101779	-0.00119273	-0.0541245	-0.0198728	-0.080665	0.0154082	
0.0659892	0.164958	0.043216	-0.222774	-0.0596522	-0.0590864	-0.0487062	-0.198151	-0.0174569	-0.0628804	-0.0666154	-0.0660359	0.0557296	-0.195139	-0.0150831	0.000443951	-0.0493998	-0.0111811	-0.107495	0.0205539	-0.0226881	
0.0636982	0.164958	0.0487183	-0.219765	-0.0594615	-0.0590523	-0.0557504	-0.208846	-0.00933539	-0.0634445	-0.0667812	-0.065324	0.108156	-0.177272	-0.0206369	0.00101657	-0.0438642	-0.0067188	-0.10556	0.0162305	0	-0.0498758	0	-0.113323	
0.0617366	0.151619	0.0483795	-0.208168	-0.0587719	-0.059565	-0.053146	-0.19957	-0.0127364	-0.0630627	-0.0664461	-0.0654695	0.067784	-0.15477	-0.00954918	0.00078316	-0.0556074	0.00400866	-0.103648	0.0279082	-0.145223	
0.0606988	0.151797	0.0464466	-0.20888	-0.0601947	-0.0587414	-0.0609554	-0.192208	-0.0145274	-0.0618089	-0.0655895	-0.0653377	0.11075	-0.171448	-0.00938224	-0.0015136	-0.0553516	-0.00938441	-0.0964115	0.0225486	0.0607614	0	
0.0645964	0.147048	0.0387889	-0.201934	-0.0593755	-0.0589877	-0.0593021	-0.18392	-0.0206614	-0.0624884	-0.0655127	-0.0656043	0.0829198	-0.177924	0	0.00198332	-0.0470132	-0.00593717	-0.0942227	0.027985	-0.0170802	0	
0.0643992	0.159473	0.0418946	-0.0149083	-0.0589825	-0.0587231	-0.0556651	-0.202187	-0.0175379	-0.0634655	-0.0664446	-0.0652732	0.0785301	-0.178519	-0.216505	-0.000911632	-0.0499975	-0.00613436	-0.0953001	0.0141361	
0.0599656	0.159473	0.0466187	-0.022074	-0.0589825	-0.0600832	-0.0563296	-0.207418	-0.0139528	-0.0634558	-0.0668096	-0.065626	0.130693	-0.179728	-0.214194	0.00102079	-0.0430149	-0.00613436	-0.102503	0.0152252	
0.0608868	0.16422	0.0483988	-0.00600955	-0.0584272	-0.0571055	-0.0541665	-0.205211	-0.00842435	-0.0610643	-0.0647776	-0.0624781	0.0371691	-0.182794	-0.218478	8.01073e-05	-0.0553302	-0.0121748	-0.0505486	0.0214118	-0.0339341	0.0237963	0	
0.0666785	0.163024	0.0478725	-0.0177299	-0.0590878	-0.0587775	-0.0572151	-0.19918	-0.0131888	-0.0622366	-0.0664545	-0.0654491	0.0685849	-0.189844	-0.218595	-0.000320313	-0.0465339	0.00205487	-0.102737	0.0257652	-0.0086409	
0.0591939	0.16296	0.0462853	0.00136779	-0.0601314	-0.0582287	-0.0518909	-0.205578	-0.0122465	-0.0640799	-0.0658166	-0.0658319	0.124923	-0.181413	-0.21814	-0.00184938	-0.0659945	0.000583914	-0.0745887	0.0260061	-0.0182232	
0.0553188	0.144783	0.0448095	-0.000739113	-0.0611415	-0.0603465	-0.059327	-0.184919	-0.0144745	-0.0648101	-0.0678573	-0.0664979	0.0481371	-0.159572	-0.19825	-0.000938635	-0.0653288	-0.0100007	-0.0537485	0.000943525	-0.0362483	0.00383251	0	
0.0692164	0.160467	0.041415	-0.00746509	-0.0597386	-0.0610685	-0.0521891	-0.196459	-0.0205191	-0.0639809	-0.0675219	-0.0660626	0.087678	-0.180022	-0.219513	-0.0011686	-0.0588644	-0.00392307	-0.0914318	0.00526646	-0.0523174	0.0188656	-0.00557301	
0.0533854	0.16021	0.044674	0.00238853	-0.0612088	-0.0600073	-0.0621948	-0.183468	-0.0190583	-0.0651627	-0.0684153	-0.0676732	0.151094	-0.176879	-0.218947	0.000320314	-0.068975	-0.0155813	-0.103626	0.0160801	-0.0469143	0.0291464	-0.00888557	
0.0530262	0.159851	0.049638	0.00543543	-0.0620595	-0.0623076	-0.0626922	-0.204123	-0.0150165	-0.0644466	-0.0691173	-0.0669699	0.0867908	-0.172813	-0.219498	0.000502528	-0.0721812	-0.00193015	-0.0913062	0.00929059	-0.0113797	
0.0546806	0.159238	0.0455513	-0.00924237	-0.0642548	-0.0591763	-0.0596362	-0.200026	-0.0163332	-0.0645468	-0.0683109	-0.066738	0.0755581	-0.178784	-0.219484	-0.00326795	-0.0574885	-0.00681037	-0.109506	0.0190875	
0.0683661	0.149818	0.0464579	-0.00661088	-0.06098	-0.0598304	-0.0615761	-0.196721	-0.0184005	-0.0659978	-0.068047	-0.0683085	0.0649889	-0.154576	-0.209313	-0.000462584	-0.0603544	-0.0172861	-0.0753475	0.0218967	
0.0655865	0.131439	0.0429784	0.00788016	-0.0623087	-0.0623783	-0.0573558	-0.174587	-0.0196017	-0.0650443	-0.0685025	-0.0674944	0.08689	-0.150738	-0.192289	0.00113724	-0.073953	-0.0209832	-0.0906017	0.0158606	-0.0619598	
0.0525763	0.141293	0.0369968	-0.0157875	-0.0622334	-0.0589097	-0.0583855	-0.190486	-0.0232205	-0.0628528	-0.0670842	-0.066765	0.0710397	-0.158176	-0.201329	-0.00137236	-0.0495868	-0.011717	-0.0760721	0.0240826	-0.0409894	0	
0.0696111	0.14989	0.0453324	0.00725076	-0.0635153	-0.0607032	-0.0564272	-0.204177	-0.01527	-0.0665387	-0.0694976	-0.0673588	0.0563431	-0.182851	-0.208397	-0.00117717	-0.074058	-0.0245135	-0.0725346	0.00690224	-0.0764751	-0.0396612	
0.0565284	0.1508	0.0453518	-0.0205047	-0.06188	-0.0597934	-0.0564741	-0.192196	-0.0156554	-0.0656878	-0.0679245	-0.0656003	0.0564245	-0.182079	-0.211405	-0.00155651	-0.045493	-0.00340316	-0.0712761	0.00484354	-0.0335704	
0.0560092	0.150281	0.0458709	-0.0101502	-0.0622804	-0.0607458	-0.059928	-0.19442	-0.0171517	-0.0650949	-0.0683133	-0.0672785	0.124631	-0.178286	-0.20802	-0.000695377	-0.0562678	-0.0150456	-0.0615908	0.0186942	-0.10117	
0.0568276	0.151099	0.0475808	-0.00979191	-0.0614475	-0.0605009	-0.0537842	-0.172994	-0.0130316	-0.0644751	-0.0681444	-0.0664368	0.0812612	-0.174098	-0.20793	0.000193969	-0.0553981	-0.0200549	-0.0966605	0.00870991	-0.0628333	
0.0568762	0.129899	0.0553924	-0.0172912	-0.0608147	-0.0606443	-0.0606692	-0.182346	-0.00768173	-0.0644213	-0.0675183	-0.0668696	0.0617119	-0.158508	-0.188518	-0.00113879	-0.0484449	-0.0205882	-0.0870165	0.00915152	-0.0526667	
0.0601328	0.140682	0.0380858	-0.0203259	-0.0620935	-0.0605495	-0.059235	-0.19151	-0.0245528	-0.0652257	-0.0678642	-0.0661164	0.103936	-0.160627	-0.20047	0.000824483	-0.0444061	-0.00299729	-0.08203	0.0177485	
0.0646452	0.139493	0.0473588	-0.0155124	-0.060958	-0.0605495	-0.0529509	-0.184045	-0.0168775	-0.0649458	-0.0681146	-0.066449	0.0819991	-0.171374	-0.197601	0.00061816	-0.0500283	-0.0213767	-0.100882	0.000327172	
0.0646452	0.139493	0.048919	-0.000874356	-0.062038	-0.0586331	-0.058069	-0.181268	-0.00996633	-0.0648676	-0.0673613	-0.0662737	0.0826579	-0.157476	-0.196375	-0.00259527	-0.0640843	-0.0188663	-0.0897343	0.0127388	0.0949029	
0.0681128	0.14439	0.0455084	-0.0268893	-0.0615832	-0.0608489	-0.0500327	-0.190178	-0.0162319	-0.065656	-0.0671764	-0.0669885	0.0438475	-0.166857	-0.205995	0.000980117	-0.0390669	-0.0177156	-0.09499	0.00830386	-0.000357964	
0.0669435	0.142591	0.0348413	-0.0327894	-0.0677175	-0.0607606	-0.0580441	-0.186636	-0.0263173	-0.0657237	-0.0742578	-0.0669874	0.0683777	-0.168637	-0.200861	0.000401593	-0.0323738	-0.0211263	-0.114388	0.0233036	0.00625571	
0.0598862	0.15184	0.0420974	-0.0181254	-0.0689486	-0.0607702	-0.0594135	-0.202121	-0.0167809	-0.0656562	-0.0744699	-0.0666658	0.0439922	-0.165271	-0.211106	0.00155195	-0.0470577	-0.0108996	-0.112815	0.00550302	0.00625571	
0.0723622	0.134016	0.0462476	-0.012873	-0.0612544	-0.0605404	-0.0604618	-0.186643	-0.014291	-0.0646098	-0.0669853	-0.0672391	0.0736652	-0.164315	-0.193282	-0.000654858	-0.053527	-0.0184103	-0.00865404	0.0143224	-0.000721546	-0.0262852	0	0.106701	
0.0582386	0.134016	0.0345185	-0.017742	-0.0690989	-0.0603681	-0.0593745	-0.180322	-0.0256684	-0.0648261	-0.0760805	-0.0669436	0.0783925	-0.161539	-0.192696	-0.00065935	-0.047932	-0.0126592	-0.083588	0.00980689	0.00807952	-0.00415522	
0.0760237	0.140355	0.0449367	-0.0117887	-0.0634977	-0.0605785	-0.0592843	-0.176337	-0.0130065	-0.0660127	-0.0709117	-0.0659177	0.0398929	-0.153323	-0.197329	3.18568e-05	-0.0546057	-0.0126592	-0.0390493	0.0134707	0.0032434	-0.0273645	
0.0699313	0.142692	0.0450802	-0.00933811	-0.0620473	-0.058009	-0.059755	-0.186418	-0.0140473	-0.0656469	-0.0673079	-0.0651249	0.0923356	-0.153628	-0.201442	-0.00316386	-0.0563534	-0.0105798	-0.107416	0.00582809	0.0069588	0.0229803	-0.00811121	-0.0886133	-0.0127434	0	
0.0697836	0.140199	0.0463377	-0.00540622	-0.0613056	-0.0608839	-0.0591659	-0.192399	-0.0129473	-0.0648309	-0.0677724	-0.0662893	0.106149	-0.167919	-0.197589	-0.000661151	-0.0601355	-0.0100645	-0.122433	0.00358218	0.0108911	0.0966938	0.0285688	
0.0713941	0.141809	0.0433353	-0.0066512	-0.0582606	-0.0577416	-0.0561837	-0.183617	-0.015018	-0.0627527	-0.0654664	-0.0634255	0.0970314	-0.139293	-0.198621	-0.000404333	-0.0571955	-0.0198473	-0.073327	0.00863292	0.0029925	-0.0500598	
0.0735358	0.142583	0.0375901	-0.0208133	-0.0581722	-0.0571806	-0.0560401	-0.179592	-0.0219585	-0.0629034	-0.0647669	-0.0638771	0.0466003	-0.135192	-0.198621	0.000846402	-0.0423828	-0.0122758	-0.0929864	-0.00690641	0.0147729	0.00762128	0	
0.0672993	0.142583	0.0432919	-0.0277634	-0.0588976	-0.0575085	-0.056823	-0.190122	-0.0121766	-0.0624669	-0.0651732	-0.0636741	0.0641188	-0.15363	-0.195304	-0.00131139	-0.035021	-0.0107447	-0.109451	0.00570704	0.0189855	-0.0272971	
0.0645915	0.13833	0.0471613	-0.0123467	-0.0631507	-0.0607857	-0.0582017	-0.176598	-0.013684	-0.0672926	-0.0696056	-0.0678401	0.0735469	-0.16613	-0.1945	-0.00108887	-0.0549671	-0.0252173	-0.107279	0.00172928	0.000912785	-0.0390718	-0.00185095	-0.0265949	-0.0282312	0.015515	
0.0681714	0.145256	0.0444085	0.00121899	-0.0626688	-0.0618253	-0.0630218	-0.18966	-0.0203742	-0.0666074	-0.0698267	-0.0671567	0.0960179	-0.17821	-0.206179	0.00141379	-0.0687761	-0.0187446	-0.114766	-0.000139433	0.00361154	-0.0183243	0	-0.00468052	
0.0688737	0.165315	0.0343025	-0.0170895	-0.0620876	-0.0624817	-0.0631182	-0.212149	-0.0278657	-0.0651989	-0.0693656	-0.0668412	0.171471	-0.183375	-0.223561	0.00178285	-0.0498865	-0.00978909	-0.10597	-0.00419578	0.00419271	-0.0363074	0	
0.0370886	0.126995	0.0477545	-0.0212489	-0.0623512	-0.0610628	-0.0581182	-0.160053	-0.0160741	-0.0666421	-0.0687221	-0.0668736	0.0558969	-0.141403	-0.183186	-0.000342409	-0.0455401	-0.0235758	-0.0860339	0.00933007	0.00150476	
0.05972	0.142029	0.0415864	-0.0033007	-0.0632736	-0.060851	-0.0586266	-0.17786	-0.0180663	-0.0666421	-0.0689158	-0.0673843	0.0975544	-0.159553	-0.200623	-0.00103858	-0.0635069	-0.0246185	-0.104568	0.00621129	0.00754997	-0.0116311	-0.0148301	
0.0646879	0.142029	0.0391418	-0.0162095	-0.0614092	-0.0625727	-0.0581963	-0.182873	-0.02502	-0.0666067	-0.0688097	-0.0671275	0.0707731	-0.14674	-0.196524	0.000354972	-0.0503877	-0.0035718	-0.112449	0.00445993	0.0023012	-0.0156639	0	
0.0646879	0.142029	0.0393959	-0.0205785	-0.0622248	-0.06149	-0.0507349	-0.18603	-0.0238386	-0.0648502	-0.0690722	-0.065705	0.0440371	-0.170432	-0.197621	-0.00108764	-0.04663	-0.0228886	-0.0842825	0.00445993	0.00867629	0.00574944	0	
0.0665537	0.143895	0.0391429	-0.0130505	-0.0609952	-0.0596242	-0.0523862	-0.195736	-0.0218079	-0.0621737	-0.0673006	-0.0652219	0.0398941	-0.173934	-0.200222	-0.000722868	-0.0517958	-0.0113017	-0.0917185	-0.00306979	0.0154492	-0.0340939	-0.0148521	
0.0621694	0.148319	0.0427017	-0.0101539	-0.0568855	-0.0561887	-0.0573795	-0.184315	-0.0146211	-0.0623688	-0.06317	-0.0608549	0.0781865	-0.167423	-0.199962	-0.000532164	-0.0522303	-0.00400181	-0.113774	0.00317336	0.0063932	-0.00385919	0	
0.0729681	0.156822	0.0462101	-0.0124267	-0.0589215	-0.0570295	-0.0549264	-0.2029	-0.0121391	-0.0617843	-0.0654382	-0.0629624	0.0722165	-0.190287	-0.21062	-0.00132827	-0.0508577	-0.0128824	-0.121099	0.00619582	0.00555232	
0.067317	0.155853	0.0498576	-0.0137926	-0.062452	-0.0618415	-0.0604993	-0.208887	-0.0107331	-0.0657144	-0.0692861	-0.0667852	0.148113	-0.183039	-0.214444	-5.30897e-05	-0.053781	-0.0169317	-0.116554	0.00862591	0.00680044	
0.0598215	0.141814	0.0492017	-0.0147951	-0.0623741	-0.062332	-0.0590739	-0.194438	-0.0151722	-0.065552	-0.0698966	-0.0672915	0.0800468	-0.169475	-0.202437	-0.000611831	-0.0531983	-0.00836676	-0.0862608	-0.00167263	0.00263896	0.00757978	0	
0.070625	0.132395	0.0406509	-0.0232734	-0.0622587	-0.061811	-0.0635299	-0.186165	-0.0217986	-0.0624916	-0.0693475	-0.0682906	0.0773382	-0.163659	-0.190376	-0.000979583	-0.0434316	-0.0272466	-0.0578464	0.00859954	0.00263896	
0.0867141	0.132395	0.0450142	-0.00861492	-0.0622864	-0.0622702	-0.0634178	-0.176121	-0.0178814	-0.0639126	-0.0684044	-0.0646559	0.117939	-0.142476	-0.193097	-0.00113813	-0.0584154	-0.00124	-0.0698775	0.00783179	0.00275153	0.000622606	0	-0.000536373	
0.0668496	0.14504	0.049223	-0.015174	-0.0631712	-0.0607542	-0.059542	-0.193656	-0.0133461	-0.0653771	-0.069166	-0.0678976	0.0747813	-0.168762	-0.204475	-0.00253562	-0.0518563	-0.0106488	-0.0929648	-0.00319261	0.01833	-0.0318615	0.0117709	
0.0661265	0.144317	0.0484887	-0.0211095	-0.0632414	-0.0621378	-0.0647665	-0.17729	-0.0161922	-0.0671895	-0.0707064	-0.0679002	0.100062	-0.162338	-0.204425	-0.000607173	-0.0471518	-0.0134464	-0.0381425	0.00907428	0.00692366	0	
0.0586057	0.148945	0.0446523	-0.0269343	-0.0649224	-0.0624011	-0.0590677	-0.197228	-0.0205574	-0.0673916	-0.0690665	-0.0676808	0.130507	-0.16598	-0.209411	0.000444277	-0.0408534	-0.00610157	-0.0863267	0.00907428	0.00254236	
0.0735063	0.158792	0.036562	0.0015762	-0.0605298	-0.0575732	-0.0558565	-0.174915	-0.0229098	-0.0612686	-0.065706	-0.0631133	0.116241	-0.161098	-0.215754	-0.00200585	-0.0651102	0.00140396	-0.0835049	0.0122391	0.0156216	0	
0.07267	0.158721	0.0450133	0.000923724	-0.0600411	-0.0590909	-0.0561669	-0.195538	-0.0171972	-0.062695	-0.0659468	-0.0649491	0.13274	-0.173122	-0.216025	0.000529967	-0.0644316	-0.0150704	-0.0682448	0.0101917	0.0177009	-0.0213358	
0.07267	0.128398	0.0395736	-0.00781672	-0.0610997	-0.0590311	-0.053695	-0.16446	-0.0213758	-0.0629963	-0.0666736	-0.06457	0.14028	-0.131597	-0.185528	0.000709168	-0.0564187	0.00443341	-0.0517527	0.00175879	0.0181124	-0.0023582	0.00364465	
0.0556819	0.145037	0.0416799	0.0154568	-0.0597315	-0.0590311	-0.0568555	-0.17314	-0.0184579	-0.0630099	-0.0662077	-0.0632363	0.0983696	-0.156172	-0.204172	-0.000926269	-0.0782534	-0.0106856	-0.0890338	0.00483488	0.0127263	-0.0282151	-3.89302e-05	0	
0.0722934	0.142227	0.0372295	-0.00627098	-0.0585205	-0.0582284	-0.0573463	-0.18181	-0.0237144	-0.0618216	-0.0658306	-0.0631465	0.117213	-0.153247	-0.199363	-0.00173623	-0.0578856	-0.00674946	-0.114821	0.00440452	0.0127114	0.0540554	
0.0722934	0.146647	0.041279	-0.0155237	-0.06026	-0.0595857	-0.0531553	-0.167912	-0.019987	-0.0620666	-0.0649237	-0.061841	0.108032	-0.163298	-0.202981	0.00011001	-0.0488055	-0.00400751	-0.0285314	0.00458537	0.00456085	-0.00454766	
0.0781416	0.150771	0.0386366	0.00237595	-0.0588644	-0.0595857	-0.0517176	-0.19304	-0.0197495	-0.0622591	-0.0662765	-0.0647024	0.0911293	-0.1564	-0.20515	-0.000744541	-0.0665922	-0.0144649	-0.0900341	0.00601405	0.0112506	0.000259849	0.0232494	
0.0533527	0.124616	0.0295932	0.00315003	-0.0594932	-0.05973	-0.0504465	-0.172866	-0.0298821	-0.0617475	-0.0666133	-0.064473	0.155863	-0.123705	-0.178276	-0.000600255	-0.0670671	-0.00836139	-0.0530792	0.00741353	0.0105474	-0.0128244	0.0554944	0	
0.0817908	0.143447	0.0281876	-0.00798479	-0.0580076	-0.0602049	-0.0596036	-0.188546	-0.032026	-0.0635654	-0.0659841	-0.0644021	0.156917	-0.154723	-0.200234	-0.000125363	-0.0557993	-0.00774171	-0.07922	0.00741353	0.0105474	-0.0272283	
0.0766553	0.143102	0.0423131	-0.0101786	-0.0591671	-0.0592365	-0.0562597	-0.170962	-0.0179579	-0.0626052	-0.0658421	-0.0640321	0.123463	-0.166483	-0.19928	-0.00174119	-0.0540546	-0.0153311	-0.0981565	0.00503443	0.0192782	-0.00651598	
0.0766553	0.140483	0.0426501	-0.00573163	-0.0569173	-0.0593865	-0.0571155	-0.17767	-0.0180586	-0.0628965	-0.0656283	-0.0636974	0.147941	-0.1535	-0.198038	0.000203411	-0.0583447	-0.00114207	-0.102386	-0.00118113	0.0112741	-0.0131267	0	0	
0.0684652	0.143422	0.0455628	-0.00557622	-0.0591591	-0.0596632	-0.057934	-0.192033	-0.0144474	-0.0635181	-0.0665973	-0.0636777	0.101991	-0.15328	-0.199072	-0.00055608	-0.0587661	-0.00335488	-0.0905637	0.000614064	0.0181028	-0.0312109	-0.0528388	
0.074453	0.133497	0.0407208	-0.00153885	-0.0590838	-0.058102	-0.0573802	-0.151565	-0.017827	-0.0618691	-0.0659149	-0.0634451	0.0997254	-0.134844	-0.187226	-0.00135581	-0.062042	-0.00595327	-0.0685623	0.00222251	0.0183641	-0.0121127	0	
0.0775377	0.135974	0.0455766	-0.012038	-0.061022	-0.0609731	-0.0548054	-0.176393	-0.0158687	-0.0646725	-0.0672009	-0.0658786	0.0954813	-0.143938	-0.189706	-0.000238888	-0.0530339	-0.00639034	-0.0590662	0.00361193	0.0172902	-0.0436186	0.0935006	-0.00798974	
0.0596797	0.134411	0.0406347	-0.00328383	-0.0597643	-0.0599925	-0.056632	-0.17845	-0.0203179	-0.0644505	-0.0659701	-0.0662726	0.0678367	-0.155509	-0.190489	-0.00139142	-0.0623906	-0.0115796	-0.0680935	0.00823721	0.00748777	-0.0342796	0.0736896	
0.0828031	0.13181	0.0470482	-0.0191244	-0.0620256	-0.0620981	-0.0588758	-0.178798	-0.0131478	-0.0644053	-0.0668404	-0.0663508	0.100556	-0.134277	-0.188447	0.000775977	-0.046998	-0.00791817	-0.0596326	0.00248554	-0.00168622	-0.031171	-0.0159949	0	-0.023572	
0.0714228	0.141614	0.0426237	0.00443448	-0.06043	-0.0620703	-0.05426	-0.16702	-0.0193552	-0.0642293	-0.0665503	-0.0658636	0.0800601	-0.162857	-0.198708	0.000521967	-0.0701973	-0.00991044	-0.0901053	-0.00349472	0.00860789	-0.0161019	0.0418502	0	-0.0115523	-0.192385	
0.0838077	0.153354	0.0419417	-0.0182453	-0.0600298	-0.0598587	-0.0590823	-0.201215	-0.0205244	-0.0637091	-0.065888	-0.0650042	0.0749875	-0.167883	-0.210512	-0.00145479	-0.0463405	0.00512746	-0.0904584	0.00802144	0.013442	-0.0262138	-0.0110291	
0.0801129	0.153347	0.0390427	0.000844159	-0.0599841	-0.0598658	-0.0574697	-0.202093	-0.0216797	-0.06447	-0.066201	-0.0650087	0.144875	-0.163944	-0.210952	-0.00135035	-0.065894	-0.00354844	-0.0764809	0.00664247	0.0159324	-0.0156862	
0.0735817	0.149658	0.0455224	-0.0189648	-0.0588587	-0.0599849	-0.0555015	-0.188087	-0.0149557	-0.0641135	-0.0662547	-0.065664	0.0553383	-0.15322	-0.208311	-0.000635022	-0.0456176	-0.00525338	-0.11032	0.00457935	0.00281605	-0.0268536	-0.0178955	0.0120899	
0.0804989	0.146992	0.0345635	-0.0103434	-0.0591162	-0.0604895	-0.0559294	-0.184928	-0.0285917	-0.0634826	-0.0662875	-0.0666487	0.0635087	-0.16679	-0.201609	-0.000740246	-0.054418	0.00391847	-0.0879723	0.0142111	0.0180764	-0.0377818	
0.0689859	0.130454	0.0381353	-0.0171979	-0.0591726	-0.059819	-0.0599765	-0.169286	-0.0232942	-0.0623336	-0.0659402	-0.0659066	0.0989764	-0.143652	-0.184992	-0.0017144	-0.0476431	-0.00228629	-0.0567211	0.00386518	0.00493873	-0.0311169	0	
