-0.00382403	0.0123633	0.189501	0.0230602	-0.0002382	-0.02532	0.0474281	0.00292853	0.0175753	0.0315273	0.0401855	0.0278124	0.00439523	0.163089	0.00729743	0.04947	-0.00358663	-0.153093	-0.00415911	0.0317508	0.0240609	0.00993033	0.00325353	0.00080007	0.0178724	-0.0245008	-0.030076	-0.0067266	0.0460739	-0.0338031	0.0094131	0.00744273	-0.018775	0.00114977	0.0335653	0.0456841	0.264188	0.0193514	0.0312515	0.0156592	0.0198049	0.00438583	0.0860715	0.0243291	0.0315091	0.00271993	0.012784	-0.0141508	-0.0269368	0.0345054	0.0041224	-0.0063738	0.111149	0.00868003	-0.022399	-0.0112223	-0.0412312	-0.00107221	0.0209926	0.00366953	0.163484	0.051787	0.0299011	0.0339903	0.00163828	0.017525	0.00693573	-0.00019423	0.0258178	0.0043702	-0.167509	0.00498663	0.072833	-0.038157	0.19425	0.016311	0.0150267	0.0486895	
-0.00382403	-0.00183169	0.179964	0.0232501	-0.00967332	-0.02532	0.0474281	-0.000417592	0.0080373	0.0428667	-0.00392402	0.273457	0.00615282	0.0969071	-0.00450696	0.0419245	0.0226007	0.0141519	-0.00925031	-0.025672	-0.0254248	-0.0131677	0.0784038	-0.0357502	0.00114977	0.0228596	0.00777253	0.0109396	0.00438583	8.09196e-05	0.0345054	-0.01958	0.0915313	0.0094914	-0.0229222	0.00114765	0.0227599	0.0920567	0.0622828	0.0581352	0.00244056	0.0175167	-0.0194311	0.159979	-0.0236888	0.0193514	0.00775712	
-0.00357284	0.00473808	0.144263	0.0173937	-0.00371618	-0.0263858	0.0470068	-0.00437866	0.0152204	0.139715	-0.00434536	0.043811	0.0348534	-0.0283374	-0.00623985	-0.0328361	-0.0313692	0.00396449	0.0113435	0.0483144	0.0309141	0.0134905	0.108627	-0.000781546	0.0514164	0.0298467	0.0743551	-0.0257703	0.0691399	-0.016136	0.0155197	
-0.00399953	0.00569594	0.128813	0.0175236	-0.0121921	-0.0258497	0.0418167	0.00752304	0.0169024	0.165455	-0.0042155	0.0215684	-0.0250759	0.00431166	-0.0203149	0.0849341	0.123319	0.0396437	0.00969984	-0.0337874	-0.000724313	0.0354086	0.0650092	-0.0309031	0.0480667	-0.0145839	0.037119	0.0592491	
-0.00345442	0.00904833	0.135644	0.0252129	-0.0110828	-0.024696	0.0439112	0.0081974	0.0130399	-0.0329926	-0.00452595	0.149091	0.126478	0.042678	-0.0267385	0.000104705	0.0618156	0.0831261	0.0022186	0.0226544	-0.0170627	0.181191	0.00344315	-0.0238534	
-0.00361795	0.00156063	0.153899	0.0185678	-0.014503	-0.0249541	0.0480944	0.033416	0.0130399	-0.032445	0.0361889	-0.00441278	-0.000894124	-0.0304554	0.075976	0.0592918	0.0179496	0.146005	-0.0171223	0.112738	0.354416	0.00539548	-0.0248868	
-0.00304365	0.00732173	0.145554	0.0303166	-0.00855637	-0.0225704	0.041413	0.0281585	0.0113331	-0.0301024	-0.00214562	0.0485001	-0.00144996	-0.0303873	0.105502	0.021166	0.0248324	0.140084	-0.0161148	0.153101	0.357178	0.00192408	-0.00406833	
-0.00368968	0.00837808	0.195136	0.0220624	-0.000186036	-0.0236705	0.0454326	0.012711	-0.0108351	-0.0301463	0.111793	0.0566972	-0.0245863	0.000404245	-0.00226394	0.000173234	0.0195684	0.037855	0.149733	0.0381638	-0.0159273	0.143008	0.373802	0.00424971	-0.00408595	
-0.00332014	0.00892086	0.136126	0.0173648	-0.00152802	-0.0263029	0.0462687	0.0135768	0.0569185	-0.0315535	0.110437	0.0292817	-0.0220876	-0.001171	-0.00585147	0.00443048	0.0321476	0.0416373	0.0781848	-0.0166761	0.134828	0.196449	0.00291672	-0.00353833	
-0.00322441	0.00745191	0.195764	0.0223358	-0.000266734	-0.0271202	0.0448714	0.0135768	-0.0305695	0.138724	0.0733108	-0.0259235	-0.00111829	-0.00556869	0.0547501	0.0345141	-0.0166761	0.134937	0.162018	0.00367496	-0.0041245	0.0427464	
-0.0038877	0.0110715	0.149004	0.0217915	0.00207403	-0.0240548	0.0430292	0.0153749	-0.0309527	0.244052	0.100326	-0.0224696	-0.000107575	0.0416702	0.034623	-0.014622	0.0928234	0.184523	0.00336906	-0.00412663	0.0326759	
-0.00299821	0.0178918	0.130086	0.0220211	-0.00914492	-0.0265959	0.0448247	0.0149837	-0.0280442	0.170255	0.177451	-0.0330052	-0.0013503	0.0566162	0.0364653	-0.0152429	-0.00229242	0.146488	0.17535	0.0034682	-0.00375639	0.0406523	
-0.00340863	0.00442482	0.146157	0.0211008	-0.00633891	-0.0261978	0.0448247	0.0132444	-0.0294328	0.0575303	0.0945114	-0.0292191	-0.000597406	0.110127	0.0318004	-0.0169822	-0.0037067	0.0983761	0.233496	0.0034682	-0.00375639	0.0356082	
-0.00367112	0.00989029	0.206317	0.0244582	-0.00685671	-0.0266339	0.0584413	0.0145694	-0.0298295	0.0535226	0.0717641	-0.0302751	-0.0004797	0.0401224	0.0262909	-0.0150314	0.00224563	0.00145456	-0.000950464	0.088316	0.200065	0.00292929	-0.00452222	0.0316531	
-0.00408511	0.00351926	0.116831	0.0143267	0.0151582	-0.0287486	0.0518973	0.016426	-0.034026	0.15085	0.0789233	-0.0336776	-0.00091465	0.155431	0.0263545	0.0323824	-0.0151736	0.217691	0.00261179	-0.00435924	0.0522866	
-0.00398617	-8.73573e-05	0.164362	0.015556	0.00276974	-0.0296572	0.0488825	0.0158142	0.00205777	0.0992145	-0.033606	-0.029114	0.103054	0.0156537	0.03254	-0.0156989	-0.00134727	0.137703	-0.0043212	0.0331264	
-0.00373068	0.00704809	0.173133	0.0195554	-0.0166343	-0.0272037	0.0459184	0.0151464	-0.0340341	0.0385039	-0.0328652	-0.0312969	0.10987	0.028819	0.0381906	-0.016465	-0.00128854	0.288921	0.00248316	-0.00379128	0	0.0326063	0.0305872	
-0.0036613	0.00286923	0.235042	0.0174515	-0.00591135	-0.0272037	0.0479583	0.0151464	-0.000276693	0.0827077	-0.0341529	-0.0331977	0.105862	0.039401	-0.016465	-0.00135723	0.334959	0.0026662	-0.00431376	0.0436446	0.0422762	
-0.00394187	6.05426e-06	0.221116	0.0177136	-0.0136263	-0.0249538	0.0482343	0.0138722	0.0205071	0.00461668	-0.0322809	-0.0288998	0.0934569	0.0381044	0.0724881	-0.0158655	-0.00102343	0.137281	0.039027	-0.00376262	
-0.0036684	0.00336013	0.122138	0.0215737	0.0193592	-0.0253674	0.0521668	0.0142909	0.0369362	0.00402048	-0.0327109	-0.0246399	0.107618	0.0239435	0.0769877	-0.00411718	-0.0160901	-0.0014857	0.258134	0.0432456	0	
-0.00394409	-3.00984e-05	0.150168	0.0163836	-0.00739848	-0.0254985	0.0445603	0.0124956	0.0247861	0.00199323	-0.0283671	-0.0283436	0.0759129	0.0355045	0.0880322	-0.00400017	-0.0177206	-0.00101818	0.245347	0.0362313	
-0.00340223	0.00372584	0.13911	0.0169473	0.0398976	-0.0259136	0.0460965	0.0151907	0.0613711	0.0027992	-0.0323524	-0.0286437	0.0890148	0.0320337	0.16451	-0.00446722	-0.0167594	-0.000418291	0.117212	0.0366167	
-0.00368247	0.00624747	0.144086	0.017064	-0.00267236	-0.0255512	0.0446598	0.0144743	0.0256625	0.00315776	-0.0299235	-0.0309077	0.0744397	0.0232329	0.1358	-0.00489452	-0.0159364	-0.000989063	0.209321	0.0362189	
-0.00407871	0.0057854	0.13769	0.0190828	0.000513274	-0.0255645	0.0446598	0.013343	0.0264298	0.0402866	0.00275871	-0.0332102	-0.0293917	0.072406	0.221391	-0.00464473	-0.0170677	-0.00118367	0.18803	0.0376847	0.000225778	0.0188044	0.0129572	
-0.00433087	0.00985034	0.124241	0.0173179	0.00263824	-0.0265867	0.0402154	0.0137046	0.0251086	0.0783564	0.00255217	-0.0307857	-0.0336933	0.0664871	0.205919	-0.00451852	-0.0164996	-0.00133	0.323258	0.0462572	0.0086099	-0.0278459	-0.0242411	-0.00346599	
-0.00433693	0.00143349	0.142911	0.0167454	-0.0098683	-0.025825	0.0402154	0.0137046	0.0306333	0.041518	0.00242377	-0.0313477	-0.0323774	0.0676155	0.1648	-0.00451852	-0.0164996	-0.000799438	0.341914	0.0418306	
-0.00385705	0.00984935	0.144318	0.0159456	0.00799211	-0.0258608	0.0425108	0.0155974	0.0216429	0.0208553	0.00237793	-0.0306065	-0.0306291	0.0788508	0.117729	-0.00510134	-0.013966	-0.000458101	0.249867	0.0370117	-0.0071362	
-0.00366626	0.0177249	0.124854	0.017266	0.013896	-0.0276248	0.0444041	0.0150961	0.0175772	0.0190363	0.00378904	-0.0328518	-0.0336592	0.0541916	0.0853804	-0.00500276	-0.0158095	-0.00135448	0.298856	0.0322771	
-0.00320102	0.00174256	0.11802	0.0137303	-0.00789143	-0.0240102	0.0370256	0.0135049	0.0237715	0.0372202	0.00204409	-0.0285015	-0.0265375	0.0624582	0.080984	-0.00463517	-0.0140489	-0.00146716	0.244014	0.0379126	-0.00297088	-0.0063522	
-0.00405278	0.00574385	0.131873	0.0174182	0.00436155	-0.025777	0.0380605	0.0117382	0.0218055	0.010016	0.00271273	-0.0283184	-0.0300659	0.0464442	0.0581619	-0.00439087	-0.0163617	-0.000651818	0.15414	0.0425655	0.0114649	0.0615095	
-0.00426685	0.0117243	0.13012	0.0191198	-0.0117125	-0.0244259	0.0445955	0.012246	0.0130586	0.0141229	0.00279674	-0.028193	-0.0314521	0.0475728	0.0640958	-0.0038005	-0.0164458	0.00050781	0.174199	0.0403244	-0.00107754	0.0274382	
-0.00403801	0.00624717	0.151049	0.0149364	-0.0151426	-0.0247769	0.0424226	0.010396	0.0236541	0.036885	0.0019816	-0.0303792	-0.0287073	0.119381	0.0560516	-0.00421012	-0.0182958	-0.000368427	0.162344	0.0420963	-0.00999727	-0.00216275	0	0	
-0.00320643	-0.0024027	0.106241	0.0246181	-0.00443567	-0.0267741	0.0439607	0.0122939	0.0142194	0.0135147	0.00312873	-0.0308494	-0.0266251	0.108561	0.0598853	-0.00473371	-0.0165203	-0.000753247	0.249421	0.0533783	0.000564621	0.00692677	0.00521483	
-0.00364801	0.00322797	0.105261	0.0209377	-0.0089352	-0.0259982	0.0455023	0.0113135	0.0153625	0.0150677	0.00192377	-0.0310405	-0.0287147	0.0999489	0.0350779	-0.00401358	-0.0175007	-0.00108732	0.17464	0.0312648	0.00176817	0	
-0.00387277	0.00787064	0.141637	0.0157546	-0.0149189	-0.0245076	0.0405431	0.0127209	0.0208008	0.0461453	0.00356335	-0.0310524	-0.0300526	0.0947404	-0.00401358	-0.0165586	5.56484e-05	0.313861	0.0380605	0.00893533	
-0.00401862	-0.000614278	0.101132	0.0214345	-0.0143921	-0.0254378	0.0414248	0.0116474	0.0233761	0.0775057	0.00242924	-0.030399	-0.0235386	0.0922106	-0.00401459	-0.0172754	0.0125565	-0.00073249	0.261906	0.0396754	0.00426178	
-0.00311629	0.00174946	0.118226	0.0216913	-0.00876662	-0.0247415	0.0404901	0.0129132	0.0214532	0.0677166	0.00360825	-0.0315855	-0.0203835	0.0723176	-0.00410758	-0.0160096	-0.008875	-0.00167895	0.185773	0.0440731	-0.00510802	
-0.00390534	-0.00248649	0.0867653	0.0176109	-0.0159876	-0.0258653	0.0449579	0.0135442	0.0415677	0.056293	0.00221514	-0.0318395	-0.0283771	0.0656126	-0.00352056	-0.0161406	-0.00797965	-0.0013326	0.136737	0.0496501	
-0.00385417	0.00654349	0.113976	0.0196483	-0.0101498	-0.0236635	0.0464394	0.0110918	0.0426225	0.0357992	0.00217109	-0.0302872	-0.0283214	0.0719514	-0.00331985	-0.0164497	-0.0079702	-0.00102314	0.139621	0.047544	0.00609221	-0.000111757	
-0.00366229	0.000164349	0.101199	0.0192198	-0.0128959	-0.024814	0.0442265	0.0105929	0.0390663	0.0811592	0.00223492	-0.0296215	-0.0216331	0.0820051	-0.0038015	-0.0169486	0.0355146	-0.000275241	0.203377	0.0338501	
-0.00353895	0.0119661	0.110972	0.0185046	-0.013453	-0.0276479	0.0397431	0.0136789	0.0267981	0.0407214	0.00297161	-0.032986	-0.0275511	0.0859294	-0.00417999	-0.0169486	-0.0136336	-0.001189	0.229368	0.0462801	
-0.00417024	0.0138567	0.124285	0.016267	-0.0125128	-0.0256041	0.0386384	0.0105708	0.0447468	0.0807923	0.0018202	-0.0303755	-0.0204015	0.0954722	-0.0179804	0.0392601	-0.00489389	0.00152595	0.160423	0	
-0.00414468	0.00857453	0.10854	0.0169388	-0.016821	-0.0281788	0.0429986	0.0125896	0.022403	0.018297	0.0025132	-0.0339078	-0.0253834	0.0869724	-0.0179186	0.0507412	-0.00404217	-0.0011839	0.187293	-0.000575297	-0.00250092	0.00338586	0	0	
-0.00367697	0.00583497	0.118875	0.0152773	-0.0104837	-0.0256637	0.0429986	0.013714	0.0473101	0.0878663	0.00343217	-0.033386	-0.027552	0.055528	-0.0160918	-0.000502244	0.0657243	-0.00366287	0.15669	
-0.00378654	0.0145326	0.150176	0.0196947	-0.0145585	-0.0264154	0.0444844	0.012943	0.0302587	0.0424408	0.0055043	-0.0334091	-0.0281045	0.0600346	-0.0168432	-0.000128805	0.0545708	-0.00446887	0.162343	0	
-0.00370854	0.00360859	0.0774636	0.0153774	-0.00435914	-0.0260467	0.0429384	0.013143	0.0260091	0.0315515	0.00334762	-0.0318317	-0.0253862	0.0583493	-0.015565	-0.000860359	0.0328188	-0.0033019	0.166505	0.00299811	
-0.00381091	0.000495918	0.102468	0.0201911	0.000715365	-0.0274911	0.042927	0.0115796	0.0278279	0.0313403	0.00283243	-0.0292264	-0.0203257	0.0657384	-0.0171171	-0.00132039	0.0557904	-0.00433645	0.228882	-0.00385748	
-0.00428395	0.000883703	0.10403	0.0180967	-0.00242039	-0.0273331	0.042927	0.0142709	0.030112	0.0699355	0.00212975	-0.0308226	-0.0278314	0.0581525	-0.0143993	-0.00092147	0.0502838	-0.00376982	0.225671	0.00293438	
-0.00435815	0.00780294	0.0943168	0.0202941	-0.00990172	-0.0265605	0.0395128	0.0108851	0.0229543	0.0804079	0.00229499	-0.0322281	-0.0205578	0.0891211	-0.0179957	-0.000357485	0.0420581	-0.00415871	0.204117	0.00292805	0	
-0.00369281	0.00420738	0.110653	0.0149794	-0.00418533	-0.0257992	0.0386328	0.0116487	0.0315081	0.0489663	0.0047922	-0.0315089	-0.0286186	0.0919339	-0.017681	-0.000252255	0.0452659	-0.00427831	0.176629	0.00247926	0.00999413	
-0.00416349	0.0092969	0.105171	0.0182724	-0.0169767	-0.0256556	0.045645	0.0116487	0.0350801	0.0428646	0.0048166	-0.0313358	-0.0232793	0.0750906	-0.017681	-0.00107516	0.0462207	-0.00340496	0.152523	0.000583505	-0.000755388	-0.00541089	
-0.00375093	-0.00205849	0.0930807	0.0182724	-0.00567959	-0.0284355	0.0495956	0.0109125	0.029176	0.0479795	0.00306568	-0.0321433	-0.0284426	0.120012	-0.018279	-0.000165449	0.0458063	-0.00334034	0.165567	0.00418775	
-0.0041108	0.0156538	0.105364	0.0179508	-0.0154072	-0.0273618	0.0505142	0.0109125	0.0341557	0.0510698	0.00503776	-0.0304251	-0.029993	0.128415	-0.0182787	-0.000573982	0.0742399	-0.00334066	0.182285	0.00648715	-0.00333953	0.0251741	
-0.00291968	0.00378133	0.0859634	0.0130319	0.00397321	-0.0266679	0.0506266	0.010413	0.0347426	0.164829	0.00264789	-0.0294989	-0.0296473	0.0794565	-0.0184397	-0.00197596	0.0447255	-0.00394135	0.24786	0.00506906	
-0.00424396	0.00544947	0.0943286	0.0140631	-0.00627859	-0.0263096	0.049929	0.010413	0.0242492	0.115403	0.00483706	-0.0305653	-0.0253412	0.1101	-0.0181434	-0.000424707	0.0424483	-0.00503844	0.262572	0.0044567	
-0.00380893	0.0148084	0.0894602	0.0137582	-0.0115607	-0.0271274	0.0377422	0.0124757	0.0248184	0.0522402	0.00568601	-0.0314019	-0.0279236	0.0807464	-0.0162299	0.00120798	0.0573994	-0.00385119	0.140082	0.00474032	
-0.00327104	0.00326693	0.100875	0.0158422	-0.00908711	-0.0273048	0.0439874	0.0128288	0.0361234	0.0598867	0.00584927	-0.0340088	-0.0313726	0.0742741	-0.0175451	-0.000105641	0.0408789	-0.00302147	0.254194	0.00543617	
-0.00356177	0.0102145	0.110651	0.0121341	-0.00910394	-0.0287552	0.0422186	0.0126772	0.0195672	0.0505862	0.00567365	-0.032724	-0.029449	0.125021	-0.0175451	0.000239147	0.0464471	-0.0038764	0.251485	-0.00141752	0	0	
-0.00373695	0.0102495	0.0896336	0.013822	-0.000358956	-0.0264164	0.0439368	0.0121114	0.0195646	0.0426387	0.00501202	-0.0309305	-0.0232097	0.116978	-0.0160059	-0.000206282	0.0402584	-0.0038764	0.362552	0.00586395	
-0.00375448	0.0103711	0.10725	0.0137462	-0.0118375	-0.0236491	0.0454228	0.00953207	0.0214069	0.044903	0.00406846	-0.0306644	-0.0246258	0.0724411	-0.0182593	-0.000524086	0.0399325	-0.00399537	0.181542	0.00235943	-0.00820627	
-0.0034992	0.00357165	0.131565	0.01749	-0.00965949	-0.0282936	0.0437544	0.0107833	0.0235288	0.0403164	0.00483313	-0.0324059	-0.0323904	0.141785	-0.0194973	-0.000915768	0.039459	-0.00365173	0.117857	0.000929004	-0.0184049	0	
-0.0034992	0.00482693	0.130447	0.0159292	-0.00607181	-0.0249917	0.0449118	0.0107582	0.0258206	0.140236	0.00459411	-0.0315751	-0.0285964	0.0910384	-0.018242	-0.000451961	0.0411784	-0.00304586	0.245894	0.00359016	-0.00184007	0.0137296	-0.00309752	-0.0019508	
-0.00384926	0.00846269	0.113957	0.0218784	-0.0062919	-0.025814	0.0435427	0.0107582	0.0194865	0.0700332	0.00459411	-0.0319408	-0.026636	0.097289	-0.018242	7.73681e-05	0.0396427	-0.00281503	0.162399	0.00359016	0.00960096	
-0.00342961	-0.000240091	0.0966893	0.0218612	-0.0156701	-0.0249713	0.0435529	0.00907255	0.020378	0.126371	0.00657751	-0.0308961	-0.0177643	0.0772711	-0.0178796	-0.000470819	0.0229026	-0.00374432	0.174571	0.00416494	-0.000102052	0.00171141	
-0.00362859	0.00455047	0.088872	0.016601	-0.00771507	-0.0241044	0.042661	0.00972765	0.0245637	0.189914	0.00502844	-0.0299173	-0.0215851	0.0492048	-0.0172245	0.000816942	0.0248406	-0.00291198	0.153301	0.00377175	0.0038671	-0.0278116	0	
-0.00362859	0.0059019	0.0993097	0.0211664	1.70389e-05	-0.0259548	0.042661	0.0127086	0.0303515	0.083407	0.00445885	-0.0332455	-0.0277767	0.0691722	-0.0172245	-0.000812913	0.0329366	-0.00357733	0.10803	0.00151487	-0.00246128	
-0.00382879	-0.000809031	0.0900369	0.0283989	0.000805666	-0.0266717	0.0473331	0.0119551	0.0267201	0.0723065	0.00428962	-0.0310848	-0.026519	0.0546449	-0.0172245	-0.000479759	0.036617	-0.00324835	0.415124	0.0020562	0.00385988	-0.00121294	
-0.00315221	0.00333547	0.163939	0.0231817	-0.0112408	-0.0262609	0.043848	0.0122425	0.0432254	0.11916	0.00502334	-0.0287984	-0.0299117	0.0578046	-0.0170953	-0.000998072	0.0410802	-0.0031512	0.110591	0.0020562	-0.00476105	-0.00291012	
-0.00451422	0.000729674	0.122368	0.0201302	-0.00777749	-0.0253344	0.0438882	0.0122599	0.0192924	0.126808	0.00533286	-0.0293202	-0.0274302	0.120847	-0.0169025	0.000873695	0.0406738	-0.00370039	0.147621	0.00268697	-0.00887622	-0.00126003	
-0.00421599	-0.00147541	0.0999722	0.0180172	-0.00258161	-0.0266584	0.0444529	0.0120161	0.0316553	0.114156	0.00409694	-0.0299873	-0.0261872	0.0643824	-0.0169981	0.000107715	0.0409593	-0.004603	0.253181	0.00375744	-0.00738175	0.00214644	
-0.00421599	0.00619395	0.0785179	0.0185476	-0.0112784	-0.0225712	0.0488534	0.0100567	0.0132291	0.0361454	0.00513021	-0.0290925	-0.0178867	0.051568	-0.0169981	-0.000257449	0.0463569	-0.00302917	0.158495	0.00571678	-0.00289254	0.000120225	0.0106462	
-0.00421599	0.00745071	0.105688	0.0209228	-0.011319	-0.0246865	0.042021	0.0113664	0.0209002	0.0478136	0.00513021	-0.0316816	-0.0227978	0.0519681	-0.0174788	0.00119214	0.0451714	-0.00291874	0.117047	0.00260232	-0.00399164	0.013274	
-0.00406008	0.00256096	0.0822012	0.0258954	-0.0102421	-0.0247046	0.0399772	0.0115445	0.0237378	0.115657	0.00535518	-0.0310042	-0.0248571	0.0466799	-0.0174747	-0.00067247	0.0467886	-0.0044993	0.414992	-0.00321943	-0.00439984	0.0046442	
-0.00392749	0.0155825	0.111666	0.0184314	-0.0157805	-0.0260408	0.0421572	0.0125618	0.0183048	0.1145	0.0050037	-0.030473	-0.02198	0.0298885	-0.0164827	-0.00115926	0.0549764	-0.00286523	0.16282	0.00378096	0.00214446	0.0307585	0.018126	-0.0107448	
-0.00380724	0.00925459	0.12047	0.0212191	-0.00905268	-0.0255258	0.045272	0.0125513	0.0254747	0.142672	0.00302504	-0.0303389	-0.0220954	0.133401	-0.0164125	0.000720744	0.0488882	-0.00329284	0.137508	0.00378096	-0.00690061	0	
-0.00369625	0.00868545	0.10445	0.0195145	-0.0159214	-0.0249851	0.0443438	0.0125513	0.0250049	0.0857115	0.00333369	-0.0318958	-0.022702	0.0868757	-0.0164866	-0.00116709	0.0388323	-0.0035446	0.200956	0.0072104	-0.00282373	
-0.00401582	0.00614465	0.141707	0.0181144	-0.0161912	-0.0219626	0.0435799	0.0108191	0.023819	0.0631243	0.00403182	-0.0296575	-0.0266193	0.0591558	-0.0169966	-0.000641887	0.0367565	-0.00420142	0.216568	0.000490416	-0.00719872	-0.00638876	
-0.00427783	0.00375499	0.121815	0.0243595	-0.00623726	-0.022702	0.0402585	0.0101617	0.0302886	0.0552469	0.00413805	-0.0298974	-0.024609	0.0883877	-0.017392	-0.000544809	0.0482643	-0.00456971	0.259543	0.00641514	-0.00488582	
-0.00448612	0.0197639	0.0970881	0.0260629	-0.0158044	-0.0258732	0.0405287	0.0112226	0.0268798	0.0517457	0.00398739	-0.0327881	-0.0222662	0.047565	-0.0182992	0.00233155	0.0428113	-0.00348632	0.231444	0.004447	-0.0044198	-0.00654282	
-0.00412609	0.00670076	0.129991	0.0196188	-0.00280972	-0.0220545	0.0405677	0.0105555	0.0186517	0.0650705	0.00499062	-0.030195	-0.0239273	0.0650213	-0.0163598	0.000971673	0.0377855	-0.00474384	0.185205	0.00709253	0.000448257	0.033199	
-0.00389059	-0.00198725	0.161642	0.018477	-0.0105089	-0.0229574	0.046754	0.0104319	0.0196292	0.0359624	0.00354454	-0.0278547	-0.0257394	0.062638	-0.0164834	-0.000594933	0.0314445	-0.0046567	0.20267	0.0063284	-0.00670322	
-0.00386179	0.00599103	0.132884	0.0198913	-0.00229962	-0.0218808	0.0431034	0.0115786	0.00671886	0.0870878	0.00486116	-0.0275012	-0.0227565	0.0713936	-0.0153368	0.000219906	0.0422042	-0.00426152	0.262295	0.00416452	0.00431299	
-0.00369117	0.00255539	0.098577	0.0189207	0.00132636	-0.0228548	0.0423018	0.0127099	0.0116514	0.0696695	0.00497252	-0.0291894	-0.0290363	0.049355	-0.0151124	0.000462945	0.0460218	-0.00353064	0.0837221	0.00490829	0.00275479	
-0.00385686	0.00157075	0.0805962	0.0235036	0.015472	-0.0230441	0.0388368	0.0114278	0.0188747	0.0462075	0.00312624	-0.0277776	-0.025182	0.0415194	-0.01478	0.00135109	0.0337911	-0.00368338	0.209531	0.00236372	0.0100058	0.00350693	0.00151685	0.00281683	0.0159631	0	0	
-0.00434758	0.00650558	0.0832292	0.0197182	0.00452644	-0.0241969	0.0394768	0.0110839	0.0177148	0.0656991	0.00312624	-0.0296459	-0.0218428	0.035924	-0.0158828	5.38282e-05	0.0358208	-0.00310189	0.259734	0.00329191	-0.0016156	0.0075984	0	
-0.00413204	0.0126092	0.0780034	0.0203882	-0.0127335	-0.0274279	0.0468896	0.0141263	0.0175467	0.0904222	0.00554387	-0.0303196	-0.0265462	0.0436794	-0.0158828	0.000595911	0.0373643	-0.00486264	0.163044	-0.00137665	0.00403511	0.00474793	-0.000508985	0.0257576	
-0.00435891	0.0102776	0.104256	0.0237907	-0.0154471	-0.0245231	0.0456124	0.0128185	0.0193517	0.0610225	0.00376509	-0.0312712	-0.0281743	0.0424033	-0.0158828	0.000376571	0.0498384	-0.00420877	0.149286	0.00372658	-0.00327056	0.00301687	0.00431913	
-0.00367883	0.0204334	0.114756	0.0264963	-0.00570795	-0.029021	0.0430257	0.0152943	0.0197983	0.0438603	0.00327234	-0.0324138	-0.0231788	0.0423004	-0.0156573	-0.000779501	0.0324825	-0.00377322	0.23739	-0.0010898	0.0090931	0.00465857	0	
-0.00356604	0.0200174	0.155066	0.025637	-0.0037968	-0.0271824	0.0430257	0.0156632	0.0238458	0.063452	0.00409847	-0.0339205	-0.0326839	0.0373385	-0.0156573	-0.000552618	0.0345321	-0.00435784	0.230935	0.000528213	-0.00518151	0.00255127	0.000217167	-0.0276071	0.0188374	
-0.0039658	0.00791147	0.145605	0.0196682	0.0127139	-0.0266969	0.0478948	0.0156632	0.0367558	0.0558288	0.00387299	-0.0325891	-0.0262283	0.0323775	-0.0154318	-0.000526824	0.0365897	-0.00357997	0.194082	0.000719231	-0.00654344	-0.0128779	0.0188416	0.000517359	0.0108388	0.0156752	0.0139953	
-0.00445682	0.00353741	0.105381	0.0174266	-0.00736327	-0.0268598	0.0478948	0.0160561	0.0327127	0.024627	0.00413487	-0.0306568	-0.0307857	0.0714047	-0.0146751	0.000974144	0.0445377	-0.00454571	0.243808	0.000116864	0.000134476	-0.0128779	0.00559342	
-0.00447784	0.00877149	0.14215	0.0208622	-0.014851	-0.0257813	0.0485488	0.0160561	0.0283073	0.0441998	0.00208987	-0.0320019	-0.0267635	0.0878579	-0.0146751	0.000384374	0.0467047	-0.00404086	0.604443	0.0012991	0.00413161	-0.00938774	0.00533959	0.00142265	
-0.0047511	0.00842486	0.106734	0.0256282	-0.0144983	-0.0236003	0.0458112	0.012135	0.0281133	0.0790077	0.00439667	-0.0285403	-0.0218639	0.0524272	-0.0150217	0.0039629	0.0405427	-0.00429947	0.233855	0.00101983	-0.000950838	-0.00936572	0.0267543	0.00216147	
-0.00395639	0.0149001	0.179548	0.0211529	-0.00821952	-0.024345	0.0349798	0.0107277	0.0242377	0.0713842	0.0045958	-0.0271635	-0.0132626	0.0629186	-0.016429	0.00016727	0.0531148	-0.0037167	0.150748	0.00101983	-0.00707478	-0.000936954	0.0350249	0.000306375	-0.0206596	
-0.00484439	0.0159859	0.129994	0.0270567	-0.00245662	-0.0268907	0.0570786	0.015353	0.0337114	0.0900887	0.0045958	-0.0318861	-0.0214191	0.0520304	-0.014116	0.00170024	0.0426046	-0.00460109	0.177005	-0.00129249	-0.000755798	-0.0159875	0.0186163	
-0.00401838	0.0154263	0.122828	0.0254282	-0.0134319	-0.0236543	0.0415746	0.0138323	0.0523407	0.0796147	0.00346921	-0.028647	-0.0241401	0.0564364	-0.0141474	-0.000315518	0.0482	-0.00460109	0.175004	0.00255802	0.00404	-0.000755014	
-0.00401838	0.00146463	0.119141	0.0254282	-0.0125183	-0.0245855	0.0457478	0.0138607	0.0448082	0.116956	0.00371377	-0.0310969	-0.0198267	0.05015	-0.0143257	0.000144352	0.0356268	-0.00449572	0.17752	0.00494384	0.00497082	-0.00765326	
-0.00429272	0.00798319	0.130934	0.0248713	-0.010829	-0.025123	0.0425687	0.0138607	0.0275381	0.051635	0.00374798	-0.0301023	-0.0253088	0.0715154	-0.0143257	0.00170843	0.0435749	-0.00431919	0.309527	0.00171616	-0.000111566	-0.00191101	
-0.00385946	0.0118119	0.125239	0.0223364	-0.010194	-0.0284482	0.0464138	0.0157999	0.0275237	0.0757217	0.0047763	-0.0323903	-0.0266476	0.0724548	-0.0146846	8.13925e-05	0.0526826	-0.0049207	0.197325	-0.00248469	0.0006977	-0.00295653	
-0.0040271	0.00701045	0.184305	0.0212576	-0.00486466	-0.0273512	0.0421286	0.0167342	0.0459641	0.0635427	0.00375571	-0.0323131	-0.0220026	0.0545182	-0.0137503	0.000329579	0.0458898	-0.00472108	0.162105	0.00525148	0.00793087	0.00697708	0.0119581	
-0.00403323	-0.000447583	0.138307	0.0206353	-0.0106599	-0.027676	0.0418871	0.0132429	0.0387174	0.0538146	0.00375571	-0.0325884	-0.0251339	0.0600831	-0.0161807	0.000147007	0.0537477	-0.00459966	0.478204	0.00411944	-0.00283912	-0.00442514	
-0.00352728	0.00500967	0.121618	0.0270167	-0.00543503	-0.0275532	0.072754	0.0134494	0.032233	0.109737	0.0019768	-0.0306426	-0.0197062	0.0560587	-0.0159742	0.000495325	0.0642118	-0.00369089	0.46537	0.00156309	-0.00253911	-0.035292	0	
-0.00437879	0.00890806	0.124822	0.0204967	-0.0109247	-0.0259974	0.0589734	0.0134494	0.0201966	0.0622296	0.00286248	-0.0311336	-0.021282	0.0683678	-0.0159742	0.000297701	0.0515432	-0.00405672	0.135509	-0.000124946	0.00127387	-0.0216006	
-0.00443483	0.00474138	0.146444	0.0262509	-0.00960166	-0.0246847	0.0571273	0.0114533	0.0341803	0.0748866	0.00421514	-0.0278315	-0.0209992	0.0584439	-0.0151897	0.000227721	0.0466831	-0.00469783	0.160703	0.00430474	-0.00481947	-0.0184736	
-0.00440249	0.0147667	0.106024	0.0216066	-0.00980006	-0.0238862	0.0435191	0.013027	0.0345233	0.0297591	0.00421514	-0.0314039	-0.0209438	0.0659779	-0.0151897	0.000988942	0.0465344	-0.00404153	0.223114	4.73145e-05	-0.00118569	-0.000196084	-0.00111621	
-0.00412014	0.0091849	0.134363	0.0205868	-0.00609005	-0.0240637	0.0463615	0.0125311	0.0282979	0.0841019	0.00405834	-0.0309161	0.00200129	0.056735	-0.0155287	-0.000587695	0.0658246	-0.00359976	0.140881	0.00285171	-0.00748534	0	
-0.00433368	0.0130051	0.125885	0.023393	-0.0208607	-0.0259935	0.0534203	0.0114933	0.063525	0.0935232	0.00405834	-0.031152	-0.0138606	0.0748349	-0.0165666	8.60767e-05	0.0669769	-0.00436341	0.132491	0.00285171	-0.00265659	
-0.00437189	0.00814096	0.120892	0.0207898	-0.0200012	-0.0259048	0.0473262	0.0114046	0.041605	0.0489636	0.00332295	-0.0303994	-0.000490302	0.0840033	-0.0165666	-0.000129191	0.0527252	-0.0048037	0.198999	0.00366548	-0.00624179	
-0.0044248	0.00984715	0.0972215	0.0240136	-0.0160558	-0.025975	0.0608855	0.0114046	0.0242706	0.0535754	0.00185128	-0.0315254	-0.014043	0.069425	-0.0165666	0.00164852	0.0519404	-0.00476898	0.36335	0.00413007	-0.00770399	
-0.0042778	0.023674	0.106934	0.0245607	-0.0189767	-0.0251204	0.0361407	0.0129881	0.0406065	0.0517171	0.0054723	-0.0319602	0.00161857	0.0560694	-0.0165666	0.00100347	0.0648351	-0.00476898	0.257142	-0.00130992	-0.000794774	
-0.00449577	0.0147032	0.116052	0.0218416	-0.0161538	-0.0271235	-0.0109163	0.0140151	0.0236586	0.0410354	0.00507382	-0.0322787	-0.0153537	0.100437	-0.0162666	-0.00125366	0.0543738	-0.00346494	0.13718	-0.000319616	0.0558595	
-0.00438737	0.0142044	0.106442	0.0209122	0.00343382	-0.0218085	-0.00129657	0.0137405	0.0207152	0.0389654	-0.0316667	-0.00535955	0.0781924	-0.0145001	0.000949205	0.0601506	-0.00437942	0.166664	-0.00228783	0.0448258	
-0.00377912	0.0211813	0.0926704	0.0205424	0.00402495	-0.0251168	-0.00673405	0.0118235	0.0312295	0.0345379	-0.0452245	-0.0302439	0.00152426	0.0998619	-0.016237	-0.000496154	0.0605236	-0.00346086	0.354127	-0.00225091	0.0482145	
-0.00347662	0.0187473	0.134758	0.0190757	0.00489602	-0.0256004	0.00137112	0.0137628	0.0163813	0.0197645	-0.029562	-0.00696201	0.076772	-0.0142928	-0.000435086	0.0515309	-0.00360296	0.259023	0.0011221	0.0497569	
-0.00384691	0.0141863	0.125655	0.0208319	0.00479105	-0.0258365	0.00127549	0.014989	0.0166549	0.0241697	0.0407758	-0.0333962	0.0037698	0.137523	-0.0154483	-0.000567639	0.0544548	-0.00436293	0.290096	-0.00214023	0.0131903	
-0.00384691	0.0143945	0.112926	0.0204017	0.00607407	-0.0258846	-0.00292596	0.0150005	0.020762	0.0176532	0.0438354	-0.0318385	0.00152278	0.0778264	-0.0153882	-0.000262754	0.0608213	-0.00420088	0.235425	0.000597005	-0.00413773	
-0.00350706	0.0145599	0.112977	0.0230847	0.00376028	-0.0249753	0.00482418	0.0139468	0.0195347	0.0385731	0.0366263	-0.0331834	0.00840021	0.11321	-0.0164419	0.00034626	0.0650461	-0.00325343	0.260485	-0.00128196	-0.0213457	0.00850819	-0.0186862	-0.00114049	
-0.0035018	0.0025645	0.133641	0.0179317	0.00511048	-0.0223001	0.000672644	0.0145585	0.0236961	0.0827231	0.0461941	-0.0316748	-0.00240747	0.0947149	-0.0148478	-0.000486677	0.0676856	-0.00340756	0.222192	-0.00316469	0.0136202	0.0229779	0	0.00672558	
-0.00457295	0.00792415	0.124792	0.0177757	0.0049997	-0.0247492	0.000778542	0.0145585	0.011986	0.0740925	0.0470466	-0.0321672	-0.00414725	0.129859	-0.014737	0.00182557	0.056274	-0.00383109	0.16324	-0.00337029	-0.00620774	0.000692105	-0.000702322	
-0.0033634	0.00989264	0.156904	0.0186695	0.00622126	-0.0241787	0.00826404	0.0129184	0.0111305	0.0422002	0.0414541	-0.0320869	0.00712901	0.0666305	-0.0164077	-0.001548	0.0535721	-0.00324818	0.200417	0.00159033	-0.00569316	0	-0.014383	
-0.00403612	0.00875857	0.121946	0.0175205	0.00548998	-0.0245584	-0.000508183	0.0107586	0.019084	0.0623368	0.0646999	-0.0322257	-0.0221313	0.090508	-0.017751	0.000290033	0.0807685	-0.00469357	0.402532	0.000722131	-0.00700712	0.0233781	0	0	
-0.00410442	0.0126625	0.0835429	0.0195234	0.00406447	-0.025087	-0.0056363	0.0125526	0.0133066	0.0758545	0.0575925	-0.0323485	-0.0150827	0.0835687	-0.016484	-0.000924108	0.0487179	-0.00419551	0.171621	0.000136333	-0.0111158	0.075846	-0.0258972	
-0.00447566	0.0159953	0.0800018	0.0215582	0.00199402	-0.0231411	-0.00269975	0.0122356	0.0160174	0.0277828	0.0571591	-0.0320037	-0.0132073	0.0732496	-0.0166497	0.000816706	0.0845459	-0.00370451	0.204405	-0.00616447	-0.00902908	0.0967783	
-0.00415116	0.0178012	0.101435	0.0168908	0.00609039	-0.0245534	-0.00399319	0.0128564	0.0202774	0.0300439	0.0520989	-0.0334026	-0.00603641	0.0945311	-0.0166497	-0.000834159	0.0841173	-0.00473485	0.24519	0.0736953	-0.0106995	0.00197587	0.000252535	-0.00399438	
-0.00491072	0.0178012	0.0832101	0.0172679	0.00634483	-0.0252728	-0.00785169	0.0128564	0.0252195	0.0286587	0.0511123	-0.0329395	0.000539275	0.168276	-0.0163931	0.00100206	0.083136	-0.00477698	0.339195	0.0657589	-0.00290197	-0.00507194	
-0.00423842	0.0117513	0.115297	0.017595	0.00581734	-0.023548	-0.00920884	0.0108461	0.0189864	0.0618085	0.047627	-0.0304462	-0.00565501	0.200974	-0.0165769	0.000329674	0.0819572	-0.00456136	0.449013	0.116058	-9.13783e-05	-0.00494403	0.000689664	
-0.00423842	0.0159044	0.114233	0.0256392	0.0044888	-0.0232563	-0.00157808	0.0108461	0.0114857	0.0680938	0.0550243	-0.031689	-0.0124065	0.158493	-0.0165769	-0.000237366	0.0803191	-0.00417841	0.347875	0.105528	0.00156262	-0.0108398	
-0.00407788	0.00729949	0.168933	0.0234823	0.00465888	-0.0218097	-0.00194365	0.011584	0.0109139	0.0258396	0.054931	-0.0301732	-0.0159133	0.0920167	-0.0155404	0.00026312	0.0861348	-0.00491883	0.190372	0.095711	0.00204832	-0.00890626	-0.000263242	-0.0016063	0	
-0.00453644	0.00582369	0.0897273	0.0271867	0.00465888	-0.0276367	-0.00806207	0.0127866	0.00957048	0.0446351	0.0437811	-0.0317997	-0.000825978	0.134814	-0.0167759	-8.2536e-05	0.0780769	-0.00465291	0.368568	0.132168	-0.000877305	-0.0112085	
-0.00436942	-0.00435141	0.161095	0.024812	0.00333813	-0.0235881	-0.00899109	0.0113611	0.00260136	0.0557868	0.0505055	-0.032968	-0.0067909	0.115164	-0.0182014	0.000176929	0.0744882	-0.00495057	0.162623	0.101927	0.00211405	-0.0107801	-0.00467281	
-0.00489362	0.00710693	0.155527	0.0199006	0.00582381	-0.0242724	-0.00311244	0.0145105	0.00388681	0.0410089	0.0562961	-0.0335191	-0.0163314	0.152908	-0.0157363	0.000321875	0.119359	-0.00494669	0.265914	0.0333596	-0.00164842	-0.00993008	
-0.00431518	0.000982011	0.117271	0.0175982	0.00460715	-0.024694	-0.000232537	0.0112162	0.00306	0.0750873	0.0411592	-0.0335049	0.00531696	0.157515	-0.0190306	-0.000559969	0.0840774	-0.00541608	0.310326	0.0474066	0.000475736	-0.00941753	-0.00621951	-0.00162923	
-0.00444961	-0.00100552	0.134563	0.0146304	0.005256	-0.024694	-0.00869036	0.0112379	0.0109044	0.0573171	0.0456963	-0.0336907	0.00118363	0.104823	-0.0190089	5.78106e-05	0.079137	-0.00525841	0.461429	0.0224194	-0.00102874	-0.00416023	0.000279699	
-0.00424683	0.0114301	0.122829	0.0217678	0.00419483	-0.022565	-0.00440618	0.0124638	0.00752227	0.028143	0.0433022	-0.0317371	0.00156249	0.134666	-0.0169202	-0.000896118	0.0661871	-0.00500602	0.368608	0.0308428	0.00294441	-0.00773158	0.0183872	0.00598843	
-0.00437827	-2.60824e-05	0.129971	0.0298484	0.00419483	-0.0250957	-0.00800173	0.010336	0.0158199	0.0209851	0.048075	-0.0293905	0.00193429	0.0829546	-0.019172	-0.000746993	0.0527466	-0.00459611	0.273195	0.0849914	0.00281083	-0.0135318	0.00756644	
-0.00437827	0.00350801	0.164533	0.0237301	0.00493516	-0.026144	-0.010844	0.0122958	0.0125373	0.0594138	0.042511	-0.0318683	0.000532705	0.147053	-0.0172121	0.000598736	0.0905829	-0.00462364	0.263661	0.0278931	-0.000289732	-0.0115341	0.00223267	
0.007325	0.111651	0.0214851	0.00447596	-0.0276914	-0.0108318	0.0129139	0.0214896	0.0398457	0.050697	-0.0328788	-0.00474837	0.158017	-0.00472072	0.000757528	0.086047	-0.00473189	0.298812	-0.0166138	0.00507824	-0.00550552	-0.00211495	
-0.00160149	0.103767	0.0171663	0.00540504	-0.0240785	-0.00667571	0.0122852	0.013229	0.0254712	0.0468188	-0.0296685	0.000126691	0.0970956	-0.00453752	0.000292061	0.0668353	-0.00545877	0.270022	-0.0164496	0.00570695	-0.00427482	-0.000985311	
-0.00685229	0.00833598	0.168682	0.0192587	0.00414314	-0.0262679	-0.00182487	0.0118293	0.0120839	0.0481146	0.0493415	-0.0314628	0.00078342	0.142929	-0.00449799	0.00142723	0.0525236	-0.00496178	0.273988	-0.017921	0.000558396	-0.00651073	-0.00112759	
-0.00547748	5.63045e-05	0.0948062	0.0211823	0.00289728	-0.0260032	-0.0109784	0.0137189	0.013932	0.0862802	0.0485363	-0.0331492	-0.00672676	0.157909	-0.00442725	0.00272911	0.0493559	-0.00546517	0.35285	-0.0163969	0.00142254	-0.00531086	-0.00466277	-0.00903652	
-0.00222491	0.00666149	0.0969207	0.0220957	0.00652096	-0.0242384	-0.00792945	0.0128404	0.014551	0.0484478	0.0482917	-0.0319714	-0.00204855	0.11394	-0.00442523	4.94508e-05	0.0688399	-0.00496898	0.252027	-0.0172235	0.00323999	-0.00722791	0	
0.00171128	0.0030515	0.109569	0.0220957	0.00368609	-0.0234564	-0.0104385	0.00954141	0.0074091	0.0301014	0.0523927	-0.0298841	-0.00522248	0.0678189	-0.00433191	0.00158373	0.0668388	-0.00499437	0.206228	-0.0188561	0.00491837	-0.0118541	
-0.00570291	0.00620372	0.120324	0.0177536	0.00550659	-0.0241171	-0.00590836	0.0112537	0.00900198	0.0772806	0.0569342	-0.0308709	0.0167466	0.139885	-0.00391575	-3.87131e-05	0.0823662	-0.00478335	0.175668	-0.0182411	0.000439661	-0.00275466	
-0.000720408	0.00313799	0.127191	0.017325	0.0062755	-0.0239825	0.000411921	0.0104248	0.00965958	0.0311804	0.0641031	-0.0291836	0.000268597	0.0755802	-0.00362555	0.00144393	0.0719913	-0.00410897	0.259637	-0.017884	0.000317305	-0.00567165	-0.0330864	0.00305655	
-0.00552926	0.00296273	0.113549	0.0183064	0.00556875	-0.0234721	-0.0137676	0.0107169	0.00897047	0.103206	0.0637476	-0.030683	-0.000256146	0.080982	-0.00455172	0.00168165	0.0739454	-0.00439332	0.188426	-0.017637	-0.00214911	-0.00913131	0.0190961	-0.0125213	
0.00187336	-0.00017009	0.150888	0.0215428	0.0052383	-0.0232695	0.00114934	0.0117769	0.00900349	0.167263	0.0550539	-0.0306636	0.00524543	0.0683621	-0.00429661	0.00117895	0.0669138	-0.00509689	0.397479	-0.0160511	-0.00187963	-0.00576624	-0.00288687	-0.0208889	
0.00970517	-0.000642611	0.160436	0.0170388	0.0052383	-0.0188239	-0.00271341	0.0101634	0.0147297	0.0802814	0.0550611	-0.028622	-0.00315827	0.0682166	-0.00472047	0.000566693	0.0601235	-0.0036493	0.182178	-0.0160511	0.00855933	-0.00491906	-0.00166591	
0.00531306	0.00110694	0.109738	0.0213849	0.00488791	-0.0207629	-0.00515616	0.00989437	0.0112142	0.0401121	0.0769159	-0.0295526	-0.0230297	0.0703575	-0.00472047	0.0028181	0.0812463	-0.0042833	0.160728	-0.0170725	-0.00247619	-0.00698603	-0.00192062	0.0188129	
0.00202764	0.00310786	0.136766	0.0204836	0.0032943	-0.0210363	0.000433253	0.00989437	0.015889	0.0522324	0.0620177	-0.0288912	-0.00100697	0.0700946	-0.00466041	0.00303205	0.0543951	-0.00412931	0.192325	-0.0170725	0.00372549	-0.00466886	0.000383681	
0.000142979	0.000498714	0.132876	0.0237941	0.004531	-0.0215135	-0.0020047	0.0104533	0.0146787	0.0532328	0.059088	-0.0301612	-0.0096438	0.0648524	-0.00431292	0.000254317	0.0544113	-0.00445342	0.321202	-0.0165136	-0.00238216	-0.00101505	-0.00746391	0.00149006	0	
-0.00176996	0.0105571	0.0977704	0.0236584	0.00350871	-0.0224039	-0.0012049	0.010707	0.0103739	0.0591958	0.0636924	-0.0298482	-0.00773205	0.117304	-0.00478342	0.000475853	0.102733	-0.00396896	0.124664	-0.0162598	-0.00228275	-0.00493713	
-0.00344869	0.00732096	0.175219	0.0193437	0.00605673	-0.0222394	-0.00980521	0.0103337	0.0103135	0.0889127	0.057878	-0.0284479	-0.015824	0.0894726	-0.00488191	0.00130708	0.0884565	-0.00461952	0.15275	-0.0169058	-0.000635297	-0.00219869	
0.0056024	0.00468904	0.157616	0.0245344	0.00283213	-0.0218794	-0.00374299	0.00997364	0.0169562	0.0446714	0.0698977	-0.028352	-0.019541	0.0866076	-0.00467149	0.00021831	0.0632982	-0.00520593	0.371541	-0.0169058	0.00943968	-0.003307	
0.00672573	0.015379	0.164352	0.0231212	0.00336029	-0.0217399	-0.000851466	0.0095065	0.0205834	0.046577	0.0707675	-0.0283936	-0.020283	0.115484	-0.00495661	0.00258926	0.0493185	-0.0035019	0.134556	-0.0173612	0.00464278	-0.00646332	0.0075958	-0.0125622	
0.00723073	0.00766253	0.128204	0.0178909	0.00352286	-0.0241204	-0.00064342	0.014115	0.0319815	0.0708518	0.0659847	-0.032643	-0.015682	0.112686	-0.00419353	0.000897519	0.0648016	-0.00488463	0.168898	-0.0149514	0.000101981	0.00406523	
0.00608293	0.0104089	0.123634	0.0233026	0.00352286	-0.0209795	-0.00862142	0.00956905	0.022302	0.16676	0.0468138	-0.0253259	0.00348892	0.0982512	-0.00401449	0.000739842	0.0526655	-0.004583	0.531372	-0.0156719	0.00133812	-0.00663399	0	
-0.000836749	0.00827657	0.156626	0.0271753	0.00419403	-0.0219046	-0.00308724	0.0110115	0.0185603	0.0843314	0.0674081	-0.030328	-0.0196667	0.049802	-0.00401449	0.000637299	0.0617851	-0.00409532	0.187214	-0.0151955	0.00533195	-0.00491973	-0.000441721	
0.000803193	0.01718	0.162479	0.0232422	0.0041503	-0.0229325	0.000262553	0.0113252	0.0119959	0.0385254	0.0554681	-0.0295461	-0.0105528	0.0502942	-0.00441246	0.00224878	0.0504434	-0.00479739	0.200006	-0.0152444	0.00496933	-0.00250351	0.00616979	
0.00507054	0.0193227	0.160196	0.0255619	0.00437461	-0.0216889	-0.00686574	0.0122538	0.0110658	0.0368047	0.05613	-0.0296615	-0.0119095	0.0623822	-0.00441246	0.00224878	0.0542168	-0.00472483	0.268352	-0.0144692	0.00260183	-0.00361502	-0.0119683	-0.000999604	0	
0.00631153	0.0128128	0.186661	0.0231367	0.0058935	-0.0211173	-0.00506049	0.010422	0.0191681	0.0996148	0.0438166	-0.0299521	-0.00370012	0.0572038	-0.00391304	0.00249257	0.0687162	-0.00443785	0.337464	-0.016588	0.00350142	-0.000743934	2.65249e-06	-0.00111538	
0.000196467	0.00786643	0.132218	0.0187272	0.00549898	-0.0206515	0.00478185	0.010422	0.0303008	0.0668639	0.0568436	-0.0288653	-0.010684	0.0731219	-0.0040215	-0.00409987	0.0773704	-0.00443785	0.161103	-0.016588	0.00413358	-0.00214057	0	0.00040498	
0.00161869	0.00797197	0.178874	0.0159791	0.00438907	-0.0213578	-0.00597827	0.011054	0.044747	0.0778737	0.0546063	-0.0288086	-0.0118714	0.0478593	-0.00408061	-0.00562775	0.0489573	-0.0045502	0.316654	-0.0166495	0.000257839	-0.0014752	0.000582729	
-0.00501602	0.00325201	0.13066	0.0191924	0.00337236	-0.0215486	-0.0049314	0.0100081	0.0163347	0.0843093	0.0662793	-0.0314735	-0.0213554	0.0646276	-0.00441881	-0.0028616	0.0592746	-0.00531672	0.151439	-0.0174742	0.00167122	-0.000894938	0.00147791	0	
-0.00137086	-7.31177e-05	0.192647	0.0236563	0.00393017	-0.022766	0.00527053	0.0109876	0.0155567	0.0459829	0.0462119	-0.0301157	-0.00805295	0.0579255	-0.00393385	-0.00130895	0.0796896	-0.0050577	0.226768	-0.0164947	0.0020274	-0.00149462	0.000162712	0	0.00184334	
-0.000901469	0.0102092	0.145166	0.0193245	0.00286332	-0.0209566	-2.50651e-05	0.0128366	0.013948	0.0285017	0.0577511	-0.0294118	-0.00451897	0.0601549	-0.004058	0.00714461	0.0530789	-0.00421708	0.314396	-0.0146457	0.00440197	-0.000957263	0.00238679	
0.000317272	0.00707701	0.126137	0.0222913	0.00363228	-0.0202	0.000836139	0.0128366	0.0147458	0.115719	0.0598499	-0.0308083	-0.00681979	0.0642597	-0.00428564	-0.00127064	0.0534582	-0.00516526	0.168444	-0.0144437	0.00264227	-0.00115928	0.000655855	0.0127079	0.0016647	-0.0024158	
0.00284853	-0.00128737	0.203987	0.018235	0.00394652	-0.02341	0.000948252	0.0129188	0.0235087	0.0545603	0.0666552	-0.0314457	-0.0137249	0.0941323	-0.003861	-0.00191135	0.0605892	-0.0049392	0.287941	-0.0157544	0.000196474	-0.00124557	0.000964112	0.00790001	
-5.74441e-05	0.00961016	0.157521	0.0143208	0.00513049	-0.0233562	-0.000735806	0.0115635	0.024843	0.054087	0.0600718	-0.0296976	-0.0114906	0.110447	-0.004197	-0.00387781	0.053257	-0.00427673	0.2666	-0.0171097	0.00294405	-0.00139753	9.17294e-05	0	
-0.00073843	0.0020828	0.12583	0.0262036	0.00247448	-0.0210383	0.0137567	0.0114566	0.0189856	0.060985	0.0716054	-0.0273245	-0.0176014	0.107968	-0.0041264	-0.000455108	0.0842579	-0.00451483	0.256912	-0.0153929	0.00429109	5.70916e-05	0.000160775	0	
0.00442429	0.013196	0.146931	0.0168025	0.00525263	-0.0233602	-0.0067275	0.0147311	0.0158685	0.051159	0.0657612	-0.0325671	-0.0139297	0.101636	-0.00393664	0.0034829	0.0711747	-0.00432888	0.102462	-0.015445	0.00231493	5.70916e-05	0.000939238	
-0.00243731	0.00256854	0.127338	0.0217075	0.00279795	-0.0237877	0.00116861	0.0121441	0.0214254	0.0304147	0.0494848	-0.029453	-0.00339309	0.175575	-0.00393664	-0.00543842	0.0692864	-0.00471528	0.147108	-0.0160778	0.00426916	0.00051754	0.00253931	0	-0.00415494	-0.00365153	0.00591147	
-0.0073117	0.00726606	0.151427	0.0221888	0.00283929	-0.0235924	0.000111127	0.0118622	0.0146499	0.174997	0.0858643	-0.0304114	-0.0424456	0.120476	-0.00426853	-0.00408242	0.0903663	-0.00379942	0.229961	-0.0164363	0.00285542	0.000594145	0.00168119	0.0254439	
-0.000684838	0.00713427	0.0987941	0.0165787	0.00375645	-0.0230648	-0.000698206	0.0102849	0.0184282	0.0658863	0.0591199	-0.0308288	-0.0159284	0.109439	-0.00466543	-0.00607952	0.0542559	-0.00488769	0.183431	-0.0186825	0.00195939	0.000514014	0.00308756	
-0.00871209	0.00240894	0.147353	0.0280352	0.00360765	-0.024094	-0.00576035	0.0116926	0.023268	0.121896	0.0552537	-0.0294528	-0.00381968	0.0969811	-0.0040547	-0.00634088	0.0568439	-0.00430522	0.210667	-0.0172748	0.000115084	0.000514014	0.00097438	
0.0021977	0.00258823	0.182492	0.0154724	0.00486751	-0.0255318	-0.00332794	0.0123509	0.0195502	0.178906	0.0429116	-0.031775	0.00590991	0.112825	-0.00467797	-0.0068695	0.0568439	-0.00430515	0.0915003	-0.016422	0.000703678	-0.00123081	0.00201608	0.00761033	
-0.000496431	0.00494748	0.170081	0.0211808	0.00335937	-0.0245955	-0.00714683	0.0120605	0.0154977	0.116407	0.05104	-0.0320549	-0.00872532	0.191034	-0.00389898	-0.00588476	0.0471009	-0.00515252	0.154774	-0.016422	0.00201153	-0.000415814	0.000770501	-0.00586358	-0.00460019	
-0.00595137	-0.000770201	0.152143	0.0222144	0.00350212	-0.0223825	-0.0105584	0.00839905	0.0150757	0.153045	0.0567709	-0.0294497	-0.0110886	0.168131	-0.00401387	-0.0118994	0.0479331	-0.00519794	0.390662	-0.0188659	0.002818	-0.0018632	0.00234145	0.00159118	
-0.0027516	0.00230633	0.149844	0.0201321	0.00507199	-0.0242938	-0.00907276	0.0090634	0.0261977	0.0796646	0.0507018	-0.0314046	-0.00758008	0.142696	-0.00401387	-0.00685864	0.0435259	-0.0050942	0.374535	-0.0194539	-0.00406445	0.000216807	0.00327417	0	-0.00180809	
-0.00101023	0.00294984	0.0861027	0.0168404	0.00421571	-0.0241368	-0.0108056	0.0102257	0.0239432	0.132208	0.0596812	-0.0306526	-0.010563	0.213935	-0.00418227	-0.00554947	0.0477611	-0.00547941	0.248517	-0.0182916	-0.000553967	-0.000779438	0.00119239	-0.00208575	
-0.000867719	0.00667772	0.180488	0.0164633	0.00357844	-0.0233575	-0.00568901	0.0104844	0.0293873	0.243608	0.0485296	-0.0325554	-0.00506992	0.11998	-0.00536878	-0.00790029	0.0435362	-0.00446665	0.166674	-0.0177928	0.000266276	-0.00211584	0.00683751	
0.00994886	0.00497334	0.183729	0.0230957	0.00310111	-0.0248608	-0.0113702	0.0108541	0.0227381	0.10328	0.0523843	-0.0311943	0.00745699	0.0890385	-0.00509026	-0.011609	0.0572381	-0.00498342	0.144254	-0.0179197	-0.00267808	-0.00192005	0.00435867	
-0.00619877	0.00397485	0.129592	0.0200791	0.00314948	-0.0248763	-0.00927508	0.0108541	0.022815	0.0785723	0.0617687	-0.0314313	-0.0163669	0.144987	-0.00503107	-0.0095383	0.0327215	-0.00522729	0.237323	-0.0179197	-9.707e-05	-0.000332544	0.00358497	
-0.00622228	0.00711203	0.136284	0.0241141	0.00360713	-0.0239743	-0.00903991	0.0130329	0.0238243	0.0586058	0.0549747	-0.0324285	-0.0112257	0.231478	-0.00467661	-0.00421129	0.0494588	-0.00396308	0.214783	-0.0174995	-0.000119373	-0.00101698	0.00262119	
-0.0053074	0.00130759	0.100455	0.01876	0.00360713	-0.0270424	-0.00553566	0.0126588	0.0281113	0.0869283	0.0602617	-0.03232	-0.0112605	0.200715	-0.00428876	-0.010163	0.0514087	-0.00396308	0.335858	-0.0178736	-0.0011267	0.000176683	0.000552401	
-0.00337879	0.000321725	0.132387	0.023116	0.00561119	-0.025338	-0.0125631	0.00987434	0.0325267	0.063147	0.0607896	-0.0319942	-0.0152892	0.260085	-0.00467714	-0.0125171	0.0413545	-0.00485566	0.19739	-0.0197766	-0.00289181	-0.00129903	0.00581504	-0.00382136	0	
-0.00294014	0.00895841	0.145695	0.0177196	0.00323055	-0.0244671	-0.0087862	0.0112312	0.0292833	0.0834479	0.0545348	-0.033064	-0.00185989	0.114004	-0.00487533	-0.0104036	0.0469008	-0.00477085	0.170988	-0.0180959	-0.00289181	-0.00224322	0.00435919	0.00657799	0.00139483	
0.00274919	0.0100123	0.157543	0.0273187	0.00424165	-0.0251932	-0.00946721	0.0107922	0.0224266	0.0764006	0.0696567	-0.0291348	-0.0162181	0.0981158	-0.00496189	-0.0112645	0.0562373	-0.00459007	0.190655	-0.0176556	-0.00153467	-0.00186768	0.00502713	0.00116139	
-0.00149282	0.000205954	0.182665	0.029139	0.00342501	-0.0227817	-0.0137385	0.00960201	0.0270894	0.0928278	0.0724968	-0.0318314	-0.00928197	0.133219	-0.00438588	-0.0128135	0.032866	-0.00432399	0.16209	-0.0195337	-0.00222262	-0.00179164	0.00102413	0.000876282	0.00413476	
0.00566131	-0.000548528	0.183715	0.0226658	0.0073649	-0.0252653	-0.00533911	0.0127532	0.0527595	0.0614988	0.0723558	-0.0313818	-0.0197235	0.134806	-0.00488705	-0.011141	0.0338819	-0.00462065	0.149036	-0.0171257	-0.000513676	-0.0025468	0.00254782	0.000735285	0.00296117	
0.00639959	0.00172181	0.151907	0.021208	0.0073649	-0.0222831	-0.00543752	0.0106435	0.0311849	0.102924	0.0683833	-0.0317319	-0.0157509	0.145583	-0.00452896	-0.0138109	0.0453076	-0.00442713	0.196266	-0.0171257	0.00159594	-0.000354109	0.00139233	0.000537368	0	
0.00940434	0.00852678	0.162709	0.0246611	0.00561937	-0.0228309	-0.00539767	0.0106435	0.0283015	0.0563296	0.0700678	-0.029222	-0.0202591	0.158889	-0.00483977	-0.00923877	0.0441813	-0.00463546	0.216782	-0.0171257	0.00159594	-0.00103252	0.00140429	0.00193741	-0.00747859	0	
0.0125971	0.0131932	0.152019	0.021275	0.00449969	-0.024853	0.00537885	0.0111443	0.0276571	0.095864	0.0451548	-0.028234	0.00465379	0.135226	-0.00491213	-0.0124709	0.052216	-0.00465976	0.118956	-0.0165632	0.00793775	-0.000618075	0.00282487	0.000752401	-0.0107447	0.00674241	
0.00127522	0.0164478	0.185154	0.017975	0.00544481	-0.0270905	-0.00906158	0.0114833	0.017811	0.049198	0.0550926	-0.0304498	-0.00678288	0.150609	-0.00399333	-0.0139491	0.0372967	-0.00444979	0.3204	-0.0184399	0.00137468	-0.0023045	-0.000441489	0.000996222	-0.00235521	0.0084819	0.00196341	
-0.0021488	0.0075555	0.152224	0.0173851	0.00427517	-0.0229294	-0.00599127	0.0129705	0.0218376	0.0960444	0.0542545	-0.0304952	0.000788121	0.136875	-0.00446685	-0.0100046	0.0381709	-0.0039966	0.116364	-0.0154476	-0.00103876	-0.00115563	0.00076041	0.000240799	-0.00548596	0.00610999	0.0132016	-0.00446685	
-0.00451875	0.00365313	0.178932	0.019475	0.00432413	-0.0233835	-0.00329079	0.0121727	0.0214428	0.134272	0.0417234	-0.0308797	0.0133192	0.118109	-0.00475449	-0.0112148	0.0455997	-0.0048352	0.158309	-0.0168995	0.0014235	-0.00146818	0.00236365	-0.000847832	-0.0325074	0	-0.000557527	
0.00255868	0.00862863	0.149599	0.019475	0.00417517	-0.0243339	-8.94949e-05	0.0121727	0.0193408	0.0624152	0.0683471	-0.0308542	-0.0204928	0.150538	-0.00448876	-0.0107626	0.0486781	-0.00531146	0.212219	-0.0168995	0.000733399	-0.00207503	0.00267382	-0.000380571	-0.00813337	
0.00490251	0.0162808	0.171985	0.0170829	0.00303529	-0.0208889	-0.000635636	0.0110816	0.0282424	0.0646308	0.052027	-0.0286204	0.00321466	0.225138	-0.00448876	-0.00905525	0.0518476	-0.00408895	0.301902	-0.0170045	0.00102822	-0.00301182	0.00248061	-0.000549358	-0.00868646	-0.00192683	
0.000608172	0.00952029	0.16989	0.0174308	0.0030662	-0.0201812	-0.0093035	0.012239	0.0139883	0.0770956	0.0601434	-0.0294356	-0.0134968	0.130628	-0.00446068	-0.00816448	0.0447365	-0.00384612	0.221337	-0.0158472	0.00391516	-0.0017965	0.0020805	-0.000473328	-0.00834411	
0.000934384	0.00661435	0.172007	0.0189903	0.00329886	-0.0251972	-0.00286847	0.0146908	0.0204593	0.0780876	0.0586778	-0.0344942	-0.0113908	0.0679663	-0.00426845	-0.0087829	0.057608	-0.00422113	0.285641	-0.0158148	0.00388814	-0.00130536	0.000710853	0.00182031	-0.00493672	0.0175813	0.00243899	-0.0146908	
-0.00252216	0.00725372	0.174357	0.0186411	0.00501782	-0.0241998	-0.00615026	0.0146908	0.0124793	0.0342184	0.0583286	-0.0332567	-0.0227768	0.111126	-0.00490733	-0.00662787	0.0345164	-0.00544482	0.279578	-0.0154656	0.00388814	-0.00251694	0.00202787	0.000128074	-0.00316203	0	0.0117058	
