-0.0848957	-0.0203624	0.0489771	-0.433734	0.0427721	0.597559	0.028839	-0.0803781	-0.0775482	-0.0780594	-0.0827332	-0.0805009	-0.0837297	-0.029115	0.161785	-0.0742928	-0.0639015	-0.0793406	0.132929	-0.055145	-0.0888364	-0.0852464	-0.0775452	-0.040769	0.0408706	-0.0246819	-0.0716675	-0.0584951	0.20658	-0.0466288	-0.0641909	-0.0829548	0.0137963	-0.0785407	0.0237801	-0.0548688	0.164762	-0.053075	-0.0579568	0.0678481	0.00587	-0.0819409	-0.0515556	-0.0846004	-0.0761626	-0.0385551	-0.0481903	-0.0566957	-0.0906721	-0.0573975	0.0498251	-0.0269915	-0.0583114	0.15961	0.0210799	-0.0781435	-0.0464334	0.0075568	0.0152121	-0.0816705	0.438007	-0.0903295	0.210772	-0.0244856	-0.0822583	-0.0600693	-0.0625187	0.0129561	-0.0460512	-0.059051	-0.0131631	-0.0662849	0.0266084	0.0042736	-0.0355081	-0.0815601	-0.0614169	-0.0821197	0.529146	-0.0779575	-0.0327886	0.0037916	
-0.0851655	-0.0203624	-0.0794418	-0.228766	0.0427721	0.507111	0.0462599	-0.0739368	-0.0783712	-0.0763828	-0.0834271	-0.0825444	0.0670795	0.0116247	-0.0714708	0.0477604	-0.0670648	-0.0752517	0.0140343	-0.0753588	-0.0381751	0.217563	-0.0745318	0.0827213	0.0120175	-0.0399164	0.164762	-0.084587	0.0756701	-0.0383856	-0.0868925	-0.0849284	0.013127	-0.0760392	0.00360404	-0.0284771	-0.0899677	-0.0873676	-0.0578149	-0.0276639	-0.0543562	-0.0687679	-0.0264073	-0.0250351	-0.0795952	-0.0779575	
0.0382051	-0.0203624	-0.0799876	-0.0855396	-0.0732016	0.509187	-0.0722027	-0.0780427	-0.0730509	-0.0831987	-0.0719442	0.108626	-0.0274785	-0.0595116	0.127212	-0.0835747	0.0332565	-0.0715945	-0.0836229	0.0312373	0.290069	0.127212	-0.0778152	-0.301706	0.0784602	-0.0902712	-0.0543562	-0.071859	0.0430165	
0.0303412	-0.0219564	-0.0805139	-0.0841331	-0.0662632	0.387678	0.0263547	-0.0726551	-0.077898	-0.0322228	-0.0844005	-0.0789066	0.0868111	-0.0540367	-0.0519791	0.270947	-0.0794423	0.0235519	-0.0902567	0.154582	0.081738	-0.00314228	-0.0703746	-0.082721	-0.0045795	-0.0778543	-0.304438	-0.0666381	
-0.0397618	-0.0805139	-0.0835697	-0.0709488	0.363389	0.0397257	-0.0726551	-0.0789785	-0.0288623	-0.0605067	-0.0773402	0.100059	-0.0586321	0.345083	-0.0836939	0.0235519	-0.0898073	0.103073	0.0852949	-0.0692464	-0.083622	-0.0831436	0.107151	-0.0764281	-0.00560834	-0.368158	-0.0632232	
-0.0831173	-0.0353258	-0.0805971	-0.0798477	-0.0703989	0.427285	0.0418742	-0.0714313	-0.0789785	-0.0329921	-0.0451848	0.0391374	0.160638	-0.0744056	0.407071	-0.0820392	0.0480216	-0.0898073	-0.0551911	0.0786161	-0.436305	-0.0651125	-0.0841367	0.123364	-0.0187444	-0.0748527	-0.0249163	
-0.0826999	-0.0304392	-0.0801074	-0.0841889	-0.0720773	0.348264	0.0505325	-0.0718919	-0.0789016	-0.0370864	-0.0289076	0.0294308	0.0390135	-0.0628366	0.0794582	0.215727	-0.0799117	0.0425818	-0.0898964	-0.0807303	0.00309731	-0.221209	-0.0633772	-0.0756473	0	0.184021	-0.0838392	-0.0335268	
-0.0826999	-0.025744	-0.0795711	-0.0788897	-0.075064	0.449358	0.0538872	-0.071732	-0.0809706	-0.0278307	-0.0574616	0.00145353	0.0464043	-0.0641918	0.0854719	0.183213	-0.0819156	0.00607317	-0.0839299	-0.0898529	-0.0791853	0.00740891	-0.189203	-0.0627748	-0.0757026	0.0924687	-0.00476049	
-0.0834284	-0.0244648	-0.0813328	-0.0791763	-0.0717518	0.337272	0.0488425	-0.0748852	-0.0798438	-0.0452288	-0.0429438	0.0406478	0.115294	-0.0662785	0.0899604	0.325701	-0.0791488	0.0376165	-0.0837712	-0.089785	-0.0704179	0.00580787	-0.33997	-0.0742952	-0.0757026	0.0924306	-0.0819461	
-0.0834284	-0.0325525	-0.0790532	-0.0806199	-0.061604	0.340955	0.0447217	-0.0738251	-0.0806678	-0.033973	-0.0381204	0.00804509	0.171303	-0.0666975	0.0833011	0.416159	-0.0822341	0.0611353	-0.0828696	-0.090073	-0.0709024	0.00335137	-0.429467	-0.0669574	-0.0774066	0.119481	-0.0764243	-0.00602744	-0.0289459	
-0.0827353	-0.0241535	-0.0778349	-0.0798039	-0.0551263	0.339833	0.0314963	-0.0749011	-0.0810127	-0.0261812	-0.022098	-0.00348141	0.100059	-0.0647544	0.0818763	0.25935	-0.0773656	0.048911	-0.0833955	-0.090073	-0.0684259	0.00712684	-0.272658	-0.07213	-0.0757641	0.160499	-0.0761853	
-0.0834689	-0.0257733	-0.0802342	-0.0824469	-0.059306	0.362644	0.0235533	-0.0748817	-0.0810127	-0.00317053	-0.0531185	0.0626227	0.130569	-0.070414	0.0714154	0.357987	-0.0846625	0.0587045	-0.0829359	-0.0899429	-0.078317	0.00890456	-0.361559	-0.0635335	-0.0774825	0.0886018	
-0.0863833	-0.0333761	-0.0823756	-0.0862758	-0.0692281	0.267561	-0.00378746	-0.0776738	-0.080647	-0.0257577	-0.0308793	0.00725082	0.127094	-0.0710233	0.0533179	0.349946	-0.0739471	0.0557117	-0.0853367	-0.0927518	-0.0860322	0.00641685	-0.35105	-0.0665369	-0.0791732	0.14984	0.0158678	
-0.0866205	-0.0292295	-0.0844483	-0.0852597	-0.0699511	0.333471	0.0119606	-0.0786391	-0.0839694	-0.0109217	-0.0454457	0.0209674	0.0774334	-0.0613904	0.0627275	0.279759	-0.0785399	0.0528704	-0.0888449	-0.0921495	-0.0715363	0.00555754	-0.294504	-0.0674871	-0.0786733	0.119727	
-0.084269	-0.0331249	-0.0817653	-0.0830282	-0.0689739	0.350572	-0.080135	-0.0156658	-0.0457256	0.0384794	0.139718	-0.0496202	0.0523992	0.280255	-0.0762358	0.0536771	-0.0861997	-0.090244	-0.0785724	0.00606241	-0.287984	-0.0700083	-0.0770272	0.14083	-0.0750665	
-0.0837558	-0.0215421	-0.0796862	-0.0861859	-0.0805333	0.309568	-0.081762	-0.0202071	-0.0752513	0.0429359	0.0990467	-0.0648429	0.0579285	0.251302	-0.0572298	0.0606332	-0.0862203	-0.0917569	-0.0962226	0.00491843	-0.236153	-0.0692277	-0.078528	0.104892	
-0.0839161	-0.0324878	-0.0789225	0.014707	-0.0867563	-0.0778109	0.302668	-0.0806216	-0.00035396	-0.0780772	0.196834	-0.0524191	0.0691221	0.262716	-0.264576	0.0370766	-0.0889286	-0.0912407	-0.0796357	0.0979501	-0.00607871	-0.0725227	-0.0803305	
-0.085239	-0.0314256	-0.0802766	0.014707	-0.055244	-0.0770049	0.425792	-0.0806322	0.0147347	0.0513665	-0.085764	0.00412349	0.0479493	0.185263	-0.18127	-0.0861139	-0.0914032	0.104867	-0.0871516	0.0701859	-0.0780772	-0.0700333	-0.0789773	
-0.0829304	-0.0217733	-0.0796454	0.00727616	-0.0511771	-0.0769476	0.353632	-0.0803464	0.0407681	0.0620373	-0.0829032	0.0331937	0.0436894	0.533575	-0.540034	-0.0846792	-0.0901627	0.123015	-0.0754231	0.0838073	-0.0731637	-0.0676796	-0.0764492	
-0.0860252	-0.0268032	-0.0841464	0.0169266	-0.0376779	-0.0777242	0.339468	-0.0812251	0.0437164	0.0599507	-0.0886673	-0.0792198	0.0517126	0.366056	-0.381086	-0.0872322	-0.0912863	0.158179	-0.072502	0.0960362	-0.0778536	-0.0719197	
-0.0860252	-0.0214734	-0.0809585	0.00712247	-0.0437585	-0.0791233	0.371262	-0.0815485	0.0248135	-0.0437048	-0.0632058	0.0173407	-0.087394	-0.0770335	0.0575459	0.416571	-0.424856	-0.0861557	-0.0923238	0.227703	-0.0761409	0.0457835	-0.076773	-0.0710125	0	
-0.0849799	-0.0187257	-0.0799306	0.00706742	-0.0675157	-0.0771959	0.319004	-0.0819768	0.016911	0.0189106	0.0359529	-0.0877789	-0.0822556	0.0495123	0.238551	-0.246836	-0.0862375	-0.0917799	0.131748	-0.075037	0.0679081	-0.0762776	-0.0704183	
-0.0851064	-0.0306662	-0.0806864	0.00499989	-0.0725019	-0.0761373	-0.0856784	-0.0814212	0.0352494	0.323905	0.0323188	-0.0865116	-0.0808152	0.056768	0.295598	-0.290256	-0.0927661	0.00814123	0.149555	-0.0894024	0.0331289	-0.0751043	-0.0644008	
-0.0839312	-0.0182196	-0.0822357	0.00735953	0.0357947	-0.0757445	-0.0820248	0.0404878	-0.080794	0.366405	-0.0870765	-0.0770034	0.0475917	0.265124	-0.272157	-0.0906168	0.0613642	0.161428	-0.0620252	0.0293049	-0.0740523	-0.0670903	
-0.0815435	-0.0265456	-0.0781626	0.00675416	0.0480139	-0.0734588	-0.0835419	-0.0856031	0.0500963	-0.0789384	0.459685	0.0758965	-0.0805444	0.040687	0.222551	-0.230217	-0.089626	-0.0566908	0.171779	-0.0748908	0.031437	-0.0720055	-0.0705637	0.0192632	
-0.0817196	-0.027975	-0.0796832	0.0058507	0.0582352	-0.0745919	-0.0824609	-0.0862494	0.0163786	-0.0768387	0.308591	-0.0144291	-0.0763785	0.0517963	0.284804	-0.288729	-0.0891457	-0.0641355	0.332339	-0.0806519	0.0372857	-0.0721782	-0.0722025	
-0.0806695	-0.0367327	-0.0800045	0.00671763	0.0650046	-0.0757624	-0.0850008	-0.0833341	0.0159015	0.371898	-0.0794521	-0.0798526	0.0567024	0.172262	-0.163023	-0.0890278	0.152697	-0.0933074	0.049213	-0.0730451	-0.0749228	
-0.0821243	-0.0256033	-0.0818927	0.00540193	0.0611383	-0.0723412	-0.084309	-0.0819527	0.0497525	0.417737	-0.076998	-0.0804019	0.05095	0.150808	-0.16122	-0.089241	0.211786	-0.0735317	0.0981962	-0.0731398	-0.0687315	0	
-0.0854471	-0.0284829	-0.0839679	0.00620989	0.0538811	-0.0768033	-0.0884082	-0.0853893	0.00544427	0.368842	-0.0831097	-0.08147	0.062194	0.218598	-0.218042	-0.0924944	0.172312	-0.0842409	0.0402576	-0.0764627	-0.0769558	-0.0818478	
-0.0810681	-0.0203011	-0.0816277	0.00704089	0.0434482	-0.0704964	-0.0821177	-0.0836159	0.0167457	0.387063	0.104388	-0.0806165	-0.0784794	0.0452567	0.244881	-0.26799	-0.0885419	0.136152	-0.0574971	-0.0705669	-0.0736634	
-0.0833636	-0.0359315	-0.0836761	0.00448869	0.0567807	-0.0763799	-0.0830039	-0.0808375	0.0254662	-0.0750742	-0.0710084	0.369081	0.0410531	-0.0834834	-0.0800675	0.0624138	0.388885	-0.396103	-0.0903784	0.157826	-0.0714975	0	
-0.0833636	-0.0332976	-0.0833121	0.00160469	0.0519972	-0.0752601	-0.0840867	-0.086026	0.0674435	-0.0718511	-0.0708368	0.24351	0.0433259	-0.0821524	-0.0818103	0.0584502	0.138953	-0.166142	-0.0903265	0.157276	-0.0512615	0.0888953	-0.00598241	
-0.0831425	-0.0118418	-0.0814819	0.0050706	0.0395803	-0.0756156	-0.085796	-0.0857512	0.00845125	-0.0634167	-0.0727312	0.346504	0.0604825	-0.0861842	-0.0813502	0.0523785	0.187413	-0.204873	-0.0902551	0.118287	-0.0642986	0.0106396	-0.0555313	
-0.0838772	-0.0324823	-0.0816526	0.00464099	0.0635113	-0.0686199	-0.0865705	-0.0832071	0.0297174	-0.0691694	-0.0727312	0.317767	0.128743	-0.0838312	-0.0800883	0.0559656	0.170155	-0.189211	-0.0903331	0.0859682	-0.0664091	0.006892	
-0.0830113	-0.0236575	-0.084131	0.00541365	0.0323475	-0.0719159	-0.0872568	-0.0853534	0.0183909	-0.0757346	-0.0729639	0.347947	0.0906066	-0.0875724	-0.081895	0.051042	0.256155	-0.276336	-0.0902953	0.16073	-0.0528145	0.0442668	
-0.0833206	-0.033101	-0.084131	0.00536263	0.0224548	-0.066998	-0.0863372	-0.0846426	0.00333713	-0.0740085	-0.0759365	0.352776	0.184272	-0.0871497	-0.0805307	0.0552871	0.26131	-0.270169	-0.0907451	0.137018	-0.0758917	0.0443616	0.0291675	
-0.0830993	-0.029414	-0.0818468	0.0106958	0.0413154	-0.069403	-0.0866584	-0.0844607	0.0239902	-0.0729907	-0.0744017	0.435036	0.100372	-0.0845124	-0.0819321	0.0432143	0.358516	-0.357804	-0.0903464	0.104207	-0.0813847	
-0.0833886	-0.0242989	-0.0845331	0.009289	0.0443324	-0.0732655	-0.0872977	-0.0834164	-0.00878626	-0.0693264	-0.073783	0.351316	0.0564676	-0.0830172	-0.0805899	0.0490093	0.292764	-0.314882	-0.0905162	0.160654	-0.0517945	
-0.0833208	-0.0250103	-0.0818779	0.00641658	0.0446334	-0.0746557	-0.0857674	-0.0857581	0.0161688	-0.0674895	-0.073783	0.324894	0.0445855	-0.0801373	-0.0807066	0.0425225	0.325752	-0.342047	-0.0909135	0.134315	-0.0493792	0	
-0.0834528	-0.0273841	-0.0845643	0.00951924	0.0623	-0.0717622	-0.085164	-0.0847145	0.0368221	-0.0668835	-0.0755649	0.324894	0.0861525	-0.0758834	-0.0797202	0.0494939	0.222438	-0.226238	-0.0909465	0.173014	-0.0734459	0.0204799	0.00133497	
-0.0826136	-0.0306132	-0.0853241	0.00441535	0.0619228	-0.0713985	-0.0857207	-0.0863875	0.0319221	-0.0722479	-0.0735784	0.381981	0.134721	-0.0784228	-0.0798793	0.056104	0.222438	-0.244415	-0.0908651	0.223212	-0.0610298	
-0.0833408	-0.0192799	-0.0838446	0.00534068	0.0363481	-0.0711792	-0.0843113	-0.0837951	0.0424459	-0.0722898	-0.0732639	0.404928	0.0854453	-0.081759	-0.0792977	0.0506159	0.360065	-0.366094	-0.0908719	0.228049	-0.0705651	-0.030778	
-0.0810619	-0.0450228	-0.0842753	0.00584927	0.0476097	-0.0751231	-0.0841609	-0.0880273	0.046437	-0.0629929	-0.0738422	0.347323	0.0955154	-0.0799854	-0.0800916	0.057772	0.209198	-0.211249	-0.090712	0.207015	-0.0833321	0.0277824	0.0810619	
-0.083403	-0.0364226	-0.083809	0.00864489	0.0157136	-0.0736766	-0.085978	-0.0843166	0.0594243	-0.0654813	-0.0758493	0.303967	0.0500127	-0.0784753	-0.080456	0.0469209	0.140561	-0.154392	-0.0906696	0.128838	-0.0678805	0	
-0.0827828	-0.0462904	-0.0834953	0.00554307	0.0406982	-0.0719936	-0.0860574	-0.0866399	0.0412638	-0.0639323	-0.0750107	0.291188	0.0663954	-0.0790288	-0.080456	0.0498248	0.287955	-0.291106	-0.0909026	0.113989	-0.073991	
-0.081295	-0.0336729	-0.0806972	0.00592083	0.0643843	-0.0690152	-0.0848607	-0.0837502	0.0356794	-0.0504376	-0.0734312	0.362375	0.119834	-0.0788694	-0.0768673	0.0341756	0.285042	-0.28075	-0.0884469	0.160184	-0.0814265	-0.0157854	0.000332321	-0.0346028	
-0.0813041	-0.0313357	-0.0800205	0.00663601	0.0493036	-0.0688111	-0.0836984	-0.0831833	0.0132667	-0.0499601	-0.0734312	0.354929	0.0775142	-0.0708127	-0.0793323	0.0504478	0.221088	-0.199523	-0.088679	0.173471	-0.0981576	0	
-0.0805791	-0.0315489	-0.0812563	0.00752777	0.0227469	-0.0688111	-0.0855965	-0.0854186	0.0608796	-0.0603667	-0.074655	0.339305	0.168638	-0.0820363	-0.0772077	0.0245251	0.203753	-0.226536	-0.088679	0.141929	-0.0589898	
-0.0805791	-0.0374908	-0.0822953	0.00723974	0.0198751	-0.0719571	-0.0853647	-0.0857576	0.076892	-0.0626576	-0.0746499	0.295533	0.0544661	-0.0821204	-0.0783232	0.0209658	0.26425	-0.271414	-0.0893489	0.205419	-0.0746498	-0.0462079	0.00696277	
-0.0820687	-0.0395357	-0.0829283	0.00662421	0.0529261	-0.0737018	-0.0855065	-0.086661	0.0460635	-0.064146	-0.0751323	0.276515	0.162254	-0.0818562	-0.0805165	0.0370843	0.336262	-0.34386	-0.0898284	0.172931	-0.0734747	-0.0516417	0.00836995	
-0.0826757	-0.0234882	-0.0823164	0.00608726	0.0400014	-0.0701381	-0.0878565	-0.0859109	0.0377926	-0.0583637	-0.0742481	0.297139	0.160752	-0.0842191	-0.0801684	0.0283508	0.3114	-0.331869	-0.0901817	0.0876378	-0.0628378	
-0.082844	-0.035533	-0.0809952	0.00702552	0.04084	-0.0703172	-0.0842897	-0.0862097	0.0469927	-0.0579131	-0.073637	0.36717	0.0578232	-0.0830064	-0.0801684	0.0405794	0.356973	-0.345217	-0.0908111	0.20804	-0.0982246	-0.0372184	
-0.0822387	-0.0417629	-0.0826479	0.00907109	0.0505396	-0.0740007	-0.0868951	-0.0873177	0.0369761	-0.0612155	-0.0737135	0.348485	0.226994	-0.0825571	-0.0801684	0.0373521	0.467603	-0.478735	-0.0895735	0.146521	-0.0722721	0.0041685	
-0.0817168	-0.0297361	-0.0814874	0.00859917	0.0501019	-0.0755316	-0.0854342	-0.0869443	0.0310783	-0.0563715	-0.0739821	0.310796	0.0791143	-0.0804077	-0.0785951	0.0293732	0.326549	-0.329164	-0.0899801	0.146521	-0.0799659	0.0830627	0.0019165	-0.0119722	0	-0.0163567	
-0.0828223	-0.0407138	-0.0837784	0.00385315	0.0270144	-0.0755316	-0.0870681	-0.0846622	0.0363494	-0.0479205	-0.073815	0.46935	0.174136	-0.0784599	-0.0807607	0.0490759	0.266326	-0.252915	-0.08978	0.230226	-0.0952462	0.140702	-0.0326067	0	0.0110874	
-0.0799576	-0.0431486	-0.077959	0.00323058	0.0459448	-0.0771145	-0.0864239	-0.0837603	0.0147626	-0.047135	-0.0730294	0.253871	0.0614621	-0.0790736	-0.0792597	0.0477501	0.260733	-0.243992	-0.0888892	0.239643	-0.0950714	0	
-0.0810804	-0.0430095	-0.0815749	0.0015523	0.0420916	-0.0761914	-0.086569	-0.0838432	0.00647011	-0.0567165	-0.0713926	0.29891	0.0704978	-0.0797427	-0.0792597	0.0495643	0.339283	-0.337767	-0.089227	0.174803	-0.0763776	-0.0286537	
-0.0830143	-0.0465013	-0.0827809	0.00124504	0.0436831	-0.0778837	-0.0887463	-0.0873873	0.029497	-0.064226	-0.0739495	0.379534	0.0476689	-0.079274	-0.0829258	0.0223601	0.239964	-0.249583	-0.0914358	0.156397	-0.0754578	
-0.0857155	-0.0439317	-0.0827815	0.00175724	0.0270819	-0.0774015	-0.088945	-0.0877687	0.0078531	-0.0520066	-0.0747299	0.311378	0.103832	-0.0812339	-0.0826113	0.0198846	0.307892	-0.298117	-0.0924059	0.100318	-0.0962378	
-0.0848933	-0.0308389	-0.0830315	-0.000999711	0.0592127	-0.0782602	-0.0877423	-0.0839891	0.0135223	-0.059277	-0.0740539	0.432426	0.063647	-0.0801077	-0.0829931	0.00707724	0.206847	-0.216575	-0.0914463	0.190951	-0.0744632	0.0113507	-0.0266408	
-0.0841443	-0.0398654	-0.0867458	0.00636543	0.0300185	-0.0776677	-0.0897586	-0.0866742	0.000274226	-0.0509893	-0.0756571	0.430279	0.108468	-0.0792793	-0.083871	0.0373051	0.382194	-0.405377	-0.0916154	0.134022	-0.0613161	-0.0308785	
-0.0854664	-0.0338748	-0.0834692	0.00414412	0.0455515	-0.0767472	-0.0905618	-0.0888325	0.00724678	-0.0612607	-0.0765917	0.359451	0.0700277	-0.0789802	-0.0827528	0.0410485	0.425779	-0.437887	-0.092486	0.145464	-0.0738729	0	-0.0364468	0.0340909	
-0.0868318	-0.0311226	-0.0865492	0.00449002	0.0439594	-0.0776683	-0.0914249	-0.0891813	-0.00164159	-0.0658509	-0.0781738	0.418397	0.164608	-0.0797336	-0.0850437	0.0484557	0.228279	-0.250371	-0.0936607	0.194072	-0.0654008	-0.057773	0.0128714	
-0.085296	-0.0441659	-0.0842175	4.94576e-05	0.0864443	-0.0779193	-0.0897779	-0.0884791	0.0161503	-0.0693499	-0.0731363	0.295389	0.161334	-0.0785086	-0.0816054	0.0263128	0.232933	-0.24734	-0.0922405	0.175444	-0.0733533	-0.0656176	-0.0756015	
-0.0845111	-0.0252989	-0.0832885	0.00440277	0.0534357	-0.078449	-0.0895803	-0.0866301	0.017319	-0.0667964	-0.0757388	0.373613	0.133391	-0.0860562	-0.0822467	0.0311541	0.295116	-0.314378	-0.0927124	0.137286	-0.0689925	0	0.0142905	
-0.0845343	-0.0313506	-0.0819907	-0.000270275	0.0964182	-0.0756522	-0.088133	-0.0872061	0.017159	-0.0638293	-0.0711618	0.410666	0.0995742	-0.0837048	-0.0806877	0.0327135	0.213389	-0.215017	-0.0903603	0.194748	-0.0834566	0.121169	
-0.0831686	-0.0290186	-0.0821258	0.00781439	0.0345161	-0.0733165	-0.0865828	-0.0866384	0.00898843	-0.0589265	-0.0750314	0.404647	0.126083	-0.0797056	-0.0815048	0.0454026	0.417802	-0.438067	-0.0905544	0.180297	-0.0644605	
-0.0849099	-0.0232032	-0.083369	0.00578046	0.068358	-0.0778761	-0.0863045	-0.0862727	0.0220494	-0.0627308	-0.0744555	0.513935	0.129191	-0.0858979	-0.0815922	0.0304029	0.404633	-0.414323	-0.0905022	0.139721	-0.0735619	
-0.0832178	-0.0302858	-0.0821024	0.00439064	0.051217	-0.0759193	-0.0881271	-0.0871593	0.0358636	-0.0479428	-0.0759082	0.444279	0.156521	-0.08325	-0.080944	0.0528175	0.237719	-0.225624	-0.0901421	0.182202	-0.0940934	
-0.0833445	-0.0171488	-0.0826431	-0.00149312	0.0374395	-0.0780597	-0.0857174	-0.0822689	0.00688278	-0.0603997	-0.0716815	0.415707	0.10034	-0.0802871	-0.0817155	0.0572035	0.209654	-0.208403	-0.0908184	0.102956	-0.0830753	
-0.0815748	-0.0260068	-0.0831615	0.00665359	0.0259316	-0.0773348	-0.085155	-0.0868551	0.00651673	-0.050204	-0.0780523	0.494737	0.155201	-0.0844551	-0.0805593	0.0454048	0.215568	-0.208807	-0.0908093	0.12095	-0.091363	-0.00845966	-0.0117396	
-0.0832598	-0.0355683	-0.0829094	0.0038275	0.0320126	-0.0773821	-0.0873681	-0.0856641	0.0363958	-0.0488527	-0.0753269	0.350914	0.156797	-0.0846523	-0.0816234	0.0494315	0.32435	-0.301768	-0.0908511	0.133468	-0.106722	
-0.0834701	-0.0222857	-0.083071	0.00317311	0.0138603	-0.0782419	-0.087765	-0.0844582	0.00444117	-0.0685375	-0.0748828	0.29452	0.10772	-0.0803211	-0.081799	0.0432449	0.277333	-0.284376	-0.0905226	0.165374	-0.0742641	0.0591316	
-0.0837524	-0.0242629	-0.0835479	0.00792544	0.0207862	-0.072185	-0.0868191	-0.0855287	0.0241534	-0.0624555	-0.0760399	0.250054	0.183991	-0.0841942	-0.0822189	0.0450207	0.290901	-0.296199	-0.0907679	0.12638	-0.0784657	0.001209	
-0.0839652	-0.032637	-0.0842399	0.0021152	0.0292818	-0.0740537	-0.0870663	-0.0853251	0.0408694	-0.0594225	-0.0760358	0.299731	0.0586146	-0.0835506	-0.081859	0.0586766	0.379162	-0.375435	-0.0908382	0.170948	-0.0861912	0	
-0.0835699	-0.00270111	-0.0836159	0.00286431	0.0246215	-0.0784578	-0.0873616	-0.0868694	0.0380514	-0.0536157	-0.076963	0.323256	0.0317876	-0.0792321	-0.0794021	0.0596698	0.252509	-0.247415	-0.0910417	0.172314	-0.0852837	
-0.0833519	-0.026004	-0.0842067	0.00632031	0.0260456	-0.0751587	-0.0841218	-0.0865981	0.0592819	-0.0474435	-0.076963	0.485457	0.0348625	-0.0823226	-0.0798638	0.0521659	0.309963	-0.309143	-0.0910577	0.147945	-0.0814992	
-0.0836666	-0.0326976	-0.0837305	0.00352838	0.0367358	-0.0775381	-0.0868672	-0.087189	0.0474435	-0.0602358	-0.0770181	0.409186	0.0518408	-0.0807243	-0.0798638	0.0330789	0.321447	-0.314474	-0.0910577	0.143565	-0.0892095	-0.0307515	0.00774657	-0.0368951	
-0.0838639	-0.0149256	-0.0810961	0.0022461	0.0262641	-0.0736506	-0.0861068	-0.0866208	0.0141626	-0.0594598	-0.0746819	0.402716	0.0662221	-0.0865316	-0.0798638	0.0605312	0.369778	-0.361641	-0.0910674	0.129941	-0.0939868	-0.00412062	
-0.0828509	-0.0284902	-0.0823899	0.00100347	0.0186799	-0.0803231	-0.0860176	-0.086163	0.011895	-0.0603968	-0.0747471	0.360793	0.0373176	-0.0817396	-0.0798638	0.0592431	0.379382	-0.384673	-0.090948	0.134694	-0.0768313	0.00035157	
-0.0836227	-0.00313563	-0.083142	0.00999965	0.0413192	-0.0743898	-0.0844677	-0.0858136	0.0199761	-0.0554302	-0.0766045	0.344545	0.0415435	-0.0820452	-0.0793349	0.0554463	0.268467	-0.267878	-0.0899172	0.193168	-0.0860017	0	0.00579382	-0.00345295	
-0.0826375	-0.0146776	-0.0807696	0.0120123	0.0263213	-0.0653492	-0.0872277	-0.0869805	0.033803	-0.0517632	-0.077646	0.363315	0.0727074	-0.0801115	-0.0786784	0.0505982	0.481498	-0.48091	-0.0908881	0.20185	-0.0739885	-0.0496875	-0.0160259	-0.0217402	0	
-0.0826988	-0.0260048	-0.0825932	0.00502657	0.0140551	-0.072319	-0.0844523	-0.0859329	0.0264649	-0.0621651	-0.0752432	0.516746	0.143461	-0.0806298	-0.078648	0.0382072	0.342193	-0.355358	-0.090638	0.146498	-0.0633227	-0.059758	-0.00682618	
-0.0824687	-0.00981727	-0.0815193	0.00354664	0.0181083	-0.0631534	-0.0846753	-0.0855958	0.0291571	-0.0566166	-0.0748358	0.374532	0.0378283	-0.0792917	-0.0759324	0.036851	0.377888	-0.380005	-0.0891014	0.160643	-0.0681023	-0.014791	
-0.081911	-0.0153319	-0.0798905	-0.000195719	0.0406353	-0.0630068	-0.0867914	-0.0855362	0.0297419	-0.0526427	-0.0726253	0.344237	0.0432915	-0.083022	-0.0765352	0.0442431	0.232623	-0.235886	-0.0898598	0.18823	-0.0635446	-0.0142541	
-0.082165	-0.0176446	-0.0776497	0.00222908	0.0263273	-0.0540175	-0.0853095	-0.0862593	0.0281878	-0.0583347	-0.0721278	0.312498	0.153443	-0.0837524	-0.0761279	0.0430366	0.205006	-0.217194	-0.0893662	0.119985	-0.0497041	-0.0231789	
-0.0860173	-0.0193945	-0.0848048	0.00314951	0.0340099	-0.0640248	-0.0884113	-0.0892162	0.017758	-0.0557222	-0.0790192	0.525096	0.296066	-0.0878358	-0.0798899	0.024084	0.197274	-0.213456	-0.0930102	0.218223	-0.0581205	-0.0166986	0.0497943	-0.044829	-0.0225711	
-0.0855164	-0.0193945	-0.0844697	0.00467512	0.0624415	-0.0564787	-0.0897628	-0.0885656	0.0558756	-0.0615896	-0.0781895	0.413677	0.13888	-0.0855598	-0.079589	0.0407929	0.329763	-0.348629	-0.0922421	0.220527	-0.0541008	-0.0282814	
-0.085469	-0.04117	-0.0852831	0.00402183	0.0389865	-0.0437379	-0.089177	-0.0877569	0.0516215	-0.0618407	-0.0781039	0.432309	0.0615434	-0.0815095	-0.0812914	0.0417592	0.179632	-0.203821	-0.0936759	0.159911	-0.0505739	-0.0405111	
-0.0856351	-0.0328846	-0.0835898	0.00644551	0.0591911	-0.0678444	-0.091289	-0.0886723	0.0342189	-0.0745208	-0.0794983	0.463212	0.0659867	-0.0807396	-0.0833388	0.0328649	0.4349	-0.436476	-0.0939082	0.187198	-0.0669918	-0.0164232	-0.00129072	-0.0229953	-0.0200652	0	0.00323633	
-0.0837315	-0.0420126	-0.0817532	0.00497673	0.0243317	-0.069589	-0.088348	-0.0830623	0.0522549	-0.0616621	-0.0764655	0.382859	0.0833783	-0.077761	-0.0807654	0.0421761	0.305707	-0.311326	-0.0912227	0.168398	-0.0685565	-0.0122625	
-0.0836274	-0.0338025	-0.0817605	0.00566126	0.0335527	-0.0514749	-0.0881249	-0.084508	0.0820409	-0.0683494	-0.0745919	0.436801	0.134747	-0.0767702	-0.080622	0.0527027	0.274115	-0.285191	-0.0917621	0.180271	-0.0553736	-0.0303212	0.010774	
-0.0860615	-0.0431316	-0.079765	0.00690239	0.0239272	-0.0656118	-0.0875142	-0.086189	0.0168128	-0.0568155	-0.0790423	0.442654	0.106483	-0.0744887	-0.081997	0.0437313	0.416373	-0.443442	-0.092689	0.22359	-0.0432424	-0.0138866	-0.0674836	
-0.0856424	-0.0292672	-0.0815815	0.00981499	0.0650914	-0.0473765	-0.0876309	-0.0865062	0.00942036	-0.0637318	-0.0800664	0.509611	0.066625	-0.0832962	-0.0830467	0.0444017	0.277128	-0.281739	-0.092614	0.144649	-0.0760749	-0.0347742	-0.0281486	
-0.0858697	-0.0381398	-0.079736	0.00702615	0.0500125	-0.0269635	-0.0882546	-0.0884266	0.0130199	-0.0663121	-0.0797074	0.42869	0.0529069	-0.084834	-0.0830467	0.0411141	0.381468	-0.397104	-0.0932366	0.120302	-0.0610779	-0.0567318	-0.0303957	-0.0241224	
-0.0840808	-0.0410857	-0.0822057	0.0083367	0.0325139	-0.0586007	-0.0884613	-0.0870172	0.0699699	-0.0662295	-0.0786132	0.400538	0.0635717	-0.0862168	-0.0817121	0.0350716	0.189852	-0.193558	-0.0931734	0.156235	-0.0751308	-0.0210013	0.0126101	-0.0361643	
-0.0835145	-0.0441017	-0.0803347	0.00710096	0.0538028	-0.0615909	-0.0898635	-0.0882437	0.0817238	-0.0630749	-0.0779743	0.397247	0.0972128	-0.0823893	-0.0834816	0.046865	0.233651	-0.259955	-0.093153	0.196685	-0.0429572	-0.0204272	-0.00621027	0.231918	0	0	
-0.0841328	-0.0461134	-0.0807495	0.00645363	0.036628	-0.0669418	-0.0878858	-0.0869118	0.0396455	-0.0614003	-0.0779743	0.472734	0.0566234	-0.0868153	-0.0819405	0.0364551	0.35699	-0.390144	-0.0925813	0.177748	-0.0397329	-0.0152014	-0.0276239	0.0754047	
-0.0840803	-0.0370045	-0.0802392	0.00699223	0.0259005	-0.0730095	-0.0880162	-0.0879368	0.0321618	-0.0725229	-0.0784839	0.452448	0.0466939	-0.0873349	-0.081194	0.0369501	0.260208	-0.282687	-0.0930911	0.205349	-0.0470013	-0.0086542	-0.0136432	
-0.0720902	-0.0250248	-0.0787769	0.00724645	0.043784	-0.0659352	-0.0859507	-0.0867473	0.0345185	-0.0638095	-0.077129	0.453683	0.0598878	-0.0827124	-0.081321	0.0436884	0.270703	-0.274467	-0.091016	0.214074	-0.0786764	-0.0149606	-0.0124078	-0.0270806	-0.0113596	
-0.0674026	-0.0315342	-0.0802711	0.00461701	0.0397783	-0.0602769	-0.0839039	-0.0880051	0.0671186	-0.0460315	-0.0760329	0.405833	0.0347621	-0.0822116	-0.079858	0.031187	0.266441	-0.289603	-0.0916415	0.144299	-0.047123	-0.0207864	-0.0164916	0	
-0.0668946	-0.0352809	-0.0795702	0.00452054	0.0384058	-0.0640316	-0.0844118	-0.0847477	0.031503	-0.061178	-0.0756787	0.444799	0.0514918	-0.083028	-0.0809824	0.0424455	0.209801	-0.226247	-0.0917647	0.152319	-0.0528976	-0.018204	-0.0164916	-0.000283178	
-0.0648861	-0.033021	-0.0834854	0.00985993	0.0382972	-0.0414679	-0.0874453	-0.0852596	0.0633223	-0.0500506	-0.077075	0.430059	0.0615509	-0.0822181	-0.0799366	0.0381906	0.139044	-0.125363	-0.0917654	0.121247	-0.0872217	-0.0377721	-0.0200292	
-0.0508406	-0.0358778	-0.081987	0.0100088	0.017381	-0.0651196	-0.0861285	-0.0848979	0.0892261	-0.0582561	-0.0780229	0.425826	0.0377552	-0.0861183	-0.0802788	0.0355058	0.23925	-0.240082	-0.0918289	0.118687	-0.0793779	-0.0126325	-0.0328209	0	
-0.0529412	-0.0251583	-0.0787852	0.00755019	0.0123575	-0.0776237	-0.0881889	-0.0863992	0.0891719	-0.0287731	-0.076497	0.41148	0.0911122	-0.0877957	-0.0812481	0.0427998	0.406112	-0.396893	-0.093114	0.18034	-0.0822898	-0.00494965	-0.0327585	0	
-0.0630324	-0.0420885	-0.0824045	0.00540458	0.0203155	-0.0710902	-0.0887148	-0.0879728	0.0526894	-0.0490453	-0.0785172	0.449775	0.0402369	-0.0835877	-0.0816164	0.0466625	0.27745	-0.300492	-0.0929928	0.187538	-0.0548775	-0.00845581	-0.0226673	-0.00553284	
-0.0641593	-0.0327944	-0.0745272	0.00720496	0.0230317	-0.062446	-0.0853475	-0.0826003	0.0442791	-0.0521795	-0.0763047	0.582365	0.0348804	-0.0849963	-0.0791856	0.0425295	0.183395	-0.214726	-0.0911471	0.189751	-0.0325578	-0.0135977	-0.0193279	0.016955	
-0.0649443	-0.029782	-0.0777581	0.00443283	0.0243546	-0.0631682	-0.0858727	-0.0846366	0.0374279	-0.0478005	-0.0755867	0.631706	0.1104	-0.0759406	-0.0816253	0.044687	0.364682	-0.393754	-0.0908574	0.132955	-0.0512617	-0.0153424	-0.0185429	
-0.0696417	-0.00523145	-0.0812508	0.00416292	0.0576457	-0.0648009	-0.085776	-0.0842818	0.0161119	-0.00767083	-0.0727136	0.399034	0.11164	-0.0815672	-0.0804368	0.0463115	0.143665	-0.151012	-0.0905204	0.145734	-0.0715532	-0.0124338	-0.0129373	
-0.0634032	-0.025055	-0.0804855	-0.000467276	0.028506	-0.0719087	-0.0863048	-0.0819146	0.0238253	-0.0401414	-0.0737491	0.395172	0.146322	-0.0818216	-0.079213	0.0477625	0.267307	-0.279576	-0.0908071	0.127293	-0.0643302	-0.00623179	-0.0203195	
-0.0766486	-0.0232332	-0.0793312	0.00892917	0.0390956	-0.0711477	-0.0848056	-0.0872156	0.0573922	-0.0573318	-0.0758336	0.362574	0.115107	-0.0829937	-0.0814045	0.0416721	0.285662	-0.273446	-0.0904125	0.221538	-0.0844648	-0.00562203	-0.00602956	0	
-0.0696794	-0.0274149	-0.0819468	0.00667654	0.0493433	-0.0687608	-0.0871701	-0.0874553	0.0230163	-0.0605245	-0.0789309	0.431753	0.0680152	-0.0878362	-0.080743	0.0454402	0.321661	-0.311106	-0.0927098	0.175111	-0.0842459	-0.0104042	-0.0149464	
-0.0668105	-0.00726391	-0.0806129	0.00790954	0.0440191	-0.0682283	-0.0860077	-0.0885097	0.0760288	-0.03718	-0.0767427	0.433401	0.130178	-0.0812163	-0.0827361	0.0513671	0.324745	-0.336114	-0.0926353	0.16761	-0.0694295	-0.0122543	-0.0185652	-0.00712338	0	
-0.0602347	-0.0261275	-0.0822231	0.00428338	0.0473877	-0.0708757	-0.0859577	-0.0884917	0.0211016	-0.0413305	-0.0775589	0.447454	0.135071	-0.0837535	-0.0825669	0.0561003	0.314305	-0.341319	-0.0921654	0.139435	-0.0544591	-0.00839698	-0.0247377	0	
-0.064357	-0.0116869	-0.08338	0.00744569	0.0454256	-0.0708867	-0.0870854	-0.0893651	0.0359638	-0.0413305	-0.0788266	0.438646	0.0822496	-0.0821658	-0.0831606	0.0541172	0.362374	-0.369318	-0.0922053	0.193335	-0.0751099	-0.0108036	-0.0206197	
-0.0616784	-0.0274233	-0.0838172	0.00686426	0.0449042	-0.0187608	-0.0860402	-0.0885856	0.0362727	-0.0370219	-0.0787325	0.333446	0.0822492	-0.0846186	-0.0823033	0.0529063	0.325366	-0.353327	-0.0923324	0.195241	-0.0473789	-0.0806853	-0.0236404	
-0.0621717	-0.0172559	-0.0825783	0.00170272	0.0550453	0.0482591	-0.0895699	-0.0874565	0.0446512	-0.0434201	-0.0761592	0.496731	0.106915	-0.0853723	-0.0825011	0.0506607	0.293803	-0.319605	-0.0924468	0.187727	-0.0523454	-0.0803146	-0.0231471	
-0.0613792	-0.032118	-0.0842112	0.00883742	0.0386004	0.00729679	-0.0891599	-0.0860247	0.043083	-0.0489962	-0.0790205	0.383432	0.136614	-0.0856123	-0.0827484	0.0518492	0.168682	-0.206573	-0.0925243	0.25244	-0.0297557	-0.0772201	-0.0231471	0	
-0.0505145	-0.020212	-0.0819848	0.00363169	0.0605131	0.15477	-0.0852482	-0.0862277	0.0334815	-0.0652721	-0.0790205	0.403451	0.0886976	-0.0855043	-0.082523	0.052557	0.322469	-0.351908	-0.0923027	0.251973	-0.0509152	-0.0794013	-0.0351174	
-0.0596073	-0.0287237	-0.0831735	0.00766044	0.0596846	-0.0568716	-0.0867879	-0.0857407	0.0309029	-0.0592123	-0.0777538	0.310852	0.0757545	-0.0801735	-0.0792916	0.0496369	0.408934	-0.418489	-0.0906671	0.227541	-0.0673659	-0.077463	-0.0236466	
-0.0501952	-0.0235806	-0.0815745	0.00258079	0.0309007	-0.0335081	-0.0853744	-0.0862302	0.0664973	-0.0593665	-0.0770541	0.385408	0.0813095	-0.0798319	-0.0799617	0.0400222	0.397582	-0.425252	-0.0908011	0.121111	-0.0499301	-0.079764	0.00580606	
-0.0536296	-0.0318979	-0.0825308	0.00625418	0.0558746	-0.0302162	-0.0850354	-0.0858498	0.0539742	-0.0608717	-0.0770687	0.357137	0.144633	-0.0811125	-0.0821493	0.0491573	0.130723	-0.131409	-0.0911515	0.165106	-0.0806956	-0.0767962	
-0.062083	-0.0316747	-0.0820938	0.00209157	0.0548289	-0.020984	-0.0865611	-0.0890796	0.0216031	-0.0708574	-0.0747449	0.331706	0.116109	-0.0795584	-0.079104	0.0463992	0.27589	-0.279119	-0.090776	0.136713	-0.0745477	-0.0777252	
-0.0634986	-0.0241589	-0.0818003	0.00483827	0.0466668	-0.0197979	-0.0857969	-0.0857819	-0.00684074	-0.0481467	-0.0774916	0.363839	0.120634	-0.0830517	-0.0800509	0.0215843	0.311805	-0.340139	-0.091218	0.178475	-0.0408106	-0.0805073	
-0.0779392	-0.0235488	-0.08159	0.00681779	0.0578337	-0.00794446	-0.0877849	-0.0886711	0.0126221	-0.0457983	-0.0803306	0.362206	0.134656	-0.0823374	-0.0829755	0.0302541	0.303337	-0.340617	-0.0923224	0.245273	-0.0416488	-0.0807626	
-0.0735061	-0.0252188	-0.0823778	0.00384065	0.043365	-0.0123775	-0.0885293	-0.0872527	0.0126464	-0.0631306	-0.0796475	0.378175	0.140631	-0.0843159	-0.0829755	0.045332	0.284704	-0.318026	-0.0930235	0.201249	-0.0376134	-0.0780627	0	-0.00444094	
-0.0549158	-0.0242752	-0.0815312	0.0040902	0.0308117	-0.0300406	-0.0857817	-0.0881957	0.0411541	-0.0402082	-0.0808468	0.435923	0.0438229	-0.0843159	-0.0832543	0.0358216	0.304484	-0.342044	-0.0923915	0.15033	-0.0354113	-0.0772255	0.00910478	
-0.0482598	-0.0135257	-0.0819242	0.00347035	0.0297508	-0.0370094	-0.0879267	-0.0892137	0.0108018	-0.0394984	-0.0775316	0.406263	0.0407886	-0.0834408	-0.0832543	0.0476839	0.26416	-0.297592	-0.0925463	0.123994	-0.0346213	-0.0769651	
-0.0519642	-0.0130469	-0.0795289	0.00374158	0.0478142	-0.033305	-0.0882328	-0.0870118	0.0109679	-0.057049	-0.0777273	0.32755	0.0595765	-0.0805332	-0.0815551	0.0511029	0.229951	-0.257878	-0.0928072	0.0917906	-0.0376014	-0.0749581	
-0.0542704	-0.0130469	-0.0822097	0.00469948	0.0141393	-0.0306891	-0.0878306	-0.0877861	0.0300982	-0.0638781	-0.0780329	0.406319	0.0768649	-0.0852552	-0.0829736	0.055499	0.288915	-0.326867	-0.093324	0.119375	-0.0185548	-0.0791584	0	0.07838	0.0178653	
-0.0455858	-0.0119484	-0.0857944	0.00330747	0.0821931	-0.0393737	-0.0888391	-0.0883121	-0.00699844	-0.0502259	-0.0780329	0.381054	0.0505542	-0.0838499	-0.0827481	0.0428195	0.213597	-0.00163773	-0.0922897	0.154877	-0.26263	-0.0789713	0.00351911	0	0.00276317	-0.0730624	0.000921535	
-0.0559388	-0.0173423	-0.0839553	0.00114568	0.032121	-0.0294801	-0.08725	-0.0865763	0.0096271	-0.0656723	-0.0780709	0.417539	0.14389	-0.0837493	-0.0819544	0.0508598	0.200906	-0.253776	-0.092583	0.145037	-0.245215	-0.0790456	0.00309421	0	
-0.058614	0.00266351	-0.0830586	0.00277082	0.0797564	-0.0245659	-0.0859757	-0.0874233	0.0416057	-0.0739304	-0.0766395	0.446871	0.0420816	-0.0803337	-0.079394	0.0395549	0.291342	-0.317074	-0.091167	0.105134	-0.339752	-0.0772311	-0.000699753	-0.0186817	-0.0342859	
-0.0556489	0.00692606	-0.0861558	0.00258882	0.043469	-0.0310527	-0.0900546	-0.0895981	0.05232	-0.0718615	-0.0804292	0.397967	0.0804365	-0.0871288	-0.083736	0.0366894	0.320398	-0.362055	-0.094095	0.140234	-0.354148	-0.0800755	-0.00376746	0	
-0.0549854	-0.00821519	-0.0849505	0.00150459	0.0509893	-0.0305753	-0.0887468	-0.0903455	0.0493392	-0.073415	-0.0775617	0.45477	0.0920662	-0.0848944	-0.0826829	0.0638503	0.171993	-0.22045	-0.0933104	0.098482	-0.233396	-0.0775128	0.00393674	
-0.0590949	-0.0172258	-0.08415	0.00826931	0.00309295	-0.0271609	-0.0870904	-0.0901204	0.0586095	-0.068072	-0.0794944	0.272148	0.145556	-0.0869989	-0.083574	0.0460215	0.267684	-0.329288	-0.0934971	0.149534	-0.307096	-0.0739769	0.00393674	-0.0244875	-0.0147091	0.00132532	
-0.0452215	-0.0150506	-0.0796738	0.00404501	0.0224831	-0.0364448	-0.085997	-0.0840622	0.0151116	-0.0598318	-0.0760485	0.410406	0.0393877	-0.0821415	-0.0801281	0.0333771	0.327946	-0.371909	-0.0889471	0.228449	-0.372748	-0.073237	0.00738262	0	-0.0549596	
-0.0519563	-0.0158487	-0.0790755	0.00458354	0.0392477	-0.0308815	-0.0854885	-0.0836799	0.037023	-0.0482263	-0.0732868	0.308633	0.100394	-0.0814168	-0.0792374	0.0525533	0.254137	-0.290317	-0.089516	0.122039	-0.298303	-0.0736102	0.00186785	0	-0.00603087	0	
-0.0515802	-0.00162881	-0.0788042	0.00290207	0.0260005	-0.0323832	-0.0875519	-0.0859421	0.0404062	-0.0573931	-0.0729288	0.356152	0.182024	-0.0798671	-0.0786037	0.0397642	0.315048	-0.368	-0.0911065	0.151162	-0.356664	-0.0785369	0.0074051	
-0.0611566	-0.0202766	-0.080654	0.00837165	0.0246117	-0.0222953	-0.0871385	-0.0856714	0.0533344	-0.0632323	-0.0781027	0.418015	0.212269	-0.0842281	-0.0817534	0.0385754	0.26129	-0.307647	-0.0902714	0.136242	-0.295167	-0.0756207	0.00201975	-0.0832804	
-0.0616463	-0.0265461	-0.0789449	0.00548055	0.0506361	-0.0214074	-0.0861277	-0.0845872	0.031278	-0.071489	-0.0752116	0.418015	0.169896	-0.0854227	-0.0805048	0.0517797	0.416985	-0.45446	-0.0900595	0.0991826	-0.45529	-0.0742139	0.00191366	0.080127	0.0106824	0.00333151	0	
-0.0662148	-0.0273514	-0.080997	0.00447164	0.0451388	-0.017554	-0.087758	-0.0873969	0.000224617	-0.0677348	-0.0742846	0.411126	0.0394669	-0.085202	-0.0810611	0.0372976	0.18753	-0.249717	-0.0905398	0.109463	-0.219411	-0.0743325	0.0181947	-0.0100623	
-0.0692421	-0.0294372	-0.0811811	0.00126145	0.0230765	-0.016857	-0.090038	-0.0901808	0.0341432	-0.0648894	-0.076028	0.358731	0.0497952	-0.0835787	-0.0812027	0.038002	0.352074	-0.407156	-0.0928429	0.138969	-0.396629	-0.0764846	-0.00210092	0.0366774	-0.0360283	
-0.056598	-0.037541	-0.0808548	0.00290758	0.0486725	-0.0289533	-0.0911713	-0.0884305	0.00892391	-0.0657762	-0.0776741	0.375177	0.0264401	-0.0871023	-0.0800912	0.0430149	0.315008	-0.353589	-0.0925821	0.131784	-0.356811	-0.0798539	-0.00210092	-0.0220091	
-0.0660305	-0.0366488	-0.0845445	0.00300441	0.0418738	-0.0201119	-0.0890494	-0.0896125	0.019021	-0.0596607	-0.0776069	0.281057	0.0472385	-0.0858667	-0.0813011	0.0563485	0.265865	-0.310323	-0.0927408	0.207879	-0.305566	-0.0794236	-0.000202038	0	-0.0180232	
-0.0560303	-0.0311134	-0.0821828	0.00031253	0.0705736	-0.0299089	-0.0897008	-0.0894105	0.0941147	-0.0705108	-0.0776069	0.299829	0.099207	-0.0866727	-0.0812014	0.0570708	0.293705	-0.337845	-0.0927028	0.129399	-0.344725	-0.0794236	0.00593374	
-0.0514443	-0.027419	-0.0830797	0.00196039	0.0315458	-0.0343272	-0.0892213	-0.0897437	0.0443025	-0.0446286	-0.0775908	0.3742	0.118855	-0.0851892	-0.0812014	0.0427903	0.218324	-0.27694	-0.0924854	0.0908303	-0.246948	-0.079548	0.000181043	
-0.0524037	-0.0422368	-0.0839587	0.00140519	0.0190597	-0.0343272	-0.0895422	-0.089544	0.0303554	-0.0750973	-0.0782159	0.322569	0.079663	-0.0835921	-0.0795351	0.0525234	0.351643	-0.397216	-0.0925759	0.140453	-0.394752	-0.0776976	0.00194976	
-0.0574165	-0.0333745	-0.0813084	0.00407059	0.0366123	-0.0275089	-0.0887102	-0.0908261	0.061078	-0.0623058	-0.0782159	0.373969	0.106384	-0.0858432	-0.0817949	0.0413773	0.263759	-0.33518	-0.0926153	0.141735	-0.302454	-0.0766222	0.00194976	0	0	0	
-0.0626611	-0.0284166	-0.0826578	0.00383795	0.0335838	-0.0223542	-0.0885159	-0.0883675	0.0409062	-0.0725632	-0.0779833	0.280384	0.101317	-0.0855466	-0.0823437	0.0410675	0.327439	-0.367053	-0.0928106	0.161184	-0.356824	-0.0771518	-0.00869513	
-0.0527016	-0.0355274	-0.0833883	0.0036773	0.028198	-0.033121	-0.0881435	-0.0880035	0.028708	-0.0725542	-0.0779833	0.326968	0.094931	-0.0869497	-0.0827604	0.0537807	0.330391	-0.386064	-0.0927339	0.248772	-0.369048	-0.0759901	-0.00869513	
-0.0436738	-0.0313766	-0.0793745	0.00453231	0.0567766	-0.0399059	-0.0870626	-0.0871945	0.0466483	-0.0617118	-0.07538	0.265807	0.104295	-0.080883	-0.0789407	0.0460567	0.226434	-0.266741	-0.0895219	0.161611	-0.249168	-0.0790905	0.00556175	-0.0163183	0.00256634	0.0379462	
-0.0673187	-0.0385761	-0.0806614	-0.000246032	0.0145761	-0.0177346	-0.0875614	-0.0867294	0.0447885	-0.0636221	-0.0750157	0.273273	0.139008	-0.0852388	-0.081197	0.0514403	0.381218	-0.411075	-0.0901875	0.14275	-0.418182	-0.0781788	0.00457313	0	-0.00610401	
-0.0538985	-0.0319013	-0.0796952	0.00411604	0.0292711	-0.0311613	-0.0881039	-0.0887648	0.065008	-0.0582054	-0.0763601	0.272684	0.0925026	-0.0864763	-0.0809141	0.0535945	0.261527	-0.309965	-0.0911057	0.19028	-0.292662	-0.0780373	0.00753555	
-0.0538985	-0.038861	-0.0814516	0.00667342	0.0368072	-0.0311613	-0.0869236	-0.0878194	0.0292696	-0.0698985	-0.0777827	0.273545	0.131232	-0.0823599	-0.0791221	0.056508	0.319529	-0.341589	-0.0913616	0.184199	-0.363645	-0.0793354	0.000304325	-0.000224652	0.0490164	
-0.0518463	-0.0324305	-0.0814294	0.00626302	0.0259007	-0.0321411	-0.0873851	-0.0879754	0.0910443	-0.068945	-0.0777827	0.360984	0.160908	-0.0830721	-0.0808221	0.0557422	0.405493	-0.436341	-0.0915793	0.193683	-0.446862	-0.0799923	-0.00687013	-0.0302991	
-0.0574108	-0.0202558	-0.0828408	0.00613395	0.0216832	-0.0270728	-0.0879135	-0.0894696	0.0961499	-0.0643687	-0.0776537	0.176525	0.0794997	-0.0842854	-0.0800783	0.0484233	0.451296	-0.484948	-0.0903592	0.213395	-0.497025	-0.0808207	0.0115072	0.00223642	
-0.0536411	-0.0261738	-0.081642	0.00621715	0.0322787	-0.0308426	-0.0892043	-0.0877328	0.047043	-0.0630418	-0.0783576	0.335674	0.110138	-0.0809476	-0.0789668	0.0561772	0.272684	-0.295308	-0.0912247	0.113322	-0.323208	-0.0800887	0.00197057	0.00593884	
-0.0536411	-0.0308852	-0.0792169	0.00493668	0.0191726	-0.0308426	-0.0866346	-0.0885127	0.0739856	-0.0601691	-0.0776489	0.24861	0.0530022	-0.0826086	-0.0806103	0.0507914	0.268854	-0.316111	-0.0911434	0.161232	-0.314922	-0.0785811	0.0156881	
-0.0489502	-0.0293501	-0.0785442	0.00425278	0.0263951	-0.0351089	-0.0892318	-0.0864673	0.12613	-0.0609348	-0.0778001	0.273509	0.177292	-0.083323	-0.078895	0.0530156	0.251832	-0.284374	-0.0913235	0.168298	-0.291056	-0.079343	0.0141607	-0.0742247	0.0261396	
-0.0562187	-0.0424036	-0.0800204	0.00706034	0.0136257	-0.0299435	-0.0911278	-0.0897408	0.0862468	-0.0589896	-0.0808302	0.243406	0.188991	-0.0877885	-0.0824513	0.0369357	0.367907	-0.415059	-0.0930791	0.179823	-0.421002	-0.0799741	0.0125611	-0.0453642	-0.0311399	
-0.0611447	-0.0460568	-0.0834874	0.00635458	0.0584952	-0.0246996	-0.0882442	-0.0894081	0.0471856	-0.0675752	-0.0803991	0.225475	0.056885	-0.0863396	-0.0838994	0.0464419	0.153576	-0.195517	-0.0934394	0.162843	-0.197496	-0.0799741	0.0125611	
-0.0577733	-0.0477998	-0.0831262	0.00967371	0.0306259	-0.0276623	-0.0899769	-0.0896616	0.041868	-0.0740742	-0.0801727	0.301147	0.100115	-0.0833576	-0.0823295	0.0531498	0.236412	0.0933721	-0.0924596	0.178756	-0.283699	-0.0792968	0.0125611	-0.00286194	0	
-0.0634218	-0.0522762	-0.0846803	0.00523667	0.0159106	-0.0227049	-0.0897961	-0.0897115	0.125099	-0.0782859	-0.0781756	0.277982	0.0990069	-0.088057	-0.0802371	0.036497	0.235353	0.085308	-0.0925286	0.240478	-0.296275	-0.0793091	0.00893204	-0.0638567	-0.0375785	-0.0198746	
-0.0500191	-0.0396592	-0.0843018	0.00523667	0.0432583	-0.0369428	-0.0901048	-0.0896559	0.0836789	-0.0500825	-0.0781756	0.349659	0.0627349	-0.0877794	-0.082763	0.0482074	0.307932	0.0702328	-0.0927284	0.17804	-0.359683	-0.0767868	-0.0050884	-0.00806527	
-0.0518551	-0.0424912	-0.0829564	0.00448031	0.050672	-0.0857479	-0.0863463	0.0508481	-0.0694055	-0.0752272	0.444509	0.0715023	-0.0812803	-0.0791171	0.0489816	0.426923	-0.0305192	-0.0911181	0.196528	-0.45714	-0.0767726	0.0101462	
-0.0530146	-0.0441622	-0.0833039	0.0046096	0.0198935	-0.0876766	-0.0860117	0.0572956	-0.0662288	-0.0759712	0.242736	0.06687	-0.0845953	-0.0813198	0.0408347	0.337041	-0.0319055	-0.0899506	0.169151	-0.370729	-0.0793973	0.0101462	
-0.057472	-0.0414789	-0.0802147	-0.00157209	0.0235904	-0.027733	-0.0848271	-0.0860417	0.0733452	-0.0647865	-0.0735989	0.300816	0.170251	-0.0846896	-0.0784552	0.0533413	0.171786	-0.0258417	-0.0911964	0.160727	-0.202045	-0.0803382	0.00894186	0.0105729	-0.00587264	
-0.0527481	-0.0438002	-0.0821964	-0.00310854	0.00667559	-0.0886454	-0.0900643	0.0834484	-0.0697867	-0.0743837	0.273328	0.218663	-0.0877448	-0.081406	0.0368678	0.348848	-0.0326953	-0.0927508	0.24436	-0.382019	-0.0794741	0.0265663	
-0.0442934	-0.0211941	-0.0836092	0.00344022	0.0183223	0.0197556	-0.0875581	-0.0865383	0.0725573	-0.0681438	-0.0754064	0.350522	0.0982136	-0.0827698	-0.0790567	0.03696	0.295593	-0.0393812	-0.0907074	0.180134	-0.340092	-0.0754327	-0.0470069	0	0	
-0.0492835	-0.0361616	-0.08249	0.00254252	0.0099328	0.015135	-0.0868271	-0.0871567	0.0342503	-0.0454713	-0.0745584	0.292604	0.127779	-0.0847866	-0.0805904	0.0533075	0.397656	-0.0345417	-0.0906471	0.180134	-0.432219	-0.0777139	0.0306321	
-0.0494562	-0.0315831	-0.0832352	0.000684457	-0.00540215	0.0147088	-0.0879214	-0.0853647	0.0508994	-0.0670902	-0.0744098	0.381864	0.10107	-0.084991	-0.0806623	0.0541106	0.418032	-0.0344824	-0.0913334	0.146278	-0.455522	-0.0772937	0	-0.0172193	0.0133204	
-0.065442	-0.0330516	-0.0830627	0.00248703	0.0373006	0.00671544	-0.0876441	-0.0877336	0.0444212	-0.0755086	-0.0768986	0.318789	0.131272	-0.0892573	-0.0824626	0.0532501	0.294518	-0.0210001	-0.0924726	0.132421	-0.326561	-0.0776368	
-0.0610761	-0.0370325	-0.0851862	0.000594838	0.0152561	0.0105846	-0.0886563	-0.0907731	0.0348153	-0.0556309	-0.0751973	0.233241	0.0831789	-0.0888622	-0.0818134	0.0592542	0.214437	-0.0244021	-0.0920681	0.132247	-0.254199	-0.0810581	0	
-0.0477492	-0.0425548	-0.0850765	0.000928115	0.0254372	0.00620169	-0.0887581	-0.0891767	0.0100582	-0.0681093	-0.0750901	0.254987	0.0981866	-0.0860798	-0.0833015	0.0519988	0.193254	-0.0379287	-0.0932652	0.112855	-0.236861	-0.0844018	-0.0252086	
-0.0673423	-0.0379162	-0.0860338	-0.000164923	0.0292041	0.00114359	-0.0874521	-0.0902843	0.0453538	-0.071987	-0.0776544	0.273146	0.0618978	-0.0856107	-0.082992	0.0516317	0.364719	-0.0180619	-0.0930426	0.149856	-0.394299	-0.0810969	-0.0281434	0	
-0.057262	-0.0456869	-0.0840775	0.00235025	0.0107793	0.00388596	-0.0903196	-0.0888677	0.0361762	-0.0709858	-0.0780488	0.295279	0.187778	-0.0848582	-0.0835792	0.0541257	0.454238	-0.0280465	-0.0931515	0.158027	-0.503956	-0.0797445	0	
-0.0739955	-0.0263404	-0.0828049	0.00208792	0.0185699	0.0104391	-0.0906542	-0.0885589	0.0427128	-0.0600959	-0.078045	0.291682	0.0384051	-0.0881059	-0.0826701	0.0587511	0.209548	-0.0140582	-0.0936067	0.300758	-0.256051	-0.0839724	
-0.0610358	-0.0424992	-0.0853457	0.00104802	0.00106476	-0.00150683	-0.0874693	-0.0878808	0.092349	-0.0660072	-0.0756212	0.266043	0.0853792	-0.0869262	-0.0804107	0.0618949	0.21304	-0.0236656	-0.0914212	0.224373	-0.253012	-0.0778295	
-0.0731965	-0.0447743	-0.0827655	0.000936406	-0.00551878	-0.00487305	-0.0881555	-0.088999	0.0327143	-0.0634744	-0.0774902	0.311703	0.0668485	-0.0868038	-0.0815873	0.0697941	0.450816	-0.0127148	-0.0923612	0.151006	-0.492133	-0.0799908	-0.0384706	-0.0477766	0	
-0.0577096	-0.0396781	-0.0830745	0.00540747	0.015135	0.00544419	-0.0883788	-0.0886982	0.0675808	-0.0699444	-0.0766016	0.3269	0.0964041	-0.0840061	-0.0818907	0.0554484	0.351038	-0.0277466	-0.0930347	0.0986533	-0.393307	-0.0787582	
-0.0679246	-0.0437089	-0.0850121	0.0108861	0.000422558	-0.00619874	-0.0885644	-0.0911092	0.0528965	-0.0699444	-0.078721	0.290689	0.132409	-0.08905	-0.0809071	0.055107	0.327659	-0.0186823	-0.0935489	0.144852	-0.3551	-0.0768287	
-0.0680869	-0.0471151	-0.0845772	0.00408225	0.0129258	0.0116324	-0.0892964	-0.0888333	0.0381518	-0.0689868	-0.0792802	0.537608	0.127567	-0.085429	-0.0826266	0.0533009	0.208523	-0.0193145	-0.0940957	0.145506	-0.245843	-0.0815797	-0.0141201	0	
-0.0575678	-0.035448	-0.0833499	0.00480925	0.00831883	0.00181619	-0.0880763	-0.0908315	0.048058	-0.0754567	-0.0792237	0.404522	0.0775561	-0.0850955	-0.0839034	0.0569474	0.209827	-0.028776	-0.0938876	0.198026	-0.242845	-0.0793048	-6.12627e-05	-0.0590813	
-0.0738477	-0.0455543	-0.0823487	0.000905974	0.00831883	0.0125316	-0.090074	-0.089954	0.0804616	-0.0616179	-0.0778299	0.398206	0.119459	-0.0828308	-0.0833612	0.0690524	0.257497	-0.013745	-0.0938876	0.166389	-0.291757	-0.0810748	-0.00558258	
-0.0580616	-0.0352361	-0.0836799	0.00710624	0.0327176	0.0116998	-0.0886819	-0.0911059	0.0481907	-0.054602	-0.080305	0.398083	0.110404	-0.0889354	-0.0820574	0.0631987	0.298608	-0.029666	-0.0946819	0.170743	-0.336097	-0.0814414	-0.000388447	
-0.0642097	-0.0362045	-0.0775531	0.00053817	0.0057589	0.0100429	-0.0848584	-0.0842234	0.0670987	-0.0589622	-0.0736729	0.469859	0.0903924	-0.0848157	-0.0787219	0.0526639	0.306119	-0.0181217	-0.0897389	0.217433	-0.338846	-0.07549	
-0.0533317	-0.0366803	-0.0806335	0.003675	0.02554	0.00324773	-0.0864295	-0.0866062	0.0994882	-0.0636199	-0.0751193	0.393951	0.100074	-0.0822523	-0.0794951	0.0581612	0.200847	-0.0290197	-0.0901581	0.139446	-0.232264	-0.0762918	0	
-0.0565244	-0.0348363	-0.0834345	0.00352599	0.00586849	0.0259765	-0.0885355	-0.0872763	0.0677782	-0.0630856	-0.0778785	0.42898	0.102858	-0.0849216	-0.0825064	0.0473978	0.216516	-0.0276518	-0.0919378	0.134143	-0.252066	-0.0814069	-0.0271553	
-0.0493688	-0.0384749	-0.0835205	0.00208593	0.0206579	-0.00350679	-0.0883654	-0.0865031	0.0881544	-0.0616381	-0.0776286	0.38384	0.100677	-0.0858268	-0.0811925	0.0614919	0.364623	-0.034274	-0.09217	0.0985228	-0.390376	-0.0794191	-0.0171156	
-0.0442425	-0.038688	-0.0827406	0.00324272	0.00644979	-0.00267434	-0.0907055	-0.0907472	0.0125697	-0.0574839	-0.0772078	0.385987	0.0485191	-0.0862164	-0.0835261	0.0448764	0.190961	-0.0414567	-0.0935157	0.131474	-0.231824	-0.082544	0.0315173	
-0.054974	-0.052475	-0.0840002	0.00136434	-0.00365136	-0.00237451	-0.0893214	-0.0889982	0.0153661	-0.0624271	-0.0773948	0.441362	0.0491715	-0.0876172	-0.0823741	0.0638734	0.330535	-0.0303321	-0.0930419	0.164379	-0.365123	-0.07836	0.0651245	-0.060994	0.0151044	-0.0184821	
-0.0630056	-0.0450299	-0.0840002	0.00139117	0.0354187	0.00397672	-0.089697	-0.0885908	0.0685554	-0.0504139	-0.0771758	0.419459	0.0732826	-0.0871848	-0.0810564	0.0580843	0.319571	-0.0223063	-0.093587	0.134535	-0.344732	-0.0783193	
-0.0720369	-0.0442734	-0.0838453	0.000874799	0.0123212	0.00957721	-0.089833	-0.0889754	0.0527595	-0.06723	-0.0766594	0.388644	0.0605631	-0.0837757	-0.0830679	0.0586084	0.158828	-0.013421	-0.0932804	0.155678	-0.205594	-0.0792785	0	0.0103082	
-0.0572974	-0.0352721	-0.0811926	-0.00207635	0.0402217	0.00189767	-0.0899925	-0.0898593	0.0667506	-0.0676025	-0.0760909	0.466764	0.0878127	-0.083356	-0.0821861	0.0608281	0.258603	-0.0284897	-0.0929897	0.0709813	-0.304594	-0.0757812	-0.0208846	
-0.0649588	-0.0389928	-0.0842801	0.000270378	0.0217549	-0.00214554	-0.0901098	-0.089951	0.0576261	-0.0633463	-0.0775634	0.442004	0.0406265	-0.0848215	-0.083927	0.0554484	0.20219	-0.0214434	-0.0949835	0.0611401	-0.242692	-0.0816759	-0.01251	
-0.0614271	-0.0492436	-0.0831877	-0.00229409	0.0378992	0.00345754	-0.0905372	-0.0917236	0.0806758	-0.0651335	-0.0763275	0.375698	0.0862224	-0.0918282	-0.0851525	0.0610612	0.184808	-0.0249004	-0.0946798	0.178846	-0.229324	-0.0793436	-0.0257107	
-0.0658976	-0.0380127	-0.0836844	0.00138426	0.0213252	0.00591731	-0.0919631	-0.0920279	0.0591116	-0.0651047	-0.0772388	0.402975	0.100785	-0.0886117	-0.0843376	0.0684835	0.315102	-0.020518	-0.0952398	0.113652	-0.364217	-0.0795329	0.0401526	0.032301	
-0.0643891	-0.0371805	-0.0831252	-0.000848664	0.0316085	0.000984569	-0.0892579	-0.0900401	0.0671806	-0.05547	-0.0796938	0.323738	0.0518351	-0.0874746	-0.0843376	0.0555794	0.309337	-0.020518	-0.0947229	0.114296	-0.357943	-0.0849644	
-0.0596847	-0.0480746	-0.0855383	0.00492707	0.0311549	0.000984569	-0.0906147	-0.090306	0.0887712	-0.0723817	-0.0796938	0.309715	0.0770142	-0.0851256	-0.0829724	0.0559056	0.103998	-0.0249157	-0.0948402	0.140462	-0.149211	-0.0803181	-0.00492172	
