-0.078322	-0.0526929	-0.0515924	0.0307129	-0.0526694	-0.0607564	-0.0612308	0.149482	0.216142	0.0687032	-0.00428689	-0.104622	-0.0182634	-0.191914	-0.0527395	0.13935	-0.0645144	-0.114821	0.198693	-0.0095011	-0.0834785	0.0334442	-0.0507448	-0.0610783	-0.0383526	-0.0543874	-0.0676565	-0.0577036	-0.00025503	0.152813	0.14092	-0.101101	-0.0825875	-0.0140892	0.0874039	-0.0718252	-0.074295	0.262124	-0.068119	0.0764679	-0.0016893	-0.091644	-0.0638344	-0.0054988	-0.0163436	-0.104637	0.901722	-0.0951515	0.0634474	-0.0314014	0.547348	-0.106204	-0.0820385	-0.0317372	-0.0183519	0.726221	-0.0562954	-0.111193	0.0738812	0.0513636	0.020575	-0.0756228	-0.0035336	-0.0626079	-0.069968	0.0877549	-0.0175709	-0.0784696	0.044991	0.277868	-0.039859	-0.0646845	-0.0170801	-0.0041565	-0.108963	-0.0714366	-0.0638589	
-0.0702012	-0.0526929	-0.0510552	0.0282526	-0.0521195	-0.0522673	0.0343491	0.121182	-0.061703	0.047748	0.0738812	0	-0.101983	-0.0182634	-0.201747	-0.0648336	0.0913029	0.117229	-0.0408075	-0.112564	-0.063138	-0.0673267	0.00156665	0.152813	-0.107854	-0.0995166	-0.102423	-0.0760375	0.0562739	-0.00707695	0.0473183	-0.100666	0.901544	0.187171	-0.0317372	0	0.0566644	-0.0729946	-0.0669701	0.0557195	-0.0315376	-0.0804272	-0.0612308	0.322024	
-0.0695822	-0.051887	-0.0753839	0.0282526	-0.049891	-0.0586532	-0.0505621	-0.053351	-0.0626986	0.0762278	0.0738812	-0.0467309	-0.102075	-0.267425	-0.112595	-0.0231853	-0.0861071	0.000220466	0.222494	-0.104932	0.113479	-0.0937703	0.733515	-0.0041528	-0.0706161	0.261406	-0.0320262	-0.0769864	-0.0666274	0.200129	
-0.0757047	-0.0536185	-0.0823476	0.0282526	-0.0534527	-0.0372045	-0.0644939	-0.066772	-0.069105	0.0479395	0.0738812	-0.049112	-0.100976	-0.0410201	-0.112165	-0.0713309	0.235931	-0.104508	0.0560024	0.196401	0.000367206	0.0804618	-0.0606213	0.638589	-0.107543	-0.0833828	-0.157884	0.161341	-0.0310037	-0.0797892	
-0.0647888	-0.0528645	-0.0835773	0.0240289	-0.0612634	-0.069806	-0.0692888	0.0468817	0.0751395	-0.0547136	-0.109488	-0.070414	0.174627	-0.0567081	-0.0640366	0.169364	-0.000580882	-0.0550535	-0.0628907	0.817116	-0.0331519	-0.104768	-0.0784438	-0.147137	0.0968892	-0.0329279	-0.0967065	
-0.061363	-0.0698417	-0.0826641	0.0240289	-0.0665425	-0.0724849	-0.000218175	-0.109694	0.0731065	-0.0528645	-0.0718415	0.223278	-0.0472412	-0.078364	0.184022	-0.0560918	-0.0550535	-0.0649755	0.594137	-0.0373392	-0.0998098	-0.0954295	-0.17037	0.152267	-0.0329242	
-0.0696199	-0.0708657	-0.0861982	0.0289574	-0.0653885	-0.0758831	0.00157928	-0.114551	0.0757355	-0.053524	-0.0730369	0.189333	-0.0597545	-0.0822011	0.180944	-0.0536817	-0.0674628	0.638573	-0.108787	-0.0995415	-0.0657672	0.144864	-0.0319868	
-0.0675196	-0.0678176	-0.0859624	0.0299691	-0.0603483	-0.0756294	0.193744	-0.115631	0.0767319	0.261545	-0.0563063	-0.0791746	0.0677749	-0.0580063	-0.0537873	-0.0322023	-0.0594682	0.667865	-0.105923	-0.103025	-0.0725237	-0.072572	
-0.0689603	-0.0690491	-0.0724712	0.0327532	-0.0721265	-0.0619746	0.174689	-0.115488	0.07146	0.188742	-0.0542	-0.0732056	0.118193	-0.0498754	-0.0515407	-0.0309846	-0.0649487	-0.0636288	0.431153	-0.104086	-0.102914	
-0.0638648	-0.0714307	0.0257259	-0.0576399	-0.0743193	-0.0697319	0.20818	-0.108832	0.0718663	0.227251	-0.0508406	-0.0681582	-0.0272402	-0.0758115	0.0578519	-0.0557958	-0.0510241	-0.0318594	-0.059127	0.321557	-0.102473	-0.0906376	
-0.062867	-0.071337	0.0284681	-0.0545959	-0.0706436	-0.0704554	0.197854	-0.11142	0.0718663	0.241793	-0.0736591	-0.0700196	-0.0815352	-0.100663	0.136067	-0.0529629	-0.0508731	-0.0320783	-0.0565197	0.599829	-0.104996	
-0.072511	-0.0682265	0.0284681	-0.0514618	-0.0685591	-0.0680031	0.154903	-0.111712	0.0724867	0.287519	-0.0683609	-0.0696673	-0.0756129	-0.0990215	-0.0615989	-0.106688	0.146055	-0.0298171	-0.0562381	-0.0531516	0.625463	
-0.0699331	-0.0733962	0.0249184	-0.053478	-0.0701252	-0.069277	0.210359	-0.110148	0.074481	0.225839	-0.0630369	-0.0711692	-0.0816133	-0.0940413	-0.0594737	-0.0915754	0.108508	-0.0274613	-0.0562319	-0.0579449	0.590076	
-0.070659	-0.0708511	0.0272366	-0.0488312	-0.0656791	-0.0662413	0.177194	-0.110148	0.0712584	0.141602	-0.0604822	-0.0714312	-0.073369	-0.0980876	-0.0600184	-0.105189	0.0987515	-0.0289068	-0.0564421	-0.0535494	0.636614	-0.0288362	0	-0.0139548	
-0.0663547	-0.0701548	0.025231	-0.0588141	-0.068243	-0.0680987	-0.0323781	-0.108622	0.0728955	0.161851	-0.0564182	-0.0718909	-0.0789887	-0.0956642	-0.0557398	-0.0924969	0.0883804	0.497493	-0.0540324	-0.0511868	0.145864	
-0.0697571	-0.0741636	0.0239548	-0.0566749	-0.0680071	-0.069571	-0.0285767	-0.109671	0.0751417	0.186088	-0.0557961	-0.0700509	-0.0829732	-0.0945718	-0.0579802	-0.104089	0.125232	0.615127	-0.0588986	-0.0564477	0.175251	0	0.119162	
-0.0659202	-0.0684976	0.0241402	-0.0595589	-0.0623535	-0.0606474	-0.0278232	-0.109574	0.0738549	0.167853	-0.0592109	-0.0741261	-0.0821683	-0.0960255	-0.059004	-0.100899	0.110225	0.474245	-0.0551326	-0.0578814	0.13422	0.0286754	
-0.0634936	-0.0693367	0.0237051	-0.0597837	-0.0729174	-0.0686407	-0.0291634	-0.109389	0.0746136	0.450674	-0.0607952	-0.0728088	-0.0791754	-0.0942467	-0.0634205	-0.105355	0.133407	0.42138	-0.053743	-0.0563144	0.170722	-0.0454804	
-0.0721466	-0.073076	0.0248257	-0.0567927	-0.0730119	-0.0760708	-0.0293381	-0.110851	0.0746136	0.260628	-0.0657128	-0.0728088	-0.0782055	-0.0908942	-0.0565094	-0.103064	0.136566	0.374087	-0.055079	-0.0563144	0.136536	0	
-0.0633607	-0.070288	0.0248257	-0.0567927	-0.0722494	-0.063875	-0.0292038	-0.110782	0.073933	0.133155	-0.0505282	-0.0710266	-0.0811309	-0.0952632	-0.0536953	-0.101052	0.0680522	0.404605	-0.0555145	-0.0563144	0.108777	0	
-0.0695822	-0.0691775	0.026726	-0.0568216	-0.0663558	-0.069494	-0.0325367	-0.110841	0.0743815	0.447515	-0.0595632	-0.0688929	-0.0727862	-0.0512411	-0.0961522	0.0862295	0.501294	-0.0464082	-0.0511205	0.074654	
-0.0742114	-0.0707711	0.0254841	-0.052895	-0.0750124	-0.0740189	-0.0331375	-0.110808	0.0739285	0.303353	-0.0506012	-0.0734363	-0.0809711	0.102735	-0.0517111	-0.0953695	0.143699	0.56361	-0.048511	-0.0516859	
-0.0587894	-0.0711344	0.0209623	-0.0526369	-0.0751508	-0.0718089	-0.0307445	-0.106002	0.0752317	0.286344	-0.0542044	-0.0744805	-0.0782987	0.0924057	-0.0535891	-0.0915022	0.116234	0.480861	-0.0508532	-0.0546341	
-0.0740638	-0.0676699	0.0260521	-0.0538966	-0.0653279	-0.0701504	-0.0285082	-0.109701	0.0728952	0.242682	-0.0555996	-0.0734432	-0.0787665	0.102535	-0.0423748	-0.0973767	0.110214	0.621047	-0.0517116	-0.0550433	0	0.00941707	
-0.0715996	-0.0712445	0.0260521	-0.0525182	-0.071142	-0.0721409	-0.0315725	-0.10968	0.0710782	0.242217	-0.0385335	-0.0735819	0.132241	-0.0505176	-0.094736	0.0822166	0.543659	-0.0515865	-0.0519132	-0.0171974	
-0.0717588	-0.0680645	0.0266482	-0.0553833	-0.0693755	-0.0649043	-0.0257525	-0.110582	0.0710242	0.31182	-0.056726	-0.0748082	0.124811	-0.0513761	-0.0951641	0.0938879	0.613246	-0.049256	-0.0581522	
-0.0694986	-0.077604	0.0273101	-0.0538653	-0.0715082	-0.0669982	-0.0296882	-0.113421	0.0756593	0.230818	-0.0625535	-0.0754836	0.0755501	-0.0555474	-0.0965023	0.168908	-0.056591	0.0756593	0.407856	-0.0522287	
-0.0770678	0.0228127	-0.0506173	-0.0646924	-0.0723914	-0.0261389	-0.108578	0.0763432	0.374314	-0.0635249	-0.075323	0.0895195	-0.0447828	-0.093371	0.0898293	-0.0596333	-0.0668589	0.361569	-0.0541489	
-0.0936421	-0.0758945	0.0242855	-0.0554847	-0.0710337	-0.0715147	-0.0271344	-0.110816	0.0773253	0.203879	-0.0472974	-0.073676	0.109163	-0.0509695	-0.0961491	0.0789131	-0.0591633	-0.0712791	0.572473	-0.0493969	-0.012314	0.0116696	
-0.0547924	-0.0745131	0.0226747	-0.0540605	-0.0714575	-0.0703311	-0.0275167	-0.108813	0.075066	0.390823	-0.0501412	-0.0763993	0.0698065	-0.0498573	-0.0924566	0.0659364	-0.0591085	-0.0666374	0.446112	-0.0553732	
-0.0877687	-0.0741683	0.0235526	-0.0557469	-0.0780246	-0.0675369	-0.0261205	-0.109101	0.0753467	0.200394	-0.0555677	-0.0745402	0.123633	-0.0574734	-0.0971446	0.125778	-0.0594764	-0.0706248	0.584868	-0.0472829	0	0	
-0.0879247	-0.0749037	0.0235526	-0.0557469	-0.0651369	-0.0590524	-0.0273145	-0.109016	0.0753467	0.279391	-0.0536896	-0.0741266	0.0779991	-0.0590021	-0.0982316	0.0582006	-0.0587356	-0.0698299	0.466564	-0.0496107	-0.0483871	
-0.079848	-0.0748012	0.0234104	-0.0602503	-0.0673595	-0.0658325	-0.0273347	-0.109035	0.0757688	0.406205	-0.0608923	-0.0761375	0.105375	-0.0493375	-0.0956667	0.0522711	-0.0588778	-0.0702213	0.608245	-0.049525	
-0.0857517	-0.0738334	0.0233413	-0.0541619	-0.0717177	-0.0684995	-0.0255628	-0.108914	0.073965	0.305368	-0.0600444	-0.0739623	0.0861433	-0.0496534	-0.0945281	0.0779259	-0.0599136	-0.0630888	0.417779	-0.0457828	
-0.0810116	-0.0772761	0.0233413	-0.0589082	-0.073927	-0.072863	-0.0302095	-0.108921	0.0754536	0.482909	-0.0595698	-0.0730627	0.0948786	-0.0592104	-0.0966481	0.142256	-0.055985	-0.0591328	0.710374	-0.0511326	
-0.0988831	-0.0737458	0.0233389	-0.0588837	-0.0631232	-0.0589467	-0.0298244	-0.108436	0.074084	0.417626	-0.0486961	-0.0753353	0.0907545	-0.0544298	-0.0957554	0.0937573	-0.0555758	-0.0612791	0.637179	-0.0499156	
-0.0741117	-0.073929	0.0233389	-0.0599113	-0.0749941	-0.0513936	-0.0291116	-0.108536	0.0741544	0.21565	-0.0637602	-0.0744501	0.0906018	-0.059752	-0.0928798	0.0362173	-0.0559258	-0.0643251	0.452695	-0.0499156	0	
-0.0670586	-0.0733994	0.0207583	-0.0557051	-0.0710298	-0.054941	-0.0314208	-0.105803	0.0737823	0.28635	-0.0602952	-0.0725311	0.0622352	-0.0559367	-0.0918815	0.0872605	-0.0534225	-0.0531935	0.638462	-0.0517869	
0.0829805	-0.0760736	0.0258617	-0.0589337	-0.0718462	-0.0576214	-0.0293913	-0.111916	0.0763468	0.323067	-0.0631882	-0.0736723	0.0961845	-0.0536824	-0.0941272	-0.0529281	-0.0571211	-0.0541468	0.453381	
0.0716313	-0.0759958	0.0276898	-0.0566094	-0.0720999	-0.0679983	-0.0303351	-0.112022	0.0727635	0.415209	-0.0637269	-0.0713092	0.121657	-0.0526269	-0.0986281	-0.0539005	-0.0541849	-0.0647624	0.450611	-0.0573171	-0.0754703	0	0.00299752	0	
0.132138	-0.0683241	0.0325903	-0.0502879	-0.0746849	-0.057081	-0.0277471	-0.114432	0.0712182	0.244808	-0.0585233	-0.0693869	0.133158	-0.0533821	-0.0995401	-0.0417481	-0.053412	-0.0477261	-0.00815276	-0.0289079	0.418157	
0.14873	-0.0726297	0.0318777	-0.0485304	-0.0737419	-0.0612065	-0.0254939	-0.113922	0.0712182	0.343957	-0.0642478	-0.0715853	0.146714	-0.0503109	-0.0981052	-0.0508327	-0.0566075	-0.0616071	0.0137879	0.470533	
0.145726	-0.0667651	0.0318777	-0.0533448	-0.063382	-0.0528157	-0.0271015	-0.113772	0.0699364	0.290207	-0.0585607	-0.0703427	0.0847981	-0.0479767	-0.098348	-0.0547377	-0.0546609	-0.065269	0.0245865	0.750462	
0.131691	-0.0702581	0.0225835	-0.0510032	-0.0707944	-0.0657551	-0.0295016	-0.10455	0.0709243	0.24624	-0.0459182	-0.0706686	0.117249	-0.0534824	-0.0897915	-0.0495838	-0.0530041	-0.0620532	0.00221465	0.442705	
0.101149	-0.0722	0.0233798	-0.0520325	-0.0711198	-0.072168	-0.0342736	-0.105577	0.0710338	0.122487	-0.0553723	-0.0699521	0.0419864	-0.0478576	-0.095339	-0.0503417	-0.0484265	-0.0625862	0.0168957	0.571117	0.0485323	0	
0.0578997	-0.0685817	0.021719	-0.0544416	-0.0711403	-0.0553633	-0.0336621	-0.103522	0.0721685	0.366903	-0.0512458	-0.0706978	0.15995	-0.0427887	-0.0930649	-0.0504461	-0.0484265	-0.0554564	-0.000786124	0.706591	0.0154701	
0.106064	-0.0703731	0.021719	-0.0545677	-0.0535386	-0.0664106	-0.0345216	-0.10352	0.0716328	0.181967	-0.0533335	-0.0701354	0.13755	-0.0570913	-0.0934783	-0.0495921	-0.0476226	-0.0464549	0.00459879	0.507785	0.00884478	
0.150055	-0.0679229	0.026648	-0.0524032	-0.0606266	-0.057336	-0.0331665	-0.108567	0.0700869	0.234807	-0.0589188	-0.0700337	0.104769	-0.0511171	-0.101953	-0.0519523	-0.0484992	-0.0539613	0.0039587	0.566637	
0.0709084	-0.0742481	0.0194563	-0.0624571	-0.0708005	-0.073736	-0.0284314	-0.107927	0.0788041	0.261454	-0.0547345	-0.0793263	0.134361	-0.0524207	-0.0993012	-0.0582264	-0.0598502	-0.0624197	-0.00282858	0.862751	
0.0777274	-0.0710979	0.0212536	-0.0464742	-0.0645512	-0.0647699	-0.0352434	-0.104018	0.0725682	0.292802	-0.0533019	-0.0704544	0.12916	-0.0554881	-0.0965428	-0.0546068	-0.0480897	-0.055952	0.00701505	0.383348	
0.0768281	-0.0677183	0.023435	-0.0496824	-0.0660871	-0.0597452	-0.0331083	-0.10428	0.0699738	0.291348	-0.0479435	-0.069379	0.0955065	-0.0521788	-0.0892772	-0.0472913	-0.0476178	-0.0559973	0.0101108	0.583013	-0.0369236	
0.054322	-0.0687992	0.0277024	-0.05368	-0.0733184	-0.0709522	-0.0338066	-0.108297	0.0700256	0.29409	-0.0596517	-0.0715544	0.129789	-0.0596326	-0.0988099	-0.0486461	-0.0476178	-0.0610636	0.0174957	0.35537	
0.137866	-0.0667932	0.0329315	-0.0399051	-0.0649955	-0.0611225	-0.0289312	-0.113449	0.0706613	0.307012	-0.0639891	-0.0679865	0.0992021	-0.0399863	-0.104074	-0.0498113	-0.051429	-0.0647293	0.00588086	0.502082	-0.0296243	0	
0.11619	-0.0734978	0.0248076	-0.0478184	-0.0631971	-0.0681162	-0.0304194	-0.10575	0.0705084	0.272255	-0.0529192	-0.0697265	0.10222	-0.0420329	-0.0972561	-0.0446261	-0.0504484	-0.0579788	0.0236304	0.479691	-0.00169509	
0.241833	-0.0635854	0.0250348	-0.0483565	-0.0710455	-0.0613902	-0.0350394	-0.106431	0.0702885	0.218992	-0.0671835	-0.0699787	0.0794192	-0.0509501	-0.095703	-0.040964	-0.0462336	-0.0620355	0.0181867	0.823068	-0.00226278	
0.0835422	-0.073606	0.0228713	-0.0446905	-0.0559859	-0.0740377	-0.0285724	-0.106435	0.0733756	0.194971	-0.0563932	-0.0723537	0.0570441	-0.0514451	-0.0992476	-0.0487374	-0.0536086	-0.0667781	-0.00265647	0.458625	
0.142843	-0.0747053	0.0257151	-0.0528625	-0.058832	-0.0704163	-0.0343644	-0.111347	0.0754621	0.221044	-0.063853	-0.0729891	0.0989046	-0.0484962	-0.102943	-0.0544549	-0.0513907	-0.0636723	-0.00137486	0.695508	0.0313958	-0.0273881	-0.0220241	0.0217417	
0.127001	-0.0746719	0.0204221	-0.0528625	-0.071058	-0.0631098	-0.0291331	-0.105639	0.0735462	0.156487	-0.0640149	-0.0733515	0.117587	-0.053469	-0.0966201	-0.0518177	-0.0554306	-0.0580973	-0.00854071	0.601829	
0.161367	-0.0714541	0.0192838	-0.0475372	-0.0629341	-0.0634488	-0.0311509	-0.104672	0.0753576	0.295796	-0.0562216	-0.0734661	0.0971155	-0.0484864	-0.0958315	-0.053861	-0.054795	-0.0583779	-0.00396917	0.431976	-0.0204013	
0.0891696	-0.0593041	0.0303116	-0.0503424	-0.0612807	-0.0643204	-0.0300407	-0.113086	0.0721997	0.254824	-0.0565528	-0.0717244	0.0808592	-0.033978	-0.101492	-0.0512227	-0.0520314	-0.0608658	0.000136176	0.55903	
0.139923	-0.0667465	0.0269738	-0.0477356	-0.0673013	-0.0343236	-0.112239	0.0203514	0.0755622	0.312965	-0.0668543	-0.0731541	0.0781808	-0.0244258	-0.103492	-0.0501125	-0.0517053	-0.0621643	-0.0142322	0.584262	-0.016732	
0.121524	-0.0753115	0.0269779	-0.055638	-0.0723915	-0.0322241	-0.112442	0.0741137	0.127767	-0.0634955	-0.0726244	0.123498	-0.0387227	-0.101092	-0.0558747	-0.0524976	-0.0626661	0.00135642	0.46157	
0.0788458	-0.0717681	0.0276989	-0.0500598	-0.0704855	-0.0341362	-0.112229	0.0733928	0.540625	0.152866	-0.057939	-0.0699712	0.0943499	-0.0425472	-0.104788	-0.0476737	-0.0508529	-0.0692217	-0.00836283	
0.129431	-0.0685814	0.0278426	-0.0533502	-0.069253	-0.02873	-0.112364	0.073249	0.521571	0.228391	-0.0664135	-0.0725896	0.0995969	-0.0395005	-0.103185	-0.0535032	-0.0547711	-0.0635706	-0.00133872	0.0190091	
0.142307	-0.0700395	0.0269899	-0.052577	-0.0732833	-0.0324022	-0.112234	0.0735327	0.679485	0.260178	-0.0731913	-0.0745527	0.0639425	-0.0551211	-0.0995408	-0.0575385	-0.0537099	-0.0664968	-0.01707	0	
0.0917145	-0.0771175	0.0264712	-0.0538614	-0.0672185	-0.0313408	-0.113114	0.0756569	0.576794	0.180031	-0.0656996	-0.0732361	0.0609014	-0.041743	-0.105003	-0.05185	-0.0552944	-0.0725192	-0.0154981	0.120846	
0.140504	-0.0717334	0.0227239	-0.0554768	-0.0749973	-0.0309053	-0.109145	0.0760563	0.44644	0.121058	-0.0643818	-0.0757923	0.120601	-0.0458217	-0.0967462	-0.0566655	-0.0552944	-0.067938	-0.00792388	
0.16104	-0.0678404	0.0227239	-0.0518836	-0.0747417	-0.036761	-0.109433	0.0760563	0.807878	0.192189	-0.0540749	-0.0739487	0.0826871	-0.0522111	-0.0996413	-0.0558382	-0.0499916	-0.06429	0.00372822	0	
0.114707	-0.065442	0.0257476	-0.052789	-0.0703199	-0.0299983	-0.108435	0.0716023	0.577395	0.357858	-0.053047	-0.0727597	0.126001	-0.051818	-0.0983913	-0.0519488	-0.0523164	-0.0629294	0.00684735	-0.0387131	0.00067573	-0.0119746	
0.168643	-0.0713901	0.0272666	-0.0578317	-0.0781017	-0.0317488	-0.113488	0.0755474	0.489449	0.180651	-0.0728914	-0.0765459	0.031725	-0.0614016	-0.102403	-0.0561168	-0.0548319	-0.0701939	-0.0049632	-0.0674831	
0.0943679	-0.0619743	0.027646	-0.0573125	-0.0635693	-0.0345397	-0.113867	0.0752364	-0.0145263	0.174073	-0.065405	-0.0751347	0.488933	-0.0589984	-0.105027	-0.0546956	-0.0512946	-0.0708791	
-0.0575931	0.100222	-0.0729869	0.0220287	-0.0604324	-0.074862	-0.0317722	-0.108296	0.0740002	-0.0206604	0.216513	-0.0641342	-0.0797517	0.749632	-0.0519029	-0.0995185	-0.0589781	0	-0.0567047	0.00379347	-0.0281143	0	
-0.060675	0.0569898	-0.0701872	0.0204692	-0.0603518	-0.0719217	-0.029059	-0.108283	0.0751122	-0.0191145	0.264765	-0.0542382	-0.0785048	0.505039	-0.0542481	-0.0998033	-0.0556485	-0.00170322	-0.066813	0.00223396	0.00490875	
-0.0516443	0.154445	-0.0682236	0.0269104	-0.0569348	-0.0751595	-0.0357164	-0.114985	0.076809	-0.0144456	0.302159	-0.0621878	-0.0772301	0.517388	-0.0600975	-0.104399	-0.047329	-0.064441	0.0235347	-0.000777672	0.00192771	0.0377305	0.132759	
-0.0545915	0.154839	-0.0741334	0.018837	-0.0588101	-0.0790032	-0.033018	-0.115088	0.084786	-0.0144456	0.241402	-0.0567259	-0.0784403	0.242496	-0.0562665	-0.104011	0	-0.00885106	-0.0331789	-0.0628972	-0.042645	0.0973371	
-0.054081	0.0956713	-0.0672601	0.018837	-0.0540915	-0.0671244	-0.0312206	-0.115088	0.0853715	-0.0711235	0.170946	-0.0692348	-0.0726396	0.264886	-0.0588988	-0.097144	-0.0111346	-0.0406544	-0.000293764	-0.0191608	
-0.0529514	0.096762	-0.0693077	0.0126034	-0.0515601	-0.0832467	-0.0324383	-0.115156	0.0924171	-0.0655783	0.261044	-0.0644505	-0.0734751	0.33907	-0.0475098	-0.107196	-0.0176439	-0.0521942	-0.0162262	-0.0113715	
-0.0541402	0.129502	-0.0680308	0.0221237	-0.0484964	-0.0651734	-0.0314416	-0.115638	0.0831376	-0.0673864	0.267849	-0.0590293	-0.0743753	0.321863	-0.0488206	-0.10439	-0.00673731	-0.0476674	-0.00324196	-0.00131993	0.0177243	0	
-0.0500058	0.115331	-0.0674628	0.0207693	-0.0489834	-0.0747839	-0.032451	-0.115398	0.0838277	-0.065729	0.192284	-0.0642385	-0.0716426	0.398743	-0.0408522	-0.101517	-0.0122263	-0.0439031	-0.00413489	0.0272902	-0.0161258	-0.00059493	
-0.0477341	0.114619	-0.0638441	0.0257974	-0.0520414	-0.0583465	-0.0345626	-0.115402	0.0793505	-0.063419	0.302151	-0.0695221	-0.0731261	0.281621	-0.0469987	-0.105426	-0.00751673	-0.0479956	0.000170352	-0.014329	-0.0635311	0	
-0.0487512	0.19253	-0.0636335	0.00754199	-0.053622	-0.085673	-0.0333825	-0.115494	0.0983065	-0.0582806	0.13644	-0.0647352	-0.0714768	0.251039	-0.0507327	-0.103524	-0.0257722	-0.048419	0.00681964	-0.0431723	-0.0369681	0.014948	
-0.0506143	0.178985	-0.0624398	0.01518	-0.0543285	-0.0565678	-0.0310721	-0.117018	0.0907439	-0.0653069	0.241673	-0.0697458	-0.0690032	0.326552	-0.0463018	-0.107827	-0.0211648	-0.0467629	0.00423613	0.00732633	-0.0622735	-0.0180301	
-0.0457276	0.181424	-0.0687821	0.0116563	-0.0469098	-0.0678637	-0.03556	-0.113982	0.0925541	-0.0608897	0.217494	-0.0662221	-0.0710815	0.368152	-0.0465818	-0.101289	-0.0211648	-0.0489762	0.00666983	-0.0281897	0.0905027	-0.00553586	
-0.0455889	0.181796	-0.0655818	0.00919535	-0.0509361	-0.0901664	-0.0356852	-0.115143	0.0954323	-0.066911	0.195748	-0.0717428	-0.0711298	0.395529	-0.0466785	-0.104204	-0.0247936	-0.0524972	0.00806278	-0.0181138	
-0.0465606	0.161985	-0.0660808	0.0169453	-0.0485232	-0.0899513	-0.0348226	-0.116392	0.0903329	-0.071067	0.132097	-0.0751463	-0.0700795	0.23451	-0.0502751	-0.105347	-0.0183578	-0.0399371	0.00029009	-0.0183344	
-0.053566	0.107506	-0.0652443	0.0169453	-0.0452406	0.351869	-0.0264388	-0.116423	0.0882948	-0.062371	0.204653	-0.0587765	-0.068187	-0.0536675	-0.106072	-0.0187764	-0.0426408	0.026299	-0.011169	
-0.0552024	0.202724	-0.0709843	0.0186798	-0.0541606	0.457759	-0.0281691	-0.12111	0.0920199	-0.0759844	0.0790953	-0.0747325	-0.0731861	-0.0289642	-0.0419307	-0.111486	-0.0190394	-0.0560923	-0.00457771	-0.0537066	
-0.0515265	0.116541	-0.073242	0.0192447	-0.0533919	0.719626	-0.031477	-0.120726	0.0899397	-0.0774279	0.141342	-0.0714504	-0.0727555	-0.00640285	-0.048676	-0.106221	-0.0183041	-0.0505618	0.0156622	-0.0499095	-0.0176081	-0.0178362	-0.0100146	0.0051737	
-0.0581732	0.163505	-0.0718938	0.0162916	-0.0574786	0.480466	-0.0272787	-0.11799	0.0905975	-0.0636035	0.20343	-0.0684973	-0.0743619	-0.0178849	-0.0591139	-0.104837	-0.0162529	-0.0609279	0.0103023	0	0	0.0178833	
-0.0561197	0.141624	-0.071666	0.0158597	-0.0523642	0.691291	-0.0294876	-0.11703	0.0896784	-0.0634988	0.160646	-0.0708418	-0.0743602	-0.0123959	-0.0529975	-0.101616	-0.0162529	-0.050645	0.0121679	-0.033894	0	
-0.0561197	0.143332	-0.0767247	0.00294601	-0.0534821	0.506065	-0.0292592	-0.113578	0.100882	-0.0701208	0.211156	-0.0651682	-0.0737253	-0.0328092	-0.050241	-0.104394	-0.0252661	-0.0483059	-0.00112027	0.0208805	0.0132098	
-0.0564578	0.0940808	-0.071827	0.0150207	-0.0508654	0.678533	-0.0277843	-0.115735	0.0902822	-0.0722944	0.176171	-0.0654213	-0.071652	-0.020053	-0.0522656	-0.105277	-0.0163972	-0.0529122	0.00807063	0.00604442	
-0.0562296	0.20343	-0.0665139	0.00987107	-0.0573621	1.11696	-0.0274307	-0.114355	0.0953169	-0.0671531	0.18592	-0.061944	-0.0688905	0.00267317	-0.0529185	-0.102343	-0.0204152	-0.0531909	0.0128705	
-0.0556746	0.171226	-0.0753173	0.0066964	-0.0539022	0.377194	-0.0279592	-0.115353	0.0991487	-0.0663681	0.138218	-0.0627719	-0.0730957	-0.0142949	-0.0462398	-0.0977049	-0.0249727	-0.0533019	0.00109942	
-0.0554053	0.19386	-0.0735708	0.0102851	-0.0560502	0.710693	-0.0278862	-0.115288	0.0969501	-0.0631924	0.246169	-0.066957	-0.0722745	0.00663204	-0.0333947	-0.103695	-0.021384	-0.0484495	-0.00882705	
-0.0557276	0.132015	-0.0697293	0.0102851	-0.0486485	0.544831	-0.0281952	-0.115363	0.0967172	-0.0647207	0.182398	-0.0639667	-0.0726441	-0.0153351	-0.0521975	-0.103142	-0.0211643	-0.0569935	0.0138353	
-0.0511551	0.229856	-0.0660267	0.010475	-0.0566921	0.278412	-0.0325995	-0.117644	0.0976986	-0.0750923	0.133084	-0.064587	-0.0700975	-0.000425524	-0.0551673	-0.106846	-0.0235309	-0.0513772	0.011377	-0.00255431	-0.0305146	
-0.0555909	0.13277	-0.0731312	0.0107067	-0.042733	0.240168	-0.027915	-0.114569	0.0944824	-0.0617807	0.13447	-0.0619776	-0.0710782	-0.00210013	-0.0503916	-0.102153	-0.0202281	-0.0591448	0.0153096	
-0.056087	0.168853	-0.0687	0.0107067	-0.0475092	0.43273	-0.0276606	-0.114778	0.0933967	-0.071534	0.148533	-0.0690661	-0.0727775	-0.0120643	-0.0552539	-0.0982611	-0.0202281	-0.0549845	-0.00330663	0	
-0.0597174	0.143085	-0.0724791	0.00623747	-0.0549944	0.465693	-0.0251588	-0.114558	0.0966878	-0.0659314	0.195271	-0.0690661	-0.0727892	-0.0352952	-0.0491159	-0.0991071	-0.023271	-0.0563281	0.0227242	
-0.0607321	0.125175	-0.0701125	0.00623747	-0.0516737	0.276834	-0.0244345	-0.114636	0.098535	-0.0746465	0.188938	-0.0572151	-0.0713006	-0.0317046	-0.0509673	-0.100094	-0.0235711	-0.0549942	-0.00768876	-0.0143542	
-0.0557503	0.101696	-0.0663739	0.00712897	-0.0556661	0.360382	-0.0294409	-0.114772	0.0977448	-0.0722285	0.134267	-0.0522257	-0.074372	-0.0444745	-0.0619819	-0.102271	-0.0226796	-0.0497413	0.00269567	0	
-0.0566027	0.1415	-0.0708754	0.0103198	-0.0495278	0.380181	-0.0279937	-0.11612	0.0960009	-0.0735511	0.2087	-0.0550006	-0.0723383	-0.0305771	-0.0612028	-0.103799	-0.0209357	-0.0548147	-0.0162609	
-0.0570369	0.144987	-0.0735387	0.00174782	-0.0547314	0.342839	-0.0282719	-0.110386	0.0989885	-0.0518444	0.210133	-0.0587722	-0.0734419	-0.0216269	-0.0487268	-0.0939279	-0.0236343	-0.0537252	0.00261494	-0.000940335	
-0.0562383	0.0873788	-0.0717446	0.000940069	-0.051228	0.261349	-0.028842	-0.109067	0.0993367	-0.060004	0.11261	-0.0504737	-0.0735815	-0.00632864	-0.0418855	-0.0933679	-0.0233718	-0.0480798	0.00954419	-0.0283272	-0.00243424	-0.0604519	
-0.0586234	0.159608	-0.0767117	0.000636753	-0.0549693	0.370689	-0.0294587	-0.111851	0.10106	-0.0625757	0.330359	-0.0708983	-0.077733	-0.0407307	-0.0491698	-0.0945416	-0.0235191	-0.0623157	-0.00528966	-0.0135561	0	-0.0855735	0	
-0.0568165	0.0556062	-0.0754024	0.0130244	-0.0614015	0.343624	-0.0305947	-0.113832	0.0920299	-0.0605725	0.30898	-0.0674676	-0.0775001	-0.0134112	-0.0504754	-0.102691	-0.0133471	-0.0597379	-0.012447	0.0973353	
-0.0578714	0.0699794	-0.0707279	0.00852124	-0.0590841	0.33511	-0.0306705	-0.117261	0.0973622	-0.068372	0.232825	-0.0631066	-0.0740051	-0.0411924	-0.0452961	-0.100955	-0.0203847	-0.0607624	-0.0154843	0.00990971	
-0.0521098	0.112678	-0.0721561	0.0144696	-0.0531797	0.289879	-0.0328236	-0.117032	0.0924144	-0.0702771	0.202355	-0.0485716	-0.0728675	-0.0330821	-0.0378692	-0.100592	-0.0181403	-0.0497732	0.00177267	-0.0373011	
-0.053922	0.114334	-0.07587	0.0153291	-0.0540372	0.316354	-0.0310578	-0.114995	0.089013	-0.0618173	0.19549	-0.0582044	-0.0726156	-0.0273289	-0.0446517	-0.0984234	-0.0138232	-0.0573193	0.00312866	
-0.0575597	0.0819625	-0.07506	0.00503041	-0.0496017	0.266561	-0.0286589	-0.115209	0.100021	-0.0577757	0.29472	-0.0746513	-0.0765602	-0.0435906	-0.0492164	-0.100542	-0.0239286	-0.0563376	-0.000620768	-0.0267477	
-0.0547518	0.0786228	-0.0730733	0.00814955	-0.0485397	0.235822	-0.0322323	-0.109816	0.0923037	-0.0463738	0.177034	-0.0581451	-0.0753986	-0.0403358	-0.0490585	-0.091506	-0.0154268	-0.0572415	-0.00274922	
-0.0541079	0.156536	-0.0726754	0.00966989	-0.0526323	0.352248	-0.0320441	-0.118041	0.0998412	-0.066627	0.507699	-0.0713312	-0.0762491	-0.0489552	-0.049044	-0.0985359	-0.0221584	-0.0582998	-0.00536831	0	
-0.0517565	0.0853879	-0.0770738	0.00966989	-0.0503823	0.373975	-0.0342645	-0.11811	0.0982709	-0.0632078	0.156244	-0.066423	-0.0759742	-0.0193526	-0.0433156	-0.100876	-0.0221584	-0.0577175	0.000799447	
-0.0563461	0.116559	-0.0750941	0.00888066	-0.0472096	0.371396	-0.0290478	-0.117997	0.098788	-0.0611663	0.237685	-0.0669603	-0.0734288	-0.0300741	-0.0422542	-0.101475	-0.0229476	-0.0593277	-0.00291065	0	0.0262627	
-0.0579122	0.152213	-0.0689297	0.0164804	-0.0492458	0.309558	-0.0280467	-0.118767	0.0930823	-0.0678143	0.215733	-0.056316	-0.0755826	-0.0208707	-0.0450608	-0.101238	-0.0161887	-0.0520762	-0.00291065	
-0.0555518	0.110029	-0.0746529	0.0096019	-0.0558064	0.271632	-0.0286118	-0.111909	0.0934165	-0.0568763	0.0932535	-0.0455666	-0.0742802	-0.0176263	-0.0447068	-0.095682	-0.0161887	-0.0571316	-0.00705661	-0.0243669	0.016205	
-0.0558651	0.139551	-0.0761532	0.0120155	-0.0524747	0.224042	-0.0297673	-0.114396	0.0930255	-0.0640781	0.161945	-0.0599097	-0.0747892	-0.0249447	-0.0475991	-0.0966848	-0.0161887	-0.0632105	0.0094409	
-0.0527075	0.0748951	-0.0759413	0.0108771	-0.0492967	0.443094	-0.0334772	-0.11411	0.0932647	-0.0643475	0.191569	-0.0474991	-0.0751993	-0.021704	-0.0433239	-0.0962864	-0.0173271	-0.0618433	0.00313955	0	
-0.0534403	0.150441	-0.0732274	0.0125271	-0.0500227	0.263654	-0.0306026	-0.113713	0.0916147	-0.0677769	0.243707	-0.0470457	-0.0728383	-0.0167944	-0.0245823	-0.0945406	-0.0181104	-0.0594874	-0.00853126	-0.00446687	-0.0110741	-0.0613661	
-0.0522388	0.108125	-0.0786932	0.0203871	-0.049161	0.16391	-0.0320349	-0.113728	0.0836161	-0.0643852	0.224316	-0.0464267	-0.0746084	-0.0216448	-0.0513089	-0.096044	-0.00812405	-0.0609949	-0.0127612	0	-0.0144816	
-0.0579252	0.117172	-0.0782149	0.0136098	-0.0538706	0.261759	-0.0281666	-0.109454	0.0848429	-0.0504702	0.226957	-0.0493791	-0.0756748	-0.02535	-0.0550019	-0.0935647	-0.00934732	-0.0582291	0.00492187	0.0392499	
-0.0590369	0.10352	-0.0730941	0.0146665	-0.0570443	0.64861	-0.0276483	-0.11137	0.0868407	-0.0667844	0.479558	-0.0560798	-0.0745661	-0.014887	-0.0453401	-0.0888322	-0.0104223	-0.0601818	-0.00276656	
-0.0544247	0.111171	-0.0736593	0.0113259	-0.0514058	0.408514	-0.0296242	-0.111432	0.0897235	-0.064141	0.233758	-0.040995	-0.0747432	-0.0214912	-0.0475246	-0.0877987	-0.0165227	-0.0513739	0.0170069	-0.0356734	
-0.0537953	0.0555799	-0.073385	0.0117981	-0.0510592	0.325242	-0.0302043	-0.11209	0.0893565	-0.0637373	0.306499	-0.0492633	-0.0742553	-0.0190667	-0.0492696	-0.0957364	-0.0165227	-0.0540634	0.00952968	
-0.0496389	0.102824	-0.0712422	0.0117981	-0.0428843	0.35655	-0.0342402	-0.112074	0.088921	-0.0746858	0.377866	-0.0575138	-0.0726784	-0.040544	-0.0438749	-0.0858469	-0.0169688	-0.0545444	-0.00215492	0.0380111	
-0.0510035	0.0826954	-0.0726089	0.0108391	-0.0480316	0.250642	-0.0319453	-0.110733	0.0885665	-0.0655365	0.129341	-0.0463842	-0.0734939	-0.0394629	-0.0541833	-0.0891944	-0.0161678	-0.0621374	0.0100555	-0.0129764	
-0.0529229	0.0609492	-0.0642007	0.0116136	-0.045538	0.335192	-0.0303941	-0.110959	0.0895856	-0.0661032	0.323393	-0.0418721	-0.0707432	-0.00142143	-0.0564702	-0.0880307	-0.016487	-0.0563807	0.0111492	0	
-0.0511346	0.0510637	-0.0757605	0.0163746	-0.045538	0.270828	-0.0317582	-0.111072	0.0843931	-0.0603266	0.370261	-0.051805	-0.0711363	-0.0376913	-0.0526923	-0.0878093	-0.011726	-0.049427	0.0112034	0.0386731	
-0.0500681	0.10628	-0.0695047	0.00513144	-0.052935	0.421893	-0.0332553	-0.109684	0.0943571	-0.0630674	0.29448	-0.0272997	-0.073763	-0.0102004	-0.0604175	-0.0884385	-0.021581	-0.0537393	0.0112034	
-0.0507922	0.0686961	-0.0693207	0.0106504	-0.0529546	0.509801	-0.0304707	-0.108894	0.0863055	-0.0627886	0.352747	-0.0428098	-0.0709554	-0.00243238	-0.0461415	-0.0803202	-0.0172908	-0.0537557	0.0242402	
-0.0485365	0.0563905	-0.0692364	0.0129921	-0.0480022	0.370234	-0.0324583	-0.111364	0.0863236	-0.0673717	0.196893	-0.0563718	-0.0721058	0.000762869	-0.0429377	-0.0930609	-0.0172908	-0.0551312	0.0413116	
-0.0528239	0.0931631	-0.0710868	0.0129921	-0.0469235	0.310483	-0.0296328	-0.111136	0.0885082	-0.0598226	0.174926	-0.0521637	-0.0743692	-0.0166631	-0.0565543	-0.0934279	-0.0152844	-0.0536574	0.0128766	
-0.0550164	0.0833933	-0.068169	0.0138774	-0.0518075	0.345438	-0.0279666	-0.111443	0.0875032	-0.0590322	0.114831	-0.0505479	-0.0736025	-0.0106408	-0.0399022	-0.0897133	-0.012745	-0.0522187	0.0102171	0	
-0.0523516	0.100004	-0.0754381	0.0138774	-0.0533237	0.275604	-0.0325524	-0.111134	0.086238	-0.0682493	0.119731	-0.0566435	-0.0735716	-0.0399899	-0.0554068	-0.0885482	-0.012745	-0.0458928	0.0112082	
-0.0513838	0.0980888	-0.0652876	0.0199727	-0.0526692	0.335022	-0.0309818	-0.111065	0.0801529	-0.0698387	0.116786	-0.0631589	-0.0733378	0.00121222	-0.0558379	-0.0932087	-0.00783191	-0.0531842	0.0228795	
-0.0513838	0.144562	-0.068876	0.0158679	-0.0458258	0.286385	-0.0315378	-0.113037	0.0867514	-0.068485	0.276742	-0.065239	-0.0733673	-0.01849	-0.0537852	-0.0907268	-0.0137049	-0.0519765	0.00643139	
-0.0492845	0.176107	-0.0730931	0.0125912	-0.0555635	0.476142	-0.0351218	-0.11273	0.0883919	-0.06755	0.217844	-0.0580269	-0.0747663	-0.019424	-0.0574537	-0.0946705	-0.0152606	-0.0510578	0.0331562	0	
-0.0567638	0.0600551	-0.0753389	0.00530274	-0.0546287	0.3314	-0.0303473	-0.112777	0.0957316	-0.06755	0.276472	-0.0649214	-0.0753193	-0.0102666	-0.0619797	-0.089004	-0.0210058	-0.0560204	-0.0122458	-0.00312515	0.0336242	
-0.0521908	0.11746	-0.0749313	0.00823533	-0.0563866	0.336375	-0.034454	-0.110246	0.0895293	-0.06626	0.317336	-0.0526447	-0.0764954	-0.0247178	-0.0620049	-0.0931642	-0.0149537	-0.0528585	0.00479775	
-0.0516311	0.0811987	-0.0721523	0.0165425	-0.0559448	0.250732	-0.0351833	-0.115833	0.0882142	-0.0676205	0.323787	-0.0601052	-0.0767551	-0.0125041	-0.0599192	-0.0946163	-0.0123597	-0.0523876	0.00377646	0	
-0.0517857	0.107106	-0.0741783	0.0124043	-0.0596007	0.396293	-0.035285	-0.115472	0.0931924	-0.0678941	0.314741	-0.0601188	-0.0756076	-0.0382192	-0.0526446	-0.0988503	-0.0165023	-0.054357	0.00788762	-0.00116685	
-0.0497614	0.104136	-0.0698387	0.0158732	-0.059684	0.393777	-0.0368249	-0.115834	0.0900215	-0.0689331	0.182065	-0.056153	-0.0771622	-0.027744	-0.0578189	-0.102434	-0.0130334	-0.0552913	0.00687836	0	-0.050858	
-0.0510724	0.0993968	-0.074136	0.00730076	-0.0526697	0.205872	-0.0361045	-0.110486	0.093252	-0.0640715	0.0942222	-0.0561235	-0.0742461	-0.0140296	-0.0653572	-0.097901	-0.0163094	-0.0531179	0.0215631	-0.0176112	
-0.051507	0.108851	-0.0727555	0.0227774	-0.0606698	0.238894	-0.0332185	-0.110567	0.0777934	-0.064548	0.0823378	-0.0486881	-0.0739642	0.0319763	-0.0575513	-0.093235	-0.00324706	-0.0511801	0.00782257	-0.0516281	0	
-0.0536522	0.126058	-0.0694513	0.00332818	-0.0535935	0.477041	-0.0308023	-0.110754	0.0969395	-0.072132	0.059595	-0.047105	-0.074576	7.83842e-05	-0.0576949	-0.0957597	-0.0228518	-0.0525643	0.0115473	0.0119172	0	
-0.0522124	0.0846106	-0.0728872	0.00290771	-0.0534829	0.3366	-0.0310206	-0.105985	0.0931238	-0.0560108	0.1483	-0.0610672	-0.0734373	-0.00905137	-0.0637241	-0.0914294	-0.0194837	-0.0511085	-0.0112144	
-0.0458715	0.113459	-0.0683348	0.0101659	-0.050643	0.409508	-0.0378205	-0.105568	0.084393	-0.0521551	0.165613	-0.0612255	-0.0740243	0.00313245	-0.0563622	-0.0939656	-0.0113867	-0.0502855	0.00688747	
-0.0533482	0.134283	-0.0669381	0.0101659	-0.0607662	0.349164	-0.0331383	-0.105325	0.0844848	-0.0553152	0.117395	-0.0653431	-0.0765703	-0.000880664	-0.044165	-0.0945814	-0.00896126	-0.054196	0.0224537	-0.00309716	
-0.0533482	0.115478	-0.0693487	0.00993496	-0.0573239	0.335405	-0.033435	-0.105593	0.0849528	-0.0553152	0.13416	-0.0563622	-0.0756619	0.00382251	-0.0476048	-0.0925616	-0.00919222	-0.0557644	0.0147367	-0.0160728	0.0704376	
-0.0514029	0.109808	-0.0709818	-0.00668612	-0.054536	0.30231	-0.0336643	-0.105599	0.101477	-0.0552651	0.0283091	-0.0639469	-0.0745445	-0.0181074	-0.0588141	-0.0925876	-0.0277586	-0.0582303	0.0232375	0.000987714	-0.0315319	-0.0457052	
-0.0484952	0.0926221	-0.0726141	-0.00341319	-0.0631069	0.321787	-0.0360514	-0.108617	0.100591	-0.0494969	-0.0383376	-0.065422	-0.0729706	-0.00537082	-0.0579993	-0.0919475	-0.0275607	-0.0521398	0.00861341	-0.032378	
-0.0539775	0.0884861	-0.0687297	0.00660229	-0.0560732	0.356409	-0.0310642	-0.108739	0.088694	-0.0585502	0.00897725	-0.0661985	-0.0740235	-0.0123878	-0.0505478	-0.0942404	-0.0175452	-0.0545289	-0.0171575	
-0.0520342	0.0589809	-0.0679513	-2.82574e-05	-0.0557598	0.318911	-0.032567	-0.108746	0.096138	-0.0583575	0.00344939	-0.0616738	-0.0758016	-0.0103155	-0.0562212	-0.0989032	-0.024183	-0.0545289	
-0.0519802	0.102607	-0.0722655	-2.82574e-05	-0.0567806	0.233888	-0.0324264	-0.108064	0.0947753	-0.0577552	0.0241364	-0.0683607	-0.0759118	-0.0163692	-0.0544905	-0.0974543	-0.024183	-0.0509652	0	-0.0151688	
-0.0516559	0.0942809	-0.0735356	0.00668487	-0.0531923	0.229801	-0.0329888	-0.108729	0.0891448	-0.0678206	0.0238551	-0.0587634	-0.0756677	-0.0242011	-0.0545076	-0.0953613	-0.0174699	-0.0575011	-0.000965919	0.00761565	
-0.0521976	0.124154	-0.0754696	0.00668487	-0.0467303	0.20661	-0.0306039	-0.108466	0.0901633	-0.0634289	0.0119799	-0.0638408	-0.0753593	-0.0183078	-0.0532859	-0.0983314	-0.0169235	-0.0584911	-0.0052605	
-0.0521976	0.0993977	-0.0761274	0.0043433	-0.0548689	0.280742	-0.0328597	-0.106125	0.0883317	-0.0570247	-0.00899998	-0.0606716	-0.0766183	-0.0119925	-0.0539996	-0.0948298	-0.0169235	-0.0565646	
-0.0505601	0.106426	-0.0787984	0.00516697	-0.0547981	0.238532	-0.0346299	-0.106395	0.087508	-0.051491	0.00454264	-0.0707531	-0.0751916	-0.0137219	-0.0521648	-0.0950817	-0.0163185	-0.0573975	-0.0098092	
-0.0481372	0.140117	-0.0743246	0.00641272	-0.0509305	0.443436	-0.035541	-0.107814	0.0883877	-0.0545175	-0.000593378	-0.0629483	-0.0742198	-0.0235605	-0.0563174	-0.0954413	-0.0177645	-0.0582073	0.0134194	0.0651974	
-0.0481372	0.121863	-0.0759755	0.00641272	-0.051063	0.210211	-0.0350838	-0.107377	0.0893241	-0.0547273	-0.00693742	-0.0629483	-0.0724677	-0.0232076	-0.0558019	-0.0967382	-0.0177645	-0.0600172	
-0.0470527	0.117045	-0.0734224	-0.00124007	-0.0581031	0.322014	-0.0362354	-0.107172	0.098238	-0.0549169	0.00214304	-0.0539354	-0.0732394	-0.0294088	-0.0654388	-0.097196	-0.0254173	-0.0573586	-0.0307114	-0.000187378	
-0.0492415	0.130409	-0.0713926	0.00140253	-0.0573805	0.385127	-0.0341237	-0.107329	0.0937333	-0.0586574	0.016362	-0.0643531	-0.0725875	-0.0129563	-0.058621	-0.098089	-0.0227747	-0.0501431	0	
-0.0539932	0.111953	-0.0755792	-0.00117026	-0.0565615	0.316582	-0.0328076	-0.104898	0.0936947	-0.0518513	-0.00363615	-0.0628537	-0.0762615	-0.0183518	-0.0560659	-0.0945176	-0.0197372	-0.0596656	-0.00139039	0.0422699	0.0162227	0.00673552	
-0.0527968	0.0721191	-0.0756692	0.0071257	-0.0547548	0.222187	-0.0344396	-0.104805	0.0863672	-0.0533572	-0.00533687	-0.0613127	-0.0774106	0.00251851	-0.0609933	-0.0950354	-0.0106148	-0.061747	
-0.0534495	0.106292	-0.0769412	0.00986658	-0.0597814	0.404051	-0.0339204	-0.109504	0.0872376	-0.0566949	0.00765453	-0.0694188	-0.0762086	-0.0241169	-0.0583739	-0.0999971	-0.012348	-0.0635324	-0.0541448	
-0.0524539	0.0812793	-0.0786023	0.00986658	-0.0541775	0.407544	-0.034776	-0.109373	0.0872376	-0.0534229	-0.0188751	-0.0690999	-0.0768367	-0.0257821	-0.0577529	-0.0975106	-0.012348	-0.0628766	
-0.0588495	0.123629	-0.074033	0.00678341	-0.0571713	0.372073	-0.0294999	-0.110555	0.0914752	-0.0538746	0.01627	-0.0655489	-0.0771319	-0.00605824	-0.0602235	-0.0989339	-0.0162712	-0.0587775	
-0.0554384	0.136472	-0.0758805	-0.0086276	-0.0527333	0.444006	-0.0315313	-0.106258	0.103292	-0.054611	0.0291321	-0.0737802	-0.0758845	-0.0259218	-0.0614375	-0.0949825	-0.0283263	-0.0629871	0	
-0.0566071	0.0936604	-0.0748292	0.000128617	-0.05973	0.278226	-0.0316573	-0.106675	0.0948562	-0.0526698	0.00108481	-0.0620149	-0.0785036	-0.0177983	-0.0446111	-0.0916799	-0.0184014	-0.0567565	-0.0176096	-0.0145028	
-0.0566071	0.0873836	-0.0730359	-0.00294021	-0.0580333	0.320702	-0.0319795	-0.106276	0.0979251	-0.0611955	0.00533258	-0.065828	-0.0760821	-0.0390662	-0.064328	-0.090953	-0.0214702	-0.0614942	0.0101253	0	
-0.0566057	0.115114	-0.0748594	0.00534508	-0.0557031	0.321054	-0.031943	-0.114729	0.0970539	-0.0566561	-0.00412213	-0.0685255	-0.0761143	-0.0389475	-0.0624512	-0.102006	-0.0214702	-0.0631693	0.036523	0.0467327	
-0.0563986	0.108899	-0.0764637	0.0137219	-0.0621578	0.377473	-0.0315255	-0.123113	0.0967449	-0.0654101	0.0072226	-0.0806311	-0.07495	-0.0371918	-0.0639066	-0.110015	-0.0214702	-0.0631693	0.00655293	
-0.0556326	0.121329	-0.0783001	-0.00394026	-0.0635818	0.332645	-0.0320822	-0.107289	0.0998136	-0.0558339	0.0215619	-0.0617912	-0.0782851	-0.0471694	-0.0663879	-0.0974102	-0.0237849	-0.0625449	-0.0017107	0	
-0.054873	0.136952	-0.07116	-0.00323406	-0.0609021	0.3534	-0.0326687	-0.118895	0.111792	-0.0632059	0.0093686	-0.0762579	-0.0746023	-0.0411705	-0.0612443	-0.107685	-0.0345308	-0.0581316	0.00346377	
-0.0534867	0.0939391	-0.075585	0.0104473	-0.0562154	0.490966	-0.0350259	-0.11457	0.0935365	-0.0587857	-0.0132693	-0.0785078	-0.0771932	-0.0313435	-0.0576081	-0.0989564	-0.0156676	-0.0635241	0.0054096	0.0461134	
-0.0579792	0.0600268	-0.0784844	0.0136907	-0.0546934	0.262726	-0.029688	-0.114175	0.089437	-0.0566104	0.0131219	-0.0658807	-0.0756563	-9.39764e-05	-0.0563949	-0.103429	-0.0124242	-0.064445	0.0098422	-0.0779355	-0.0100419	0.00598855	
-0.0578078	0.143612	-0.0745092	0.00125461	-0.053525	0.166378	-0.0304575	-0.112643	0.101484	-0.0553553	-0.00683658	-0.0721866	-0.0744917	-0.0153544	-0.0353228	-0.101443	-0.0233512	-0.0597544	0.00902181	0	0.0295253	
-0.0578078	0.0827328	-0.0773591	0.0135517	-0.0547063	0.235866	-0.0304079	-0.10634	0.0807033	-0.053618	-0.00424659	-0.0450938	-0.075725	-0.0224702	-0.0596151	-0.0972825	-0.00477843	-0.0626377	-0.0269629	
-0.058341	0.117909	-0.0744436	0.0168924	-0.0505842	0.311574	-0.0274747	-0.116838	0.089291	-0.0658057	-0.0100452	-0.0642188	-0.0732825	-0.0204005	-0.0514458	-0.103182	-0.0142851	-0.0589529	-0.00906678	-0.0265386	
-0.0539054	0.169388	-0.0762116	0.0122599	-0.0575657	0.205652	-0.0322279	-0.112117	0.0889124	-0.0587095	0.0126068	-0.06304	-0.0715235	-0.000194453	-0.0479698	-0.097141	-0.0142851	-0.0536471	-0.0212206	
-0.0525009	0.0531348	-0.0717453	0.00839174	-0.0596945	0.335807	-0.0321026	-0.107647	0.0897406	-0.0535829	0.0120868	-0.062283	-0.0718943	-0.0162341	-0.0555679	-0.0967768	-0.0146768	-0.0527081	-0.00326889	0	
-0.054407	0.0993795	-0.0745206	0.00332333	-0.0525863	0.230561	-0.0319043	-0.106596	0.0943642	-0.0592994	0.0185134	-0.0582918	-0.0750017	-0.0197327	-0.057221	-0.0934734	-0.0165132	-0.0646886	0.0724384	
-0.0554946	0.115987	-0.0772374	0.00501609	-0.0545379	0.556299	-0.0312161	-0.110037	0.0928149	-0.0630288	0.00338111	-0.0628887	-0.0742479	-0.0175267	-0.059485	-0.0933948	-0.0184685	-0.0607812	-0.0149409	0.0631804	
-0.0567498	0.107332	-0.0760204	0.00822371	-0.0564971	0.351842	-0.0297826	-0.111908	0.0923016	-0.0706696	0.000586745	-0.0685347	-0.0778507	-0.0315302	-0.0536449	-0.0944468	-0.0172081	-0.0607812	-0.000358942	0	0.0349579	
-0.0576189	0.135214	-0.0819041	0.00963638	-0.0562551	0.264476	-0.0310215	-0.112197	0.0927061	-0.0660696	-0.00945446	-0.0663064	-0.0781556	-0.030201	-0.0622283	-0.0969047	-0.0137537	-0.0640915	-0.00690987	-0.00204171	
-0.0598945	0.126968	-0.0819347	0.0156273	-0.0485765	0.259045	-0.0288434	-0.117512	0.091452	-0.0730957	-0.0105836	-0.0701488	-0.0765338	0.00241622	-0.0616726	-0.102788	-0.0123368	-0.063496	0.0047837	0	
-0.0560352	0.174112	-0.0796898	0.0176033	-0.0403815	0.402076	-0.0337993	-0.117208	0.0894761	-0.056685	-0.0112012	-0.0750454	-0.0767322	-0.0341011	-0.0641682	-0.102274	-0.0103608	-0.0603518	-0.00457595	
-0.0597284	0.120177	-0.0815593	0.015248	-0.0504255	0.262448	-0.0295191	-0.117154	0.0911309	-0.0680012	-0.00364068	-0.0717583	-0.0774597	-0.0162344	-0.0635767	-0.104078	-0.012372	-0.0612581	0.0221617	-0.00533228	
-0.0597284	0.140195	-0.0740809	0.0238001	-0.0515029	0.373843	-0.0298813	-0.116728	0.0826456	-0.0574895	-0.00662206	-0.0779834	-0.079961	-0.0161849	-0.0623312	-0.101497	-0.00381993	-0.0652252	-0.015746	-0.00590395	
-0.0570599	0.157187	-0.0790937	0.0150472	-0.0526745	0.336808	-0.031707	-0.106607	0.0823826	-0.0600643	-0.00201103	-0.0702811	-0.079421	0.00245096	-0.0666674	-0.0958332	-0.00378576	-0.0637091	-0.0215994	
-0.0625972	0.12069	-0.0794687	0.0237817	-0.0541667	0.350475	-0.0283122	-0.115419	0.0811854	-0.0618906	0.0028355	-0.0785349	-0.0800562	0.0311748	-0.0639532	-0.106653	-0.00158364	-0.0645294	-0.00243436	-0.009331	
-0.0611085	0.118619	-0.08155	0.0172864	-0.0584331	0.230118	-0.0297495	-0.112193	0.0851226	-0.0629005	0.0133237	-0.0670864	-0.0805815	-0.0054521	-0.0562805	-0.100431	-0.00436112	-0.0651618	0.0155796	
-0.0585441	0.152395	-0.0796231	0.00967423	-0.0529888	0.350112	-0.0319262	-0.117008	0.0977241	-0.0721439	0.000706868	-0.0722759	-0.0811246	-0.0148974	-0.0610262	-0.103962	-0.017126	-0.0620269	0.00752762	-0.0526118	-0.01132	
-0.0587656	0.0925728	-0.0788205	0.0185829	-0.0547317	0.310109	-0.0321595	-0.116648	0.089163	-0.0693964	0.000490873	-0.0730025	-0.0813712	-0.0124299	-0.0629325	-0.105061	-0.00783611	-0.0608847	-0.0225439	-0.0871651	-0.00350749	
-0.0626259	0.0590681	-0.0795861	0.00944822	-0.0607849	0.31449	-0.0275726	-0.117014	0.0969182	-0.0693964	-0.00197176	-0.0684699	-0.0808542	-0.0259928	-0.0666848	-0.107367	-0.017393	-0.0565031	-0.00857057	-0.0566751	
-0.06096	-0.0767249	0.0109675	-0.0521381	0.176272	-0.0284429	-0.118722	0.0991447	-0.065902	0.00370104	-0.0683263	-0.0795388	-0.0236202	-0.0708742	-0.10881	-0.0178784	-0.0610328	0.00570467	-0.0246531	-0.0193084	
-0.0593985	-0.0178784	-0.0799264	0.0104415	-0.0500432	0.266974	-0.0304152	-0.117913	0.0986265	-0.0701716	0.007512	-0.0628582	-0.0793628	-0.0406486	-0.061046	-0.10487	0.000133494	-0.0620911	
-0.0593599	-0.0159577	-0.0804136	0.00961904	-0.0496598	0.169284	-0.0302046	-0.115498	0.0958073	-0.0662568	0.00599869	-0.0760155	-0.0797909	-0.0341426	-0.0650123	-0.103541	0.0111205	-0.0621206	
-0.0571194	-0.0102443	-0.0751387	0.013351	-0.0454931	0.35007	-0.0312139	-0.112064	0.0870702	-0.0664469	0.0173006	-0.0675257	-0.0779505	-0.019505	-0.0635764	-0.102811	0.0121339	-0.0604736	
