0.0305986	0.0720061	0.0555585	-0.0261129	-0.0070541	-0.0176643	-0.0317158	-0.0306565	0.0304597	0.121011	-0.032658	0.0022959	0.0824293	-0.0346338	-0.0143111	-0.0261193	-0.0176742	-0.0357278	-0.0347041	-0.0302021	-0.0244958	-0.0097381	0.193873	-0.0252604	-0.0367596	0.540568	-0.0320813	-0.036836	-0.0160893	0.165591	0.0704923	0.0356374	0.0104902	0.0097761	-0.0035075	0.0480683	-0.0025297	0.347498	0.0212894	0.0637253	-0.0220267	0.029609	0.0310227	0.0511112	-0.0409573	-0.0878745	0.138017	-0.0347767	-0.0254995	0.0137853	-0.029881	-0.0346148	-0.0359519	-0.0360598	-0.0139017	-0.0199867	0.0172997	0.147471	-0.033959	0.0700603	0.283616	0.0135673	0.0112801	-0.0199358	-0.0351056	0.0215376	0.023688	-0.0261924	0.158102	0.0318491	0.0450021	0.0082746	0.0443043	0.0138487	0.0230718	0.0708682	0.02044	0.00582	-0.0261193	
0.0120335	0.108755	0.0555585	-0.0247475	-0.0125252	-0.019064	-0.0326136	-0.027617	-0.036167	0.200277	-0.024815	-0.0375172	0.281298	-0.0289325	0.0139809	0.31302	0.0493037	0	0.195316	-0.0184319	-0.0382862	-0.0925085	0.075809	-0.0369	-0.0203187	-0.0111024	-0.0199867	-0.0373885	0.137606	0.000929764	0.0404423	-0.0327707	-0.00359825	0.0318491	0.0180925	0.0239696	0.0674033	-0.00601014	-0.0239371	
0.0257337	0.0742591	0.0399762	-0.0259429	-0.00733954	-0.0176946	-0.0310903	0.0893747	0.0343871	-0.0263335	-0.0342912	-0.0375172	0.198713	-0.0289978	-0.0200509	0.0931469	0.110715	0.0944404	-0.0352895	-0.0334724	0.00619648	0.0203107	0.018042	0.0484106	0.0526923	-0.0780968	0.240661	0.00659851	
0.0148093	0.101359	0.043871	-0.0240109	-0.0125752	-0.0105266	-0.0315504	0.165106	0.0221757	-0.0199916	-0.0251166	0.044382	-0.0348373	-0.00384637	0.00285341	0.0376613	0.220691	-0.0309623	-0.0199449	0.0847443	-0.0362091	0.044978	0.0118372	-0.0369203	0.0277861	-0.081824	0.191794	-0.00135402	
0.0224459	0.0861891	0.0522794	-0.027504	-0.0133885	-0.0171668	-0.0322032	0.0937647	0.0187644	-0.00237492	0.209872	0.0857462	0.0594074	-0.0362437	0.236801	-0.0329086	-0.0199598	0.0075258	0.0636883	0.0100871	-0.0366451	-0.0219064	0.0161911	-0.0352534	0.0667399	-0.0880936	0.195392	0.00624826	
0.0202992	0.0984995	0.0522794	-0.0245138	-0.00751107	-0.0149924	-0.0306491	0.107968	0.166031	-0.0378909	-0.0112079	0.0845726	0.0251446	-0.0257235	0.331043	-0.0270991	-0.0192958	0.109861	0.0100871	-0.0354986	-0.0204649	-0.0329942	0.0758699	-0.0889909	0.1846	0.0122977	
0.0192215	0.084472	0.0487232	-0.0269233	-0.0105731	-0.0160232	-0.0302964	0.104889	0.0823379	-0.0373959	0.012496	0.266962	0.00678037	0.07553	-0.0306084	-0.0199752	-0.0373046	-0.0202988	0	-0.0356337	0.083828	-0.0851052	0.158078	0.00351963	
0.0141579	0.0709007	0.0581304	-0.0291185	-0.0137869	-0.00996598	-0.0308794	0.0986454	0.0923802	-0.0373535	0.352652	0.00628288	0.0581772	0.0575251	-0.00209433	-0.0199752	-0.0237494	-0.0316322	-0.0345013	0.108366	-0.0780911	0.0669613	0.0117184	
-0.000236782	0.0971769	0.0676679	-0.0260022	-0.00927658	-0.0138993	-0.0310439	0.0709625	0.101927	-0.0382326	0.0410616	0.3037	-0.0371589	0.0102845	-0.0182499	-0.020446	-0.0344697	0.055666	-0.090582	0.111683	0.0109984	
0.0115891	0.102426	0.041252	-0.0273039	-0.00620041	-0.0131903	-0.0319527	0.0601692	0.0531862	-0.0384048	0.0592574	0.0238662	-0.00302165	0.00189063	0.255366	-0.0363506	0.00371532	-0.0219067	-0.0247786	-0.0316757	0.0479486	0.00680464	0.177085	
0.0161767	0.100005	0.0547206	-0.0257403	-0.00837833	-0.0131903	-0.0287045	0.0997433	0.0824789	-0.0373558	0.0838478	-0.0167295	-0.0326488	-0.0550348	0.356841	-0.0374449	0.00766371	-0.0218514	0.134861	0.0111274	0.194421	-0.0257073	
0.0120784	0.153203	0.0562546	-0.0278914	-0.00840015	-0.0103699	-0.032004	0.071222	0.0781085	-0.0378663	0.066067	0.00711603	-0.0297868	0.200975	-0.0343418	0.119542	-0.0214037	0.0109289	0.178367	-0.0199116	
0.013072	0.102654	0.050133	-0.0265019	-0.0109834	-0.00931727	-0.0312792	0.10477	0.0931732	-0.0374345	0.0603722	0.0108237	-0.0323049	0.250986	-0.0366329	-0.00894116	0.0690886	-0.0183539	0.0157267	0.0043123	0.329401	-0.0224792	
0.0103791	0.105846	0.0475076	-0.0248344	-0.0109834	-0.00195237	-0.0334221	0.0702724	0.0810794	-0.025652	0.0433825	0.0130172	-0.028343	0.166362	-0.0331978	0.00987757	0.0919866	-0.0200942	0.0043961	-0.0173982	-0.00037457	0.278769	-0.0220258	
-0.0285626	0.0955201	0.0435362	-0.0144636	-0.0143418	-0.0347133	0.0733447	0.0800907	-0.026701	0.0337884	0.00951136	-0.0299635	0	-0.0369393	0.0457771	0.00224979	-0.0206794	0.0107745	0.177231	0.313106	0.010668	-0.0275953	
-0.0271528	0.0696318	0.0519357	-0.0152558	0.0221358	-0.00817436	-0.0321841	0.0377624	0.156412	-0.0161765	0.0871671	0.00327701	-0.0198758	0.0699368	-0.0332309	-0.0285335	0.0133955	0.309275	-0.024488	0.0478624	
-0.025851	0.105047	0.0528018	-0.0148468	0.0247834	-0.00445647	-0.0300695	0.0575228	0.151035	-0.0113538	0.0797249	0.00603671	-0.0242027	0.0667415	-0.0362777	-0.0334439	0.0139243	0.1754	-0.017719	0.0724703	
-0.0270114	0.0876887	0.0514742	-0.0148468	0.0286484	-0.0119223	-0.0307334	0.0496039	0.240068	-0.00828697	0.0907783	0.00924816	-0.0246089	0.0359592	-0.0354439	-0.0326245	0.00662309	0.121099	-0.02203	0.0504611	-0.0200099	
-0.0251691	0.0972228	0.0580401	-0.0116585	0.029327	-0.0127666	-0.0319442	0.0965464	0.183361	-0.00784423	0.0428479	0.00726255	-0.0231039	-0.025496	0.0165725	0.111227	-0.0220624	0.045025	-0.0295428	0.100307	
-0.0249012	0.136576	0.071648	-0.0113913	0.0281582	-0.00798808	-0.031482	0.0376364	0.118954	-0.00889566	0.0675165	0.0064092	-0.0319177	0.00857594	0.386599	-0.02418	0.087766	-0.0327325	0.0884997	0.0771455	0.020577	-0.0173778	
-0.0279936	0.0857702	0.0451606	-0.012935	0.0179037	-0.0143973	-0.0341231	0.0750763	0.100933	-0.0173153	0.0431676	-0.00102702	-0.0339467	0.00503331	0.129621	-0.0201917	0.079392	-0.0325799	0.056777	-0.0160407	-0.0197593	
-0.0263169	0.0666977	0.0454592	-0.0154217	0.0131583	-0.00767188	-0.0313873	0.0581706	0.104936	-0.0238529	0.0559975	-0.0326161	0.00823162	0.178752	-0.018519	0.110435	-0.0347429	0.133661	-0.0190318	0.000426692	0	
-0.02862	0.102347	0.0439618	-0.0137221	0.0245008	-0.0210508	-0.0337011	0.0809371	0.0235461	-0.0141549	-0.0336652	0.0065584	0.241471	-0.0206891	0.088225	-0.0358351	0.107362	-0.0253	0.000786174	-0.00655568	0.00724857	-0.00366981	0.0398479	
-0.0297491	0.110457	0.043747	-0.0139369	0.0287859	-0.0149926	-0.0339159	0.0943746	0.219548	-0.00866392	-0.0290708	-0.00103942	0.177202	-0.020904	0.061529	0.0705107	-0.0173045	0.00399443	0.0440889	
-0.0306367	0.0858858	0.0488651	-0.0154431	0.0230777	-0.00596723	-0.0352249	0.042647	0.0810362	-0.0153537	-0.0317138	-0.00109957	0.14133	-0.020904	0.215567	0.0821584	-0.0223276	0.0116007	0.0975129	
-0.0271684	0.0693673	0.0378921	-0.0130107	0.0285464	-0.0144536	-0.0326207	0.044126	0.123209	-0.010446	-0.0303435	-0.00204217	0.150115	-0.0211566	0.0454434	0.0326563	-0.0267876	0.00413646	0.0461874	
-0.0281745	0.0684293	0.0424021	-0.0157964	0.0208581	-0.0188907	-0.0330141	0.0706237	0.0894406	-0.0180532	-0.0312424	0.00188666	0.196955	-0.0211566	0.199618	0.135701	-0.0253008	0.041459	0.00519943	
-0.0283335	0.097851	0.0419462	-0.0170883	0.0177824	-0.0211364	-0.0305338	0.0909545	0.141927	-0.0207069	-0.0297752	0.00188666	0.125482	-0.0251624	0.138444	0.0643628	-0.0184732	0.0361775	0.010645	0.0170303	0.0016563	
-0.0292669	0.13783	0.0392728	-0.0120012	0.0218544	-0.0176109	-0.0345661	0.0581775	0.0687098	-0.0175096	-0.0337984	0.00322845	0.13172	-0.019554	0.0657619	0.136984	-0.0191103	0.0444111	0.0126154	-0.00145286	
-0.029987	0.0916468	0.0367227	-0.0132076	0.0279964	-0.0212091	-0.031675	0.0447549	0.171259	-0.0106721	-0.0340975	-0.000925353	0.142167	-0.0242935	0.0458455	0.0613933	-0.0230674	0.0478128	0.0126154	-0.0151975	-0.0153673	
-0.0298403	0.0891345	0.0363195	-0.0160812	0.0265023	-0.0104293	-0.0331147	0.0694961	0.116759	-0.0118481	-0.0312296	-0.00334376	0.188027	-0.021301	0.0341551	0.037602	-0.0214495	0.0846788	0.0123291	-0.00578914	0	
-0.0287995	0.0941846	0.0444373	-0.0173152	0.0310897	-0.0168506	-0.0300747	0.0654621	0.131533	-0.00619244	-0.0310222	0.000526409	0.161884	-0.0209432	0.0250475	0.0801255	-0.0226129	0.126258	0.0146693	0.0212328	0.0246113	
-0.0299607	0.0932613	0.0439069	-0.0127173	0.032052	-0.0148433	-0.0285287	0.0764952	0.160034	-0.00600734	-0.0371643	0.0050058	0.191975	-0.020631	0.0396681	0.0584477	-0.024744	0.096197	0.0185867	0.105875	
-0.0287462	0.125068	0.0347674	-0.0142096	0.0335855	-0.015878	-0.0327689	0.0697937	0.225831	-0.00284435	-0.0362504	0.00764636	0.1643	-0.019215	0.0816731	0.0915904	-0.0247587	0.090998	0.0109477	
-0.0301002	0.15716	0.0341656	-0.0131685	0.0293405	-0.00874864	-0.0314429	0.0789116	0.171269	-0.00719414	-0.0369013	0.00438353	0.180071	-0.019931	0.140023	0.147596	-0.024248	0.137777	0.00444972	
-0.0307305	0.104657	0.0355003	-0.0123252	0.0298577	-0.00939131	-0.033262	0.0756319	0.118371	-0.00851275	-0.0327531	0.00500302	0.284428	-0.0185018	0.102878	0.0874524	-0.0211363	0.0943371	0.00493649	-0.0197367	
-0.0285865	0.162315	0.0522711	-0.0139571	0.0314521	-0.00509283	-0.0300839	0.0725819	0.183176	-0.00663015	-0.0327885	0.00597713	0.332352	-0.0181091	0.0581395	0.07156	-0.0223447	0.054842	0.0113443	
-0.0294628	0.0844226	0.0330099	-0.0145182	0.0314655	-0.0153135	-0.0285379	0.0838094	0.107206	-0.00558162	-0.0262128	0.00829533	0.14612	-0.0139972	0.0680405	0.0934723	-0.0229133	0.0648287	0.0205369	-0.00183929	0	
-0.0292069	0.0683462	0.0425386	-0.0141389	0.0296566	-0.0139429	-0.0298363	0.10355	0.25276	-0.0093203	-0.0335356	0.00376191	0.124542	-0.0155353	0.0853675	0.0912923	-0.0221296	0.06204	0.0144603	-0.0120819	-0.00802514	
-0.0283981	0.143475	0.048144	-0.01434	0.0274627	-0.011114	-0.0273674	0.0658418	0.106321	-0.0101619	-0.0319776	0.000921458	0.143982	-0.00763587	0.202884	0.0893843	-0.019145	0.0641232	0.0126057	
-0.0265086	0.101482	0.0553465	-0.0116915	0.0238654	-0.00980897	-0.0271723	0.110376	0.103241	-0.0137646	-0.0333917	-0.00353504	0.110158	-0.000818775	0.0884494	0.0880488	-0.0244773	0.0397881	0.00591888	-0.0124941	0.0185117	
-0.0307997	0.140756	0.0367764	-0.00896078	0.0251548	-0.0134614	-0.0268751	0.0614566	0.0771667	-0.0124753	-0.0314084	-0.00276454	0.0572235	-0.00333082	0.0867859	0.086077	-0.0172207	0.0575139	0.00788217	0.0543595	0.0261621	
-0.0318635	0.12195	0.0461732	-0.0116516	0.0260058	-0.00881326	-0.0275906	0.0627979	0.105272	-0.0122026	-0.0298882	-0.00123193	0.026161	-0.00560485	0.0494235	0.0819357	-0.0191178	0.0762284	0.00788217	0.000300035	0.0200344	-0.000254282	
-0.0284471	0.0789136	0.0461732	-0.0061299	0.0278623	-0.0131511	-0.0300549	0.0573212	0.114357	-0.00932755	-0.0336869	-0.00592306	0.038794	-0.00303702	0.089593	0.157156	-0.0178572	0.0755785	0.0192245	
-0.0297272	0.134072	0.0492777	-0.00714958	0.0299681	-0.0113097	-0.0310328	0.0314281	0.0752002	-0.00833322	-0.0328758	0.00469749	0.103854	-0.0037106	0.0895036	0.111778	-0.0208503	0.0813554	0.0158897	-0.00580953	0.0113725	
-0.0295527	0.128948	0.0495538	-0.00948162	0.0209796	-0.0102902	-0.0296631	0.0895864	0.136134	-0.0175423	-0.0362619	0.00238597	0.0655715	-0.000891826	0.165437	0.110523	-0.0144675	0.0209182	0.0213397	0.0431995	0.0107975	
-0.0314784	0.0856803	0.0519317	-0.0111047	0.0141256	-0.0118702	-0.0273529	0.0751554	0.154401	-0.0236564	-0.0332415	-0.00467872	0.0976727	-0.00714355	0.0890506	0.109811	-0.0280524	0.0133561	0.0541852	
-0.0286002	0.0847825	0.0571126	-0.0133497	0.0248477	-0.0158995	-0.0314882	0.0455014	0.122002	-0.0135402	-0.0343401	0.00223276	0.0575735	-0.00456513	0.049372	0.11491	-0.0266258	0.00659242	0.0593984	0	
-0.0271593	0.135166	0.0342457	-0.0160713	0.0265661	-0.0164032	-0.0302068	0.0809974	0.163476	-0.0112527	-0.0330996	0.00324513	0.0603237	-0.00502412	0.0378686	0.0791407	-0.0220076	0.0129466	0.0677855	-0.0124431	
-0.0297223	0.0904511	0.0399099	-0.00970116	0.0292515	-0.0154619	-0.0325586	0.0771668	0.253185	-0.00955494	-0.0321595	0.00324513	0.0551869	-0.00502412	0.045342	0.0842578	-0.0245704	0.0129466	0.0851704	0.0123071	0	
-0.0289768	0.0562081	0.0359598	-0.00785979	0.0296638	-0.00568277	-0.0309819	0.0573484	0.191599	-0.0084782	-0.0343028	0.00608487	0.0425433	-0.00416977	0.0674141	0.0807245	-0.0237825	0.0148285	0.0962743	
-0.0319226	0.10319	0.046646	-0.0120826	0.0169325	-0.0146683	-0.0326171	0.051198	0.104414	-0.0213944	-0.0331344	-0.00414196	0.037491	-0.00642575	0.138196	0.0631274	-0.0270491	0.0144884	0.0575987	-0.00598342	
-0.0314734	0.124194	0.0322976	-0.00514387	0.0258226	-0.0160913	-0.0324355	0.0510782	0.184109	-0.011226	-0.0320403	-0.00025404	0.0820246	-0.00361579	0.12047	0.117725	-0.0248538	0.00535315	0.0761013	0.00505933	
-0.0313675	0.149805	0.0400253	-0.0099158	0.0263644	-0.0117667	-0.0311704	0.0668538	0.0987327	-0.01094	-0.0345674	0.0054938	0.0457403	-0.00716019	0.119626	0.126684	-0.0233032	0.00903693	0.0751698	-0.00446284	
-0.0301086	0.163363	0.0353397	-0.00702119	0.0320149	-0.0143572	-0.0337862	0.0946124	0.144872	-0.00552395	-0.0357707	0.00118943	0.108615	-0.00710658	0.103022	0.0715951	-0.0207654	0.00616595	0.0723989	0.000764481	
-0.0299908	0.153191	0.03866	-0.0156366	0.0262731	-0.0143104	-0.0322615	0.0985146	0.130407	-0.0125129	-0.0355185	0.00283356	0.0565409	-0.00704903	0.0595409	0.122922	-0.0206933	0.0113137	0.103773	0.00595471	0	
-0.0304889	0.14577	0.0369191	-0.0120452	0.0302661	-0.0108082	-0.0325118	0.0552821	0.143374	-0.00871341	-0.0315599	0.00516494	0.065624	-0.00704903	0.0548936	0.121506	-0.0104919	0.0130815	0.0921834	0.0082395	0.0138437	
-0.0280529	0.121947	0.0536204	-0.0116591	0.023483	-0.0197565	-0.0295493	0.109468	0.0725478	-0.0146265	-0.0325753	0.000269005	0.0426692	-0.00493009	0.111229	0.0332911	-0.0258256	0.0131559	0.122454	0.00474435	
-0.0306994	0.105592	0.0424271	-0.0118225	0.0216906	-0.0171102	-0.0294599	0.12565	0.107947	-0.0155714	-0.0332312	-0.0015455	0.05824	-0.00350013	0.0480419	0.120027	-0.0224748	0.0187164	0.0654825	-0.000461952	
-0.0325358	0.16074	0.0444528	-0.0133144	0.0221472	-0.0174203	-0.0312009	0.0677299	0.16573	-0.015724	-0.0348966	-0.00739545	0.0430322	-0.00868716	0.0474312	0.0901097	-0.0226855	0.0173447	0.0716063	0.0014055	
-0.0305387	0.123954	0.0429156	-0.0137314	0.0217743	-0.0168713	-0.0336711	0.0772491	0.0929957	-0.0160503	-0.0318158	0.000253936	0.0440955	-0.0081096	0.0954408	0.0469445	-0.0236168	0.00966267	0.0710076	0.0014055	-0.0141972	
-0.0308897	0.0751258	0.0444864	-0.0160641	0.0228735	-0.0208024	-0.0330859	0.0850665	0.0814524	-0.013543	-0.0294892	-0.00388217	0.0493922	-0.00650745	0.153997	-0.00834004	-0.013888	0.0232664	0.0963346	0.00411722	
-0.0267093	0.087929	0.0374855	-0.00845245	0.0221623	-0.0190852	-0.0324836	0.110493	0.0791769	-0.0156043	-0.0332361	-0.00161808	0.0308848	-0.00501661	0.114534	0.0100501	-0.0194207	0.0222218	0.110056	0.00275203	-0.017115	
-0.0321181	0.126893	0.0469154	-0.0148829	0.0237189	-0.017754	-0.0305069	0.106428	0.186612	-0.014575	-0.0317382	0.00629851	0.0327495	-0.00560378	0.0556913	-0.0011812	-0.0161526	0.0192098	0.116464	0	
-0.0304698	0.182677	0.0463292	-0.0143525	0.0272563	-0.016703	-0.0330947	0.10475	0.161912	-0.0107246	-0.0354806	0.000547147	0.0381251	-0.00558601	0.0909107	-0.00455646	-0.0185027	0.0122619	0.138051	0	
-0.0292313	0.103532	0.0590215	-0.0143525	0.0260072	-0.0196013	-0.0324272	0.0846347	0.0716201	-0.0115911	-0.0335052	-0.00325527	0.0379755	-0.00332614	0.0783623	-0.00512128	-0.0190842	0.0174874	0.106686	-0.00180029	0.00229663	
-0.0275452	0.103095	0.0455533	-0.0131416	0.0306899	-0.0163094	-0.0323602	0.0430077	0.0852611	-0.00732928	-0.033784	0.0044933	0.0197375	-0.00832844	0.185076	0.00132655	-0.0209135	0.019132	0.136531	-0.0305194	-0.00455129	0.0191777	0.144774	0.0460833	
-0.0257169	0.105461	0.0457529	-0.0132461	0.0256406	-0.012227	-0.0303584	0.0555341	0.13993	-0.0114004	-0.00354848	0.00745288	0.0561745	-0.00381738	0.0822533	0.00820681	-0.0128034	0.0196344	0.054177	0.0166459	
-0.0296094	0.122856	0.0374861	-0.0122971	0.0265946	-0.00887528	-0.0326243	0.104369	0.15551	-0.00942317	-0.00275966	0.0103724	0.0627661	-0.00507174	0.109104	0.120123	-0.0197991	0.0194723	-0.005106	0.00506854	
-0.0283903	0.126924	0.0364715	-0.0104389	0.0231545	-0.00839778	-0.0294112	0.0740538	0.190503	-0.0149501	0.0148948	0.0114764	0.0627661	-0.00374952	0.0835192	0.00543129	-0.0178467	0.0224444	0.0164509	0.0969379	0.0130822	
-0.0290187	0.155831	0.0404452	-0.0131311	0.0271365	-0.010209	-0.0284574	0.0926571	0.172866	-0.0097536	0.000339152	0.00950169	0.0915011	-0.00482607	0.0442038	-0.00944372	-0.0155834	0.0198374	0	0.0831669	-0.0102982	-0.0108351	
-0.0299538	0.185327	0.0412584	-0.0183782	0.0280129	-0.0166784	-0.0305989	0.082718	0.105603	-0.0113424	0.00390282	-9.3171e-05	0.0639357	-0.00508325	0.0869075	-0.00412035	-0.0136145	0.0236166	0.0612415	
-0.0311869	0.128727	0.0425729	-0.0179611	0.0344348	-0.0168083	-0.0321698	0.0984626	0.116261	-0.00484615	-0.00714732	0.00544863	0.0528099	-0.0106355	0.145258	0.0071011	-0.0149148	0.00824132	0.0586953	
-0.0301579	0.157183	0.041934	-0.0182536	0.0347102	-0.0150076	-0.0281816	0.104957	0.268336	-0.0044094	-0.000789498	-0.00414722	0.0317207	-0.00756021	0.0635548	0.00643035	-0.0110663	0.00229774	0.0425282	0.00759776	0.0624175	
-0.030117	0.131545	0.0465291	-0.0163186	0.0352068	-0.0135772	-0.0263327	0.0729612	0.194335	-0.00319224	-0.00272148	-0.00505322	0.0732366	-0.0077731	0.0460857	0.00137348	-0.0146695	0.00657655	0.0610795	
-0.0300353	0.178466	0.0465291	-0.0192779	0.033133	-0.0235814	-0.0295671	0.0591456	0.0661473	-0.0044079	0.00522546	0.00804144	0.0682472	-0.00970933	0.0936933	-0.0030131	-0.0226986	0.00299182	0.0649995	-1.22775e-05	
-0.0297487	0.128327	0.0495591	-0.0146279	0.032707	-0.0127183	-0.0251094	0.066234	0.190259	-0.00479369	0.00286665	0.00301327	0.087162	-0.00946153	0.0893554	0.00697605	-0.0134257	0.00859977	0.0573301	-0.0259089	
-0.0263308	0.162891	0.0379059	-0.0176945	0.0315047	-0.0164725	-0.0303783	0.0897267	0.149498	-0.00653512	-0.0110332	0.00470029	0.0569521	-0.00348419	0.0524829	-0.0155754	-0.0226592	0.00957726	0.0538479	
-0.0274767	0.142528	0.0577137	-0.0155676	0.0332308	-0.0153913	-0.0293063	0.143989	0.151191	-0.00446627	0.000891285	0.00982457	0.0723501	-0.00633987	0.0957017	-0.00360216	-0.0220152	0.00928692	0.0654252	
-0.0306055	0.152241	0.0557188	-0.0190295	0.0311183	-0.0199218	-0.0269536	0.0638615	0.165044	-0.00813724	-0.00503148	0.00384882	0.0880408	-0.00726104	0.0581707	-0.0144037	-0.0218333	0.00916319	0.0701184	0	0	
-0.0302207	0.160593	0.0376377	-0.0155687	0.0353102	-0.0207454	-0.030142	0.151093	0.158836	-0.00361089	-0.0104124	-0.000551687	0.0611855	-0.00590665	0.195578	-0.0239214	-0.0172076	0.00240489	0.0895091	0	0.00122335	
-0.0312226	0.102877	0.0431829	-0.01797	0.0344541	-0.0197267	-0.0320095	0.0771393	0.20373	-0.00513584	-0.0107986	0.00851339	0.0665691	-0.00664441	0.0629252	-0.0136842	-0.0201498	0.00638552	0.0502465	
-0.0301811	0.123196	0.0488717	-0.0166579	0.0311178	-0.0193446	-0.0297227	0.0670849	0.340476	-0.00747596	-0.0068457	0.00930264	0.0503846	-0.00282519	0.110593	-0.00632809	-0.0220956	0.00976933	0.0695602	0	
-0.0272359	0.126618	0.0482513	-0.0197686	0.0313689	-0.0195084	-0.0302592	0.194242	0.0783467	-0.00870383	-0.00561443	0.00547824	0.0420357	-0.00336049	0.106489	-0.0179738	-0.0232962	0.00427118	0.103011	
-0.0270422	0.111999	0.0447061	-0.0146813	0.0349556	-0.0154061	-0.0283161	0.124036	0.150418	-0.00306488	-0.0029239	0.00661743	0.0399915	-0.00372821	0.101354	-0.00655791	-0.0266239	0.00674046	0.0908903	0.00977599	0	
-0.0285669	0.116079	0.0448467	-0.0163478	0.0320366	-0.0151511	-0.0309503	0.131975	0.160223	-0.00786039	0.00378634	0.0096426	0.0474354	-0.00457933	0.122413	-0.017801	-0.0294504	0.00614509	0.0859117	
-0.0278623	0.111329	0.0448467	-0.0211407	0.0334551	-0.00976016	-0.0329194	0.0568992	0.176147	-0.00577728	-0.000164994	0.00957214	0.0666784	-0.00373664	0.0466325	-0.0214072	-0.0231508	0.00316667	0.0946603	0	0.00199718	
-0.0285536	0.101853	0.0503652	-0.0185802	0.0216192	-0.0207152	-0.0303055	0.146552	0.192422	-0.0194098	-0.00313536	0.0159189	0.0529921	-0.00162849	0.0319409	-0.0217234	-0.0300704	0.011968	0.057368	0	
-0.0286432	0.13584	0.056778	-0.0219303	0.0267454	-0.0227235	-0.0313941	0.111468	0.328343	-0.0126219	-0.00287594	0.0119365	0.103211	-0.000523264	0.0463028	-0.0150284	-0.0283775	0.0122084	0.0900252	0.0111982	-0.0047143	
-0.0293066	0.104674	0.0387468	-0.019464	0.0298275	-0.0173204	-0.0291539	0.0817267	0.246903	-0.008273	0.00311849	0.0102172	0.097266	-0.00253901	0.0894285	-0.0144107	-0.0242932	0.0114857	0.0763661	-0.0183973	
-0.0283621	0.107731	0.0442685	-0.0195756	0.0275711	-0.0173204	-0.0329261	0.120446	0.0795728	-0.0100334	-0.00741204	-0.000522643	0.0981018	-0.00253901	0.0645501	-0.0159448	-0.0229503	0.0154028	0.0889022	-0.000590898	-0.0159579	
-0.0294326	0.0961066	0.0400207	-0.0181246	0.0322974	-0.0173204	-0.0328659	0.0857802	0.168323	-0.00798467	-4.51606e-06	0.00815613	0.0700916	-0.00390193	0.0687361	-0.0102849	-0.0250553	-0.000416317	0.0705698	0.0518219	
-0.0281591	0.100325	0.0401805	-0.0151153	0.0302349	-0.0189645	-0.0297361	0.123783	0.0778146	-0.00864683	0.00310116	0.00297574	0.0674408	-0.00210706	0.0686681	-0.0108635	-0.0257109	0.00884898	0.0825207	
-0.0320075	0.108775	0.0379478	-0.0181349	0.030765	-0.0218079	-0.0319459	0.0720785	0.076083	-0.0098471	0.00275352	0.0109268	0.136027	-0.00291621	0.0542376	-0.0227776	-0.0262865	0.00255592	0.088455	
-0.0326829	0.110366	0.0475094	-0.0189097	0.0330475	-0.0139908	-0.0323746	0.0930276	0.135038	-0.00798703	-0.00731263	-0.000695646	0.128015	-0.00690961	0.095933	-0.0125735	-0.0231641	0.000490751	0.102323	
-0.0280978	0.0972583	0.0424672	-0.0181958	0.0355944	-0.0155698	-0.0330605	0.0929758	0.118251	-0.00389585	0.00160703	0.00175688	0.0910557	-0.000237327	0.120243	-0.0168425	-0.0216179	0.00187732	0.0874753	-0.00785203	0	
-0.0325098	0.111281	0.0454285	-0.0194946	0.0312426	-0.0118316	-0.0337903	0.0993271	0.105299	-0.00839948	-0.00148126	0.00219377	0.0942269	-0.00388559	0.0961848	-0.000708012	-0.0221484	0.0021695	0.0973007	0	-0.0319892	0.0141913	-0.0154128	
-0.0312377	0.0707904	0.042163	-0.0175729	0.0284032	-0.0112516	-0.03134	0.165389	0.196328	-0.00952015	-0.00507524	0.00541646	0.0969885	-0.00305144	0.116175	-0.0128477	-0.0272966	0.00349535	0.0808308	-0.0278186	
-0.0284249	0.0759574	0.0474404	-0.0195606	0.0343715	-0.0140523	-0.0332728	0.0741933	0.07001	-0.00536836	0.00161673	0.00732391	0.0789927	-0.00305144	0.154338	0.0021173	-0.0287421	0.000434214	0.0699596	
-0.0300354	0.0772357	0.0359684	-0.0189585	0.0331991	-0.0135806	-0.0325628	0.0633087	0.15027	-0.00446081	0.0033287	-0.00135793	0.0841026	-0.000403503	0.172881	-0.00518216	-0.0248385	0.00514041	0.0975754	
-0.0287333	0.113721	0.0456636	-0.0221269	0.0341885	-0.00495075	-0.0322972	0.0275548	0.108538	-0.00562443	0.00161383	-0.0022399	0.0683957	-0.00128547	0.111509	-0.0168174	-0.0287116	0.00825176	0.0841624	
-0.0284029	0.0617136	0.0455305	-0.0191497	0.0307177	-0.00753652	-0.0311721	0.0600322	0.0703674	-0.00852759	-0.00441166	0.00448746	0.0598336	-0.00189604	0.0645577	-0.00931844	-0.0288356	0.0123957	0.0811966	-0.00119736	-0.00184596	
-0.0306305	0.0934783	0.0455305	-0.0144926	0.0309073	-0.0135138	-0.034732	0.050417	0.154472	-0.0098616	-0.00655355	0.000563535	0.123145	-0.00668707	0.0696122	-0.00484424	-0.0301707	0.00787776	0.0488358	-0.00778194	0.00443432	-0.00606315	0.0812499	
-0.0285442	0.0957788	0.0455305	-0.0185686	0.0333082	-0.0120719	-0.0314117	0.0744565	0.131096	-0.006003	-0.0038798	-0.00115693	0.156959	-0.00281693	0.0624671	-0.0101636	-0.0272374	0.00278574	0.102026	-0.00535938	
-0.0310372	0.0934424	0.040393	-0.0201048	0.0365148	-0.013232	-0.0336141	0.0525374	0.0283559	-0.00481596	-0.00297617	-0.00178203	0.0648411	-0.00494971	0.0353767	-0.00876124	-0.0229988	-0.0155196	0.0649097	-0.00572671	
-0.0297733	0.116279	0.0430389	-0.0204541	0.0373135	-0.0129085	-0.0365162	0.04493	0.163624	-0.00401723	-0.00486827	-0.00295704	0.0859525	-0.00789156	0.140929	-2.79515e-05	-0.0285528	-0.013983	0.109141	-0.0123075	
-0.029978	0.142274	0.0497105	-0.0203188	0.0351065	-0.013756	-0.0330718	0.0649956	0.146654	-0.00706813	-0.0102388	-0.002264	0.10962	-0.0112479	0.090912	-0.0139101	-0.0271967	-0.0106959	0.0812337	-0.00233911	
-0.0315103	0.0916168	0.0423528	-0.0203188	0.0329232	-0.0111076	-0.0308253	0.0286286	0.137332	-0.00876762	-0.0102796	-0.00652597	0.113541	-0.00754393	0.117962	0.0182596	-0.0318326	-0.0130379	0.077136	-0.00476271	0.0273878	
-0.0326324	0.0892389	0.0386847	-0.0219335	0.0336048	-0.0185361	-0.0350466	0.0251877	0.150285	-0.00838647	-0.00726427	-0.00402205	0.14068	-0.00722395	0.126172	-0.00436957	-0.0281289	-0.0144102	0.0712581	-0.0146998	-0.0215415	
-0.0277449	0.0936055	0.0403096	-0.0188136	0.0303458	-0.0143668	-0.0334422	0.0584309	0.162059	-0.0112992	-0.00721518	-0.00564978	0.101733	-0.00723466	0.0547797	-0.00517968	-0.027663	-0.00481656	0.0460569	-0.00862281	
-0.02954	0.0978852	0.041219	-0.0190931	0.031299	-0.0142192	-0.0336321	0.0284933	0.112357	-0.00983649	-0.00347318	-0.00754313	0.0638119	-0.00321127	0.0484721	-0.00583174	-0.0257368	-0.00651545	0.0582829	-0.00396798	-0.0265588	0.0200334	
-0.0307794	0.0704503	0.0326852	-0.0193866	0.0302932	-0.0194958	-0.0359182	0.0716406	0.101959	-0.0118428	-0.00166969	-0.00414374	0.0530384	-0.00593651	0.0448358	-0.00834042	-0.0280239	-0.00970266	0.0529594	-0.0113694	-0.00466026	-0.0190471	0	0	
-0.0318828	0.163136	0.0459408	-0.0197038	0.0296338	-0.015801	-0.0345485	0.0458087	0.0884023	-0.0113951	-0.00262933	0.0050104	0.0711681	-0.00595845	0.0554623	-0.00937744	-0.0279028	-0.0121219	0.0518146	-0.00178713	
-0.0338498	0.129972	0.039315	-0.0190183	0.0332287	-0.0144414	-0.0347065	0.00798186	0.19492	-0.00952533	-0.00262933	-0.00737334	0.0657458	-0.00852026	0.131956	-0.00890574	-0.0290784	-0.0181517	0.0425317	-0.0110551	0	
-0.0325182	0.115157	0.0423495	-0.0190183	0.0347168	-0.0110948	-0.0356843	0.0461692	0.200147	-0.00703897	0.000971266	-0.006128	0.06733	-0.00953927	0.0520513	-0.017337	-0.0223147	-0.0105665	0.0457456	-0.0104986	-0.0139162	0	
-0.0322575	0.084989	0.042901	-0.0186665	0.0312665	-0.0131716	-0.0326579	0.0461692	0.149656	-0.0105325	-0.00321777	-0.00973307	0.0467801	-0.00876656	0.0381418	-0.0175353	-0.023635	-0.0114341	0.0415033	-0.00907504	
-0.0300904	0.121232	0.0437529	-0.0215036	0.0335099	-0.0162411	-0.0359315	0.0484798	0.0708382	-0.00773417	-0.00651177	-0.000937697	0.12112	-0.00876656	0.0732449	-0.0140414	-0.0237825	-0.0185505	0.0687879	-0.00862101	0	-0.0104223	
-0.0294565	0.0846864	0.04399	-0.0127063	0.0333198	-0.0160108	-0.0338755	0.0599204	0.0769887	-0.00783654	-0.00558829	0.00584642	0.0655664	-0.00235366	0.0867743	-0.00762895	-0.0159542	-0.0157381	0.0658946	-0.00838389	
-0.0301692	0.0986903	0.0531745	-0.0196362	0.0337239	-0.00413117	-0.0359355	0.0197905	0.190768	-0.00689245	-0.00991495	0.00425779	0.114872	-0.00451554	0.0804027	-0.0164816	-0.0260875	-0.0163349	0.051927	-0.0052226	-0.00208622	
-0.0317955	0.198854	0.0457908	-0.0206173	0.0341485	-0.00771753	-0.0334928	0.046328	0.0767763	-0.00676165	-0.0101086	0.0401493	-0.00328428	-0.00310986	0.125886	-0.00404051	-0.0260875	-0.011849	0.0524061	0.0563389	
-0.0293265	0.132512	0.0428447	-0.0199063	0.036701	-0.0102144	-0.0339574	0.0444277	0.135168	-0.00535186	-0.00359067	0.0974159	-0.00794207	-0.00859788	0.13013	-0.0132918	-0.0244493	-0.0159781	
-0.0293125	0.144003	0.0429091	-0.0199063	0.0271736	-0.0047599	-0.0344949	0.0648332	0.145857	-0.0140525	-0.00359067	0.0526689	-0.00794207	-0.00782366	0.237094	-0.00378729	-0.0299864	-0.0159781	-0.00465316	
-0.030416	0.122567	0.0356704	-0.0205333	0.0336906	-0.00435867	-0.0334973	0.0442341	0.0650181	-0.00851829	-0.00320315	0.182255	-0.00541427	-0.00782366	0.42605	-0.0109093	-0.0175825	-0.00696795	-0.0311832	0.0387286	-0.0219407	-0.00988236	0	
-0.0257095	0.0949644	0.0433719	-0.0147631	0.025028	3.95623e-06	-0.0338658	0.0536159	0.0951748	-0.0174161	-0.00536772	0.156135	-0.00549384	-0.00449236	0.239824	0	-0.052603	-0.00854076	-0.024824	0.000463053	
-0.0260105	0.115565	0.0475971	-0.0185225	0.0359126	-0.00325645	-0.0311666	0.0448234	0.0777782	-0.00493534	0.00162807	0.153451	-0.00572035	-0.00761269	0.0967453	0.0828632	-0.0633242	-0.0159933	-0.0241454	
-0.032884	0.109987	0.0353094	-0.0242825	0.0364206	-0.00692422	-0.034323	0.0584197	0.211633	-0.00531432	-0.000485277	0.122668	-0.00375441	-0.00761269	0.0881147	-0.0467951	-0.0138653	-0.0252073	
-0.0287136	0.0932009	0.0324562	-0.0234823	0.0310531	-0.00417945	-0.0343025	0.0387352	0.0962429	-0.0097558	-0.00544613	0.113097	-0.00673243	-0.0040051	0.100472	-0.0161479	-0.0250204	0.0260637	
-0.0297906	0.108585	0.0427833	-0.023129	0.0335802	-0.0101353	-0.0326936	0.0617564	0.0581361	-0.00790386	-0.0118664	0.101009	-0.00776523	-0.00607206	0.150805	-0.0171064	-0.0226623	
-0.0325767	0.11846	0.0517094	-0.0224272	0.0299033	-0.0146511	-0.033108	0.0575373	0.115681	-0.0120623	-0.00157039	0.0955319	-0.00776523	-0.00555616	0.159279	-0.0172635	-0.0257811	
-0.0290175	0.100025	0.0377838	-0.0212866	0.0321519	-0.0121223	-0.0314259	0.0711325	0.168447	-0.0096535	-0.00378096	0.10967	-0.00523554	-0.00486629	0.108409	-0.0138451	-0.0250759	
-0.0313165	0.125834	0.0448612	-0.0212866	0.0318193	-0.00983602	-0.0334669	0.0881576	0.337498	-0.00982015	-0.0108852	0.0756476	-0.00362432	-0.00805574	0.0996495	-0.0114739	-0.0234894	0	0.0405271	
-0.0318661	0.0914517	0.0494286	-0.0218038	0.0251793	-0.0065917	-0.0327053	0.0521817	0.146507	-0.0166536	-0.00693454	0.149204	-0.00795952	-0.00430209	0.0970813	-0.0141151	-0.0222582	
-0.0325085	0.0605586	0.0371034	-0.0177975	0.0286898	-0.00638888	-0.0327931	0.058042	0.237139	-0.0132332	-0.011657	0.101757	-0.00631996	-0.00929816	0.0506066	-0.0148607	-0.0220027	
-0.0327371	0.124834	0.0447883	-0.018384	0.0308583	-0.0155855	-0.0338817	0.0758847	0.13177	-0.0116481	-0.00955455	0.150962	-0.00631996	-0.00766497	0.159417	-0.0139457	-0.0310151	0.00829753	0	
-0.0276316	0.0697891	0.0393105	-0.0191956	0.0314173	-0.014692	-0.0317486	0.0555984	0.184289	-0.0108657	-0.00461363	0.130079	-0.0066519	-0.00981495	0.110641	-0.0148914	-0.0257878	
-0.0310507	0.100551	0.0394859	-0.0216682	0.0344355	-0.012689	-0.0326968	0.0683882	0.236656	-0.00615839	-0.00212534	0.087215	-0.00674001	-0.00894869	0.189871	-0.00656713	-0.0191965	0	
-0.0310507	0.0597318	0.0361663	-0.0142448	0.0339205	-0.00826017	-0.0308964	0.0418248	0.121422	-0.00809425	-0.00621869	0.143168	-0.00641789	-0.00472627	0.108011	-0.0159342	-0.0222624	-0.00484166	
-0.0301595	0.0810892	0.0361663	-0.0142448	0.0340579	-0.00926435	-0.0345936	0.0495093	0.10564	-0.00731762	-0.00831478	0.106921	-0.00759513	-0.00973885	0.138595	-0.0118591	-0.0256054	0	-0.0160703	-0.0261096	
-0.0291662	0.0760327	0.0326064	-0.0144749	0.0313098	-0.00424889	-0.0304116	0.0554807	0.124856	-0.00846701	-0.00752621	0.0612436	-0.00585587	-0.00707599	0.141425	-0.00886454	-0.0252974	0.00607308	0.00489773	
-0.0267948	0.0866555	0.031676	-0.0146423	0.0339313	-0.00833484	-0.0324309	0.0792785	0.192521	-0.00707613	-0.00609747	0.116214	-0.00293917	-0.00726259	0.119662	-0.00905113	-0.0251683	0.0253258	
-0.0292378	0.102106	0.0260647	-0.016053	0.0300925	-0.00993922	-0.0326676	0.0592697	0.184201	-0.00987089	0.0010758	0.131009	-0.00378183	-0.00774983	0.0925325	-0.0178142	-0.028965	0.0235293	0.00838315	
-0.0294597	0.0621925	0.0316712	-0.0182445	0.0282366	-0.00662459	-0.0309694	0.0471981	0.176597	-0.0128784	-0.00523293	0.0865228	-0.00893206	-0.00433673	0.0810064	-0.00298435	-0.0263555	
-0.0319828	0.0929721	0.0386406	-0.0171012	0.0341874	-0.013997	-0.0311225	0.0501078	0.162025	-0.00668411	-0.00735319	0.13566	-0.00759188	-0.00819803	0.103078	-0.0153331	-0.0249857	
-0.0336188	0.0614012	0.0405148	-0.0151013	0.0334339	-0.00866035	-0.0300691	0.0872435	0.192018	-0.00787368	-0.00905907	0.10822	-0.00648533	-0.00738877	0.137779	-0.0138101	-0.0243628	
-0.0288638	0.0735995	0.0342007	-0.0242324	0.0254724	-0.0146157	-0.0308429	0.0866681	0.20669	-0.0154855	-0.00300203	0.136534	-0.00648533	-0.00709549	0.113627	-0.0182631	-0.0216261	-0.0079974	0.0250488	0.0231083	
-0.0289828	0.0927276	0.0338825	-0.0163841	0.0301994	-0.00982793	-0.0332575	0.0783465	0.212755	-0.0105269	-0.00922412	0.127641	-0.00628931	-0.00646555	0.101522	-0.0140634	-0.0213217	0	
-0.0332744	0.152377	0.0413012	-0.0198814	0.0352999	-0.0125836	-0.0358132	0.0544128	0.209992	-0.0056683	-0.00697925	0.102933	-0.00874141	-0.00567415	0.118291	-0.0195709	-0.0270989	0.0986325	
-0.0284522	0.106051	0.0363639	-0.0198814	0.0152957	-0.0156709	-0.033503	0.0236022	0.237835	-0.0260423	-0.00990514	0.0881348	-0.00680725	-0.00579906	0.119684	-0.0163742	-0.0273067	-0.00603962	0	
-0.0305821	0.10328	0.0438022	-0.0183052	0.0268545	-0.0192313	-0.0306145	0.0366973	0.281043	-0.0145649	-0.0127684	0.177062	-0.0109947	-0.00780972	0.0724802	-0.0154416	-0.024904	-0.0203482	
-0.0328276	0.0789708	0.060778	-0.0186643	0.0303865	-0.0156083	-0.0332979	0.0727884	0.212515	-0.0103758	-0.00765051	0.0896457	-0.00419517	-0.00629018	0.0905772	-0.00876922	-0.0264264	
-0.0307419	0.0826792	0.0368637	-0.0196503	0.0293835	-0.0111689	-0.0335615	0.0756287	0.216363	-0.010277	-0.00709965	0.0828722	-0.00358776	-0.00521102	0.0474061	-0.0154923	-0.0260715	0.00265581	0.0105897	
-0.0307694	0.0885613	0.0337504	-0.0203299	0.0298106	-0.0089945	-0.0324353	0.0546657	0.34733	-0.0102541	-0.0111945	0.0682109	-0.00472221	-0.00759672	0.0498964	-0.0116637	-0.0245911	0.0107197	0	
-0.0326029	0.0669604	0.036778	-0.019956	0.0329759	-0.0131445	-0.0344192	0.0531635	0.122091	-0.00780554	-0.00328758	0.0743343	-0.00895379	-0.00672286	0.0532102	-0.0124526	-0.029505	
-0.0344211	0.075214	0.0424329	-0.0210597	0.0318069	-0.00839556	-0.0358364	0.0580168	0.310663	-0.0102965	-0.0127574	0.0765736	-0.0126109	-0.00786975	0.0455607	-0.0165969	-0.0287093	0	-0.0323203	-0.000369065	
-0.0330431	0.0939754	0.0330794	-0.016098	0.0256863	-0.0124357	-0.0337917	0.0466767	0.140278	-0.0143021	-0.0110004	0.04943	-0.00739217	-0.00307937	0.0660293	-0.0139576	-0.0104574	-0.00200858	-0.00798672	-0.00126015	0	
-0.0305419	0.0858566	0.0470965	-0.0145758	0.0291375	-0.00155795	-0.0321888	0.0630225	0.216059	-0.00975694	-0.00615321	0.063296	-0.00630258	-0.00813588	0.115239	-0.016839	-0.0219728	-0.00593484	0	0	0.023199	
-0.0327682	0.0788324	0.0415947	-0.014435	0.0230427	-0.0033905	-0.0325165	0.0607296	0.107479	-0.0179192	-0.00572758	0.0360783	-0.009122	-0.00734506	0.114017	-0.0191537	-0.0162505	-0.00520089	0.0361371	-0.0340726	
-0.0326049	0.0933644	0.0269023	-0.0191423	0.0301216	-0.0208519	-0.0350306	0.0431715	0.163347	-0.0115941	0.00372618	0.0547375	-0.00977637	-0.00905104	0.326643	-0.0172236	-0.0276827	-0.00417893	-0.0359052	
-0.0327062	0.109243	0.036865	-0.0184055	0.0286678	-0.0208086	-0.0331416	0.0982085	0.180784	-0.0126933	-0.00606506	0.066023	-0.00907657	-0.00895556	0.0985101	-0.0146326	-0.020591	0.00507253	-0.00858246	0.0315859	
-0.0286631	0.150726	0.036865	-0.0144188	0.0347024	-0.0183574	-0.0364651	0.0760165	0.20521	-0.00714067	-0.00325634	0.0253463	-0.00934548	-0.00895556	0.065503	-0.0187005	-0.0233488	-0.00730674	0.0143472	
-0.0310895	0.140053	0.0282365	-0.0171604	0.0309907	-0.0207184	-0.037392	0.079633	0.210077	-0.0112225	-0.00658799	0.0653637	-0.012993	-0.00987914	0.186326	-0.0137478	-0.022082	-0.00777578	0.00821857	-0.011012	
-0.0313131	0.113681	0.0264368	-0.0183633	0.0294112	-0.00994068	-0.0352995	0.051955	0.134818	-0.0120696	-0.00453337	0.0989196	-0.00757174	-0.00903069	0.0907418	-0.0128993	-0.0240903	-0.010061	0.0409277	0	
-0.0267665	0.0942339	0.0382902	-0.0183633	0.0267621	-0.0218324	-0.0343621	0.0817924	0.27274	-0.0150874	-0.00305423	0.0521876	-0.0105647	-0.00903069	0.0550236	-0.0128993	-0.0239859	0.000651777	
-0.0306676	0.0961816	0.036759	-0.0163478	0.0216029	-0.0179798	-0.0359975	0.0781769	0.125304	-0.0202996	0.00029421	0.138429	-0.00488919	-0.00643003	0.13007	-0.0098386	-0.0274911	-0.00729633	-0.0196449	
-0.0266878	0.0900603	0.036759	-0.0188007	0.0224182	-0.0179899	-0.0351945	0.0618685	0.112248	-0.0187109	-0.0056648	0.100917	-0.00618886	-0.00961779	0.120133	-0.011849	-0.0285625	-0.00684015	0.00200096	
-0.0304181	0.119332	0.0324814	-0.0182984	0.0260924	-0.0195483	-0.0342282	0.063999	0.100033	-0.0166883	-0.00310151	0.0668834	-0.0116125	-0.00835929	0.136466	-0.00459227	-0.0259151	-0.00282253	
-0.0302989	0.0862214	0.0390248	-0.0187755	0.00871314	-0.0182459	-0.035926	0.050256	0.135426	-0.0327912	0.00114989	0.122106	-0.00687989	-0.0101031	0.0992918	-0.0159554	-0.0253079	-0.00596385	
-0.0303623	0.0963855	0.0390248	-0.0200019	0.0173072	-0.024106	-0.0359921	0.131796	0.212022	-0.0250983	-0.000375065	0.0878189	-0.0114459	-0.00675294	0.119607	-0.0151375	-0.0280262	-0.00567328	-0.00285091	
-0.0283452	0.114138	0.038057	-0.0137074	0.0243065	-0.0149154	-0.0332782	0.0657393	0.186033	-0.0177149	-0.00325016	0.0866912	-0.0108989	-0.00265778	0.103461	-0.00633071	-0.0272335	0.00163845	0.0250725	
-0.0261241	0.11167	0.0442856	-0.0221167	0.0277635	-0.0207466	-0.0363038	0.110546	0.173234	-0.0137443	0.00138182	0.124092	-0.0103617	-0.00258226	0.0751889	-0.0173891	-0.0261233	-0.00487424	
-0.0283218	0.107432	0.0386765	-0.0205966	0.0284783	-0.0221811	-0.0354015	0.0733588	0.119415	-0.0130928	-0.00203029	0.132123	-0.011505	-0.00818671	0.0696649	-0.0133302	-0.0270327	-0.000921213	
-0.0250888	0.0991089	0.0371883	-0.0192342	0.0246557	-0.0173119	-0.0324658	0.0651742	0.181488	-0.0166888	-0.00842535	0.120366	-0.010481	-0.00463778	0.0887582	-0.0144263	-0.0259763	0.000304944	
-0.0244411	0.0877178	0.0332455	-0.0192342	0.0214663	-0.0237677	-0.034493	0.0645669	0.120599	-0.0195215	-0.0078354	0.118985	-0.0127483	-0.00614626	0.0419476	-0.00842186	-0.0205347	-0.00276737	-0.0150098	
-0.0275414	0.0765379	0.0423494	-0.0217469	0.0245921	-0.0131107	-0.0367768	0.126425	0.158666	-0.0162546	-0.00264299	0.0809115	-0.0104393	-0.00266386	0.103172	-0.0142071	-0.0280625	-0.00100814	
-0.0297825	0.128237	0.0359948	-0.0192666	0.0210496	-0.0162312	-0.035273	0.0888676	0.239765	-0.0200965	-0.0083899	0.113287	-0.00994188	-0.00384391	0.113376	-0.00885958	-0.0265232	-0.0025631	0.0309008	
-0.0301078	0.0953684	0.0366948	-0.02114	0.0258717	-0.022372	-0.0340222	0.110073	0.16067	-0.0148846	-0.00989467	0.166524	-0.00921196	-0.00463256	0.0453928	-0.0108095	-0.0285069	-0.00697131	
-0.0300232	0.104905	0.0385532	-0.0190273	0.0292085	-0.0201628	-0.0358897	0.092897	0.0884378	-0.0112149	-0.00739833	0.0809202	-0.00842767	-0.00331677	0.0871882	-0.0144697	-0.0260611	-0.00786831	
-0.031253	0.0845443	0.0476306	-0.0223922	0.0206115	-0.0173667	-0.0334357	0.0653436	0.167202	-0.0199994	-0.00818373	0.103142	-0.0127584	-0.00594271	0.0715284	-0.0153682	-0.0248591	-0.00418553	0.015104	
-0.0299453	0.0513468	0.0464424	-0.0215049	0.021987	-0.0167858	-0.0334389	0.0886212	0.131196	-0.0191522	-0.00182004	0.165099	-0.00698379	-0.00808554	0.0681481	-0.00910057	-0.0235469	-0.00495822	0.0193248	0.00533852	
-0.0274904	0.0759991	0.0504343	-0.0215049	0.00673431	-0.0165191	-0.0347262	0.0785016	0.166944	-0.0326517	0.00294445	0.103414	-0.00942022	-0.00923095	0.0684308	-0.00620971	-0.0294692	-0.0050411	0.00797501	
-0.0308394	0.0530628	0.0511513	-0.0223807	0.0152475	-0.0129924	-0.0348397	0.0577891	0.282699	-0.0246637	-0.00144298	0.0912718	-0.00879505	-0.00808289	0.10271	-0.0106154	-0.0277698	-0.00213544	
-0.0299691	0.090578	0.0472965	-0.0169137	0.0257483	-0.0161569	-0.0358713	0.0912784	0.25796	-0.0130596	-0.00202931	0.0537941	-0.00885569	-0.00705511	0.0493161	-0.000311193	-0.0239471	-0.00386646	-0.000731937	
-0.03134	0.0710953	0.0691757	-0.0211867	0.0252437	-0.0138331	-0.035922	0.0520485	0.120393	-0.014681	0.00103801	0.116508	-0.0118033	-0.00605589	0.086837	-0.000633395	-0.0270885	0.00423147	-0.0174993	
-0.0273184	0.0834526	0.0594646	-0.0184642	0.0210942	-0.0174825	-0.0323301	0.111924	0.162438	-0.0187027	0.00338543	0.0750756	-0.01142	-0.00497066	0.072625	-0.00969064	-0.0206298	0.00141128	0.00107881	
-0.0334234	0.0832774	0.0585806	-0.0218131	0.0246395	-0.0151022	-0.0355228	0.0745086	0.186559	-0.0176765	-0.00321599	0.0527328	-0.00757469	-0.00711122	0.0380724	-0.00990199	-0.0247447	-0.00507642	0.00611007	-2.74914e-05	0	
-0.032206	0.0914568	0.0572755	-0.0173115	0.0297039	-0.0208723	-0.0327012	0.0872051	0.225976	-0.0125444	0.00132572	0.061716	-0.00850159	-0.00708786	0.0445641	-0.0107789	-0.0268671	-0.00866758	0.0678162	
-0.0309478	0.075006	0.0577489	-0.0196934	0.0294295	-0.0205753	-0.0351733	0.0821587	0.159924	-0.0110212	0.00608833	0.102385	-0.0080282	-0.00964322	0.0732685	-0.00922561	-0.0301405	-0.00431501	-0.0153572	0.0695351	0	
-0.028537	0.0738322	0.0593784	-0.0185286	0.023529	-0.0138205	-0.0354065	0.0713146	0.315928	-0.0158512	-0.000474746	0.0481516	-0.00565762	-0.00787486	0.0513005	-0.0121841	-0.0214379	0.00528437	
-0.0272481	0.0983185	0.045218	-0.020003	0.0213858	-0.0197042	-0.0336716	0.131652	0.186198	-0.0176113	0.00496169	0.0739866	-0.00206489	0.000246278	0.0965203	-0.0124368	-0.0246968	-0.00608279	0.0197374	-0.00640272	-0.0232147	
-0.0311051	0.0867885	0.045218	-0.0190126	0.0276179	-0.0139186	-0.0322408	0.112348	0.124633	-0.0120129	1.36196e-05	0.101609	-0.00100934	-0.00291152	0.0835981	0.00400313	-0.0177082	-0.00568938	0.00362602	
-0.0286607	0.080548	0.0431763	-0.0182455	0.0315157	-0.0146166	-0.0339193	0.159476	0.179357	-0.00806544	-0.000693186	0.03259	-0.000234446	-0.00499092	0.102843	0.00400313	-0.0266444	-0.00423604	0	
-0.0286182	0.095795	0.0545789	-0.0192051	0.0277133	-0.0105147	-0.0322943	0.0966503	0.132484	-0.0114765	-0.00311327	0.0798156	-0.00629528	-0.00395416	0.153975	-0.00560494	-0.0232873	0.0053119	-0.0202111	0.0269169	0	
-0.0290353	0.064691	0.0500969	-0.0168215	0.0238007	-0.0129701	-0.0321302	0.0749667	0.158269	-0.0159484	0.00311707	0.076021	-0.00668081	-0.00486815	0.231365	-0.00228242	-0.0218351	-0.00319917	-0.0116008	0	
-0.0296661	0.0674405	0.0423286	-0.0162852	0.0194877	-0.0175059	-0.0334993	0.0555527	0.113594	-0.0202614	-0.000949105	0.0598532	-0.00827043	-0.00486815	0.142727	0.00458981	-0.0242151	-0.00223972	0.030964	-0.018503	
-0.0304069	0.130623	0.0390053	-0.0223764	0.0151503	-0.016178	-0.033774	0.0714784	0.298686	-0.0246817	0.00831547	0.0847857	-0.00837074	-0.000812397	0.144801	-0.0128674	-0.0223038	-0.00361804	-0.00427573	
-0.0306195	0.0595749	0.0549926	-0.0206474	0.0242756	-0.0176673	-0.0354057	0.0750236	0.146284	-0.0164418	-0.00283732	0.0721304	-0.00867346	-0.00331799	0.0763779	-0.00634798	-0.0214341	-0.00318908	0.0117834	
-0.0295861	0.0716861	0.0393307	-0.0201942	0.0226352	-0.0129809	-0.0325854	0.0460755	0.193733	-0.0181438	5.98448e-05	0.0672129	-0.00876057	-0.00236165	0.0742517	0.000406144	-0.0206814	-0.00170233	-0.020565	
-0.03162	0.0860228	0.0425235	-0.0186872	0.0229554	-0.0172112	-0.0344116	0.093179	0.226885	-0.0178428	-4.5535e-06	0.0355675	-0.010212	-0.00486734	0.0738341	0.00456116	-0.0236835	-0.0028298	
-0.0318183	0.0535729	0.0488677	-0.0134402	0.0160339	-0.0200937	-0.0319817	0.0945157	0.163169	-0.0204672	0.0072766	0.0853085	-0.00651877	-0.00671837	0.0923456	-0.00835001	-0.0234177	-0.00309306	0	-0.00326967	
-0.0301892	0.102186	0.052842	-0.0203178	0.0191188	-0.0222834	-0.0334412	0.109053	0.243238	-0.0211963	-0.000234589	0.0717093	-0.010129	-0.00257588	0.0728958	-0.00106815	-0.0251206	0.000905235	0	0.00517625	
