0.00115547	0.0189317	0.0196335	0.0312048	0.0064935	0.0264901	0	0.00246358	0.0124348	0.00132187	0.00410087	0.122332	-0.0132022	-1.272e-05	0.0013256	-0.00122943	0.0402716	-0.0112955	0.0185408	0.0352044	0.122653	-0.00195116	0.00753667	0.0182525	0.0648027	-0.140584	-0.00310232	0.153397	0.0072329	0.0858915	0.00124207	0.0315767	0.00727757	0.0639723	0.0035826	0.427182	0.153607	0.0444103	0.0022056	0.0218044	0.0018447	0.0650721	-0.00153374	0.0756287	0.0346625	0.00301247	0.00601895	0.0437685	0.0292753	0.156998	0.00326057	0.0855568	0.175017	0.0613423	0.0020861	0.0281126	0.0178407	0.00382207	0.00620667	0.176885	0.00517357	0.0118888	0.014385	0.120999	-0.00064152	0.0262373	0.0379858	0.0478122	0.002167	0.0280799	0.00151587	-0.00136464	0.0880429	0.0507624	-0.0009891	-0.00182465	0.0421449	-0.0229755	0.09107	0.0209098	0.0312475	
0.00115547	0.0189317	0.0219386	0.029305	0.0064935	0.0264901	1.84836e-05	0.00224912	0.0124348	0.00132187	0.0161136	0.251351	0.0475895	0.0561514	0.00400459	0.0253425	-0.00446792	0.21039	0.104743	0.00583646	0.00403724	0.400641	0.0631324	0.0359776	0.0114532	0.0181733	-0.000853536	0.0674166	0.0353737	0.00388147	0.00328238	0.319313	0.00920494	0.0842385	0.17532	0.0155982	0.00243696	0.0108538	0.176885	0.00103347	0.0179858	0.00987363	0.087686	-0.00240675	0.0323529	0.0425053	0.00244281	0.0280799	-0.00100907	0.0515695	0.0518712	-0.00386512	-0.00586044	0.0534449	0.0356395	
0.00113089	0.0189071	0.0241827	0.0292804	-0.184085	0.0264655	0.000142452	0.0022737	0.0144094	0.00222432	0.00100889	0.22201	0.0620154	0.00650424	0.0808598	0.0275022	0.120614	0.0538204	0.190094	0.107157	0.0207078	0.0250614	0.0100036	0.0556394	0.0348867	0.148273	0.165575	0.106781	0.0972859	0.0260015	0.0407046	0.00738451	0.187253	0.0329067	0.0961942	0.014031	0.0212837	0.0858006	0.0830439	0.14775	0.00395617	-0.00822207	
0.00113089	0.021777	0.0346486	0.0221667	0.00463207	0.0264655	0.000142452	0.00134685	0.0832339	0.00276027	0.0487202	0.154186	0.0446912	0.00331637	0.0701298	0.0214086	0.00984338	0.121594	0.0304438	0.133175	0.00537094	0.104715	0.0533083	0.0567919	0.0541323	0.054375	0.00738451	0.156162	0.129941	0.0166929	0.0305791	0.0809655	0.247348	0.0514681	0.192217	-0.00662346	
0.000165269	0.0253775	0.0396536	0.0275768	0.00135412	0.0261424	-0.001823	-0.000986102	0.0349086	0.00856314	0.0850604	0.206931	0.00628655	0.11195	0.0157397	0.184404	0.00323505	0.0148871	0.240844	0.268576	0.0454149	0.0412671	0.0414728	0.00489357	0.200493	0.0981463	0.0448709	0.063188	0.221429	0.00449324	0.0866037	0.00966276	0.0316777	0.0846733	0.0575183	
0.00162632	0.0176756	0.0248662	0.0289	0.00866969	0.0229892	-0.00104712	-0.000241501	0.0680569	0.00856314	0.0525295	0.302592	0.0993159	0.00323505	0.0151216	0.0251786	0.138854	0.0516046	0.0346018	0.0348044	0.0684843	0.208143	0.0507576	0.00455412	0.0709962	0.185043	0.129517	0.1376	0.00531579	0.0621352	0.0101693	0.0324648	0.195981	0	-0.000973961	0.0460876	
0.000937196	0.0176756	0.0318989	0.0245895	0.000965089	0.0286741	0.00370108	8.71276e-05	0.0682701	0.0108115	0.0609259	0.25847	0.00333193	0.00829381	0.0106301	0.155485	0.051638	0.0512612	0.0573595	0.262743	0.0235349	0.00307243	0.0508559	0.159239	0.115348	0.136434	0.00602433	0.10613	0.00748094	0.0370501	0.0519791	-0.00183722	0.0745755	
-0.000821443	0.0214408	0.0428469	0.0243355	0.003569	0.0252014	0.000767151	8.71276e-05	0.0653919	0.0181214	0.0701605	0.178288	0.00333193	0.00773131	0.00923371	0.0824324	0.0219921	0.0301986	0.00239467	0.0884955	0.187823	0.0263903	0.00348984	0.0899195	0.127474	0.0681288	0.147194	-0.000601335	0.0521257	0.00604155	0.184044	0.00863036	0.0308131	0.0217454	0.0115197	
0.000825352	0.0153682	0.0309307	0.0308895	-0.000188205	0.0253998	0.00113655	0.00102356	0.0780228	0.0174539	0.115199	0.161033	0.00392334	0.00837023	0.0288052	0.135428	0.102832	0.0501761	0.0665111	0.149864	0.057072	0.00564094	0.0723035	0.118458	0.140311	0.157402	0.0779422	0.00731693	0.0761758	0.0109876	0.04042	0.00901215	0	
0.000995682	0.0194838	0.0230997	0.0308895	0.00660357	0.0244494	-0.000122881	0.00102356	0.0577172	0.0249065	0.0968023	0.145992	0.00392334	0.0206746	0.0200704	0.0858033	0.0965902	0.0541873	0.177597	0.0922431	0.164362	0.0490457	0.00735265	0.0400417	0.250798	0.0216389	0.0460385	0	0.0167582	0.00348676	0.0501295	0.0103419	0.0355045	0.00962577	-0.00231051	
0.00154546	0.0188633	0.0476423	0.0226336	0.00433856	0.0265322	-0.00166238	0.00146379	0.0344253	0.0117332	0.0282452	0.182682	0.011852	0.0254143	0.0698503	0.0408633	0.0432068	0.177047	0.0823264	0.150769	0.0370884	0.00577245	0.0567003	0.29799	0.0447868	0.0898429	-0.00168894	0.0027619	0.00569398	0.159591	0.0155774	0.0291234	0.0443973	-0.00258927	
0.0010107	0.0146721	0.0412087	0.0283461	-0.000385956	0.0237437	0.000439471	0.00217578	0.00969622	0.0195243	0.0293403	0.124087	0.00825306	0.0399495	0.0929624	0.0249573	0.0365541	0.187159	0.193197	0.0764447	0.00288814	0.0719634	0.140719	0.00414882	0.0426035	0.0683756	0.0763872	0.00712993	0.0904846	0.0145558	0.0352058	0.0419321	-0.00263303	
0.000833296	0.0146721	0.0491131	0.0204417	0.0072259	0.0255704	0.00441316	0.00140137	0.0151521	0.0230597	0.199379	0.139594	0.0366245	0.0238067	0.0922351	0.059832	0	0.231649	0.202142	0.0891457	0.00544354	0.0827103	0.0742506	0.00354894	0.0534058	0.0344184	0.0812768	0.0052893	0.094196	0.0108801	0.0390241	0.076105	0.0079326	
0.00101837	0.0151473	0.0551651	0.0211045	-2.74245e-05	0.0256593	0.00260207	0.00140137	0.0158139	0.0145281	0.170254	0.143364	0.0265678	0.196852	0.0177736	0.00250617	0.320698	0.388981	0.0327567	0.0056682	0.0515798	0.170058	0.0062215	0.0650697	0.0718512	0.0793977	0.0061881	0.00491739	0.148647	0.0382312	-8.89646e-05	0.0102159	0.0327279	0.0506461	
0.00114176	0.0135232	0.046348	0.0275797	0.00099801	0.0259173	-0.00025583	-0.00453608	0.0011803	0.00658724	0.178867	0.163227	0.0199498	0.172337	0.0302628	0.0148188	0.036351	0.295032	0.0464322	0.00557924	0.192518	0.0358346	0.0957537	0.00418715	0.0815461	0.0495974	0.0695523	0.00697206	0.225139	0.0395353	-0.00379129	0.0102159	0.0324434	
0.00114176	0.0166151	0.0343245	0.0274572	0.00461965	0.026011	-0.00044725	0.111607	0.00137577	0.0157121	0.131167	0.200278	0.0199009	0.010185	0.0420423	0.0309827	0.0497427	0.431414	0.0408229	0.00382106	0.21319	0.0693542	0.0892292	0.00172807	0.0969138	0.0576974	0.075164	0.0031305	0.0310788	0.0628736	0.121843	
0.000979172	0.0161378	0.0368921	0.0277987	0.00143865	0.0258484	0.000873303	0.0570331	0.000333086	0.015196	0.131313	0.127423	0.00845731	0.0292281	0.0110761	0.0404428	0.235401	0.0340264	0.00194485	0.205666	0.054868	0.100247	0.00295408	0.0627938	0.0622077	0.120907	0.00870668	0.00256798	0	0.0309162	0.0606577	0.0208324	0.0825921	
0.000444439	0.0143207	0.0495799	0.0222655	0.00377134	0.0254494	0.00175765	0.0396644	0.00179327	0.0122591	0.2823	0.128571	0.0102136	0.0760411	0.0131205	0.10258	0.248417	0.0284215	0.0025897	0.246698	0.0594893	0.114934	0.00295408	-0.00564689	0.0602228	0.143044	0.0128318	0.0230841	0.0309162	0.0763263	0.0307705	0.12041	
0.000863939	0.0163329	0.0249006	0.0338326	0.00396425	0.0246949	-0.00118319	0.0551021	0.00142888	0.00875862	0.225613	0.0815082	0.0549983	0.0169816	0.047226	0.173675	0.0467621	0.00292843	0.296112	0.060064	0.0713846	0.00295408	0.054356	0.0755211	0.00647863	0.0112166	0.0136571	0.118992	0.0257779	0.0582327	0.0253565	
0.000652515	0.0163329	0.0330409	0.0288913	0.000943914	0.0234337	-0.000130087	0.0729785	0.00154902	0.0156393	0.121382	0.114968	0	0.0153027	0.0673619	0.190227	0.0495966	0.00292843	0.298703	0.0432367	0.109009	0.00364544	0.148697	0.0880816	0.0082699	0.00888943	0.0734172	0.0380479	0.196401	0.0330936	0.0733182	0.036807	
-0.00021391	0.0150162	0.0288333	0.0330989	0.354024	0.0234337	0.00181674	0.100248	0.0012139	0.0157875	0.106367	0.116083	0.0024021	0.017169	0.074372	0.0303183	0.00458119	0.195728	0.0881462	0.0866936	0.00264436	0.0665648	0.0794885	0.00733867	0.0118548	0.058722	0.131143	0.0386715	0.074399	0.0350866	
-0.000346211	0.019229	0.0241639	0.037636	0.221267	0.0246778	0.00171777	0.0837005	0.00149176	0.017272	0.144541	0.154652	0.00139136	0.0191726	0.059384	0.0646094	0.0397251	0.0476011	0.00309521	0.213252	0.0731213	0.113899	0.00237955	0.232691	0.0916909	0.00454101	0.00943734	0.0424065	0.124464	0.0318067	
0.000792304	0.0139526	0.0399273	0.0321697	0.218637	0.020732	0.0038171	0.0905421	0.00257094	0.00729195	0.135897	0.182178	0.00431863	0.012071	0.0762682	0.00443967	0	0.0381003	0.0508857	0.0114132	0.212114	0.0953115	0.110093	0.00171337	0.226598	0.0775488	0.0088717	0.0148984	0.0298551	0.157039	0.0363329	
0.0001439	0.0121883	0.0331267	0.0389703	0.293631	0.020732	0.00240325	0.203434	0.00186287	0.00893465	0.269271	0.151164	0.00227392	0.0143357	0.0591378	0.00355448	-0.00282119	0.0242365	0.0350312	0.044232	0.212762	0.0581865	0.0799347	0.00235251	0.166089	0.127295	0.00485306	0.0101322	0.0503272	0.0864914	0.039282	
-0.000443496	0.0138879	0.0304597	0.0319137	0.167762	0.0198912	0.00323596	0.273282	0.00229916	0.00716656	0.297848	0.0832327	0.00486126	0.0107823	0.0449464	0.00237388	-0.000411716	-0.088438	0	0.0223208	0.0334881	0.119366	0.195987	0.0776508	0.0770267	0.00229112	0.107532	0.0863682	0.00828318	0.015707	0.0434254	0.0561835	0.0252994	
-0.000443496	0.0155245	0.0204041	0.0327774	0.15774	0.0272413	0.00140327	0.148721	0.00157391	0.0203919	0.268334	0.18737	0.000834893	0.0142331	0.0353684	0.00291937	-0.105028	0.0304032	0.0182006	0.0425907	0.24722	0.0847476	0.124763	0.00319571	0.0903981	0.103782	0.00938792	0.015707	0.0827567	0.111476	0.0312795	
-0.000303985	0.0146615	0.0360429	0.0311486	0.436824	0.0229689	0.00473708	0.120835	0.000980459	0.0121584	0.0769407	0.138552	-0.00240262	0.0093584	0.0673294	0.00594405	-0.0985039	0.0265672	0.0665302	0.0379152	0.027301	0.047077	0.205643	0.0631368	0.0864689	0.00374667	0.0508893	0.0983493	0.0065009	0.0160438	0.0974368	
-0.000819385	0.019048	0.0266203	0.0404873	0.356464	0.0208734	0.00311671	0.0602534	0.00243692	0.0098478	0.117582	0.125235	0.00179623	0.00984279	0.0476402	0.00259199	-0.0744559	0.0277751	0.0881503	-0.000987538	0.0352982	0.0232636	0.0011477	0	0.0373084	0.249697	0.0534674	0.0624621	0.00311864	0.0337156	0.0756578	0.0124526	0.0159599	0.105613	
-0.000366959	0.0137881	0.0277798	0.0360965	0.373367	0.0210221	0.00255148	0.0740616	0.00103088	0.0120481	0.271221	0.1333	0.00113785	0.00717045	0.0297594	0.0057691	-0.092199	0.0321467	0.117632	0.0350845	0.0585536	0.0326141	0.0187995	0.183587	0.0511785	0.13383	0.00348104	0.0371796	0.0926409	0.00502894	0.0138419	0.0846365	
-0.000366959	0.0148148	0.0210562	0.0353121	0.244468	0.0153881	0.00264166	0.0847892	-0.00020976	0.0103726	0.197834	0.159439	0.00192814	0.00369466	0.0317481	0.00494842	-0.000532211	0.0321103	0.0502467	0.032098	0.0622616	0.0278562	0.00422953	0.184408	0.0784734	0.185227	0.00407423	0.0190806	0.0735215	0.00989379	0.0146678	0.0554911	
0.000476816	0.0148148	0.0228858	0.038496	0.322366	0.0185011	0.00256968	0.148282	0.0013724	0.0096404	0.247617	0.174703	0.0070326	0.00506566	0.0398704	0.00396855	-0.000229913	0.0376181	0.0497796	0.0303365	0.0980972	0.0269886	0.212794	0.0134511	0.224288	0.0469514	0.0545531	0.0156265	0	0.00578335	0.0329984	0.067357	0.00776034	
-6.70497e-05	0.0191457	0.0362936	0.0296162	0.308059	0.0205247	0.00312936	0.168554	0.000777735	0.00782383	0.164747	0.172821	0.0060831	0.0128992	0.0625759	0.00316691	-0.000805664	0.0317245	0.146304	0.0627521	0.0251825	0.0990827	0.0182432	0.287049	0.09373	0.0492043	0.00254661	0.0561614	0.00678594	0.0569986	0.0770562	0.0119806	
2.95418e-05	0.0141492	0.0396637	0.0228968	0.37414	0.017861	0.00410866	0.0688155	0.00192589	0.0107137	0.15119	0.180093	0.00673306	0.00631143	0.0466392	0.00316691	0.0336323	0.0905644	0.010007	0.0691503	0.114609	0.0211049	0.181448	0.0768522	0.0627795	-0.00188419	0.0318133	0.168261	0.00782835	0.0588895	0.0927827	
-0.000381106	0.0151928	0.0278637	0.0282273	0.137692	0.0171296	0.0036681	0.0857386	0.00185461	0.00962868	0.107447	0.295772	0.00531952	0.00646433	0.0334941	0.00336976	0.252935	0.033885	0.0860939	0.00785873	0.105428	0.0674508	0.144825	0.0146318	0.172884	0.0870985	0.0758149	-0.00201033	0.0429269	0.00853506	0	0.0635457	
0.000159681	0.0151928	0.0206559	0.035435	0.195709	0.0190051	0.00439267	0.154429	-0.000653821	0.00974445	0.450528	0.172271	0.00830494	0.00162581	0.0361147	0.00386662	0.167552	0.0307401	0.105778	0.00532854	0.0843941	0.02609	0.112402	0.0194269	0.203468	0.0502219	0.0401445	0.0292487	0.00759036	0	0.00384937	0.0707737	
0.000513348	0.0135392	0.0313529	0.0293346	0.179874	0.0222523	0.00147527	0.0810013	0.00100856	0.00947113	0.468416	0.138114	0.00612549	0.00221349	0.0394853	0.00324967	0.0492702	0.0319626	0.0544901	0.00879409	0.101626	0.0403477	0.097791	0.0196009	0.162474	0.0410791	0.0500763	0.0171347	0.00846588	0.0294629	
0.000513348	0.0200988	0.0407806	0.0257329	0.262093	0.0218369	0.00230146	0.221938	0.00107599	0.00386831	0.198108	0.126991	0.00410843	0.00051562	0.0270057	0.00416643	0.085499	0.0355653	0.139828	0.00902378	0.0824961	0.0321079	0.135264	0.0195965	0.162474	0.0673524	0.0433402	0.0200513	0.0113257	0.0231177	0	
0.000875334	0.0146581	0.0219747	0.0281313	0.302781	0.0225495	0.00125525	0.0615887	-7.41455e-05	0.00844952	0.106053	0.0935638	0.00494967	0.0137666	0.0429783	0.00204383	0.0672277	0.0244448	0.083947	0.00938577	0.0706959	0.0263304	0.119694	0.0186414	0.22595	0.0565603	0.0707825	0.0276117	0.00903235	0.0279885	
0.000875334	0.0189387	0.0375763	0.0278046	0.416455	0.0213677	-0.00117959	0.0772523	-0.00029344	0.00946078	0.076612	0.0769899	0.00525512	0.00218592	0.0586647	0.00234551	0.105551	0.0285882	0.0662634	0.0121615	0.100243	0.0408307	0.191558	0.014368	0.215095	0.0462755	0.0623713	0.0152025	0.0106928	0.027463	
0.000875334	0.016462	0.039441	0.0259399	0.23341	0.0209217	0.00161182	0.0679442	0.00065522	0.00310524	0.108668	0.161242	0.00965428	0.0063542	0.0484045	0.0025725	0.1337	0.0366826	0.1186	0.0142403	0.0794805	0.0707595	0.147064	0.0170522	0.215095	0.074049	0.0580107	0.0431708	0.00600528	0.0499447	-0.00139785	0.0055714	0.000748262	
-0.000173905	0.0190287	0.0273883	0.0391655	0.314999	0.0246587	0.00195771	0.109393	0.00110821	0.00552975	0.12604	0.126773	0.00681874	0.00692387	0.0752335	0.00284173	0.152504	0.0312751	0.0986946	0.0100429	0.0770472	0.0475876	0.254789	0.0160097	0.206116	0.0364152	0.0350953	0.034168	0.00547168	0.0455367	-0.00292345	0.00773773	
0.000373007	0.012645	0.0235733	0.0390984	0.258513	0.0245915	0.000820146	0.0744761	-1.96983e-05	0.0099158	0.129129	0.165135	0.00559917	0.018011	0.0684384	0.00616348	0.112732	0.0317076	0.0831586	0.0147924	0.0880589	0.019784	0.136039	0.0148375	0.221812	0.0460754	0.0677706	0.0188982	0.00540452	0.0568551	0	-0.00126843	
0.000171638	0.0154513	0.0320185	0.0306531	0.235455	0.0248231	0.00087584	0.0771285	0.00139325	0.00647755	0.152503	0.109615	0.00597304	0.00562902	0.0549396	0.00421597	0.109515	0.0408058	0.0990802	0.0147924	0.0946519	0.0474951	0.155937	0.0112006	0.211626	0.0547962	0.0610851	0.0204773	0.00710312	0.101994	
0.000103852	0.0154513	0.023391	0.0365441	0.259646	0.0262118	0.000581829	0.0913134	0.000953841	0.00896677	0.106833	0.184071	0.0017551	0.0145772	0.0660731	0.00318597	0.194801	0.0265449	0.0785932	0.0122896	0.0907771	0.0448679	0.176684	0.0107313	0.223798	0.0495925	0.0603965	0.0475925	0.00603722	0.167009	-0.00278651	
0.000103852	0.0153193	0.0291513	0.0366879	0.365623	0.0226918	-0.00067282	0.147632	0.00139009	0.00510618	0.16485	0.143882	0.00408939	0.00290325	0.0445281	0.00422646	0.0669321	0.0330711	0.0940666	0.0111404	0.0790064	0.0411069	0.171296	0.0107313	0.223798	0.0283179	0.096596	0.0327493	0.00691109	0.137101	-0.00443659	0.00176893	
0.000437616	0.0203596	0.0254053	0.0351903	0.306408	0.0238581	0.00122922	0.155166	0.00102093	0.00478997	0.157743	0.16748	0.00454225	0.00562055	0.0380094	0.00422646	0.0739093	0.0336813	0.117621	0.00807071	0.110367	0.0564969	0.180988	0.0146943	0.21767	0.0519568	0.0898646	0.047319	0.00710007	0.130743	0.000724049	
0.000437616	0.0184132	0.0230391	0.0380367	0.295223	0.0238581	0.00142376	0.174014	0.00184203	0.000842143	0.139638	0.201099	0.00306933	0.00911807	0.0664536	0.0026887	0.172929	0.034845	0.163419	0.0110512	0.0969375	0.0480358	0.203607	0.00817422	0.203839	0.0317497	0.0511754	0.0351238	0.00752724	0.0529906	0.000724049	
0.000859396	0.0187268	0.032984	0.0346773	0.201852	0.0245148	-0.000136579	0.304437	0.00160446	-0.000271874	0.144272	0.201099	0.00593047	0.0121914	0.0240935	0.00520433	0.192946	0.0316484	0.14073	0.00890243	0.0888099	0.050457	0.105449	0.0132549	0.224645	0.0519186	0.0683129	0.0274784	0.00477304	0.0131583	-0.00115282	-0.00204603	0.000840762	0	
0.000223715	0.0159124	0.0333121	0.0343492	0.278903	0.0245148	-3.51316e-05	0.252611	0.00160446	0.000467973	0.0421489	0.13042	0.000816442	0.00477636	0.0314673	0.00311573	0.246656	0.0334994	0.137679	0.00986767	0.0721012	0.0224215	0.162322	0.0117267	0.239303	0.0595848	0.0538738	0.022992	0.00530869	0.041771	9.61612e-05	
0.000223715	0.0180891	0.0371506	0.0332978	0.202411	0.0281633	0.00328352	0.0828215	0.00180133	0.000599775	0.0581591	0.150935	-0.0042923	0.0030913	0.0397031	0.00309572	0.132735	0.0324701	0.112183	0.00905935	0.119397	0.024407	0.0611822	0.0103941	0.239574	0.0653015	0.0787053	0.0230119	0.00510874	0.0375967	0.00243575	0.00679552	
0.000223715	0.0180891	0.0285437	0.0350439	0.298479	0.0269391	-0.000824455	0.0877246	0.000874656	0.000599775	0.0873822	0.150935	0.0042637	0.00616052	0.053882	0.00385379	0.0513797	0.0368516	0.0446173	0.011136	0.0712455	0.0312795	0.134262	0.0114594	0.186083	0.0876832	0.0526898	0.0455604	0.00223407	0.0564489	0.00273745	0.00610429	-0.00260555	
0.000223715	0.0143105	0.0309665	0.0324185	0.361616	0.0235861	0.00113713	0.0644833	0.00284379	0.000599775	0.107153	0.0879754	-0.00400816	0.00954642	0.0393696	0.00227673	0.0312838	0.0368516	0.058272	0.0125762	0.064555	0.0155466	0.164202	0.0101315	0.200867	0.0448312	0.0515936	0.0271687	0.00235218	0.137276	0.00301533	0.000165554	0	-0.00421764	
0.000769985	0.0160245	0.032094	0.0382854	0.184513	0.0220296	-0.00134758	0.107092	0.00240843	0.000682705	0.0878448	0.150454	-0.000264017	0.00371472	0.0503795	0.00420801	0.134489	0.0259671	0.0518804	0.0110304	0.0813619	0.0207161	0.131668	0.0138711	0.278452	0.0669243	0.140399	0.0489098	0.00382821	0.0475054	0.000298003	0.00052375	
0.000769985	0.0199586	0.0280022	0.0327031	0.220486	0.0261195	-0.00134758	0.0406412	0.00240843	0.000682705	0.18595	0.173312	0.0036417	0.00419556	0.0286671	0.00427716	0.102688	0.0319675	0.0793637	0.0110304	0.0881858	0.0342156	0.128147	0.00996095	0.184001	0.0463869	0.0936338	0.0469816	0.00457166	0.0908055	-0.000544272	0.000347458	
0.000168003	0.0159648	0.0101197	0.0476524	0.190147	0.0278569	-0.000546596	0.0691351	0.000552658	0.000721775	0.162201	0.187662	0.00102116	0.00651784	0.0319892	0.00321267	0.0904743	0.0312989	0.126755	0.0146458	0.095069	0.0350871	0.222425	0.0160218	0.283813	0.0496347	0.0703561	0.0345667	0.00564634	0.0398444	0.00284265	
0.000168003	0.0134078	0.0285835	0.036886	0.215829	0.0230758	5.04112e-05	0.0522521	0.00103686	0.00136395	0.123934	0.146496	0.000651345	0.0102327	0.0342682	0.00228068	0.0861587	0.0296963	0.088843	0.00918837	0.0777602	0.0303413	0.196517	0.00993676	0.366571	0.0335655	0.0554256	0.0349368	0.00193148	0.0536522	0.00187853	0	-0.00147634	0.0211835	
0.000907098	0.0127891	0.0103114	0.0433003	0.166798	0.0230758	-0.000688684	0.0464432	0.00122153	0.00136395	0.106685	0.122411	0.00237418	0.0101206	0.0373576	0.0061493	0.193986	0.0332716	0.157364	0.0123588	0.0583433	0.0301003	0.16212	0.00993676	0.291583	0.0374841	0.0299367	0.0201701	0.00334949	0.0857698	0.00212888	
0.000611794	0.0118455	0.0198887	0.0397924	0.239622	0.0230758	-0.00172751	0.0685542	0.00227667	0.00136395	0.197793	0.0983307	-0.00120469	0.00482688	0.0398716	0.00479556	0.0454857	0.0355442	0.268136	0.00607796	0.0910972	0.0301003	0.211931	0.0138667	0.291077	0.0713926	0.0662472	0.0185613	0.00496002	0.0777566	0.000574833	-0.00329717	0	
0.000611794	0.0119406	0.0190505	0.0327696	0.208334	0.0184595	0.00122142	0.150253	0.0022571	0.00125757	0.161291	0.121719	-0.000665647	0.0095594	0.0409695	0.00525566	0.0297176	0.0365911	0.137704	0.00595862	0.0764421	0.0342593	0.0938933	0.0138667	0.183991	0.0284079	0.0521656	0.0221154	0.00264858	0.14224	0.00281646	-0.00478779	0.00526076	
0.000611794	0.0147249	0.00672716	0.048469	0.135651	0.0198489	0.000758611	0.123264	0.0022571	0.00125757	0.269144	0.202594	-0.000337476	0.00691122	0.0198611	0.00525566	0.0427849	0.0352705	0.122391	0.00973066	0.101763	0.0444565	0.112404	0.0138667	0.253244	0.0815137	0.0520455	0.0241865	0.00440863	0.106542	0.00422099	
0.000163544	0.0101143	0.0277166	0.0332907	0.24122	0.0182357	0.000980546	0.060664	0.000864809	0.000645152	0.228142	0.303837	-0.00242059	0.0067518	0.0264413	0.00476883	0.0272357	0.0304676	0.174695	0.00639828	0.0936778	0.039492	0.115627	0.0129174	0.202757	0.0441722	0.078601	0.0138968	0.00402084	0.0650147	0.00374999	
0.000163544	0.0164658	0.0189211	0.0332907	0.190982	0.0203387	-0.00224128	0.026638	-0.00133975	0.0010696	0.122812	0.221464	-0.000892972	0.00534	0.0282372	0.00569473	0.0766069	0.0212557	0.258457	0.00245681	0.0631146	0.0798903	0.186691	0.0179374	0.164873	0.0461414	0.101117	0.0214097	0.00402084	0.0186112	0.000723448	
0.000147624	0.0136341	0.0202354	0.0319764	0.513444	0.0213176	-0.000499122	0.0647474	0.000746902	0.0010696	0.381547	0.130074	0.0032963	0.00707285	0.0575255	0.0038161	0.0303519	0.0307584	0.235638	0.00505969	0.0867569	0.0540686	0.148339	0.0111299	0.141346	0.0415422	0.102829	0.0244017	0.0031434	0.0713954	0.00333228	-0.00394296	0.00740251	
0.000147624	0.0136341	0.012839	0.0328532	0.160178	0.0191622	0.00124633	0.0522632	-0.00115114	0.0010696	0.107197	0.220433	-0.000712068	0.0108278	0.051041	0.0038161	0.114926	0.0289209	0.203242	0.00711718	0.0991558	0.0427334	0.153284	0.010527	0.179601	0.0353712	0.0627961	0.037611	0.0031434	0.139636	0.000684054	
0.000147624	0.0169807	0.01185	0.0484312	0.15248	0.0196027	0.00124633	0.0864032	-8.79603e-06	0.000612584	0.153685	0.241004	0.000953781	0.0070793	0.0327067	0.00598278	0.0723677	0.0303147	0.212808	0.00350916	0.0960246	0.0392558	0.126724	0.0116586	0.205107	0.0453228	0.0651337	0.0148417	0.0031434	0.0524057	0.00210365	
0.000197455	0.0179693	0.012089	0.039548	0.191338	0.0231801	0.00155074	0.0530029	0.000293337	0.000310451	0.118252	0.129449	0.00424672	0.00535843	0.0281906	0.00527596	0.076301	0.0356188	0.157867	0.00544047	0.080995	0.0720753	0.175593	0.0120092	0.184819	0.0745458	0.0697927	0.0161335	0.00454328	0.029144	0.00180152	
0.000197455	0.0147517	0.00674383	0.0436609	0.106225	0.0195075	0.00117911	0.0571431	0.00256076	0.000310451	0.158207	0.260176	0.00540771	0.00336781	0.0281906	0.00491517	0.122278	0.0252033	0.131262	0.00664681	0.0689616	0.0514431	0.206379	0.00530589	0.17651	0.045294	0.0537079	0.0263339	0.00886237	0.0824942	0.00198802	0.00265023	0.0098271	
0.00100143	0.0171515	0.0100918	0.0370824	0.193973	0.0223691	0.00207609	0.0600733	0.000880562	0.000310451	0.173477	0.241949	0.00207837	0.0101661	0.0387863	0.00566761	0.108334	0.0300572	0.140295	0.00540673	0.113127	0.0570003	0.319338	0.00764026	0.186986	0.043104	0.0592029	0.0364026	0.00746167	0.0674857	0.001338	
0.00100143	0.0122147	0.0223616	0.0281424	0.261457	0.0223691	-0.00078628	0.183333	0.000970241	0.000310451	0.201425	0.250218	0.00441793	0.00720024	0.0385524	0.00467309	0.0873535	0.0315318	0.233905	0.00674944	0.0843904	0.0524163	0.10905	0.00972587	0.156249	0.0588506	0.103692	0.0260569	0.0059069	0.229751	-0.00036849	
0.00100143	0.0159776	0.0152425	0.0352614	0.148783	0.0223691	0.00194444	0.194556	0.00214802	0.000239814	0.0284657	0.141597	0.00688038	0.0128951	0.0318191	0.00574042	0.0454167	0.0314406	0.343185	0.0100021	0.0784391	0.102386	0.186179	0.00928068	0.163089	0.0581358	0.0695262	0.0201223	0.00363198	0.0849211	0.00237188	
0.00100143	0.0133039	0.0172637	0.0351316	0.168351	0.0276379	0.000477871	0.0494095	0.0015419	0.00162974	0.0397539	0.111733	0.00497096	0.00814421	0.0270091	0.00574042	0.0842418	0.0314406	0.167264	0.00733421	0.0800953	0.043493	0.127062	0.0109176	0.2168	0.0541456	0.0644856	0.0226631	0.00383273	0.101711	0.00122222	
0.00100143	0.01587	0.0155516	0.0350789	0.216911	0.0240175	0.000477871	0.0551074	0.0015419	0.00162974	0.0777094	0.214399	0.00852304	0.0185898	0.0501089	0.00376608	0.0687379	0.0314406	0.115135	0.00478754	0.0676231	0.0561692	0.127062	0.00840316	0.136274	0.0674687	0.0511627	0.0188627	0.00255798	0.153546	-0.00330297	
0.000919787	0.0168869	0.00216137	0.0475566	0.199655	0.0225059	-8.34519e-05	0.0790622	0.001844	0.00162911	0.13553	0.214427	0.00513932	0.010251	0.0240637	0.00528554	0.0438886	0.041324	0.153493	0.00425779	0.0823766	0.0436634	0.193459	0.0104206	0.161488	0.0683537	0.0633178	0.0261653	0.0064352	
0.000919787	0.0126892	0.00755464	0.0421633	0.11004	0.0195635	-7.64208e-05	0.127401	0.00155875	0.00170953	0.156618	0.263794	0.00923355	0.00901959	0.0346909	0.0050837	0.0542037	0.0359042	0.172024	0.00523902	0.062604	0.0646273	0.167	0.0135121	0.165252	0.0480416	0.0702803	0.0329675	0.00525006	0.00584689	
0.00135822	0.0126892	0.0110657	0.0386523	0.124751	0.0240342	0.000175363	0.092627	0.00155875	0.00170953	0.152816	0.254959	0.00766701	0.0159234	0.0381574	0.00649293	0.00480253	0.0334715	0.0576156	0.0741152	0.190518	0.0611665	0.211502	0.00973239	0.211985	0.0909265	0.0340806	0.0287634	
0.000588048	0.0118893	0.0135687	0.0385147	0.206209	0.0230628	0.0022971	0.0654477	0.00155875	0.00170953	0.132001	0.203897	0.00823604	0.00597551	0.0644856	0.00517065	0.00522232	0.0530299	0.0314605	0.147479	0.0930746	0.158398	0.0439225	0.219913	0.00903982	0.144587	-0.000588048	0.0156752	0.0842931	-0.00492863	
0.000588048	0.0166583	0.00245258	0.0502577	0.197199	0.0270657	0.00194348	0.0616853	0.00222285	0.00170953	0.0828978	0.187949	0.00323715	0.00592538	0.0669867	0.00615141	0.00597966	0.0545121	0.03295	0.133885	0.0867009	0.287241	0.0390787	0.282754	0.00846845	0.198261	0.00694143	0.0209081	0.0475678	
0.000709636	0.0169043	0.00800636	0.0404537	0.224689	0.0248474	0.00230643	0.0895592	0.00166163	0.000967413	0.0675342	0.199894	-0.000602306	0.0110356	0.039766	0.00495431	0.00347459	0.0549924	0.034098	0.110672	0.07229	0.173781	0.0518454	0.153441	0.0108467	0.212822	0.0070718	0.0373427	0.0794309	
6.41901e-06	0.0119917	0.00079785	0.0453401	0.318864	0.0302485	0.00179427	0.0771231	0.00208654	0.00179267	0.0939772	0.301475	0.00388841	0.00520834	0.0502519	0.00545849	0.00569256	0.0452303	0.0301813	0.137097	0.0531281	0.131964	0.0463	0.124595	0.00855326	0.243972	0.0297329	0.0694255	
6.41901e-06	0.0175398	0.0101529	0.0373803	0.370098	0.0242738	0.00042677	0.0601113	0.00195804	0.00179267	0.273822	0.144964	0.000715023	0.019283	0.0664434	0.0050998	0.00476486	0.0642534	0.0301813	0.124892	0.172916	0.0520119	0.0978925	0.0118431	0.185852	0.0103031	0.0613997	0.0437247	
6.41901e-06	0.0156107	0.0110184	0.0405281	0.28252	0.0261266	0.00042677	0.0739131	0.00341576	0.00250211	0.128404	0.190076	0.00807939	0.00670556	0.0397809	0.00552185	0.00553216	0.0492687	0.0329604	0.105513	0.0697183	0.0627372	0.0734196	0.0118431	0.168822	0.0431163	0.0615155	0.0388718	0	
-9.26703e-06	0.0194394	0.00428173	0.0472648	0.366069	0.0232818	0.0022036	0.0525674	0.00201354	0.000119399	0.107775	0.206592	0.00374495	0.0164847	0.0497654	0.00416531	0.00330576	0.0740268	0.0303136	0.0940719	0.155411	0.0534598	0.0919067	0.0105546	-0.00026321	0.217909	0.0217551	0.0979319	0.0474837	-0.00225162	0	0	
0.000133723	0.0124523	0.0223875	0.029302	0.174053	0.0253933	-0.000186929	0.0442984	0.0026288	0.000581025	0.117916	0.273519	0.00763472	0.0131639	0.0423805	0.0061222	0.00531272	0.0502366	0.0281509	0.0653071	0.245492	0.0232466	0.1312	0.00982446	0.214436	0.0186095	0.0722823	0.0317217	-0.00474301	-0.000833499	
0.000311108	0.0157267	0.016392	0.0405561	0.179782	0.0253933	0.00055377	0.0267191	0.00228045	0.000821188	0.2267	0.285988	0.0112673	0.0174566	0.0208954	0.0061222	0.00309647	0.0553255	0.0245044	0.0378726	0.105638	0.0517809	0.242721	0.0137653	0.167177	0.0520194	0.0385937	0.0790259	0	
0.000311108	0.0131437	0.0179117	0.0370228	0.215609	0.0245055	0.00212334	0.0441606	0.00237841	0.000821188	0.123829	0.113568	0.0104752	0.018209	0.0300334	0.00662781	0.00437163	0.0561132	0.0267631	0.0487083	0.10694	0.0335268	0.289224	0.00800229	0.176816	0.035362	0.0247498	0.0807943	-0.00354347	
5.34431e-05	0.0187415	0.0133668	0.0463042	0.220113	0.0215728	0.0016029	0.0524278	0.00157258	0.000117623	0.0829803	0.18332	0.00715843	0.0108646	0.0472644	0.00595337	0.00411397	0.0777466	0.0220262	0.118042	0.106671	0.0262426	0.126671	0.00971504	0.252194	0.038613	0.0193239	0.0620934	0	
0.000280072	0.0151144	0.0194299	0.0404366	0.232646	0.0271989	0.00200608	0.090016	0.00116655	0.000667232	0.143003	0.13007	0.00243642	0.0145329	0.0376456	0.00581534	0.00408328	0.0468308	0.0316994	0.105031	0.131781	0.0249238	0.0846581	0.0110592	0.190908	0.0637956	0.0195812	0.106467	0.000406314	0	
-0.000253108	0.0204644	0.00517209	0.0546944	0.26826	0.027896	0.00345356	0.0592452	0.000660432	0.00187014	0.3381	0.241542	0.000328456	0.00546555	0.0380648	0.00416205	0.00441611	0.0612173	0.035444	0.140977	0.085087	0.0288108	0.139066	0.00973333	0.165864	0.0648808	0.0153104	0.0774926	0.00599774	0.00185429	
-0.000143075	0.0184159	0.011076	0.0423868	0.365275	0.0219032	0.00108744	0.0565141	0.00193365	0.00187014	0.117308	0.116926	0.00516551	0.0168738	0.0530821	0.00586535	0.00401105	0.0614686	0.0278335	0.0939654	0.124146	0.0376793	0.184155	0.0120994	0.194896	0.0694655	0.00718082	0.0808134	0.00215121	-0.00289025	
-0.000143075	0.0181144	0.00438493	0.0416559	0.185593	0.0330071	0.00309877	0.0496861	0.0016179	0.00187014	0.220256	0.135296	0.00435269	0.00802827	0.0540337	0.00491774	0.00447587	0.0614515	0.0307197	0.0546182	0.0431962	0.0292512	0.186275	0.0089313	0.156553	0.0466854	0.0221533	0.0745008	0.00998364	0.00273766	
-0.000635184	0.0176063	0.0190947	0.0307462	0.325742	0.0294153	0.00405595	0.118696	0.00114968	0.00168483	0.0959711	0.1503	0.00601199	0.00825171	0.049825	0.0105662	0.00467538	0.0516955	0.0298966	0.0914196	0.0552402	0.0293827	0.163921	0.0089313	0.211939	0.0620779	0.0105355	0.10463	0.00322977	0.0282504	
-8.07036e-05	0.0157677	0.017668	0.030181	0.372112	0.0219795	0.00164633	0.162335	0.00122263	0.00161188	0.0985323	0.15358	0.0014477	0.00978155	0.05649	0.00469219	0.00468167	0.0798134	0.0305883	0.139166	0.0275071	0.018745	0.0852783	0.0102957	0.193455	0.0504455	0.0195453	0.0731531	0.00345296	0.00611833	
-8.07036e-05	0.0155655	0.0113565	0.0320087	0.341945	0.0292767	0.00296367	0.0676814	0.00257052	0.00142	0.196529	0.138366	0.00365813	0.00589065	0.03011	0.00826252	0.00378508	0.0818213	0.0296448	0.0747688	0.121168	0.0209496	0.109345	0.0142237	0.174968	0.0676122	0.0139111	0.059462	0.00520975	0.0119999	0.00500933	0	
-8.07036e-05	0.0185507	0.0142656	0.0369607	0.26881	0.0274754	0.00305657	0.0908337	0.00164734	0.000826679	0.175626	0.164638	0.000936473	0.00476763	0.0381214	0.00773415	0.00368502	0.0506355	0.0296448	0.157205	0.111863	0.0441299	0.144744	0.0108889	0.155628	0.0969365	0.0183669	0.0937256	0.00148003	
-3.70068e-05	0.0173062	0.0145013	0.0372584	0.215953	0.0200504	0.000445407	0.0566801	0.00303311	0.00209215	0.103254	0.124002	-0.00237705	0.010686	0.047213	0.00687212	0.00382138	0.0638812	0.0292815	0.149686	0.0770293	0.0332344	0.245681	0.0183319	0.147696	0.0507031	0.0304107	0.121948	0.00186107	
0.000482042	0.0183217	0.0195021	0.0328131	0.188947	0.022796	0.000207664	0.0753986	0.000723513	0.00179426	0.125103	0.161498	0.000978193	0.00573118	0.038414	0.00542429	0.00390756	0.0763581	0.0268016	0.134612	0.0466117	0.0311822	0.0635084	0.0128077	0.129197	0.0676976	0.0164841	0.0877541	0.00142821	0.00133861	
-8.60015e-05	0.018892	0.0129794	0.0354684	0.34372	0.0265158	0.00106702	0.125798	0.00258636	0.00217703	0.0750666	0.144501	0.000573992	0.00841763	0.0363565	0.00647929	0.00122112	0.0673725	0.0304209	0.160686	0.0772256	0.0288743	0.0995473	0.0153382	0.155721	0.035799	0.0161254	0.0898867	0.000656832	-0.00398305	
-8.60015e-05	0.018892	0.0242581	0.0421925	0.287417	0.0265029	0.00152632	0.180404	0.000596924	0.00217703	0.136831	0.151904	-0.000683386	0.00748019	0.0393389	0.00562412	0.00289012	0.0661512	0.0304209	0.159255	0.054561	0.0248988	0.21595	0.0150433	0.19597	0.0206164	0.0190925	0.0892085	0.000656832	-0.0354873	
0.000479584	0.0243692	0.00829758	0.0516375	0.214141	0.0214509	-0.000960435	0.0607413	0.00102033	0.0010313	0.12756	0.163884	0.00227433	0.00748019	0.0318875	0.00445837	0.00289012	0.040014	0.0363163	0.296695	0.0583989	0.0294337	0.138864	0.0143659	0.16875	0.0487359	0.0304165	0.0764726	-0.0310395	
0.000479584	0.0174645	0.0165882	0.0433469	0.186483	0.0244329	-0.000355083	0.0397377	0.000515033	0.00115181	0.15152	0.210375	-0.00182396	0.0101792	0.067961	0.00670058	0.00297713	0.0618413	0.03857	0.0980262	0.10322	0.0377908	0.102072	0.0146143	0.28026	0.0534157	0.0269242	0.00481604	0.0782336	0.0473323	
0.000568499	0.0164941	0.0220497	0.0347775	0.208219	0.0242091	-0.0011747	0.069802	0.000905142	0.00115181	0.147904	0.155292	0.00118908	0.00877831	0.0347404	0.00621521	0.00180859	0.0481933	0.0372062	0.107063	0.0402178	0.0789507	0.0973366	0.0102401	0.218318	0.0427079	0.0266976	0.100331	
0.000568499	0.0167321	0.0221548	0.0343856	0.240038	0.0292514	0.00300963	0.184017	9.85373e-05	0.00127736	0.14796	0.1365	0.000614564	0.00829051	0.0574186	0.00621521	0.00170202	0.0693128	0.0278386	0.135893	0.0529096	0.0442381	0.0846467	0.0200256	0.24226	0.0595672	0.0227875	0.10173	0.00887956	
0.000568499	0.0156763	0.023939	0.0290498	0.299826	0.0292514	0.0016238	0.0756224	0.00018369	0.00144091	0.191728	0.339234	0.00211514	0.00817207	0.036085	0.00551485	0.00110245	0.054392	0.0278386	0.111049	0.0240529	0.0365486	0.0857758	0.0121595	0.399766	0.0682768	0.0238113	0.0941195	
0.000261386	0.0174621	0.019609	0.0333798	0.285923	0.0349079	0.00160949	0.145664	0.00171028	0.00144091	0.207594	0.198887	-0.00165049	0.0047098	0.039206	0.00508337	0.00384053	0.0560857	0.0254947	0.0623606	0.0312952	0.0480747	0.143085	0.0138077	0.280825	0.0577232	0.0182564	0.0745239	-0.00523331	0.00735985	-0.00339661	
3.7883e-05	0.0134448	0.0158474	0.0395418	0.380091	0.0349079	0.00249478	0.0898703	0.00121672	0.00184311	0.257686	0.12067	0.00232137	0.00795987	0.0339841	0.00346098	0.00325406	0.0568274	0.0254947	0.0426158	0.0830282	0.0450082	0.200857	0.0128669	0.2083	0.0482594	0.017374	0.0544028	0.000419718	0.0036741	
0.00065979	0.0134448	0.0307691	0.0278259	0.260184	0.0200754	0.00264289	0.0332061	0.000865079	0.00184311	0.209131	0.0949347	0.000484254	0.00667302	0.0261468	0.00346098	0.00444794	0.0588914	0.0292449	0.0563053	0.0835653	0.0433009	0.147987	0.0110779	0.208316	0.090725	0.0209389	0.0954527	
-0.000164481	0.0198824	0.0139229	0.0415325	0.225783	0.026887	0.00331422	0.0776701	0.00110161	0.00176849	0.0960241	0.127566	-0.00202816	0.010464	0.0308865	0.00433027	0.0022566	0.0476186	0.0291703	0.106827	0.0908882	0.0436288	0.143925	0.0110033	0.209066	0.0670865	0.0115862	0.0693785	-0.00307102	0	
-0.000303959	0.0136704	0.0160245	0.0348208	0.306024	0.0240154	0.000754697	0.146658	0.00376941	0.00157428	0.192876	0.119209	0.00185723	0.00991866	0.0270095	0.00653558	0.0019887	0.0528748	0.0316111	0.140654	0.0372364	0.0505379	0.125055	0.011511	0.262058	0.0678771	0.0129789	0.0748528	-0.000556783	0.0090834	
-0.000303959	0.0105148	0.0267694	0.0306789	0.394959	0.021679	-0.000695333	0.190273	0.00189256	0.00116184	0.15394	0.129688	-0.000283806	0.00889019	0.0281605	0.00391394	0.00193244	0.0304286	0.0236521	0.0927333	0.0326278	0.0370512	0.146414	0.00845536	0.321617	0.043758	0.0371125	0.0796318	
-0.000225688	0.0193356	0.0304543	0.026994	0.329251	0.0243441	-0.000303633	0.107646	-0.000359453	0.000697973	0.148368	0.13657	0.00191379	0.0175459	0.0332132	0.00391394	0.00354104	0.0503472	0.0324616	0.16511	0.0425251	0.046257	0.0788038	0.0122578	0.159837	0.0789064	0.0148342	0.0844963	0.00417576	0.00620818	
0.000127383	0.0163799	0.0263398	0.035136	0.236486	0.0214879	0.00459729	0.105831	0.00242691	0.00105104	0.194874	0.152084	-0.000524307	0.0107986	0.0287548	0.00278568	0.00295688	0.0364938	0.0363976	0.193915	0.0469163	0.0370945	0.0519322	0.0122704	0.170966	0.0483446	0.0215109	0.108321	0.00366628	0.000815258	
0.000127383	0.0142503	0.0244649	0.0305498	0.340634	0.0213955	-9.19433e-05	0.0967919	0.00045245	0.00105104	0.222635	0.194498	-0.000227542	0.0214773	0.0527535	0.00474104	0.00241917	0.0451	0.030972	0.133673	0.110736	0.0434656	0.093175	0.00960074	0.201187	0.0407187	0.0357776	0.0905465	
0.000151126	0.0169541	0.0252499	0.0297116	0.246743	0.0156346	0.00222291	0.105104	-0.00134149	0.000997859	0.103922	0.112374	0.00269387	0.00785471	0.0291466	0.00707099	0.002072	0.059893	0.0243296	0.0870863	0.0601793	0.0487007	0.0712776	0.012342	0.257688	0.0406539	0.0366989	0.105828	0.00393128	0	
0.000880969	0.0169541	0.0109931	0.0357229	0.391888	0.0178972	0.000762483	0.0717081	-1.27098e-05	0.0014164	0.114683	0.111795	0.00487854	0.00490401	0.0406109	0.00645744	0.00423939	0.0757086	0.0361697	0.101878	0.086183	0.0685005	0.107231	0.0115317	0.226301	0.0534372	0.0181289	0.082458	-0.00156329	
0.000976722	0.0182935	0.0161503	0.0306615	0.307378	0.0179773	-0.000457439	0.0458053	0.00166984	0.00151215	0.154443	0.132804	0.0112463	0.00887904	0.0572579	0.00815148	0.00285172	0.0777319	0.0343827	0.0828045	0.0654436	0.0466506	0.154566	0.00858734	0.226972	0.0405762	0.0340008	0.0762173	
0.000531491	0.0166121	0.0187041	0.0357516	0.204068	0.0179773	0.00171576	0.0332423	0.00186823	0.00196657	0.193052	0.157077	0.00333222	0.0101165	0.0372377	0.0079021	0.0020517	0.0927225	0.0343827	0.126517	0.130102	0.039589	0.172976	0.0100836	0.26475	0.055466	0.0342606	0.0762173	
0.000811223	0.0182621	0.023486	0.0374872	0.218436	0.0179773	0.00131512	0.0844008	5.95567e-05	0.00163734	0.166979	0.236031	0.00214899	0.0101506	0.059825	0.0053811	0.00299749	0.10599	0.0353872	0.146692	0.10964	0.0700049	0.137836	0.0100391	0.221923	0.0323719	0.0168114	0.0908464	0	
0.000544506	0.016447	0.0270304	0.0396171	0.30849	0.0275195	-0.00133181	0.0668219	0.00147809	0.000938527	0.184995	0.180108	0.00733145	0.00973633	0.0396566	0.00517432	0.00336225	0.0511469	0.0292823	0.194988	0.062712	0.0353637	0.159913	0.00963061	0.299854	0.0326027	0.0248887	0.0714036	-0.00168881	
0.000544506	0.0169828	0.0154075	0.036569	0.313231	0.0227673	-0.00133181	0.0804517	0.00221227	0.000925856	0.229837	0.214553	-0.00048019	0.0111351	0.0647163	0.00867028	0.00167346	0.0502196	0.0301152	0.15307	0.0715969	0.0465107	0.152541	0.00842556	0.241358	0.0366739	0.0240844	0.0689721	0.00177914	
0.000507354	0.0219292	0.0312465	0.0233301	0.279913	0.0174989	0.00200651	0.0541534	0.000368945	0.000449712	0.176199	0.22805	0.0054214	0.00936817	0.08994	0.00496268	0.00340327	0.0571316	0.0326206	0.142766	0.0604803	0.0500379	0.0705065	0.0102141	0.246329	0.030515	0.0230162	0.108992	0.0318675	0	-0.00202173	0.0105267	
0.000611535	0.0203112	0.0214469	0.0329164	0.151667	0.0188291	0.000560795	0.0551615	0.00202428	0.00081192	0.0646343	0.204862	-0.00207535	0.0106349	0.038199	0.00537217	0.00350745	0.0495965	0.0232262	0.136297	0.0342331	0.0379662	0.11048	0.0103183	0.221362	0.0643453	0.0254394	0.0873339	0.153696	-0.00103663	
0.0019873	0.0201272	0.0115001	0.0410909	0.172895	0.0253167	-0.000798053	0.0576858	0.000816063	0.000585542	0.161335	0.230098	-0.000357806	0.0105972	0.0508414	0.0085301	0.00238976	0.064708	0.0341845	0.111671	0.11111	0.0419717	0.143514	0.00823058	0.271503	0.0833352	0.030239	0.0974125	0.111671	-0.000329164	-0.00585199	0	0	0	
-0.00044417	0.0135039	0.0232269	0.0358264	0.275374	0.0251315	0.00174329	0.12026	0.0017522	0.000489619	0.104744	0.140017	2.41508e-05	0.0168022	0.0463978	0.00760398	0.00213494	0.0822924	0.0325307	0.131381	0.07008	0.0486862	0.144793	0.0107154	0.255385	0.0459442	0.0121838	0.0864711	0.0281409	0.0131072	
0.000484459	0.0128406	0.0305367	0.0288382	0.191533	0.0191593	-2.29584e-05	0.204595	0.00162854	0.000979561	0.137055	0.132646	0.00369779	0.0142057	0.0344009	0.00659859	0.00201085	0.0672788	0.0292796	0.174018	0.0300825	0.048356	0.200428	0.00939135	0.280307	0.0216994	0.0211821	0.0909172	
0.000673298	0.0139724	0.0305906	0.0356372	0.439937	0.0167639	0.000122151	0.0917188	0.00156614	0.0018358	0.112583	0.100316	0.000389676	0.0156157	0.0458634	0.00755011	0.00309969	0.0717159	0.0289177	0.0731532	0.120546	0.0405096	0.16104	0.00819622	0.19401	0.0455382	0.0217132	0.0909172	0	
0.00153473	0.0140421	0.0305906	0.0357068	0.285584	0.0213875	0.000957801	0.155627	0.0024299	0.00192323	0.124968	0.219389	-0.0040953	0.0102474	0.0425283	0.00667342	0.00429308	0.052355	0.0276548	0.0632945	0.12128	0.0330998	0.152289	0.00948901	0.189362	0.0274105	0.0170924	0.0672573	0.00048293	0.00241724	
0.00185849	0.0154308	0.0252906	0.0326884	0.26183	0.0217242	0.000595042	0.148591	0.00226435	0.00228401	0.0832973	0.138451	-0.00225597	0.00982477	0.0593803	0.00384626	0.00471571	0.0767595	0.0300642	0.073896	0.0823992	0.0360076	0.149213	0.0118208	0.198204	0.0415312	0.0147567	0.0631301	-0.0043078	
0.00115911	0.0154249	0.030738	0.0347871	0.207047	0.0205822	0.000351547	0.122484	0.00174703	0.00228401	0.190425	0.222712	0.00180459	0.0109104	0.0599462	0.00669022	0.00459644	0.071613	0.031351	0.0598944	0.11021	0.024317	0.151376	0.0105905	0.253371	0.0313078	0.0130109	0.0680601	-0.00286696	-0.00136428	0	0	
0.000591295	0.0158732	0.0291947	0.0363304	0.285675	0.0201474	0.00100721	0.127978	0.00197453	0.00198155	0.18248	0.294809	0.00120908	0.0123812	0.0399303	0.00458527	0.00349291	0.0550004	0.0252442	0.108057	0.143253	0.0483815	0.130318	0.00796418	0.185801	0.0311642	0.0122949	0.0756492	0	0	0.00581159	
0.000591295	0.00932526	0.0388268	0.0266983	0.254465	0.0239961	0.00219094	0.141196	-0.000366946	0.00198155	0.228066	0.243188	0.00102368	0.0229671	0.0589439	0.00551052	0.00349291	0.0802757	0.0318772	0.0361946	0.149527	0.0388717	0.163244	0.00962175	0.214671	0.0425017	0.0122565	0.0650404	
0.000843624	0.0122988	0.0247721	0.0326612	0.265217	0.014378	0.00249285	0.160328	0.00251707	0.00140364	0.177337	0.306934	-0.000868797	0.013874	0.0463617	0.0100779	0.00311857	0.0472194	0.0316144	0.108619	0.195225	0.0298925	0.159538	0.0093431	0.26659	0.0574713	0.0140326	0.0638011	0.0008957	
3.2991e-05	0.0196084	0.0372545	0.029343	0.22949	0.0210943	-0.000397224	0.217791	0.00144472	0.0013808	0.149408	0.13073	-0.000149401	0.0187852	0.0487692	0.0115586	0.00402385	0.0560256	0.0390411	0.109724	0.121334	0.0355015	0.0785793	0.00566845	0.292036	0.0346135	0.0173812	0.0828059	0.00960448	-0.00132496	-0.00113646	
0.00060216	0.011536	0.0207857	0.0458118	0.25755	0.023131	-0.00204559	0.305323	0.00110698	0.000908392	0.101637	0.136223	0.00131828	0.0165734	0.0380665	0.00447691	0.00148368	0.0550984	0.0244695	0.0839779	0.110728	0.0324819	0.140773	0.0087622	0.231045	0.0445939	0.0228583	0.0588493	-0.0225472	-0.00497481	
0.00060216	0.0179948	0.0231988	0.033349	0.235567	0.0181157	-0.0014258	0.0963158	0.00130757	0.00171072	0.240543	0.118103	0.000634076	0.00904637	0.0485681	0.00873785	0.00432931	0.0481953	0.0296203	0.0918286	0.0861856	0.0382491	0.155482	0.0103862	0.20312	0.0470766	0.0319221	0.0807017	
0.00060216	0.0128856	0.0277187	0.0325203	0.173155	0.0206579	0.000429298	0.124088	0.00154795	0.000358979	0.089288	0.233944	0.00286289	0.0169639	0.0504088	0.00863883	0.00591708	0.0571882	0.030315	0.14781	0.0486943	0.0619627	0.0647688	0.00918739	0.213085	0.0543356	0.0219965	0.0616042	
-0.000106748	0.0144733	0.0287245	0.0314081	0.275899	0.0211997	0.00344849	0.0866744	0.0016544	0.000252529	0.0881075	0.168791	-0.000543504	0.0121897	0.0611313	0.00518907	0.00395569	0.0382154	0.0288709	0.129989	0.154242	0.0249271	0.179564	0.0102106	0.21438	0.0703226	0.0263179	0.0525358	0.0139925	0.00211581	0.000845169	
-0.000238627	0.0179059	0.0194363	0.0443524	0.271508	0.0265616	0.00364719	0.0507863	0.00128399	0.000916529	0.181019	0.10791	0.00194073	0.00736305	0.033216	0.0102729	0.00440439	0.0623675	0.025609	0.130353	0.0823994	0.026179	0.172172	0.00817414	0.177653	0.0605091	0.0152528	0.0682619	0.00681313	
-0.000365332	0.0180501	0.0247153	0.030205	0.204282	0.0202055	0.000363709	0.125888	0.00128399	0.000889946	0.142096	0.132709	0.000579314	0.0145478	0.0391725	0.00705535	0.00237679	0.0477883	0.0314687	0.213413	0.0928178	0.0363363	0.155051	0.0109476	0.246894	0.0243633	0.0243355	0.0780396	0	
0.00032128	0.0157316	0.017941	0.0405673	0.178287	0.0202055	-0.000898291	0.0705269	0.00117641	0.00102145	0.0854655	0.126354	0.000877465	0.0171551	0.0566665	0.00705535	0.00312214	0.0747776	0.0227773	0.217581	0.118074	0.0401032	0.119365	0.0122369	0.232353	0.0292104	0.0215215	0.0959458	-0.00280761	-0.00331172	
0.000559249	0.0165832	0.0225995	0.0360026	0.364569	0.0243489	-0.00134589	0.0288711	0.00114222	0.00195689	0.0650031	0.231786	0.0100268	0.0174705	0.0385247	0.00979598	0.00236159	0.0732117	0.0296222	0.178065	0.0401474	0.0360543	0.105578	0.0140803	0.280773	0.0333011	0.0299408	0.0724928	
0.000580141	0.0201332	0.039865	0.0227006	0.372954	0.0245157	-0.00140365	0.0661661	0.00207537	0.00120691	0.20974	0.154274	-0.00192725	0.0182321	0.045525	0.00788948	0.0033213	0.0662357	0.0327812	0.072153	0.0309621	0.0778534	0.0975457	0.0117575	0.288718	0.0496742	0.0219429	0.08765	0	
0.000133114	0.016756	0.0223186	0.0345601	0.338034	0.0156725	-0.000132454	0.117229	0.000294083	0.00173969	0.0729548	0.162905	0.00365659	0.0190068	0.0501754	0.00933821	0.00401522	0.0617623	0.0289213	0.13261	0.0367632	0.0376252	0.124113	0.0127518	0.268858	0.0361285	0.0153471	0.0629258	0.000413067	0.00330551	0.00550069	0.000789325	
0.000753443	0.0151668	0.0249433	0.0354887	0.339326	0.0225367	0.000602928	0.109505	0.00140366	0.00175895	0.0758443	0.162905	0.00028532	0.0209204	0.0644882	0.0072982	0.00453804	0.0482074	0.0339893	0.10453	0.0149535	0.0393114	0.112638	0.0109264	0.338157	0.0192464	0.0176364	0.0664386	0.00904078	0	
0.000701566	0.0177928	0.0217	0.038732	0.203395	0.0195832	0.000693595	0.0665642	0.00140366	0.000725682	0.11131	0.131655	-0.00380153	0.0146276	0.0467608	0.00881583	0.00363384	0.0474413	0.0354254	0.175551	0.0796917	0.061929	0.136869	0.010407	0.338209	0.0388388	0.039928	0.0832533	0.0102583	0.00139625	
-0.000220505	0.0127165	0.0265381	0.0322283	0.262938	0.0180786	0.000921483	0.0539138	0.00138373	0.000756973	0.114099	0.292495	-0.00116513	0.0250857	0.0561533	0.00838014	0.00325922	0.0413407	0.0341727	0.0949295	0.0632018	0.0510641	0.208669	0.0090086	0.232542	0.076473	0.0201297	0.0794376	
0.000179385	0.0120574	0.0265381	0.0322283	0.2132	0.0173558	9.20086e-05	0.078444	0.00150802	0.00220691	0.13741	0.167033	-0.000710041	0.0113304	0.104913	0.00647054	0.00373488	0.0634429	0.0329805	0.120284	0.0575396	0.0468245	0.129125	0.0117974	0.221946	0.0355268	0.0228656	0.0564242	
0.000562267	0.0141683	0.0265381	0.0322283	0.281504	0.0197315	0.000595244	0.183915	0.00110095	0.00159581	0.098653	0.086298	-0.00054692	0.0126191	0.106218	0.00970885	0.00390309	0.0804707	0.0360263	0.110498	0.077659	0.0384697	0.0688703	0.0136398	0.19644	0.0538546	0.0380906	0.056559	0.00177906	0.00286955	
0.000822674	0.0174074	0.0181425	0.0414107	0.145479	0.023498	0.000405409	0.120012	0.00172331	0.00261373	0.0843826	0.0812015	-0.0046332	0.00396107	0.0567031	0.00585146	0.00548243	0.0496534	0.0351251	0.127846	0.0970539	0.0601696	0.218864	0.0112379	0.148429	0.0304131	0.0309572	0.055736	0	0.00189625	
0.000635887	0.0175392	0.0322297	0.0305342	0.1342	0.0224092	0.000843244	0.0826506	0.00050138	0.00274546	0.139352	0.183817	0.00242355	0.0114986	0.0491138	0.00598319	0.00446002	0.0559975	0.0352568	0.0861448	0.0440004	0.0403714	0.0899487	0.0101338	0.213319	0.0306244	0.0233039	0.0863151	0.00578873	-0.00452441	0.00514511	0.00013173	
0.000635887	0.0157094	0.024901	0.0416107	0.0959115	0.0207135	0.00103428	0.0875692	0.00117212	0.00274546	0.315579	0.179096	-0.00141503	0.0141764	0.0356708	0.00829023	0.00446002	0.0598967	0.0369622	0.073245	0.0181278	0.0515123	0.13717	0.0111259	0.180266	0.0457221	0.025124	0.0603717	0	0.000514061	
0.00126942	0.0216978	0.0350681	0.0225833	0.208821	0.0312397	-0.00149313	0.112155	0.00128542	0.00274546	0.0752537	0.107446	0.00173021	0.0163575	0.0381877	0.00571245	0.00368387	0.0525314	0.0331355	0.114667	0.0556338	0.0643974	0.114109	0.0122186	0.207325	0.0536786	0.0403831	0.0521965	
0.00126942	0.0158464	0.0292758	0.0383249	0.173817	0.0216306	-0.00239425	0.0492113	0.00128542	0.00318602	0.0732228	0.24825	0.00783121	0.0123665	0.0365298	0.00787203	0.00308665	0.0574483	0.0343361	0.103061	0.0309735	0.0455966	0.117583	0.0101934	0.245104	0.0631842	0.0216087	0.0457936	0	
0.00125909	0.0167715	0.0400556	0.0275347	0.141443	0.0321541	0.000619487	0.0762736	0.00255961	0.00312494	0.159867	0.130835	0.00177308	0.0174435	0.0505392	0.00696146	0.00381477	0.0427799	0.0377989	0.100912	0.0311307	0.0333958	0.109394	0.0134403	0.172573	0.0762548	0.0383177	0.05927	-0.101104	
0.00106297	0.016164	0.0288716	0.0310167	0.361537	0.0236326	0.00140174	0.0985552	0.00158551	0.00175416	0.191095	0.183035	-0.00152146	0.011356	0.0393919	0.00905787	0.00438331	0.0602781	0.0386573	0.15139	0.0125655	0.0422745	0.156451	0.0122855	0.178668	0.0526134	0.0299156	0.0404961	-0.00322293	0.00178888	0	
0.00038404	0.016619	0.036059	0.0291557	0.324882	0.024185	-2.06056e-05	0.0625236	0.00242703	0.00175416	0.123009	0.11893	0.00347085	0.00251812	0.0445012	0.00938815	0.0045172	0.0383735	0.0411051	0.109305	0.00612591	0.0314448	0.104135	0.0110751	0.183599	0.0295947	0.0276587	0.0532581	0.00338482	0.0192784	
0.000709378	0.015976	0.0287376	0.0352428	0.162971	0.0223145	-0.00064631	0.158608	0.00280658	0.00139614	0.14142	0.0950807	0.00287927	0.0111126	0.0635811	0.00634245	0.00397399	0.0386091	0.0300663	0.399264	0.0450575	0.0423507	0.170495	0.0110751	0.21349	0.0878826	0.0218253	0.0509467	0.00972044	0.0411705	0.0115229	
0.000610269	0.0175062	0.0392034	0.0296144	0.306098	0.0192513	-0.000290094	0.0559235	0.00147508	0.00249946	0.0746662	0.204131	0.0035258	0.00731382	0.041788	0.0126823	0.00326591	0.0583546	0.037832	0.137561	0.0438727	0.0377893	0.0412187	0.00763279	0.158185	0.0327086	0.017719	0.0504107	0.00405272	
-0.00033545	0.0187367	0.0349361	0.0338817	0.25436	0.0177929	0.000655625	0.0668614	0.00243362	0.00136686	0.187	0.1654	0.00165183	0.00818885	0.028585	0.00987234	0.00490782	0.102204	0.0327351	0.0970537	0.111409	0.0298909	0.0318833	0.0111714	0.168085	0.0305833	0.010635	0.0506551	
0.000101445	0.0175307	0.0396498	0.0291722	0.21401	0.0204397	6.87323e-05	0.103642	0.00249158	0.00219067	0.18788	0.100389	0.00301916	0.00616205	0.0521233	0.0100552	0.00475877	0.042177	0.0372846	0.103442	0.0673957	0.045036	0.059467	0.0123786	0.251354	0.0631343	0.0106466	0.0514376	0.00217562	
-0.000259335	0.0171699	0.037886	0.0305752	0.229375	0.0209556	0.00192757	0.0412029	0.00240142	0.00253377	0.0482175	0.110287	-0.00062651	0.0109408	0.031526	0.00928831	0.00633585	0.0444262	0.0246132	0.106985	0.0779615	0.0326607	0.110454	0.00943267	0.253381	0.0445363	0.0353486	0.0451974	
0.000626501	0.0143164	0.0415652	0.026896	0.257636	0.0219408	0.00295894	0.135486	0.00113151	0.00333199	0.191319	0.1692	0.00324239	0.00795051	0.0512752	0.00928831	0.00589067	0.0464998	0.0361043	0.117981	0.0780645	0.0424504	0.132123	0.00702668	0.222276	0.0541853	0.0346903	0.0585454	0.000303787	
0.000847845	0.0168275	0.0386836	0.0221135	0.329109	0.0227618	0.00105895	0.157516	0.000910162	0.00355333	0.127766	0.200946	-0.00173838	0.0126653	0.0392119	0.00915881	0.00353429	0.0577509	0.0363256	0.0861846	0.0488192	0.0395288	0.167817	0.0100251	0.310537	0.0322171	0.0278941	0.0496028	0.00199821	
0.000682654	0.0191347	0.0406579	0.0248146	0.310834	0.0174715	0.00190504	0.0831242	0.0026717	0.00227863	0.186248	0.134466	0.00312018	0.0151136	0.0430965	0.00879592	0.00414534	0.0836937	0.0270723	0.0839526	0.0456872	0.06489	0.0830588	0.00768942	0.279105	0.0508305	0.032009	0.0572199	0.00260313	-0.0018817	0	
0.000422253	0.0125325	0.0398882	0.023996	0.43125	0.0191364	0.00111722	0.103382	0.00243842	0.00228046	0.0940538	0.218341	0.00802241	0.013473	0.0235738	0.0100214	0.00414716	0.0517295	0.0312213	0.0772902	0.0546355	0.0260374	0.119244	0.0094137	0.220599	0.0497603	0.0236571	0.058839	
0.000565485	0.0116358	0.0423749	0.0250807	0.224276	0.0237057	0.00157745	0.120561	0.00219296	0.00228046	0.113616	0.143289	0.00362873	0.00901369	0.0525885	0.0066613	0.00299007	0.0437115	0.0343978	0.083101	0.0460905	0.0441067	0.113587	0.0109451	0.262738	0.0670944	0.0377341	0.0534795	
-9.24421e-05	0.0122431	0.0434403	0.0238392	0.261409	0.0193111	0.00205925	0.0468462	0.00236909	0.00210433	0.322743	0.177697	-0.00107299	0.0238192	0.0405764	0.00632172	0.00246304	0.0386329	0.030217	0.101914	0.0900133	0.053614	0.119135	0.0153386	0.225595	0.0524656	0.0357856	0.0633237	
-5.49896e-06	0.0158506	0.0262789	0.0319693	0.211314	0.0193111	0.00104046	0.0898278	0.00274815	0.00210433	0.165183	0.163615	0.00357707	0.00697646	0.0380676	0.00907759	0.0022841	0.0502419	0.0432788	0.0567582	0.0763947	0.0563268	0.0888057	0.00834456	0.249326	0.0642769	0.0319541	0.0406147	
0.000458363	0.0123817	0.0359938	0.0362069	0.355653	0.0248396	0.00145599	0.230305	6.02206e-05	0.00141876	0.12331	0.285356	-0.000369914	0.0125259	0.0355953	0.00823081	0.0051013	0.0808656	0.0361826	0.145034	0.0869361	0.0822889	0.107324	0.0128445	0.274179	0.0293772	0.0442526	0.0459433	
0.000929462	0.0140307	0.0188639	0.0377373	0.229405	0.0301468	0.000559094	0.105998	0.000970599	0.00209307	0.15814	0.374206	0.00151276	0.0095059	0.0344258	0.0111425	0.00282724	0.0934996	0.0326357	0.0917513	0.0696314	0.113006	0.0878224	0.00919084	0.285727	0.0400973	0.0340314	0.0795742	
0.000787968	0.0164603	0.027304	0.0342898	0.346682	0.0199513	0.00132753	0.146005	0.00157309	0.00195157	0.0923634	0.143284	0.000499035	0.00950507	0.0256485	0.00671345	0.00268575	0.0589456	0.0328277	0.142306	0.0983525	0.0494551	0.0510754	0.0092695	0.217089	0.0267675	0.039175	0.0663575	0.111023	-0.00114603	
0.000980684	0.0135436	0.0367574	0.0248364	0.317452	0.0236769	-0.00148058	0.0830413	0.00155768	0.00171036	0.217475	0.233391	-0.00246614	0.0092234	0.0763629	0.00979649	0.00342494	0.0847689	0.024865	0.0551192	0.114812	0.0719406	0.0635817	0.0092695	0.221976	0.0458091	0.0387263	0.0757209	0.000940116	
0.00077946	0.0143926	0.0423213	0.0290625	0.331972	0.0236769	-0.000923859	0.0416756	0.00147073	0.00180304	0.182885	0.306952	-0.00392537	0.0179919	0.0267583	0.00479663	0.00459983	0.0572047	0.0291066	0.104756	0.0718759	0.0434784	0.0899307	0.0083229	0.253036	0.053533	0.0394351	0.0549947	0	0.0234476	-0.0032982	0	
0.000245119	0.0172368	0.0412576	0.0301262	0.281204	0.0236769	0.000557439	0.0349254	0.00115554	0.00126947	0.166237	0.237187	-0.000610948	0.0178421	0.0422617	0.0027946	0.00495104	0.0432703	0.0316613	0.0981242	0.141062	0.06244	0.0550958	0.00730945	0.243438	0.0408037	0.052618	0.0573486	-0.00161536	0.061095	0.000510547	0.0026524	
0.000245119	0.0178778	0.0436252	0.0301262	0.201889	0.0219251	0.00100705	0.0737382	0.00203269	0.00150372	0.165874	0.303688	-0.00050458	0.0210063	0.0425065	0.00723063	0.0036576	0.0643965	0.0338764	0.0852048	0.0934974	0.0335894	0.140633	0.00939838	0.243503	0.0336548	0.0719218	0.060812	0.000744824	0.0112569	-8.29376e-05	-0.00059227	0	
0.000171038	0.0160772	0.0231945	0.0299299	0.431331	0.0226522	-0.000451782	0.0904301	0.00211248	0.00120855	0.0783177	0.214866	-0.000314248	0.0123915	0.0640542	0.0106795	0.00545709	0.049391	0.0327444	0.0588876	0.035245	0.0450081	0.0960625	0.00965511	0.193298	0.0632832	0.0378514	0.0446963	0.00220929	-0.0100804	0	-0.0380519	
-2.94767e-05	0.0176276	0.0233434	0.0263805	0.194483	0.0239204	0.00156188	0.03907	0.00384056	0.000973478	0.125386	0.0882011	-0.00150895	0.0134635	0.0563478	0.00520562	0.00414999	0.0492689	0.0313196	0.0612319	0.0448705	0.0951463	0.0960938	0.0112433	0.167963	0.0861801	0.0621397	0.0451888	0.00157104	0	0.0123502	-0.00178553	-0.000235069	
0.000546268	0.014182	0.0280805	0.0240786	0.385276	0.0207649	0.000204168	0.0288071	0.0028484	0.00162995	0.112364	0.142518	0.00270983	0.0125538	0.0835068	0.00474597	0.00223175	0.0545838	0.0252839	0.074472	0.0609262	0.0551823	0.0829077	0.0127658	0.206542	0.0436386	0.0620466	0.0503999	-0.000171077	0.000355628	
0.000546268	0.0197651	0.0173163	0.0432472	0.44155	0.0259035	-0.000848556	0.0396942	0.00337765	0.000915884	0.0833309	0.151859	0.00872182	0.0122951	0.0507886	0.00688328	0.00249044	0.0716682	0.0314979	0.0687352	0.0725623	0.0809433	0.149427	0.0111552	0.213062	0.0636703	0.0518114	0.0561377	0.000542986	-0.00281971	-0.00299814	0	
-0.000100232	0.0169229	0.0150916	0.0430474	0.200971	0.0259035	-0.000118704	0.0721502	0.0029341	0.00173392	0.154157	0.218164	-0.00275679	0.0137529	0.0366467	0.0074507	0.00393807	0.0492551	0.0333772	0.0957481	0.0489056	0.0387887	0.062546	0.014318	0.269495	0.0700929	0.0588587	0.0642215	0.00068592	-0.0021524	-0.00346946	0.00127179	-0.00404499	
-0.000119966	0.00900956	0.0281138	0.0375374	0.26886	0.0261099	-0.000187892	0.172475	0.0023162	0.000491786	0.0956073	0.102808	-0.00292628	0.0160329	0.0487169	0.00840422	0.00408783	0.0384424	0.0289024	0.120871	0.0166979	0.0337902	0.0654761	0.0170965	0.187123	0.0391892	0.0359874	0.0577345	0.00145728	0.00164781	0	
0.000915744	0.0174755	0.0302385	0.0354127	0.203772	0.0298002	-0.00244506	0.0366583	0.00284498	0.00056125	0.111087	0.140149	0.000830681	0.011021	0.0507578	0.00563772	0.00408783	0.0519349	0.0359238	0.194956	0.0544057	0.0502003	0.0990921	0.0111922	0.20985	0.0416633	0.0315048	0.0431857	0.00202901	-0.00124151	-0.00290517	
0.000931422	0.0181297	0.0285457	0.0410075	0.184833	0.0286041	-0.000890609	0.0996372	0.00195424	0.000576929	0.0668034	0.16214	0.00208716	0.0137793	0.0607918	0.00564408	0.00410351	0.0506939	0.0282766	0.0981657	0.132286	0.0560681	0.096684	0.0104003	0.244935	0.0538376	0.0286674	0.0540269	0.00142067	-0.00130078	0	
-9.324e-05	0.0174848	0.0308522	0.031204	0.100863	0.0297667	-0.00220074	0.0765463	0.0034767	0.000233872	0.102368	0.126531	0.002459	0.0188568	0.051284	0.00935888	0.00375731	0.0621509	0.0309679	0.0833453	0.0534626	0.0497947	0.196089	0.0147201	0.248781	0.0374214	0.053381	0.0543534	0.00179651	-0.000110948	
-9.324e-05	0.0135879	0.0220561	0.0348219	0.144744	0.0281426	0.00286284	0.11686	0.000652588	0.000233872	0.182832	0.129267	0.00122976	0.00529016	0.0413035	0.00783835	0.00659221	0.0571152	0.0295861	0.0553349	0.10515	0.0518475	0.0882016	0.0147201	0.281329	0.0460871	0.0235535	0.0602026	0.00158307	-0.000987275	
0.000927818	0.0177315	0.022947	0.0404164	0.152079	0.0247264	-0.000903755	0.101807	0.00315029	0.0016335	0.0990103	0.114014	-0.00460211	0.00702652	0.0537338	0.00761463	0.00569158	0.0394494	0.0332296	0.081199	0.185325	0.0539515	0.0500751	0.0104074	0.202377	0.0780519	0.0408299	0.0487794	-0.000659784	-0.00364325	0	
0.000973223	0.0144292	0.0322206	0.0309334	0.254141	0.0222563	0.000148885	0.0668611	0.00306806	0.000263372	0.137181	0.257871	0.000988073	0.00754263	0.0541462	0.00740521	0.00496604	0.07957	0.0294554	0.0946769	0.0852492	0.0655295	0.0948302	0.00876589	0.263132	0.0845108	0.035955	0.0465744	0.000500925	-0.00252811	-0.00516874	-0.00217909	-0.0039244	
-0.000155245	0.0195258	0.0153994	0.0454435	0.209684	0.0253888	-0.000401602	0.0874286	0.00266111	0.00217161	0.248849	0.156612	-0.00309966	0.0149666	0.0357649	0.00482363	0.00496604	0.0590088	0.0294554	0.0807824	0.0878853	0.0407057	0.123292	0.0109138	0.248531	0.0555833	0.0261929	0.0520993	-0.00140731	-0.000823963	
0.00122839	0.0137433	0.0196278	0.0371044	0.181191	0.0226105	-0.00317585	0.10457	0.00259792	0.0022348	0.18273	0.11087	-0.000412064	0.00967903	0.0351379	0.0034586	0.0039376	0.0730077	0.0283033	0.0981643	0.0975705	0.0340577	0.10168	0.0136046	0.225329	0.0504876	0.0414602	0.04926	0.00330069	-0.00235295	-0.000848975	
0.000316383	0.001256	0.0162259	0.0371661	0.239603	0.0234928	-0.000730829	0.119602	0.0023232	5.40238e-05	0.173835	0.203831	0.00276941	0.00487872	0.0468654	0.00431071	0.00405416	0.0648356	0.0345783	0.124236	0.0577158	0.0405173	0.102126	0.0107418	0.185715	0.0518641	0.0312334	0.0487276	0.00366718	-0.000136265	0.00473887	0.000995744	0.0192145	
0.00101178	0.00318777	0.0261995	0.0411945	0.241295	0.0239167	-0.00100231	0.0772929	0.00229787	0.00047794	0.209851	0.129386	-0.000354148	0.00659815	0.059843	0.00423114	0.00447808	0.0699707	0.028706	0.121856	0.0380699	0.0719756	0.131068	0.00956019	0.284555	0.0312805	0.0335631	0.0615505	0.00366718	-0.00258606	0.0196384	
0.00147021	0.00281448	0.0296854	0.0373684	0.259764	0.024572	-0.00203804	0.0415449	0.00355239	0.000137758	0.186874	0.20627	0.000864671	0.0194201	0.0303831	0.00376522	0.0041379	0.0655966	0.0274056	0.100129	0.0385604	0.0484633	0.101745	0.0138109	0.231795	0.0237445	0.0386069	0.0465275	0.00181919	-0.00120716	0.0190231	
0.00134151	0.00114633	0.0425851	0.0332038	0.284122	0.0210253	-0.00196451	0.0889376	0.00197788	0.00067788	0.0849702	0.129437	-0.00199032	0.0088823	0.0320276	0.00646205	0.00359857	0.0855422	0.0318803	0.070303	0.0822754	0.0394385	0.0949417	0.0113196	0.162432	0.0425886	0.0248756	0.0667878	0.00019949	-0.00491732	0.0163497	0.00724802	
0.00123878	0.0021999	0.0183191	0.0341562	0.24014	0.026906	-0.00186178	0.0709985	0.00344454	0.00161289	0.0880732	0.168683	0.0104066	0.0105584	0.0347862	0.00398526	0.00160739	0.0617462	0.0358397	0.0587428	0.0714258	0.0321399	0.108004	0.00983683	0.205332	0.0246442	0.0572027	0.0433649	0.00251517	-0.00286481	0.014598	0.00939425	
0.00138122	0.00224655	0.0460499	0.0345992	0.238605	0.0271421	-0.000844734	0.12216	0.00279143	0.00137143	0.166738	0.125547	-0.000272293	0.00591238	0.030634	0.00641392	0.00556208	0.0695028	0.0384928	0.0572989	0.110536	0.0663508	0.132028	0.0105266	0.289914	0.0286779	0.0359726	0.0607398	0.000593595	-0.0034749	0.01545	0.040039	
0.00138122	0.00335943	0.0373355	0.0325237	0.158226	0.0219455	0.000992464	0.0805294	0.00202472	0.00125097	0.0961137	0.134855	0.00402054	0.00479835	0.0393088	0.00586249	0.00390012	0.0324893	0.0376696	0.0947886	0.0720232	0.0720357	0.0810806	0.0105266	0.180294	0.0269719	0.0423934	0.0618964	0.000553294	0.000577299	0.01545	
0.000266334	0.00321198	0.0364678	0.0323762	0.279128	0.0236231	0.000506179	0.0343322	0.00217217	0.000852827	0.0933399	0.108025	0.000443139	0.00763549	0.0305145	0.00453801	0.00375267	0.0509242	0.0341158	0.0521672	0.105164	0.0837093	0.209517	0.0121085	0.18125	0.0229147	0.0605727	0.0503444	0.000876504	-0.00164776	0.0153025	-0.00356703	-0.00183895	
0.000437333	0.0048632	0.0314328	0.0323762	0.280799	0.0236231	-0.00041777	0.055019	0.00217217	0.000852827	0.197016	0.201104	0.00255099	0.00731604	0.057708	0.00748169	0.00224621	0.0702148	0.0468199	0.0894445	0.131454	0.0682181	0.138843	0.0143305	0.257304	0.0235298	0.0638025	0.0589542	0.00152399	-0.00367249	0.0138609	-0.00201434	-0.00299956	
0.000269565	0.00416456	0.0504424	0.0254542	0.192322	0.0235132	-0.00143986	0.119113	0.00246319	0.000839004	0.135855	0.109838	-0.00155366	0.0149291	0.0357875	0.00346698	0.00299699	0.0493375	0.0391418	0.0690368	0.0344017	0.079478	0.0838868	0.00754213	0.190133	0.0125131	0.0455247	0.0598213	0.00346946	0.00147643	0.0141376	-0.000109992	
0.000910651	0.00318295	0.0491147	0.026782	0.177426	0.0200261	-0.00260977	0.114209	0.00290305	0.000389187	0.0437007	0.113555	-0.00246763	0.0027847	0.0493252	0.00463072	0.00535429	0.0378392	0.0474123	0.0236229	0.0149819	0.0756193	0.177528	0.0106903	0.18846	0.0403251	0.0295836	0.0684831	0.00361707	-0.00312251	0.0141376	-0.00187179	-0.00310616	
0.000116139	0.00208142	0.0274416	0.0352651	0.300606	0.023982	-0.000773686	0.179516	0.00235724	0.000618625	0.139067	0.186554	0.00372444	0.00891102	0.0275011	0.00610252	0.000862714	0.053454	0.0325092	0.036657	0.0835189	0.0537885	0.13056	0.011313	0.198947	0.0199946	0.0459866	0.0505178	0.00183305	-0.00283026	0.0138665	-0.00104859	0.00470997	0	
