0.184477	0.631996	0.0426498	-0.0031588	-0.046767	-0.0680481	0.170198	0.0321854	0.173737	0.00663361	-0.00661589	-0.00908507	0.0563352	0.0209581	-0.00861615	-0.0237157	0.0297836	0.0585504	-0.0472794	0.0167899	-0.410515	0.120806	0.0128209	0.0590831	0.0774646	0.0044871	0.008968	-0.0389464	-0.0359581	0.0016448	-0.00320573	-0.0837652	0.0403762	-0.161622	-0.00391	-0.0410655	0.004779	0.0317093	0.0339889	0.0054078	-0.160673	-0.00431201	0.0026602	0.0039208	-0.00130809	0.00325081	0.174651	0.027901	0.0717254	-0.135861	0.0936828	-0.043894	-0.178635	0.0219146	-0.217498	0.0171782	0.0294947	-0.00779628	0.00926419	-0.00445674	0.0883911	0.0507649	0.0293618	0.038822	0.0510322	0.0860948	0.0017335	0.0438438	0.0221594	0.157228	0.0048816	0.0122325	-0.00548906	0.0252765	0.0470467	0.00121089	0.0721361	-0.0007479	0.0364399	0.0217089	-0.0082874	
0.184477	0.620023	0.0671052	-0.00366728	-0.0463766	-0.0800213	0.169531	0.0525253	0.164398	0.0116756	-0.00456854	0.100364	0.0410291	0.0451069	0.0632341	0.132528	-0.0468488	0.0113266	-0.598683	0.111155	-0.000187996	0.279382	0.0403762	0.00174976	0	0.0205343	0.00489938	0.0281726	0.119363	0.042477	-0.00417525	-0.178268	-0.0140056	0.0570388	0.0308903	-0.042432	0.00367887	-0.00731307	-0.00506849	0.0187679	0.0577166	0.0199027	0.0521108	-0.00182813	0.107529	-0.00142412	0.021167	0.0460227	
0.164924	0.632407	0.0671052	-0.0033461	-0.0452664	-0.0800213	0.169531	0.100364	-0.0481065	0.0768523	-0.598926	0.210458	0.0396053	0.0599737	0.0161317	-0.179531	0.0270917	0.0550421	0.0102748	0.192182	0.0388696	0.14361	0.0338525	0.00299781	0.00671818	-0.00506849	0.172257	0.0741466	0.0766477	0.0416575	0.0312182	
0.167321	0.543495	0.0919695	-0.00197464	-0.0426267	0.12088	0.128214	0.0372663	0.0708144	-0.0448559	0.0219763	0.0567238	0.0727423	0.0303393	-0.0942181	-0.00143583	-0.000570137	0.170136	0.0265723	-0.00744568	0.302517	0.0470335	0.0942255	0.0452275	0.0677624	
0.178478	0.604567	0.0419793	-0.00447638	-0.041342	0.0372663	0.0548504	0.0534295	-0.00745463	0.0777856	0.0572391	0.114522	0.109261	-0.0439317	0.0352865	0.039187	-0.0854763	0.0140046	-0.00119679	0.180083	0.0348143	0.00830174	0.0571101	
0.177235	0.523254	0.0515822	-0.00415811	-0.0438515	0.0385086	0.0580984	0.0603562	-0.00397047	0.043816	-0.00989967	0.116042	0.0768032	0.204118	-0.0475748	0.047696	0.0429862	-0.0866467	0.173052	0.0611835	0.00893585	
0.179912	0.553542	0.0551193	-0.00418144	-0.0421203	0.0356141	0.032507	0.0936434	0.00133883	0.0740398	-0.00936415	0.115066	0.0744599	-0.0438403	-0.0240882	0.0371216	0.0380409	0.142558	-0.0868352	0.00717045	0.172834	0.0951815	
0.170201	0.575747	0.0970201	-0.00563185	-0.0416055	0.0390959	0.0356067	0.0882257	0.000726615	0.0535821	-0.00945508	0.106658	0.0665463	-0.0462014	0.0292124	0.157095	0.0856732	0.0492115	0.0560666	-0.0805341	
0.169784	0.578574	0.0707645	-0.00319309	-0.0428852	0.0390959	0.0317792	0.160626	-0.000121028	0.0607852	-0.00977898	0.103831	0.0645545	-0.0457194	0.0254806	0.173214	0.0378187	0.0534352	0.0616123	0.109921	-0.0835732	
0.170951	0.542068	0.0842039	-0.00311872	-0.0418543	0.0379289	0.0206999	0.116274	-0.00232017	0.0400336	-0.00943479	0.0972378	0.0641208	-0.0430312	0.0370861	0.17646	0.0600605	-0.0773244	-0.00555295	0.0351005	0.101296	
0.169115	0.535754	0.0736941	-0.00320103	-0.0447891	0.0397253	0.0345379	0.0898933	-0.00315608	0.0987228	-0.00965215	0.0851966	0.0902182	-0.04114	0.0324572	0.166328	0.0592522	-0.0658866	0.0346238	0.0975764	
0.181484	0.640755	0.0842419	-0.00261422	-0.0431715	0.0378798	0.0383761	0.154245	-0.00255717	0.0691458	-0.00997072	0.0821658	0.105103	-0.0408952	0.035478	0.160689	0.0527364	-0.0593965	0.113165	0.118562	
0.183894	0.578237	0.111799	-0.00201511	-0.040183	0.036939	0.031083	0.083673	0.00132471	0.0454725	-0.00943254	0.107226	0.0945098	-0.0410747	0.0565311	0.207324	0.078018	-0.082972	0.246258	0.102572	0.00702167	
0.187587	0.673586	0.0750437	-0.00257996	-0.0426785	0.0389912	0.0346183	0.125137	-0.0035764	0.109838	-0.00922237	0.0889817	0.108182	-0.0455436	0.0329544	0.161471	0.0607021	-0.0657527	0.213072	0.159804	-0.028048	0.0238981	
0.183311	0.581429	0.0788357	-0.00222335	-0.0399526	0.0361036	0.0381314	0.105025	-0.00558819	0.0741355	-0.0100939	0.118573	0.0644607	-0.0372567	0.0421076	0.179843	0.0512683	-0.0890902	0.301938	0.114485	
0.175134	0.646936	0.0559895	0.00395044	-0.0420642	0.0374645	0.0485692	0.0743933	-0.00183493	0.0971793	-0.00946384	0.106987	0.089558	-0.0402554	0.0796591	0.18766	0.0742082	-0.0810646	0.31816	0.105338	0.00981379	
0.197584	0.614786	0.097547	-0.00352178	-0.0417936	0.0405045	0.0302896	0.128037	0.00115252	0.0244368	-0.00957284	0.0946608	0.0683289	-0.0454948	0.0380578	0.185511	0.0533573	-0.0636743	0.289962	0.112357	0.0477561	
0.179209	0.527959	0.0824991	-0.00524528	-0.0446369	0.0397054	0.0536284	0.114542	-0.00371249	0.0566212	-0.00933757	0.0964206	0.0839807	-0.0449185	0.0672438	0.175226	0.130187	-0.0655008	0.428152	0.194215	
0.178581	0.558046	0.0642997	-0.00453854	-0.0401783	0.036372	0.0266181	0.115301	-0.00524953	0.0693901	-0.00883855	0.112547	0.0850625	-0.033854	0.0591343	0.174163	0.124454	-0.0881777	0.362302	0.156627	
0.174521	0.620725	0.0715891	0.000102644	-0.0413461	0.0363759	0.0587608	0.100831	-0.00809592	0.0863635	-0.00953774	0.105369	0.0561939	0.10697	0.0880387	0.179404	-0.0762483	0	0.210493	0.131514	0	
0.170933	0.573368	0.0584445	-0.00521582	-0.0399968	0.0361845	0.0285049	0.0662133	-0.00470071	0.106688	-0.00968601	0.0803896	0.081492	0.101652	0.0616253	0.180359	-0.0558297	-0.000161027	0.190579	0.140414	-0.00189012	
0.201046	0.570329	0.0684632	-0.00260043	-0.0440752	0.0391289	0.0358301	0.155443	-0.00358749	0.0750881	-0.00853592	0.0834286	0.0658602	0.0783924	0.0882902	0.173074	-0.0585339	-0.000204643	0.100543	0.1129	0.00408871	-0.00175699	0	
0.183814	0.506298	0.0684602	-0.00106279	-0.040607	0.0367841	0.0377131	0.120078	-0.00411976	0.126194	-0.00931464	0.103577	0.060347	0.171847	0.0775294	0.165971	-0.0802841	0.000398783	0.11081	0.113012	0.0113237	
0.181061	0.510281	0.0621363	-0.00247489	-0.0428674	0.0388218	0.0731867	0.0917932	0.000510144	0.0846206	-0.00961223	0.0878692	0.0924503	0.0703524	0.0619729	0.181096	-0.0647013	0.000127182	0.245664	0.178313	-0.0237241	-0.000715266	0.00105457	
0.189736	0.490363	0.0665275	0.00256554	-0.038502	0.0356166	0.0366909	0.0611625	-0.012405	0.244642	-0.00995808	0.0698708	0.0594539	0.12211	0.0774157	0.182173	-0.0431874	0.000818658	0.27	0.0802748	-0.011633	-0.00174174	-0.397678	
0.169178	0.535664	0.0690099	-0.00308352	-0.0435816	0.0382617	0.0951309	0.231051	-0.0134488	0.171962	-0.00955809	0.092676	0.08242	0.154645	0.0750333	0.161213	-0.0649816	0.000514904	0.191258	0.128103	0.0128198	-0.00140285	0.00352777	
0.175734	0.542953	0.0497952	-0.00392717	-0.0429265	0.0381348	0.0924266	0.0601811	-0.00561158	0.16743	-0.0085607	0.0931126	0.0654803	0.134858	0.0380132	0.167279	-0.0630771	-0.000405856	0.200132	0.100979	0.0157903	-0.000142869	0.00563404	
0.160951	0.545159	0.0628598	-0.00224822	-0.0419262	0.0381344	0.0761129	0.137034	-0.00672031	0.137331	-0.00854483	0.100551	0.108388	0.182319	0.0607236	0.154721	-0.0690308	-0.00040623	0.136757	0.0958276	0.0109786	0.00452848	
0.207326	0.545061	0.0814469	-0.00261122	-0.0421874	0.0363716	0.0680325	0.0826218	-0.0109445	0.0748198	-0.00954248	0.0962099	0.0859802	0.0798903	0.0694132	0.153987	-0.0711113	0.000247544	0.112972	0.102289	0.0248516	
0.16236	0.529861	0.0633827	-0.00229602	-0.044124	0.0389687	0.0258231	0.0941576	-0.00418424	0.137785	-0.00971153	0.0922518	0.091199	0.0501241	0.0335607	0.159888	-0.0725584	-1.61646e-05	0.263272	0.104942	-0.00737238	0	
0.173426	0.685037	0.0849113	-0.00143937	-0.0417333	0.0367069	0.0494978	0.211881	-0.00617562	0.126267	-0.00951142	0.0674745	0.0730695	0.0884746	0.0359428	0.156711	-0.0447617	9.08411e-05	0.20808	0.125331	0.0253543	-0.00448635	
0.169457	0.594695	0.0590208	-0.00531743	-0.046652	0.0406759	0.0466166	0.158427	-0.00254593	0.0805923	-0.00868142	0.0955061	0.0682849	0.156674	0.0674054	0.159146	-0.0584691	9.08411e-05	0.136113	0.169202	0.00834721	
0.168894	0.555916	0.0527553	-0.00197642	-0.0419723	0.0381847	0.0347889	0.138471	-0.00377607	0.0987457	-0.0078625	0.0949146	0.056212	0.103042	0.0416834	0.169014	-0.064053	0.00062343	0.255407	0.173663	-0.00148503	
0.168894	0.616316	0.0604373	-0.00514578	-0.0444107	0.0375448	0.0671006	0.17936	-0.0109672	0.197758	-0.00770145	0.101197	0.102244	0.0553232	0.0402042	0.170719	-0.0669746	-1.65024e-05	0.27142	0.138319	-0.00930953	
0.160206	0.592581	0.0791715	-0.0025239	-0.0445393	0.0412182	0.0779101	0.156629	-0.00502701	0.231422	-0.00832049	0.109591	0.13659	0.0749719	0.0231562	0.165836	-0.0809894	0.000830143	0.134101	0.105459	0.0209263	0.00552925	
0.172906	0.53797	0.0706647	-0.00497585	-0.0456151	0.0403783	0.0288329	0.121741	-0.00421103	0.13461	-0.00758616	0.110874	0.101032	0.0449067	0.027941	0.165836	-0.0825598	-9.77385e-06	0.0696066	0.149848	0.0146733	-0.00621595	-0.00118826	
0.174206	0.504132	0.050687	-0.00467394	-0.0441881	0.0390702	0.0811775	0.123096	-0.00487892	0.0582894	-0.00770526	0.0653397	0.056936	0.0796778	0.032757	0.157564	-0.0318664	-0.000446595	0.209821	0.170497	0.0054846	0.0130883	
0.167061	0.549686	0.0691321	-0.004797	-0.0444378	0.0392402	0.0699212	0.212063	-0.00117327	0.0805297	-0.00808911	0.103708	0.0478259	0.113428	0.0202791	0.164973	-0.0763687	0.00017133	0.0599308	0.168049	0.0180903	-0.00479871	
0.166921	0.65225	0.0836668	-0.00480802	-0.0446983	0.039733	0.042003	0.0590635	-0.00688789	0.0377876	-0.00716403	0.0704514	0.0829512	0.0665605	0.0337009	0.151846	-0.0393986	0.000824761	0.184839	0.138835	0.00518223	-0.0054582	0	0	
0.181882	0.603834	0.0761339	-0.0046262	-0.0438498	0.0398523	0.0423178	0.0532351	-0.00320276	0.036361	-0.00854593	0.0892401	0.128835	0.0642434	0.0431841	0.151846	-0.0638576	0.000944022	0.181891	0.130892	0.0431999	-0.00896429	
0.170314	0.560638	0.0403692	-0.00152014	-0.0442543	0.0404648	0.0216758	0.0707348	-0.00287541	0.105374	-0.00736588	0.0689527	0.0650374	0.0507975	0.0368463	0.151846	-0.0416836	0.00155661	0.244355	0.133343	0.0196965	-0.00688149	
0.170314	0.614604	0.0573709	-0.00429267	-0.0442244	0.0385072	0.0307192	0.082682	0.000821473	0.0846235	-0.007852	0.090204	0.102709	0.0633435	0.0516528	0.132377	-0.0614678	-0.00079179	0.0534144	0.175614	0.0563431	0	
0.15566	0.536315	0.0857805	-0.00216671	-0.0446569	0.0401399	0.025234	0.0473546	-0.00333649	0.078729	-0.00620872	0.0898553	0.104305	0.0809763	0.0384191	0.172974	-0.0612118	0.0011897	0.0807701	0.0857518	0.0153972	
0.170162	0.604003	0.0632992	-0.00432099	-0.0456464	0.0401399	0.0441414	0.0745061	-0.00323213	0.088079	-0.00693999	0.0970961	0.106257	0.0798786	0.0377038	0.16116	-0.0694386	0.00106649	0.126051	0.101558	0.00909079	-4.5144e-05	
0.161222	0.545863	0.0568997	-0.00345165	-0.042251	0.0387844	0.0636056	0.148944	-0.0118695	0.139418	-0.00705774	0.0948406	0.0753434	0.120815	0.0235236	0.170403	-0.0671243	0.00130413	0.0572808	0.106434	-0.000390309	
0.174447	0.565922	0.0478363	-0.0035549	-0.0421497	0.0372397	0.0298109	0.143203	-0.0150684	0.127982	-0.00673749	0.106953	0.102934	0.0584234	0.0305346	0.14586	-0.0831157	0.00124492	0.0242553	0.129315	0.0303639	0	
0.179975	0.597284	0.0439438	-0.00104222	-0.0411911	0.0369531	0.0427048	0.178274	-0.0062021	0.0527103	-0.00727356	0.0835824	0.0855055	0.0542881	0.0454505	0.161064	-0.0569816	0.00156369	0.0343218	0.189977	-0.00037397	0.218444	
0.163408	0.490446	0.0537067	-0.00411061	-0.0436632	0.0392972	0.0310336	0.13202	-0.00598649	0.0903222	-0.00913953	0.0995802	0.0610074	0.0401931	0.064494	0.147308	-0.0737748	0.00134808	0.0660781	0.154482	0.021566	0	
0.176701	0.516862	0.0507923	-0.000605148	-0.0442475	0.0394245	0.033602	0.161452	-0.00484023	0.00062788	-0.00676871	0.124284	0.0818466	0.0236773	0.0541859	0.169496	-0.0979911	0.161231	0.153234	0.00572598	
0.168164	0.526705	0.0481642	-0.000355175	-0.0438199	0.0396484	0.022028	0.195424	-0.00927371	0.00128042	-0.00590017	0.093514	0.0724521	0.0342811	0.0377577	0.161747	-0.0668598	0.0134892	0.0961993	0.130695	-0.00266369	-0.000613298	0.0101004	
0.176453	0.493177	0.0485382	-0.00432925	-0.0426447	0.0369181	0.0293463	0.119352	-0.00432568	-0.00017385	-0.00686929	0.109013	0.0857855	0.159845	0.0525343	-0.0856606	-0.000918582	0.0943264	
0.154832	0.509234	0.037173	-0.000374833	-0.0438533	0.0373749	0.0611287	0.155309	-0.00166498	-0.000593834	-0.00797752	0.0929555	0.071536	0.0429941	-0.00184217	-0.0656225	0.00509856	0.159845	0.104473	
0.155042	0.63242	-0.0136472	-0.00330242	-0.0439126	0.0371341	0.0496689	0.0359265	-0.00699466	-0.000585561	-0.00438714	0.0955628	0.0593866	0.0943489	-0.0722215	0.042044	0.162508	0.176634	
0.154145	0.657184	-0.0112662	-0.00384497	-0.0441862	0.0390133	0.0476169	0.347224	-0.00438824	0.00114496	-0.00581315	0.0842915	0.0821154	0.0657019	-0.0639519	0.0171393	-0.0378684	0.0652428	0.161345	0.17258	
0.154145	0.470921	-0.010589	-0.00198794	-0.0438785	0.0391584	0.0646738	0.267411	-0.0113358	0.00129	-0.00640643	0.115919	0.0814283	0.070827	-0.0877913	-0.0466831	0.0370315	0.00685941	0.162797	0.159156	
0.159275	0.515889	-0.00409401	-0.00159188	-0.0447525	0.0385917	0.0343269	0.111596	-0.00445018	0.00053344	-0.00688455	0.102136	0.0700401	0.053331	-0.0764534	0.0319344	0	0.156475	0.10129	
0.155267	0.6438	-0.00296683	-0.00151799	-0.046384	0.0405509	0.0277337	0.181947	-0.00555895	0.000985263	-0.0069316	0.0887507	0.0734539	0.0656094	-0.0623553	0.0523608	0.119254	0.157416	
0.156741	0.586884	-0.026544	-0.00385216	-0.0438933	0.0378663	0.0468794	0.22659	-0.0116034	0.000501879	-0.00735493	0.111132	0.0768569	0.0518109	-0.0737227	0.0542038	0.12899	0.173002	
0.144015	0.622077	0.0157938	-0.00256957	-0.0427608	0.0385573	0.0223899	0.0693682	-0.0206231	0.00119289	-0.00568207	0.0814552	0.068007	0.0714587	-0.0501724	0.0688974	0.127343	0.154415	0.0225718	
0.173119	0.57334	0.0448018	-0.00334047	-0.0452464	0.0390273	0.0482737	0.111221	-0.0075583	0.000401391	-0.00727038	0.0789838	0.0844107	0.086243	-0.047083	0.0553535	0.195699	0.137974	0	
0.173858	0.519237	-0.0255654	-0.00271572	-0.0437185	0.0385211	0.0410834	0.0929226	-0.0100684	0.00064407	-0.00648806	0.0786121	0.0634435	0.0874029	-0.0521632	0.0713609	0.13416	0.182122	0.00253077	0	
0.184588	0.523785	0.0254053	-0.000448236	-0.0447834	0.03802	0.0268454	0.0893539	-0.021595	0.000236841	-0.00618384	0.103297	0.0890651	0.0641893	-0.0796251	0.0606716	0.157945	0.149031	
0.157441	0.476941	-0.00375845	-0.00163472	-0.0438264	0.0374429	0.0143298	0.116924	-0.0107251	-2.5933e-05	-0.00742243	0.115309	0.0898505	0.0650885	-0.0891393	0.050516	0.201673	0.15406	-0.0044654	
0.183013	0.560887	0.024769	-0.00453762	-0.0449638	0.0389105	0.0182993	0.294219	-0.0136341	-2.5933e-05	-0.00833276	0.094782	0.0740466	0.0548271	-0.0630084	0.0584536	0.129967	0.143059	0.0375256	0.0054602	
0.169707	0.584353	0.00670077	0.000838386	-0.0458587	0.0396791	0.0244294	0.142601	-0.007876	0.000390745	-0.000553755	0.100872	0.10638	0.0522859	-0.0688699	0.0783814	0.0632246	0.155097	0.00958166	0	
0.158594	0.544376	-0.00765153	-0.00355603	-0.0426512	0.037588	0.0287744	0.148052	-0.0104085	0.000522263	-0.00640421	0.106372	0.112165	0.0662651	-0.0777605	0.0528947	0.109845	0.172261	
0.170385	0.534447	0.0116598	-0.00230857	-0.0437697	0.0383598	0.0328178	0.0814023	-0.00752263	0.000242593	-0.0058762	0.087713	0.0868294	0.0552365	-0.0581556	0.0431503	0.113603	0.160819	-0.00196533	0.00899462	
0.152444	0.504399	-0.0353059	-0.00292715	-0.0441897	0.0409562	0.0437688	0.0944363	-0.00903626	0.00102683	-0.00675761	0.0828384	0.0728048	0.0624778	-0.0559058	0.0701555	0.142307	0.170743	
0.158168	0.566157	0.0111758	-0.00249923	-0.0420956	0.0374978	0.0208502	0.237923	-0.0133939	0.000684953	-0.00609095	0.10842	0.0971666	0.0526336	-0.0782612	0.0664506	0.0869417	0.152617	
0.160913	0.450539	0.0123213	-0.0021697	-0.0404784	0.0375723	0.0201078	0.132996	-0.0237429	0.000759431	-0.00808365	0.0958804	0.0805447	0.0970752	-0.0642628	0.0681463	0.109093	0.160076	
0.14315	0.547297	0.00370458	-0.00352547	-0.0419883	0.0375505	0.0247936	0.0608008	-0.0145698	0.000737584	-0.00551055	0.0962005	0.0699114	0.0878168	-0.0672657	0.0520341	0.119541	0.163074	-0.00405123	
0.164811	0.541391	0.00502882	-0.00242416	-0.0449419	0.0394055	0.0283515	0.0678757	-0.00532645	0.000889864	-0.00755238	0.0902099	0.0861788	0.0778086	-0.0611244	0.0442172	0.118576	0.143335	
0.164811	0.460918	-0.000536565	-0.00493718	-0.0439815	0.0390089	0.0195566	0.103176	-0.00651702	0.000739868	-0.00618635	0.0939145	0.0907437	0.0575621	-0.0638647	0.0466589	0.116045	0.151847	0.00168015	
0.164811	0.601888	-0.0347432	-0.00329047	-0.0453642	0.0379853	0.0214966	0.152689	-0.00916775	-0.000267738	-0.00697184	0.0892424	0.065703	0.0574307	-0.0647846	0.0530203	0.126803	0.183232	-0.00325649	0.0240785	0	
0.14738	0.602117	0.0123337	-0.00431095	-0.0435599	0.0376825	0.0248208	0.0745785	-0.00575085	3.69787e-05	-0.00775205	0.0798857	0.0458251	0.0657173	-0.0569154	0.0491836	0.13167	0.164041	0.00506791	0	
0.147608	0.611993	0.00934117	-0.00264009	-0.0402192	0.0381543	0.0502761	0.133814	-0.00560094	0.000736672	-0.00795071	0.0747877	0.0613443	0.0638896	-0.0540675	0.0526141	0.128867	0.182079	0	
0.147608	0.595165	0.0133938	-0.00315071	-0.0442137	0.038065	0.0212025	0.0774828	-0.0051823	0.000647406	-0.00700163	0.0916163	0.0509642	0.0526641	-0.0641325	0.0436387	0.0924277	0.182079	-0.0105883	0.00914083	
0.165424	0.624669	-0.0103219	-0.00482966	-0.0429081	0.038345	0.0430887	0.115732	-0.0128529	0.00092743	-0.00681313	0.0830839	0.0770171	0.0481714	-0.048969	0.0466476	0.118502	0.181398	0	-0.000606296	
0.168973	0.612581	-0.0157852	-0.00531965	-0.0428781	0.036616	0.029911	0.112326	-0.00839285	-0.000801565	-0.00799371	0.0951718	0.064108	0.0455231	-0.0665385	0.0529619	0.0799258	0.186862	
0.169955	0.595004	-0.0183545	-0.00218418	-0.0418482	0.0367238	0.03135	0.0673359	-0.024788	0.000288574	-0.00701689	0.0779187	0.0737158	0.053512	-0.0513212	0.0576387	0.101777	0.188728	0	
0.146963	0.520801	-0.015482	-0.00409845	-0.0451267	0.0403307	0.0229957	0.182296	-0.00805506	0.000622223	-0.00507332	0.0997135	0.06245	0.0549325	-0.0707938	0.0522316	0.0863178	0.185856	
0.140297	0.583079	0.00729833	-0.0056963	-0.0469154	0.0412705	0.0275136	0.162912	-0.00654305	0.000622223	-0.0069364	0.0865741	0.0881469	0.0444363	-0.0657366	0.0522316	0.0570008	0.187555	
0.161539	0.62082	0.0015868	-0.00243479	-0.0394463	0.0355329	0.0669222	0.0827014	-0.00604717	0.000638362	-0.00767952	0.0482842	0.0725587	0.0659063	-0.0239143	0.0869982	0.0963347	0.174698	0	
0.151609	0.609615	0.00611725	-0.00452158	-0.0429952	0.0395205	0.0347452	0.0571214	-0.00911335	0.00144612	-0.00738343	0.0724755	0.097929	0.0359471	-0.0471797	0.0517716	0.0615879	0.16783	0.0222317	
0.149698	0.640483	-0.0179149	-0.00654625	-0.0431336	0.0370818	0.027125	0.0662333	-0.00605091	-9.64638e-05	-0.00592911	0.08296	0.0927771	0.0499036	-0.0598659	0.0802745	0.0843364	0.207171	-0.00461476	-0.0694585	-0.0400546	-0.0022406	
0.162305	0.638313	0.0043057	-0.00523184	-0.0445934	0.0398339	0.0439828	0.264759	-0.00459961	0.000538597	-0.0086307	0.0752398	0.0782052	0.0704711	-0.0465696	0.0506272	0.0808399	0.17871	
0.159164	0.643103	-0.0197159	-0.00390048	-0.0407575	0.0360481	0.024797	0.174089	-0.00591517	0.00137833	-0.00864001	0.115363	0.0852119	0.0889309	-0.0882436	0.0595124	0.198162	0.180444	
0.163641	0.62972	0.00680889	-0.00604986	-0.044132	0.0402247	0.0420862	0.106368	-0.0042946	0.000615167	-0.00740569	0.0883654	0.0815113	0.0448467	-0.0685581	0.0442685	0.132188	0.170581	
0.162731	0.665499	0.00160694	-0.00546647	-0.0450189	0.039961	0.0211942	0.117258	-0.00824628	0.00035143	-0.0076697	0.0781099	0.0865058	0.0723048	-0.0479561	0.049146	0.0754561	0.166347	
0.176541	0.601556	-0.02871	-0.00563064	-0.0400189	0.0348849	0.0625096	0.0999991	-0.00504292	0.000253946	-0.00832883	0.0728852	0.065753	0.0407274	-0.0372919	0.0416721	0.166658	0.196785	0.000118889	
0.150084	0.622136	0.00054342	-0.00339863	-0.0452024	0.0403388	0.0663732	0.103859	-0.0035556	0.000858076	-0.00721585	0.0917057	0.0569119	0.0717712	-0.0667986	0.0655062	0.186004	0.166867	0.0143689	
0.152073	0.612853	0.00148945	-0.00577002	-0.0458651	0.0399316	0.0440347	0.121221	-0.0107635	0.0014362	-0.0084087	0.0872836	0.0677892	0.0538015	-0.0584138	0.0533789	0.114429	0.165882	0.0390963	-0.00510327	
0.166785	0.670516	-0.0226672	-0.00516467	-0.0468236	0.0394772	0.0289676	0.165772	7.85929e-05	0.000449139	-0.00763951	0.0742635	0.0668341	0.0687768	-0.0493638	0.040369	0.112625	0.170153	
0.171847	0.577545	-0.0202889	-0.00517939	-0.0413199	0.0380521	0.0410963	0.16834	-0.0112754	0.00089755	-0.00749354	0.0767737	0.0529937	0.0406981	-0.0501798	0.0473141	0.151763	0.158007	-0.00922806	
0.182878	0.549312	-0.00524184	-0.00556525	-0.0427575	0.0379002	0.0176352	0.172787	-0.00732487	0.000298753	-0.00654039	0.107621	0.0554327	0.0460991	-0.0766115	0.0457614	0.0955746	0.158785	0	
0.184052	0.56345	0.025888	-0.00309263	-0.0425817	0.0379094	0.0237794	0.133913	-0.00623174	0.000365962	-0.00712653	0.0934159	0.0687367	0.0693518	-0.061286	0.0428819	0.103656	0.146911	
0.184052	0.576988	0.0129626	-0.0052499	-0.0438918	0.0378483	0.0391062	0.100548	-0.00586193	0.000220751	-0.00603409	0.0720818	0.0602985	0.0367979	-0.0428497	0.0487808	0.113698	0.146995	0	0	
0.195135	0.585849	-0.0734109	-0.00558204	-0.0462881	0.0395117	0.0903621	0.223659	-0.00427051	-6.91866e-06	-0.00794352	0.0988143	0.0971748	0.068589	-0.0664933	0.0338449	0.179912	0.245035	-0.00290105	-0.00790545	-0.101307	0.00106628	
0.175751	0.629812	0.184962	-0.00465195	-0.0454807	0.0392034	-0.0412339	-0.00173855	0.100019	-0.00031518	-0.00645958	0.087451	0.0643936	0.0438822	-0.058052	0.0604743	0.0880818	0.0931784	-0.000873256	
0	0.646583	0.173723	-0.00412059	-0.0465006	0.0395023	-0.0380377	-0.00044521	0.182114	0.00015203	-0.00774307	0.0940038	0.0716056	0.0462574	0.0710827	-0.0629461	0.0421158	0.183566	
0.633893	0.00235945	0.160317	-0.00333901	-0.0500306	0.0437591	-0.00562472	-0.00226615	0.103254	0.000248571	-0.00639845	0.0798165	0.0513417	0.0587246	0.0776317	-0.0581627	0.0453314	0.177595	-0.00109186	0.0103092	-0.0375776	
0.679425	0.155737	-0.00439901	-0.0439031	0.0378099	-0.00325437	-0.00571862	0.220301	-0.000530323	-0.00631134	0.101768	0.0500467	0.0759859	0.077351	-0.0802897	0.045582	0.199812	-0.0212276	
0.690423	0.170954	-0.00267758	-0.0459318	0.0409096	-0.0180982	-0.00277972	0.107844	0.000238997	-0.0070917	0.096035	0.0655707	0.052877	0.114777	-0.0638432	0.0366566	0.188238	
0.593506	0.181035	-0.000653364	0.168113	-0.0446137	0.0379897	-0.0234587	-0.00373545	0.133698	0.000255603	-0.00571564	0.0976989	0.0596336	0.0292561	0.106594	-0.0653265	0.04025	
0.574431	0.19254	-0.00294234	0.153994	-0.046433	0.0403702	-0.0294943	-0.00380204	0.103092	0.000411158	-0.00474239	0.110024	0.0553184	0.0428942	0.0737984	-0.0791809	0.0298724	-0.0573229	
0.588825	0.183531	-0.00630752	0.15091	-0.0457472	0.0374103	-0.0236475	-0.000195751	0.0902493	-0.000894698	-0.00621648	0.0902622	0.0745459	0.0426569	0.0760183	-0.0721957	0.0569912	-0.000272183	
0.605328	0.192437	-0.00407471	0.157012	-0.0449747	0.0387968	-0.0324492	-0.00406141	0.0493969	0.000513665	-0.00551516	0.0801983	0.11598	0.0401193	0.0842246	-0.060269	0.0377998	
0.655805	0.193409	-0.00408241	0.168646	-0.0410668	0.0360742	-0.0337111	-0.00477505	0.0340211	-0.00545733	0.0809694	0.0555498	0.031754	0.126262	-0.0536259	1.43148e-05	0.0117464	0.0404081	
0.616068	0.155578	-0.00485944	0.161614	-0.0470215	0.0421185	-0.00368538	-0.00255276	0.0841597	-0.00538781	0.0809694	0.0742547	0.0455208	0.219788	-0.0515949	0.00079277	0.027494	0.0410194	0.164814	
0.599798	0.168485	-0.00452096	0.162566	-0.0432376	0.00198446	-0.015643	-0.00710806	0.131831	-0.0047931	0.0829666	0.06356	0.0519881	0.192377	-0.0617659	0.000456236	0.0346311	0.0467166	-0.0131079	0.000644332	
0.599358	0.168367	-0.0031194	0.160053	-0.0442236	0.00356782	-0.0293569	-0.0102169	0.0797134	-0.00610012	0.0755161	0.0799771	0.0287008	0.179782	-0.0457031	0.000515769	0.0356208	0.0435416	-0.321518	-0.0401768	
0.650372	0.143007	-0.00301008	0.162737	-0.0457248	-0.0293051	0.00557227	-0.011603	0.105163	-0.00642463	0.086949	0.112006	0.0323339	0.132452	-0.051692	0.000846726	0.0686627	0.0324196	
0.569333	0.155733	-0.00347782	0.158896	-0.0466751	0.00605328	0.0145558	-0.0107123	0.091887	-0.00626945	0.101959	0.0865532	0.0514013	0.169077	-0.0760991	0.000847833	0.0349481	0.0534852	
0.643719	0.170483	-0.00183341	0.161615	-0.0439778	-0.0376629	-0.0047807	-0.0169739	0.316707	-0.00579596	0.0806396	0.106339	0.0411541	0.110416	-0.0474737	0.000344556	0.0759446	0.0496109	-0.0188547	
0.650843	0.158031	-0.00347332	0.153295	-0.0473766	0.0211656	0.0272108	-0.0118258	0.166083	-0.00503289	0.073516	0.104526	0.0362844	0.13357	-0.038806	0.000321634	0.0197637	0.0402497	
0.633983	0.157487	-0.00380839	0.157797	-0.045722	0.0120485	0.0253011	-0.00840784	0.156858	-0.00799067	0.0795834	0.11042	0.0436872	0.127321	-0.0469104	0.00176346	0.0297791	0.0432918	-0.0660601	-0.00332921	
0.641041	0.164282	-0.00390501	0.15993	-0.0454368	0.070413	0.101577	-0.00988264	0.0793271	-0.00836805	0.0373469	0.0799087	0.0188319	-0.0597494	0.143652	-0.0474354	0.0014382	0.0443129	-0.00463509	
0.640526	0.161437	-0.00156385	0.163709	-0.0484582	0.114519	0.0479963	-0.00883815	0.110326	-0.00737178	0.0342656	0.0903216	-0.00151282	-0.00543221	0.136269	-0.0635209	0.0013405	0.0641411	0	-0.06213	-0.550307	
0.586113	0.165469	-0.00355408	0.159139	-0.0415955	0.0878327	0.0709932	-0.00556973	0.069291	-0.00733904	0.0239293	0.0849342	-0.019431	-0.0340365	0.132575	-0.0581517	0.00135869	0.0460026	0.00745556	0.0412054	
0.5308	0.171132	-0.00349624	0.139641	-0.0441387	0.0922943	0.0566485	-0.00917678	0.0919105	-0.00794495	0.0495966	0.0827338	-0.0218694	-0.017949	0.122752	-0.057639	0.000838842	0.0587393	0.0124344	0.0351572	
0.514908	0.173342	-0.00232689	0.138334	-0.0442918	0.0747891	0.106984	-0.0110324	0.15869	-0.00816648	0.0572	0.0982835	0.00768131	-0.0682848	0.0675628	-0.0774186	0.00118109	0.0588167	
0.518953	0.171103	-0.00112434	0.149254	-0.0447933	0.105175	0.0408608	-0.00957487	0.204171	-0.0085536	0.0691382	0.076911	0.0185881	-0.000892078	0.0953748	-0.0437492	0.00231477	0.0559073	
0.535652	0.185307	-0.00316325	0.140718	-0.0449151	0.0913074	0.0709401	-0.0125025	0.201417	-0.00748192	0.0299713	0.113555	-0.0154083	-0.0317031	0.100245	-0.0888786	0.00131582	0.0609632	-0.00586003	
0.557002	0.185307	-0.00282046	0.162646	-0.0429216	0.0715503	0.0472158	-0.00607002	0.12236	-0.00748192	0.0957063	0.0890249	-0.0154083	-0.00860003	0.122476	-0.0645755	0.000694544	0.046155	0.00105189	
0.651572	0.174357	-0.00233322	0.163253	-0.0434395	0.075081	0.0702021	-0.00951206	0.0596279	-0.0064599	0.0452646	0.107376	-0.0060285	-0.0315526	0.0919896	-0.0792359	0.000921738	0.0529519	
0.55444	0.174623	-0.00134003	0.163333	-0.0429501	0.0671453	0.0895717	-0.0164536	0.140035	-0.00709024	0.0552024	0.0854622	-0.0357714	-0.0515734	0.121189	-0.0530977	7.74998e-05	0.0616527	-0.00292974	
0.563012	0.173884	0.000700416	0.155573	-0.0398761	0.0609474	0.0607963	-0.0078716	0.0763376	-0.00575566	0.0289653	0.0996892	-0.0350329	-0.0250623	0.0862472	-0.0721699	0.000745471	0.0667133	
0.587364	0.173884	-0.00183267	0.175101	-0.0438075	0.104235	0.0541245	-0.0144001	0.204464	-0.00811819	0.0316138	0.0820409	-0.0292014	-0.014409	0.131837	-0.0580025	0.00125446	0.0572006	-0.0969269	0.00194028	
0.603937	0.175002	-0.00237883	0.163377	-0.0431933	0.0863091	0.0733535	-0.00636982	0.119798	-0.00470982	0.034189	0.0671365	-0.00542587	-0.0340829	0.127623	-0.0432861	0.00125446	0.0504813	0.00394358	
0.550257	0.184913	-0.00298151	0.164531	-0.0419886	0.098565	0.0872538	-0.00518097	0.0899699	-0.00650486	0.0374167	0.103588	-0.015337	-0.0491374	0.0689265	-0.068926	0.00125446	0.0889015	-0.000177404	
0.540965	0.173204	-0.00240536	0.158844	-0.0428416	0.0741448	0.0780454	-0.00157044	0.151114	-0.00331864	0.0235232	0.112896	-0.0125714	-0.039929	0.0926282	-0.0895563	0.00123788	0.0903761	-0.000245229	
0.597582	0.154758	-0.00113144	0.166199	-0.0393424	0.066102	0.047567	-0.00437464	0.150683	-0.00551813	0.0338423	0.0889854	0.00435057	-0.0105101	0.100069	-0.0504512	0.000555892	0.084264	-0.00269439	
0.484732	0.203777	-0.00255216	0.16708	-0.0402064	0.0593853	0.0674746	-0.00623032	0.0423607	-0.00473842	0.0345144	0.14333	-0.0443664	-0.0298979	0.0823378	-0.120673	0.000978914	0.0834705	-0.0012301	
0.579475	0.175824	-0.00311952	0.168243	-0.042909	0.0425559	0.0548729	-0.00500716	0.0957597	-0.00688347	0.0322658	0.105711	-0.00966109	-0.0173325	0.160267	-0.0859628	0.00125539	0.0658164	-0.000295596	-9.62462e-05	
0.522638	0.1899	-0.00410502	0.168243	-0.0401092	0.0859797	0.0570271	-0.00208278	0.09206	-0.00645846	0.0519061	0.083878	-0.0142398	-0.0194866	0.12003	-0.053217	0.000832606	0.0696936	-0.00173669	
0.50879	0.189769	-0.00277814	0.161394	-0.0421464	0.0583502	0.0831115	-0.00260941	0.0805548	-0.00499594	0.0500288	0.10532	-0.0374988	-0.0459019	0.179914	-0.08303	0.000633371	0.0710074	0.00875124	-0.00295518	
0.494363	0.164437	-0.00219791	0.164569	-0.0425371	0.0604391	0.0318582	-0.00622725	0.128432	-0.00577413	0.0401011	0.0879493	0.0106232	0.00600361	0.0913194	-0.0548889	0.000633371	0.0695492	-0.00102244	0.0175212	-0.000859552	-0.0060971	
0.558929	0.190545	0.000164058	0.183007	-0.0427461	0.0612117	0.059008	-0.0102256	0.161416	-0.00741067	0.0293632	0.098627	-0.0263398	-0.0203814	0.119359	-0.0654701	0.00139813	0.0726357	0.00299319	
0.544266	0.180191	-0.0018387	0.16612	-0.0413105	0.0611636	0.129976	-0.00583373	0.0973637	-0.00602021	0.0463486	0.113257	-0.0160103	-0.091888	0.117098	-0.0894247	0.000893235	0.0729767	-0.0018167	
0.550595	0.175087	-0.00107684	0.160405	-0.0411235	0.0844155	0.102072	-0.022741	0.169569	-0.0062625	0.0567578	0.0779275	-0.00186138	-0.0638096	0.0898712	-0.0486511	0.00125468	0.0825759	-0.00216555	
0.458328	0.179078	-0.000787586	0.160405	-0.0405852	0.0937781	0.131009	-0.00757535	0.125951	-0.008094	0.0470096	0.0751374	-0.00585267	-0.092746	0.104729	-0.0436536	0.00125468	0.0609451	0.00205477	-0.0029932	
0.516328	0.164235	0.002177	0.16676	-0.0418563	0.0693765	0.131611	-0.00991755	0.0828903	-0.00735804	0.0735376	0.0759083	0.0120853	-0.0938275	0.129976	-0.0439454	0.000852295	0.0759429	0.00470241	
0.50183	0.180142	-0.00169054	0.1654	-0.0438928	0.0591789	0.0941191	-0.00613205	0.193727	-0.00865782	0.0592861	0.116952	-0.0179936	-0.0557204	0.132818	-0.085185	0.000720957	0.0762265	0.00635558	
0.560415	0.201747	-0.000643555	0.156237	-0.0409939	0.0471834	0.0836624	-0.00276848	0.185673	-0.00923207	0.0749228	0.0839604	-0.0390234	-0.0444235	0.106819	-0.049802	0.00040821	0.0670138	8.9734e-05	0	
0.556139	0.205707	-0.0023079	0.157514	-0.0405447	0.0962176	0.0643614	-0.00859128	0.15848	-0.00764611	0.0566121	0.0884719	-0.0603388	-0.0254223	0.100783	-0.0496486	0.00115024	0.0529159	0.00146988	
0.602346	0.175797	-0.00262197	0.156528	-0.0422886	0.073749	0.136263	-0.00625812	0.164255	-0.00807812	0.0723216	0.101179	-0.0290137	-0.09632	0.0895859	-0.074992	0.00179115	0.0612412	0.00217125	
0.539978	0.19281	-0.00576283	0.156528	-0.0407993	0.0616383	0.0702469	-0.00384941	0.120014	-0.00782014	0.0376333	0.0975751	-0.011709	-0.0313946	0.124988	-0.0625377	0.000700445	0.0517926	-0.00140597	-0.00371378	-0.08747	0	
0.571295	0.185881	-0.00513799	0.155832	-0.0416236	0.0633419	0.0625845	-0.00162859	0.156934	-0.00692897	0.0625954	0.0860175	-0.00771936	-0.0255502	0.151412	-0.0525583	2.85348e-05	0.0463867	-0.00200612	0.00613305	-0.0990026	
0.543928	0.15013	-0.00416518	0.157577	-0.0398972	0.114921	0.0410762	-0.0049738	0.17487	-0.00865783	0.04605	0.0984161	0.0278097	-0.00404189	0.171855	-0.0627631	0.00025038	0.0625057	-0.000104491	0.00701262	0.00737601	
0.56893	0.193708	-0.00538184	0.157887	-0.0398275	0.0850121	0.0911896	-0.00132993	0.140632	-0.00679082	0.063854	0.096008	-0.015768	-0.0540342	0.185909	-0.0609695	0.000681442	0.0507342	-0.00346762	0.0603889	
0.588871	0.188757	-0.0039103	0.167444	-0.0415834	0.0899516	0.113504	-0.00174862	0.0940885	-0.00738114	0.0499796	0.0963852	-0.00384177	-0.0754227	0.185223	-0.0696799	0.00102338	0.0795692	-0.000422675	0	
0.50489	0.187977	-0.00631629	0.167343	-0.039159	0.0527746	0.0928501	-0.00254796	0.121874	-0.00874285	0.0673588	0.102826	-0.00342478	-0.056264	0.160704	-0.0788054	0.00107529	0.0748609	-0.000846741	-0.0105757	
0.572764	0.172397	-0.00467411	0.169585	-0.0410835	0.0756996	0.0546142	-0.000791011	0.0768137	-0.00852168	0.0802909	0.101441	-0.0207785	-0.0174572	0.151882	-0.0714189	0.000862657	0.0699414	0.000234787	0	-0.0515583	
0.583828	0.180998	-0.00579567	0.189481	-0.0408384	0.103872	0.0602722	-0.000330063	0.0692151	-0.00753994	0.0527747	0.0935087	-0.0119708	-0.022886	0.121827	-0.0601753	0.000907698	0.0701705	-0.00311879	-0.299624	
0.51515	0.217044	0.00124249	0.193678	-0.0400078	0.0630925	0.0501223	-0.00385997	0.271134	-0.00864137	0.0445656	0.095123	-0.0305125	-0.0123662	0.148523	-0.0602977	0.00163647	0.054868	-0.000954004	-0.00432446	
0.558489	0.196677	-0.00340447	0.161079	-0.0419664	0.0683973	0.0780411	-0.00679919	0.0897125	-0.00737677	0.0396888	0.121971	-0.0162888	-0.0404763	0.0943569	-0.092501	0.00131417	0.0603441	-0.00307143	-8.54021e-06	
0.508285	0.172976	-0.00273819	0.145184	-0.0411592	0.0720765	0.0683894	-0.000403453	0.056514	-0.00701715	0.0764843	0.0952781	0.00741138	-0.0316271	0.113061	-0.0614649	0.000511688	0.065069	-0.000493563	0.00128988	0.015392	
0.55415	0.176245	-0.00143734	0.166861	-0.0405573	0.112685	0.039909	-0.00589847	0.157731	-0.0078458	0.0418138	0.0848025	-0.0161423	-0.00272346	0.170462	-0.0580561	0.000934991	0.0629349	0.0037397	
0.538543	0.173724	-0.00302073	0.152266	-0.0463251	0.120177	0.0432249	-0.00230652	0.165277	-0.0082275	0.0849486	0.100409	0.025493	-0.00209587	0.183604	-0.0614832	0.000828803	0.07573	-0.00251116	0	
0.542999	0.176031	-0.00361129	0.152266	-0.0457274	0.103713	0.0799617	-0.00224947	0.116883	-0.00859048	0.0543126	0.104524	0.0160482	-0.0388327	0.120486	-0.0720806	0.0010051	0.0655618	0.00129335	0	-0.017101	0.00054356	
0.496443	0.196743	-0.00311521	0.166228	-0.0451474	0.122608	0.0475802	-0.00544772	0.277628	-0.00609886	0.064906	0.101262	-0.0135932	-0.00744599	0.139827	-0.0683338	0.000130394	0.0878556	-0.00068716	0.00223144	-0.00280171	
0.581377	0.184076	-0.00461456	0.166889	-0.0440193	0.0548853	0.0487608	-0.00470868	0.0959959	-0.00250006	0.0576112	0.0905825	-0.00292154	-0.00928732	0.154485	-0.0529798	0.000311264	0.057618	0.000901967	-0.00103477	0.0404048	-0.0925463	
0.447299	0.210955	-0.00266446	0.167854	-0.0403123	0.0856417	0.059661	-0.00297936	0.210203	-0.00441988	0.0634493	0.133893	-0.0338547	-0.021481	0.175127	-0.105209	0.000133395	0.0566766	0.00474962	0.00188182	0	
0.518485	0.181191	-0.00269182	0.166722	-0.0411012	0.0700909	0.0501247	-0.00397472	0.178964	-0.00521778	0.0862735	0.0840928	-0.0135274	-0.0106066	0.126736	-0.052676	0.00147145	0.0562249	-0.00108902	0.00232524	0.000414541	0.00427	
0.531482	0.173931	-0.00156979	0.151685	-0.0414257	0.103675	0.0476193	-0.00470037	0.13157	-0.00593938	0.0850109	0.102516	0.000148714	-0.00810119	0.13244	-0.0761955	0.00150133	0.0781324	-0.00200079	0.000434606	0.00117977	
0.527118	0.18529	-0.00418568	0.17326	-0.0412082	0.110917	0.0581269	-0.00140198	0.0435901	-0.00415232	0.097046	0.0928319	-0.016441	-0.0180914	0.0970497	-0.0586402	0.00150133	0.0493186	0.00343558	0.00458595	
0.532204	0.187591	-0.00603022	0.154634	-0.0457092	0.0934272	0.0333981	0.000345214	0.0866983	-0.00478761	0.0636371	0.107761	-0.00700474	0.00728998	0.106342	-0.0835684	0.000934657	0.0580141	0.00392119	-0.0340283	0.0762207	-0.00129211	0.000279054	
0.623871	0.187591	-0.00396951	0.155087	-0.0427367	0.095161	0.0381188	-0.000576114	0.0227829	-0.00383798	0.076742	0.0813838	-0.0102584	0.0021168	0.111179	-0.046602	0.000934657	0.0367457	0.000481801	-0.081307	-0.000742605	0.00656388	
0.582306	0.200452	-0.00307988	0.165394	-0.0421784	0.0571114	0.040292	0.00139049	0.0529518	-0.00352282	0.0446182	0.0923574	-0.0332976	-5.03911e-05	0.0933101	-0.0706473	0.00203775	0.0744567	0.000340502	-0.00108374	
0.565819	0.175478	-0.00426335	0.165679	-0.0415048	0.0899661	0.0356182	-0.000373335	0.132036	-0.00507961	0.101257	0.101228	-0.00806383	0.00371562	0.156306	-0.0778554	0.00115458	0.0401727	0.00272106	
0.497625	0.203622	-0.00480903	0.169324	-0.0365448	0.0879633	0.089312	-0.00471735	0.118359	-0.00554969	0.0509433	0.105589	0.00500743	-0.0535566	0.127267	-0.066797	0.000877022	0.0835872	0.00204107	
0.501975	0.229473	-0.0050832	0.163113	-0.0441175	0.0834845	0.0683619	-0.00662106	0.131369	-0.00810128	0.0375595	0.100867	-0.0626113	-0.0263962	0.1236	-0.0750934	0.00124908	0.0565489	0.00550692	0.0102697	
0.551592	0.213301	-0.00221443	0.166595	-0.0466885	0.0941568	0.0352997	-0.00292608	0.0826608	-0.00631972	0.027359	0.107978	-0.032411	0.00795598	0.0897498	-0.0667311	0.00183002	0.0492388	-0.00334051	
0.702958	0.180346	-0.00569295	0.165752	-0.0447197	0.072778	0.0635284	-0.00273895	0.173028	-0.00734831	0.0525169	0.094729	-0.0220183	-0.0239828	0.126405	-0.0630839	0.000942347	0.0787086	0.00273177	
0.644128	0.182587	-0.00362783	0.164601	-0.0453889	0.071652	0.076895	-0.00131692	0.120152	-0.00658358	0.0528831	0.0866726	-0.00224331	-0.0357838	0.0923855	-0.0604852	0.00147194	0.0656266	-0.000530943	-0.0421396	-0.000978828	
0.601749	0.188702	-0.00348649	0.177991	-0.0397646	0.0875472	0.0873794	-0.00181334	0.125871	-0.00709789	0.035516	0.0834494	-0.00290095	-0.0477247	0.145468	-0.0487953	0.00147194	0.0500484	0.00542594	-0.0355527	-0.000941179	
0.592451	0.166226	-0.00444409	0.177991	-0.0424385	0.108112	0.0582488	-0.00634397	0.093452	-0.00702865	0.0776496	0.0978216	0.032033	-0.0186878	0.120615	-0.0679917	0.00128756	0.042103	0.00159997	-0.0593099	
0.545332	0.206271	-0.00442617	0.164038	-0.0404546	0.0825005	0.0644697	-0.00068978	0.0762597	-0.00687832	0.0639445	0.087723	-0.0261035	-0.0249087	0.0855026	-0.0580584	0.00128756	0.0711793	0.00738775	-0.0110823	
0.598457	0.184121	0.00011555	0.161948	-0.0446457	0.131264	0.0814235	-0.0018616	0.107318	-0.00727503	0.057664	0.0957021	-0.0274818	-0.0391951	0.0586716	-0.0697299	0.00184969	0.0644428	0.00143292	-0.00120961	
0.560434	0.18665	-0.00276288	0.159952	-0.0440979	0.119709	0.0597195	0.000557803	0.133994	-0.00746107	0.0424939	0.113425	-0.0289326	-0.0179152	0.118368	-0.0815911	0.000996585	0.0624642	0.00134834	0.00735345	
0.554538	0.178993	-0.00388304	0.165016	-0.0438319	0.0905023	0.0503441	0.000579761	0.0681232	-0.00842167	0.0535246	0.116122	-0.0194274	-0.00856169	0.0849268	-0.0806702	0.000974627	0.101181	0.00474114	
0.66956	0.163481	-0.00431295	0.162908	-0.0371695	0.140351	0.0613781	-0.00306892	0.11209	-0.00777658	0.051524	0.0753644	0.00247023	-0.0241602	0.0994308	-0.032166	0.000738048	0.0681018	0.00110293	0.00281701	-0.00519957	
0.605638	0.170465	-0.0030994	0.161192	-0.0380997	0.111378	0.0647964	0.0021734	0.116921	-0.00780781	0.0393629	0.0823914	-0.00093171	-0.0249457	0.0954263	-0.0553653	0.00165454	0.04419	0.00154413	0.00182283	
0.603512	0.170465	-0.00272794	0.161192	-0.0423372	0.121898	0.0674613	0.00174335	0.0885458	-0.00876265	0.0923562	0.0845171	-0.0159597	-0.0275559	0.0857494	-0.0561993	0.00170925	0.0462508	-0.000445921	0.00640022	
0.615563	0.170465	-0.00277567	0.162828	-0.0400303	0.0952131	0.0619816	0.00257842	0.105562	-0.00868224	0.08048	0.0876972	-0.0057874	-0.0246477	0.0687002	-0.05318	0.000773687	0.0407679	0.0039652	-0.00036485	-0.00325851	0	0	
0.522643	0.174971	-0.00445691	0.169595	-0.0387025	0.0933337	0.141616	0.000959377	0.0617228	-0.00757885	0.0637926	0.089714	-0.0200167	-0.103587	0.128535	-0.0535208	0.00147804	0.0623018	0.00529915	0	-0.00871072	
0.510668	0.174971	-0.00578895	0.152401	-0.0362654	0.0934379	0.0809596	-0.000573619	0.0643314	-0.00703891	0.0761289	0.12995	-0.0209737	-0.0431904	0.0947731	-0.104551	0.000179092	0.0392707	0.00189391	
0.544376	0.178358	-0.00606134	0.152989	-0.0420673	0.0849453	0.0792598	0.00225811	0.231487	-0.00745619	0.0897752	0.0962425	-0.0270973	-0.0414905	0.12644	-0.0674669	0.000179092	0.056779	0.00964564	-0.101069	
0.541067	0.161398	-0.00174979	0.172339	-0.0414968	0.0692124	0.0676718	0.00186632	0.0576922	-0.0077681	0.0689134	0.0995512	0.000140227	-0.0297647	0.0756531	-0.0761677	0.000316838	0.0377707	9.84487e-05	
0.623521	0.184707	0.00136429	0.150144	-0.0391949	0.0959449	0.111943	-0.000495889	0.0516909	-0.00909623	0.119093	0.08271	-0.0233165	-0.0732953	0.0764222	-0.0497295	0.000896493	0.0522683	0.00441453	
0.504122	0.185073	-0.00541779	0.134285	-0.0395225	0.118868	0.0438875	-0.000294643	0.0846813	-0.0067469	0.0736978	0.101624	-0.0419095	-0.00515053	0.0927181	-0.0773717	0.000339271	0.062298	0.00150212	
0.601072	0.175891	-0.000783722	0.141285	-0.0407094	0.0883794	0.0724524	0.00146295	0.127946	-0.00894391	0.0836764	0.103818	-0.0143675	-0.0336875	0.100511	-0.0804805	0.00104489	0.0415376	0.004897	
0.466857	0.183871	-0.003599	0.168882	-0.0417416	0.0978854	0.0884174	0.00225891	0.109667	-0.00728973	0.0653122	0.122696	-0.023837	-0.0501058	0.101039	-0.097451	0.000123059	0.0538133	0.00190987	
0.506027	0.183054	-0.00370369	0.168882	-0.0387539	0.0830441	0.0745229	0.00178145	0.0905826	-0.00918947	0.0954308	0.112907	-0.0344704	-0.0362113	0.139453	-0.0907064	0.000939659	0.0392245	0.00190892	0	
0.565326	0.183054	-0.00347556	0.162224	-0.0430241	0.0912806	0.0500464	0.000400519	0.151572	-0.00729187	0.128312	0.0889157	0.0128451	-0.0107475	0.119129	-0.0599029	0.00122136	0.0646936	0.0024843	-0.020307	
0.468711	0.183054	-0.00212461	0.157509	-0.0450064	0.11885	0.0795124	0.000226292	0.107163	-0.00864252	0.0759928	0.122718	0.00759724	-0.0382372	0.147327	-0.0977285	0.00172603	0.0643438	0.00400074	-0.0277769	0.00188368	0.00220653	0.00466673	
0.520864	0.192606	-0.00389083	0.151453	-0.0458128	0.147098	0.045522	0.00563522	0.103485	-0.00914527	0.0819235	0.0898745	-0.0605116	-0.00396741	0.0719373	-0.0665099	0.00182374	0.0866902	0.00802978	-0.037329	0.0033232	0.00559948	0.0241684	
0.536608	0.204308	-0.00159541	0.165089	-0.0441219	0.0927902	0.0448221	-0.00325272	0.170804	-0.00954221	0.0716692	0.11152	-0.082958	-0.00608842	0.0960615	-0.091372	0.00125255	0.0455992	0.00996105	-0.0589729	0.00358143	0.00143532	
0.528961	0.182926	-0.000749619	0.163863	-0.043782	0.103215	0.0546315	0.000214684	0.0954116	-0.00818979	0.041933	0.0890245	-0.0592256	-0.0146716	0.0807808	-0.0679774	0.00125255	0.0449325	0.00314831	-0.0303532	-0.00765568	0	
0.492315	0.186517	-0.00396316	0.17431	-0.0402183	0.0993665	0.047287	0.00145599	0.0765452	-0.00884499	0.0677433	0.133794	-0.0582212	-0.00852382	0.102545	-0.111736	0.000988794	0.0640833	0.00106099	-0.0550718	-0.00624163	
