0.0316533	-0.0151164	0.0245624	-0.0219738	-0.0107271	-0.155073	0.0077217	0.138229	0.0599248	-0.054943	-0.0141899	-0.0151376	0.0501493	-0.0173574	-0.0146156	0.0581043	-0.0242897	0.0640439	-0.0385268	-0.0120812	-0.0240236	-0.0300382	-0.0791038	0.0936427	0.0907183	0.130975	-0.0116766	-0.0167016	0.0194975	0.334838	0.0007066	-0.0153103	-0.0015609	-0.0195935	0.001551	0.0196637	0.020724	0.0588703	-0.0237162	-0.164411	0.0354278	0.131822	0.0089797	0.006235	-0.0128677	-0.0124515	-0.0173582	-0.0173559	0.0977204	0.0029205	-0.0226947	0.0460686	-0.0101576	0.0696831	-0.0155419	-0.0146934	0.11259	0.286867	-0.017358	-0.353582	0.0200043	-0.0007674	0.0172634	-0.170527	-0.0156499	0.0122309	0.0387441	0.0429586	0.388813	-0.0156919	0.0398712	-0.0159492	0.0400504	0.0949843	0.265012	-0.014715	-0.014991	0.175606	0.0397299	0.674496	-0.0207882	-0.0006375	
0.0316533	-0.0148623	0.031356	-0.0219738	-0.0103029	-0.0937382	0.00504746	0.088416	0.0656914	-0.228741	0.123083	-0.0196643	0.0726614	-0.0239195	0.0714702	-0.108511	-0.10804	0	-0.00930873	-0.0195499	0.334838	-0.00208661	0.0127348	0.0190164	0.41815	-0.0212998	-0.0093377	0.161775	0.214551	-0.0123938	0.0965899	0.0343485	0.1365	0.240839	-0.0216722	-0.00465172	0.0530464	0.0625072	0.0423176	0.0581492	0.111562	0.0145205	0.288224	0.0468891	0.0277084	
0.030312	-0.0142861	0.0313369	-0.0230701	-0.0115189	-0.105584	0.00597916	0.0531834	-0.125909	0.0577244	0.0638852	-0.0191345	0.115793	-0.0252349	0.0534652	0.0119812	-0.115054	0.378756	0.0187713	0.416703	0.0681867	0.0501904	0.0663879	0.156458	0.117272	0.0380384	0.0120024	
0.0287238	-0.017854	0.0277272	-0.0221415	-0.0108808	-0.00251707	0.0313522	0.0756425	0.110046	-0.00334152	-0.0119476	0.0768425	0.263059	0.164549	0.114719	0.191904	-0.0248034	0.0593563	0.0194704	-0.0236612	0.0115708	0.403922	0.0486485	0.0656971	0.0514869	0.0805547	
0.0300522	-0.0163361	0.0333509	-0.0226668	-0.0104506	-0.0028646	0.0691945	0.0886159	-0.00610052	-0.00252001	0.0702125	0.10217	0.12749	0.152525	0.272735	-0.0255194	0.0624863	0.0213596	-0.0141955	0.0202713	0.315048	0.0552198	0.0351322	0.0552955	0.0202181	0	0	0.0654674	0.0554514	
0.0294501	-0.0164896	0.0248066	-0.0226668	-0.0104506	0.0115323	0.00219847	0.0537441	0.0466569	-0.0097173	-0.00130215	0.0770193	0.0799569	0.150559	0.307397	-0.0256691	0.0279291	0.273035	0.0423053	0.0714835	0.139817	0.0687632	0.022359	-0.023906	0.0521011	
-0.0166978	0.0285808	-0.0226668	0.0138752	0.00675031	0.037567	0.0626169	-0.0123112	-0.00284432	0.0725145	0.0294501	0.151282	0.331263	-0.0260653	-0.0104506	0.304764	0.0681519	0.0641129	0.100451	0.0609376	0.00686011	-0.0243123	0.0535996	
0.0443053	-0.0182161	0.0280255	-0.0235269	-0.0105407	0.0162825	0.00587546	0.05208	0.0597687	0.0568667	0.00659215	0.166781	0.02782	0.322891	0.174025	0.0797966	0.234791	0.0498667	0.0315169	-0.00138025	0.154401	-0.0264254	
0.0436846	-0.0148604	0.0309722	-0.0221547	-0.00962427	0.0198964	0.000872573	0.13632	0.0275007	0.0209383	0.00929605	0.0454443	0.0469857	0.0268064	0.278904	0.338133	0.140599	0.0229194	0.0458241	0.0918347	0.16228	-0.0255884	
0.0437742	-0.0180759	0.024706	-0.0221547	-0.00962427	0.0245074	-0.00217797	0	0.109384	0.0148159	0.0104178	0.124182	0.0301353	0.264747	0.182261	0.221737	-0.0252015	0.0852194	0.0937696	0.172038	0.0736282	
0.0480329	-0.0192417	0.0270673	-0.0224516	-0.0105772	0.0201482	-0.000113886	0.0997034	0.0758458	0.0124882	0.00657257	0.0542714	0.0299399	0.226894	0.236724	0.131625	-0.0258803	0.115968	0.078986	0.0145481	0	0.155796	
0.0453735	-0.0166517	0.0270673	-0.0219157	-0.00980445	0.0192612	-0.00217227	0.0713977	0.0894642	0.0250776	0.0125482	0.115456	0.0281861	0.202488	0.274464	0.14499	-0.0247789	0.0478503	0.0505182	-0.00173479	0.0210817	-0.0139272	0.173134	
0.0426586	-0.015583	0.02847	-0.0219174	-0.0107024	0.0255319	0.00775264	0.12684	0.0850314	0.0178472	0.00814091	-0.0250323	0.0790192	0.0271485	0.338043	0.250466	0.0778126	0.109002	0.0829554	-0.00596033	0.195937	
0.0417286	-0.0179976	0.0314453	-0.0226755	-0.0109017	0.0178488	0.00589068	0.107189	0.0921794	0.172447	0.0152746	-0.0246567	0.131187	0.0305818	0.307772	0.347945	0.0667656	0.0584228	0.251779	0.029378	
0.0492424	-0.0202355	0.0339854	-0.0225856	-0.0104605	0.0229778	0.00752612	0.113718	0.0503471	0.123821	0.0154931	-0.0250713	0.0903215	0.0285487	0.216437	0.303381	0.13527	0.156637	0.141841	
0.046606	-0.0157065	0.0283821	-0.0225265	-0.0109847	0.0170342	0.00956593	0.0983697	0.0632995	0.131682	0.0126453	-0.0246357	0.188322	0.0268793	0.222564	0.298448	0.151003	0.145278	0.0606734	
0.0440654	-0.0165911	0.0283821	-0.0222924	-0.0105635	0.0253222	0.00928067	0.171514	0.142367	0.143525	0.0176918	-0.0237869	0.142214	0.0269989	0.340899	0.154814	0.058198	0.124569	0.0531685	0.00110725	0	
0.0595115	-0.0175875	0.0283821	-0.0229158	-0.0114755	0.0241206	0.00825186	0.151098	0.0916178	0.182675	0.0180103	-0.0248778	0.127108	0.0269989	0.334871	0.12983	0.106569	0.124518	0.0657596	-0.00313874	
0.0573158	-0.018985	0.0366166	-0.0225365	-0.0112494	0.0144406	-0.00595279	0.187662	0.136784	0.196939	0.0145846	-0.0247809	0.067913	0.0269989	0.292456	0.307233	0.124817	0.243779	0.112269	-0.00438593	
0.0453045	-0.0183828	0.0228282	-0.0228059	-0.0111047	0.0191121	-0.00214164	0.104262	0.125194	0.177388	0.012105	-0.0249537	0.133674	0.0292765	0.252599	0.228824	0.0980183	0.145566	0.0637966	0	
0.0508224	-0.0185	0.0322407	-0.0227791	-0.0112967	0.0292598	0.00213682	0.200285	0.15748	0.161838	0.0109849	-0.0244607	0.0719569	0.0290452	0.211993	0.275486	0.101188	0.160773	0.0499227	
0.048318	-0.0147034	0.0268707	-0.0228996	-0.0094644	0.0323247	-0.00728586	0.120344	0.127943	0.116361	0.0150584	-0.0245145	0.117867	0.026418	0.317644	0.24373	0.210239	0.164281	0.160844	-0.00842437	
0.0460141	-0.0156511	0.0290471	-0.0228996	-0.0094644	0.0252765	-0.00364726	0.0822851	0.0509625	0.147816	0.0155363	-0.0224575	0.0687146	0.026418	0.137458	0.115515	0.252603	0.137664	0.154841	
0.0574458	-0.0203599	0.0241191	-0.0229358	-0.0107114	0.0190937	-0.00825691	0.238235	0.0867216	0.165486	0.0164427	-0.0237668	0.121748	0.0364366	0.181479	0.28759	0.080316	0.172862	0.15393	0.0719508	
0.037056	-0.0200044	0.0241191	-0.0227189	-0.0107114	0.0315688	-0.00504726	0.141044	0.100166	0.138308	0.0117238	-0.0242968	0.140441	0.0270938	0.327165	0.229263	0.0889252	0.201759	0.0665654	0.0109469	0	
0.047939	-0.0185836	0.0350277	-0.0230089	-0.00939125	0.0291449	-0.0108972	0.153719	0.111079	0.124565	0.0116687	-0.0218659	0.122424	0.0358768	0.260853	0.271672	0.194413	0.176613	0.0533317	0.00815586	0.0147604	
0.0376229	-0.018018	0.0343743	-0.0234568	-0.00929988	0.0236461	-0.00529076	0.134486	0.0647469	0.131599	0.00687254	-0.0255488	0.173079	0.0314004	0.339078	0.206073	0.0741273	0.124748	0.0480271	-0.00832609	
0.0411375	-0.0172605	0.0267041	-0.0227465	-0.00867901	0.0203843	0.0015087	0.12681	0.0718842	0.11702	0.0121682	-0.0249877	0.113089	0.0320653	0.447586	0.266833	0.0911885	0.150312	0.0129655	-0.0411375	
0.0365191	-0.0182633	0.0309937	-0.0227465	-0.00929101	0.0243663	-0.00672445	0.132949	0.219476	0.127304	0.0131428	-0.0246202	0.033178	0.0320653	0.515415	0.238211	0.0741144	0.147029	0.014133	0.00549405	0.0147878	
0.0372847	-0.0185386	0.0321801	-0.0224287	-0.00919652	0.0290287	-0.00442848	0.060503	0.258962	0.129225	0.0168664	-0.0247512	0.0324677	0.0303489	0.169699	0.253316	0.0833955	0.083008	0.0142708	
0.0326204	-0.0138366	0.0306739	-0.0224287	-0.00967845	0.0276375	-0.000310009	0.0602376	0.141005	0.108387	0.0143709	-0.0241118	0.0787478	0.0267328	0.440233	0.295664	0.142737	0.103975	0.0385081	0	0.000177627	
0.0365515	-0.0168442	0.0300311	-0.0230575	-0.00932292	0.037102	0.00968269	0.110641	0.120967	0.123081	0.0148971	-0.0222704	0.0682119	0.0259407	0.22595	0.17321	0.181552	0.17034	0.067287	
0.0455636	-0.0175861	0.0311279	-0.0236292	-0.0101735	0.0401018	0.00777489	0.0851161	0.054769	0.135208	0.0160164	-0.0235773	0.121893	0.0341394	0.255137	0.266418	0.125107	0.138985	0.00738243	
0.0451225	-0.0203483	0.0361658	-0.0231799	-0.00957352	0.0394437	0.00290336	0.0798492	0.0388997	0.135808	0.0115831	-0.0227114	0.0612891	0.0290597	0.202115	0.195639	0.106227	0.177013	0.0235844	0	
0.0407821	-0.0168195	0.0366634	-0.0229637	-0.00907595	0.0377957	-0.0011883	0.103825	0.0533447	0.125871	0.00901277	-0.0219119	0.0792358	0.0298973	0.327717	0.225687	0.180291	0.131849	0.0879887	0.0211782	
0.0479796	-0.0166876	0.0314239	-0.0221545	-0.0090687	0.0261685	-0.00250106	0.0684493	0.0830345	0.14671	0.0110032	-0.0222095	0.0915998	0.0289323	0.271113	0.201708	0.193744	0.106594	0.0765987	0	
0.0381356	-0.0174914	0.0276732	-0.0228556	-0.00907085	0.039064	-0.006482	0.059743	0.0749544	0.161583	0.0128914	-0.0212774	0.0480256	0.0314877	0.234561	0.293822	0.169038	0.104027	0.0532806	
0.0505221	-0.016256	0.0316383	-0.0231592	-0.0096045	0.0207408	-0.00727456	0.173484	0.100837	0.124945	0.0135739	-0.021649	0.0305824	0.0314463	0.254671	0.40285	0.0873104	0.113575	0.0281744	0.00994296	0	
0.0490909	-0.0188167	0.030332	-0.0234553	-0.0105361	0.0247962	-0.00425828	0.0923104	0.150684	0.156836	0.0169003	-0.0231236	0.0368373	0.0246887	0.585893	0.250509	0.186335	0.137322	0.0229802	-0.0100283	0.0292573	0	0.0382222	
0.043784	-0.0186218	0.0284572	-0.0230828	-0.0105361	0.0368721	-0.00810183	0.0813459	0.0659828	0.190062	0.0172192	-0.0243198	0.0593322	0.0323517	0.228708	0.173641	0.0831609	0.140242	0.0137958	0.0266103	0.00877478	
0.0425316	-0.0212142	0.0283467	-0.0241654	-0.0113966	0.0312559	-0.00338183	0.137527	0.101879	0.153762	0.0180842	-0.0236909	0.0809061	0.0288019	0.283447	0.268526	0.0357915	0.176391	0.0227268	-0.00192641	0.00217529	
0.0332057	-0.0205817	0.0341658	-0.0241654	-0.011114	0.0319955	0.000124694	0.0743871	0.0683141	0.152675	0.0180405	-0.0217115	0.126356	0.033985	0.216274	0.261208	0.0676628	0.137341	0.109481	0.0611597	-0.00162372	0.011114	
0.03974	-0.0185311	0.0316759	-0.023444	-0.0104671	0.0372468	-0.00672867	0.144847	0.158014	0.141694	0.0124884	-0.0243098	0.123273	0.0346318	0.252224	0.299314	0.0936406	0.120945	0.0540977	0.000483196	
0.0462832	-0.0185354	0.0292154	-0.0229884	-0.0104671	0.0299255	-0.00824278	0.154561	0.111915	0.151366	0.0136107	-0.0213349	0.0779367	0.0309014	0.329864	0.249989	0.0883608	0.121363	0.0287503	-0.00420345	-0.00545868	0.0462832	
0.052139	-0.0190028	0.0303501	-0.0232831	-0.0111334	0.024645	0.00380108	0.160347	0.149224	0.189887	0.0113275	-0.0216802	0.0965003	0.034767	0.487383	0.289035	0.0351244	0.141343	0.0296086	-0.00123093	
0.0497206	-0.0180568	0.0288749	-0.0235571	-0.0111334	0.0425161	0.00232985	0.158902	0.193192	0.144709	0.0114295	-0.024481	0.112719	0.034767	0.1778	0.251002	0.200481	0.179982	0.0769005	-0.00654026	
0.0537084	-0.0204045	0.0353466	-0.0232825	-0.0114112	0.0365609	0.00384137	0.105565	0.0621913	0.137104	0.00821235	-0.0249472	0.0875655	0.0325208	0.223824	0.29195	0.110036	0.125468	0.0206011	-0.00282261	
0.0584851	-0.0198664	0.0293135	-0.0232825	-0.0115645	0.0276261	-0.0101846	0.109749	0.145238	0.127156	0.012053	-0.0231271	0.107676	0.0331651	0.326976	0.27605	0.0662236	0.0928572	0.0547372	-0.00365843	
0.0547174	-0.0201634	0.0287736	-0.0240649	-0.0118615	0.0458943	-0.0021249	0.12679	0.0907517	0.154511	0.0101204	-0.0235145	0.0877638	0.0304794	0.199745	0.383737	0.194967	0.0908242	0.0427559	-0.00272937	-0.0202043	-0.0111427	0	
0.0638323	-0.0203545	0.0380108	-0.023267	-0.011596	0.0320175	-0.00522819	0.132731	0.116341	0.134328	0.01301	-0.0221377	0.0465496	0.0291486	0.282354	0.277159	0.106906	0.15121	0.0227889	-0.00272212	0.00238728	
0.0579685	-0.0201934	0.0332779	-0.02351	-0.0114254	0.0136973	0.0111261	0.141366	0.0567604	0.15575	0.0102589	-0.023852	0.038843	0.0303857	0.221144	0.262956	0.133127	0.120716	0.0284934	-0.00567115	0.0215566	-0.0025396	-0.00256299	
0.0668329	-0.0209742	0.0337923	-0.0238905	-0.0109503	0.0285181	0.00107159	0.151552	0.110539	0.183079	0.0129374	-0.0224237	0.0703307	0.0317704	0.262764	0.255542	0.082681	0.0850627	0.0217854	-0.00427546	0.00572997	-0.00374373	
0.0557404	-0.0218684	0.0296083	-0.0240029	-0.0109503	0.0318847	-0.0034783	0.0976139	0.0768349	0.174862	0.00829219	-0.0238019	0.109307	0.0254757	0.230485	0.256221	0.061895	0.160558	0.0324742	-0.00427546	
0.0641872	-0.0211069	0.0451284	-0.0228001	-0.00952507	0.020369	0.00208794	0.129892	0.176395	0.172563	0.0130408	-0.023807	0.0690446	0.0220016	0.262397	0.280131	0.0525055	0.199967	0.0271917	-0.00238899	
0.0604666	-0.0203868	0.0367475	-0.0229775	-0.00952507	0.0240662	-0.00586455	0.195241	0.140107	0.174906	0.00937166	-0.0211828	0.0572033	0.0198938	0.358844	0.394013	0.0815	-0.0108092	0.0110264	-0.00268156	0.00926666	
0.0658349	-0.0209659	0.0339919	-0.0235127	-0.0101849	0.0362913	-0.00347879	0.154205	0.0768389	0.159393	0.00715653	-0.0221579	0.100715	0.0289668	0.409909	0.423945	0.174078	0.0538164	-0.00268156	
0.0494254	-0.0197249	0.0333793	-0.0228604	-0.00970807	0.0171152	0.00163346	0.134925	0.138148	0.157197	0.00943861	-0.0228234	0.0566067	0.0192583	0.238784	0.301355	0.0752229	-0.00463473	0.0320864	
0.0542155	-0.0216494	0.0357789	-0.0232801	-0.00929493	0.0258633	0.00624564	0.136173	0.134245	0.176357	0.0130901	-0.0241348	0.173087	0.0197062	0.286215	0.264281	0.0935828	-0.000649771	0.0904217	0	0	
0.0537178	-0.0211227	0.0379352	-0.0231542	-0.0107555	0.0203995	0.00197805	0.111445	0.167912	0.159187	0.00809935	-0.0210074	0.0519524	0.021997	0.170942	0.406769	0.145717	-0.00390311	0.0458593	
0.0469375	-0.0212029	0.031411	-0.0232315	-0.0108329	0.024276	0.0140128	0.0718678	0.124728	0.15779	0.0107504	-0.0218533	0.0391184	0.0253846	0.282453	0.213217	0.106774	-0.000428408	0.0740085	
0.0482819	-0.0200574	0.0314768	-0.0231657	-0.00973968	0.0224722	0.000892736	0.117	0.157523	0.184677	0.0113046	-0.022745	0.0589574	0.0227845	0.248232	0.260504	0.073601	-0.00241468	0.112368	
0.0502226	-0.0213672	0.0276502	-0.0235915	-0.00937933	0.0220722	-0.0104066	0.0922314	0.125044	0.176816	0.0109289	-0.0197165	0.056132	0.0235475	0.267562	0.268562	0.0691181	0.000708398	0.0807394	-0.0320091	
0.046488	-0.0232068	0.0397603	-0.0239934	-0.00985205	0.0289597	-0.00130037	0.0769312	0.121441	0.144794	0.00799274	-0.0221253	0.0913841	0.0236573	0.210434	0.438093	0.112942	0.00214481	0.109647	
0.0427356	-0.0217843	0.0225284	-0.0236539	-0.0103305	0.0251189	0.0130846	0.106416	0.0718421	0.181416	0.0159726	-0.018488	0.0625391	0.0253392	0.256137	0.245661	0.0672922	-0.00283773	0.0653932	0.00111509	-0.0734926	-0.00547708	0.000747953	
0.0551679	-0.0224223	0.028419	-0.0238259	-0.0108686	0.0205143	-0.00180227	0.0520681	0.197432	0.130616	0.0121752	-0.0208055	0.111779	0.0257881	0.241545	0.322438	0.0745007	0.105501	-0.10156	-0.00151724	
0.0443959	-0.0198919	0.0284176	-0.0222927	-0.00961744	0.0282548	0.00320284	0.065146	0.180737	0.141508	0.00833056	-0.0155511	0.0896349	0.0271801	0.178451	0.134037	0.112216	-0.000125256	0.0567258	0.0055177	
0.04927	-0.0217959	0.0322576	-0.0235654	-0.0105412	0.0146531	0.0144174	0.0881558	0.132848	0.153142	0.0125266	-0.0234395	0.190345	0.0357478	0.352836	0.234648	0.168434	-0.00178804	0.0479409	
0.031586	-0.0221602	0.0322678	-0.0235551	-0.00914481	0.0246067	0.0057722	0.0691749	0.0727069	0.143161	0.0114799	-0.0228735	0.160977	0.0302178	0.338361	0.281221	0.0514449	-0.00140747	0.0423654	0.0242301	
0.0537849	-0.022154	0.0267581	-0.0233464	-0.00942279	0.0124696	-0.00651402	0.06631	0.144179	0.150497	0.00732262	-0.0209952	0.0805635	0.0302178	0.326521	0.177717	0.085647	-0.000492948	0.0348405	-0.000830385	0.0112563	
0.0463482	-0.0213481	0.0312511	-0.0233464	-0.0090669	0.0154155	0.00351515	0.0624507	0.103619	0.145648	0.00730777	-0.0184551	0.177927	0.0279242	0.325902	0.221588	0.141091	-5.66663e-05	0.0586631	
0.0545026	-0.020456	0.0301874	-0.0239934	-0.0090669	0.0200447	-0.00421347	0.0911355	0.0819841	0.143795	0.0109305	-0.0220899	0.143204	0.030122	0.19334	0.119635	0.0956059	-0.00335982	0.0376715	-0.00418468	
0.066781	-0.021453	0.0270949	-0.0235933	-0.0090669	0.0180039	-0.00740807	0.0951993	0.097007	0.133991	0.0109305	-0.0223341	0.139351	0.0245574	0.326378	0.165089	0.136699	7.47599e-05	0.0723946	
0.0534181	-0.0200521	0.0308232	-0.023667	-0.0090669	0.0272265	0.00417899	0.0388813	0.110043	0.13262	0.0166889	-0.0227552	0.167807	0.0237411	0.240892	0.212107	0.0640293	-0.00638812	0.0490677	-0.0259855	-0.00279501	
0.0559624	-0.0208559	0.0302056	-0.0236917	-0.00948172	0.0215972	-9.51717e-05	0.132583	0.161421	0.00810798	-0.0210278	0.1531	0.0203958	0.288791	0.319511	0.0637086	-0.000889893	0.0545734	0	0.0101585	0.0331582	
0.042928	-0.0224322	0.0295375	-0.0240137	-0.0098037	0.0220743	0.00611202	0.161375	0.158011	0.0125376	-0.0251263	0.160289	0.0254667	0.385762	0.243247	0.0901103	-0.000384563	0.0311367	0.0612792	0.0335272	
0.047119	-0.0185938	0.0272058	-0.0238746	-0.00941688	0.0239164	0.00210944	0.119893	0.151582	0.00773657	-0.0235749	0.13513	0.0278665	0.367373	0.201109	0.0899192	-0.00209216	0.0852699	0.0515257	
0.057289	-0.0209634	0.0208524	-0.0229531	-0.00973997	0.014226	0.0114111	0.126254	0.151949	0.00677348	-0.0243171	0.109167	0.026235	0.346978	0.129223	0.167991	-0.0031455	0.0934767	0.0513011	
0.0545714	-0.0198184	0.0366778	-0.0231364	-0.00973997	0.0185857	0.00310334	0.182543	0.152265	0.00956933	-0.0235374	0.155078	0.0292667	0.360315	0.155556	0.0391642	-0.00571883	0.0239279	0.0316757	0.00576238	
0.0457981	-0.0194231	0.0309256	-0.0231364	-0.00973997	0.0192204	0.000827138	0.150822	0.181113	0.0116377	-0.0241749	0.116543	0.0267253	0.410899	0.238294	0.1133	-0.00269097	0.105821	0.0855783	0.0506785	
0.0516888	-0.0187189	0.0309256	-0.0231364	-0.0086227	0.025559	0.00164433	0.177758	0.153205	0.00630545	-0.0249074	0.0949784	0.0269129	0.316638	0.219686	0.0671391	-0.00152768	0.0598173	0.0656686	0.0132334	0.0362678	-0.00663831	0	
0.0634398	-0.0201724	0.0260381	-0.023527	-0.0086227	0.0209507	0.00851868	0.120026	0.16024	-0.000840179	0.0826199	0.0235311	0.431902	0.0911756	0.0960925	-0.00123349	0.0400788	0.0342302	-0.0242503	
0.0577495	-0.0199052	0.0209215	-0.0232869	-0.00839722	0.0231543	-0.00413391	0.0824051	0.174738	-0.000846605	-0.023292	-0.00401348	0.139129	0.0292881	0.421731	0.150567	0.129219	0.000124596	0.036344	0.0415595	
0.0577495	-0.0204823	0.028981	-0.023546	-0.00945018	0.0171342	-0.00125625	0.135417	0.135885	0.00186913	-0.0260474	0.167586	0.0280489	0.33785	0.284585	0.0816705	-0.00450598	0.0308386	0.0469241	
0.0618248	-0.0200676	0.0277079	-0.0236297	-0.00945018	0.0223426	-0.00121608	0.178781	0.16606	1.29811e-05	-0.0251788	0.0889512	0.0240191	0.217358	0.308864	0.0567222	-0.00197854	0.0470277	0.0631206	-0.000765406	-0.0101037	
0.0718728	-0.0162386	0.0280611	-0.0225596	-0.00909697	0.015208	0.0038848	0.115996	0.181068	0.002383	-0.0255764	0.0921738	0.0305464	0.28322	0.186443	0.0471954	-0.0034656	0.0373385	0.0422223	
0.0701596	-0.0191689	0.0237103	-0.0225068	-0.00904416	0.0213807	-0.00295004	0.2385	0.161363	0.000370654	-0.024695	0.155001	0.0292664	0.359019	0.135286	0.0478037	-0.00423797	0.143663	0.11052	
0.0720559	-0.0203489	0.0245312	-0.0231947	-0.00882084	0.023564	0.00123391	0.126679	0.160614	0.00182795	-0.0226079	0.105794	0.0304198	0.269844	0.145214	0.080897	-0.00613331	0.079857	0.0541232	
0.0568012	-0.0194934	0.024753	-0.0227627	-0.00859906	0.0255539	0.00459996	0.176075	0.186393	0.00278408	-0.0248016	0.100616	0.0324721	0.359425	0.24427	0.0198706	0.00061414	0.0653593	0.0571517	
0.0733983	-0.0182036	0.0207439	-0.0224726	-0.0086795	0.0275136	-0.00339099	0.117625	0.165236	0.00456176	-0.0238865	0.0895677	0.0249367	0.362643	0.0903086	0.0894657	-0.0015544	0.0823585	0.0760081	0.0324378	
0.0650076	-0.0175757	0.0250837	-0.0224726	-0.00836822	0.0176709	0.00231234	0.159807	0.198206	0.000528225	-0.0231912	0.0594939	0.0336167	0.365752	0.174601	0.0692734	-0.0028429	0.0567172	0.113323	0.0227297	
0.0545819	-0.0204783	0.0246129	-0.0224696	-0.0097151	0.0278049	0.00312	0.222337	0.132623	0.00489124	-0.026001	0.0854954	0.0281211	0.215621	0.113999	0.0629343	-0.00512737	0.126618	0.0798606	
0.0534895	-0.0185567	0.0194455	-0.0227593	-0.0097151	0.016021	0.00473675	0.124147	0.150861	0.00406434	-0.0255604	0.0591863	0.0287861	0.227159	0.172983	0.152558	-0.00505771	0.0513295	0.0743576	
0.0498805	-0.0189706	0.0305275	-0.0234451	-0.0087827	0.0226387	0.00595774	0.153231	0.179197	0.00243209	-0.0256778	0.0530798	0.031701	0.333422	0.23359	0.238322	-0.00498133	0.0365614	0.0703494	-0.00816175	
0.0495225	-0.0209495	0.0312024	-0.0230806	-0.00932901	0.0198946	0.0243675	0.163318	0.150796	-0.00381183	-0.0250666	0.0610772	0.0300333	0.516563	0.153694	0.120079	-0.00654869	0.0236464	0.094187	
0.0495225	-0.0160614	0.0299028	-0.0235335	-0.00831206	0.0166246	0.0088444	0.182058	0.165218	0.00461352	-0.0248786	0.0975668	0.0265491	0.184873	0.369004	0.020962	-0.00569807	0.0174541	0.0825017	0.00466021	-0.000280246	
0.0476656	-0.0196111	0.0377934	-0.022253	-0.0103757	0.0157274	0.000916179	0.187963	0.157206	0.00343304	-0.0259176	0.110212	0.0361424	0.200385	0.228945	0.0724333	-0.00791469	0.0288425	0.0895415	0.0155529	
0.0477431	-0.0194207	0.030859	-0.0228021	-0.00950362	0.0159548	0.00590989	0.179586	0.187001	0.00186147	-0.0262635	0.24906	0.0323137	0.185702	0.326083	0.113745	-0.00488534	0.187578	0.0389849	-0.0174829	
0.0413592	-0.0209381	0.0311657	-0.0233274	-0.00935296	0.0190411	-0.00165901	0.225725	0.119505	0.00346378	-0.0248759	0.132507	0.0308549	0.204958	0.295671	0.0687643	-0.00686753	0.075969	0.0834398	-0.00241938	0	0	
0.061212	-0.0225754	0.0297634	-0.0240198	-0.00986758	0.0196511	0.00176732	0.164521	0.155022	0.00550317	-0.0263246	0.235728	0.0312206	0.310281	0.252268	0.0503608	-0.00361146	0.0185848	0.0630326	0.00135236	
0.0657104	-0.0219126	0.0295216	-0.0237763	-0.0109207	0.0193597	0.00075869	0.132333	0.124493	0.0010661	-0.0258885	0.215299	0.0330363	0.310305	0.337275	-0.00423389	0.0468485	0.0497959	-0.000828226	0.00768705	
0.0556179	-0.0205651	0.0444685	-0.0241166	-0.00993042	0.0168095	0.00798384	0.134426	0.125193	0.00487404	-0.0269524	0.213914	0.0334964	0.251636	0.206617	-0.00607442	0	0.0572428	0.0944678	-0.00213801	
0.0608902	-0.0195582	0.0214588	-0.024262	-0.00993042	0.0241817	0.00121227	0.172164	0.144569	0.00556163	-0.0264812	0.159693	0.0334964	0.245114	0.170389	-0.0087685	-0.00131112	0.061122	0.0595586	-0.00754309	0.00846075	
0.057325	-0.0209702	0.0250411	-0.0245818	-0.01071	0.025217	0.0102187	0.131908	0.135003	-0.00379343	-0.0248584	0.180518	0.0334583	0.257238	0.152608	-0.000793642	-0.00215864	0.0078879	0.0608977	
0.057325	-0.0186206	0.0257758	-0.0233255	-0.00979199	0.0174244	-0.00564931	0.232034	0.12757	0.00113094	-0.0262856	0.28978	0.0334583	0.174436	0.193338	-0.00394952	-0.00233748	0.00782302	0.0689692	0.00735946	0.00477554	
0.0718389	-0.0219645	0.0275755	-0.0248031	-0.0107698	0.016754	0.00152451	0.167081	0.13977	-0.00108846	-0.0268255	0.177062	0.0288707	0.217632	0.106694	-0.00532606	-0.0010844	0.0118844	0.114298	-0.00596873	
0.0493998	-0.0199985	0.0213588	-0.0246913	-0.00956726	0.0165548	0.00345813	0.121655	0.127199	-0.00226114	-0.0262711	0.198299	0.0320999	0.294071	0.391221	-0.00380007	-0.00249328	0.00329358	0.0684556	0.0262979	0.0017086	
0.0594634	-0.0195033	0.030481	-0.0238075	-0.0108999	0.018237	0.00305694	0.20464	0.126557	-0.00134091	-0.0240945	0.30485	0.0325269	0.394869	0.339437	-0.0040539	-0.00160955	0.00561486	0.0530191	-0.00683258	-0.007303	
0.0548496	-0.0177559	0.0252126	-0.023157	-0.0110226	0.0257678	-0.00463806	0.191085	0.130571	-0.00755987	-0.0237723	0.291295	0.037583	0.28524	0.133702	-0.00141316	-0.010126	0.0361016	0.0780515	-0.00144358	-0.00291973	
0.0531063	-0.0187547	0.0250002	-0.0232535	-0.0106456	0.0221463	-0.00290601	0.144607	0.172376	-0.000450966	-0.0247519	-0.00372999	0.214865	0.0275826	0.230928	0.281786	0.00169649	0.0120403	0.00801917	0.0941641	
0.0648373	-0.0169886	0.0202025	-0.0234071	-0.00942176	0.0217289	-0.00759087	0.167683	0.125247	0.00322277	-0.0251699	-0.00236605	0.17338	0.031638	0.19013	0.174218	-0.00775226	0.00671719	-0.0203929	0.0474679	0.011513	
0.0617729	-0.0163847	0.0286557	-0.0239335	-0.0107733	0.0185158	-0.00191513	0.156362	0.00095958	-0.0252043	-0.00236605	0.0692703	0.034431	0.331265	0.239324	-0.00126129	0.127302	0.0874161	
0.0671526	-0.0179316	0.0262959	-0.02283	-0.0106834	0.0191701	0.0080246	0.182506	0.00397108	-0.0243474	-0.00234355	0.0856751	0.0349609	0.56528	0.189574	-0.001135	0.151123	0.0978618	-0.0111694	0	
0.0554791	-0.0164535	0.0279236	-0.0228454	-0.0106834	0.0220736	-0.00344009	0.122237	-0.0254268	-0.00234355	0.112866	0.030798	0.253517	0.135485	0.0005926	0.0044245	0.147063	0.0707189	
0.0530306	-0.0165635	0.0269437	-0.0237957	-0.012136	0.0280373	0.000350805	0.191773	-0.0258611	-0.0093607	-0.00315528	0.0727631	0.0306866	0.235652	0.273018	-0.00208821	0.0067683	0.121762	0.0520424	
0.0657485	-0.0170887	0.020388	-0.0244362	-0.0122808	0.0195626	-0.00330345	0.266926	-0.0245904	0.0565005	-0.00294692	0.0969318	0.0275711	0.451364	0.110097	0.144496	-0.00710818	0.00555032	
0.0488296	-0.0175476	0.0299546	-0.0240323	-0.0122224	0.0156657	0.00496937	0.157541	-0.0261781	0.060437	-0.00343186	0.0796382	0.0293657	0.330877	0.246262	0.16464	-0.00465267	0.00293676	
0.0568873	-0.0184064	0.0233809	-0.0239291	-0.0121108	0.0193965	-0.00742784	0.127877	-0.0271483	0.0460191	-0.00248555	0.102172	0.0293657	0.358816	0.122113	0.11779	-0.00309264	0.00557941	
0.0538476	-0.0157758	0.0251361	-0.024135	-0.0103866	0.0237666	0.00340934	0.109464	-0.0268899	0.0543144	-0.00175793	0.0604413	0.0333637	0.335981	0.233011	0.121253	0.00113508	0.0100242	0.0525208	
0.04765	-0.0185532	0.0340091	-0.024135	-0.0103866	0.0211104	-0.00899583	0.140554	-0.0257037	0.0700635	-0.00175793	0.117853	0.0288818	0.539081	0.209334	0.159273	0.00260423	0.0129216	0.0135722	0.00133366	
0.0507621	-0.0180015	0.027531	-0.0239754	-0.0116858	0.0291605	-0.00689736	0.207542	-0.0260745	0.0965029	-0.00286887	0.0482632	0.0339107	0.229097	0.317107	0.176245	-0.00341284	0.0077469	
0.0494059	-0.0194476	0.0348994	-0.0243627	-0.0113274	0.0222973	-0.00303391	0.164928	-0.0268513	0.0722096	-0.00135123	0.0577155	0.0366781	0.278689	0.404456	0.205102	0.00170201	0.0125826	
0.0437762	-0.0194991	0.0326823	-0.0233472	-0.0109266	0.031577	-0.00152363	0.178404	-0.0261868	0.0947773	-0.00190329	0.173789	0.03008	0.271598	0.210795	0.216127	0.00193096	0.0145788	
0.0540435	-0.0146701	0.0324917	-0.0230246	-0.0112039	0.0264353	-0.00296162	0.109163	-0.0261901	0.0786319	-0.00236591	0.139726	0.0297448	0.344181	0.130924	0.157398	0.00154056	0.0180274	
0.0620105	-0.0160432	0.0330526	-0.0236356	-0.011284	0.0352739	-0.0101862	0.14898	-0.0251525	0.119397	-0.00153722	0.0881991	0.0316901	0.282812	0.106019	0.198379	-0.00230528	0.0163284	
0.0643934	-0.0178918	0.0347888	-0.0235058	-0.00995492	0.0260589	0.00355386	0.104813	-0.0263574	0.0449067	-0.00187112	0.186645	0.024065	0.248731	0.0884203	0.165274	-0.000509464	0.0138352	0	
0.0609898	-0.0177274	0.035214	-0.0241345	-0.0103002	0.0275162	0.00298996	0.133233	-0.026089	0.076995	-0.00303606	0.110267	0.0237197	0.201442	0.101444	0.183843	0.00111913	0.00188043	-0.00488472	
0.0548181	-0.015183	0.03019	-0.0242785	-0.0106149	0.0269529	-0.0041224	0.184216	-0.0258591	0.0569013	-0.00246491	0.175085	0.0331693	0.313341	0.0548766	0.135849	0.000993838	0.0138711	
0.0461505	-0.0175708	0.043029	-0.0232788	-0.0106149	0.0298148	0.00967693	0.176218	-0.0255296	0.0800801	-0.000595582	0.0915991	0.0327077	0.366498	0.122801	0.137637	0.00451991	0.0106874	
0.0566833	-0.0152459	0.0360827	-0.023378	-0.0101356	0.0295788	0.00180483	0.118238	-0.0232574	0.0731974	-0.00142297	0.0632301	0.0347693	0.428123	0.0859003	0.204488	0.00824468	0.0150621	
0.0596877	-0.0134849	0.0349582	-0.0229425	-0.00898309	0.0557444	0.00543186	0.128614	-0.0250755	0.144887	-0.00245981	0.0814278	0.0348412	0.382072	0.177064	0.187493	0.00518952	0.00938858	
0.060459	-0.015881	0.03906	-0.0229688	-0.00887811	0.0321502	0.0133645	0.113744	-0.0246017	0.092646	-0.0001414	0.122377	0.0336289	0.235929	0.0564724	0.169707	0.000503306	0.0104116	0	
0.0536474	-0.0142791	0.0372392	-0.0240558	-0.0100815	0.0358411	0.011253	0.104884	-0.0258023	0.0829824	-0.00383867	0.088957	0.0252318	0.366102	0.121953	0.145038	-0.00118518	0.0097714	
0.0498937	-0.017076	0.0399486	-0.0229601	-0.00905346	0.0293528	0.00648374	0.135495	-0.0239241	0.116589	-0.000291038	0.112306	0.026357	0.336153	0.154459	0.12341	0.000791341	0.00849522	
0.0476052	-0.0123132	0.0312285	-0.0239021	-0.0102809	0.0276991	0.00977918	0.165676	-0.0256745	0.14269	-0.00358563	0.072599	0.0296098	0.317977	0.282909	0.155657	0.000971115	0.0139274	0.0207703	0.0155045	0.00326738	
0.0627055	-0.0146267	0.0281316	-0.0239173	-0.0111001	0.0337707	0.0123649	0.157386	-0.0249545	0.0937527	-0.00186981	0.124599	0.0284964	0.260312	0.207831	0.209644	-0.00131288	0.00751185	-0.000143398	0	0.00331375	
0.0618441	-0.0165464	0.0280443	-0.0232988	-0.0101422	0.0388781	0.0203859	0.100688	-0.0245079	0.122999	-0.00191513	0.123857	0.0290011	0.739707	0.17416	0.156055	-0.0003221	0.0101136	0	
0.056744	-0.0138722	0.0286755	-0.0242255	-0.0111538	0.0304276	0.0338033	0.143399	-0.0248572	0.123671	-0.00292674	0.0899546	0.0264898	0.404757	0.182829	0.142462	-0.00133371	0.00972216	
0.0417463	-0.0166657	0.0265796	-0.0243252	-0.0110354	0.0288678	0.0251935	0.120785	-0.0262469	0.218128	-0.000880233	0.0767345	0.0272598	0.318645	0.180781	0.138324	-0.00247408	0.0158701	
0.0447143	-0.0152622	0.0314999	-0.0237989	-0.0110354	0.0188422	0.0143668	0.147548	-0.0257841	0.116163	-0.00353273	0.125049	0.0342124	0.522357	0.337382	0.128749	-0.00247408	0.00974206	0.00537212	0.0130436	
0.039767	-0.0195776	0.0314999	-0.0241929	-0.0117226	0.030203	0.00818418	0.213104	-0.0258471	0.112925	-0.000788044	0.105838	0.0256975	0.261407	0.181849	0.137616	-0.00174867	0.0172344	-0.000374956	
0.0431663	-0.0174796	0.0314999	-0.0240884	-0.0099152	0.0310277	0.000270012	0.188139	-0.0255062	0.131861	-0.00305296	0.0907495	0.0310584	0.48882	0.256308	0.133823	-0.00230022	0.0124975	
0.0422467	-0.0179894	0.0322901	-0.0244816	-0.0099152	0.0222832	0.000314024	0.117901	-0.0263186	0.12173	-0.000147552	0.164814	0.0266745	0.184722	0.420615	0.122527	-0.00265171	0.00762898	0	
0.0426337	-0.0195957	0.034701	-0.0243262	-0.0105865	0.0253233	0.0218927	0.189397	-0.0252114	0.1548	-0.00134416	0.121844	0.0335824	0.155134	0.237693	0.166291	-0.00253979	0.0140493	
0.0505961	-0.0194896	0.0363918	-0.0245974	-0.0125788	0.0383064	0.0235143	0.10462	-0.0258503	0.127477	-0.00310137	0.12367	0.0283887	0.224318	0.382889	0.181412	-0.00772158	0.00893398	
0.044849	-0.0145408	0.0282479	-0.024921	-0.0111658	0.0340867	-0.0023275	0.142758	-0.026916	0.187088	-0.00426516	0.0685084	0.0326216	0.443137	0.193509	0.1718	-0.00512361	0.0051115	0	-0.00417935	
0.0446056	-0.0189851	0.0390957	-0.0236411	-0.00916825	0.0370401	-0.000870954	0.127046	-0.0257663	0.085878	7.40485e-06	0.0642469	0.0292978	0.203933	0.128018	0.167309	-0.00393505	0.0145447	-0.00961345	0.00142222	
0.048352	-0.0203514	0.0315035	-0.0245345	-0.0122191	0.0324407	0.0134193	0.141655	-0.0251111	0.128338	-0.000348521	0.0938967	0.0282705	0.325161	0.218191	0.166355	-0.000704659	0.0123118	-0.0106165	-0.00965155	
0.0444002	-0.0214283	0.0323671	-0.0237943	-0.0108842	0.0386097	-0.00368351	0.150827	-0.0255224	0.0852001	0.000285392	0.116499	0.0269705	0.456215	0.263834	0.188508	0.000181868	0.0159223	
0.0437181	-0.0186671	0.0328688	-0.0246122	-0.0112567	0.0477544	0.00275415	0.0866924	-0.0267249	0.095324	-0.0017582	0.0431787	0.0287521	0.347624	0.322976	0.162182	-0.00183074	0.00827098	
0.0462852	-0.0210784	0.0327446	-0.0246122	-0.0112567	0.0245171	0.00204338	0.106784	-0.0260143	0.0761772	-0.000922379	0.121855	0.0307898	0.22012	0.0775432	0.173073	-0.00183074	0.0170584	0.00427946	
0.0495986	-0.0219309	0.0300363	-0.0246122	-0.0108963	0.0211885	-0.00561258	0.116902	-0.0259623	0.123781	0.0011597	0.119452	0.0302298	0.177279	0.0659528	0.153989	-0.0065558	0.0186127	0	-0.00609645	0.0151991	
0.0463635	-0.0171268	0.0279289	-0.0237561	-0.0105231	0.0299834	0.00872978	0.0881552	-0.0256231	-0.000699507	0.0191732	0.107301	0.031845	0.284825	0.115993	0.164331	-0.00429752	0.0522628	
0.052972	-0.0206451	0.0312173	-0.0242664	-0.0120231	0.0189208	-0.00140196	0.134812	-0.0255556	0.000286303	0.0216123	0.0732118	0.0303836	0.391767	0.0984896	0.172219	-0.00595647	0.0964056	
0.0406737	-0.0193827	0.0312852	-0.0235664	-0.0115412	0.0247843	0.0137871	0.271301	-0.0263939	0.00338314	0.0156714	0.0908806	0.0298463	0.236272	0.0808635	0.20971	-0.0014267	0.0636807	
0.0447902	-0.0208893	0.0294907	-0.0235664	-0.011324	0.0203472	0.0045481	0.165419	-0.0256578	0.00338314	0.016159	0.0986909	0.0267074	0.21449	0.151655	0.222672	-0.00428635	0.0590413	0.0304071	-0.0069308	
0.0554947	-0.0220293	0.0315866	-0.0232255	-0.00933249	0.0278327	-0.000334575	0.173381	-0.0258204	0.00277724	0.016547	0.103593	0.0270336	0.384117	0.239148	0.18937	-0.00132704	0.0688203	
0.0420498	-0.0198954	0.0279149	-0.0238537	-0.0111024	0.0195306	-0.000970007	0.115283	-0.0246391	0.000860768	0.0188549	0.0767037	0.0264054	0.421149	0.100283	0.148259	-0.00436657	0.0794902	0.00903008	
0.0409529	-0.014574	0.0296303	-0.0238537	-0.0110919	0.0295176	0.0086262	0.256447	-0.0254924	-0.000983692	0.0169509	0.127261	0.029645	0.386537	0.30377	0.148259	0.00196604	0.0926313	0.0702469	
0.0487724	-0.0167579	0.0315545	-0.0235963	-0.0110919	0.0171812	-0.00508769	0.174025	-0.0265225	-0.00199244	0.0149173	0.0773078	0.0339333	0.378915	0.172665	0.178283	-0.00271524	0.0814954	
0.0451461	-0.0199495	0.0290974	-0.0235963	-0.0120598	0.0262995	0.000732146	0.207952	-0.0257733	0.000104316	0.0146793	0.0636236	0.0345445	0.294492	0.289115	0.214314	-0.00258172	0.0667261	0.0254778	
0.0362427	-0.0147257	0.0290974	-0.0234481	-0.0115568	0.0274309	0.0153794	0.197748	-0.0263838	-0.00321643	0.0153065	0.130226	0.0324331	0.39473	0.174362	0.171864	-0.00352649	0.0879539	
0.0582851	-0.0163227	0.0358461	-0.0240093	-0.0124209	0.0344125	-0.00105816	0.389934	-0.0264066	-0.00333627	0.0151236	0.0757251	0.02838	0.285402	0.0966523	0.238471	-0.00210126	0.128227	
0.0457423	-0.0193263	0.0403029	-0.0240907	-0.0111252	0.0262347	0.00249907	0.163503	-0.0240769	-0.000554509	0.0121022	0.103454	0.0289763	0.230248	0.219413	0.193363	-0.00433206	0.109417	-0.00412511	
0.0504322	-0.0171309	0.040144	-0.0235274	-0.0110978	0.025353	-0.0031692	0.192603	-0.0251359	-0.00222115	0.0129716	0.0468262	0.0289763	0.343695	0.205334	0.189658	-0.00176693	0.0502618	0	
0.0444346	-0.0128869	0.0452174	-0.0234647	-0.0110978	0.0251173	0.000300053	0.199566	-0.0256648	-0.00435476	0.0160414	0.0479678	0.0314105	0.384916	0.233221	0.221325	-0.00287079	0.100962	
0.0436895	-0.0195669	0.0319972	-0.0235624	-0.0110978	0.0192669	-0.00524136	0.137637	-0.0255662	0.000784009	0.0141875	0.0705396	0.0300681	0.337605	0.324943	0.179982	-0.00185743	0.109701	0.00468689	-0.0013172	0	
0.0364039	-0.0214646	0.0366768	-0.0239059	-0.0115898	0.0273838	0.0152858	0.154421	-0.0269763	2.54233e-05	0.0139397	0.0756184	0.0282786	0.440783	0.131866	0.193841	-0.00559578	0.0728418	-0.00123568	0.00161832	
0.0361558	-0.0184818	0.0470467	-0.0226872	-0.00980664	0.0247326	0.00172001	0.10741	-0.0231374	0.000284751	0.0167829	0.079741	0.0340514	0.316391	0.218925	0.157519	0.000273431	0.0627568	-0.0145744	-4.28729e-05	0.00111852	0.00349495	
0.0365237	-0.020134	0.0429151	-0.02358	-0.0108474	0.020656	-0.000812834	0.214217	-0.0253328	-0.000756022	0.0140611	0.103361	0.0328867	0.269709	0.184134	0.191134	-0.00213948	0.0673127	0.00480382	
0.0291955	-0.017657	0.0530556	-0.0236495	-0.0108474	0.0170005	0.00995959	0.242035	-0.0259923	-0.000756022	0.01346	0.099562	0.0293853	0.308981	0.135635	0.212247	-0.0015439	0.14302	0.0044128	
0.0384997	-0.0189641	0.0408845	-0.0236365	-0.0108474	0.0177318	0.00613617	0.229732	-0.0266873	0.000268823	0.0146524	0.146673	0.0352366	0.423802	0.109151	0.169636	-0.00604443	0.106342	0.00781885	
0.0381663	-0.0151725	0.0442577	-0.0236413	-0.0115911	0.0239233	0.0199059	0.193878	-0.0265545	-0.00230206	0.0140268	0.117267	0.0360673	0.232208	0.0801149	0.176482	-0.00495621	0.0933738	-0.00248095	0.0111142	0.0320922	
0.0381663	-0.018715	0.0314013	-0.0236413	-0.0115911	0.0258138	0.00576898	0.180856	-0.0262294	-0.00132889	0.0125	0.128604	0.036823	0.343089	0.2073	0.150649	-0.000779596	0.0884508	0.0161702	0.0354848	-0.000147986	
0.0369125	-0.0186901	0.0465837	-0.0225254	-0.0076257	0.0329753	-0.00631905	0.233385	-0.0236738	-0.000296419	0.0110799	0.0819569	0.028189	0.201132	0.199937	0.137543	0.000502908	0.118072	0.00377611	0.0159509	0	
0.0368881	-0.0210243	0.0252814	-0.0215542	-0.00710373	0.0172791	-0.0123416	0.221486	-0.0266778	-0.0014199	0.00978929	0.146245	0.0321723	0.28768	0.186586	0.166869	-0.00450992	0.0823085	0.00581132	-0.0040775	0.00276034	
0.0333582	-0.0208664	0.0364389	-0.0216788	-0.00787619	0.0199047	-0.00993751	0.119182	-0.0250334	-0.00199859	0.0145428	0.271067	0.0359935	0.29974	0.116818	0.14669	-0.00200808	0.10549	0.00547578	0.00247846	
0.0479637	-0.0200461	0.0330879	-0.0189607	-0.00599242	0.0249417	-0.00841617	0.100367	-0.0256187	-0.00256545	0.00835815	0.227716	0.03017	0.306332	0.117941	0.146123	0.000527858	0.188587	0.00619453	0.00492909	-0.0206352	
0.0545289	-0.0168837	0.0366705	-0.0199912	-0.0053022	0.0192763	-0.00483463	0.134642	-0.0257512	-0.00133302	0.0119698	0.0756167	0.0296956	0.371851	0.221745	0.170558	0.000702966	0.184388	0.00166417	0.00322231	0.0118113	
0.0517931	-0.018426	0.0299496	-0.0192661	-0.00620932	0.0269433	-0.00560146	0.176154	-0.0243084	-0.00117095	-0.00294722	0.140452	0.0302871	0.177243	0.215808	0.154038	0.00112923	0.172836	0.0101657	0.00655106	0.00510625	-0.00364581	0.0034865	
0.0430217	-0.0195267	0.0336295	-0.021148	-0.00765943	0.0121701	0.0067343	0.126261	-0.0252487	0.00956782	0.0111297	0.15484	0.0311644	0.445956	0.257373	0.171074	-0.000796218	0.128881	0.00128842	0.00124953	0.00434693	0.00868467	0.0491581	0.00397313	
0.0457384	-0.0198415	0.0267456	-0.021296	-0.00765943	0.0252433	0.00153883	0.122579	-0.0263238	0.0132978	0.00404087	0.0542589	0.0282865	0.368805	0.186056	0.190988	-0.00367953	0.105815	0.00105016	0.00254304	-0.00724834	
0.0443111	-0.0193864	0.0310847	-0.020815	-0.00717845	0.021651	0.00240505	0.123358	-0.0254385	0.00552432	0.013948	0.134442	0.0287674	0.237407	0.165043	0.139754	-0.000953942	0.251364	-0.000288816	0.00302402	-0.00361141	0.0178991	0	0.010187	
0.0408648	-0.0210493	0.0258871	-0.020716	-0.0075557	0.0290418	0.000186048	0.0858144	-0.0265276	0.0109393	0.0141034	0.0701232	0.0307083	0.382538	0.157436	0.161078	-0.000869451	0.158074	0.000412768	0.00310851	-0.00947176	0	
0.0488624	-0.0201919	0.028794	-0.020736	-0.00681691	0.0212163	-0.00273452	0.125247	-0.0258026	-0.00485957	0.0106332	0.105305	0.030716	0.276034	0.12136	0.148522	-0.00154076	0.209277	-0.000932045	0.00310851	
0.0492381	-0.0232221	0.0239782	-0.0215983	-0.00813834	0.0144638	0.00289433	0.170228	-0.0258083	0.01051	0.00969239	0.229458	0.0302582	0.420664	0.110415	0.169787	-0.000810973	0.145225	0.00253548	0.00141132	0.0173601	0	
0.0427672	-0.0170313	0.0355112	-0.0188938	-0.00533737	0.0207193	0.00270847	0.132338	-0.0251208	0.00160179	0.008354	0.101937	0.0305091	0.258486	0.138906	0.167058	0.00178608	0.114475	-0.00198927	0.00400837	-0.00494626	
0.0454775	-0.0243504	0.0383515	-0.0199704	-0.00675157	0.0202348	0.00785432	0.0962755	-0.0258604	0.0028741	0.0109758	0.112259	0.0323042	0.308032	0.287674	0.157145	-0.000370907	0.104909	0.00129935	0.00416337	0.0013416	
0.0361846	-0.018829	0.0419015	-0.0208902	-0.00606838	0.0166387	0.00506419	0.138929	-0.0248569	6.67919e-05	0.0127971	0.0509583	0.0328765	0.329782	0.272032	0.150503	-0.0018018	0.107418	-0.00153045	0.00321009	
0.0630875	-0.0195154	0.0293939	-0.0208902	-0.00606838	0.023214	0.00976852	0.203277	-0.0261479	0.00340812	0.00909201	0.0865443	0.0328765	0.419116	0.361053	0.159222	-0.000440198	0.179332	-0.00317895	0.0041897	
0.0375074	-0.0190828	0.0318424	-0.0213778	-0.00668073	0.0210869	-0.0019166	0.143623	-0.0257591	0.00196031	0.00811448	0.201886	0.0323888	0.354845	0.108302	0.169318	-0.00403912	0.0789291	-0.000657447	0.00354037	
0.0483741	-0.0229482	0.0287235	-0.0228688	-0.00932084	0.0242148	-0.00344254	0.119187	-0.0273855	0.000785142	0.00617455	0.0870784	0.0273721	0.51965	0.29441	0.16549	-0.00547201	0.148704	4.61766e-05	0.00249908	
0.038189	-0.0234308	0.0287235	-0.0242112	-0.0110072	0.0180039	-0.00419322	0.121087	-0.0274415	0.00429392	0.00727453	0.132649	0.0341561	0.264296	0.316534	0.130859	-0.00335814	0.216865	4.61766e-05	0.000804348	
0.0432559	-0.0226914	0.0400705	-0.0244639	-0.0110072	0.0227141	-0.00605885	0.11165	-0.0291745	0.00212017	0.00323699	0.154379	0.0304367	0.292385	0.157164	0.149468	-0.00224676	0.167229	-0.00156305	0.00204658	-0.00683888	
0.0412381	-0.0198957	0.0280161	-0.0232311	-0.00762525	0.0211513	0.00788072	0.145142	-0.0287957	0.00647637	0.0168833	0.161133	0.0316532	0.635122	0.102215	0.133389	-0.00103023	0.0922669	-0.00457755	0.0032631	
0.0299162	-0.0232143	0.0323057	-0.0232311	-0.00951008	0.0274519	-0.00124856	0.106397	-0.0272082	0.0118666	0.0166074	0.160639	0.0281633	0.294973	0.144782	0.154493	0.000570955	0.0884233	-0.00151042	0.00327152	0.00192951	
0.0398765	-0.020349	0.0282736	-0.0235735	-0.00816487	0.0317322	0.014314	0.142794	-0.0252868	0.000683096	0.00319793	0.14497	0.0301475	0.2838	0.129385	0.131183	0.00105747	0.0996649	-0.00122934	0.00108126	
0.0390869	-0.0169136	0.0246367	-0.0233587	-0.00916058	0.0246384	0.0249873	0.123786	-0.0251991	0.00127893	0.00892251	0.130301	0.0331334	0.314917	0.280794	0.171257	-0.00489281	0.0781782	-0.00377846	0.00129194	0	
0.052084	-0.0177822	0.0269678	-0.0228201	-0.00845307	0.0230431	0.0132242	0.151921	-0.0260258	0.00390164	0.015869	0.159909	0.0332791	0.405298	0.220287	0.197698	-0.00543411	0.0868402	-0.00276171	0.00143765	
0.046347	-0.0242738	0.0239861	-0.021089	-0.00622914	0.0287688	0.00462835	0.172958	-0.0256757	0.00180012	0.00353916	0.255967	0.0282772	0.313674	0.388234	0.166628	-0.00139547	0.0979998	0.000147487	-0.0126275	0.0286928	0.00636453	
0.0455273	-0.0171962	0.0267013	-0.0201736	-0.00690694	0.0218719	0.0297988	0.134171	-0.0236937	0.0155982	0.00107046	0	0.0705466	0.0402262	0.313583	0.309921	0.119076	0.00268253	0.114944	-0.00121382	0.00411844	
