-0.0177036	-0.0241659	0.0272935	0.00381955	-0.0154484	0.0546319	0.0860764	0.062903	0.540431	0.145297	0.0458793	0.0416924	0.0768517	0.126526	0.0407132	0.112566	0.0593346	0.00910944	0.00995873	0.0209395	0.0560247	0.268087	0.00406373	0.0368183	0.106859	0.0392372	0.0533506	0.0436141	-0.0074079	0.0147131	0.116545	0.304093	-0.00949987	0.038318	-0.0005141	-0.0069485	0.34876	-0.0048202	0.0116829	0.00224115	0.00454877	0.0291445	0.0729253	0.0110633	0.00309436	-0.0376724	0.0115713	0.00643464	-0.00112337	-0.0007209	0.185535	0.02943	-0.051104	0.0335797	0.00723364	0.0114634	0.0536467	-0.0030487	0.0286012	0.0652592	-0.0625414	0.0518415	-0.0349775	0.00470984	0.493578	0.241809	0.526598	0.0111244	0.00767734	0.340525	0.0161204	0.00768784	0.0107031	-0.0037334	0.00586844	0.026631	0.0254482	0.0203394	0.0122809	0.0192829	
-0.0040091	-0.00999658	0.0252499	-0.00269144	-0.00580914	0.0642712	0.0977574	0.0527457	0.440958	0.114915	0.0266671	0.0668931	0.0379168	0.0725721	0.0577698	0.0957178	0.0838179	0.0211834	0.0148268	0.201768	0.0506922	0.0601403	0.113604	0.481464	0.280548	0.011059	0.0026356	0.127095	0.00887017	0.00484919	0.0517595	0.165543	0.0284498	0.0690671	0.0383455	0.0206115	0.025071	0.0957157	-0.04835	0.0548622	-0.041821	0.00266619	0.461756	0.253459	0.0505665	0.351946	0.0303124	0.00580601	0.0225586	0.0488736	0.0353524	0.027211	
-0.00995977	-0.04376	0.0206679	0.0512193	-0.00632576	0.0637311	0.0882759	0.0785602	0.464159	0.0699795	0.0196518	0.171851	0.0241032	0.0541026	0.0616891	0.0401496	0.0715984	0.0836274	0.00358426	0.074799	0.0183817	0.0246011	0.0526231	0.209119	0.000959397	0.304415	0.00592993	0.167484	0.115283	0.0129177	0.0445451	0.00792408	0.199616	0.0752976	0.0959988	-0.0748022	0.0184551	-0.00371881	0.20831	0.182295	0.0249985	0.0327562	0.0226491	0.017727	-0.00384056	
-0.0149674	-0.035903	0.0211721	0.0477212	-0.00632576	0.0711063	0.0946747	0.469957	0.0711339	0.033377	0.204735	0.0340107	0.0504184	0.0587082	0.0397694	0.143826	0.00561009	0.129972	0.0174195	0.0165654	0.291489	0.306511	0.00994242	0.199826	0.0987562	-0.0106138	0.0493768	0.232959	0.0396599	0.0513846	0.0609404	0.149672	0.0581949	0.128737	0.0132134	0.0237178	-0.00324378	
-0.0206537	-0.0215956	0.0201217	0.0479402	-0.0061068	0.0713253	0.0983997	0.539865	0.0570455	0.0166583	0.15933	0.050057	0.139389	0.0357307	0.00222599	0.0577731	0.0117422	0.0376931	0.127119	0.236008	0.0108485	0.0380537	0.149278	0.0817379	0.205285	0.0220361	0.0434502	0.0815818	0.120762	0.029304	0.149125	0.0841343	0.094363	-0.00187935	0.0555362	-0.00486816	
-0.0229771	-0.0191409	0.0215546	0.0520309	-0.0061068	0.0625749	0.115366	0.568874	0.0549568	0.0844097	0.095231	0.0631876	0.152174	0.0215673	0.0222796	0.124776	0.0628301	0.174575	0.00876023	0.173365	0.029038	0.0313158	0.114031	0.10861	0.0591843	0.0871064	0.212736	0.112772	0.243436	0.0201653	
-0.0199666	-0.023262	0.0215546	0.0449733	-0.0061068	0.0613341	0.0870477	0.53007	0.0552738	0.069187	0.166564	-0.000283214	0.0378413	0.0204509	0.134281	0.0164548	0.0588597	0.00858336	-0.000971003	0.0026835	0.0826201	0.169315	0.00735633	0.235894	0.0218867	0.0265465	0.160961	0.116583	0.0522885	0.176713	0.131076	0.0346534	0.144959	
-0.0186643	-0.0350738	0.0215546	0.0428133	-0.0061068	0.0634374	0.10484	0.56564	0.0635543	0.0785434	0.178448	0.167908	0.0509111	0.177336	0.0129353	0.0323448	0.0119931	0.060162	0.0602832	0.0525865	0.0790641	0.00944354	0.014094	0.0816341	0.103104	0.118186	0.337918	0.19921	0.148647	
-0.0325311	-0.0229678	0.021535	0.0428133	-0.0061068	0.0654094	0.105599	0.507853	0.10358	0.061684	0.104927	0.15598	0.131642	0.245666	0.00898026	0.0353745	0.0110569	0.133983	0.0439299	0.0302396	0.149113	0.0123131	0.0123734	0.0674566	0.0819324	0.0565573	0.207297	0.106494	0.0350639	
-0.0229298	-0.0363828	0.0206475	0.0407151	-0.00612181	0.0664973	0.1015	-0.00155398	0.175899	0.061684	0.0676712	0.169391	0.157259	0.118704	0.0115841	0.0649652	0.0169477	0.182734	0.507853	0.029169	0.0173753	0.100308	0.0107487	0.0320426	0.00331924	-0.0018987	0.0021428	0.0791101	0.110935	0.0344425	0.219361	0.169581	0.0474817	
-0.0203027	-0.0317557	0.0236345	0.044482	0.0342118	0.0705957	0.0523385	0.106309	0.105532	0.0630519	0.0856021	0.111195	0.142675	0.0975735	0.0226831	0.0346358	0.133586	0.537449	0.0376761	0.028034	0.125316	0.0105149	0.0447149	-0.00608437	0.0814481	0.00115755	0.0105656	0.14226	0.137683	0.201669	0.105403	
-0.0329798	-0.028382	0.0192522	0.0418283	0.032389	0.0698652	0.0665892	0.110677	0.120424	0.0668215	0.055183	0.0991339	0.202752	0.1328	0.0104679	0.0429821	0.108436	0.486743	0.0296527	0.0654547	0.135322	0.0105149	0.0286143	-0.00615458	0.0884613	0.105645	0.0794918	0.109823	0.0942512	
-0.0247554	-0.0441511	0.0192522	0.0440086	0.0364096	0.0698652	0.0223027	0.0989567	0.123546	0.0732985	0.0622204	0.214674	0.321091	0.110874	0.00897522	0.0393403	0.182828	0.486743	0.0557925	0.0241015	0.157943	0.0105149	0.0271057	-0.00615458	0.0519902	0.159158	0.0215222	0.224003	0.175997	
-0.0181291	-0.0343649	0.0189209	0.0417287	0.0309109	0.0677166	0.0223027	0.108915	0.207131	0.0624545	0.0666846	0.120371	0.0969343	0.178326	0.0165286	0.111111	0.47963	0.0118035	0.0322892	0.152688	0.0105149	0.0353633	-0.00607886	0.0438484	0.0922718	0.0398639	0.0145162	0.208342	0.142516	
-0.0173992	-0.0242712	0.0187733	0.0485703	0.0174564	0.067294	0.0338373	0.10059	0.166886	0.0626458	0.0544891	0.191484	0.132595	0.176473	0.121301	0.145821	0.0275167	0.154014	0.507703	0.0552029	0.030905	0.151451	0.0099478	0.0395466	-0.00608837	0.0592979	0.194803	0.0114225	0.0108831	
-0.0307553	-0.0385836	0.0178584	0.0371685	0.0246262	0.0783228	0.0773936	0.108588	0.214245	0.0679194	0.0640299	0.205478	0.301248	0.181955	0.110813	0.157724	0.00807842	0	0.0198682	0.197784	0.524382	0.0937193	0.055593	0.0794548	0.0116522	0.0249447	-0.00609955	0.0592551	0.167422	0.0143463	
-0.0239986	-0.0417707	0.0197033	0.032842	0.0327487	0.0755389	0.0376965	0.113055	0.122347	0.0629112	0.0640109	0.294454	0.314063	0.13322	0.0995059	0.166572	0.0168949	0.0155873	0.00830102	0.0262988	0.170359	0.475973	0.102199	0.0821225	0.0831219	0.0105167	0.0371257	-0.00600886	0.0447505	0.158204	
-0.0463752	-0.0358454	0.0160336	0.03888	0.0199072	0.0755389	0.0761567	0.094022	0.174889	0.0577514	0.0698897	0.172579	0.13728	0.14379	0.140616	0.168603	0.0093841	0.0105932	0.0257465	0.153215	0.00177773	0	0.0211851	0.0814553	0.453657	0.106612	0.0303155	0.105883	0.00991665	0.0376751	-0.00576688	0.0272348	
-0.0440615	-0.025173	0.0174863	0.0400299	0.00709493	0.0755389	0.050088	0.0861343	0.113019	0.0541889	0.0567302	0.132108	0.110373	0.189752	0.264528	0.134097	0.0130581	0.00857747	0.147409	0.202182	0.0237378	0.00476314	0.453657	0.0551984	0.0240877	0.17378	0.00820021	0.0393333	-0.00597537	0.030004	
-0.0353161	-0.0313122	0.0172803	0.0353454	0.0274395	0.068537	0.0925464	0.0903974	0.113452	0.0595694	0.0736537	0.150614	0.174436	0.172685	0.150666	0.189513	0.0054255	0.00700194	0.160412	0.0593901	0.0279366	-0.00453918	0.529048	0.0637214	0.0788607	0.0297167	0.201324	0.00982107	0.0423192	-0.0129773	
-0.0448396	-0.0390888	0.0206363	0.0390585	0.0282668	0.0674824	0.0796554	0.0819186	0.112092	0.0654029	0.0549223	0.125002	0.107936	0.107581	0.190968	0.166231	0.00473989	0.00805652	0.134201	0.164949	0.0220052	-0.000858673	0.592825	0.0621203	0.0397562	0	0.00275724	0	0	0.0308023	0.106746	0.00805503	0.0452675	-0.0141149	
-0.0945409	-0.0271764	0.0187425	0.036567	0.021983	0.0624489	0.109463	0.0891789	0.164712	0.0557615	0.0539775	0.192425	0.0688968	0.492331	0.206052	0.265606	0.00662797	0.00686483	0.132941	0.548292	0.0252328	0.061639	0.0426979	0.0561283	0.134996	0.0105924	0.0464259	-0.0128557	
-0.0772824	-0.028477	0.0184313	0.0369484	0.0130953	0.0653734	0.109391	0.0826418	0.109765	0.054332	0.0852718	0.0893331	0.230012	0.164608	0.125783	0.249518	0.439383	0.00702073	0.124047	0.0067082	0.03031	-0.0129194	0.0140238	0.0500184	0.190446	0.00838366	0.0431142	
-0.0608246	-0.03186	0.0201788	0.0394949	0.0252012	0.0631272	0.129504	0.114206	0.0589054	0.109895	0.113675	0.287773	0.180358	0.219607	0.145373	0.447506	0.00702073	0.000353496	0	0.0707142	-0.0129397	0.0159192	0.0780839	0.311406	0.0272717	0.160606	0.10241	0.00918803	0.029994	
-0.0694403	-0.0361233	0.0194814	0.0441769	0.0244638	0.0697705	0.0284475	0.116198	0.101154	0.0605509	0.139365	0.331545	0.198037	0.167835	0.157323	0.218961	0.486225	0.00702073	0.00209775	0.0765227	0.0538885	-0.0128104	0.108844	0.125551	0.0525791	0.195265	0.0907844	0.00969295	
-0.0900546	-0.0258229	0.0210599	0.045709	0.0137141	0.0669677	0.0235197	0.0981721	0.126163	0.0619825	0.0785738	0.193342	0.19434	0.22214	0.115516	0.229367	0.419416	0.00798991	0.00866152	0.0482524	0.0791287	-0.0139012	0.0343545	0.148761	0.0671031	0.280528	0.047803	0.00915964	
-0.0776105	-0.0393163	0.0217841	0.0440902	0.0495924	0.0600482	0.0306389	0.0988963	0.125531	0.0762002	0.121105	0.0849747	0.231022	0.161472	0.195302	0.235635	0.0501303	0.00871414	0.00909399	0.0554139	0.032801	-0.0136642	0.208596	0.188853	0.000621279	0.0312349	0.539298	0.0132348	-0.00389764	0.0623449	
-0.0656487	-0.0424906	0.0197229	0.0427751	0.0243171	0.0602704	0.0367376	0.096831	0.135296	0.0762129	0.0702329	0.106102	0.216804	0.133894	0.198984	0.236034	0.219691	0.00832179	0.0101682	0.0417307	0.0559271	-0.0134843	0.182419	0.191779	0.0596776	0.508317	0.00794498	0.0879843	
-0.0538541	-0.0311335	0.0219325	0.0481854	0.021206	0.0591448	0.0274847	0.112721	0.126484	0.0658307	0.0996299	0.0975323	0.0980687	0.137554	0.144706	0.110526	0.113231	0.00668366	0.00111025	0.0611589	0.038588	-0.0118462	0.265337	0.211879	0.0311298	0.488283	0.00301757	-0.00516249	0.0731488	
-0.084045	-0.0315927	0.0229959	0.0381955	0.0128252	0.0591448	0.0557367	0.0795245	0.113089	0.0624696	0.0654761	0.0790167	0.153802	0.27899	0.172525	0.164873	0.0871943	0.00774706	0.0038271	0.04557	0.0245862	-0.0116221	0.155484	0.104468	0.0294697	0.493856	0.00389887	0.10089	
-0.0618539	-0.0423075	0.0224973	0.0523215	0.0377222	0.0591448	0.0693369	0.0870806	0.104043	0.0711263	0.103724	0.241193	0.132075	0.120041	0.10448	0.167281	0.0844547	0.00774706	0.0038271	0.0565028	0.0196006	-0.0116221	0.135003	0.107817	0.0562408	0.539659	0.00184006	0.0767724	
-0.0591549	-0.0375844	0.0219925	0.0468241	0.0770338	0.0573978	0.0519992	0.0976133	0.0894263	0.0761115	0.0954381	0.106883	0.217065	0.205679	0.0273268	0.0439553	0.00724227	0.000510936	0.0304561	0.0246163	-0.0118225	0.272135	0.26043	0.030586	0.501233	0.000265655	0.207837	
-0.0704864	-0.0404088	0.0213342	0.0468241	0.0526297	0.0617524	0.0414773	0.0743609	0.0951134	0.0761115	0.0640749	0.156055	0.284155	0.40745	0.0539802	0.0656264	0.00698317	0.000770396	0.037117	0.0811646	-0.0115438	0.193349	0.12134	0.035511	0.47858	0.00243722	0.142744	
-0.0685634	-0.035518	0.0216768	0.0426979	0.164284	0.0608372	0.0315854	0.0975742	0.0979632	0.078196	0.0644758	0.070763	0.0896917	0.208972	0.0077048	0.0385143	0.0819693	0.00824109	0.066344	0.191644	0.0913203	-0.0125277	0.160655	0.148701	0.0991365	0.556198	0.000554638	
-0.0639475	-0.0468983	0.0224964	0.0419631	0.109024	0.0543966	0.0392379	0.102558	0.110849	0.078015	0.0695749	0.0863579	0.0985832	0.111254	0.00652606	0.0729089	0.0565599	0.00755779	0.0496123	0.134485	0.0250937	-0.0119383	0.214761	0.0886826	0.0437253	0.474182	0.00145362	
-0.0771949	-0.0394434	0.0224964	0.0419631	0.119856	0.0631954	0.0488609	0.0958086	0.145449	0.0738947	0.0841093	0.170674	0.137096	0.190276	0.00504226	0.0918754	0.102549	0.00724713	0.0320104	0.254097	0.0233433	-0.0116277	0.185759	0.106225	0.0405424	0.456839	0.00202991	-0.00826146	0.000230109	
-0.060203	-0.0305624	0.021411	0.0421752	0.170424	0.0729917	0.0267328	0.0997723	0.115359	0.0726697	0.056527	0.124681	0.17807	0.270154	0.00790166	0.0610436	0.0652306	0.00724713	0.028219	0.165043	0.0335607	-0.0115594	0.180544	0.147447	0.0327605	0.417364	0.00219741	-0.000109808	
-0.0643359	-0.0499087	0.0192653	0.041822	0.165606	0.0585625	0.0436076	0.0965288	0.101043	0.0817278	0.0523991	0.159291	0.263639	0.255367	0.00424888	0.0956816	0.0776494	0.00746023	0.0338093	0.268429	0.0211936	-0.0116969	0.385146	0.144005	0.0493437	0.384676	0.00168304	0.00207656	0	-0.031148	
-0.0605504	-0.039827	0.0221089	0.0504151	0.112234	0.0710461	0.0360552	0.112778	0.132825	0.0671892	0.133138	0.148765	0.208005	0.148414	0.00492481	0.0745882	0.0837797	0.00766266	0.0495869	0.260109	0.0644762	-0.0118993	0.229125	0.150796	0.0366508	0.448448	0.00085853	0.000995519	-0.00297891	0.00699054	0	
-0.0700146	-0.0548671	0.0217461	0.0474164	0.150724	0.0574628	0.0297131	0.104395	0.108388	0.0789124	0.093793	0.126594	0.224996	0.261771	0.00628165	0.066735	0.0635595	0.00756797	0.0397385	0.247561	0.0248073	-0.011789	0.252097	0.133695	0.0216782	0.440439	0.00123916	
-0.055882	-0.031029	0.0206202	0.0448138	0.0744417	0.0632819	0.0272807	0.0944686	0.0909538	0.0590888	0.101879	0.11127	0.189333	0.215104	0.00701424	0.0730294	0.0440568	0.00666013	0.0452747	0.211213	0.055806	-0.0108812	0.202038	0.147149	0.0510835	0.377803	0.00182839	
-0.0610656	-0.050581	0.0206202	0.035558	0.051059	0.0696373	0.0441539	0.090194	0.133486	0.0737558	0.0675864	0.140555	0.242795	0.203134	0.00688317	0.127025	0.0460584	0.00746275	0.0366671	0.16929	0.0419607	-0.0116838	0.183006	0.174603	0.0617625	0.398319	-0.000468134	
-0.0480151	-0.0307256	0.0202546	0.0505451	0.0928207	0.0687064	0.0190202	0.121495	0.119958	0.0621734	0.1081	0.118913	0.183969	0.226335	0.00834923	0.0782636	0.0961218	0.00848737	0.0330951	0.218572	0.0285968	-0.0126148	0.139388	0.240184	0.0430532	0.417209	-0.00139908	-0.0426613	-0.0030732	0.00323412	
-0.0566054	-0.0489075	0.0239216	0.0463716	0.0516378	0.0684774	0.0412983	0.109684	0.12756	0.0748209	0.0672482	0.101456	0.0977014	0.285484	0.00420912	0.0800696	0.113005	0.00848737	0.0308952	0.248036	0.0492639	-0.0125699	0.195152	0.085259	0.0547592	0.430633	-0.000787415	0	
-0.0778828	-0.041379	0.0247417	0.045406	0.0472119	0.0681503	0.0378909	0.101372	0.129389	0.0659777	0.0973355	0.142217	0.113025	0.174748	0.00420912	0.0792061	0.0577167	0.00881445	0.0398286	0.230168	0.0445763	-0.012912	0.0869301	0.117638	0.0473723	0.412058	-0.0011145	0	-0.00183058	
-0.0526147	-0.0344743	0.027149	0.0464213	0.0633817	0.0673656	0.0307442	0.0889433	0.142337	0.0719374	0.0478617	0.127531	0.113353	0.287722	0.00556073	0.0642175	0.0544157	0.00992727	0.0553839	0.280612	0.0318154	-0.013744	0.175438	0.105119	0.0803497	0.412386	-0.0016487	
-0.0442261	-0.0359565	0.0254282	0.03925	0.0766995	0.0652717	0.0216057	0.103972	0.108528	0.0719374	0.0610623	0.0945267	0.179882	0.316217	0.00601736	0.0653335	0.0207745	0.00992727	0.0294653	0.18365	0.0578688	-0.0136384	0.155915	0.202764	0.11411	0.429947	-0.00210532	0	0	
-0.0511732	-0.0447329	0.0243634	0.0494148	0.0726004	0.0652717	0.033792	0.106017	0.140861	0.075268	0.0578394	0.181454	0.160021	0.294942	0.00834136	0.0738014	0.0432536	0.00974077	0.0303731	0.180004	0.0637377	-0.0138456	0.0920001	0.114806	0.0957089	0.419326	-0.00206643	0	
-0.0387067	-0.0296855	0.0241735	0.0426674	0.0793771	0.0664771	0.03742	0.119846	0.105087	0.0623096	0.0482193	0.093492	0.181644	0.356533	0.0104439	0.0585176	0.0364323	0.00999733	0.0380861	0.136713	0.116069	-0.0141022	0.169561	0.148741	0.118806	0.469374	-0.00253279	0.00975011	
-0.0616842	-0.0538681	0.0237244	0.039886	0.0942011	0.0668639	0.0430133	0.121336	0.11403	0.0820918	0.0635072	0.124583	0.0807793	0.380649	0.00473635	0.16006	0.0474379	0.00961052	0.0428645	0.219019	0.106835	-0.0137154	0.199962	0.114138	0.175865	0.422026	-0.00214598	0.00468044	
-0.0575748	-0.0444141	0.0262823	0.0453235	0.0853507	0.0658606	0.049112	0.104801	0.116283	0.0673369	0.0518033	0.159964	0.100574	0.506745	0.00515794	0.107741	0.0639374	0.0106139	0.0377135	0.170478	0.0488591	-0.0146022	0.255735	0.0679934	0.164595	0.381098	-0.00163668	
-0.0688408	-0.0442409	0.0252968	0.0445929	0.101665	0.0617154	0.0714448	0.114898	0.11982	0.0711905	0.0733731	0.126541	0.176449	0.21794	0.0883896	0.0590658	0.0104816	0.0371186	0.223592	0.0434253	-0.0146444	0.223207	0.141572	0.152508	0.431773	-0.00150443	
-0.063118	-0.0310539	0.0254036	0.0409161	0.137901	0.0680775	0.0767441	0.101849	0.100773	0.0634488	0.0802384	0.121793	0.0925639	0.178899	0.140653	0.0436598	0.0114219	0.0205905	0.144247	0.0772554	-0.0153027	0.0910109	0.160073	0.0449005	0.421153	-0.0023379	
-0.0617023	-0.0349002	0.0268343	0.041273	0.0890135	0.0648803	0.0938618	0.13216	0.120177	0.0762571	0.103824	0.135109	0.0582137	0.298208	0.0860813	0.00120876	0.0417045	0.008594	0.0194464	0.215467	0.0719997	-0.0124748	0.140108	0.144817	0.0616751	0.409901	-0.000841386	
-0.0461869	-0.0454656	0.0265272	0.0395752	0.0932135	0.0625624	0.112158	0.150939	0.0816204	0.0775431	0.0797057	0.0791677	0.242031	0.252771	0.103839	0.0498485	0.0109119	0.0373686	0.170092	0.0645661	-0.0147927	0.174977	0.126105	0.0526273	0.409901	-0.00315928	0.023251	
-0.0658615	-0.053133	0.0271886	0.0395752	0.0632741	0.0586493	0.0465846	0.103189	0.107873	0.0794698	0.0635208	0.127544	0.102161	0.32535	0.13475	0.116481	0.0015331	0.0114919	0.0547059	0.136503	0.0454567	-0.0153544	0.139263	0.115303	0.052636	0.433522	-0.0039303	
-0.0557508	-0.0493715	0.0271886	0.0377878	0.0898305	0.0579591	0.105368	0.121084	0.0911762	0.07544	0.0694351	0.224152	0.19642	0.285914	0.0976408	0.112019	0.0114919	0.0265553	0.219589	0.0369874	-0.0154097	0.140959	0.100142	0.0373722	0.493345	-0.00312509	
-0.0547851	-0.0553498	0.0271886	0.0417649	0.0741003	0.0613496	0.0834814	0.121084	0.0859844	0.0798322	0.0679995	0.138485	0.19534	0.224481	0.0646472	0.0513453	0.0118683	0.0107125	0.021535	0.283692	0.0482081	-0.015786	0.121717	0.0835071	0.0768566	0.411127	-0.00374435	-0.000826933	
-0.0645359	-0.0348462	0.0271567	0.0417649	0.0934034	0.0596992	0.0747844	0.112751	0.135685	0.0767947	0.0577887	0.100186	0.113518	0.292566	0.163296	0.0742705	0.0118683	0.0130941	0.0483474	0.141183	0.0404399	-0.0158317	0.14846	0.127123	0.0292547	0.463645	-0.00374435	
-0.0673938	-0.0398717	0.0301383	0.0418117	0.0349031	0.061921	0.0852699	0.0912846	0.0934816	0.0768416	0.0870268	0.284632	0.16622	0.238488	0.151956	0.0465791	0.0122946	-0.00412377	0.0301466	0.240056	0.044883	-0.016132	0.164044	0.101002	0.0622744	0.42333	
-0.0581113	-0.0365197	0.0244044	0.0355694	0.104294	0.0644849	0.0518189	0.102082	0.114631	0.0713896	0.0783675	0.102773	0.257615	0.248729	0.087803	0.078078	0.00960912	-0.00155986	0.013529	0.222894	0.090079	-0.0135816	0.224014	0.110218	0.0240847	0.511663	-0.00434762	
-0.0585339	-0.06089	0.0262838	0.0371505	0.0957072	0.0605656	0.0557355	0.141515	0.129855	0.0853883	0.0684806	0.199108	0.141825	0.27826	0.0375192	0.14164	0.0102255	-0.0012139	0.0156124	0.151607	0.0633809	-0.0142345	0.14243	0.0882366	0.0208074	0.519585	0	
-0.0536137	-0.0573006	0.0282176	0.0381433	0.0645919	0.0685702	0.0563167	0.111712	0.150046	0.0844763	0.0619175	0.257949	0.26391	0.388944	0.0701867	0.077356	0.0114591	-0.00287605	0.0151114	0.201932	0.0622605	-0.0153828	0.0910772	0.134005	0.0404774	0.443418	-0.000122191	0	
-0.0684563	-0.0445641	0.02754	0.0386767	0.104207	0.0685702	0.0468711	0.111712	0.161602	0.0830219	0.0512938	0.232371	0.193474	0.319475	0.0766044	0.114513	0.0114591	-0.00384059	0.0182264	0.197583	0.0911499	-0.0154132	0.0922459	0.0723446	0.0334975	0.52372	0.000203159	
-0.0776138	-0.0548808	0.0304127	0.0373646	0.168289	0.0554278	0.0439118	0.116044	0.106607	0.0868247	0.0713264	0.170411	0.120378	0.201656	0.0808941	0.0919877	0.0114591	-0.00311676	0.0189105	0.199328	0.0699117	-0.0154132	0.0979247	0.215987	0.0377808	0.461355	-0.000106839	
-0.0599107	-0.0465888	0.0275576	0.0344394	0.0995766	0.0623681	0.0534139	0.135029	0.0797969	0.0850736	0.0640095	0.115511	0.128861	0.274772	0.0926994	0.122284	0.0084334	-0.000979101	0.0165445	0.210383	0.0373469	-0.0141386	0.130402	0.130208	0.0422143	0.421305	0.000178695	-0.00175109	-0.000537475	
-0.0644338	-0.0530055	0.0275576	0.0392711	0.108542	0.0628499	0.087007	0.105552	0.117425	0.0876881	0.101878	0.0944931	0.28933	0.211484	0.0590922	0.146299	0.00914429	-0.000497367	0.0331847	0.158387	0.0483451	-0.0135354	0.228773	0.166502	0.0790755	0.458996	-3.78466e-05	-0.000558466	0.00297292	0.00198865	0	
-0.0842636	-0.043403	0.0276134	0.0326117	0.106585	0.0572813	0.0535822	0.113075	0.107105	0.0782069	0.0835194	0.134659	0.202696	0.159597	0.0975559	0.397373	0.0108743	-0.00210606	0.0233132	0.132005	0.0487794	-0.0153737	0.107601	0.16165	0.0611677	0.460464	0.000177697	-0.000442856	
-0.0482688	-0.0421331	0.0242711	0.0374157	0.0536652	0.0571194	0.0304696	0.117383	0.106387	0.0755778	0.0667211	0.10331	0.243839	0.186831	0.076045	0.221154	0.00951508	-0.00290031	0.0289363	0.151931	0.105022	-0.0152232	0.184491	0.211835	0.0225604	0.449534	2.71642e-05	-0.00170332	-0.00024257	
-0.0524253	-0.0277469	0.0242711	0.0374092	0.139023	0.0574307	0.0634738	0.126498	0.101738	0.0708313	0.0428521	0.123277	0.110721	0.186831	0.0916655	0.141487	0.00915054	-0.00297384	0.0239336	0.123692	0.063862	-0.0152232	0.120519	0.083499	0.125412	0.472384	-0.000339316	-0.00206786	0.00279203	0	
-0.0443824	-0.0387922	0.0250387	0.0303909	0.0614945	0.0574307	0.037139	0.126498	0.102953	0.0714022	0.0700617	0.150403	0.165748	0.160769	0.109754	0.0687665	0.00972139	-0.00203805	0.0258571	0.129982	0.0941733	-0.0152085	0.199469	0.116754	0.0302188	0.500328	-0.000176666	-0.00149701	0	
-0.0603464	-0.0448394	0.0209625	0.034375	0.0725766	0.0546587	0.0463524	0.126495	0.114264	0.0733835	0.113288	0.105211	0.126478	0.127126	0.135155	0.165708	0.00947086	-0.00158469	0.0377387	0.216205	0.0446991	-0.0145182	0.16395	0.163618	0.0232928	0.508123	-0.000173898	-0.00105467	-0.00402039	
-0.0508798	-0.0245012	0.0251623	0.0379886	0.0442481	0.0558741	0.0515739	0.0979662	0.114489	0.0715475	0.112681	0.0787231	0.2276	0.361233	0.0793694	0.167597	0.00848035	-0.000369243	0.0175602	0.132454	0.0530902	-0.0133301	0.138562	0.158314	0.0339159	0.502696	3.40889e-05	-0.000829736	-0.00132572	
-0.0667278	-0.0169992	0.021835	0.033019	0.0890289	0.0609795	0.0371933	0.135056	0.103973	0.0637184	0.0998117	0.323121	0.127881	0.129879	0.0609906	0.0881814	0.0081533	-0.000369243	0.0146262	0.189183	0.0524029	-0.0133247	0.155571	0.109552	0.0642502	0.395145	-0.000407785	-0.00115678	-0.000357708	-0.00037647	-0.00227578	
-0.0708748	-0.0114099	0.0223813	0.0332193	0.0989663	0.0619544	0.0572661	0.124042	0.114171	0.056602	0.0642165	0.217105	0.250305	0.198561	0.0723897	0.0891059	0.00917367	-0.0017659	0.0434623	0.135702	0.0861998	-0.0143451	0.172369	0.101649	0.0993239	0.479041	0.000102724	-0.00120231	0.00035768	
-0.0402835	-0.0330288	0.0223813	0.0309227	0.0457524	0.0493216	0.0345346	0.132266	0.108781	0.0711882	0.0585989	0.182849	0.073087	0.125364	0.089668	0.0769895	0.00917367	-0.0017659	0.0405014	0.0723461	0.0841806	-0.0143451	0.148078	0.117298	0.181916	0.472259	0.000239927	-0.00120231	7.76783e-05	0.0231683	-0.000806618	
-0.0375239	-0.0208185	0.0219917	0.033192	0.038163	0.0626277	0.043255	0.0933655	0.121404	0.0590894	0.0557103	0.132867	0.176207	0.139508	0.145163	0.0908009	0.00845804	-0.00129604	0.0408915	0.117469	0.162349	-0.0136294	0.172388	0.162496	0.158629	0.458414	7.82935e-05	-0.00120231	0.000477743	0.00364484	
-0.0500307	-0.0290596	0.0216308	0.033192	0.0443489	0.0630295	0.03566	0.119245	0.115063	0.0709747	0.0565256	0.199201	0.10878	0.158443	0.149619	0.0507727	0.00805623	-0.000614677	0.0374956	0.115748	0.108108	-0.0133952	0.198317	0.13518	0.0982861	0.428663	9.17372e-05	-0.00120231	-1.54099e-05	0.000796037	-0.00249717	0.0247711	-0.000835908	
-0.0646274	-0.0366123	0.0227007	0.0339129	0.0646977	0.0623469	0.0174477	0.119245	0.122069	0.0720729	0.0683316	0.121527	0.138917	0.137086	0.0877448	0.0219586	0.00873882	-0.00124449	0.027896	0.0903838	0.0787772	-0.0139673	0.24747	0.119556	0.0981393	0.479017	0.000148202	-0.00120231	0.000703915	0.00101836	0	
-0.0410079	-0.0232933	0.0224303	0.0355359	0.0242997	0.0593829	0.0311747	0.098876	0.117742	0.06454	0.09598	0.144609	0.205847	0.0930732	0.0956652	0.0386977	0.00867822	-0.000610259	0.0219954	0.105093	0.0638174	-0.0139938	0.196488	0.121917	0.0327841	0.384736	-8.97108e-05	-0.00126291	-0.000901305	0.00199376	0.0100086	
-0.0498823	-0.031985	0.0206543	0.0362347	0.0322055	0.0631562	0.0442882	0.101576	0.111416	0.0651554	0.104257	0.230706	0.0693741	0.282066	0.0757413	0.0497169	0.00623202	0.00147172	0.0324707	0.108193	0.103412	-0.0116223	0.194312	0.126094	0.0959625	0.446363	-1.49673e-05	-0.00142365	
-0.0497126	-0.0107169	0.017146	0.0349809	0.0550759	0.0609798	0.0308067	0.0959638	0.14829	0.0570297	0.133081	0.254933	0.133795	0.24674	0.129128	0.0278685	0.00909016	-0.00121901	0.0406024	0.115109	0.0932955	-0.0144394	0.252681	0.120529	0.0743504	0.400567	0.000292521	-0.00144383	
-0.0399559	-0.0227082	0.0214698	0.0372327	0.087823	0.0581685	0.0361574	0.10867	0.128286	0.0558496	0.169764	0.139109	0.160927	0.0991711	0.130188	0.0375029	0.009547	-0.00128791	0.045353	0.0798691	0.0832748	-0.0145083	0.293103	0.123687	0.0459115	0.400139	0.000549891	-0.0010559	
-0.0572147	-0.0374107	0.0217301	0.0326611	0.0480483	0.0578987	0.0311069	0.119628	0.111876	0.0700532	0.119542	0.149079	0.138386	0.140529	0.0525135	0.0677863	0.0086663	-0.000430045	0.0275271	0.095178	0.0498358	-0.0141228	0.215053	0.204665	0.0666952	0.467479	0.000698417	-0.00151332	
-0.0468179	-0.0290531	0.021958	0.0336414	0.0807961	0.0695216	0.0199793	0.125198	0.128873	0.0581152	0.151569	0.0875321	0.207107	0.142652	0.0581607	0.145893	0.00850821	-0.000933029	0.0457421	0.142633	0.0469461	-0.0139508	0.209151	0.253847	0.0521828	0.425934	0.000657754	-0.00167141	
-0.0542384	-0.027435	0.0217578	0.0401798	0.0606102	0.0642648	0.0396079	0.133851	0.123594	0.0564482	0.144128	0.148226	0.194706	0.128699	0.104968	0.174568	0.00900714	-0.00101946	0.0432182	0.0690966	0.0801264	-0.0144497	0.21527	0.16491	0.0469508	0.466209	0.00087656	-0.00147123	-0.00152485	
-0.0466636	-0.0270411	0.023793	0.0401798	0.079193	0.0660468	0.0413806	0.145414	0.123917	0.0574762	0.129243	0.193394	0.167881	0.133265	0.18062	0.128443	0.00754838	0.00187707	0.0392557	0.0919024	0.0689063	-0.0126558	0.190379	0.215176	0.0523913	0.45291	0.000379317	-0.00114798	0.000174036	-0.00417943	0.318203	
-0.043587	-0.0345019	0.0221646	0.0389478	0.0641065	0.0638774	0.0273374	0.130457	0.119184	0.0635136	0.115383	0.324691	0.0823507	0.144404	0.218661	0.128825	0.00971781	-0.000292361	0.0312753	0.144443	0.0627581	-0.0147991	0.199161	0.200519	0.0451197	0.414567	0.00076306	-0.00119326	0.0031363	-0.00189144	-0.00159117	0.0376464	
-0.0439893	-0.0418631	0.0226217	0.0469902	0.0483684	0.0636075	0.0402484	0.123945	0.117151	0.0666367	0.125425	0.317488	0.102387	0.228315	0.0858652	0.090988	0.00845341	0.000972041	0.0192502	0.0818068	0.0848623	-0.0136721	0.193791	0.169061	0.0356578	0.454834	0.00106505	-0.00124565	
-0.0376756	-0.0249608	0.0189499	0.0391199	0.0869126	0.071664	0.0253555	0.115065	0.118115	0.0666367	0.0883806	0.100036	0.161069	0.237018	0.145966	0.0830762	0.00741992	0.00121639	0.0190424	0.152428	0.084815	-0.0126783	0.148754	0.0923008	0.0182729	0.409168	0.000673743	-0.00124565	
-0.0445998	-0.0157218	0.0210226	0.0374319	0.0454235	0.0664697	0.0263001	0.106354	0.105439	0.0619077	0.115919	0.123815	0.313454	0.169804	0.214968	0.136671	0.00770319	0.00142658	0.0213776	0.12248	0.0976961	-0.0128878	0.208531	0.259442	0.0393057	0.409168	0.000440399	-0.00124565	0.000472526	
-0.0527519	-0.0312283	0.0188841	0.0496426	0.0983869	0.0656923	0.0242208	0.105269	0.0928992	0.0619077	0.084543	0.0826659	0.245382	0.196398	0.0578796	0.0453718	0.0100811	-0.000951369	0.0273716	0.151222	0.164555	-0.0150858	0.203854	0.118855	0.02632	0.452766	0.000290881	-0.0012097	
-0.0789375	-0.0260841	0.0188841	0.0496426	0.0990439	0.0661916	0.0426549	0.0979776	0.121813	0.054228	0.0827678	0.0978683	0.107697	0.149243	0.0702958	0.0990285	0.00958182	-0.000571202	0.0220759	0.137132	0.087209	-0.014773	0.28987	0.142769	0.041782	0.49564	0.000406259	-0.0012097	
-0.0576819	-0.0485182	0.0169742	0.0422727	0.15443	0.0595579	0.0236769	0.0885029	0.130703	0.0760666	0.0418247	0.135921	0.100277	0.113797	0.0861786	0.0993917	0.00944593	-0.00021924	0.0285129	0.0644599	0.105155	-0.0148148	0.18103	0.348514	0.0400027	0.440019	0.000503414	-0.00134824	0.000450085	
-0.100926	-0.0317363	0.0195086	0.0468269	0.134577	0.0610411	0.0191049	0.0852704	0.130191	0.0650026	0.0824411	0.195341	0.207653	0.105979	0.0673559	0.0939303	0.00833396	0.00126401	0.0239795	0.11401	0.040325	-0.0133315	0.211696	0.183426	0.0323994	0.440019	0.000443155	-0.000976961	
-0.0661902	-0.0180624	0.0157406	0.0468269	0.0717095	0.0618414	0.0249756	0.0936611	0.108122	0.0590617	0.0916269	0.222827	0.275444	0.199843	0.0761906	0.0997038	0.0072162	0.0025882	0.0163513	0.0875164	0.0879348	-0.0126792	0.231164	0.221157	0.0464763	0.440019	0.000333167	-0.00129443	
-0.0829829	-0.0283487	0.0220122	0.0454145	0.116595	0.0594462	0.0270306	0.0870657	0.110107	0.0590327	0.0665427	0.0831172	0.158347	0.198577	0.0745133	0.0715484	0.0072162	0.0025882	0.021571	0.103117	0.0657364	-0.012444	0.167502	0.399058	0.0185851	0.547766	0.000488412	-0.00159929	
-0.0831733	-0.0349776	0.0186296	0.0442794	0.0794535	0.0539601	0.0129542	0.0848132	0.12405	0.0588754	0.076319	0.134259	0.130017	0.22062	0.0866341	0.124402	0.0074066	0.0025882	0.0117096	0.075802	0.0759114	-0.0125891	0.253293	0.218194	0.0330735	0.51487	0.000633541	-0.00130787	0.0001809	
-0.0761228	-0.0338467	0.0193892	0.0480131	0.0561697	0.0552955	0.0176651	0.0882277	0.147261	0.0583181	0.0567586	0.122953	0.141564	0.156354	0.105287	0.0764177	0.00708738	0.00278979	0.0144034	0.146586	0.100091	-0.0124604	0.229782	0.278259	0.0225888	0.533302	0.000715682	-0.00142551	0.00328672	
-0.063513	-0.0250514	0.0214905	0.0422101	0.102818	0.0547755	0.0184127	0.0965075	0.14632	0.0603469	0.0595981	0.16107	0.0883619	0.138758	0.0947302	0.0462659	0.00765199	0.000740707	0.0188647	0.144922	0.0559941	-0.0129581	0.324831	0.120593	0.0852194	0.480797	0.000346397	-0.00138093	
-0.0691589	-0.0250834	0.0186016	0.046839	0.0520592	0.0557125	0.0187836	0.0963163	0.105094	0.0539515	0.0671933	0.120062	0.104807	0.12596	0.207449	0.0594453	0.00703796	0.00344049	0.00762445	0.125637	0.0554567	-0.0123464	0.325445	0.173176	0.0954699	0.505915	0.00054847	-0.00118973	
-0.0429898	-0.0310495	0.0231641	0.0449363	0.0651514	0.0619605	0.0166753	0.0987418	0.11048	0.0601502	0.0575619	0.0960107	0.115467	0.0707889	0.134746	0.0176015	0.00752745	0.002951	0.0101679	0.0604794	0.057686	-0.0128256	0.240146	0.079945	0.0734815	0.529657	0.00104621	-0.00133613	0.0115784	0.00025722	
-0.0543815	-0.0417743	0.0183041	0.0416735	0.0686216	0.0570221	0.0204209	0.0918524	0.111059	0.063623	0.0806481	0.0916496	0.140408	0.229805	0.102479	0.0255302	0.0077745	0.00103878	0.0104796	0.0896237	0.0370112	-0.0131152	0.323212	0.0994738	0.0470261	0.526243	0.000958064	-0.00137863	0.00694898	
-0.0446491	-0.0464486	0.0190005	0.0434004	0.0752677	0.056598	0.0220989	0.0945303	0.122839	0.0683849	0.0998472	0.122018	0.170146	0.179639	0.194505	0.0211951	0.00819866	0.00193794	0.0111347	0.113962	0.041223	-0.0135393	0.190273	0.111364	0.056999	0.534989	0.000597846	-0.00137863	-0.0134614	
-0.0678399	-0.0352931	0.0220122	0.0423682	0.0534531	0.0611638	0.0182554	0.082956	0.124559	0.0580898	0.0695992	0.11867	0.163037	0.115106	0.198357	0.0571736	0.00849959	0.00136025	0.0116276	0.139181	0.139353	-0.0137459	0.219027	0.239917	0.0446119	0.440882	0.000567223	-0.00137863	0.000932641	0.00121192	
-0.0675362	-0.038576	0.0220204	0.0458619	0.090326	0.0601823	0.0188397	0.0832156	0.111282	0.0680193	0.0815698	0.0918217	0.156211	0.132731	0.115718	0.0738424	0.00973853	-0.00139128	0.0120906	0.101636	0.147335	-0.0148437	0.315265	0.213393	0.0506937	0.537902	0.000584397	-0.00112927	-0.0129902	-0.00252526	
-0.0459199	-0.0441517	0.0229077	0.0458619	0.152837	0.0603536	0.0465047	0.088856	0.150023	0.0668455	0.114797	0.157314	0.142034	0.159143	0.199797	0.0664201	0.00957147	-0.00121998	0.0146935	0.111437	0.188513	-0.0146951	0.209658	0.138251	0.0275189	0.471049	0.000731701	-0.00112504	
-0.0678749	-0.0524971	0.0229077	0.0504891	0.0857636	0.0564908	0.0355874	0.118076	0.134034	0.0715941	0.0713546	0.111236	0.162358	0.242125	0.151992	0.124719	0.00828122	0.00127655	0.0245044	0.108233	0.0640116	-0.0133821	0.15789	0.0911226	0.0884521	0.502115	0.000708905	-0.00112504	0.00916001	
-0.0618323	-0.0540604	0.023008	0.0568144	0.0881944	0.0665158	0.0244075	0.105436	0.127827	0.0803858	0.102637	0.203475	0.373942	0.329501	0.103343	0.063936	0.00834085	0.000786072	0.0139732	0.142255	0.0738952	-0.0138725	0.193798	0.156104	0.0757392	0.502215	0.000571041	-0.00165616	
-0.0423025	-0.035213	0.0267715	0.0520469	0.200811	0.063563	0.0194492	0.107221	0.127863	0.0688477	0.0683795	0.112846	0.174975	0.112728	0.200284	0.0508801	0.00928489	0.000979238	0.0128615	0.155937	0.0959337	-0.0148636	0.268638	0.171019	0.0594635	0.603227	0.00130619	-0.00161938	
-0.0385267	-0.0599607	0.0197378	0.0534791	0.171965	0.0712648	0.0228226	0.105708	0.114027	0.0803681	0.0728962	0.0845675	0.106908	0.108062	0.0913222	0.0480076	0.00800049	0.00234376	0.0103499	0.127119	0.115906	-0.0134338	0.233695	0.191129	0.11116	0.429214	0.000917807	-0.00137234	-0.000954586	0.00412899	0.000265083	
-0.0631064	-0.0320788	0.0214252	0.0488409	0.0826067	0.070896	0.0373656	0.0820458	0.138123	0.0554048	0.101855	0.154143	0.207391	0.0922571	0.0729315	0.0464422	0.0084843	0.00149693	0.00975521	0.102583	0.0488948	-0.01376	0.214531	0.253581	0.100486	0.500502	0.000676922	-0.00125738	0	0.00205541	
-0.0430775	-0.0216735	0.0218774	0.0523051	0.0504549	0.0642132	0.0436549	0.114065	0.218859	0.0588478	0.0856073	0.216154	0.266739	0.0753802	0.268111	0.0643563	0.00913355	0.00241058	0.0117975	0.144296	0.0451599	-0.0144329	0.216507	0.304209	0.0637858	0.426624	0.000714116	-0.00119351	0.0139992	
-0.0443444	-0.0315136	0.0245867	0.0428906	0.0509656	0.0616053	0.0362604	0.0999813	0.124025	0.0588478	0.0721713	0.284328	0.101084	0.0642477	0.120351	0.108409	0.0093208	0.00222333	0.0125621	0.0892963	0.0580439	-0.0145825	0.207824	0.312139	0.0259347	0.443021	0.00101749	-0.00119351	
-0.0462222	-0.0418894	0.0233234	0.0546388	0.0786381	0.0679548	0.0633316	0.110283	0.152453	0.0624056	0.151259	0.276137	0.0831988	0.0982042	0.11961	0.1528	0.00756451	0.00418846	0.00990577	0.0919159	0.0446338	-0.0126173	0.161072	0.142399	0.0584398	0.361727	0.000980487	-0.00106585	
-0.0438348	-0.0280659	0.0219909	0.0473301	0.0647199	0.0633988	0.0341719	0.0970715	0.0987887	0.0517751	0.0860593	0.305819	0.143031	0.0925966	0.0928212	0.0912497	0.00842131	0.00146924	0.0159374	0.121104	0.0708126	-0.0139776	0.251193	0.111135	0.0587915	0.474341	0.000503343	-0.00156929	0.000553234	-0.0035808	
-0.0436947	-0.0305026	0.0219407	0.0456872	0.0431949	0.0680357	0.0418384	0.0970212	0.171055	0.0557391	0.078974	0.125589	0.302065	0.108495	0.166295	0.0686117	0.00677128	0.00354678	0.0132003	0.116508	0.074772	-0.0123095	0.316682	0.203661	0.148252	0.474291	0.000223789	-0.00151906	
-0.028058	-0.0214092	0.0267056	0.0493165	0.0597305	0.0642625	0.0500072	0.083767	0.108785	0.0515155	0.114576	0.164952	0.228981	0.166522	0.180785	0.036984	0.00711549	0.00363461	0.0121181	0.0729831	0.134191	-0.0123268	0.194977	0.255609	0.0400267	0.423461	0.000759349	-0.00119211	0	
-0.0552005	-0.0247596	0.0267056	0.0454813	0.0918137	0.0697127	0.0537099	0.104117	0.112223	0.0517858	0.0616023	0.374971	0.100469	0.172585	0.194456	0.0911233	0.00711549	0.00415059	0.0138461	0.0697685	0.210631	-0.0124395	0.10041	0.0808809	0.0431886	0.409959	-0.0617687	-0.00119211	0.00103601	
-0.0407206	-0.0373804	0.0208853	0.0542441	0.101882	0.0604084	0.0734609	0.105902	0.111891	0.0615911	0.112631	0.171396	0.121753	0.344327	0.132134	0.102995	0.00825737	0.00300871	0.0102427	0.124366	0.121115	-0.0135103	0.0942926	0.128167	0.0597051	0.523103	0.00255822	-0.00145914	0.000964969	-0.21654	
-0.0421417	-0.0323644	0.0192643	0.0546092	0.0694861	0.0621189	0.0534749	0.108746	0.136888	0.0597889	0.0893302	0.196105	0.213334	0.0948176	0.0996273	0.0453654	0.00839903	0.00191776	0.0103727	0.0612009	0.0768979	-0.013652	0.100004	0.102719	0.0594797	0.507802	0.000517569	-0.00111278	
-0.0421417	-0.0320216	0.0173036	0.054707	0.150236	0.0604644	0.0499387	0.0965933	0.136888	0.0647529	0.0530397	0.187761	0.0969205	0.106635	0.150866	0.0615169	0.0100535	0.00125576	0.00976415	0.0974983	0.0857081	-0.015289	0.100513	0.158454	0.017466	0.530833	0.000664579	-0.00121056	-0.00120944	
-0.0533974	-0.0261022	0.0201336	0.0578978	0.0772666	0.0662445	0.0362341	0.118132	0.115426	0.0491509	0.0659653	0.180406	0.0796455	0.153159	0.128514	0.0953588	0.00756909	0.0037402	0.0138442	0.11289	0.0907251	-0.0127912	0.206217	0.145709	0.0373239	0.479665	0.000651268	-0.00106292	
-0.0456958	-0.0290701	0.0224655	0.0528752	0.0880458	0.0630383	0.0308221	0.103722	0.102542	0.0517211	0.0561821	0.237205	0.151609	0.160945	0.136095	0.111282	0.00717141	0.00264189	0.0152351	0.118066	0.103521	-0.0127305	0.119285	0.104976	0.0303591	0.525807	0.000479352	-0.00146059	
-0.0449977	-0.0290895	0.0227328	0.0416011	0.0947588	0.0611254	0.0344862	0.102854	0.11302	0.0517211	0.0626732	0.119695	0.182058	0.179656	0.122986	0.104163	0.00740749	0.0024058	0.0147018	0.108827	0.0518095	-0.012876	0.134879	0.127752	0.0300581	0.571917	0.000197035	-0.00172786	-0.00381465	
-0.0392207	-0.0230993	0.0215432	0.049888	0.0976212	0.0678245	0.0400024	0.085542	0.107771	0.0518244	0.0747863	0.147291	0.178276	0.0919231	0.13795	0.0498987	0.00751079	0.0024058	0.0146949	0.203275	0.0654596	-0.012876	0.175573	0.133464	0.00881049	0.485877	0.000606007	-0.00162456	-0.00468637	0.000470264	
-0.0434583	-0.027498	0.0215432	0.049888	0.0753064	0.0582513	0.0317884	0.12359	0.118887	0.0561731	0.0928215	0.296573	0.143899	0.186701	0.0954753	0.0511651	0.0101283	-0.000211707	0.013682	0.15391	0.0579832	-0.0155744	0.181395	0.106138	0.00708018	0.485877	0.000518492	-0.00162456	
-0.0572409	-0.0159487	0.0192396	0.0469939	0.123792	0.0719957	0.0348304	0.089321	0.0876551	0.0476744	0.0493841	0.111008	0.0846994	0.179891	0.0491478	0.0477228	0.00903934	0.000932452	0.0102771	0.216196	0.0603181	-0.014271	0.216338	0.120167	0.0152056	0.567481	0.000374483	-0.00125492	0.00386337	
-0.0451941	-0.031584	0.0192922	0.044395	0.0670893	0.0708982	0.0231105	0.117347	0.0996377	0.055549	0.0648266	0.146026	0.164193	0.127904	0.0397857	0.0320624	0.010026	-0.000165025	0.0136267	0.172926	0.0423407	-0.0153952	0.221354	0.201574	0.0253859	0.567849	0.000580081	-0.00127499	
-0.0468878	-0.03936	0.0192922	0.035779	0.0438558	0.0615974	0.0173116	0.112171	0.12629	0.0637272	0.0993294	0.287677	0.109442	0.220079	0.0699952	0.068944	0.00936148	0.000499542	0.0148366	0.131008	0.0802201	-0.0144422	0.182002	0.126235	0.0647472	0.557388	0.000643347	-0.00127499	
-0.0455935	-0.0443712	0.0193701	0.0466756	0.0340198	0.0651591	0.0246482	0.106087	0.123837	0.0624434	0.0547801	0.275196	0.166679	0.125122	0.120655	0.0809453	0.00797504	0.00188598	0.0134994	0.141143	0.0589262	-0.0132577	0.303618	0.167255	0.0415921	0.670478	0.000845235	-0.00135289	7.79006e-05	
-0.0507802	-0.0232682	0.0245457	0.0442921	0.0408208	0.0636344	0.00951461	0.0941912	0.107252	0.0559385	0.047205	0.200131	0.140945	0.220435	0.131494	0.0245566	0.00987191	0.0003612	0.023903	0.223017	0.0536938	-0.0147825	0.267515	0.122055	0.0230063	0.543743	0.000711208	-0.000980804	0.0427762	-0.000758192	
-0.0520834	-0.0222106	0.0199583	0.04315	0.042958	0.0640345	0.0258755	0.119415	0.133375	0.0536167	0.0900609	0.172354	0.0809071	0.161747	0.103844	0.136596	0.00893456	0.000543877	0.0298038	0.168591	0.0737849	-0.0142206	0.205478	0.1351	0.0428228	0.501606	0.00056324	-0.00151805	-0.000969483	
-0.0632272	-0.0272783	0.0198529	0.0470649	0.0440553	0.0752101	0.0229945	0.0935486	0.0780964	0.0592032	0.107751	0.35758	0.253701	0.10616	0.0584075	0.0604733	0.00831722	0.00116122	0.0306532	0.128301	0.048994	-0.0135651	0.130192	0.131232	0.110355	0.581396	0.000463208	-0.00141258	0.00745833	-0.00168923	-0.000855164	
-0.0521237	-0.0326982	0.0179769	0.0496804	0.0333895	0.0735486	0.0389823	0.107588	0.121612	0.0561721	0.0746759	0.427324	0.188406	0.217364	0.0414769	0.0604661	0.00812195	0.00145832	0.0252168	0.0983123	0.0401777	-0.0130343	0.164736	0.184185	0.0999788	0.48587	0.00103417	-0.000971637	0.000879109	0.00233052	0.000971637	
-0.0395752	-0.0296237	0.0180868	0.0451486	0.086397	0.0664279	0.0300579	0.0941419	0.128109	0.0577849	0.0640709	0.429203	0.11275	0.205861	0.0712804	0.0408304	0.00794649	0.00327079	0.0191922	0.181383	0.0515726	-0.0127607	0.110265	0.096737	0.0496435	0.626717	0.000841776	-0.000983342	-0.000599573	-0.000145563	-0.000946806	
-0.0546957	-0.0363265	0.0193946	0.0437592	0.0556391	0.0676796	0.0376124	0.091658	0.0999184	0.0577849	0.0774395	0.183651	0.120361	0.133677	0.0460772	0.0259368	0.00669476	0.00363162	0.0152017	0.100728	0.0479497	-0.0115679	0.133316	0.107326	0.0710329	0.626694	0.000861361	-0.000960115	-2.75468e-05	0.0104788	
-0.0439246	-0.0264619	0.021217	0.048179	0.0770811	0.0665524	0.0468873	0.114739	0.11769	0.049105	0.0774395	0.221601	0.170851	0.146938	0.0347539	0.0272743	0.00782203	0.00190961	0.0316305	0.081097	0.0385373	-0.0128204	0.154196	0.132353	0.066724	0.616531	0.0007066	-0.000960115	-2.75468e-05	-0.000218318	-0.00150994	
-0.0484169	-0.0394725	0.0185588	0.0461294	0.0808973	0.0656949	0.029711	0.115333	0.112613	0.0600732	0.0935698	0.167985	0.135221	0.101713	0.0656287	0.0618307	0.00867952	0.00129982	0.0385407	0.0951157	0.0142592	-0.0134352	0.16585	0.112512	0.0453438	0.543358	0.000870319	-0.000960115	-0.000338368	0	
-0.0469387	-0.0320535	0.0170589	0.0460041	0.05466	0.0641597	0.0303059	0.0796091	0.107457	0.0584524	0.0827287	0.096492	0.150104	0.22912	0.03889	0.0192759	0.00741061	0.00231509	0.0400803	0.164546	0.0141339	-0.0124869	0.161769	0.104149	0.0477407	0.481409	0.000218322	-0.00108839	-0.000619265	-0.00127172	0.0715703	
-0.0477171	-0.0303097	0.0176763	0.0434712	0.0288816	0.0759729	0.0392328	0.0866758	0.107457	0.0552078	0.106357	0.0811894	0.135616	0.178288	0.0360944	0.0456664	0.00746447	0.00300458	0.0391764	0.123594	0.0266206	-0.0125319	0.124793	0.172036	0.0683088	0.645216	0.000838831	-0.00108839	-0.00130422	0.0797716	
-0.0453949	-0.0336985	0.020657	0.041863	0.0178765	0.0667503	0.0162861	0.11487	0.118178	0.0585469	0.0884503	0.198998	0.235475	0.199581	0.0719965	0.0712784	0.00870237	0.00171699	0.0263198	0.195433	0.032485	-0.0133923	0.268394	0.134637	0.0522812	0.503346	0.000318919	-0.00113809	-0.0138195	0.00568751	-0.000217676	
-0.0566012	-0.027397	0.0209589	0.0232712	0.0321738	0.0643436	0.0191064	0.100087	0.128666	0.0585055	0.0755656	0.131658	0.309209	0.194917	0.0273557	0.0384034	0.0079827	0.00243279	0.0342204	0.106848	0.0299052	0.0386902	0.0981502	0.120965	0.125407	0.579283	0.000612672	-0.00143565	-0.0131935	-0.0024635	-0.000295949	
-0.0419192	-0.0282805	0.0208373	0.0638518	0.0365859	0.0952709	0.094038	0.0505432	0.108926	0.0835138	0.184094	0.136292	0.0420136	0.0410941	0.00826988	0.00214562	0.0165953	0.0758386	0.0306715	0.0373335	0.193429	0.0920437	0.0991261	0.602827	0.000535098	-0.0012161	-0.0133221	0.0436522	-0.00031366	
-0.052937	-0.0163202	-0.00944573	-0.00031366	0.0208373	0.0711887	0.0390913	0.100637	0.103736	0.0430955	0.11024	0.123726	0.147705	0.128097	0.0303307	0.0530503	0.00984062	0.000574877	0.0259682	0.105692	0.0296684	0.0427648	0.0904553	0.0781218	0.0608267	0.549265	0.00103617	-0.0012161	-0.0148929	0.0308924	0.000170089	
-0.0478563	-0.0297457	-0.000654899	0.0199739	0.0730364	0.0168207	0.0999882	0.134998	0.0487887	0.0975519	0.221297	0.151715	0.147969	0.0435264	0.125146	0.00799297	0.00237498	0.0236283	0.257553	0.0779723	0.0481077	0.220258	0.111606	0.067698	0.489227	0.000810088	-0.0012161	-0.0132555	0.0551039	
-0.0558007	-0.0282674	-0.000663098	0.0180145	0.0737379	0.0382416	0.1095	0.0949383	0.0572247	0.097772	0.214904	0.284104	0.161082	0.12876	0.109373	0.00799297	0.00237498	0.0212318	0.105702	0.0621488	0.0464595	0.407983	0.104103	0.0645867	0.524691	0.000563373	-0.0012161	-0.0130814	0.126006	
-0.0538328	-0.024852	-0.000363827	0.018968	0.00313697	0.0713437	0.0374397	0.122709	0.123118	0.0550383	0.0995783	0.167066	0.13379	0.131987	0.0365565	0.0403338	0.00931521	0.000386797	0.0202253	0.193229	0.0284924	0.0390931	0.259331	0.199314	0.145347	0.475638	0.00048228	-0.00164306	-0.0148444	0.061375	-0.00997379	
-0.0633111	-0.0407677	-0.000280905	0.0200481	0.0709055	0.0333257	0.11487	0.115379	0.0665314	0.10249	0.10063	0.106056	0.160603	0.0229541	0.0872265	0.0081813	0.00214882	0.0157839	0.14563	0.0301042	0.0530611	0.202103	0.112575	0.128853	0.510737	0.000511457	-0.000866714	-0.0130824	0.116027	
-0.0635609	-0.0281362	-0.000790862	0.0196957	0.0627757	0.0242955	0.129071	0.113615	0.0553251	0.066306	0.0871037	0.110077	0.289147	0.0442695	0.0755357	0.00726351	0.00109852	0.0192331	0.230889	0.0189777	0.0400132	0.215376	0.12201	0.0812657	0.545898	0.00074076	-0.00187681	-0.0132891	0.110073	
-0.0922757	-0.0354876	-0.000469452	0.0196603	0.0648116	0.023264	0.117554	0.138696	0.0613744	0.0780491	0.149345	0.0690297	0.161189	0.0317675	0.0696808	0.00806737	0.000584148	0.0161995	0.172936	0.0418551	0.0503839	0.215292	0.116282	0.0549706	0.514237	0.00087343	-0.00120504	-0.0132667	0.0595253	-0.000646657	
-0.0457383	-0.0413153	-0.000654428	0.0214049	0.067725	0.031321	0.090603	0.117016	0.0613744	0.0846973	0.0777806	0.331219	0.21997	0.0332127	0.103286	0.00957925	-0.000927729	0.0160236	0.256973	0.0394511	0.0396144	0.180489	0.120288	0.0994969	0.479924	0.000229239	-0.00120504	-0.0147374	0.0811975	
-0.0622118	-0.0309425	-0.000637345	0.020974	0.0738648	0	0.0331582	0.0999218	0.101198	0.0551829	0.0694689	0.160623	0.306431	0.126398	0.0541738	0.132446	0.00726183	0.000859745	0.0139252	0.356364	0.0242043	0.0435359	0.254171	0.146096	0.0802111	0.55026	0.000795924	-0.00173499	-0.0129543	0.0668352	
-0.0644784	-0.0305472	-0.000539067	0.0189813	0.0678627	0.0250034	0.117715	0.109733	0.0551829	0.0913394	0.230715	0.153821	0.169619	0.0544559	0.0770879	0.00671052	0.00141106	0.027621	0.188912	0.0412839	0.0428992	0.279874	0.109495	0.11402	0.529224	0.000895961	-0.00183326	-0.0123459	0.111496	
-0.0747528	-0.0341211	-0.00118211	0.018396	0.0589773	0.0192735	0.117461	0.100988	0.0531768	0.0984238	0.223216	0.144623	0.103336	0.0541242	0.0948438	0.00670943	0.00115535	0.0132376	0.190792	0.0297398	0.0425024	0.405151	0.236299	0.120162	0.425192	0.000990823	-0.00148504	-0.0123778	0.050619	
-0.0430945	-0.0253294	-0.001133	0.0209673	0.0555155	0.0296425	0.12976	-0.000107894	0.133171	0.0552594	0.0826134	0.114529	0.120978	0.0962731	0.0406717	0.0301452	0.0104964	-0.00216768	0.0123518	0.145641	0.0361168	0.034023	0.25573	0.139962	0.0947179	0.484611	0.000717929	-0.00148504	-0.0162019	0.0753618	-0.0292887	0	
-0.0561862	-0.0182847	-0.00021861	0.0212791	0.0654021	0.029575	0.118239	0.116482	0.0560056	0.0528807	0.182131	0.158215	0.131882	0.0200907	0.0404694	0.0076995	0.00266723	0.0302208	0.262061	0.0400201	0.0355387	0.212315	0.197341	0.0949232	0.450299	0.000631879	-0.00105065	-0.0126588	0.116975	
-0.0914851	-0.0284468	-0.000567709	0.0203967	0.0611353	0.0460794	0.108963	0.0945514	0	0.0600841	0.113355	0.145175	0.249378	0.204088	0.0192522	0.02764	0.0116241	-0.00256277	0.0268441	0.204173	0.0299114	0.0339483	0.172917	0.131822	0.091409	0.493388	0.00101535	-0.00139281	-0.0168003	0.0711102	-0.0059898	
-0.0608472	-0.0262569	-0.000568081	0.0229163	0.0628266	0.036425	0.115744	0.0719011	0.0569035	0.0512679	0.131676	0.12071	0.141682	0.0381367	0.0664506	0.00937871	-0.00108404	0.0151637	0.129543	0.062717	0.0397153	0.217828	0.121294	0.0669499	0.479949	0.000506999	-0.00194696	-0.0149658	0.0973167	-0.00531623	
-0.0684609	-0.0222539	-0.000593755	0.0185813	0.0736677	0.0508436	0.1198	0.129187	0.0569076	0.0924373	0.114156	0.105249	0.194193	0.0321832	0.0284565	0.00710808	0.000950518	0.0208388	0.125242	0.0349021	0.0396896	0.200264	0.0978565	0.0245596	0.514219	0.000539862	-0.00191723	-0.0126911	0.101534	-0.00242128	
-0.0724569	-0.0318613	-0.000593755	0.0191083	0.0717601	0.0254388	0.125325	0.118498	0.0623188	-0.00465816	0.0787255	0.130494	0.11656	0.120094	0.0245473	0.0257964	0.00930721	-1.58915e-05	0.0282275	0.139222	0.0441913	0.0449209	0.1822	0.128256	0.0180103	0.44626	0.000964417	-0.000684508	-0.013794	0.0321621	-0.00363424	-0.000531979	
-0.0791056	-0.0237093	-0.000636136	0.0210842	0.0659967	0.0240855	0.12154	0.10798	0.06081	-0.00342263	0.116724	0.0988273	0.124253	0.209213	0.0188192	0.088133	0.0105465	-0.00181327	0.0215698	0.159347	0.0492309	0.0401457	0.264881	0.113035	0.0444117	0.509065	0.000135016	-0.00134622	-0.0155894	0.0529966	0	
-0.0794237	-0.0203942	-0.000486157	0.0211593	0.0626387	0.0430108	0.11592	0.157256	0.0656552	-0.00702654	0.0845128	0.170979	0.139472	0.0964385	0.0960748	0.0750567	0.0096641	0.000564436	0.0207486	0.168887	0.0410794	0.0427944	0.24324	0.124777	0.0285673	0.514203	0.000168737	-0.00170239	-0.0150218	0.0345136	
-0.0543209	-0.0286539	-0.000486157	0.0213867	0.0656622	0.0253233	0.126541	0.128294	0.056908	-0.00528276	0.098825	0.17738	0.181414	0.147022	0.0276593	0.0787422	0.00919007	0.00129645	0.0187021	0.180241	0.102508	0.044937	0.223013	0.0863769	0.0497754	0.519248	-0.000276253	-0.00144441	-0.0140665	0.0541358	
-0.0641346	-0.038916	-0.000486157	0.0213867	0.0671513	0.029997	0.111145	0.16096	0.0689104	-0.00614557	0.0623965	0.122438	0.163303	0.122346	0.0602934	0.0448606	0.00843921	0.00169215	0.0289481	0.275813	0.0725161	0.0504416	0.27489	0.246016	0.0319073	0.53892	-0.000462977	-0.00179956	-0.0135843	0.0340344	0.000808606	
-0.0642853	-0.0424137	-0.000303681	0.0200659	0.0691505	0.0253975	0.140833	0.153353	0.0698314	-0.00447049	0.104429	0.154315	0.147346	0.138174	0.0360357	0.0575196	0.00860802	0.00046597	0.0192694	0.245314	0.0531997	0.0496064	0.15819	0.121155	0.0309263	0.504084	0.000208117	-0.00164889	-0.0136742	0.065888	
-0.0907216	-0.0260752	-0.000283917	0.0226086	0.0738463	0.0330515	0.131522	0.137264	0.0568714	-0.00347023	0.0763851	0.22068	0.130098	0.0804613	0.0289811	0.0912059	0.0085354	0.000297598	0.0196399	0.233066	0.0357663	0.0496064	0.273622	0.170135	0.03399	0.450275	4.9742e-06	-0.00188988	-0.0139747	0.0583073	
-0.0470378	-0.0256555	-0.000687538	0.0223539	0.066533	0.0136019	0.112301	0.122872	0.0575191	-0.00273924	0.0646871	0.167695	0.0708723	0.205954	0.0418212	0.130732	0.00918305	0.000297598	0.0274953	0.159606	0.0584755	0.042885	0.142042	0.0750628	0.0216138	0.426989	-0.000276061	-0.000987529	-0.0138973	0.0697555	-0.00136871	0.00195241	
-0.0620965	-0.02934	-0.000480457	0.0211468	0.0692799	0.0214746	0.158211	0.104956	0.058657	-0.00233343	0.0646871	0.0980332	0.181204	0.197184	0.0506181	0.0811295	0.00918305	0.00141007	0.0332075	0.189724	0.0577225	0.0429759	0.21768	0.0973888	0.0445241	0.474892	-0.000222744	-0.000987529	-0.0139342	0.102424	0.0156216	0.00563245	-0.0100609	
-0.0661717	-0.0293628	-0.000639131	0.0233977	0.0807164	0.0210191	0.107862	0.156115	0.0633848	-0.00143979	0.104815	0.186666	0.118288	0.0853854	0.0619906	0.160908	0.0097013	0.000891823	0.0358589	0.174257	0.0709154	0.0473729	0.239981	0.118836	0.0286293	0.447935	-7.92173e-06	-0.000987529	-0.0144524	0.0632234	
-0.100499	-0.0190566	-0.000781776	0.0203048	0.0670793	0.0201307	0.108918	0.156115	0.0462343	-0.00483201	0.0795074	0.258337	0.0980245	0.108072	0.0352624	0.137557	0.0097662	0.000826925	0.0352035	0.272561	0.0756846	0.0473729	0.135875	0.0868046	0.0991782	0.490037	-0.000127051	-0.000987529	-0.0144622	0.049798	
-0.0596063	-0.0308949	-0.000781776	0.0237902	0.0732594	0.0210276	0.119056	0.175471	0.0584121	-0.00280969	0.105779	0.196879	0.217247	0.165067	0.0907605	0.141848	0.00889345	0.000357735	0.0239204	0.212887	0.062571	0.0434933	0.215556	0.0987388	0.0386646	0.466908	0.000252387	-0.00133897	-0.0140645	0.0874316	
-0.0508075	-0.0132166	-0.000787047	0.0238145	0.0679483	0.0100157	0.102194	0.2414	0.0510108	-0.00230196	0.112421	0.0963749	0.0702569	0.128518	0.0600526	0.206389	0.00944916	0.00134612	0.0173162	0.128454	0.120251	0.0429774	0.349992	0.0843365	0.0944349	0.471381	0.000112661	-0.00100686	-0.0141241	0.0666792	0.0256789	-0.000625022	
-0.0682959	-0.0120244	-8.27484e-05	0.0241146	0.066204	0.0134189	0.12637	0.240969	0.0492006	-0.00113046	0.132779	0.153445	0.177651	0.218288	0.099762	0.101269	0.00881561	0.00154812	0.0156944	0.137545	0.0635576	0.0483227	0.235483	0.15305	0.142093	0.52983	0.000147964	-0.0017385	-0.0137528	0.0850742	0.023926	0.101113	-0.00222182	0	0	
-0.0528669	-0.014994	-0.000189067	0.0232396	0.0665386	0.0186062	0.103205	0.130045	0.0491905	-0.00548567	0.0631744	0.16139	0.123579	0.146755	0.0755794	0.0830696	0.00903105	0.00132258	0.0364159	0.222262	0.115236	0.0366028	0.235258	0.109936	0.0471988	0.52983	-0.000212101	-0.0017486	-0.0139783	0.0486192	0.0624657	0.103328	0	
-0.0770831	-0.016677	-0.000452076	0.0264111	0.0604113	0.0185477	0.103094	0.157315	0.0573733	-0.0103697	0.0901633	0.196332	0.239567	0.141198	0.0722556	0.123438	0.0111387	-0.000514214	0.0192191	0.110225	0.0565524	0.0349529	0.217296	0.144671	0.0312586	0.46846	-0.000110743	-0.000944008	-0.0155444	0.0384837	0.00508046	
-0.0459618	-0.0200782	-0.000474199	0.0220047	0.0623745	0.0370484	0.116323	0.109678	0.0600297	-0.00718168	0.0671	0.133602	0.142782	0.147269	0.0425298	0.0863948	0.0113103	-0.000514214	0.0156309	0.119676	0.0285444	0.0370741	0.0933012	0.168029	0.0299149	0.468747	0.00037708	-0.0010593	-0.0155444	0.0550766	-0.0119188	
-0.0574292	-0.0230493	-0.000474199	0.0238595	0.0706619	0.0188262	0.120673	0.121397	0.0598755	-0.00941449	0.0678059	0.168453	0.250534	0.200967	0.0319262	0.0824425	0.0113459	-0.000660683	0.0255275	0.183252	0.0544959	0.0370041	0.0717674	0.105722	0.0359267	0.468747	8.64461e-05	-0.00121358	-0.0158955	0.0725532	-0.0124713	
-0.054888	0.00198941	5.82544e-05	0.0238595	0.0683371	0.016721	0.0972674	0.140846	0.046201	-0.00846079	0.0684594	0.217833	0.133667	0.149668	0.0582232	0.0798704	0.0110608	-0.00130036	0.0336058	0.108057	0.0397327	0.044629	0.0950548	0.175439	0.024215	0.447135	0.000107473	-0.00120194	-0.0155324	0.086896	-0.0125797	
-0.0704416	-0.00528589	-0.000139668	0.0234291	0.069361	0.0237517	0.132246	0.118123	0.0480562	-0.00810803	0.0769249	0.217388	0.118341	0.287228	0.0518323	0.221723	0.0100066	-0.00034873	0.0324228	0.162302	0.0451713	0.0457134	0.151528	0.132653	0.0537453	0.505256	-6.50411e-05	-0.00174907	-0.0150254	0.0487867	-0.00297426	
-0.0511506	-0.0158753	-0.000622812	0.0233161	0.069361	0.0465573	0.100998	0.132604	0.0460449	-0.00582837	0.083381	0.109741	0.058998	0.0923678	0.124135	0.118925	0.0100066	-0.00034873	0.0437627	0.0885693	0.021419	0.0436844	0.223044	0.113015	0.040716	0.590149	-0.000284003	-0.00158792	-0.0149986	0.0500488	-0.0132216	
-0.041972	-0.0157092	2.38349e-05	0.0229404	0.0636208	0.0317287	0.106223	0.163599	0.0499367	-0.0102127	0.0874219	0.196163	0.146673	0.104358	0.0405741	0.0509049	0.0100804	2.94726e-05	0.0393164	0.137616	0.0368801	0.0436844	0.163752	0.157382	0.0343073	0.590149	0.00020927	-0.00158792	-0.0151343	0.0380188	-0.0148528	
-0.0650745	-0.0151749	2.38349e-05	0.0204529	0.0661854	0.0461595	0.138137	0.125731	0.0509964	-0.0062968	0.0626139	0.109681	0.213174	0.0980473	0.0766832	0.165597	0.00751584	0.00259405	0.0218626	0.154633	0.111954	0.0448548	0.147123	0.108709	0.0186961	0.590149	-0.000182017	-0.00158792	-0.0125698	0.0774616	-0.00452053	
-0.0397708	-0.0187003	-0.000324247	0.021218	0.065893	0.0495919	0.107857	0.113027	0.0528367	-0.00896374	0.0421833	0.232914	0.0833447	0.257462	0.0546971	0.0846188	0.00917018	0.000939721	0.0347045	0.138828	0.058023	0.0474734	0.165738	0.102718	0.0205078	0.539256	-0.000198607	-0.00158792	-0.0142655	0.0720153	-0.0122226	0.00161591	
-0.0548239	-0.0106769	-0.000334887	0.021218	0.0600897	0.0451646	0.129994	0.112958	0.0448133	-0.00893339	0.0600674	0.132682	0.121479	0.179648	0.0421098	0.093903	0.00868692	0.00243975	0.0355085	0.172669	0.0488755	0.0440734	0.113508	0.0642666	0.0147474	0.5283	0.000162263	-0.00158792	-0.0137601	0.071695	-0.00981386	-0.026262	
-0.0541173	-0.0316969	-0.000132217	0.0260605	0.0600897	0.0200857	0.178351	0.118527	0.0554596	-0.00886346	0.0780404	0.173216	0.155301	0.146894	0.0497359	0.135704	0.00868692	0.00243975	0.0301349	0.190205	0.0553036	0.0378272	0.192917	0.185757	0.0270182	0.468345	-0.000103692	-0.00158792	-0.0137541	0.0842216	-0.00778933	0	
-0.0497529	-0.0203405	-0.00010503	0.0259225	0.0611554	0.0314778	0.113415	0.120908	0.0593195	-0.00740177	0.111403	0.209461	0.102716	0.129228	0.0499926	0.04037	0.00916994	0.00147389	0.0328816	0.247316	0.0703024	0.0419129	0.15809	0.123687	0.0334248	0.487328	7.20344e-05	-0.00151641	-0.0141542	0.065207	0.00265557	0	
-0.046063	-0.0313211	-0.00010503	0.0232463	0.060616	0.059184	0.134429	0.113559	0.0587812	-0.00906748	0.0993746	0.0913964	0.156771	0.203675	0.059036	0.158102	0.0079783	0.00212729	0.0330086	0.168808	0.0400642	0.0393945	0.097088	0.196954	0.0410489	0.533909	4.54086e-05	-0.00205465	-0.0135008	0.0485089	0.0281959	-0.0123689	0	
-0.0608661	-0.0326017	-0.000659874	0.0231412	0.0597652	0.0310563	0.129019	0.102384	0.0582537	-0.00477699	0.120619	0.115985	0.118994	0.208468	0.0365624	0.175069	0.00847661	0.00192928	0.0355232	0.187276	0.0576607	0.0419751	0.130031	0.125876	0.069695	0.537241	0.000279565	-0.00194964	-0.0140855	0.0617454	
-0.0543417	-0.0284396	-0.000128596	0.0232885	0.0626835	0.0403363	0.129288	0.115834	0.0631926	-0.00730575	0.111305	0.0885147	0.103301	0.305221	0.174985	0.114841	0.0081919	0.0023488	0.0262112	0.116069	0.0846412	0.0393558	0.10271	0.0618195	0.0335839	0.463107	0.000352286	-0.00201059	-0.0138008	0.0737846	
-0.0553852	-0.0190325	-0.000169794	0.0213732	0.0561785	0.050216	0.108565	0.12164	0.0517216	-0.0093362	0.113422	0.143691	0.155961	0.144982	0.0978048	0.119252	0.0121715	-0.00300964	0.025616	0.207616	0.0485165	0.0443603	0.21662	0.0618195	0.0569632	0.423865	-0.000170759	-0.00179109	-0.0174018	0.100751	0.0291909	
-0.0476981	-0.00634214	0.000607284	0.0213732	0.05992	0.0563344	0.116826	0.121543	0.0469507	-0.00902552	0.0926747	0.249274	0.123611	0.190693	0.116945	0.282139	0.0121511	-0.0029892	0.0341037	0.100319	0.0774459	0.0439304	0.113418	0.103978	0.0352315	0.423865	-1.3925e-05	-0.00179109	-0.0175681	0.0402213	0.0482218	-0.00298385	
-0.053771	-0.0239344	-3.7512e-05	0.0227463	0.0632819	0.0650917	0.116892	0.122988	0.0544485	-0.00593532	0.0954463	0.10944	0.131906	0.107818	0.0541198	0.295495	0.00855819	0.000372761	0.0271509	0.129179	0.0583272	0.0481805	0.13357	0.0924422	0.061383	0.487842	0.000426211	-0.00208806	-0.0142061	0.0309993	0	0.00385886	0	
-0.0656696	-0.0133992	-0.000295079	0.0215962	0.0660202	0.0388572	0.117572	0.122988	0.0522414	-0.00870921	0.0642309	0.13691	0.100134	0.206088	0.0535208	0.26038	0.00850444	0.00158483	0.0428073	0.111965	0.0559762	0.0447285	0.159856	0.141751	0.0299913	0.451659	0.000438474	-0.00183049	-0.0143356	0.0968404	
-0.0544718	-0.0165199	-0.000263532	0.0215761	0.0696537	0.0656666	0.127353	0.0999621	0.0620806	-0.00377649	0.0541574	0.13245	0.13249	0.187027	0.0177606	0.0725378	0.00945884	0.00115293	0.0220225	0.175828	0.0853624	0.0447202	0.0852459	0.13372	0.0606244	0.591167	0.00083166	-0.00163063	-0.0147003	0.0505154	0.442625	
-0.0498642	-0.0143006	0.000260912	0.0252514	0.0629921	0.0273212	0.13138	0.131309	0.0581763	-0.00461551	0.079434	0.203355	0.160786	0.105468	0.052582	0.0400641	0.00869754	0.000787733	0.0396532	0.0838122	0.0608304	0.0423882	0.296565	0.228242	0.0630941	0.591167	0.000764645	-0.00163063	-0.013939	0.0637088	-0.00293664	
-0.0506097	-0.0249749	5.67393e-05	0.0242679	0.0552324	0.0313136	0.0960562	0.155227	0.0605531	-0.00315247	0.0660389	0.1942	0.107779	0.0948178	0.0511751	0.0424493	0.00863026	0.000787733	0.0307043	0.188238	0.0599019	0.0429982	0.17851	0.118736	0.0222094	0.464137	0.000183421	-0.00152023	-0.0137896	0.121916	
-0.0391942	-0.028049	0.000527277	0.0209426	0.0604021	0.0331731	0.106763	0.139335	0.0605416	-0.00457804	0.0673658	0.216751	0.167607	0.203014	0.0638163	0.046011	0.00995162	-0.000134388	0.0279494	0.169932	0.0423007	0.0448574	0.333255	0.111958	0.0697304	0.474446	0.000390378	-0.00153168	-0.0151833	0.0597096	
-0.0572013	-0.0235018	0.000230986	0.0257526	0.058292	0.023798	0.110017	0.119078	0.0603699	-0.00457804	0.0873478	0.156608	0.221257	0.13071	0.134507	0.0620169	0.00975599	-0.000134388	0.0173687	0.153339	0.0871505	0.0448574	0.159179	0.137281	0.0516431	0.474446	0.000372589	-0.00172731	-0.0151833	0.0789123	
-0.0756021	-0.0493658	-0.000291919	0.0251527	0.0579252	0.0290543	0.108839	0.136546	0.0783173	-0.00776543	0.106142	0.101088	0.136358	0.159945	0.0952759	0.0783809	0.0101001	0.000150426	0.0285079	0.137911	0.119854	0.0434705	0.22412	0.203036	0.0422509	0.474361	0.000320056	-0.0016651	-0.0154897	0.0601055	
