-0.099363	0.143157	0.00803211	0.0254018	-0.0061678	0.100198	0.12775	0.0771229	0.0232385	0.0331968	-0.038431	0.00514375	-0.064011	0.0953248	0.512936	0.00628049	0.0636338	0.0898166	-0.0622388	0.0495251	0.00187137	0.195378	0.0268603	0.0363578	0.0127672	-0.0669986	-0.0687958	0.0609328	0.144066	-0.0111566	-0.0290746	-0.0073148	0.0679206	-0.0325678	-0.0369162	-0.0571006	-0.02518	0.00490065	0.0186304	0.433765	0.0304865	0.00060265	-0.0655801	0.129135	0.0806228	-0.0078508	0.0529808	-0.0596279	-0.0302198	0.0145677	-0.0674157	0.0673771	-0.0725371	0.327807	0.413335	0.0015402	0.047094	0.220323	0.0881745	-0.0644728	-0.0029822	-0.063197	0.003622	-0.0555959	-0.0598189	-0.0659598	-0.0668049	0.0048848	0.00046602	0.0574951	0.0636318	-0.0298852	-0.035132	0.0231639	0.0090571	0.0168645	0.00078497	-0.0595938	-0.0180887	-0.0645834	-0.0654945	-0.0489344	
-0.0739423	0.172002	0.0090503	0.0345718	-0.0061678	0.0997297	0.12775	0.095774	0.0223662	0.0487226	-0.0429881	0.0456666	0.279528	0.00485023	0.0628389	0.0994316	-0.062185	0.0526339	0.027782	0.0214213	-0.0675918	-0.0642083	0.027428	0.0533565	-0.0111566	-0.0369162	-0.0551541	-0.0369456	0.0401015	-0.0344317	0.0141689	-0.0705041	0.0673771	-0.0726819	0.0999355	0.162431	0.0565982	0.0495146	0.140425	-0.0211093	0.0182304	0.0466973	-0.0644619	-0.0515157	-0.064292	0.0709687	-0.0259332	0.0557038	0.011156	0.0162692	-0.0662353	
-0.0728905	0.108255	0.00864006	0.0184508	-0.00631943	0.0952078	0.129746	0.0955291	-0.0682629	0.04593	-0.0416545	-0.0118878	0.0482157	0.00307416	0.0660087	0.0246658	0.0921492	0.0392682	-0.0362819	-0.0690128	0.0835717	0.0181881	0.0331796	0.0817543	0.0142508	-0.070804	0.120503	0.156166	0.0356508	0.0652294	0.0562911	-0.0652539	0.0160832	-0.0295503	-0.0685662	0.0111846	
-0.0553064	0.115982	0.00887252	0.0237682	-0.00631943	0.100855	0.123553	0.0652294	-0.0710153	0.0456433	-0.0403347	0.0552081	0.138684	0.030878	0.00838218	0.0623877	0.0246193	0.0182097	0.0446758	0.0226056	0.0190985	-0.0362819	-0.0678594	0.0538566	0.103262	0.0187686	-0.0703184	0.199156	0.0172817	-0.030904	0.104711	0.0440396	0.0200307	
-0.0482955	0.104236	0.00857755	0.0246966	-0.00649654	0.110098	0.106932	0.0672109	-0.0726557	0.0320599	-0.0377903	0.066293	0.0809336	0.104443	0.0192545	0.00708227	0.0137178	0.0346941	0.0586178	0.103182	0.0266523	0.0149843	0.0273925	0.0758839	-0.0324493	-0.0694095	0	-0.0722798	0.185666	0.0255102	0	0.0585971	0.0242482	
-0.0330224	0.121641	0.00812696	0.0170204	-0.00650827	0.109646	0.106932	0.0672109	-0.0691927	0.0318669	-0.0408158	0.0467514	0.0773481	0.0951547	0.104156	0.0170998	0.0169601	-0.0715236	0.16325	0.0668145	0.0631437	0.0274803	0.0528501	0.037214	0.0103341	-0.0334152	0.0543511	-0.0719209	0.0808315	0.0174381	0.088511	
-0.030432	0.167377	0.00689281	0.0170204	-0.00645745	0.109649	0.104162	0.067265	-0.0710308	0.0318669	-0.0429849	0.112988	0.111145	0.0840402	0.0494389	0.0139187	-0.0681385	0.0851802	0.115508	0.0355389	0.0326091	0.06627	0.035311	0.0274138	-0.0342001	-0.0720958	0.0188846	0.0109086	0.143876	0.0182632	0.0274551	
-0.0624053	0.122646	0.007045	0.0107528	-0.00633066	0.137895	0.126028	0.0673915	-0.0700499	0.0440808	-0.0405796	0.117203	0.132707	0.0029858	0.00445947	-0.0708385	0.0743719	0.105818	0.0387437	0.0232847	0.0344232	0.0273187	0.0310099	-0.0342001	0.0878869	-0.070983	0.222281	0.0122829	0.00450288	0.0200209	0.0626297	
-0.0325487	0.118486	0.00751841	0.0299129	-0.00707154	0.127721	0.119272	0.0679103	-0.0719032	0.0334778	-0.0392754	0.151346	0.0910801	0.086086	0.0637185	0.00214307	0.0792476	0.0428764	0.0311517	0.0167135	-0.0687453	0.0354261	0.0366578	-0.0374005	0.0709458	-0.0717541	0.209086	0.0106062	0.00632455	
-0.0419168	0.10121	0.00665837	0.0238733	-0.00725625	0.105405	0.121134	0.0657927	0.0527181	0.0362617	-0.036982	0.134829	0.000132018	0.0777814	0.0639791	0.00237506	0.17329	0.0185441	0	0.0575387	0.0380712	0.0200632	-0.067306	0.0214328	0.0274863	-0.0247018	0.0781136	-0.0705072	0.196052	
-0.0355068	0.127489	0.0075259	0.0250962	-0.00727941	0.118953	0.118227	0.0657927	0.212004	0.0319653	-0.0359785	0.146137	0.011158	0.0776317	0.132639	0.063133	0.00116995	0.116848	0.00955971	0.00450492	0.0300124	0.0183277	-0.0608749	0.0234632	0.0354722	-0.0337931	0.0666311	-0.071559	0.187815	
-0.0468898	0.148486	0.010215	0.01004	-0.00689706	0.112305	0.11727	0.0662028	0.18477	0.0372327	-0.0363588	0.164154	0.0151927	0.117915	0.165572	0.0439013	0.0381731	0.0793355	0.00268826	0.0139656	0.150594	-0.0716346	0.0174489	0.0290305	-0.0321834	0.0747666	
-0.0794736	0.147157	0.00940901	0.0154327	-0.00695832	0.124585	0.118232	0.0661416	0.16293	0.0459548	-0.038294	0.112451	0.0215552	0.0395489	0.046853	0.00182138	0.0407413	0.105296	0.00408443	0.0195347	0.12149	-0.0699975	0.0366183	0.0242791	-0.0302963	0.0716153	
-0.0647213	0.110171	0.0115792	0.0240108	-0.00743084	0.104033	0.153959	0.0673428	0.0806066	0.0390834	-0.0360061	0.07355	0.0113297	0.0134388	0.0230809	0.0334242	0.048804	0.159659	0.00488796	0.0146516	0.18125	-0.0728279	0.0178151	0.0271741	-0.0311396	0.0941082	
-0.0500329	0.126104	0.00650246	0.0261928	-0.00626062	0.0982384	0.127702	0.0684242	0.0582476	0.0354431	-0.0373904	0.0504957	0.0130868	0.00727367	0.0210841	0.0390351	0.040814	0.0788841	0.00486678	0.0167581	0.152736	-0.0732712	0.0200415	0.0351851	0.0807075	-0.0335629	
-0.0547541	0.127594	0.0144338	0.018955	-0.00737198	0.113581	0.110527	0.0673128	0.221419	0.0322746	-0.0373904	0.0829293	0.0174225	0.00984108	0.0589858	0.0503026	0.0545551	0.0641655	0.00895834	0.0198385	0.162477	-0.0733629	0.0176062	0.0372647	0.0801437	-0.0327033	
-0.0715724	0.124124	0.0181817	0.0169043	-0.00748284	0.115005	0.109386	0.0673128	0.229012	0.0426709	-0.0435268	0.153107	0.0130574	0.0249249	0.0226803	0.00817863	0.0243132	0.0832431	0.00443836	0.014902	0.143512	-0.0724564	0.0322538	0.0336447	0.0637397	-0.030168	
-0.0646644	0.120366	0.00869667	0.0136299	-0.00748284	0.106205	0.0943831	0.0673128	0.102796	0.0237474	-0.0398518	0.181484	0.0134505	0.0220779	0.0445995	0.0175207	0.0436691	0.0724431	0.00694833	0.0168998	0.144156	-0.07178	0.0281222	0.0433009	0.0936858	-0.0321132	0.00789181	
-0.0607395	0.132583	0.00707982	0.0338673	-0.00749033	0.125334	0.133663	0.0673128	0.104413	0.0365998	-0.0455151	0.0906736	0.012499	0.0447464	0.0712499	0.00798624	0.022167	0.0607088	0.00751734	0.0188239	0.137169	-0.0716592	0.021638	0.0191473	0.0635932	-0.0248199	
-0.0776456	0.120079	0.00591439	0.0336353	-0.00761153	0.111684	0.132799	0.0637906	0.119189	0.0411251	-0.0374446	0.17397	0.0122149	0.0326443	0.0446389	0.0075439	0.0421417	0.0630663	0.0064003	0.020229	0.0267285	-0.0706627	0.0255218	0.0410874	0.0825863	-0.0296074	0.000155032	
-0.0553787	0.0999365	0.0132698	0.0281575	-0.00755218	0.126711	0.115137	0.0693133	0.165581	0.0288524	-0.0435433	0.119031	0.00876898	0.0316379	0.0320693	0.0492104	0.0230942	0.0529256	0.00262825	0.0191775	0.0143819	-0.0741313	0.0257924	0.0186696	0.0713233	-0.0337324	-0.00573178	
-0.0484442	0.122792	0.00818575	0.0295387	-0.00755218	0.136404	0.11022	0.0671458	0.209448	0.0310199	-0.045393	0.0775432	0.0146718	0.0259939	0.0509629	0.0465338	0.0275391	0.126628	0.0046552	0.0179644	0.0216159	-0.0732943	0.0542776	0.0141175	0.0693633	-0.031565	-0.000444684	0	0	
-0.0368008	0.103555	0.00696141	0.0180491	-0.00682918	0.127394	0.124341	0.0678688	0.132697	0.0331857	-0.0458481	0.067255	0.0139104	0.0331813	0.176576	0.0517357	0.0402315	0.100776	0.00798264	0.0144757	0.0152039	-0.0725569	0.0691797	0.0244984	0.0699366	-0.0391834	-0.0270825	
-0.0755897	0.098485	0.0100678	0.0217354	-0.00682918	0.123917	0.118609	0.0678688	0.169949	0.0407394	-0.0365309	0.102415	0.0149948	0.0382916	0.041134	0.0186512	0.0552488	0.0588698	0.008427	0.0146881	0.0197067	-0.0737003	0.0615167	0.0389665	0.107081	-0.0274553	0.022815	
-0.0513515	0.108669	0.00854755	0.0324301	-0.00667138	0.135777	0.155074	0.0680512	0.196528	0.0406817	-0.0408371	0.0805124	0.0131697	0.0618761	0.0226675	0.0129966	0.0174865	0.0930285	0.00636161	0.0172988	0.0184865	-0.0728983	0.0783809	0.0300954	0.089966	-0.0295325	
-0.0562144	0.10065	0.00671726	0.0386096	-0.00667138	0.125449	0.128478	0.0680512	0.121481	0.0406857	-0.0413722	0.0456257	0.0192485	0.0538993	0.0169194	0.0282486	0.0336149	0.0822893	0.00309854	0.0153733	0.0153694	-0.0710204	0.0263191	0.0287269	0.066543	-0.0248865	0.0434954	-0.0255453	
-0.0687276	0.116158	0.0104517	0.0155038	-0.00740407	0.114029	0.165922	0.0664134	0.0710611	0.0315733	-0.0484665	0.0649341	0.0223717	0.0326863	0.0526811	-0.00843342	0.0558038	0.0759031	0.00322559	0.0183876	0.00760785	-0.0716155	0.0320312	0.0273537	0.0758289	-0.0228039	0.0486327	-0.0127143	0.197076	0.0293096	
-0.0536606	0.0965735	0.00796878	0.0284427	-0.00740407	0.129408	0.130647	0.0663836	0.211984	0.0372059	-0.0466814	0.0364486	0.0177729	0.0377267	0.112408	0.0329555	0.0505246	0.0617766	0.0131514	0.016015	0.0136479	-0.0723876	0.034032	0.0344404	0.0814947	-0.0343908	0.00651058	-0.015178	
-0.0373817	0.114466	0.00865247	0.0547975	-0.00740407	0.0998728	0.122225	0.0648122	0.109626	0.0416332	-0.046528	0.0597571	0.0139135	0.0227049	0.0739404	0.0349733	0.038255	0.0688734	0.00940215	0.0195032	0.0177259	-0.0709465	0.0558713	0.0263721	0.06649	-0.0330352	
-0.0552766	0.115746	0.00659172	0.0215904	-0.00718405	0.121664	0.121833	0.064999	0.112075	0.0431721	-0.0422458	0.0745938	0.0159613	0.0310478	0.0741519	0.0379277	0.0310489	0.0542668	0.00395245	0.0134258	0.0322262	-0.0699613	0.0470692	0.0207099	0.0726607	-0.0287192	
-0.0498878	0.0984384	0.00658919	0.0404821	-0.00718405	0.106627	0.11446	0.064999	0.199528	0.0431721	-0.0422458	0.0527309	0.0151658	0.0078105	0.0526518	0.0225407	0.0237788	0.113416	0.00364511	0.0187044	0.0322262	-0.068636	0.0494677	0.0217441	0.0740274	-0.0287192	
-0.073549	0.103178	0.0124252	0.0232195	-0.00720703	0.122261	0.140656	0.064999	0.187796	0.0321275	-0.038635	0.0566891	0.0152558	0.015267	0.0216767	-0.00997507	0.0181423	0.0478585	0.012237	0.0218987	0.0378868	-0.0691747	0.0350711	0.0181776	0.0799953	-0.0292092	0.0019898	
-0.0491274	0.116918	0.00925353	0.0281037	-0.00720703	0.116212	0.139314	0.0663405	0.190745	0.030786	-0.0429224	0.0384097	0.014824	0.0172182	0.0319251	0.0105493	0.0384176	0.114927	0.0159059	0.0163573	0.050318	-0.0720339	0.0235	0.0263097	0.100959	-0.0331588	0.0451944	
-0.0710829	0.0859406	0.00912325	0.0443283	-0.00797656	0.100461	0.10831	0.0630613	0.343135	0.0271531	-0.0382206	0.0316857	0.0162978	0.0215582	0.0109206	0.000374754	0.0203584	0.0677843	0.0135497	0.0173807	0.0528277	-0.0681662	0.0372991	0.0274493	0.0788173	-0.0306491	
-0.0779857	0.113802	0.0107435	0.0205228	-0.00789206	0.118251	0.140614	0.0646313	0.174569	0.017857	-0.0438322	0.0572444	0.0154769	0.0306853	0.0158795	-0.0206819	0.0237039	0.089558	0.0193867	0.0180403	0.0294177	-0.0684135	0.0275004	0.0161903	0.0633879	-0.033444	5.51943e-05	
-0.0555637	0.165743	0.00824539	0.0413158	-0.00776125	0.104722	0.131024	0.0647621	0.176459	0.0273031	-0.0441768	0.043208	0.0149546	0.035572	0.0184928	0.00553622	0.0178346	0.127122	0.0110063	0.0165824	0.0475637	-0.0681235	0.0248578	0.0235825	0.0767747	-0.034139	
-0.0531226	0.143319	0.0059053	0.0353966	-0.00709626	0.0920938	0.138817	0.0654271	0.0903421	0.0270356	-0.0441768	0.0495663	0.0148137	0.0111021	0.0543344	0.028455	0.0202317	0.128599	0.0162046	0.0163049	0.0565922	-0.0687709	0.040149	0.0273879	0.0688579	-0.0334209	
-0.0466172	0.140596	0.0060451	0.020313	-0.00709626	0.101706	0.126493	0.0654271	0.143675	0.0418998	-0.0441768	0.0397525	0.0120907	0.0247817	0.0719518	0.0379924	0.0158567	0.134642	0.00918863	0.0196286	0.0344219	-0.0686452	0.040013	0.00796501	0.0795782	-0.02138	
-0.0562071	0.152498	0.00851926	0.020313	-0.00709626	0.112373	0.106068	0.0654271	0.237066	0.0445923	-0.0434813	0.0373195	0.0126295	0.0121703	0.0992215	0.0264525	0.0375991	0.0679017	0.0105363	0.0265497	0.0492751	-0.0707424	0.0234686	0.0261915	0.0959614	-0.0269413	
-0.0855114	0.138061	0.0076451	0.024664	-0.00701161	0.111536	0.0952431	0.0654271	0.124896	0.0444553	-0.037573	0.0570692	0.0126295	0.00871196	0.0545124	-0.00838889	0.0178783	0.0737122	0.015594	0.0210883	0.0319799	-0.0694058	0.0308976	0.0186568	0.0688715	-0.0265528	0.00722926	0.0855957	-0.00324731	
-0.0595103	0.101191	0.00799687	0.0446403	-0.00678296	0.111599	0.0985921	0.0680691	0.106493	0.0421049	-0.0424066	0.0831064	0.0199384	0.0267657	0.0126489	0.0165028	0.0173657	0.0662066	0.0151895	0.0319661	0.0271149	-0.0722472	0.0310369	0.0211012	0.100411	-0.0256465	0.0231143	0.118257	-0.0682872	-9.25901e-05	0.00894427	
-0.0585817	0.125431	0.00994808	0.0235105	-0.00762322	0.109177	0.126364	0.0629111	0.224908	0.0437204	-0.0340327	0.052259	0.0156762	0.0176978	0.0241774	0.0120894	0.0122122	0.0660716	0.0204056	0.0236774	0.0441498	-0.0673324	0.0446389	0.025923	0.0892971	-0.0213288	0.0283449	
-0.0706676	0.118249	0.00668532	0.0277745	-0.00816484	0.1108	0.0962812	0.0654457	0.158048	0.0470121	-0.0341278	0.0775054	0.0130193	0.085748	0.0282705	-0.00600211	0.0166114	0.0657452	0.0266713	0.0175795	0.0383389	-0.0707356	0.020315	0.0732289	-0.0271081	0.00951887	
-0.0583223	0.123428	0.00770359	0.0234669	-0.00737881	0.100507	0.115819	0.0662317	0.126747	0.0393588	0.0331302	0.0138053	0.0254894	0.0515947	0.0197367	0.020414	0.08647	-0.044422	0.0233837	0.0410558	-0.0708502	0.0402903	0.0830733	-0.0266813	
-0.0548897	0.109366	0.00937259	0.0333937	-0.00742561	0.11339	0.140518	0.0662317	0.113441	0.0457467	0.086126	0.0487945	0.0140418	0.027151	0.0572774	0.0334611	0.0259965	0.0731095	-0.0410616	0.0214972	0.0323993	-0.0678216	-0.0305658	0.0302725	0.0349321	
-0.0615281	0.124926	0.00664311	0.0422248	-0.00749003	0.112894	0.102412	0.0660636	0.209465	0.0457467	0.0845278	0.0573187	0.0166944	0.159595	0.110298	0.00967453	0.0360764	0.0563312	-0.0463999	0.0236356	0.0330094	-0.0707694	-0.0325009	0.00306552	0.0241973	
-0.0542292	0.166943	0.00932416	0.0352046	-0.00735984	0.112894	0.105696	0.0661938	0.107786	0.0382389	0.09971	0.0801282	0.0101308	0.0647825	0.133614	0.0458582	0.0380472	0.0714452	-0.0443125	0.0202189	0.0446382	-0.0673881	-0.0271912	0.0280353	0.0369807	0	
-0.0578859	0.174676	0.009715	0.0331382	-0.00740135	0.12143	0.115197	0.0661938	0.191662	0.0358694	0.0717353	0.0418415	0.0131571	0.0577715	0.203271	0.0222339	0.0631469	0.131267	-0.0439828	0.0239264	0.045108	-0.068803	0.0377795	-0.0234508	0.0418486	
-0.0585088	0.155538	0.00984557	0.0159832	-0.00804427	0.121366	0.091957	0.0654876	0.190168	0.03584	0.0729728	0.0347941	0.0148435	0.030378	0.154975	0.0215024	0.0343462	0.139682	-0.0413308	0.0226858	0.0482556	-0.0715371	0.024959	-0.0013883	-0.0283797	
-0.0676604	0.164676	0.00848886	0.0415164	-0.00813124	0.121453	0.116018	0.0636387	0.0794464	0.0376171	0.104969	0.042104	0.0122174	0.0610945	0.115235	-0.00908527	0.0346867	0.141293	-0.0337842	0.0282487	0.0472743	-0.0687029	0.015415	-0.0303161	-0.00147364	-0.00807837	
-0.069972	0.142991	0.00722189	0.0499389	-0.00764428	0.121453	0.117568	0.064125	0.0550769	0.0421772	0.0801993	0.0783304	0.0181993	0.0742734	0.108372	0.0326042	0.0401714	0.132825	-0.0393657	0.024128	0.0318964	-0.0703642	0.0352015	-0.0549747	-0.0239771	-0.0323124	
-0.067336	0.160569	0.0120933	0.0214297	-0.00784582	0.121453	0.120242	0.0639235	0.116838	0.0483525	0.105841	0.0508009	0.0182943	0.0367244	0.077044	-0.00216077	0.0689887	0.115947	-0.043078	0.0208587	0.0429729	-0.0695986	0.0243728	-0.0191733	0.0038283	0.000490266	
-0.063505	0.13857	0.0117715	0.0311827	-0.00775828	0.0999249	0.120826	0.0637085	0.0578841	0.0486785	0.0421026	0.0184053	0.0383756	0.053374	0.0285137	0.0198087	0.0889855	-0.0415028	0.0200116	0.0338808	-0.0693057	0.0448663	0	0.083059	-0.0245515	
-0.0592222	0.137622	0.00664116	0.0162907	-0.00775828	0.12093	0.117845	0.06669	0.0696733	0.0490277	0.0510439	0.0216438	0.024464	0.0203221	0.0205099	0.0166212	0.0788524	-0.0385185	0.0221931	0.036183	-0.0706726	0.0308247	-0.0274903	0.0748485	
-0.0514448	0.13378	0.00850433	0.0334418	-0.0074267	0.13676	0.10394	0.0637784	0.0842842	0.0418601	0.0474261	0.0229185	0.0181906	0.0275383	0.0313014	0.0675857	-0.0411764	0.0189169	0.0751538	-0.0683143	0.0347943	-0.0301687	0.0263936	0.090349	0.00169975	
-0.058336	0.102157	0.0102245	0.0447535	-0.00828115	0.0967519	0.102582	0.0642819	0.0712285	0.0489688	0.0420463	0.0177166	0.0165316	0.034727	0.00618403	0.105047	-0.042877	0.0208181	0.0904264	-0.0703947	0.00928047	-0.0318924	0.0378439	0.0713463	0.00386404	0	
-0.053283	0.120607	0.0158196	0.039511	-0.00772168	0.093663	0.102582	0.0648599	0.157122	0.0517801	0.0500785	0.0167602	0.0196064	0.0280815	0.025468	0.171465	-0.042877	0.021392	0.0571351	-0.0708359	0.0295208	-0.0341774	0.0423566	0.0570381	
-0.0634915	0.143617	0.0135046	0.0578665	-0.00768557	0.0947171	0.0954943	0.0648599	0.1149	0.0439312	0.0567275	0.0136382	0.00556397	0.0143934	0.00748165	0.10067	-0.0444909	0.0215777	0.0555344	-0.0708921	0.030451	-0.0209015	0.0193888	0.0571638	0.000458589	0.00813824	0.00968291	
-0.0493013	0.0974639	0.00812272	0.0594067	-0.00817581	0.0956908	0.106709	0.0643697	0.0576167	0.0439312	0.0584593	0.0134853	0.00891761	0.00785146	0.0236076	0.105933	-0.0406782	0.0220841	0.0444272	-0.0716727	0.0120386	-0.0360145	0.0323665	0.073901	8.87946e-05	-0.000125085	
-0.0555882	0.142433	0.0091481	0.0436472	-0.00817581	0.112313	0.0997831	0.0643697	0.158172	0.0545391	0.0250158	0.0150537	0.0259092	0.0152883	-0.000616463	0.136284	-0.0431336	0.023292	0.0320973	-0.0704072	0.0166735	-0.032545	0.0268529	0.0998067	0	0.0227704	-0.0274561	
-0.0638355	0.1582	0.0105786	0.0216615	-0.00818271	0.106462	0.0733423	0.0643697	0.134878	0.0305002	0.0390545	0.0159877	0.0300092	0.0218101	0.0145037	0.0951511	-0.0411448	0.0200105	0.0294334	-0.0682776	0.0167744	-0.0326287	0.0247611	0.0897135	
-0.0613449	0.143949	0.0125512	0.0148401	-0.00782463	0.106462	0.101981	0.0653053	0.149392	0.0456991	0.0495265	0.0105187	0.087911	0.0796783	0.0149291	0.0932804	-0.0357744	0.0171286	0.035643	-0.071315	0.0215198	-0.0332767	0.0171795	0.0828605	-0.00147634	-0.0296991	0.000675457	
-0.0619264	0.121158	0.00746077	0.0163726	-0.00853215	0.100946	0.110041	0.0627153	0.103052	0.0475816	0.0491714	0.0120168	0.162826	0.124255	0.0156623	0.0649162	-0.0376949	0.0233673	0.0317646	-0.0691434	0.0278891	-0.0317293	0.0308312	0.0841646	0.040894	
-0.0484909	0.13414	0.00735062	0.0377964	-0.0080622	0.0983618	0.0863042	0.0631853	0.109654	0.0481388	0.0427542	0.0120069	0.0932605	0.221174	0.0143653	0.0769777	-0.037914	0.030112	0.0313484	-0.068836	0.0155173	-0.0317293	0.0168554	0.0895324	0.042046	
-0.0515272	0.118876	0.0083836	0.016547	-0.00802642	0.107498	0.0989341	0.0647906	0.0943671	0.0465692	0.0377017	0.00834158	0.0972382	-0.0709058	0.00472516	0.158995	-0.0328559	0.030112	0.0474156	0.0208082	-0.0300234	0.0179004	0.0716743	0.0293514	
-0.0482596	0.112831	0.0148551	0.0239353	-0.00783014	0.0992828	0.104554	0.0639866	0.160761	0.0531666	0.0319079	0.00862849	0.0868104	-0.0697292	0.0273038	0.123943	-0.0373259	0.0355234	0.0488963	0.0572541	-0.0306878	0.0189693	0.079636	-0.000136698	
-0.0555722	0.112831	0.0110238	0.0449181	-0.00783506	0.102545	0.0981154	0.0638348	0.126828	0.0494896	0.0250646	0.0131376	0.0696674	-0.0707433	0.0236613	0.082959	-0.0371741	0.0402173	-0.0294393	0.0138836	0.0787134	0.0264595	0.0267564	
-0.0608424	0.11819	0.011396	0.0454202	-0.00789108	0.106581	0.102533	0.063766	0.0587496	0.0439627	0.04135	0.015719	0.0241756	-0.0703341	0.0121268	0.0661919	-0.036254	0.0267164	-0.0363382	0.0122748	0.0680933	0.0263752	0.0355176	
-0.0562878	0.112976	0.0146068	0.0442431	-0.00789108	0.121856	0.097541	0.063766	0.0695426	0.0575999	0.0783886	0.0132683	0.0730348	-0.0703608	0.0247899	0.121201	-0.036254	0.0200274	-0.0297219	0.0102846	0.0604597	-0.00249012	0.000396164	0.014252	0.0260853	6.02658e-05	
-0.0581027	0.0999108	0.0120914	0.0431173	-0.00800669	0.10281	0.10279	0.0647763	0.0838805	0.0633568	0.0385894	0.0135869	0.0703674	-0.0705435	0.0169254	0.103865	-0.0388458	0.0357979	-0.034811	0.0115534	0.0655743	-0.016758	0.013513	0.04956	0.03241	0.000658614	
-0.0658104	0.0865757	0.0114791	0.0312004	-0.0076555	0.108009	0.10279	0.0651274	0.055471	0.0582646	0.0291566	0.00885291	0.0220809	-0.0714556	0.00258946	0.0679264	-0.0403356	0.0257016	-0.034811	0.0105717	0.0899836	0.00344769	0.000511857	0.0230254	0.0292839	
-0.0476453	0.11407	0.0129885	0.0336963	-0.0076555	0.116203	0.113103	0.0651274	0.103137	0.0629318	0.0505061	0.0116825	0.0165012	-0.071943	0.0281176	0.128689	-0.03592	0.0324935	-0.02867	0.012765	0.0781973	0.00292306	0.000403789	0.00575154	0.0125709	0.0387229	-0.00107383	
-0.0508948	0.100337	0.0115189	0.05813	-0.00765807	0.116206	0.125742	0.0651274	0.0802879	0.0611908	0.0387187	0.0128209	0.0399656	-0.0711447	0.0238134	0.12461	-0.0390029	0.0467027	-0.0259091	0.00999122	0.0900029	0.000245068	0.0255603	0.0315881	
-0.0576585	0.106414	0.0113581	0.0424532	-0.00771201	0.100131	0.122234	0.0650881	0.096837	0.0515073	0.0569305	0.0193025	0.0256428	-0.0694478	0.0262946	0.152479	-0.040276	0.0300412	-0.0364817	0.00878691	0.0939559	0.00597241	-0.00031643	0.0239635	0.0300357	
-0.0714121	0.0966547	0.0136944	0.0457607	-0.00763643	0.12071	0.114942	0.0652315	0.258116	0.0496475	0.0325267	0.0167007	0.0368053	-0.0706184	0.026951	0.156773	-0.0389281	0.0461272	-0.0287001	0.0174881	0.0635412	0.0410944	0	0.0244204	4.59642e-05	
-0.0583219	0.103418	0.0174868	0.0640219	-0.0070397	0.12071	0.110308	0.0658283	0.234165	0.0657872	0.0319152	0.0238519	0.0483281	-0.0710751	0.0394377	0.141384	-0.040111	0.0299748	-0.0350774	0.0210282	0.0758095	0.0378289	0.025713	0.00265398	
-0.0692934	0.123509	0.0147591	0.0187964	-0.00717938	0.119711	0.128893	0.0656886	0.0973615	0.0657872	0.0711571	0.0160015	0.199528	-0.0702743	0.0475863	0.195903	-0.0416926	0.0363105	-0.0329751	0.0155913	0.0950257	0.0378289	0.0230906	0.00396358	-0.000695668	
-0.0502195	0.107763	0.0143858	0.030775	-0.00749341	0.119711	0.126642	0.0653745	0.198409	0.0506554	0.0525216	0.0158094	0.0779762	-0.0705089	0.0687643	0.0974042	-0.0450643	0.0613993	-0.0339652	0.0272695	0.0910926	0.0394452	0.0196639	0.00384215	
-0.0391463	0.129148	0.00958027	0.0403767	-0.00738777	0.0972148	0.10845	0.066768	0.161454	0.0583836	0.0300584	0.0153982	0.058872	-0.0715851	0.0688179	0.0738222	-0.0432144	0.0322757	-0.0249725	0.0172456	0.0895662	0.0104789	0.017408	0.00267584	
-0.0466339	0.128477	0.012344	0.0291295	-0.00817961	0.105583	0.107378	0.0659364	0.139702	0.058587	0.0257035	0.0194235	0.0568478	-0.0728919	0.0641095	0.064961	-0.0429288	0.0402731	-0.0281318	0.0185444	0.0895264	0.0343161	0.0226789	0.00212396	-0.00063409	
-0.0452246	0.133493	0.00870626	0.026525	-0.00817961	0.103484	0.148663	0.0659364	0.0903812	0.0570118	0.0557635	0.0151123	0.094647	-0.0708592	0.0578431	0.0869155	-0.0436283	0.0537553	-0.0276061	0.010597	0.0747325	0.0254949	0.0183335	0.00646037	-0.0400629	0	
-0.0453176	0.124814	0.0101371	0.0306269	-0.0080834	0.100082	0.103213	0.0648363	0.0910065	0.0449169	0.0578091	0.0176136	0.0804627	-0.0709698	0.0669868	0.0708241	-0.0428409	0.0517345	-0.0248563	0.0118504	0.0793127	0.0278168	0.0211758	0.000964997	-0.0729229	0.0595707	-3.29047e-05	
-0.0426994	0.114833	0.0117826	0.0236574	-0.00734467	0.103309	0.100563	0.0682251	0.0895443	0.0611679	0.10025	0.0132942	0.0828086	-0.0741603	0.0471516	0.0761699	-0.0392014	0.0461918	-0.023966	0.00961686	0.0801588	0.0292445	0.0196271	0.0103912	-0.0498657	0.000100444	
-0.0670341	0.124099	0.0179854	0.027708	-0.00734467	0.105365	0.110497	0.0650709	0.107057	0.0645101	0.0569379	0.00986971	0.0816989	-0.0708311	0.0412427	0.121954	-0.0411941	0.0400096	-0.0204163	0.014286	0.140478	0.0173954	0.0200127	0.000218709	0.0127952	-0.00013137	0.0283112	
-0.0637369	0.137291	0.0104752	0.0583081	-0.00729099	0.1133	0.0995949	0.0651246	0.0962374	0.0580837	0.0562905	0.0163935	0.0338254	-0.0701959	0.0331924	0.0604743	-0.0411941	0.03835	-0.0255848	0.00898501	0.0870097	0.010787	0.0185605	0.00415848	0.000272974	0	
-0.0640636	0.120392	0.0117814	0.0406206	-0.00725957	0.107975	0.125121	0.0655762	0.0445186	0.0460671	0.0651751	0.0143897	0.0367989	-0.0705806	0.0383372	0.0869607	-0.04177	0.0470509	-0.0201562	0.0182832	0.0956228	0.0167582	0.0268271	0.00164226	-0.000117633	-0.00767636	-0.000353972	0	0	
-0.0701596	0.167852	0.0120461	0.0284376	-0.00727729	0.110398	0.0787023	0.0655585	0.112681	0.0460671	0.0584045	0.015452	0.103516	-0.0709179	0.011325	0.101116	-0.0459575	0.0475809	-0.0219673	0.020385	0.0847287	0.0352982	0.017543	0.00418348	-0.000192668	-0.0242678	
-0.0488239	0.129381	0.0112238	0.0380792	-0.00727729	0.106703	0.112886	0.0655585	0.0722162	0.0457884	0.0581607	0.00899687	0.0456643	-0.0717468	0.0574415	0.086439	-0.0469631	0.053592	-0.0209844	0.0200604	0.0774874	0.0249674	0.0287676	0.0101308	0.00460945	-0.000109355	0.0230317	
-0.0487704	0.142659	0.0104173	0.0110509	-0.00740847	0.10808	0.114302	0.0653288	0.0828441	0.0579023	0.0677799	0.0150689	0.0401162	-0.0688515	0.074789	0.0920043	-0.0444181	0.0499399	-0.0246693	0.0345952	0.0715007	0.0346596	0.0257842	0.0066541	0.0293614	-0.0676552	-2.21102e-05	
-0.0575432	0.134267	0.0128555	0.0106336	-0.00690958	0.12402	0.093966	0.0670712	0.0876018	0.0444623	-0.0259128	0.0448977	0.0115921	0.0417415	-0.0709938	0.0569302	0.158588	-0.0424228	0.0423718	0.030243	0.0790763	0.0176803	0.0258225	0.0054234	-0.0727413	-0.000251253	-0.00158726	
-0.0670856	0.136546	0.0110489	0.014125	-0.00785715	0.105312	0.0993998	0.0661143	0.0651932	0.0444623	-0.0242264	0.0554333	0.0106352	0.0263555	-0.0689814	0.051374	0.0698099	-0.041698	0.0373028	0.0234854	0.0976329	0.0268322	0.0263307	0.00446649	-9.61301e-05	
-0.0861441	0.156692	0.016236	0.0106929	-0.0082543	0.0987161	0.108007	0.0654318	0.224097	0.0442749	-0.0272074	0.0589169	0.0134295	0.0930719	-0.0701928	-0.00687551	0.109761	-0.045494	0.026243	0.0143744	0.114071	0.0348608	0.01992	0.00254832	-3.95806e-05	
-0.0518769	0.15359	0.0109356	0.0288038	-0.00793758	0.117921	0.0985067	0.0651245	0.0902721	0.0378005	-0.0266009	0.055256	0.015452	0.0739557	-0.0702999	0.058609	0.0828326	-0.0427631	0.0435416	0.0192431	0.111593	0.0797248	0.0192831	0.0129452	-0.000133829	0.00840031	0.0174942	-0.053135	0	
-0.0545288	0.107217	0.0130818	0.0329043	-0.00708288	0.121724	0.114473	0.0631444	0.0947	0.0464215	-0.0314355	0.0322697	0.0143092	0.0924268	-0.0636723	0.09391	0.087308	-0.0386906	0.0330702	0.0251134	0.0931256	0.0853527	0.0190602	0.0142749	-0.000114621	-0.0624388	0.0165692	
-0.0531711	0.121323	0.010171	0.0334947	-0.00708288	0.123373	0.104379	0.0643332	0.0744877	0.0452326	-0.0229748	0.0384283	0.00897899	0.0828051	-0.069397	0.0705663	0.0494926	-0.0403782	0.0407833	0.0231276	0.101129	0.115565	0.0200876	0.0115607	0.000240583	-0.00588095	-0.0969968	0	0	
-0.0598046	0.12521	0.0144436	0.017067	-0.00767583	0.120618	0.112714	0.0637402	0.0734683	0.0455312	-0.0278999	0.0494464	0.0134556	0.109408	-0.0676481	0.0127177	0.0767603	-0.043092	0.0403438	0.0180984	0.111473	0.09932	0.0193898	0.0121452	-0.000173652	0.00179356	
-0.0771352	0.147661	0.00972449	0.00430421	-0.00767583	0.122772	0.136644	0.0637402	0.103071	0.0501433	-0.027333	0.0762605	0.0155002	0.0816424	-0.0686503	0.0175892	0.0617577	-0.0451758	0.0315392	0.0260081	0.0870465	0.145982	0.0231401	0.00899174	-8.77978e-05	0.00382649	0	
-0.0485073	0.12822	0.0138411	0.0136632	-0.00733862	0.111665	0.111126	0.0636666	0.159577	0.0505541	-0.0236748	0.054982	0.0179275	0.13152	-0.0666462	0.0330658	0.090851	-0.0411937	0.0287967	0.0268683	0.0702343	0.0935706	0.0210932	0.00290073	7.37341e-05	0.00297459	0.0446772	
-0.0558686	0.111371	0.0106688	0.0031995	-0.00711232	0.125453	0.104395	0.065198	0.158848	0.0414306	-0.026873	0.0507348	0.0167464	0.0445599	-0.0691286	0.023506	0.0808465	-0.0420368	0.0237282	0.0184251	0.0849385	0.094426	0.0259438	0.0107159	8.48034e-05	0.0355499	-0.00490964	-0.00127701	
-0.0629607	0.0948841	0.0099309	0.027617	-0.00758337	0.111428	0.128316	0.0647919	0.0865857	0.0318803	-0.0365906	0.0412989	0.00996763	0.0709504	-0.0689593	-0.00148766	0.0947493	-0.0427458	0.0238653	0.0186841	0.0788162	0.0678362	0.0160217	0.00277495	0.000185687	-0.0427358	
-0.0486551	0.0935162	0.0118753	0.0145824	-0.00752813	0.115925	0.11001	0.0658724	0.0979317	0.0432801	-0.0301121	0.0623055	0.0110502	0.0402458	-0.0691591	0.0329571	0.0715802	-0.0438263	0.0287686	0.0265977	0.081391	0.0579882	0.0194974	0.00698228	6.19405e-05	-0.0627025	-0.0165267	0.0221182	
-0.0419164	0.123606	0.013789	0.016085	-0.0076084	0.115889	0.125227	0.0642527	0.0544268	0.06635	-0.0290246	0.118394	0.0131506	0.0676705	-0.0687658	0.0473454	0.0508772	-0.0349384	0.0391226	0.0380569	0.0818201	0.058926	0.0198454	0.00459191	-2.48972e-05	-0.0503967	0	
-0.0573655	0.123606	0.0102252	0.0294884	-0.0076084	0.130496	0.103283	0.0642527	0.0886874	0.054628	-0.03421	0.0648161	0.0195423	0.15834	-0.0700786	0.0318963	0.0989417	-0.0454143	0.0535592	0.0247181	0.0961664	0.0941526	0.0263881	0.00282876	-8.20041e-05	0.0101775	
-0.0399178	0.102083	0.00733875	0.0239193	-0.00734323	0.114175	0.103283	0.0644526	0.222664	0.0477087	-0.0269195	0.0349494	0.0199636	0.122189	-0.0699276	0.0299855	0.110415	-0.0416609	0.0413435	0.0139553	0.0711554	0.146817	0.0206806	0.00302027	-0.000147192	0.0110146	-0.00109661	0.0106066	
-0.068551	0.103199	0.00868008	0.00921316	-0.00749208	0.108291	0.0965127	0.0677369	0.132437	0.0411196	-0.0326307	0.103767	0.0113434	0.202084	-0.0713369	-0.0132419	0.0797004	-0.0446894	0.0662309	0.0214707	0.0978331	0.122763	0.0241352	0.00364287	0.000209932	-0.00461858	0	
-0.0691707	0.0918879	0.0136683	0.0107203	-0.00735941	0.0984653	0.106981	0.0678742	0.0803044	0.0411196	-0.0326307	0.06622	0.0175554	0.130356	-0.0729519	0.00078543	0.073664	-0.0446894	0.047367	0.010466	0.0894097	0.0859881	0.0219379	0.00872843	0.000214551	0.0128948	-0.012527	0.000404478	-0.00244754	
-0.0660727	0.103011	0.012527	0.0135177	-0.00806507	0.123435	0.0994349	0.0653742	0.0623491	0.0458614	-0.0267489	0.0397392	0.0153818	0.108138	-0.0722833	-0.00457	0.0586722	-0.0429692	0.0423537	0.0090952	0.0885726	0.114969	0.0147945	0.00380852	-5.22342e-05	0.0185317	-0.0300339	0.00136659	-0.0155192	
-0.043128	0.131778	0.0122945	0.0170798	-0.00831595	0.107996	0.11883	0.0666638	0.104115	0.0646558	-0.0300151	0.0457296	0.0196214	0.120637	-0.0724605	0.00130663	0.0713447	-0.0445097	0.0374757	0.015442	0.0918383	0.152001	0.0206961	0.00643959	0.000363063	0.0109844	-0.0166695	
-0.0542784	0.0836816	0.0117836	0.00730097	-0.00831595	0.111008	0.0988714	0.0647978	0.113094	0.0439642	-0.0271662	0.044363	0.0160882	0.0306304	-0.0711612	0.0311115	0.094944	-0.0435986	0.0290467	0.0203566	0.0745038	0.172319	0.0185403	0.00217783	0.000332911	0.000300139	0.00663411	
-0.0331957	0.144043	0.0120228	0.0268048	-0.00731444	0.107884	0.104807	0.0672937	0.0624065	0.0637578	-0.0345143	0.0813174	0.0158669	0.0165643	-0.0730333	0.0271375	0.106051	-0.0449803	0.0311405	0.0156149	0.087102	0.146339	0.0196495	0.00748807	0.000331068	-0.000139133	-0.0210273	
-0.0544487	0.115155	0.0109829	0.0143807	-0.00719621	0.0865662	0.113829	0.0672937	0.111335	0.0249142	-0.0333963	0.0423565	0.0147036	0.0135175	-0.071673	0.0165696	0.0840808	-0.046031	0.0263856	0.0136688	0.0789889	0.228711	0.016827	0.00405501	0.000360645	-0.0027712	-0.0168997	
-0.0476129	0.128536	0.0102909	0.020093	-0.00749351	0.110162	0.115348	0.0671629	0.0531058	0.0484053	-0.0433937	0.0874594	0.0144035	0.0402769	-0.0717065	0.0423256	0.0795185	-0.0462003	0.0102779	0.0220314	0.0990719	0.0980144	0.013745	0.00938991	-5.67898e-05	-0.00179528	-0.0285116	0.00130355	
-0.0583062	0.128951	0.0124345	0.0206917	-0.00750566	0.110174	0.114263	0.0686541	0.221445	0.0390107	-0.0355951	0.104663	0.010341	0.0800485	-0.0729672	0.00738344	0.0765818	-0.0467148	0.0118054	0.0130031	0.0735052	0.153767	0.015627	0.00246182	5.27729e-05	0.00999791	-0.025978	
-0.0480582	0.12174	0.011644	0.0378466	-0.00795105	0.110174	0.120085	0.0678357	0.157811	0.0180477	-0.0288604	0.0685523	0.0173789	0.0569808	-0.0738232	0.0179392	0.064609	-0.0500113	0.0233575	0.0165201	0.0858383	0.0997453	0.0231896	0.00612574	-7.26522e-05	0.00971132	
-0.0515108	0.113323	0.0115008	0.0444769	-0.00752545	0.117323	0.115919	0.0682613	0.0468821	0.048282	-0.0386005	0.0789439	0.0180359	0.0267849	-0.0738511	0.0234498	0.0647628	-0.0425178	0.0179674	0.0172158	0.0754781	0.169086	0.0157661	0.00436175	-8.82052e-07	0.00971132	0	
-0.0736709	0.101971	0.00867547	0.0444769	-0.00762356	0.103308	0.118921	0.0681434	0.217016	0.0332559	-0.0346038	0.037843	0.0142919	0.0226034	-0.0734157	-0.00174104	0.0708097	-0.0447155	0.0257442	0.0194113	0.083538	0.158987	0.0191778	0.00400625	0.000140823	0.0124245	
-0.0418109	0.130347	0.00911268	0.0455298	-0.00766664	0.102302	0.106408	0.0681434	0.142271	0.0212418	-0.0375751	0.0508143	0.0137652	0.0510948	-0.0733409	0.0275841	0.0402162	-0.0487326	0.0240439	0.011923	0.0618777	0.102357	0.0181621	0.00878445	-0.000117271	-0.00482826	0.0205988	0	-0.0634319	
-0.0420361	0.117682	0.00803649	0.0225477	-0.00782297	0.0960252	0.119317	0.0680159	0.0927973	0.041892	-0.0289724	0.0442947	0.00868031	0.0531386	-0.0724808	0.0214899	0.0438232	-0.0478742	0.0191463	0.0238027	0.0849906	0.0910153	0.0218707	0.00654891	0.000329861	0.0150508	
-0.0601852	0.12983	0.0153168	0.0331441	-0.00774539	0.0990451	0.129047	0.0681169	0.043173	0.0427278	-0.0289724	0.0513841	0.00660108	0.0309923	-0.0743768	0.00778247	0.0438466	-0.043705	0.0244364	0.0145168	0.0632184	0.15541	0.0251879	0.0165406	7.14952e-06	0.00968701	
-0.0580012	0.0955853	0.0101763	0.0331441	-0.00754173	0.0978245	0.129959	0.0683206	0.114792	0.0316486	-0.0403845	0.11086	0.00916074	0.0361151	-0.072462	0.0312457	0.063102	-0.0501209	0.0220434	0.00690619	0.0895226	0.0578135	0.0228157	0.00342989	0.000257642	0.00867017	
-0.0580103	0.179676	0.0137639	0.030959	-0.00753269	0.0984901	0.106667	0.0683296	0.15893	0.0316486	-0.0343429	0.0457167	0.00918123	0.0494581	-0.0738001	0.0104329	0.0672484	-0.0458396	0.0307987	0.00989517	0.082291	0.131275	0.019832	0.000892756	0.000207771	-0.118342	
-0.0787926	0.149625	0.0147605	0.030959	-0.00749365	0.0906057	0.0956803	0.0683296	0.177586	0.0332393	-0.0345964	0.074576	0.0132855	0.0332391	-0.0724767	-0.00405208	0.0800426	-0.0422834	0.025858	0.0179242	0.0945336	0.174023	0.0240675	0.0100313	0.00012523	-0.168598	
-0.0635443	0.137338	0.00839949	0.0248835	-0.00769549	0.0944463	0.114096	0.0681278	0.265838	0.0332393	-0.0295459	0.0551443	0.0134809	0.0603422	-0.0729983	-0.000119241	0.0565693	-0.048012	0.0623014	0.00768234	0.0703908	0.0701353	0.022639	0.00486003	3.21973e-05	-0.0647109	
-0.0752627	0.118613	0.0170855	0.0268673	-0.0071643	0.0918178	0.113836	0.0689316	0.150851	0.0294989	-0.0328964	0.0719282	0.0159666	0.0846087	-0.0738051	-0.0135795	0.0630848	-0.0452784	0.0301738	0.00943112	0.070148	0.102994	0.0208793	0.00515798	9.48661e-05	-0.105424	-0.000259609	-0.0383581	
-0.0607506	0.135847	0.00831405	0.0470946	-0.0071643	0.110308	0.128613	0.0689316	0.266085	0.0560936	-0.0436147	0.0623345	0.0114023	0.0929944	-0.0734209	0.0183263	0.175014	-0.0452716	0.0177944	0.0106905	0.0783949	0.13252	0.0180609	0.01399	-0.000152529	0.0041466	
-0.0479981	0.132066	0.00893089	0.020116	-0.00682301	0.0938188	0.114966	0.0692729	0.244517	0.0567629	-0.0284821	0.048474	0.0201235	0.181431	-0.072346	0.011969	0.0637491	-0.0452716	0.0448559	0.00812647	0.0689438	0.120411	0.0201192	0.00851974	-6.84262e-05	0.00497377	0	
-0.0477114	0.115418	0.00803357	0.0485662	-0.00798415	0.113702	0.129599	0.0681024	0.241634	0.0380325	-0.0284821	0.0307317	0.0147646	0.130524	-0.070712	0.0129768	0.0676846	-0.0419617	0.0326684	0.0093013	0.0975752	0.123451	0.0201098	0.00739078	-1.74991e-05	-0.00184224	0	
-0.0568938	0.130171	0.0125696	0.0331361	-0.00798415	0.102121	0.113375	0.0691625	0.168822	0.0404323	-0.0372332	0.017931	0.0116767	0.0644671	-0.0733466	-0.00440631	0.115361	-0.0471997	0.0228292	0.0102287	0.07243	0.12636	0.0225346	0.00987899	-0.00022954	0.00711555	
-0.0546571	0.141423	0.00785518	0.0359854	-0.00798415	0.102121	0.0805272	0.0670295	0.0997135	0.032896	-0.029128	0.0266429	0.0203131	0.0381359	-0.0710965	0.0105846	0.0453869	-0.0364519	0.0757614	0.00696749	0.0603009	0.13135	0.0223659	0.00972687	0.000218236	0.000550161	
-0.0618955	0.128134	0.00825085	0.0290629	-0.00732602	0.102153	0.0986721	0.0679424	0.0933364	0.0326731	-0.032404	0.048911	0.0115035	0.014046	-0.0728961	-9.39425e-05	0.0817829	-0.0470825	0.0268458	0.0183259	0.0805933	0.102979	0.0173019	0.00822017	1.5161e-05	-0.014945	-0.0104943	
-0.0658149	0.121334	0.00876129	0.0282966	-0.00732602	0.10199	0.118514	0.0710861	0.0759267	0.0320946	-0.0386177	0.0836847	0.0119808	0.0957236	-0.0753804	0.00023382	0.0687113	-0.0463584	0.0225981	0.0131661	0.0654607	0.145025	0.0184692	0.00523706	-0.000161758	-0.00634776	
-0.0781662	0.138334	0.0117692	0.0283788	-0.0074942	0.0939406	0.100713	0.0709179	0.0624273	0.0292131	-0.0365802	0.0836847	0.00726884	0.115001	-0.0749461	-0.011611	0.0661866	-0.0431217	0.0608063	0.0150814	0.088992	0.0963149	0.0225625	0.00668842	-8.30698e-05	-0.0127367	0	0.000237966	
-0.0609376	0.123308	0.00575587	0.0476006	-0.00750427	0.0991563	0.116737	0.0688512	0.132058	0.0438028	-0.0345236	0.0923484	0.0173581	0.220402	-0.0731118	0.00921605	0.053911	-0.0478374	0.052077	0.0151473	0.0594809	0.100154	0.0196171	0.0146169	5.26828e-05	0.0149613	0.0295161	
-0.0571769	0.111403	0.00724541	0.029218	-0.00741176	0.118592	0.104561	0.0688512	0.213035	0.0415014	-0.0339203	0.0672084	0.00892296	0.144647	-0.0721343	0.0136362	0.132691	-0.0513527	0.0348628	0.0188126	0.0552178	0.0778258	0.0192854	0.0103851	0.000303594	-0.0038039	0.02214	
-0.0535196	0.119636	0.00996129	0.0347156	-0.00741176	0.105503	0.102706	0.0691022	0.229777	0.0398847	-0.0309253	0.0454167	0.0106819	0.246287	-0.0729941	0.0140788	0.0822083	-0.0498191	0.0411751	0.0153939	0.0559562	0.0669458	0.0275178	0.00557028	-0.000138955	-0.012356	-0.013229	0	
-0.0510983	0.114892	0.0118753	0.0326882	-0.00766725	0.103239	0.113642	0.0688467	0.154586	0.0462443	-0.0290834	0.0493024	0.0100492	0.131406	-0.0705438	0.0102059	0.0607784	-0.0501129	0.0343133	0.0237147	0.0748095	0.124246	0.0208696	0.0109022	6.425e-06	-0.0106897	0.0130462	
-0.0632125	0.0880148	0.00860798	0.0266222	-0.00750024	0.105215	0.0870323	0.0694166	0.107703	0.0657271	-0.0219274	0.0370181	0.0125088	0.0323358	-0.072876	0.000404912	0.0764454	-0.0504978	0.0232936	0.0128221	0.0541709	0.0595952	0.0176231	0.0102636	3.54005e-05	-0.0009624	-0.00328662	
-0.0453632	0.105543	0.0107512	0.0476209	-0.00782597	0.0855532	0.106264	0.066752	0.10218	0.0418089	-0.0248602	0.0574557	0.0076593	0.0277161	-0.0716734	0.0201186	0.0848515	-0.0530488	0.0518956	0.0175163	0.082763	0.057381	0.0268007	0.00603269	-0.000127776	-0.00200765	-0.0198872	0	
-0.0631391	0.141903	0.0103321	0.0188368	-0.00734207	0.0867353	0.0828788	0.0682361	0.0843743	0.0393734	-0.0362154	0.0428034	0.0133198	0.0706733	-0.0731279	0.0123886	0.117248	-0.0516332	0.05066	0.0150435	0.0735324	0.119276	0.0318109	0.00831752	-9.22632e-05	-0.00297229	-0.0206059	7.49823e-05	0	0	
-0.0504185	0.107434	0.0103214	0.0324227	-0.00734207	0.0867353	0.105154	0.0682361	0.0885581	0.0498006	-0.0327444	0.0351009	0.00981834	0.0617465	-0.0728935	0.0191802	0.0823815	-0.0512653	0.0385945	0.0090145	0.0867945	0.0870007	0.0230701	0.012091	-0.000255157	-0.01088	-0.0147038	
-0.0526343	0.0955819	0.0110152	0.0324227	-0.00767612	0.0898521	0.105154	0.0679067	0.266729	0.0441858	-0.0327452	0.0245814	0.0116067	0.126627	-0.0728584	0.00258242	0.0592076	-0.0447525	0.0279065	0.0147364	0.0922507	0.0350057	0.0207999	0.00889832	-0.000170654	-0.0105463	-0.0196767	
-0.0424586	0.115263	0.0135811	0.0324227	-0.00829197	0.098694	0.106477	0.0672903	0.14202	0.0495903	-0.0220401	0.0215828	0.00966066	0.0865818	-0.0718407	0.0374668	0.0873442	-0.046445	0.0186533	0.0180337	0.0926223	0.0944571	0.0207994	0.00773499	-0.0001547	-0.00751193	0.0092972	
-0.0494211	0.134446	0.00930995	0.0183996	-0.00805966	0.0924912	0.133001	0.0675226	0.169339	0.0426131	-0.0244349	0.0228712	0.00793186	0.0229625	-0.0732094	0.0201144	0.139506	-0.0458759	0.0252211	0.0141766	0.103681	0.0550407	0.0180044	0.0132964	-1.20126e-05	-0.0613215	0.0167051	
-0.0600337	0.125279	0.0162839	0.0292955	-0.00801715	0.0908608	0.0910745	0.0675226	0.220971	0.0426131	-0.0244433	0.0260133	0.0164722	0.0195471	-0.0721418	0.00696171	0.116276	-0.0458759	0.0212194	0.0097731	0.0879831	0.104224	0.0267648	0.00802594	-0.00012963	-0.116277	-0.00446481	0.00869225	0	
-0.0675387	0.124589	0.0102561	0.0292955	-0.00738093	0.0811936	0.0968129	0.0681877	0.153835	0.0328609	-0.0298737	0.026824	0.0136513	0.0717234	-0.0719957	0.00485701	0.0916106	-0.0470895	0.0133251	0.0138934	0.0692498	0.0542928	0.0185993	0.0174432	-0.000156621	-0.0756889	0.0135226	-0.0539671	
-0.0641744	0.135933	0.0261864	0.0600172	-0.0081108	0.0947658	0.0991191	0.0638869	0.179276	0.0364318	-0.0317318	0.0660862	0.0148941	0.0556354	-0.0708557	0.000399183	0.0740546	-0.0412055	0.0138977	0.0145105	0.0818014	0.080276	0.0190777	0.00163491	-6.82278e-05	-0.0796382	-0.00977882	
-0.051114	0.154518	0.0144557	0.057295	-0.0081108	0.0790286	0.0963968	0.0666092	0.307304	0.0231042	-0.0296169	0.0316781	0.00598935	0.134273	-0.0728041	0.038737	0.114594	-0.041508	0.0342744	0.0105038	0.0734324	0.0289332	0.0205767	0.00342231	-6.82278e-05	-0.0196426	-0.0214896	-0.02013	0.00114296	0.000338533	-0.00149377	
-0.0757877	0.138235	0.0141298	0.0326658	-0.00823156	0.0866172	0.0693053	0.0671171	0.0695998	0.0363438	-0.0255701	0.0311079	0.00590166	0.0893986	-0.0726233	-0.00378501	0.0908371	-0.0456683	0.0139317	0.0184117	0.0722523	0.0707938	0.0167639	0.00593912	-3.51599e-05	-0.0678144	-0.0159651	
-0.0489852	0.18492	0.0116997	0.0293425	-0.00811252	0.0935725	0.0962964	0.0671171	0.0781247	0.0363438	-0.0255701	0.030109	0.00859857	0.138645	-0.0729457	0.0526653	0.134977	-0.0453949	0.0223243	0.0111297	0.070285	0.177834	0.0164605	0.0093374	-0.000154195	0.00324929	-0.00443227	0.0250739	
-0.0561382	0.181416	0.0101604	0.0293425	-0.00845985	0.0965349	0.0962964	0.0668332	0.126164	0.0447453	-0.0346931	0.0563825	0.00633082	0.0912675	-0.0737202	0.0382971	0.0820168	-0.0447093	0.0282222	0.0170077	0.0768442	0.0981945	0.0140771	0.00870401	1.50977e-05	0.00869944	-0.0109676	-0.000823295	
-0.044122	0.199686	0.0085213	0.0471485	-0.00855465	0.0965349	0.0985993	0.0667384	0.153474	0.0447453	-0.034811	0.0267994	0.00597886	0.0532538	-0.0726561	0.0179472	0.0856423	-0.0452206	0.0214315	0.0142299	0.0614278	0.0433472	0.0178852	0.00584782	-0.000104793	-0.040314	-0.00309444	-0.00749168	-0.015575	
-0.0616347	0.169374	0.0107607	0.0304896	-0.00751918	0.0832114	0.0815529	0.0677739	0.223234	0.0347684	-0.0266809	0.0448309	0.00735967	0.0913731	-0.0738488	0.00806971	0.0712796	-0.0472675	0.0281171	0.00565435	0.0614278	0.0379013	0.0178852	0.00600484	-0.000104793	-0.0045495	-0.0150131	-0.0127245	
-0.0370592	0.151321	0.0144133	0.0359654	-0.00757495	0.0808932	0.0948962	0.0677181	0.119842	0.0289131	-0.0332363	0.0406592	0.00888553	0.0513153	-0.0729361	0.0270677	0.108581	-0.0467681	0.0237979	0.00838186	0.0540075	0.0614649	0.0204877	0.0048782	-0.000104793	0.0127243	0.00122445	-0.0303938	-7.78065e-05	0.118301	0	0	
-0.052141	0.116523	0.01453	0.0289217	-0.00768683	0.0896847	0.115392	0.0676063	0.129369	0.0289131	-0.0316481	0.0510486	0.00887504	0.0531575	-0.0720093	0.0245539	0.0883993	-0.0463004	0.0166371	0.0113144	0.0540848	0.0775359	0.0203515	0.00901975	-0.000105088	-0.00668229	-0.00432984	-0.00382038	
-0.0383483	0.147673	0.0104076	0.0143916	-0.00718674	0.101929	0.113212	0.0681197	0.0558132	0.0324832	-0.0270619	0.0291454	0.0132671	0.0746529	-0.0732925	0.0335904	0.0791676	-0.0420447	0.0132138	0.00896871	0.0540981	0.0766745	0.0190628	0.00536297	-1.49752e-05	0.0117282	-0.021115	0.0027016	
-0.0577417	0.152067	0.0124185	0.0076833	-0.00742476	0.0995553	0.0941402	0.0678555	0.152668	0.0369732	-0.0299174	0.0656542	0.0095055	0.075527	-0.0724812	0.0160984	0.121982	-0.0444965	0.0101178	0.0164196	0.0604096	0.0518801	0.0159759	0.00751747	-0.000100435	0.0117543	0.00389726	-0.0756381	
-0.0500805	0.119068	0.0183434	0.0187437	-0.00742476	0.0995553	0.109557	0.0682034	0.0829845	0.0298611	-0.0325331	0.037795	0.0154553	0.0476292	-0.0734127	0.00190404	0.082374	-0.0418176	0.0184139	0.00575246	0.0669226	0.0515322	0.0144774	0.0068633	-5.65903e-05	-0.0382048	-0.0008492	0.0174856	
-0.0327414	0.134561	0.0125946	0.032294	-0.00741981	0.075879	0.111183	0.0665771	0.212661	0.0334759	-0.0249098	0.0745593	0.0146484	0.0334857	-0.0710392	0.0395668	0.0691326	-0.0465253	0.0475932	0.0112118	0.0952625	0.0697965	0.019285	0.00291778	-7.84978e-05	-0.0579844	-0.0200132	0.0428909	
-0.0327414	0.134011	0.0107333	0.0205725	-0.00741981	0.0903509	0.105412	0.0665771	0.162117	0.0334759	-0.0309677	0.023439	0.0150309	0.0664954	-0.072262	0.0327947	0.0624828	-0.0425642	0.0364638	0.00946579	0.0535131	0.0592587	0.0171141	0.00896788	-7.84978e-05	-0.0675469	-0.00648381	0.0363613	
-0.0560931	0.134072	0.00823169	0.0242227	-0.00788971	0.086955	0.119853	0.0661072	0.137327	0.0472052	-0.0321187	0.0412556	0.00652157	0.0547576	-0.070437	0.0301747	0.041255	-0.0451101	0.0209674	0.0079813	0.0803972	0.0969568	0.0193845	0.00456991	-5.31326e-05	-0.0968847	-0.0232875	-0.000667276	0.0137566	
-0.0569345	0.117916	0.0078156	0.0542691	-0.00762755	0.0835704	0.131701	0.0663859	0.101894	0.0354692	-0.0321187	0.0433341	0.0107883	0.0403895	-0.0715184	0.0364852	0.0698786	-0.0465519	0.0246424	0.00841416	0.0682361	0.0958321	0.0181405	0.0110478	-3.66372e-05	-0.111091	0.00517112	
-0.05145	0.149006	0.00913202	0.0161228	-0.00760683	0.0968912	0.117665	0.0683697	0.185219	0.0271445	-0.0341025	0.0335158	0.00815855	0.0207197	-0.0744084	0.0467581	0.0328852	-0.0433792	0.0188301	0.00922553	0.0729671	0.0964387	0.0161156	0.00673857	-5.73597e-05	-0.108506	0.0145599	
-0.047481	0.157737	0.0107648	0.0257186	-0.00680028	0.0924581	0.115339	0.0654533	0.121096	0.0266941	-0.0277236	0.0494762	0.00956808	0.0311996	-0.07049	0.031113	0.0333033	-0.0379658	0.0355415	0.0143365	0.0600737	0.0702731	0.0183864	0.00446965	-0.000114971	-0.0786175	0.00341704	-0.0203173	0.0411028	
-0.0513732	0.138801	0.011917	0.0254739	-0.00738722	0.0953282	0.111726	0.0651111	0.119761	0.0391258	-0.0284252	0.059282	0.0120187	0.0198025	-0.0703577	0.0102802	0.0478023	-0.0382105	0.0405944	0.0128028	0.0565308	0.0999607	0.0196072	0.0023092	-5.77559e-05	-0.10829	-0.00688679	-0.0161252	
-0.0500586	0.11782	0.0132038	0.0291664	-0.00738722	0.103069	0.110029	0.0668081	0.105731	0.0495341	-0.0243914	0.0414426	0.00709633	0.0455891	-0.0715055	0.0153341	0.068456	-0.045909	0.0193363	0.00854205	0.0767693	0.0386812	0.0201304	0.00386973	-0.000172981	-0.0414654	-0.00587188	
-0.0437851	0.12654	0.0117128	0.0267876	-0.00743307	0.100977	0.116215	0.0668081	0.164037	0.0279461	-0.0317727	0.0869463	0.0141173	0.0143522	-0.0717211	0.0234719	0.101337	-0.0428971	0.022781	0.00943668	0.0781959	0.0627669	0.0215008	0.00487785	-7.99576e-05	-0.0765029	0.00659015	
-0.0551074	0.136029	0.0144677	0.0397672	-0.00719042	0.0935537	0.102203	0.0682339	0.228722	0.0410144	-0.0211901	0.0775427	0.0139	0.0467572	-0.0723162	0.0261329	0.0678701	-0.039278	0.0238418	0.00850673	0.0739913	0.0436527	0.0147218	0.0137512	-0.00022835	-0.0469542	0.0043127	0.0226333	0.0220505	
-0.0608287	0.124809	0.00882515	0.0288751	-0.00765429	0.0935956	0.0778731	0.0659852	0.034618	0.0365957	-0.0283899	0.0491393	0.0141289	0.0900233	-0.0707746	0.0137101	0.0984078	-0.0396813	0.0102169	0.00405627	0.0765372	0.111029	0.0206652	0.00637254	-0.00021506	-0.0110106	0.0206757	-0.0268119	
-0.0467129	0.167101	0.0095538	0.0288751	-0.00780311	0.0863053	0.0905837	0.0658359	0.051746	0.0375858	-0.0223843	0.0575368	0.00953148	0.0479134	-0.0708568	0.0386219	0.0881511	-0.0434309	0.0137435	0.00535919	0.0970557	0.0501462	0.0179333	0.00326856	-0.000165346	-0.0542517	0.0321255	-0.0159306	
-0.0556224	0.129112	0.0107963	0.0216352	-0.00867944	0.0917486	0.0963029	0.064976	0.0904498	0.0394536	-0.0234645	0.0365674	0.0146589	0.00947152	-0.0713364	0.0175809	0.0743146	-0.0411041	0.0137175	0.0113884	0.0690423	0.0797276	0.0179497	0.00181728	-0.000125477	0.00718418	-0.0178448	0.00397054	-0.0106243	
-0.0690744	0.12722	0.0110154	0.00386326	-0.00698038	0.0917486	0.0963029	0.066675	0.153723	0.0372784	-0.023578	0.100033	0.00937784	0.00633951	-0.0708026	-0.00497491	0.122404	-0.0372889	0.0106719	0.0135489	0.106487	0.0809062	0.0184205	0.00503681	-0.000105049	0.00272801	0.0043101	
-0.0582175	0.0829742	0.0193618	0.0474785	-0.00693564	0.0971397	0.141216	0.066675	0.0842906	0.0424296	-0.0204596	0.0899624	0.0124913	0.00777198	-0.0711214	0.0139501	0.133925	-0.0410843	0.0222111	0.00818273	0.079813	0.0669401	0.0162467	0.00503681	-0.000189024	-0.0652704	-0.0261581	0.0179579	0	
-0.0678784	0.115491	0.0167919	0.0226983	-0.00729039	0.0983547	0.141216	0.0663768	0.0617036	0.0360225	-0.02739	0.0717748	0.0137287	0.0101803	-0.0712144	0.0245044	0.0854129	-0.0391925	0.0195826	0.0119463	0.065065	0.0427774	0.0168486	0.00209772	-0.000198544	-0.00355574	-0.0114862	
-0.0502245	0.130258	0.0119873	0.0220262	-0.00806893	0.0983547	0.110297	0.0655983	0.06416	0.0413068	-0.0293034	0.0695241	0.0116396	0.0182916	-0.071032	0.0381933	0.155402	-0.0362802	0.0107182	0.010305	0.0761351	0.0693761	0.0205859	0.00286947	-0.000198544	-0.0073362	0.00289019	0	
-0.0417198	0.161666	0.014087	0.0317405	-0.00749165	0.088083	0.10566	0.0653577	0.0669575	0.0433895	-0.0251494	0.0704977	0.0109914	0.0326682	-0.070406	0.0406051	0.119037	-0.0393835	0.0300055	0.014213	0.0761351	0.0900672	0.0206807	0.00837107	-0.000160429	0.00708214	-0.0291904	3.89804e-05	0.000479685	
-0.0605292	0.170133	0.0187188	0.0274527	-0.00746563	0.0971606	0.0945988	0.0653838	0.0435591	0.0441988	-0.0281808	0.14986	0.0106411	0.0448483	-0.0722137	-0.00373707	0.131276	-0.0400351	0.0349252	0.00984188	0.0822255	0.0567327	0.0163065	0.00244693	9.32182e-06	0.000280478	-0.00199198	-0.000168302	
-0.0373503	0.164059	0.0125688	0.0179153	-0.00793115	0.0960792	0.112163	0.0651369	0.0314655	0.0439802	-0.030677	0.0830316	0.0130385	0.0167595	-0.0703188	0.0589411	0.0781498	-0.0384519	0.0315859	0.0196999	0.0837936	0.0820468	0.0222851	0.00224559	-0.000264196	0.00535874	-0.0102528	0.000460516	
-0.0628173	0.202877	0.0107446	0.0271463	-0.00786931	0.108781	0.111335	0.0660653	0.0476511	0.0478631	-0.0328115	0.0853317	0.00941564	0.0138358	-0.072174	0.033914	0.0907574	-0.0370207	0.0303149	0.00610973	0.0843715	0.100534	0.0154436	0.00204049	-0.00022525	0.00497096	-0.00433873	0.000281345	-0.000719151	
-0.0679974	0.13067	0.00862526	0.0232825	-0.00780266	0.0916224	0.110484	0.0661319	0.120917	0.0348684	-0.0313543	0.107436	0.0200066	0.0250836	-0.0718162	0.0288006	0.11688	-0.0384591	0.0143005	0.016493	0.086766	0.150832	0.0259119	0.00287277	-0.000158675	0.00063492	-0.00635613	9.24943e-05	
-0.0684659	0.118057	0.0177633	0.0333557	-0.00823619	0.11015	0.110484	0.0657047	0.105081	0.0322145	-0.02708	0.0611559	0.00728767	0.0268504	-0.0724999	0.00010651	0.0511826	-0.048798	0.0222171	0.00715982	0.0771413	0.102382	0.015737	0.00185001	-0.000152365	0.0159552	-0.00904038	0.000214642	0	
-0.0499372	0.180605	0.0203054	0.0296112	-0.00822381	0.0891013	0.112624	0.0635643	0.0420995	0.0434495	-0.0307333	0.069845	0.0130948	0.021169	-0.0706161	0.020569	0.118611	-0.0392406	0.0463407	0.0131554	0.0812389	0.129521	0.017884	0.00185001	-0.000190608	0.00139603	-0.0366975	0.000114609	-0.0128878	
-0.0615443	0.136851	0.0139495	0.0188178	-0.00772004	0.0703929	0.119798	0.0640681	0.0828506	0.0391126	-0.0244974	0.112898	0.00829493	0.011313	-0.0693107	0.0155402	0.128114	-0.044121	0.053526	0.0140817	0.0859224	0.111967	0.0177571	0.00521652	-0.000225451	0.0111349	-0.0302865	7.67305e-05	
-0.0544082	0.156552	0.0129677	0.0188134	-0.00771819	0.0812257	0.108087	0.0647975	0.0859506	0.0361571	-0.032395	0.0951264	0.00646829	0.0168888	-0.0715789	0.0166572	0.128164	-0.0397404	0.024642	0.011448	0.0786204	0.0726227	0.019945	0.0063764	-0.000313405	0.00731306	-0.00757984	0.000237426	0.0119933	0	
-0.0612576	0.140036	0.0139117	0.0453782	-0.00768807	0.0857301	0.121372	0.0667745	0.0382005	0.0384089	-0.0257469	0.154395	0.0105069	0.0347717	-0.0730951	0.0105792	0.0909135	-0.0373816	0.0163023	0.0253982	0.075733	0.0448599	0.0145548	0.00114818	-0.000268972	-0.0462238	-0.00894909	-5.70008e-05	0.00928593	
-0.049125	0.150764	0.0214539	-0.000574936	-0.00765187	0.082754	0.144138	0.0667745	0.0890813	0.0384089	-0.0348923	0.0930925	0.0153665	0.0203034	-0.0732204	0.009741	0.108317	-0.0441709	0.0128231	0.015695	0.0725526	0.049943	0.0150845	0.00335579	-0.000305166	-0.00786172	-0.0115504	0.000481234	-0.023141	
-0.0664988	0.118755	0.0194338	0.0251838	-0.00765187	0.118227	0.129057	0.0667745	0.0634843	0.0373612	-0.0411367	0.153024	0.0114625	0.0326214	-0.0736866	0.00682825	0.106327	-0.0438276	0.0246758	0.0125006	0.0861466	0.0647039	0.017851	0.00513896	-0.000176401	-0.0056968	-0.0118147	0.000209636	-0.027862	-0.0257438	0	
-0.0563221	0.132244	0.014237	0.0109458	-0.00806862	0.0879164	0.146077	0.0678764	0.0388748	0.0216318	-0.037369	0.133287	0.00928172	0.0204574	-0.0749299	0.0172781	0.106074	-0.0494803	0.0431884	0.0144156	0.0558727	0.0379033	0.0178952	0.00221329	-0.000123453	-0.0247249	0.0540446	-0.000151519	-0.0463461	0.0346111	0	
-0.0749247	0.156348	0.0107483	0.0117718	-0.00793367	0.105391	0.12537	0.046881	0.021673	-0.0441017	0.140232	0.0120146	0.0709005	-0.0744281	-0.00122347	0.086995	-0.0495968	0.0301047	0.0183985	0.0709283	0.068094	0.0187888	0.00395733	-0.000139199	-0.0090958	0.0368339	6.25178e-05	-0.0176798	0.0641043	
-0.0610854	0.111945	0.0161699	0.0117718	-0.00793367	0.104679	0.142807	-0.00825573	0.0883678	0.0346192	-0.041344	0.10173	0.0120146	0.0795812	-0.0730789	0.0150341	0.125908	-0.0453555	0.0317404	0.00771399	0.0855063	0.068094	0.0252208	0.00395733	-0.000189386	-0.0090958	0.016812	0.000171053	0.00184274	
-0.0443279	0.115581	0.0122765	0.0317946	-0.00793367	0.0939729	0.142807	-0.0216684	0.0365392	0.0480319	-0.0394101	0.0718606	0.0188685	0.110147	-0.0749032	0.0550207	0.204951	-0.0501208	0.0582626	0.0131529	0.0677672	0.068094	0.0178867	0.00228932	-0.000189386	-0.0157668	-0.0126409	0.00022603	-0.0344074	
-0.0394823	0.106667	0.0172129	0.0165475	-0.00703225	0.0941583	0.157041	0.0197291	0.0884107	0.0330014	-0.036287	0.122881	0.0164355	0.0545518	-0.0747094	0.0285796	0.0588823	-0.0526788	0.0491785	0.0142682	0.0782382	0.0690397	0.0160703	0.00426916	-6.58586e-05	-0.0127228	0.0140757	0.00016034	-0.0420884	0.00039679	
-0.0559859	0.102046	0.0164729	0.0287492	-0.00743879	0.106927	0.140365	-0.024201	0.0698416	0.0330014	-0.0397804	0.162152	0.01665	0.0396963	-0.0743077	0.0294018	0.0556763	-0.044639	0.0643539	0.0175119	0.0523501	0.0685674	0.0212278	0.0021372	-0.000212028	-0.0127228	0.0311281	0.000184137	-0.0375493	
-0.0679128	0.124697	0.0133147	0.0281192	-0.00704034	0.106927	0.215278	-0.0041988	0.161957	0.0301913	-0.0424455	0.0798255	0.013976	0.051742	-0.0757398	0.0116103	0.0674639	-0.048222	0.0522254	0.00922089	0.0678353	0.0695957	0.0185507	0.0059154	-6.36909e-05	-0.0126138	0.0101562	1.45455e-05	-0.0699072	0.00162065	0.0312013	
-0.0437538	0.126166	0.00955142	0.0469304	-0.00736137	0.104625	0.158723	0.0128231	0.11227	0.0301913	-0.0407803	0.0572385	0.00972144	0.03679	-0.0748604	0.0404811	0.126067	-0.0490555	0.0334578	0.0160175	0.0722668	0.0692747	0.0178095	0.00645575	-0.000145423	-0.0132013	0.0258352	0.000125696	-0.0216601	
-0.0437245	0.108361	0.02499	0.0341783	-0.00739065	0.104625	0.180169	0.122061	0.0776307	0.0306223	-0.0438341	0.0789905	0.00905332	0.0278535	-0.0757785	0.0185252	0.097667	-0.0478372	0.0450879	0.0122004	0.0496228	0.0692454	0.0156298	0.00272014	-0.000209117	-0.0144858	0.0254595	5.70069e-05	-0.0431064	
-0.0448199	0.141486	0.00934302	0.0288943	-0.00739065	0.110654	0.196633	-0.012261	0.133402	0.0571115	-0.0429515	0.0734573	0.0121321	0.00856289	-0.0749817	0.0161	0.102725	-0.0426048	0.0456359	0.00790033	0.0453702	0.0692454	0.023572	0.00500504	-0.000216108	-0.00515386	-0.0128734	0.000201631	-0.0759599	-0.0766361	
-0.0396981	0.100069	0.0113704	0.0256963	-0.0081799	0.098586	0.15826	0.000212494	0.0558789	0.047365	-0.0471535	0.0812012	0.0087395	0.0178299	-0.0746115	0.011835	0.0983131	-0.0472635	0.0283269	0.0141874	0.0906606	0.0684549	0.0212487	0.0011576	-4.38853e-05	-0.00528108	-0.00301664	4.48074e-05	-0.039519	-0.0293451	
-0.0405238	0.100644	0.00984097	0.0258138	-0.00735421	0.110358	0.152899	0.00992661	0.0799592	0.0437827	-0.0444049	0.104868	0.00774634	0.0195392	-0.0760776	0.0397458	0.163435	-0.051314	0.0165235	0.0125662	0.0589795	0.0704617	0.0206228	0.00559621	-0.000251816	-0.0193396	-0.0103671	0.000153959	-0.0168364	0.0731551	0	0.00070601	
-0.0474832	0.104914	0.0138034	0.0261824	-0.00743438	0.0897386	0.124573	0.0723383	0.213624	0.0301235	-0.0458953	0.0759271	0.0124158	0.0494748	-0.0767132	0.0102969	0.0833041	-0.0434643	0.013967	0.0121776	0.0707912	0.0704355	0.0219127	0.000195413	-0.000197799	-0.0163302	0.0481863	0.000186363	-0.0011518	
-0.0568449	0.0964629	0.0144296	0.0168722	-0.0074318	0.0842305	0.125988	0.0104359	0.123848	0.0683872	-0.0376284	0.0753363	0.0115428	0.0612356	-0.073937	0.019513	0.0818503	-0.0448908	0.0204563	0.00944893	0.0574754	0.0681609	0.0208279	0.00341143	-0.000139903	-0.0140556	-0.0380908	0.000125888	-0.00600896	
