-0.0537986	0.0312783	0.0608323	-0.0063411	-0.00303052	0.344796	-0.0529458	-0.0419877	0.109373	-0.0645663	-0.0619453	0.0350032	0.138545	-0.0376713	0.18101	0.0011194	0.0220045	0.0068946	0.0222809	-0.0578734	0.320022	-0.0631834	-0.0443211	-0.0739083	0.0986301	-0.0547512	-0.0251301	0.0050913	-0.279112	0.0875388	0.0152418	-0.050661	0.0440101	0.0905968	-0.0564856	-0.0572474	0.0099075	-0.0329138	0.001262	0.0015714	0.0647278	-0.0204432	0.0059986	-0.0630278	5.09e-05	0.229779	-0.0379181	0.259661	0.0168417	-0.0539344	-0.0234704	-0.0371364	0.0449743	-0.0087222	0.0129894	0.107481	0.0019483	-0.0159202	0.0097201	-0.0134482	-0.073998	0.0509408	0.0045387	0.368203	0.0487996	-0.0575296	0.392831	-0.0606924	-0.00069159	0.0140199	0.0319249	-0.0069089	0.0182025	-0.0539905	-0.0479991	0.0134535	0.0135209	0.0094803	
-0.0537986	0.0399474	0.0603571	-0.00681634	-0.00319681	0.344796	-0.0514205	-0.00947848	0.145957	-0.0739083	-0.0653957	-0.0361162	0.0772839	-0.038909	0.0048624	-0.0515231	0.410711	-0.0631834	0.0981549	-0.0609601	0.0468199	0.143305	0.0408323	0.00160366	-0.0352083	0.010883	0.0131565	0.0183403	0.00954714	0.156739	0.0283103	-0.0166368	0.298989	0.253909	0.0120533	-0.0528765	0.00366784	0.0315119	0.152734	0.0435662	0.0089483	-0.0132495	0.0566486	-0.000825225	0.440673	0.0476382	-0.058386	-0.0546727	-0.0761715	0.0342008	-0.0262706	0.0466198	0.0163562	
-0.0533042	0.0333231	0.0586095	-0.00786532	-0.00355179	0.34529	-0.0510654	-0.046432	-0.0549294	-0.0732581	0.159296	0.0128049	0.092019	0.0511558	0.090769	0.0260541	0.0166969	0.0527523	-0.00183423	0.205291	0.148647	0.161482	0.0668512	0.108734	0.0128834	-0.062689	0.183382	0.0667085	-0.0584701	-0.0526985	-0.0764768	0.0304946	
-0.049462	0.260669	0.0589562	-0.0075186	-0.00206365	0.323882	-0.0552094	-0.0125226	0.0497123	0.20379	0.0130481	0.152797	-0.0640877	0	0.0622322	0.00613	-0.0687431	0.103629	0.125973	0.00751207	-0.0584067	0.132564	0.0405038	-0.0692277	0.0668166	0.0760791	0.0377026	
-0.0508857	0.279784	0.0584462	-0.0075186	-0.00277215	0.335338	-0.0524268	-0.0205772	0.147825	0.0195866	0.208939	0.00910948	-0.0644744	0.00686364	-0.0626855	0.166138	-0.0666291	0.00953867	0.0526894	0.0944604	0.077127	-0.0671228	0.0489415	-0.0289258	0.094997	0.0377026	
-0.0528758	0.00781812	0.0569533	-0.00740206	-0.00156381	0.30217	-0.053988	0.121368	0.179225	-0.0615697	0.00552014	0.012329	-0.070918	0.136391	-0.0314057	-0.0594843	0.0573492	0.0433079	0.162614	0.0355256	-0.0659398	0.107214	0.0562229	
-0.0529524	0.00545821	0.0608557	-0.00851767	-0.00289568	0.277167	-0.0645922	0.314453	0.101918	-0.0653635	-0.0568532	-0.00278716	0.214599	0.1406	0.0380955	0.15151	-0.0690421	0.0034082	-0.0489109	0.139626	0.0666302	0.0324634	
-0.0543714	0.00817397	0.0603904	-0.00826697	-0.00252276	0.246492	-0.0622308	0.178026	0.112844	-0.0674465	0.0270886	-0.0548313	-0.00884503	0.152513	-0.0159067	0.130076	0.156979	0.0421482	-0.0706506	0.107338	0.0492586	
-0.0558406	0.00551497	0.0614624	-0.00719499	-0.00405909	0.224094	-0.0628184	0.15115	0.0795505	-0.0639715	0.0349873	-0.057498	-0.00635308	0.0757227	-0.019003	0.14068	0.0482752	-0.0678301	0.0474265	-0.00426108	0.0984571	
-0.056821	0.00663072	0.0614624	-0.007395	-0.00279089	0.299518	-0.0611016	0.126478	0.079006	-0.0657309	0.0192755	-0.0576908	-0.0218701	0.113842	0.147767	0.0518817	-0.0712132	0.0211439	0.125237	
-0.0531102	0.00947425	0.0614624	-0.007395	-0.00211552	0.278774	-0.0629751	0.158912	0.119482	-0.0630378	0.0577412	-0.054842	-0.0196975	0.0726758	0.128806	0.0939386	0.0338449	-0.0707471	0.0215225	0.0780989	
-0.0506328	0.00568204	0.0578027	-0.00796778	-0.00357318	0.259902	-0.0601321	0.114987	0.0943574	-0.0608604	0.0463419	-0.0545761	-0.00680344	0.134685	0.120535	0.0407227	-0.0647945	0.0520669	0.115861	0.0202365	
-0.0535113	0.057471	0.119083	-0.00822597	-0.00307691	0.242675	-0.0580859	0.0932477	-0.0639849	-0.0646939	0.0385322	-0.0537276	-0.0135054	0.120701	0.0157779	0.116701	0.050953	0.0228665	0.147431	-0.0198492	
-0.0545339	0.0576529	0.0963178	-0.00835049	0.00118851	0.350291	-0.058702	0.124445	-0.0671675	-0.0634163	0.0358495	-0.0537641	-0.021531	0.0518914	0.111236	0.154584	0.0466303	0.0170435	0	
-0.0517195	0.0576529	0.0764685	-0.00798379	-0.00178078	0.22846	-0.0622535	0.147392	-0.0689147	-0.061572	0.0291414	-0.0540688	-0.016007	0.0477741	0.0455564	0.207343	0.0445345	0.0263384	
-0.0535625	0.0571704	0.0584602	-0.0089794	-0.000767404	0.27775	-0.0618975	0.136859	-0.0713766	-0.0628476	0.0374857	-0.050732	-0.0118063	0.0320863	0.0468952	0.224603	0.0574239	0.078114	0	
-0.0535625	0.0559561	0.0555761	-0.0103804	-0.000770949	0.392387	-0.0609794	0.130039	-0.0616188	-0.0649849	0.0450547	-0.0538757	-0.0191177	0.0550868	0.103451	0.205512	0.0489006	0.0311361	0.00258595	-0.0340352	
-0.0517945	0.0590444	0.0971525	-0.00729216	-0.00199272	0.263216	-0.0613585	0.235616	-0.0480465	-0.0624359	0.049881	-0.0517756	-0.0178433	0.134626	0.0874775	0.133245	0.0454935	0.0346756	0.00308827	0	0.041704	
-0.0529367	0.0578456	0.129533	-0.00849089	-0.000894489	0.280004	-0.0613585	0.174103	-0.0606565	-0.0659723	0.0674018	-0.0505628	-0.014698	0.0824124	0.0860929	0.0770085	0.0442948	0.047111	0	0.00168721	0.0745425	-0.00124097	
-0.0526568	0.0594176	0.0931266	-0.00849089	-0.00148018	0.271119	-0.0622745	0.0899224	-0.0557899	-0.0681248	0.0633748	-0.0545973	-0.020122	0.0844015	0.117032	0.148333	0.0319021	0.0527897	0	
-0.0506316	0.0572774	0.0973668	-0.0104458	-0.00130237	0.279202	-0.0614005	0.0867795	-0.0524198	-0.0607201	0.0547131	-0.0545366	-0.019375	0.0449633	0.104878	0.0565722	0.0417013	0.0287744	-0.0192349	
-0.0515458	0.0606075	0.0754084	-0.00724365	-0.00270487	0.286677	-0.0627625	0.111764	-0.0570152	0.0275013	-0.0542344	-0.0174176	0.0852648	0.135122	0.0557561	0.041815	0.0343551	
-0.0563062	0.0593063	0.0780158	-0.00995638	-0.000810626	0.226574	-0.063491	0.147914	-0.0654513	0.0799485	-0.0556576	-0.00415431	0.0561416	0.109846	0.0583469	0.0382246	0.0213765	-0.00769587	
-0.0518693	0.0599467	0.075469	-0.00939179	-0.000605124	0.34912	-0.065044	0.174107	-0.0634086	0.0705489	0.101471	-0.0509838	-0.00858224	0.143427	0.149557	0.155201	0.0433032	
-0.0542772	0.0589943	0.0545889	-0.00964705	-0.000321892	0.256464	-0.0614087	0.147445	-0.0641181	0.0345037	0.157164	-0.050354	-0.0138246	0.0797818	0.114143	0.0539329	0.0460176	
-0.0575018	0.058745	0.0585349	-0.00989636	0.00053599	0.269524	-0.0622095	0.11891	-0.0618975	0.0821071	0.115218	-0.0524606	-0.0187941	0.0921686	0.182025	0.141496	0.0362297	
-0.0564977	0.0578506	0.0607182	-0.0100043	-0.00145155	0.304717	-0.062475	0.101806	-0.0626983	0.086875	0.101662	-0.0518878	-0.0254115	0.0825845	0.0812087	0.120733	0.0490839	-0.00139515	0	-0.00400608	
-0.0583002	0.0595209	0.097159	-0.00828637	-6.82516e-05	0.23917	-0.062475	0.114348	-0.0662498	0.027174	0.0566776	-0.0572014	-0.0186205	0.0446976	0.155373	-0.00243729	0.0362299	-0.00257008	0.0129578	
-0.053362	0.0589673	0.0306259	-0.0090599	-0.00165536	0.303695	-0.0629767	0.259526	-0.0607423	0.0814942	0.133258	-0.0546464	-0.0166255	0.0649964	0.166819	-0.0444233	0.0325797	-0.00175059	0	
-0.0525004	0.0593862	0.088874	-0.0079295	-0.00109798	0.242038	-0.0606555	0.167082	-0.058604	0.0743785	0.102715	-0.0564969	-0.0252528	0.105771	0.198172	-0.0584014	0.0360208	-0.00176328	
-0.0583573	0.0615769	0.0275392	-0.00863599	0.00146742	0.238005	-0.0639741	0.23824	-0.0649899	0.13516	0.146602	-0.0545103	-0.0249579	0.072335	0.118402	-0.0409247	0.0426128	-0.00075248	-0.00397749	0	
-0.0577182	0.0614253	0.116127	-0.00903487	-0.000390901	0.213422	-0.0649695	0.164467	-0.0699681	0.104783	0.0753511	-0.0581183	-0.0325423	0.104707	0.147771	-0.0525832	0.0521413	-0.000734317	0.0639658	-0.00279212	0.00424858	
-0.0620758	0.0602869	0.0917086	-0.0101733	-0.0013061	0.288204	-0.0624193	0.207366	-0.0668708	0.173467	0.0903281	-0.0545177	-0.0290672	0.0991312	0.112669	-0.0491958	0.0467062	-0.0022121	
-0.0632197	0.0621173	0.0647111	-0.00834295	-0.00367478	0.29863	-0.0648018	0.0628561	-0.0688208	0.110004	0.0783324	-0.0543503	-0.0268376	0.128241	0.085192	-0.0393385	0.0436045	-0.00202641	-0.067951	
-0.0615556	0.0612818	0.091803	-0.00889927	-0.0022386	0.22058	-0.0628258	0.119701	-0.0681955	0.11366	0.0746373	-0.0543503	-0.031467	0.0424451	0.193547	-0.0561697	0.0428555	-0.000311754	
-0.0596255	0.058744	0.111854	-0.00871553	-0.00220499	0.219258	-0.0628708	0.172114	-0.0656578	0.0858759	0.0818469	-0.0553661	-0.0183533	0.0707391	0.0361414	-0.0438337	0.0576024	0.00234204	-0.00434538	
-0.0599135	0.0608905	0.113502	-0.00835241	-0.000207079	0.270422	-0.0622988	0.175588	-0.0663182	0.204542	0.135956	-0.0531703	-0.0297027	0.149128	0.101704	-0.0155925	0.0483099	4.30477e-05	-0.00690873	
-0.0620388	0.0608905	0.126271	-0.00835241	-0.00227387	0.218741	-0.0635859	0.13107	-0.0671713	0.122137	0.062094	-0.051762	-0.0267843	0.0793276	0.0668425	0.0594549	-0.000523572	-0.0105273	
-0.0595293	0.0613361	0.0949758	-0.00744631	-0.00375042	0.284897	-0.0624232	0.0701184	-0.0667775	0.0890722	0.0863299	-0.0576004	-0.0267957	0.16248	0.0915579	0.060105	-0.00010226	
-0.0616462	0.0611642	0.125554	-0.00766715	-0.0015959	0.254488	-0.0627201	0.147592	-0.0679139	0.0569454	0.106599	-0.0535322	-0.0336293	0.189991	0.163941	0.0500456	-0.0015478	0.0284965	-0.00741514	-0.00159734	
-0.0662265	0.062055	0.0646956	-0.00855975	0.00018895	0.254503	-0.064686	0.168206	-0.06623	0.0472388	0.0738958	-0.057338	-0.0322422	0.0414827	0.101661	0.046531	-0.00279746	0.0160973	
-0.0609597	0.0621647	0.0405018	-0.00840361	-0.000336955	0.313875	-0.0665407	0.203476	-0.0674827	0.0467863	0.0662788	-0.0571696	-0.0264395	0.0551703	0.134058	0.0510283	-0.00245567	0	
-0.0643983	0.0626925	0.0550173	-0.00840361	5.98984e-05	0.312761	-0.0655082	0.139288	-0.069889	0.101425	0.0619532	-0.0593323	-0.0225148	0.0815181	0.190872	0.0391749	-0.00318724	
-0.0629898	0.0631664	0.0388608	-0.00766912	-0.00419634	0.283158	-0.0632654	0.137339	-0.0689193	0.0458471	0.0541497	-0.0570862	-0.04287	0.190527	0.0822281	0.0536431	-0.00325298	
-0.061607	0.0596634	0.0753821	-0.00766912	-0.00148664	0.27387	-0.0609382	0.113241	-0.065921	0.109662	0.0712531	-0.0522431	-0.0283253	0.132998	0.0754698	0.0417249	-0.00186346	0	
-0.061607	0.059402	0.0573683	-0.00793049	-0.00315816	0.224299	-0.0626611	0.162787	-0.0646425	0.128994	0.10457	-0.0501415	-0.0315915	0.10797	0.232401	0.0437202	-0.00247856	0	-0.0041292	-0.0020695	
-0.0625619	0.0583987	0.0613944	-0.00893389	-0.00317994	0.196633	-0.0617575	0.268831	0	0.100648	0.0510873	-0.0519438	-0.045119	0.229606	-0.0639517	0.0293987	-0.00477908	0.00251179	-0.0277693	
-0.0608148	0.0582411	0.0553871	-0.00812198	-0.00258803	0.224169	-0.0604392	0.194272	-0.00992386	0.073308	0.0499254	-0.0524696	-0.0411765	0.282574	-0.0639727	0.0543769	-0.00242275	-0.0024871	
-0.0607539	0.0591635	0.0711212	-0.00824315	-0.00173418	0.250505	-0.0616138	0.191609	-0.00561507	0.0450928	0.0433216	-0.0532671	-0.0559323	0.20696	-0.055776	0.035043	-0.00341535	0.0025681	-0.00588453	
-0.0594608	0.0591635	0.0516775	-0.0081545	-0.00245698	0.251351	-0.0624238	0.0791356	-0.00561507	0.0599789	0.037632	-0.0488261	-0.0293884	0.0797019	-0.0608219	0.0346334	-0.0029337	
-0.0599732	0.0590555	0.0510845	-0.00888582	-0.00265641	0.266708	-0.0602628	0.121217	-0.00301967	0.112365	0.020046	-0.0432632	-0.0238892	0.14528	-0.0630151	0.0616722	-0.00214548	-0.0100806	0	
-0.0592759	0.0594228	0.0707261	-0.00851858	-0.00249413	0.240774	-0.0616194	0.214704	-0.00666154	0.081053	0.0532426	-0.0509787	-0.025212	0.139617	-0.062605	0.0432628	-0.00169635	0.0257701	
-0.0616819	0.0578097	0.0340133	-0.0101911	-0.00121931	0.236628	-0.0609858	0.17251	-0.00222164	0.0748966	0.04973	-0.0463638	-0.0169652	0.148177	-0.0668972	0.0329646	-0.00397779	-0.0425167	0.0145583	-0.00790133	
-0.0613772	0.0594456	0.0468898	-0.00931872	0.000649137	0.273449	-0.0623911	0.213841	-0.00297079	0.0912099	0.0672454	-0.0513251	-0.0325471	0.129553	-0.0644838	0.0371254	-0.00142958	
-0.0600565	0.0602646	0.0573184	-0.00849972	-0.000982194	0.248338	-0.0635209	0.237586	-0.00458794	0.066465	0.0743448	-0.0471205	-0.0243736	0.112499	-0.0672615	0.0361188	-0.00236319	
-0.061737	0.0597154	0.0467244	-0.00877388	-0.000576412	0.261763	-0.0630113	0.271449	-0.000639901	0.0569576	0.0593724	-0.0472279	-0.0347903	0.110575	-0.0650553	0.0347	-0.00275245	-0.0286678	
-0.0580066	0.0612044	0.0662265	-0.00728493	-0.00279929	0.274643	-0.0624283	0.262431	-0.000639901	0.0286757	0.0963377	-0.0534579	-0.0533224	0.11882	-0.0677823	0.0385254	-0.00110611	
-0.056514	0.0600413	0.0471706	-0.00857607	-0.000772108	0.233623	-0.0629299	0.225033	-0.0232227	0.0806367	0.0673822	-0.0531365	-0.0377517	0.133054	-0.0709607	0.0448565	-0.00255182	
-0.059747	0.0603287	0.0790023	-0.00883065	-0.00178119	0.249743	-0.0652598	0.196589	-0.016132	0.0921523	0.0727864	-0.0536784	-0.0497293	0.053309	-0.0671271	0.0333968	-0.00166224	-0.0246435	0.0128929	
-0.0588869	0.0601314	0.082194	-0.00758046	-0.00327842	0.257997	-0.0622356	0.178337	-0.00661295	0.0547448	0.0466306	-0.0553449	-0.0337607	0.155323	-0.0685653	0.0395902	-0.00188389	0.0017645	
-0.0558952	0.0601314	0.0711374	-0.00740618	-0.00309812	0.227418	-0.0638309	0.197185	-0.0113194	0.0393104	0.0431367	-0.0563753	-0.0294357	0.0619972	-0.0659707	0.0481925	-0.00458792	-0.00106323	0.00515559	
-0.0607629	0.0601847	0.0724187	-0.00735291	-0.00239629	0.208421	-0.0622958	0.113827	-0.0172689	0.0553989	0.0357041	-0.0528333	-0.0283276	0.133358	-0.0660804	0.0453584	-0.00394409	-0.000130152	
-0.0597538	0.0601847	0.132126	-0.00735291	-0.00442262	0.283823	-0.0627366	0.202865	-0.0186556	0.049439	0.0418508	-0.0528333	-0.0339671	0.0860801	-0.0690399	0.0339992	-0.00326623	-0.000446475	-0.0189197	
-0.0638561	0.0590084	0.056062	-0.00840202	-0.00381474	0.301454	-0.0624925	0.269196	-0.0109571	0.0987437	0.0550744	-0.0527652	-0.0283548	0.0721932	-0.0655047	0.0555751	-0.00242672	0.00130391	0.000632519	
-0.0604075	0.0563368	0.121759	-0.00815957	-0.003206	0.246508	-0.059732	0.141157	-0.00740904	0.0390783	0.055764	-0.0528788	-0.0235194	0.0793544	-0.0614616	0.0537974	-0.00223335	0.000161385	-0.0666289	
-0.0586117	0.0605692	0.0549858	-0.00888236	-0.00322482	0.242276	-0.0648925	0.198991	-0.00377516	0.0241487	0.0468376	-0.0544121	-0.0469615	0.0467707	-0.0684221	0.0503715	-0.00226574	0.000837898	-0.0694515	
-0.0598176	0.0605692	0.0859303	-0.00871151	6.19218e-05	0.246048	-0.0639447	0.285989	-0.0122535	0.15578	0.0385451	-0.0521056	-0.104859	0.0835168	-0.0687373	0.0671499	-0.00246724	8.06621e-05	
-0.0631621	0.0602339	0.0410912	-0.00904679	-0.00148592	0.237767	-0.0639447	0.145939	-0.0122535	0.0830443	0.0214778	-0.0579078	-0.0768118	0.0914424	-0.0665242	0.0484532	-0.00246724	0.000986343	0	0	
-0.0633321	0.0592876	0.0776035	-0.00943889	-0.00100706	0.258182	-0.0639653	0.186899	-0.00866521	0.0729943	0.0360363	-0.0627354	-0.0396127	0.0797096	-0.0648448	0.0534342	-0.00271223	-0.000311635	0	
-0.0590834	0.0602351	0.101217	-0.00975853	-0.00110629	0.294109	-0.0670582	0.1803	-0.0171442	0.147633	0.0241839	-0.0611053	-0.0471845	0.0532939	-0.0664788	0.049162	-0.00151271	0.000266664	
-0.0589315	0.0543332	0.036453	-0.0096005	0.000791364	0.265735	-0.0595886	0.199274	-0.00777763	0.0938249	0.0489578	-0.0560609	-0.0335323	0.0492691	-0.0650949	0.0488804	-0.00357848	0.000287051	
-0.0563617	0.0534819	0.0644328	-0.0104163	-0.00157534	0.229549	-0.0588158	0.180341	-0.00493519	0.0628243	0.0255461	-0.050625	-0.0522187	0.046187	-0.0602499	0.0482624	-0.00254148	-0.000848151	0	
-0.0565672	0.0555859	0.0115326	-0.00831228	-0.0010354	0.214112	-0.0580333	0.184446	-0.00159686	0.0458873	0.028426	-0.0554822	-0.0363059	0.132681	-0.0627969	0.0370457	-0.00231372	-0.000848151	-0.0102013	
-0.064643	0.0608851	0.103495	-0.00863475	0.00228596	0.278905	-0.0651114	0.214225	-0.0117932	0.163686	0.043598	-0.0604066	-0.052322	0.11623	-0.0665169	0.041934	-0.000960192	0.000725029	
-0.0587661	0.0590053	0.0425581	-0.00883085	-0.00178174	0.252491	-0.0624083	0.182096	-0.0172309	0.0700066	0.0140544	-0.0636361	-0.0599147	0.1098	-0.0658708	0.0392393	-0.00200296	0.00109937	0.0111674	0.00189746	
-0.0600825	0.0566409	0.032701	-0.0103915	9.07461e-05	0.237933	-0.061232	0.290923	-0.0159695	0.0513489	0.0528036	-0.0576142	-0.0388377	0.100356	-0.0631752	0.0384477	-0.00178811	0.000773137	
-0.0631699	0.0617935	0.0387349	-0.00925505	0.00135726	0.24889	-0.0668096	0.225965	-0.013732	0.0180779	0.0600262	-0.0608124	-0.0346672	0.251349	-0.0685066	0.0306693	-0.00201645	0.000535342	0	0.00209394	-0.0260856	0.0293167	
-0.0610143	0.0578876	0.0239844	-0.0083358	0.000610169	0.291915	-0.0611905	0.182146	-0.00519021	0.0809055	0.0963345	-0.0542848	-0.0542238	0.0828202	-0.0677917	0.042974	-0.00424144	0.00074509	0	
-0.0611651	0.0567847	0.0327865	-0.00951269	0.00062393	0.268351	-0.0582267	0.186557	-0.00400034	0.0554855	0.0304828	-0.0599195	-0.033667	0.113131	-0.0675124	0.0300339	-0.00264422	0.00163656	-0.00951269	
-0.0590361	0.05709	0.0328804	-0.00946456	0.00390612	0.281775	-0.0620554	0.208816	-0.000932127	0.0315013	0.0219684	-0.0564364	-0.0099979	0.110734	-0.0665275	0.04251	-0.0036724	0.0018938	0	
-0.0569818	0.0572661	0.0470624	-0.00911599	-0.00209315	0.307524	-0.0601236	0.310345	-0.00710419	0.0250943	0.0569674	-0.0573631	-0.0236105	0.205161	-0.0694514	0.0382367	-0.00233182	0.00104285	0.00694065	
-0.0638727	0.0606446	0.134327	-0.00958114	0.00169386	0.269606	-0.0663469	0.297374	-0.00260724	0.0771884	0.0339192	-0.0639286	-0.0334964	0.119839	-0.0726138	0.047322	-0.00291935	0.00104285	-0.194272	
-0.0625117	0.0601567	0.0729641	-0.0102389	0.0039306	0.303728	-0.0663469	0.244282	-0.00822891	0.0345388	0.042278	-0.0612931	-0.041037	0.117336	-0.0711027	0.0298119	-0.00164816	-0.000809043	
-0.0605767	0.0589911	0.0524436	-0.0106668	0.0050856	0.278124	-0.0649993	0.342414	-0.0119998	0.0508698	0.0309448	-0.0579543	-0.042669	0.0674141	-0.0704874	0.0353503	-0.00346969	-0.00115379	0	
-0.0630179	0.0591444	0.0581771	-0.0113781	0.0031759	0.29494	-0.064718	0.289568	-0.00778452	0.0982656	0.0236301	-0.0618379	-0.014347	0.0755183	-0.0719794	0.0455349	-0.000525552	-0.000320201	
-0.0579534	0.0572163	0.0325733	-0.0113781	-0.00114617	0.304641	-0.0609503	0.215478	-0.00627878	0.0364885	0.0315834	-0.0579577	-0.0206714	0.124729	-0.070128	0.0548894	-0.00259506	0.000162954	-0.00432498	
-0.0577263	0.0585804	0.0660087	-0.00880824	0.000364766	0.347684	-0.06348	0.259978	-0.00104825	0.0702635	0.0279989	-0.0612923	-0.0574266	0.07891	-0.0666462	0.0598081	-0.00415419	-0.0014628	0.0488477	-0.0105117	0.000397741	
-0.0559433	0.0589366	0.045877	-0.00954243	0.00358973	0.370711	-0.0632498	0.22774	0.00115142	0.0349052	0.0438282	-0.0603023	-0.0400998	0.0345777	-0.063642	0.0535823	-0.000663385	0.00178421	0.0564237	
-0.0569948	0.0568495	0.00703687	-0.0116296	0.00335316	0.348059	-0.0627886	0.186385	0.00137485	0.096422	0.0500187	-0.0600647	-0.0343068	0.0552444	-0.0669532	0.033828	-0.000730421	0.00156513	0	
-0.0529289	0.0552844	0.000436872	-0.0109522	0.00686981	0.331536	-0.0612612	0.364577	0.0699378	0.029667	-0.0570501	-0.032715	0.0954882	-0.0655158	0.0350643	-0.00204517	0.000939007	-0.00181067	
-0.0572032	0.0552844	0.000436872	-0.0109522	0.0016181	0.301908	-0.0608949	0.284758	0.00332568	0.028222	0.0718492	-0.0545506	-0.0382212	0.0419271	-0.0660156	0.0438209	-0.00189601	-0.00592399	-0.00227353	0	
-0.0535496	0.0548376	0.000194108	-0.0107478	0.000782515	0.296847	-0.0598637	0.385409	0	0.0148498	0.0829845	-0.053708	-0.0270294	0.0985759	-0.0671777	0.0488647	-0.00244311	0.002703	0.00219348	0	
-0.0610108	0.0612145	-0.000840813	-0.00954827	-0.00180859	0.299611	-0.065041	0.265989	0.00236983	0.041736	-0.0591959	-0.0164779	0.10484	-0.0714993	0.0419182	-0.00235315	-0.0201312	0.00164458	
-0.0660052	0.0599092	0.000151099	-0.0108536	-0.00134475	0.286454	-0.0651732	0.255447	0.00436774	0.00210768	0.0463006	-0.0556661	-0.0282123	0.170912	-0.0699605	0.055572	-0.000687759	-0.0112808	
-0.0678907	0.0619019	0.000542695	-0.0108235	-0.00192647	0.303868	-0.0670542	0.265418	-0.00261746	0.00560397	0.0408575	-0.0611626	-0.0196785	0.0542023	-0.0714109	0.0628223	-0.00240491	-0.014073	
-0.0587459	0.0552	-0.000734179	-0.0115451	-0.000319087	0.276352	-0.0627475	0.161505	-0.00101421	0.00263645	0.0525302	-0.0627362	-0.0272176	0.103856	-0.0638869	0.0395951	-0.00277266	-0.00841223	-0.031756	
-0.0570889	0.0550557	-3.10108e-05	-0.0116541	0.00180983	0.276496	-0.0601257	0.147467	0.000620789	0.00413475	0.0417877	-0.0585086	-0.0345772	0.120048	-0.0653624	0.0463862	-0.00357861	-0.00702075	
-0.0561455	0.056179	-0.000103446	-0.0116541	-1.46192e-05	0.288213	-0.0639179	0.122482	0.000369215	0.00318124	0.0392515	-0.0613562	-0.015988	0.0753601	-0.0639425	0.038574	-0.00216199	-0.00746698	0	0	0	
-0.0591541	0.056179	0.000723395	-0.0123329	0.000478492	0.25505	-0.0620942	0.259285	0.000497121	0.00281265	0.0544591	-0.0608579	-0.0139937	0.135535	-0.06558	0.0433845	-0.00233817	-0.00417377	
-0.0587069	0.0578729	0.000128958	-0.0123218	0.00240037	0.252931	-0.0661661	0.146954	-0.00172263	0.00138047	0.0359108	-0.0614312	-0.0158324	0.127788	-0.0693844	0.0381356	-0.00228481	-0.00435616	-0.025096	
-0.0615146	0.0587876	0.00025561	-0.0115336	0.000903064	0.319209	-0.0655966	0.221785	-0.00183619	0.00170478	0.0759099	-0.0638327	-0.0296672	0.112508	-0.0695196	0.0432684	-0.00205124	-0.0121152	-0.0235991	-0.0646403	
-0.0599046	0.0587876	0.000534055	-0.0123649	0.00183277	0.236998	-0.0648634	0.121936	0.00252683	0.00400788	0.105588	-0.0648493	-0.032686	0.124813	-0.0669716	0.0423845	0.000115037	-0.0178322	-0.0262894	
-0.0557044	0.0557416	0.000382865	-0.0104218	0.000999976	0.239251	-0.0582243	0.188621	0.00478641	0.00327067	0.0602814	-0.0565698	-0.0109451	0.0441498	-0.0676856	0.052848	-0.00204856	-0.00214282	-0.0245712	
-0.0581386	0.0558024	-0.000474266	-0.0106198	-0.000202885	0.23965	-0.0597835	0.249294	0.0014464	0.000726156	0.0624715	-0.0596879	-0.020883	0.0809478	-0.0666548	0.0583403	-0.0025344	-0.00676537	-0.0261174	
-0.0604161	0.0591866	-0.000515419	-0.0121781	-0.0015161	0.235074	-0.0670292	0.135804	0.000249425	0.00253473	0.104108	-0.0649656	-0.0124176	0.0928115	-0.074862	0.0499195	-0.00221493	-0.0153524	-0.0264325	
-0.0618993	0.0586698	-0.000436065	-0.0125412	-0.0018255	0.234522	-0.0667178	0.177927	0.00213079	0.00215659	0.080432	-0.067996	-0.0279726	0.113373	-0.0660834	0.0399666	-0.00224531	-0.0110544	-0.0322124	0.00228426	-0.000975446	
-0.064126	0.05842	-0.000934278	-0.01231	-0.00305287	0.237101	-0.066468	0.113822	-0.00037162	0.00134467	0.151391	-0.0663392	-0.040577	0.0964417	-0.0691674	0.0541592	-0.00184557	-0.0114989	0.0155635	-0.000941944	
-0.0606609	0.05842	-9.64084e-05	-0.0123516	0.000176156	0.230157	-0.0669591	0.11049	0.000928676	0.00261245	0.087872	-0.0636135	-0.0165061	0.0506649	-0.0730827	0.0422761	-0.00175354	-0.0167476	-0.00305004	
-0.0652344	0.0600737	-0.00144259	-0.0135707	0.00117785	0.254492	-0.0700912	0.138209	0.00352516	0.00267503	0.0508725	-0.0691229	-0.0211945	0.0301224	-0.0747781	0.0531145	-0.0016011	-0.0194796	0.000268025	-0.036093	
-0.0635474	0.0631693	0.000119149	-0.0104751	-0.00209039	0.282697	-0.0675316	0.184922	-0.00145874	0.00237541	0.108283	-0.0683943	-0.0422633	0.0827447	0.0571774	-0.00349904	-0.0228303	-0.0726016	
-0.0632511	0.0607736	-0.00134716	-0.0103606	-0.00412813	0.25283	-0.0646825	0.147083	-3.54318e-05	0.0018763	0.0753627	-0.0644614	-0.0191049	0.131399	0.0588913	-0.00464305	-0.0188363	-0.0701731	0.0109416	0.00234526	0	
-0.0643885	0.0595203	-0.00134716	-0.0122225	-0.00172788	0.277013	-0.067777	0.142448	-0.00198833	0.00217398	0.0949967	-0.0669625	-0.0230344	0.194824	0.0529897	-0.00415611	-0.0116904	-0.0713982	
-0.0597275	0.0597285	-0.00195354	-0.0120143	-0.00478939	0.32242	-0.067777	0.114861	-0.0035261	0.00561068	0.0662222	-0.0672883	-0.0277697	0.123181	0.0466292	-0.00438038	-0.0228311	-0.0695386	0.0519413	
-0.0625906	0.0580984	-0.00045781	-0.0103796	-0.00409712	0.325008	-0.0645233	0.292546	-0.00289584	0.00126356	0.0446517	-0.0644751	-0.0263127	0.112665	0.0330802	-0.00476694	-0.0137509	-0.0695895	
-0.0613265	0.0572311	-0.00184397	-0.011234	-0.00266283	0.375099	-0.0629549	0.22852	-0.00258153	0.00266441	0.053443	-0.0631157	-0.0164902	0.165798	0.0337731	-0.00112001	-0.00510697	-0.0658441	
-0.061205	0.058326	-0.000805927	-0.0106608	-0.00357226	0.400984	-0.062336	0.177573	0.00115488	0.000465674	0.0635208	-0.0613569	-0.0445169	0.111731	0.0443964	-0.000393981	-0.0198644	-0.0712142	0	
-0.0630604	0.0581387	-0.00168971	-0.0102218	-0.00376517	0.332162	-0.0608238	0.166144	-0.00236515	0.00459703	0.0457893	-0.0632767	-0.0126367	0.0431999	0.0434429	-0.00166884	-0.00971552	-0.0706144	-0.0021643	
-0.0643197	0.0581387	-0.00124678	-0.0102218	-0.00246346	0.312794	-0.0629113	0.259981	0.00195198	0.00186088	0.036052	-0.0598823	-0.0282943	0.0897061	0.0418273	-0.00284838	-0.0213629	-0.070593	0	0.024484	0.0123296	
-0.0588325	0.0581387	-0.000720836	-0.0106436	-0.00333156	0.279326	-0.0614605	0.17077	0.00443388	0.0027781	0.0888037	-0.0622293	-0.0277858	0.085787	0.040573	-0.00161703	-0.0163578	-0.0648344	
-0.0641402	0.0594038	-0.000194029	-0.00966392	-0.00373513	0.334617	-0.0620115	0.0602975	0.0064393	0.00392001	0.0841972	-0.0627345	-0.0229709	0.0978266	0.0422999	-0.00226922	-0.0165007	-0.0682864	-0.000500666	
-0.0627354	0.0590021	-0.000902761	-0.00819373	-0.00403813	0.305474	-0.0631508	0.166551	0.00675954	0.00171756	0.0641449	-0.0617045	-0.0227548	0.0466989	0.0622906	-0.00406735	-0.0153718	-0.0696148	-0.0375886	-0.00290216	-0.0117095	-0.0153521	
-0.0610547	0.0601882	-0.00107794	-0.00890043	-0.00328451	0.296195	-0.0646995	0.0948035	0.00299964	0.00662943	0.117486	-0.0632288	-0.0187624	0.181527	0.0262639	-0.00449504	-0.0172646	-0.0670213	0	-0.0239577	
-0.0589705	0.0566197	-0.000174451	-0.00977665	0.00101994	0.299484	-0.0610682	0.115749	0.00575517	0.00561796	0.062497	-0.0601008	-0.0157766	0.0927224	0.0419723	-0.00207923	-0.0151365	-0.0662921	-0.000681455	0.000583181	
-0.0601887	0.056411	-0.00141716	-0.00988311	-0.00352112	0.312656	-0.0578506	0.21045	0.00112624	0.00551769	0.0690049	-0.0573651	-0.0138281	0.163858	0.0416957	-0.00183932	-0.0183952	-0.0665086	0.0185358	0	-0.0237662	
-0.0592077	0.056411	-0.000614632	-0.00988311	-0.000156778	0.359676	-0.0593909	0.226497	0.0013817	0.00671296	0.087467	-0.0533576	-0.0130786	0.177182	0.0447865	-0.00179807	-0.00858357	-0.0660206	0.0102996	-0.0158594	
-0.0635073	0.0596315	0.000477874	-0.0102431	-0.000521841	0.289528	-0.0658031	0.311078	0.00509473	0.00604861	0.0436048	-0.0632543	-0.0156382	0.0751147	0.0461439	-0.00371211	-0.0170627	-0.0652651	-0.00593418	-0.0172068	
-0.062139	0.0585037	0.000877082	-0.0102431	-0.000672239	0.267176	-0.0630491	0.431776	-0.00411663	0.00398787	0.044474	-0.0634264	-0.00825944	0.0497977	0.0463461	-0.00246617	-0.0100919	-0.0675844	0.0242051	0.0106292	
-0.0609843	0.0570199	-0.000894041	-0.0102292	-0.00310996	0.313532	-0.0621692	0.228948	0.00207552	0.00543827	0.0976459	-0.0594984	-0.00614872	0.0520045	0.0418503	-0.00369929	-0.0130512	-0.0624452	-0.0156766	
-0.0614346	0.0569753	-0.000599683	-0.010312	-0.000914713	0.261892	-0.0605616	0.149547	0.00570495	0.00519026	0.0828301	-0.0580009	0.000345845	0.102506	0.0526421	-0.00196784	-0.0128351	-0.0666238	-0.0155428	0.0121674	
-0.0591918	0.0572971	0.000920109	-0.00964665	0.00019353	0.235955	-0.060901	0.132362	0.00579396	0.0031726	0.074256	-0.0589748	-0.00620205	0.067922	0.0290643	-0.00385701	-0.013423	-0.0638796	-0.0216872	0.00996246	
-0.0589542	0.0575404	-0.000741457	-0.00949276	0.00102727	0.238496	-0.0602842	0.14114	0.0026479	0.00378259	0.0461907	-0.0592564	-0.0123521	0.0786736	0.030731	-0.00448079	-0.010109	-0.0654821	0.00289686	
-0.0643623	0.0629224	0.000392742	-0.00949276	0.00140865	0.23368	-0.0660884	0.127951	0.00437749	0.00329162	0.0541765	-0.0669452	-0.00666641	0.127248	0.0386046	-0.00310953	-0.0150507	-0.0666787	-0.0167739	0.00336473	
-0.0623553	0.0590221	-0.00109517	-0.00985837	0.00183763	0.2267	-0.0636413	0.225016	-0.00413926	0.00328224	0.0363889	-0.0602873	-0.0189099	0.114038	0.0365962	-0.00483422	-0.0242691	-0.063339	-0.0220138	
-0.0601947	0.0581668	-0.00083883	-0.010588	-0.00237284	0.266637	-0.0621344	0.0980798	0.000106235	0.00390985	0.0543285	-0.0630455	-0.0229544	0.175611	0.0221349	-0.00319009	-0.00687755	-0.0651018	-0.0126366	0.0539224	0.000832103	
-0.0646784	0.0606224	-0.00135923	-0.0104509	-0.000478755	0.216341	-0.064798	0.270708	-0.00263221	0.00376681	0.060544	-0.0634104	-0.0116969	0.184544	0.0330072	-0.00396472	-0.0211758	-0.0693756	-0.0146232	0.0297815	
-0.0659388	0.0613771	2.21421e-05	-0.0105661	0.00527473	0.290687	-0.0652171	0.22608	0.00178992	0.00571037	0.0503532	-0.0666142	-0.0208418	0.113157	0.0259702	-0.00234154	-0.0209613	-0.0677459	0.00605091	0.00522327	
-0.0636363	0.0599735	9.58777e-05	-0.0112697	0.00227786	0.274342	-0.0645368	0.163637	-0.003545	0.00459417	0.0659746	-0.0636091	-0.0166744	0.0963662	0.0281011	-0.000667649	-0.0139035	-0.0645574	-0.0391814	0.0117078	
-0.0613977	0.0589317	-0.000895181	-0.0113773	-0.00342241	0.2912	-0.0646461	0.200392	-0.00507223	0.00437773	0.038057	-0.0649908	-0.0127347	0.193561	0.0396393	-0.00338711	-0.0154324	-0.0701452	-0.00800391	0.0140316	
-0.0638685	0.0589317	-0.000351432	-0.0113773	0.00147571	0.288891	-0.0635805	0.156594	-0.000638779	0.00540916	0.0425441	-0.0620772	-0.0189086	0.158337	0.040179	-0.00291381	-0.0186552	-0.0682131	-0.019625	0.0512347	0.00255263	
-0.0623806	0.0589317	0.00151379	-0.0114975	-0.00269696	0.306867	-0.0632019	0.258005	-0.00452652	0.00564017	0.0401214	-0.0632324	-0.0236611	0.12004	0.0216506	-0.0009682	-0.0185116	-0.068558	-0.0227029	0	
-0.0613495	0.0589835	-0.00115175	-0.0109203	0.00111348	0.226345	-0.066608	0.115394	-0.00212653	0.00585064	0.0702695	-0.063157	-0.0102813	0.13663	0.0459164	-0.00338428	-0.0171503	-0.0672822	-0.0352988	0.000430931	-0.0675615	-0.0068676	
-0.0597859	0.0589835	-0.00055995	-0.0110835	-0.00311338	0.212399	-0.063646	0.139942	-0.00421851	0.00270095	0.0146633	-0.0620967	-0.0135034	0.123215	0.0417385	-0.00240993	-0.0171503	-0.0700436	-0.0116439	0.000430931	0.00463756	
-0.0600563	0.0586774	0.000115907	-0.0110835	-0.00284953	0.211759	-0.0646849	0.334691	-0.00131767	0.00636925	0.0296343	-0.0618027	-0.0104263	0.129616	0.0417322	-0.00226798	-0.0160624	-0.064743	-0.0170605	0.0173179	
-0.0611159	0.0576939	0.000398694	-0.0120677	-0.000900222	0.265118	-0.0662277	0.154037	0.00428914	0.00523119	0.0409615	-0.0618027	-0.00774973	0.0695337	0.037818	-0.00226734	-0.000848056	-0.0684893	-0.0218995	-0.000167351	-0.0101669	0.030129	
-0.0611159	0.0576939	-0.000461835	-0.0120677	0.00422072	0.27455	-0.0644058	0.148061	-0.00192067	0.00510677	0.0348117	-0.0599949	-0.0172461	0.103182	0.0548271	-0.00132575	-0.0113691	-0.0681989	-0.00923542	0.0109079	0	-0.0383058	
-0.0589205	0.0585475	8.80994e-05	-0.0115744	-0.00231524	0.270347	-0.0640861	0.117884	-0.00467809	0.00592944	0.0192596	-0.0619851	-0.00859458	0.15945	0.0431235	-0.00256726	-0.0134551	-0.0633812	0.044439	0.000504231	
-0.0656072	0.0595297	0.000556966	-0.0118272	-0.00183547	0.290092	-0.0652156	0.16302	-0.00427967	0.00458386	0.0208351	-0.0616902	-0.00455456	0.0941025	0.033627	-0.00162156	-0.00761331	-0.0645671	-0.0174887	-0.00462543	-0.000556966	
-0.0612839	0.0584582	0.000809837	-0.0116281	-0.0011758	0.245754	-0.0640404	0.125517	-0.00309779	0.00360516	0.0371189	-0.0628124	-0.00810956	0.0640712	0.0444081	-0.00227413	-0.0173057	-0.0648653	-0.0263014	-0.004172	-0.0344524	-0.00149672	
-0.0599818	0.0588952	0.000565736	-0.010947	-0.000170063	0.256828	-0.0648652	0.121011	0.000604126	0.00559943	0.0384816	-0.0633094	-0.0191178	0.0397503	0.0458596	-0.00267105	-0.00204382	-0.0655614	-0.0268761	-0.004172	-0.0199607	0	0.146894	
-0.0632151	0.0583429	0.000141327	-0.0114993	-0.00155391	0.267081	-0.0629266	0.118182	-0.00574992	0.00390089	0.0419492	-0.0641325	-0.0005886	0.110487	0.0347164	-0.00207784	-0.0114466	-0.0611438	-0.0307043	0.010083	-0.0156456	-0.0132102	
-0.0560105	0.0583186	-0.000359414	-0.0120307	0.000339162	0.271278	-0.0659174	0.167526	-0.00424059	0.00287287	0.0358174	-0.0634494	-0.00564246	0.0331636	0.0323552	-0.00250172	-0.00674239	-0.0628057	-0.0243441	0.00215605	-0.0172643	0.00346835	
-0.0642625	0.059157	-0.000828791	-0.011486	-0.000565643	0.269866	-0.0645498	0.11342	-0.00346478	0.00377502	0.0295703	-0.0640456	-0.00657905	0.0428067	0.0400367	-0.00141117	-0.00236618	-0.0657014	-0.0246017	0.00529518	-0.0167851	0.00586361	
-0.0583092	0.0588209	-0.000261855	-0.0112822	-2.78619e-05	0.250498	-0.0614021	0.167452	-0.00163692	0.00757746	0.0510455	-0.0637499	-0.00908835	0.259222	0.0391664	-0.00132601	-0.0184495	-0.0697532	-0.0484872	-0.0103577	
-0.0569405	0.0587587	-0.000261855	-0.0113444	0.000491267	0.266422	-0.0626194	0.138565	-0.00130151	0.00175679	0.02698	-0.0642354	9.80214e-05	0.136326	0.0432174	-0.00148602	-0.00567597	-0.0610818	-0.0339969	-0.0097693	-0.0462303	0.00063446	0	
-0.0580405	0.0600431	-0.000261855	-0.0113444	-0.000814631	0.23477	-0.0640319	0.166353	0.0022752	0.00530313	0.0195589	-0.0655198	-0.0106288	0.204674	0.0377148	-0.00314989	-0.00870279	-0.0691589	-0.0216634	-0.00470988	0.0899921	0.008075	
-0.0601702	0.0600431	-0.000561876	-0.0113444	0.00227703	0.286635	-0.0652413	0.135355	-5.95507e-05	0.00529649	0.0224067	-0.065287	-0.00783939	0.131056	0.0360897	-0.00193913	-0.00963661	-0.0663371	-0.0132638	-0.00207972	-0.114161	0.0197313	0	
-0.0585108	0.0625165	-0.00127272	-0.0085379	-0.00287445	0.233108	-0.0652224	0.0870041	0.00216086	0.0028596	0.0284054	-0.0620708	-0.00680683	0.0737533	0.0628359	0.000736597	-0.0117857	-0.0639969	-0.0228379	0.00744572	-0.0392548	-0.0191974	
-0.059701	0.060093	-0.000580658	-0.0109103	0.00108731	0.24821	-0.0651366	0.14112	-0.00235825	0.0032671	0.00913158	-0.0651974	-0.00216007	0.10701	0.0578685	-0.00165498	-0.00743492	-0.0696517	0.0297538	0.00690099	-0.00404938	-0.0436116	
-0.058293	0.0586858	0.000942882	-0.0115937	-0.000631422	0.249416	-0.063999	0.203439	-0.0025535	0.00445839	0.0579037	-0.064958	-0.00439481	0.126165	0.0313322	-0.0022627	-0.0133602	-0.0613209	-0.0041277	-0.0407834	0.0158878	
-0.0604433	0.0586858	0.00105962	-0.0117063	-0.000136932	0.240261	-0.0651663	0.220456	0.000909982	0.00414696	0.0419251	-0.0632865	-0.0228382	0.124632	0.0553169	0.000993138	-0.00870131	-0.0639534	-0.0324239	0.028253	-0.00549186	0	
-0.0606958	0.0589382	0.0010444	-0.0116911	0.000371686	0.225965	-0.0643622	0.180462	-0.00433093	0.00358541	0.0210323	-0.0646224	-0.0131055	0.068064	0.0322808	0.00101081	-0.00686117	-0.0625035	0.0184921	0.159947	0	-0.0246634	
-0.0613517	0.0589382	0.00131146	-0.0116911	-0.000254727	0.242386	-0.063178	0.232548	-0.00276566	0.00560686	0.0472344	-0.0605446	-0.00746784	0.156952	0.0598314	0.00109661	0.000834162	-0.0622683	0.00524689	-0.0891976	-0.0123306	-0.000394093	
-0.057889	0.0589434	-0.000287018	-0.0112178	-0.00100892	0.284531	-0.0640976	0.158316	0.0014058	0.00673575	0.101065	-0.0630134	-0.0066578	0.140427	0.0356844	0.000370382	-0.00245058	-0.0707037	-0.00389777	-0.0896158	
-0.0619404	0.0590588	0.00028302	-0.0118576	-0.000611825	0.218871	-0.0648147	0.274765	0.00048361	0.00413106	0.028168	-0.0648023	-0.0130826	0.0977967	0.054013	0.000542817	-0.00245058	-0.0622008	-0.0208454	0.066563	0.00141718	0.00249428	
-0.0597251	0.0572345	-0.00095075	-0.0122839	-0.0020872	0.251466	-0.0633233	0.19984	-0.000261837	0.0033128	0.0703322	-0.0632231	-0.00757091	0.0796647	0.0422965	-0.00266456	-0.0127882	-0.0616842	0.0300731	-0.0252709	
-0.0555344	0.0578805	-0.000786778	-0.00994496	0.00138324	0.256461	-0.0630587	0.126673	0.0017994	0.00281729	0.0524392	-0.0573506	-0.00550365	0.100188	0.0455011	0.00028255	-0.0109313	-0.0645484	-0.0152106	-0.0408662	
-0.0574964	0.0564054	-0.0001542	-0.0118388	-0.000487992	0.23641	-0.0646306	0.180932	0.0082801	0.00481333	0.0566537	-0.0610373	0.00298029	0.135133	0.0312284	-0.000543419	0.00509153	-0.0652427	0.000523765	-0.0428415	0	
-0.0551781	0.0564054	0.000780652	-0.0118388	-0.00108265	0.258733	-0.0626047	0.148154	-0.0196425	-0.00167831	0.0667896	-0.0625495	-0.00192844	0.142769	0.0436091	-0.0014683	0.00567392	-0.0663848	-0.00183267	-0.0468061	
-0.0574602	0.0558646	-0.00143529	-0.0107285	0.000711674	0.218288	-0.0614628	0.255878	-0.0711286	0.00122667	0.0276179	-0.058055	0.00041058	0.082367	0.0480521	2.84424e-05	-0.00692415	-0.0636035	-0.00118186	-0.0222537	
-0.0531077	0.0557725	-0.00059531	-0.0108207	0.000608576	0.207734	-0.0610025	0.179926	0.00218216	-0.00094628	0.0286435	-0.0588535	-0.0111931	0.214367	0.033251	0.00188198	-0.00177647	-0.0654727	0.00542384	0.0132551	-0.0670609	
-0.0475722	0.0547343	0.00024364	-0.010937	-0.00294286	0.201718	-0.0602593	0.166869	0.0418227	-0.00286355	0.0390397	-0.060693	-0.00213441	0.0707961	0.038387	-0.000297621	-0.0046188	-0.0635375	-0.0221089	
-0.0510092	0.0542476	-0.000902621	-0.0114401	-0.000843097	0.311551	-0.0575532	0.146381	-0.149364	-5.12556e-05	0.0382765	-0.0604989	0.00386997	0.0446253	0.0354403	-0.000874271	-0.00514984	-0.0597767	-0.0199732	-0.0314246	
-0.0571655	0.0577836	-0.00150043	-0.0113957	-0.00358101	0.260627	-0.0632976	0.101672	-0.117034	-0.00268751	0.040464	-0.0620862	0.00106363	0.0597544	0.0360881	0.000650032	-0.00507429	-0.0646764	-0.0173841	0.0184626	
-0.0586595	0.0589079	-0.0016761	-0.0100957	-0.00276242	0.259073	-0.0616596	0.2606	-0.0321265	-0.00585401	0.0296317	-0.0589949	-0.00971085	0.0547007	0.0428574	-0.000252302	-0.00507429	-0.0633743	0.000445965	-0.00350525	
-0.0605752	0.0589079	-0.000611352	-0.0101343	-0.0030294	0.259073	-0.0628778	0.229008	-0.0909373	0.00376345	0.0468685	-0.0594961	-0.00701773	0.0845119	0.047475	-0.00282304	-0.0109878	-0.0628385	-0.0342235	-0.0470589	
-0.0623319	0.0589079	-0.00117152	-0.0101343	-0.00139424	0.24955	-0.0633882	0.144529	-0.0406424	0.0023413	0.0477432	-0.0640198	-0.00675462	0.16529	0.0350837	0.00176776	-0.0109878	-0.0632944	-0.0189643	0.00593028	
-0.057545	0.0589915	-0.00132286	-0.010336	-0.00239449	0.262844	-0.0633882	0.212315	-0.0848264	-0.000120573	0.0751071	-0.0627795	-0.0147767	0.0765842	0.0445738	-1.84403e-06	-0.0108794	-0.0687145	0.0109943	0	
-0.0546444	0.0580926	-0.000477953	-0.0102918	-0.000778576	0.253671	-0.0624893	0.101684	-0.0787603	-0.00628432	0.0328303	-0.0615346	-0.0176813	0.0765906	0.0309363	-0.000877148	-0.0099805	-0.0675117	0.00706891	
-0.0595858	0.0600348	-0.000477953	-0.0106199	-0.00385163	0.231958	-0.0629948	0.18258	-0.0705093	0.000295273	0.0443851	-0.0626373	-0.00549363	0.150517	0.0604227	-6.72033e-05	-0.00816135	-0.069414	-0.00938898	-0.0691286	
-0.0524992	0.0564979	-0.00104489	-0.0103515	-0.00113584	0.242504	-0.0612544	0.129687	-0.146514	0.00432071	0.0240964	-0.0605925	-0.00941172	0.0917331	0.0440902	-0.00146068	-0.00709387	-0.0627505	-0.01301	-0.0115854	0	0.0126101	0.00432071	0	
-0.0581272	0.0568875	3.66478e-05	-0.00999463	-0.0008527	0.272199	-0.0593322	0.162921	-0.112136	-0.00512418	0.022991	-0.0602204	-0.0208627	0.143533	0.0450479	-0.0035063	-0.00704892	-0.0610734	-0.00765279	-0.0284714	
-0.0576747	0.054888	-0.00243305	-0.0111964	-0.00156157	0.281617	-0.0600845	0.0599517	0.000254873	-0.00475916	0.0196889	-0.0589729	0.000538465	0.125042	0.0311242	-0.00203438	-0.00498939	-0.0653684	-0.0333801	0.0145099	
-0.0581648	0.0558147	-0.000642165	-0.0111036	-0.00291344	0.221498	-0.0598205	0.187879	-0.0229649	-0.00523432	0.0331885	-0.0549764	-0.010485	0.0471326	0.043808	-0.000889821	-0.00648702	-0.0661749	-0.0122731	
-0.0602063	0.0561086	-0.00120317	-0.0116295	-0.000740038	0.273888	-0.0616733	0.181677	0.00531788	-0.00701597	0.0130838	-0.0591075	-0.0189145	0.106155	-0.0279215	0.0347589	-0.00351638	-0.000331909	-0.0676279	-0.00562339	-0.0322545	
-0.0599178	0.0575966	-0.00120317	-0.0101414	-0.000913335	0.378554	-0.0608423	0.132211	-0.0324802	0.00310087	0.0192592	-0.0591075	0.00144189	0.0566591	-0.0250066	0.0418335	-0.00336473	-0.00488409	-0.066151	0.00339211	-0.00670606	0.00148808	
-0.0603655	0.0558992	-0.000636818	-0.0115482	-0.00352724	0.275146	-0.0620431	0.248566	-0.00396382	-0.00453827	0.0193181	-0.0585994	-0.000391675	0.0533789	-0.0322443	0.0312921	0.00101084	-0.00559619	-0.0664045	0	
-0.058621	0.0566888	-0.000636818	-0.0107586	-0.00223112	0.29096	-0.0605745	0.110098	0.00886017	-0.00119584	0.0260022	-0.0579604	-0.00538978	0.125073	-0.0347954	0.0477211	-0.00275055	-0.0049893	-0.0605362	
-0.0622057	0.0566888	-0.00119842	-0.0106881	-0.00225176	0.322506	-0.0605745	0.281138	-0.00190084	-0.0021783	0.044529	-0.0571566	-0.00646667	0.0764644	-0.0395882	0.053739	-0.00228616	-0.0049893	-0.0668714	0	
-0.0544418	0.0563658	-0.000894502	-0.0104929	-0.00271284	0.340662	-0.0616839	0.276001	-0.019369	-0.0020477	0.0415306	-0.0610713	-0.0133988	0.0938976	-0.0422993	0.0596731	-0.00218206	-0.0126577	-0.0633668	
-0.0601883	0.0566758	-0.00114406	-0.00990245	-0.000162699	0.244216	-0.0602423	0.244263	-0.0183918	-0.0053743	0.0831411	-0.0597662	-0.0121857	0.0406152	-0.0218297	0.0555222	-0.00461837	-0.00167582	-0.0611355	0.000561098	-0.0527294	
-0.0563286	0.0576322	-0.00203295	-0.00872918	-0.00230555	0.272689	-0.0605173	0.243647	-0.00696959	0.00244499	0.0378586	-0.0579348	-0.00772333	0.0480989	-0.0102546	0.056654	-0.000980785	-4.49842e-05	-0.0635539	0	-0.0552739	-0.0337055	
-0.056161	0.0558865	-0.0016806	-0.0104749	-0.00519799	0.297416	-0.0631925	0.248119	0.00236265	-0.00711376	0.0364731	-0.0568973	-0.00479227	0.0231523	-0.0452764	0.0578359	0.000664011	0.00599568	-0.0624839	-0.000500623	0.0181599	
-0.059518	0.0551423	-0.0016806	-0.0105511	-0.0049402	0.275698	-0.0625506	0.112181	0.00513053	-0.000870005	0.040357	-0.0593727	-0.011605	0.111883	-0.0444501	0.0577052	-0.00238565	-0.00982583	-0.0587937	0.0503321	-0.00318601	0	
-0.0619981	0.0551423	-0.000488297	-0.0106891	-0.00377205	0.23778	-0.0608491	0.111988	0.00297367	-0.00403916	0.0200482	-0.053797	0.0022093	0.224418	-0.0514564	0.0490289	-0.00256747	-0.00796541	-0.0654951	4.74317e-05	
-0.057078	0.0556983	-0.00163761	-0.00914902	-0.00364277	0.279562	-0.0607877	0.216107	0.0353109	-0.00155039	0.0429555	-0.0569798	-0.00592511	0.0882407	-0.0400091	0.0463691	-0.00291522	-0.0070516	-0.0547054	-0.00123903	
-0.0630574	0.061232	-0.00157159	-0.0102375	-0.00332397	0.252234	-0.0670447	0.102226	-0.0061196	-0.00434141	0.0560599	-0.064588	-0.0084121	0.161138	-0.035148	0.0276538	-0.00189747	-0.0166667	-0.0691914	
-0.0614217	0.0588601	-0.00174141	-0.00937373	-0.00425887	0.325633	-0.0630108	0.0962307	-0.0190105	-0.00522508	0.0562421	-0.059895	-0.0177836	0.102801	-0.041102	0.0290572	-0.00337855	-0.015293	-0.0684939	0.00640726	-0.0196542	
-0.0575739	0.058982	0.000198584	-0.00959818	-0.00234813	0.330557	-0.0634872	0.148209	0.0135316	-0.000260023	0.0521938	-0.0598461	-0.0277694	0.170228	-0.0350087	0.0476518	-0.00218163	-0.0150744	-0.0656002	
-0.0626002	0.0585965	-0.00215312	-0.00969338	-0.00455572	0.281322	-0.063922	0.135294	-0.0382573	-0.00205143	0.0385741	-0.0543752	-0.0168629	0.124584	-0.0525686	0.0333334	-0.00113952	-0.0174439	-0.0687841	
-0.0589962	0.0603522	-0.00197469	-0.00846049	0.00133605	0.279415	-0.0640231	0.141281	0.00553133	-0.00317061	0.0378992	-0.0580547	-0.0153109	0.203631	-0.037208	0.0598858	-0.00250466	-0.0179667	-0.0647382	
