-0.249361	0.100359	-0.00649917	-0.0345233	0.00020841	0.0305113	-0.0041361	0.0164289	0.258086	0.00159824	0.00281913	0.0254791	0.0367704	-0.0002404	0.082796	0.0256932	0.0154608	0.00383563	0.253934	0.170332	0.0147922	-0.0164329	0.180699	0.244926	0.0147841	0.0286359	-0.170172	0.0243188	0.0079079	0.0319917	0.0025138	0.002097	0.0834837	0.18701	0.543424	0.0106818	-0.0025315	0.0120071	-0.0032278	0.00049109	-0.234549	0.0219177	0.0139584	-0.221804	0.0012463	0.050792	0.0673112	0.176173	0.004909	-0.00212726	-0.0025411	0.0039152	0.203387	0.021625	0.195264	0.0772496	-0.248115	0.0209771	0.0576203	-0.0073172	0.0131373	-0.0016553	-0.002741	-0.222841	0.542889	-0.213144	-0.00711344	0.0944342	-0.0031577	-0.0049577	0.0031727	-0.0112693	0.0125506	-0.0297313	-0.00797955	0.0514315	0.0537411	0.354151	-0.209311	
-0.26765	0.104705	-0.00680642	-0.0377809	0.000424861	0.0209042	-0.00565613	0.0164289	0.276375	0.0161309	0.0126742	0.0280315	-0.0034682	0.147866	0.00784626	0.197923	0.0639724	0.0911267	-0.0132994	0.185705	0.00709501	0.328929	-0.215451	0.0310191	0.0130891	0.515904	0.0216907	0.0121282	-0.242528	0.00882597	0.135735	0.0802672	0.0374782	0.00786332	0.0183187	0.0847601	0.166178	-0.264646	0.0379334	0.0437748	0.253181	0.016494	-0.220912	0.0589577	0.0152685	-0.01396	
-0.265677	0.100058	-0.00642359	-0.0304404	-8.5391e-05	0.0210266	-0.00466748	0.017084	0.274525	0.116852	0.0903895	0.005044	0.23158	0.0877119	0.0835416	-0.246898	0.105101	-0.00322568	0.0449791	0.00920299	0.388098	0.0345741	0.321874	0.0104706	0.196864	0.149981	0.0831613	0.176564	-0.255309	0.0334221	0.0397072	0.238871	-0.222673	
-0.259149	0.0946316	-0.00482343	-0.0278647	-0.000781711	0.0283313	-0.00698257	0.017084	0.267997	-0.213929	0.00505058	0.116856	0.0776312	0.0427365	-0.232909	0.0750358	6.64612e-05	0.159667	0.0318736	0.00641718	0.0300454	0.288618	0.0510582	0.162057	0.339026	0.3144	0.0296453	0.238871	
-0.258779	0.116634	-0.00519376	-0.035065	-0.00074457	0.0180184	-0.00406487	0.0149946	0.267997	0.183202	-0.000941264	0.123734	0.00289923	-0.200515	0.00833976	0.143668	0.053289	0.0525951	-0.242319	0.0426787	-0.001728	0.0329664	0.0438914	0.0893901	0.288248	0.0821846	0.33578	0.0172004	
-0.261208	0.102525	-0.00813967	-0.000123038	-0.000729578	0.0248793	-0.00513574	0.0192426	0.270247	0.130808	0.330433	0.000495289	0.304833	0.286921	-0.0502816	0.0154334	0.126553	0.0720853	0.0489428	0.0370591	0.0191655	-0.20932	-0.241713	0.071884	
-0.261208	0.117813	-0.00709027	0.000457058	-0.00244845	0.0190459	-0.00354906	0.309251	0.270247	0.191726	0.000495289	0.161352	-0.00903876	0.348511	0.0156393	-0.056021	0.00624142	0.335629	0.266111	0.0586586	0.0776245	0.0255404	-0.185914	-0.235199	0.0985587	
-0.261376	0.103768	-0.00449329	-0.000786859	0.000851815	0.0317367	-0.00528912	0.319682	0.270247	0.141772	0.000537078	0.214382	0.107303	0.339365	0.0184943	-0.0471033	0.00761541	0.131131	0.09676	0.0565527	0.0180657	-0.203702	-0.23144	0.0874272	0	
-0.261376	0.0796022	-0.00525097	0.00114408	-0.00148074	0.0215743	-0.00356978	0.297817	0.270283	-0.198976	0.0717039	0.00126789	0.268657	0.364337	0.600011	0.0137299	-0.0349661	0.00635573	0.18561	0.099122	0.12277	0.0200466	-0.213862	0.211758	-0.00395052	
-0.260942	0.0732703	-0.00568442	-0.00063756	-0.00199131	0.0316509	-0.00661666	0.292319	0.270038	-0.244767	0.122281	-6.10403e-05	0.355918	0.13289	0.340728	0.0124048	-0.0459272	0.0124419	0.28943	0.0912031	0.123652	0.0192228	-0.235434	0.210753	0	0	
-0.25486	0.107645	-0.00383142	-0.000516327	-0.000530653	0.0397177	-0.0057651	0.244357	0.264082	-0.219284	0.09433	0.00022229	0.19211	0.154482	0.387648	0.0106	-0.0396657	0.0124096	0.171474	0.0906002	0.0534488	0.0110052	-0.219553	0.122442	0.00027769	
-0.246061	0.0879581	-0.00293524	-0.000340191	0.00260512	0.0217088	-0.00559907	0.292178	0.255283	-0.215891	0.0726155	0.000803027	0.180997	0.206352	0.338609	0.0136556	-0.0503495	0.0061896	0.196206	0.164252	0.0824113	0.00405718	-0.218582	0.169099	0.00658454	
-0.246349	0.0887668	-0.00489031	-0.000953363	0.000723945	0.0200206	-0.00531091	0.335311	0.255196	-0.218872	0.130791	0.000485546	0.202674	0.0865262	0.238006	0.0139438	-0.0463547	0.00832811	0.0645672	0.0926899	0.0933016	0.00450298	-0.219727	0.10667	0.0122928	
-0.245464	0.089209	-0.00257522	-0.000953363	0.000910585	0.0288068	-0.00705372	0.349006	0.254261	-0.198133	0.0749198	0.000474266	0.275944	0.0885923	0.342257	0.0214654	-0.0377214	0.0106416	0.180013	0.117569	0.0721462	0.00480962	-0.22589	0.0720616	0.00760331	
-0.245065	0.0999902	-0.00226032	-0.00101748	-0.00127079	0.0227107	-0.00582598	0.331822	0.254261	-0.204196	0.124663	0.000474266	0.403313	0.0954609	0.238705	0.0203731	-0.0491084	0.00999372	0.135587	0.0761325	0.067065	0.0040783	-0.215746	0.107719	-0.0259236	
-0.244266	0.0673595	-0.00427167	-0.000690341	-0.00114329	0.0249878	-0.00866376	0.304441	0.253651	-0.201746	0.0999464	0.000523656	0.27114	0.0707773	0.304424	0.0149436	-0.0398427	0.00659501	0.0636198	0.0595882	0.0574347	0.00412769	-0.214213	0.0817133	
-0.260421	0.0810387	-0.00446465	-0.000639706	0.00149126	0.0363509	-0.0075393	0.316213	0.269888	-0.247131	0.0559089	8.51759e-05	0.235814	0.081115	0.311487	0.0203947	-0.0487137	0.0144598	0.0840167	0.0888101	0.0979299	-0.244973	0.111107	
-0.254809	0.082378	-0.00238573	-2.38764e-05	-4.03695e-05	0.0210373	-0.00740022	0.310726	0.263536	-0.250247	0.139146	0.00142226	0.154876	0.0638119	0.400679	0.0202127	-0.0228317	0.00416459	0.118699	0.0881184	0.0280906	0.10877	-0.227107	0	0	
-0.279987	0.0942529	-0.00371613	-2.38764e-05	0.00117134	0.0307376	-0.000340878	0.318224	0.288715	-0.267786	0.133717	4.15879e-05	0.143952	0.171602	0.29574	0.0229521	-0.0420198	0.0100269	0.184182	0.0453266	0.117434	0.065597	-0.251375	
-0.255033	0.0747929	-0.00609103	-0.00053135	-0.0025269	0.0249188	-0.00632655	0.25188	0.26376	-0.236495	0.0774234	0.000227402	0.181946	0.129042	0.228464	0.015207	-0.0388086	0.0118936	0.10506	0.0668093	0.0757274	0.0581165	-0.222248	0	
-0.255033	0.0876323	-0.00221008	6.78908e-05	0.0030953	0.0287426	-0.00630042	0.274132	0.26376	-0.228602	0.111966	0.000640648	0.105238	0.116254	0.331862	0.0173776	-0.0410005	0.0151488	0.104071	0.0937167	0.148452	0.1081	-0.229487	
-0.268844	0.0818827	-0.00372417	0.000369133	0.00227932	0.0163828	-0.00649692	0.292114	0.277539	-0.204847	0.123722	0.00060885	0.119784	0.0785809	0.261139	0.0189669	-0.0554887	0.0170107	0.151607	0.130785	0.407634	0.101132	-0.24965	
-0.268844	0.0773125	-0.00644097	0.000384558	0.000488039	0.0169572	-0.0070909	0.316685	0.277321	-0.211057	0.103031	-0.000194485	0.154131	0.0934186	0.428301	0.0209908	-0.0438551	0.00794856	0.114234	0.1352	0.151331	0.083998	-0.244383	
-0.248527	0.0827161	-0.00580362	0.000813695	6.93683e-05	0.0179856	-0.00423464	0.299611	0.257021	-0.217188	0.0785397	-0.00017837	0.0114755	0.231839	0.263132	0.0163588	-0.0346913	0.139426	0.1254	0.0541348	0.275279	-0.224067	0.00155936	0	
-0.248527	0.0953739	-0.00580362	0.000813695	0.00284802	0.0230363	-0.003497	0.223494	0.257021	-0.211967	0.0921015	0.000962477	0.0201825	0.0625879	0.305014	0.0181882	-0.0368864	0.149567	0.318249	0.0998769	0.244016	-0.233008	0.022823	-0.0285498	
-0.264463	0.0835518	-0.00595884	0.000282824	0.000730634	0.0216376	-0.00555531	0.232494	0.273452	-0.233499	0.0755794	0.000737571	0.00495996	0.0457804	0.256566	0.0177753	-0.0540478	0.199797	0.161407	0.0566655	0.168866	-0.2332	-0.000155223	0	-0.00835549	
-0.273848	0.0730934	-0.0056513	0.000398932	0.00114921	0.0222665	-0.00438782	0.236735	0.282657	-0.232457	0.0924579	0.000556416	0.0122721	0.0664505	0.268075	0.0155005	-0.0393133	0.294199	0.170481	0.22765	-0.252604	0.177634	
-0.290124	0.101202	-0.00528445	0.00034557	0.00037192	0.0254316	-0.0071974	0.221766	0.298801	-0.263065	0.151262	-0.000461023	0.0167092	0.212091	0.28226	0.017909	-0.0362081	0.332359	0.193761	0.208213	-0.268352	0	0.0806146	
-0.29983	0.0973191	-0.00511258	0.000562231	0.00159084	0.0254207	-0.00882213	0.187524	0.308117	-0.259769	0.0772906	0.000199742	0.0122322	0.104527	0.385665	0.0200363	-0.0496889	0.135133	0.127718	0.261701	-0.277653	0.00233367	-0.311635	0.148835	
-0.258442	0.0865416	-0.00616649	-0.000388312	-0.00409403	0.0279556	-0.00644526	0.232161	0.267138	-0.223354	0.119005	0.000528038	0.00886079	0.0626023	0.2982	0.0194917	-0.0380023	0.179316	0.0852375	0.126248	-0.233153	0.128972	
-0.277282	0.0857738	-0.00614433	-5.7133e-05	-0.00110461	0.0243681	-0.00645536	0.214563	0.286794	-0.243589	0.121085	0.00077519	0.0131905	0.0604932	0.312226	0.0153913	-0.0406492	0.365969	0.0837121	0.0934818	-0.247645	0.0986057	
-0.271948	0.0956876	-0.00625555	-0.000547001	0.00192745	0.0247039	-0.00849536	0.253702	0.281204	-0.240604	0.107844	0.000266388	0.0164526	0.162343	0.379142	0.020704	-0.0358139	0.170987	0.0800769	0.0506237	-0.247774	0.172654	
-0.251852	0.0679426	-0.00637385	-0.00021234	-0.000637211	0.0171546	-0.00640103	0.207389	0.261108	-0.212314	0.0598259	0.000266388	0.0255309	0.0951235	0.204495	0.018714	-0.0390329	0.166313	0.130713	0.123303	-0.223351	0.184763	
-0.258845	0.066953	-0.00681134	0.00112251	-0.00241959	0.021506	-0.00573415	0.293512	0.268344	-0.215732	0.0820029	0.000752516	0.00657995	0.0581061	0.291897	0.0189581	-0.0245553	0.268803	0.107821	0.10732	-0.236616	0.108487	0.00131752	0.0103625	
-0.246063	0.073164	-0.00454423	-0.000285675	0.000984261	0.0298177	-0.00689458	0.249414	0.255217	-0.220347	0.0485374	0.000122753	0.0113904	0.0398796	0.226552	0.015701	-0.0352217	0.102268	0.115512	0.110185	-0.214343	0.0710633	-0.00519769	
-0.271934	0.07103	-0.00543287	-0.000155538	0.00185715	0.0283414	-0.00752131	0.230555	0.281028	-0.23006	0.137291	0.0013254	0.00817305	0.147067	0.318493	0.0170942	-0.0271844	0.10416	0.273092	0.124323	-0.246722	0.00338669	0.066086	
-0.278414	0.0780402	-0.00641772	0.00113448	0.000202388	0.0398687	-0.00824509	0.215715	0.287707	-0.233418	0.0829864	0.00138498	0.00653912	0.047906	0.321865	0.014117	-0.0465946	0.167013	0.161901	0.0812029	-0.251363	0.230764	-0.000202426	
-0.266303	0.0709976	-0.00615352	3.08799e-05	0.000877405	0.0253545	-0.00852939	0.254455	0.274876	-0.222306	0.0843974	0.00168402	0.0140523	0.132737	0.343432	0.0240025	-0.0328148	0.130093	0.109529	0.117251	-0.231941	0.0724613	-0.00277084	
-0.260675	0.0706004	-0.00570359	0.00166926	0.00102439	0.0239837	-0.00396533	0.166189	0.269689	-0.234489	0.138039	0.00168045	0.00957801	0.0595927	0.316598	0.0188623	-0.0379918	0.190548	0.193791	0.0966116	-0.246722	0.116284	-0.00807025	
-0.255146	0.0707526	-0.00442075	0.000214358	0.00205262	0.0244491	-0.00529348	0.239002	0.264008	-0.14474	0.113419	0.00168045	0.0267322	0.0778677	0.367639	0.0163143	-0.0551956	0.177321	0.0694186	0.0604135	-0.231503	0.0953541	0.0955556	0.0201843	
-0.274575	0.0779868	-0.00348567	-1.98731e-05	0.000825862	0.0352912	-0.00449855	0.224219	0.283354	-0.212276	0.112564	0.00165542	0.00846902	0.0706647	0.26768	0.0178728	-0.0436915	0.165295	0.222879	0.0835388	-0.254744	0.101531	-0.00124276	
-0.281411	0.0771381	-0.00495514	0.00079891	0.000825862	0.0326758	-0.00736531	0.297889	0.29019	-0.215509	0.28817	0.000479673	0.0100186	0.208576	0.224576	0.0232067	-0.0345123	0.236189	0.254805	0.0899252	-0.262561	0.0747748	
-0.281175	0.0762022	-0.00604752	0.000503617	0.00145269	0.023133	-0.00820644	0.273031	0.29019	-0.24724	0.109338	0.00156909	0.00848292	0.0624722	0.268786	0.0229707	-0.0356559	0.127949	0.131689	0.158821	-0.259842	0.104407	
-0.271471	0.0668842	-0.0053015	0.00119202	-0.00032101	0.025018	-0.00761231	0.254695	0.280485	-0.238713	0.199682	0.000393557	0.00594914	0.0645928	0.223894	0.0209837	-0.0588588	0.221179	0.0952078	0.181966	-0.249529	0.0674192	
-0.272156	0.0811777	-0.00480542	0.000135969	-0.00046902	0.0333984	-0.00973317	0.228439	0.281576	-0.236534	0.0855833	0.00155449	0.0119773	0.119804	0.260869	0.0189959	-0.0217601	0.186169	0.14215	0.305301	-0.248334	0.158614	0.00646042	
-0.243529	0.102958	-0.00684291	-0.000271373	0.00045562	0.0278417	-0.00675706	0.20468	0.252949	-0.206598	0.110606	0.00118485	0.00881938	0.0564801	0.205572	0.018858	-0.0370833	0.133796	0.262071	0.250142	-0.222588	0.062851	0.012921	
-0.265053	0.0783446	-0.00478067	0.000569344	-0.000579848	0.0234824	-0.0079559	0.202918	0.274502	-0.225486	0.0797659	0.00145596	0.0170168	0.0642149	0.204913	0.0188699	-0.0437522	0.080957	0.254626	0.167086	-0.240549	0.146999	-0.00102283	
-0.265956	0.0745151	-0.00443294	-8.0828e-05	-0.000863199	0.0183467	-0.00875257	0.277456	0.275405	-0.229251	0.0569582	0.000569047	0.0140197	0.0944478	0.441722	0.0152862	-0.0359099	0.10413	0.287655	0.100359	-0.242215	0.0802246	
-0.250919	0.0921298	-0.00480947	0.00171406	0.00483583	0.0269547	-0.00761099	0.217298	0.260368	-0.216994	0.135999	0.000262793	0.0131305	0.227724	0.203185	0.0200052	-0.0487181	0.157983	0.281249	0.0865774	-0.222163	0.22732	
-0.280613	0.0869654	-0.00378398	0.00115946	0.000113998	0.0173413	-0.0107754	0.211137	0.290103	-0.235624	0.14482	0.00184422	0.0127829	0.165074	0.483393	0.0187973	-0.0267111	0.105289	0.0987678	0.187074	-0.264627	0.170403	
-0.225874	0.0742702	-0.00243299	0.000245195	0.000211111	0.0366799	-0.00626781	0.222718	0.235042	-0.209675	0.0496097	0.00135099	0.0119815	0.0962915	0.319646	0.0189547	-0.0305678	0.127665	0.196219	0.0876924	-0.21308	0.057048	0	0.00450642	
-0.275547	0.0742702	-0.00280322	-0.000456678	0.00170667	0.0205458	-0.00659518	0.264071	0.284715	-0.233859	0.0576785	0.00157932	0.0117273	0.0759163	0.361424	0.0211778	-0.0323445	0.0883546	0.152101	0.0879612	-0.261181	0.0711154	9.03704e-05	
-0.275422	0.087244	-0.00245722	0.000895106	-0.000983728	0.0234147	-0.0077706	0.328049	0.284715	-0.245168	0.134549	0.00157932	0.0135365	0.0803115	0.292199	0.017664	-0.0433112	0.065614	0.0941278	0.246933	-0.257184	0.0723828	
-0.26863	0.070589	-0.00197013	0.000895106	-0.000323462	0.0208689	-0.00719288	0.266624	0.27816	-0.229852	0.113258	0.000570582	0.0046518	0.0967185	0.282138	0.0163177	-0.0387477	0.0639069	0.17683	0.297107	-0.24254	0.0451881	-0.00205467	0.00545719	
-0.260118	0.0842939	-0.000706622	0.00259693	0.00460986	0.037827	-0.00619116	0.275845	0.269942	-0.237815	0.0641828	0.000930244	0.0096297	0.0908687	0.158282	0.0174735	-0.0381411	0.091023	0.419548	0.0830744	-0.24023	0.0886318	
-0.270143	0.0874292	-0.00348216	0.000732192	-0.00142714	0.0220059	-0.00869795	0.41595	0.27987	-0.250316	0.123111	0.00152443	0.0103562	0.117044	0.46077	0.015799	-0.0509394	0.0809851	0.135833	0.118713	-0.239574	0.0861824	
-0.248327	0.0874292	-0.00257614	-0.00010719	0.00013118	0.0233529	-0.00716015	0.233109	0.25794	-0.206422	0.0911636	0.00170061	0.011842	0.0862169	0.377784	0.0221901	-0.0732488	0.0777106	0.244862	0.117498	-0.202011	0.0495342	
-0.267332	0.0738335	-0.00321198	-3.87765e-05	0.00200021	0.0235438	-0.00716015	0.30622	0.276945	-0.218298	0.146337	0.00183574	0.0100798	0.107363	0.395964	0.023193	-0.0425576	0.151731	0.113974	0.0807803	-0.229547	0.0482897	
-0.270958	0.110489	-0.00139084	-4.78345e-05	-0.000790192	0.0311664	-0.00785653	0.25099	0.280244	-0.23034	0.26713	0.000129172	0.00900156	0.134601	0.228729	0.0193906	-0.0261117	0.222579	0.154676	0.119061	-0.228519	0.0325401	
-0.270958	0.086717	-0.00121405	0.00100366	0.00193186	0.0276019	-0.00686427	0.232205	0.280313	-0.260818	0.130251	0.00272677	0.0110001	0.143462	0.203026	0.0168346	-0.0438773	0.0949189	0.196848	0.0870997	-0.246931	0.0908636	-0.00173815	
-0.289009	0.0813108	-0.00268463	-0.000655661	0.00103271	0.0308405	-0.00909014	0.247768	0.298312	-0.247297	0.117377	0.00103379	0.0106788	0.0803194	0.27443	0.0210063	-0.0620851	0.172986	0.0705868	0.0210092	-0.274752	-0.114968	-0.000950006	0.0540603	
-0.265596	0.0984967	-0.00292628	-0.000416199	0.0015202	0.0261961	-0.00668286	0.310377	0.274816	-0.229685	0.167302	0.000646059	0.00873001	0.0735783	0.482982	0.0161687	-0.0540551	0.212286	0.10999	0.0505139	-0.243299	0.00789692	0.0376141	-0.00303506	0.004879	
-0.286749	0.10336	-0.00317355	0.00090664	0.00175024	0.0316963	-0.00831123	0.247401	0.296243	-0.224906	0.104435	0.000932026	0.00518878	0.102894	0.188987	0.0194457	-0.0329713	0.204416	0.183362	0.128423	-0.266915	0.144692	-0.00548423	
-0.271373	0.0852814	-0.00338211	0.0012658	0.00229631	0.0291758	-0.00647275	0.218408	0.280867	-0.227977	0.100152	0.0024085	0.0120954	0.134623	0.25914	0.0194457	-0.0382396	0.298543	0.15576	0.180091	-0.251767	0.0392264	0	
-0.278768	0.0920346	-0.00281142	-0.000649928	0.00319411	0.0396615	-0.00972381	0.224903	0.287784	-0.222477	0.106591	0.000162916	0.0136949	0.271643	0.262555	0.0196606	-0.0484657	0.0893354	0.069742	0.0654774	-0.258703	0.145391	
-0.27192	0.0811155	-0.00410298	-0.000397791	0.00174042	0.0293256	-0.00995263	0.299302	0.280698	-0.2587	0.0728478	1.48446e-06	0.0110245	0.13229	0.493299	0.0198982	-0.0297463	0.0589973	0.098436	0.0569936	-0.261305	0.101687	0.00559799	
-0.275567	0.0769598	-0.00265409	-0.0011235	0.00266787	0.0260204	-0.0108191	0.226132	0.284736	-0.252138	0.0697623	-0.000290358	0.00764122	0.107094	0.346492	0.0180959	-0.0390686	0.153728	0.230869	0.0111653	-0.254699	0.0991258	0.00123275	0.114259	
-0.27653	0.0749573	-0.00448884	0.000477933	0.000393075	0.0330514	-0.00721338	0.267608	0.285198	-0.229078	0.173615	0.00163371	0.0101599	0.160784	0.193345	0.016845	-0.0335898	0.111754	0.0947921	0.068261	-0.251208	0.0793423	-0.000429786	0	
-0.275932	0.0905482	-0.00404987	0.00113074	-0.00188981	0.0238576	-0.00832994	0.247352	0.284691	-0.238186	0.204153	0.000794721	0.00876097	0.146097	0.289101	0.0247484	-0.0459883	0.126042	0.214169	0.160131	-0.260137	0.187336	-0.00411306	-0.0702828	0	
-0.276388	0.0987738	0.00100569	-0.000221553	-0.000339107	0.0322119	-0.00908806	0.225799	0.284691	-0.204281	0.0828276	0.000794721	0.0105141	0.164232	0.407971	0.0176233	-0.0322607	0.142496	0.25022	0.0629778	-0.248339	0.204365	0.0129426	0	
-0.264829	0.0867511	-0.000638341	-0.000582863	0.00116929	0.0233057	-0.0085418	0.272726	0.273799	-0.235439	0.120996	0.00140702	0.00980574	0.0668293	0.349573	0.0145968	-0.0456158	0.094902	0.143239	0.0789608	-0.236618	0.102635	-0.00898867	
-0.298033	0.1031	0.000948749	-0.00027742	0.00168823	0.0339968	-0.010446	0.289388	0.307003	-0.279237	0.135517	0.000941307	0.00698892	0.0942417	0.452756	0.0190033	-0.0594561	0.184493	0.259498	0.0619877	-0.27038	0.0859533	0.00912509	
-0.26905	0.092161	0.000290703	0.000194619	0.00151061	0.0379746	-0.0089914	0.285117	0.277456	-0.255952	0.0583752	0.000812185	0.0104578	0.139096	0.348993	0.0193383	-0.0374938	0.147196	0.120415	0.064551	-0.248828	0.116699	-0.00448056	
-0.276607	0.084684	-0.00152745	0.000105731	0.0053052	0.0196932	-0.00834936	0.258134	0.285751	-0.254176	0.138862	0.00120857	0.00868769	0.0965113	0.389493	0.0220026	-0.0250098	0.13145	0.152781	0.0725415	-0.240301	0.0450061	-0.00452644	
-0.271337	0.101741	-0.00159042	-0.000339702	0.0031006	0.0197024	-0.00891942	0.293721	0.280541	-0.230958	0.0795728	0.00157172	0.00371054	0.157469	0.192683	0.0181249	-0.0567358	0.172348	0.111771	0.105368	-0.25273	0.144199	0.0035255	-0.00348442	-0.00398065	
-0.281801	0.093108	-0.00203752	0.000359827	-0.00255758	0.0214861	-0.00911418	0.269451	0.290417	-0.254938	0.178554	0.00165024	0.00601129	0.077158	0.31659	0.0207999	-0.0358093	0.149673	0.0910088	0.0436431	-0.266122	0.0462232	0.00032347	0.00678359	
-0.281415	0.080347	-0.00440279	-0.00109704	0.000496163	0.0247592	-0.00825185	0.281417	0.290987	-0.25183	0.139294	0.00186483	0.00526545	0.15982	0.274172	0.0232262	-0.0338158	0.0898531	0.18626	0.210003	-0.261891	0.239178	-0.00377423	0	
-0.281415	0.0957967	0.00248496	-0.000299155	-0.00448257	0.0187626	-0.0092118	0.279392	0.290987	-0.249773	0.157611	0.00235403	0.0023632	0.21829	0.362585	0.0198751	-0.0500927	0.248342	0.142366	0.12279	-0.262911	0.0260901	-0.00639826	-0.00521196	
-0.282282	0.101591	0.000779428	0.000231577	-0.000760564	0.0225913	-0.00642293	0.23919	0.291854	-0.24576	0.268994	0.00226058	0.00398619	0.0968987	0.245744	0.0218625	-0.0529198	0.29614	0.218592	0.121108	-0.255602	0.129704	-0.00533777	0.00349552	
-0.291778	0.0792761	-0.00340183	-6.84182e-05	-0.00227158	0.018068	-0.00943035	0.278626	0.30105	-0.251063	0.15894	0.00212923	0.00672627	0.0744591	0.493374	0.0153387	-0.0394003	0.188977	0.103013	0.0673069	-0.267079	0.100348	0.00884165	0.00787615	
-0.244855	0.0963799	-0.00371816	-0.000397375	0.00140807	0.0166434	-0.00986206	0.238571	0.254127	-0.202587	0.108001	0.00185658	0.00477985	0.11495	0.312408	0.0194641	-0.0385173	0.19472	0.0687468	0.136	-0.218318	0.13292	0.0102994	0.00429389	
-0.273167	0.0920856	-0.0045997	0.00018293	0.00184619	0.0136878	-0.00938256	0.194748	0.282306	-0.226841	0.0871931	0.00185727	0.00719948	0.0740115	0.522472	0.0198486	-0.0404633	0.193899	0.087674	0.0743819	-0.252203	0.127753	0.00289573	-0.00831622	-0.000725828	-0.00192392	
-0.2796	0.0819418	-0.00130584	0.000277154	0.00508274	0.0217496	-0.00853822	0.185515	0.288865	-0.238873	0.192614	0.000703304	0.00624001	0.162196	0.33414	0.0192318	-0.0341117	0.214513	0.285619	0.0980957	-0.24356	0.0501501	0.00599981	
-0.282378	0.0980781	-0.0034221	0.00046298	0.00444176	0.0138947	-0.00978336	0.260056	0.291642	-0.255655	0.0918976	0.000931312	0.0034706	0.144175	0.376083	0.0192318	-0.0499142	0.161933	0.164105	0.128076	-0.259075	0.104638	0.00276682	
-0.282378	0.106778	-0.00358737	0.000551829	0.00137662	0.020028	-0.00916071	0.242427	0.291642	-0.267265	0.0883253	0.000747999	0.00652846	0.0659111	0.241105	0.0180744	-0.0441517	0.218703	0.042318	0.142732	-0.248074	0.0682972	-0.00396232	-0.00281752	0.0021874	
-0.307537	0.0984029	-0.00422155	0.00026883	0.00137168	0.0164037	-0.00805787	0.209944	0.316769	-0.268296	0.0909394	0.0004277	0.0066181	0.059542	0.232075	0.0259218	-0.0535597	0.176928	0.103431	0.284221	-0.273233	0.0686206	0.000200793	0.096626	
-0.276916	0.0971538	-0.00436148	0.000257059	0.00220801	0.0313164	-0.0102586	0.176618	0.285731	-0.222215	0.0646329	0.0018466	0.00267701	0.0782936	0.201906	0.0201928	-0.0439769	0.137082	0.215533	0.141199	-0.246288	0.120311	-0.003081	
-0.275791	0.108429	-0.00466133	4.37581e-05	0.00037901	0.0186902	-0.00863113	0.222963	0.284687	-0.213746	0.119838	0.00181546	0.00670773	0.116583	0.204685	0.0201113	-0.0442775	0.242968	0.173912	0.0356224	-0.241982	0.0574202	-0.000719735	
-0.287503	0.108429	-0.00136651	0.00164131	-0.000134211	0.0211891	-0.00913699	0.276887	0.296399	-0.264966	0.1766	0.00140102	0.00130479	0.136235	0.405069	0.0208927	-0.0294056	0.208604	0.248392	0.0311326	-0.253204	0.13451	-0.00407994	
-0.28179	0.0846375	-0.00734969	0.000399538	0.000947104	0.023808	-0.00810992	0.247514	0.290979	-0.254912	0.117958	0.00110655	0.00889638	0.0306527	0.313165	0.0208927	-0.048156	0.278409	0.129563	0.0400932	-0.244223	0.0999541	0.00100149	-0.0263511	-0.10659	
-0.2819	0.0944161	-0.00380065	0.000399538	-0.00140035	0.023853	-0.00817507	0.323561	0.290979	-0.247764	0.073095	0.00181483	0.00252325	0.055644	0.340273	0.0230881	-0.0410169	0.255445	0.112253	0.065464	-0.245737	0.0915679	0.00364172	
-0.281598	0.0871377	-0.00404105	0.000913292	0.00408932	0.03444	-0.00982263	0.267252	0.290979	-0.260862	0.149032	0.00202657	0.00455609	0.0900838	0.232702	0.0220118	-0.0481536	0.229016	0.21091	0.11919	-0.231032	0.138189	-0.00229801	
-0.251966	0.0807334	-0.00286654	0.00145607	0.0089331	0.0216789	-0.00698535	0.226946	0.261347	-0.225454	0.199109	0.000842332	0.00407809	0.0541916	0.359973	0.0204965	-0.0397154	0.280938	0.196421	0.068707	-0.222352	0.160101	-0.00513023	-0.0065815	
-0.287069	0.0936515	-0.004948	0.000138568	0.00564879	0.0237179	-0.00724429	0.198976	0.296095	-0.262242	0.10393	-0.00045916	0.00519271	0.0903019	0.249382	0.0213742	-0.0434175	0.208095	0.158501	0.0907145	-0.250346	0.0665959	-0.00280823	
-0.261547	0.0944142	-0.00551166	0.00050777	-0.000968586	0.0362713	-0.00734344	0.23025	0.270037	-0.221253	0.100349	0.00182191	0.015094	0.0545875	0.301214	0.0209971	-0.0251238	0.154134	0.118884	0.154318	-0.237365	0.0779467	-0.000660875	0.000536791	0	
-0.309036	0.0884991	-0.00291103	0.00050777	0.00140299	0.0266082	-0.0060313	0.213521	0.317526	-0.25385	0.0868417	0.000499576	0.00704714	0.149902	0.320201	0.0228415	-0.033647	0.13852	0.165945	0.0383959	-0.26921	0.0630909	-0.00581865	0.00690186	
-0.27344	0.0984044	-0.00469383	0.000782351	-0.00104043	0.0240315	-0.00540926	0.214649	0.283106	-0.245338	0.172095	0.00124707	0.0153125	0.142059	0.17252	0.0166894	-0.0311963	0.118809	0.177672	0.0938337	-0.23927	0.128838	-0.00208442	
-0.284248	0.0866407	-0.00401999	0.000690138	0.0048395	0.0207178	-0.00768572	0.141283	0.29364	-0.259365	0.194815	0.000981563	0.00505617	0.0949222	0.284226	0.0210017	-0.0301836	0.158835	0.0966286	0.032513	-0.254379	-0.0017557	0.158898	-0.195739	
-0.284279	0.0786428	-0.00379266	0.000613275	0.00240753	0.0336774	-0.00659247	0.221099	0.29364	-0.275826	0.176695	0.000981563	0.00989484	0.156357	0.301693	0.0179708	-0.0301836	0.0971979	0.143893	0.0343022	-0.246261	-0.0027685	0.0343894	-0.283298	
-0.282387	0.0994145	-0.00282047	0.00256971	-0.000687596	0.027252	-0.00596496	0.208512	0.291749	-0.246665	0.0715652	0.000981563	0.00553012	0.112794	0.199141	0.0210263	-0.0300259	0.0474118	0.15565	0.0569182	-0.257461	-0.000681639	0.0449643	0	
-0.280865	0.0994145	-0.00447211	0.00251499	-4.83209e-05	0.026597	-0.00645306	0.234582	0.290351	-0.258397	0.07481	0.000938284	0.00634232	0.120385	0.323926	0.0217104	-0.0391112	0.113096	0.114281	0.0551507	-0.246677	0.00102267	0.0512567	0.00403109	
-0.293456	0.0727458	-0.00321639	0.00169528	0.00295666	0.019387	-0.00587795	0.225963	0.302943	-0.269857	0.105384	0.00100545	0.0101947	0.171375	0.281706	0.0225198	-0.030699	0.0880201	0.289769	0.0406003	-0.262514	6.70063e-05	0.138729	0.00253782	
-0.300512	0.107219	-0.00337929	0.000369189	0.00180802	0.02276	-0.00367424	0.237263	0.308837	-0.263609	0.117805	0.000715028	0.00719939	0.0600804	0.269739	0.0241709	-0.0315503	0.110375	0.225365	0.0397191	-0.256966	0.000226055	0.112047	0	0.00367328	
-0.322854	0.109728	-0.00495621	1.1646e-05	0.00180802	0.0239856	-0.00330867	0.196045	0.331179	-0.252995	0.0864156	0.00132627	0.00825979	0.0718981	0.30091	0.0255961	-0.0242874	0.153236	0.2101	0.0815195	-0.287319	0.00104592	0.0990895	-0.000294454	
-0.290385	0.100008	-0.00485142	-3.96411e-05	-0.000686458	0.0179493	-0.00516848	0.340181	0.299469	-0.240022	0.111493	0.000890263	0.00889874	0.149052	0.228518	0.0195036	-0.0319094	0.11449	0.392623	0.0952457	-0.254842	-0.00433049	0.145333	-0.0041854	0	0.00459828	
-0.310599	0.0838204	-0.00481263	-3.96411e-05	0.00310061	0.0239339	-0.00512969	0.210013	0.319645	-0.237475	0.237379	0.000874764	0.00806076	0.294244	0.270354	0.0231191	-0.0351928	0.141426	0.358935	0.0703912	-0.272444	-0.00101704	0.0356089	0.00306568	0.00213618	
-0.286917	0.108585	-0.00439622	0.000531591	0.00451409	0.0198221	-0.00505907	0.223171	0.296176	-0.239542	0.156952	0.00140468	0.0111925	0.124487	0.190541	0.0210588	-0.0444085	0.305629	0.101073	0.0612142	-0.25777	0.00132236	0.0737804	0.00410296	0.00739846	
-0.287366	0.103258	-0.0039837	0.000239721	0.00256904	0.0267596	-0.00119801	0.251714	0.296176	-0.214438	0.150361	0.00090012	0.00647633	0.0904938	0.378293	0.0215074	-0.0355157	0.12919	0.16871	0.140018	-0.259139	6.16425e-05	0.0757869	
-0.30871	0.0852146	-0.00599529	-0.000539622	0.00178983	0.0214481	-0.00425399	0.278192	0.317637	-0.222703	0.114211	0.00187341	0.0138621	0.0604248	0.26552	0.01926	-0.0270195	0.136434	0.081047	0.204522	-0.278869	0.00216084	0.0982048	
-0.265287	0.0851799	-0.00470865	-0.000330032	0.00150421	0.0265634	-0.00514983	0.31901	0.274248	-0.22393	0.111767	0.000146745	0.00981842	0.0560874	0.274544	0.0249033	-0.0185511	0.16383	0.193037	0.0825922	-0.231956	0.00475159	0.049595	0	
-0.282053	0.0831764	-0.00577993	0.000344011	0.00985058	0.0276494	-0.0054551	0.251515	0.291333	-0.232182	0.147251	0.000134247	0.00747424	0.0902934	0.267956	0.021195	-0.0346303	0.250661	0.165858	0.11591	-0.247726	0.0023968	0.0820212	-0.00313427	-0.0131917	-0.00371081	
-0.282053	0.100108	-0.00535282	-0.000412788	0.0016688	0.0230572	-0.00114277	0.220543	0.29141	-0.208224	0.0862619	0.000459828	0.0123304	0.0972259	0.255738	0.021195	-0.0314569	0.185806	0.27082	0.112813	-0.244458	-0.00424866	0.112958	
-0.267141	0.0862926	-0.00568642	-0.000385835	0.00386783	0.0268727	-0.0048393	0.298489	0.276484	-0.237855	0.107595	0.00149632	0.0102561	0.163266	0.452625	0.0174694	-0.0449639	0.146824	0.205032	0.166263	-0.231606	-0.00209162	0.0614725	
-0.304977	0.0923927	-0.00535784	-0.000270917	0.00233217	0.0191832	-0.00407191	0.30226	0.314319	-0.284909	0.119019	0.000293652	0.0115212	0.0898567	0.384069	0.0235525	-0.0458161	0.0736888	0.179996	0.101632	-0.271572	-0.00371699	0.0861214	
-0.257793	0.0917096	-0.0046791	-0.000294939	0.00558505	0.0197584	-0.00393787	0.220458	0.267149	-0.239656	0.156993	0.000592539	0.014262	0.0917827	0.208481	0.0226754	-0.0500998	0.15818	0.135039	0.100967	-0.231305	-0.00322888	0.0836483	
-0.257793	0.080565	-0.00666043	0.000888553	0.002602	0.0276412	-0.00828526	0.282245	0.267149	-0.22516	0.133572	0.000639694	0.00922137	0.0876949	0.216903	0.0200814	-0.0331621	0.11131	0.162434	0.189633	-0.225319	-0.00288982	0.108444	-0.00231141	0.184208	
-0.242701	0.0819077	-0.00705797	0.00123206	0.00465437	0.0213134	-0.00677957	0.23472	0.252058	-0.178654	0.10843	0.000267849	0.0137801	0.127551	0.363148	0.0177397	-0.0430554	0.108178	0.126948	0.134825	-0.219226	-0.00339148	0.159107	
-0.277242	0.0848914	-0.00332846	0.000818126	0.00152473	0.0201892	-0.00596949	0.233809	0.287103	-0.245883	0.10018	0.000683808	0.0166265	0.0872889	0.286277	0.017651	-0.0378759	0.11659	0.186282	0.159066	-0.254018	0.00070717	0.110274	0.0154699	
-0.277251	0.0835406	-0.00544605	0.00081063	0.0013402	0.0328875	-0.00607572	0.21591	0.287112	-0.231612	0.0903628	0.00180286	0.0174593	0.0970723	0.230228	0.0195466	-0.0348804	0.246277	0.144352	0.0595247	-0.250564	-0.00458161	0.0710522	0.00169842	-0.122056	
-0.294071	0.0874441	-0.00567291	0.00106865	0.00219519	0.0228169	-0.00578224	0.227503	0.30391	-0.24853	0.0859607	0.000612219	0.0214056	0.134927	0.282645	0.0202647	-0.0358838	0.126557	0.0741445	0.085534	-0.280129	-0.000415183	0.0567634	-0.00444556	
-0.244032	0.0990803	-0.0031698	0.000194768	0.00267345	0.0238404	-0.00797556	0.282141	0.254105	-0.22149	0.0843315	0.00188194	0.0120727	0.124557	0.52858	0.0205074	-0.0441867	0.176205	0.176019	0.0886055	-0.21754	0.00155289	0.0872806	
-0.260257	0.112862	-0.00509518	0.000796689	0.0010252	0.0307811	-0.00586209	0.203774	0.270128	-0.229281	0.0971623	0.000857042	0.00798507	0.108008	0.292835	0.0175994	-0.0445776	0.101063	0.0897856	0.134701	-0.230663	-0.00350861	0.133499	0.00982059	0	
-0.26662	0.0922837	-0.00330996	1.36123e-07	0.00323095	0.0360182	-0.0079742	0.220677	0.275604	-0.254201	0.0355758	0.00182102	0.0112656	0.208093	0.355531	0.0164423	-0.0304835	0.324485	0.0849714	0.145153	-0.246677	0.00557361	0.173871	-0.00161114	
-0.26662	0.094449	-0.00506502	0.00198898	0.000359795	0.0232493	-0.00689407	0.270217	0.275604	-0.245967	0.0646952	0.00177428	0.010178	0.228923	0.384481	0.0158106	-0.040618	0.221096	0.0735832	0.118201	-0.245268	0.00396223	0.173742	0.0132836	-0.0111406	0.00538457	
-0.26662	0.094449	-0.00463051	0.000809454	-0.000142314	0.0370837	-0.0062561	0.255697	0.275689	-0.2498	0.114648	0.00161259	0.0101575	0.153101	0.52522	0.0181025	-0.0415059	0.20639	0.0468886	0.109158	-0.252989	0.0112581	0.11311	
-0.265569	0.106059	-0.00479695	-0.00033645	0.00153706	0.0275681	-0.00461824	0.265064	0.274636	-0.255848	0.0486876	0.00161097	0.017634	0.172447	0.23274	0.0195585	-0.0486814	0.170442	0.0880218	0.0998039	-0.243016	0.00816901	0.106941	
-0.265569	0.112979	-0.00506704	-0.000334841	0.00148764	0.0252301	-0.00551664	0.166765	0.274231	-0.249934	0.0491768	0.000406739	0.011886	0.111892	0.436272	0.0195585	-0.0371249	0.151066	0.183757	0.0546191	-0.25168	0.00383016	0.0615175	
-0.272134	0.111826	-0.00120939	-0.000389592	-0.00168396	0.0248509	-0.00598533	0.177414	0.281245	-0.257467	0.0464037	0.000907809	0.021849	0.117213	0.259614	0.0187157	-0.035953	0.102615	0.17197	0.0613339	-0.258961	0.000575925	0.112851	0	
-0.270662	0.124354	-0.00614367	0.000981675	-0.000181055	0.020689	-0.00813802	0.25379	0.279773	-0.212434	0.0405592	0.000907809	0.0150197	0.159585	0.2944	0.0188071	-0.0368724	0.192812	0.199625	0.0606034	-0.255518	0.0100932	0.230464	0	0.0305579	0.00260832	
-0.270662	0.105297	-0.00234233	0.00033	0.0010949	0.0394068	-0.00783842	0.210691	0.279773	-0.203866	0.107307	0.0011509	0.0129518	0.0927191	0.347052	0.0195855	-0.0369423	0.204102	0.171657	0.0474241	-0.256223	0.0119345	0.0755842	0.0543857	
-0.270662	0.0930601	-0.00299243	-0.000424442	0.000354054	0.0349413	-0.00718828	0.219042	0.279773	-0.247591	0.0686499	-1.60899e-05	0.0233964	0.227476	0.320248	0.0172431	-0.0230252	0.20184	0.206633	0.0744759	-0.25646	0.0128692	0.106576	
-0.270152	0.103878	-0.00505945	-0.000278158	5.22342e-05	0.0345386	-0.00948363	0.258798	0.279773	-0.253166	0.0822621	0.000326482	0.0218139	0.228795	0.305922	0.0164418	-0.0282647	0.113568	0.145721	0.0681934	-0.253134	-0.000297389	0.116868	0.00545522	
-0.281371	0.112274	-0.0026341	0.00080776	0.00268517	0.0306626	-0.00874551	0.20716	0.290264	-0.254659	0.0980004	0.000783921	0.0126815	0.161456	0.297736	0.0150289	-0.0243027	0.19143	0.308891	0.100254	-0.262022	0.00470671	0.0853713	-0.0013984	0	0	
-0.278249	0.105888	-0.00224897	0.000804396	-0.000586273	0.0309287	-0.00810454	0.307554	0.287189	-0.266426	0.127532	0.000884181	0.0141042	0.143024	0.366025	0.0204297	-0.0169525	0.108808	0.147129	0.145064	-0.25351	0.00448826	0.097024	-0.00666783	
-0.296901	0.118729	-0.00473089	0.00030463	0.00370435	0.0180309	-0.00774571	0.251917	0.305855	-0.26886	0.164539	0.000669298	0.00966464	0.24178	0.350617	0.0172098	-0.0290131	0.0906285	0.22061	0.0683414	-0.280951	0.00166382	0.198992	
-0.283837	0.0993563	-0.00423347	-0.000305621	0.000587624	0.0211745	-0.0077119	0.269937	0.293119	-0.25747	0.086323	0.00102741	0.015546	0.11684	0.255714	0.015332	-0.0317664	0.132529	0.206766	0.0991308	-0.271365	0.00205134	0.218349	0	
-0.304045	0.0794101	-0.00402987	0.000548234	0.00127453	0.025663	-0.00864339	0.263309	0.313328	-0.272862	0.0892737	0.00102741	0.0102232	0.20218	0.512172	0.0189234	-0.0352465	0.182904	0.133794	0.0789661	-0.28688	0.00588958	0.114984	0	
-0.284403	0.0922567	-0.00335453	0.000548234	-9.78173e-05	0.0365226	-0.0068836	0.333987	0.293685	-0.278739	0.208194	0.00102741	0.0072585	0.0798483	0.242101	0.0178178	-0.0329688	0.276926	0.168006	0.0693135	-0.270331	-0.00327954	0.135521	
-0.284403	0.0798041	-0.00336856	0.00113726	-0.00263649	0.0366452	-0.0072932	0.226353	0.293685	-0.266059	0.0815528	0.00099734	0.013228	0.0940098	0.254061	0.0170465	-0.0388681	0.139192	0.300345	0.199048	-0.257028	-0.000758063	0.0694197	
-0.256007	0.0876048	-0.004473	0.00113726	-0.00191323	0.0183042	-0.00792186	0.254869	0.265289	-0.240034	0.171477	0.000564694	0.0161403	0.276037	0.445403	0.0163407	-0.0374797	0.164892	0.131354	0.295683	-0.23032	3.1929e-08	0.170091	0.00647735	0	0	
-0.260909	0.0772564	-0.00307311	0.000708295	0.00435563	0.0270871	-0.00904162	0.254869	0.270452	-0.254112	0.155248	0.00150331	0.0202489	0.280462	0.128568	0.0152778	-0.0456586	0.216424	0.165657	0.194202	-0.242438	0.00342769	0.110223	0.000303766	0.0313508	
-0.239037	0.0786972	-0.00427118	0.00169378	0.00184519	0.0200866	-0.00686846	0.250698	0.248212	-0.226155	0.118091	0.000500749	0.0101412	0.124537	0.172707	0.0188562	-0.0266262	0.138077	0.172506	0.239523	-0.213464	0.00502524	0.172831	0.0658801	
-0.271169	0.103096	-0.00640505	0.000131958	0.000333883	0.0283721	-0.00960195	0.253339	0.280742	-0.25608	0.160632	0.000609824	0.0103572	0.0648311	0.259008	0.0183999	-0.035015	0.230826	0.12477	0.0749064	-0.253083	0.00199765	0.0626541	
-0.271162	0.087405	-0.00476278	0.00209165	0.000167437	0.0227394	-0.00837945	0.184161	0.280951	-0.232413	0.119574	0.00081401	0.0139727	0.0700938	0.261384	0.0177558	-0.0463512	0.222057	0.213464	0.101038	-0.254224	0.00790456	0.0479938	0.0017784	0.0602943	0	-6.51729e-06	
-0.242473	0.106247	-0.00556523	0.00206548	-0.00276179	0.0262773	-0.00814532	0.242633	0.252052	-0.206696	0.0808699	0.00118184	0.00803996	0.0861275	0.187527	0.0179653	-0.029127	0.215942	0.136876	0.146402	-0.217675	-0.0035951	0.0347561	0.00606576	0.0048175	
-0.242473	0.0815764	-0.00589223	0.00181477	-0.000773336	0.029796	-0.00511671	0.203481	0.251825	-0.217284	0.0495934	0.00095423	0.00764659	0.118148	0.212847	0.0179653	-0.0249948	0.113173	0.124137	0.183037	-0.224218	-0.00457838	0.0614356	0	0	
-0.268106	0.0810175	-0.00663574	0.000473045	0.00170354	0.0290711	-0.0078735	0.216466	0.277458	-0.254491	0.0909057	0.000412577	0.0132908	0.168785	0.216378	0.0191754	-0.035824	0.089892	0.123506	0.0856399	-0.249844	0.000692177	0.098882	0.00968691	0.00061982	-0.00344245	
-0.262653	0.0870509	-0.00207839	0.000871008	0.00265892	0.0240131	-0.00843226	0.266844	0.272005	-0.236346	0.0511177	0.000412577	0.01412	0.134135	0.232482	0.0191754	-0.0300804	0.227803	0.243583	0.0603094	-0.230316	-0.000332596	0.149854	
-0.260937	0.0927754	-0.00481245	-0.000136771	0.000729338	0.0336646	-0.0080091	0.25156	0.270478	-0.248662	0.0675517	0.00060161	0.0143091	0.127438	0.245789	0.0170087	-0.02839	0.152958	0.251577	0.0471427	-0.24159	-0.000156826	0.206171	0.00380734	
-0.26054	0.0750338	-0.0052092	0.000439861	-0.000631691	0.0454472	-0.00571537	0.238904	0.270079	-0.242648	0.0784758	0.000264436	0.0211902	0.0894261	0.327758	0.016849	-0.0262055	0.236126	0.189986	0.0742357	-0.237835	-0.000934736	0.143176	
-0.246626	0.112301	-0.00473726	0.000611274	0.000806294	0.0297329	-0.00654497	0.21105	0.255693	-0.209888	0.089056	0.00087441	0.0226139	0.10564	0.243788	0.0139255	-0.0368721	0.15565	0.20554	0.0460018	-0.231859	0.00451561	0.194071	
-0.265914	0.0811135	-0.00553913	-0.000444103	0.000140728	0.0270759	-0.00527035	0.220609	0.274981	-0.24185	0.226806	0.000664141	0.0122977	0.0592186	0.273743	0.0182175	-0.0329782	0.0737382	0.225006	0.121801	-0.251284	-0.000912702	0.138674	0.0401118	-0.272545	
-0.266046	0.0809714	-0.0041609	0.00179466	-0.000445368	0.021799	-0.00497391	0.236393	0.275264	-0.233276	0.0962402	0.00059273	0.0111818	0.0401901	0.256192	0.0166169	-0.0386307	0.177508	0.228765	0.0998376	-0.252212	-0.00155204	0.0832072	0.00595456	
-0.266046	0.102056	-0.00612854	0.00198138	0.00388849	0.0340866	-0.0084679	0.290297	0.275064	-0.2468	0.0985839	0.000331855	0.0147942	0.10145	0.329399	0.0176881	-0.0346569	0.0616146	0.199214	0.246342	-0.2477	0.00306612	0.134438	-0.00170214	
-0.265811	0.0976797	-0.00371581	9.556e-05	-0.000217623	0.0252896	-0.00595794	0.267023	0.274828	-0.252489	0.124372	0.00135409	0.0129354	0.139309	0.368923	0.0176881	-0.0314593	0.0915001	0.128365	0.394096	-0.24996	-0.00133123	0.103029	-0.00225712	
-0.263722	0.0958643	-0.00525941	0.0013439	0.000326867	0.0203125	-0.00745323	0.218961	0.272725	-0.233085	0.0796719	0.000194661	0.00857275	0.199253	0.35498	0.0177008	-0.0425187	0.0909517	0.234474	0.15092	-0.245564	-0.000344925	0.189711	
-0.288646	0.0936073	-0.00502059	0.000604649	0.00223909	0.0207277	-0.00696569	0.248934	0.298208	-0.262307	0.0596366	0.000194661	0.0107847	0.143424	0.227208	0.0209782	-0.0274298	0.138852	0.136533	0.132108	-0.271582	-0.000909209	0.100275	
-0.279923	0.0687626	-0.00419377	0.00153139	0.000489293	0.0225693	-0.00975326	0.208268	0.290006	-0.253516	0.120503	0.000497115	0.0116433	0.133211	0.311698	0.0147183	-0.0409779	0.125152	0.142016	0.120145	-0.263526	-0.000273209	0.0773936	
-0.279923	0.079383	-0.00419377	0.000469532	9.21593e-05	0.0333397	-0.00799449	0.288831	0.28998	-0.253179	0.0703183	0.000471545	0.0127102	0.0543967	0.257613	0.0115942	-0.0320738	0.0662115	0.154536	0.17071	-0.239	-0.000383478	0.0956479	-0.0327704	
-0.248313	0.0833589	-0.00697207	0.000678027	0.000951697	0.0219581	-0.00918725	0.228223	0.258182	-0.2123	0.137948	0.000786212	0.010582	0.0912405	0.151242	0.0154385	-0.044943	0.11809	0.151965	0.146584	-0.228462	0.00237121	0.0663229	-0.206195	
-0.26465	0.100694	-0.00153556	0.000957868	0.00219073	0.0296272	-0.00803004	0.253132	0.273957	-0.207557	0.163542	0.00110151	0.0074894	0.0527004	0.253062	0.0160057	-0.0429744	0.186033	0.135177	0.0926098	-0.24684	0.00080631	0.0655131	0.239705	
-0.279774	0.0789171	-0.00190426	-0.000723392	0.0017157	0.0227136	-0.0061053	0.243707	0.288828	-0.25886	0.197329	0.000848969	0.0157268	0.0514914	0.437001	0.0141347	-0.0449488	0.133454	0.108425	0.155929	-0.250907	-0.00235728	0.123307	-0.00432412	
-0.275372	0.0768754	-0.00404426	0.000667902	-0.000477019	0.0325566	-0.00545813	0.264623	0.284401	-0.235563	0.103075	0.000225957	0.00750459	0.0252923	0.228189	0.0140386	-0.0308379	0.121017	0.133857	0.226977	-0.255554	-0.00294594	0.0838901	
-0.283213	0.10842	-0.00221514	4.51251e-05	0.00261491	0.0214339	-0.00957622	0.382033	0.292242	-0.25739	0.0915961	0.00123144	0.00765535	0.0518864	0.373117	0.0139698	-0.0263976	0.110074	0.260207	0.316256	-0.256701	-0.00128164	0.0537146	
-0.283213	0.0689778	-0.0029679	0.00108663	0.00261491	0.0231803	-0.00723139	0.297826	0.292321	-0.262185	0.212873	0.0011716	0.0173843	0.0146487	0.243679	0.0217894	-0.0330578	0.19388	0.185463	0.0642687	-0.264194	0.00801034	0.0378612	
-0.274861	0.0688002	-0.00279728	0.000875681	0.00163485	0.0201462	-0.0104686	0.251158	0.283969	-0.242945	0.135994	0.000537253	0.00827782	0.052012	0.314146	0.0239415	-0.0285035	0.0705843	0.115637	0.121905	-0.256904	-0.00534766	0.0401541	-0.0166306	
-0.27903	0.0800073	-0.00426421	0.000716399	-9.29453e-05	0.0245502	-0.00839602	0.358011	0.288498	-0.264004	0.0866632	0.000673062	0.0162154	0.0480125	0.207104	0.0144861	-0.0259014	0.147712	0.33768	0.140015	-0.257027	1.26838e-05	0.0442811	0.00636361	0	
-0.282121	0.0782375	-0.00312732	-0.000415989	0.000784545	0.0238345	-0.00501343	0.264565	0.290862	-0.253733	0.144317	0.00162171	0.00702684	0.0999917	0.181052	0.020059	-0.0342131	0.103831	0.362297	0.165003	-0.259596	-0.00222142	0.0578789	
-0.281935	0.0901498	-0.00310251	0.000768476	-0.000421501	0.0200279	-0.00839118	0.273328	0.290753	-0.253978	0.0886078	0.00145668	0.00836089	0.0245037	0.214296	0.020026	-0.0470721	0.254282	0.129982	0.183027	-0.260157	0.000481942	0.031278	-0.00103961	
-0.264096	0.0901498	-0.00310251	0.000903671	-0.00128425	0.0160005	-0.0084346	0.242759	0.273255	-0.228579	0.0994683	0.00114665	0.0122848	0.0353681	0.3052	0.0202664	-0.0474369	0.113436	0.319484	0.122025	-0.242867	-0.00326691	0.0207092	
-0.264096	0.0671701	-0.00250345	0.000257195	0.00140618	0.029144	-0.00900303	0.238027	0.273177	-0.226866	0.0873441	0.00104154	0.012207	0.066494	0.187149	0.0202664	-0.0294783	0.222197	0.18266	0.0605933	-0.23689	-0.00345102	0.0861097	-0.00191152	
-0.275553	0.0857416	-0.00430775	-0.000707271	0.00511725	0.0211454	-0.00696197	0.232899	0.284928	-0.253296	0.118897	0.000782714	0.0101212	0.0628579	0.321494	0.0133612	-0.0416105	0.176647	0.215414	0.227104	-0.258664	-0.00193508	0.098718	0.00703455	0	0	
-0.278005	0.0736928	-0.0015876	-2.39161e-05	-5.4487e-06	0.026387	-0.0082133	0.232899	0.28738	-0.252028	0.0854554	0.00116478	0.0107093	0.104916	0.469898	0.0169901	-0.0321629	0.337423	0.269974	0.0913851	-0.255099	-0.00136732	0.0412663	0.00540579	0	
-0.275463	0.0843949	-0.0041361	0.00113071	0.00101029	0.0292842	-0.00829278	0.249914	0.285243	-0.205173	0.103959	0.00133821	0.0143968	0.0601821	0.325133	0.0143518	-0.0298784	0.20353	0.265804	0.187161	-0.257635	-0.00518298	0.0537531	0.00322476	
-0.25784	0.0948359	-0.00316691	0.000814499	0.000639681	0.0257969	-0.00691753	0.200777	0.267719	-0.242722	0.111963	0.001063	0.0108592	0.0648284	0.2951	0.0188181	-0.0437006	0.0881392	0.128853	0.112919	-0.238612	0.000139263	0.0631792	0.00359612	0	-0.011047	
-0.282729	0.100767	-0.0041254	0.000978925	0.000292317	0.02769	-0.0099734	0.316025	0.292589	-0.270785	0.107354	0.00104335	0.0165671	0.0348766	0.278816	0.0219225	-0.0344875	0.128231	0.0584091	0.102055	-0.263643	0.00047079	0.0504122	0.00620304	0.00180134	0.0116126	-0.000984839	
-0.267277	0.0833521	-0.0046117	0.000513871	0.00188108	0.0226877	-0.00652983	0.25045	0.277136	-0.218445	0.109811	0.00239682	0.0134742	0.0543507	0.308351	0.0165637	-0.0564618	0.146536	0.0523666	0.0969983	-0.244107	-0.00792366	0.12214	0.00542884	0.000441798	
-0.275653	0.0814636	-0.00364795	0.000645888	0.00400437	0.0235786	-0.00823978	0.206578	0.285069	-0.225581	0.0957958	0.00225088	0.0151797	0.0869174	0.235543	0.0182159	-0.0335125	0.0642388	0.0800656	0.0507558	-0.240439	-0.00295698	0.113466	0.0179697	0.00103042	0	
-0.25263	0.0826067	-0.00275613	0.0011921	0.0018242	0.0239203	-0.00663431	0.274329	0.262046	-0.241044	0.114784	0.00153314	0.0118846	0.0778618	0.198873	0.0192143	-0.0396231	0.105069	0.136917	0.101144	-0.227655	0.000219437	0.123206	0.00348365	0.00342643	
-0.266155	0.101957	-0.00321404	0.0011921	-0.000551488	0.0220829	-0.00849372	0.267014	0.275708	-0.236109	0.0979869	0.0016841	0.0108819	0.0779734	0.182194	0.0179163	-0.0365669	0.115379	0.160346	0.0885623	-0.23912	-0.00121594	0.0714475	0.00783712	0.00166959	
-0.267707	0.0935081	-0.00418248	0.00064909	0.00338549	0.0196422	-0.0056713	0.249171	0.27726	-0.240292	0.187805	0.00164654	0.0123219	0.0552476	0.199814	0.0195208	-0.0811417	0.115135	0.0817792	0.0789016	-0.229068	-0.00365662	0.0726958	0.00585604	0.00160663	
-0.289036	0.0984696	-0.0035217	0.00222605	0.00212426	0.0238428	-0.00787354	0.259307	0.298783	-0.271235	0.139383	0.0023318	0.00923198	0.0675347	0.182864	0.0206748	-0.03264	0.105632	0.206808	0.281756	-0.270295	-0.00232216	0.0613796	0.0082571	0.00221642	0.00562688	
-0.275504	0.128463	-0.00412565	0.00106189	0.00676823	0.0231132	-0.00669706	0.285079	0.28532	-0.258815	0.0641929	0.00176844	0.0115716	0.0348684	0.201036	0.0206748	-0.0356003	0.157068	0.178799	0.147666	-0.246777	-0.00429339	0.11721	0.00423444	0.00238561	0.00702465	-0.00359142	
-0.255999	0.0919943	-0.00386938	0.00197923	-0.000444301	0.0238182	-0.00677878	0.238288	0.265475	-0.224645	0.0658432	0.00168496	0.0189994	0.0376726	0.312994	0.0165223	-0.0338078	0.169611	0.127351	0.0786645	-0.224571	-0.00465059	0.0597834	0.00449366	0.00261607	0	
-0.255999	0.0759377	-0.00292392	0.00178434	0.0015743	0.0351896	-0.00656983	0.201147	0.265519	-0.222081	0.0902073	0.00118629	0.0167901	0.0423541	0.194271	0.0165223	-0.041458	0.100097	0.154333	0.0973486	-0.230278	-0.00535019	0.0597834	0.00213419	0.00279391	
-0.262193	0.0912492	-0.00626725	0.00163281	0.000262005	0.0371817	-0.00419879	0.221733	0.271561	-0.23434	0.0510689	0.00102989	0.013746	0.0836435	0.188505	0.0157283	-0.0314042	0.0863389	0.175328	0.097743	-0.220892	-0.00399693	0.0596812	0.00937999	0.00237017	-0.00962742	0.00349337	
-0.294003	0.0757017	-0.00313105	0.00187166	0.00166853	0.0299088	-0.00668247	0.239954	0.303448	-0.262433	0.0998189	0.00233473	0.0114146	0.0559776	0.162173	0.0184376	-0.0354303	0.0577829	0.257684	0.131156	-0.269798	-0.00539668	0.0680817	0.00435331	0.00414531	-0.00600418	
-0.294003	0.0804425	-0.00342912	0.00187166	0.00340325	0.0326595	-0.00602294	0.234505	0.303448	-0.233336	0.0699599	0.00233473	0.0129357	0.0502693	0.21669	0.0213677	-0.0654107	0.127624	0.173513	0.208231	-0.27172	-0.00280183	0.0433595	-5.43293e-05	0.00349788	-0.0637591	
-0.265193	0.0935602	-0.00628376	0.00273527	0.00220107	0.0258535	-0.0050512	0.231592	0.274819	-0.217187	0.0956912	0.00131061	0.0178272	0.0592105	0.279057	0.0213677	-0.0341536	0.112813	0.109334	0.212038	-0.246327	-0.00750223	0.0457135	0.00845481	0.00202303	
-0.277992	0.0839036	-0.00583273	0.00169005	0.00220107	0.0357522	-0.00683773	0.211573	0.287618	-0.248665	0.059976	0.00140701	0.0227071	0.0667955	0.270621	0.01901	-0.0287276	0.0967997	0.251817	0.109643	-0.250209	-0.00595426	0.0888106	0.00334533	0.0025109	
-0.277992	0.0813789	-0.002359	0.000862999	0.00235646	0.0317827	-0.00638424	0.216334	0.287539	-0.232169	0.0977648	0.00132776	0.0122405	0.0893829	0.272809	0.0211135	-0.0384416	0.109001	0.133235	0.110259	-0.239249	-0.00299779	0.036807	0.00340492	0.00502461	0.00166843	0	
-0.277992	0.0687851	-0.0035959	0.00322693	0.00370596	0.0304341	-0.00633413	0.156872	0.287539	-0.251539	0.163453	0.00159447	0.00963365	0.0704188	0.301528	0.0212434	-0.0557803	0.0735684	0.263367	0.0780133	-0.241474	-0.00120137	0.0875069	0.00239038	0.00243799	
-0.287285	0.0685256	-0.00385532	0.00328298	0.00284053	0.0288358	-0.00395164	0.180894	0.297029	-0.25192	0.17521	0.00117873	0.00741247	0.140822	0.248913	0.0191519	-0.035337	0.179793	0.107605	0.066706	-0.250148	-0.00147668	0.107505	0.00189761	0.00484236	
-0.287285	0.0743476	-0.00352947	0.000813592	0.00284053	0.029335	-0.00389403	0.222133	0.296924	-0.232248	0.111706	0.00106446	0.0109292	0.0665885	0.20735	0.0246493	-0.0580628	0.0994171	0.133814	0.11408	-0.232072	-8.87864e-05	0.0587831	0.0157832	0.00209508	
-0.287285	0.0878566	-0.00396319	0.00125449	0.00350614	0.0298044	-0.0069287	0.290699	0.296877	-0.249716	0.159983	0.00101691	0.0117158	0.0875342	0.296994	0.017717	-0.0291418	0.259661	0.0891133	0.11617	-0.239385	0.000630441	0.0596309	-0.00841743	0.00261166	-0.00128355	
-0.276519	0.0858838	-0.00416477	0.00130894	0.00107763	0.0371574	-0.00676376	0.222046	0.286111	-0.236692	0.108777	0.000813663	0.0059777	0.0688417	0.317601	0.0217716	-0.033594	0.155069	0.0634015	0.0690567	-0.231612	-0.00542607	0.0416635	-0.0100073	0.00180372	0.000583138	
-0.276519	0.0692868	-0.00335903	0.00282117	-0.000991435	0.0328615	-0.00565095	0.194628	0.285651	-0.200615	0.0887586	0.000590314	0.00722914	0.125183	0.224449	0.0159749	-0.0432927	0.112468	0.119134	0.093029	-0.242729	0.00583867	0.0810486	0.000522382	-0.138609	
-0.288893	0.0704781	-0.00369598	0.000355925	0.00171558	0.0293492	-0.00850633	0.275604	0.298828	-0.25587	0.0716654	0.000647178	0.0131499	0.0577275	0.276218	0.0202123	-0.0554018	0.202491	0.113732	0.0433165	-0.26703	-0.00245982	0.00169827	-0.000651875	0.000405918	0.0505371	
-0.282872	0.0742733	-0.00520706	0.00271708	0.00604027	0.0387476	-0.00460383	0.178703	0.292807	-0.252027	0.0866314	0.000647178	0.00904502	0.0576561	0.237192	0.0183597	-0.0333582	0.173815	0.190454	0.0637604	-0.253439	-0.00240322	0.00258728	-0.156701	0.112339	-0.0110353	
-0.297954	0.0611586	-0.00461959	0.00217008	0.00604027	0.023628	-0.00625876	0.21832	0.307828	-0.258828	0.122827	0.00192873	0.01434	0.0897889	0.176259	0.0172857	-0.0533993	0.12953	0.114179	0.183565	-0.265858	0.00434453	-0.00247979	-6.06622e-05	0.0666847	
