-0.0119141	-0.0030682	-0.009056	0.0094307	0.310506	-0.0558073	0.0066661	0.0907443	0.0216657	-0.0184231	-0.00741834	-0.026458	0.64092	-0.00455682	0.0102744	-0.00618257	0.137292	-0.0442955	0.0255797	-0.0385516	0.0037281	0.0820683	0.0134635	0.0216922	0.0381795	0.0224097	0.0303358	-0.0130387	-0.00471626	0.0206173	-0.00693575	-0.0216904	0.0522968	-0.0592546	0.0213244	-0.00636695	-0.0104678	0.0151187	-0.006363	-0.0110353	0.167356	0.0362514	0.0337219	0.030326	-0.0220017	0.0234554	0.0015461	0.039946	0.101286	-0.00692181	0.0239149	-0.0121507	-0.0029604	0.0052434	0.0243763	0.104889	-0.00571553	-0.0220343	-0.0128859	0.042928	0.0960974	-0.0167081	0.0052628	0.140324	0.16573	0.197687	0.664129	-0.00830619	0.0659146	-0.0185317	0.157835	0.0524383	-0.328012	0.0435071	0.0025837	0.0147213	0.164044	0.117502	
-0.0119141	-0.0030682	-0.00847467	0.00852118	0.329053	-0.0176278	0.0066661	0.0890841	0.0703655	-0.0197112	0.470999	0.0174152	-0.00839268	0.150559	-0.0501955	0.0236035	-0.0177914	-0.000221846	0.0270709	-0.0212143	0.0830918	0.019947	-0.00636695	0.0744585	-0.347534	-0.00116598	0.140461	0.0273654	-0.0216537	0.0151874	0.146862	0.00878453	0.0444909	-0.0179997	0.131696	0.156089	0.0826639	0.456364	0.0337219	0.17577	0.0331713	0.116839	0.0287022	
-0.0131921	-0.0042432	-0.00889055	0.0132301	0.309192	-0.0189357	0.000486763	0.223738	0.0902573	0.0331334	-0.0173967	0.045297	0.0151269	0.0624129	0.0502801	0.0830918	-0.00390035	0.101017	0.192655	0.163921	0.307686	0.034969	0.0120839	0.0938929	0.0613893	0.227822	0.0533856	0.100651	-0.0155984	0.0351105	-0.323226	-0.0385499	0.147201	
-0.0140962	-0.00476064	-0.00904888	0.00975447	0.367837	-0.0174347	-0.00236507	0.257892	0.0828326	0.18597	0.0197126	0.0992102	0.0157917	0.098829	0.0836227	0.0467474	-0.00180801	-0.0109623	0.197252	0.133443	0.0763307	0.025844	0.0692083	0.2011	0.0724748	0.219015	-0.0202415	0.0385352	-0.378085	-0.0434754	
-0.0142543	-0.00405544	-0.010162	0.00607273	0.415333	-0.015759	-0.00316713	0.290329	0.0324773	0.0380814	0.0156337	0.098671	0.0983954	0.0506361	-0.00308776	-0.0124541	0.134797	0.126843	0.0132982	0.118122	0.112869	0.0944395	0.032881	0.281768	0.0831286	0.114716	-0.0201314	0.0310026	-0.434536	-0.0374414	-0.000833649	
-0.0142543	-0.00153823	-0.0147623	0.00874874	0.289838	-0.0193337	-0.00282131	0.168135	0.158637	0.0323526	0.0334768	0.0131962	0.101349	0.018251	0.124618	0.0945124	0.0954495	-0.00380635	0.0831993	0.120908	0.0132982	0.117759	0.0801135	0.0983571	0.0631038	0.0626521	-0.0202762	0.0310026	-0.302447	-0.0372274	
-0.0145822	-0.00607075	-0.0115045	0.0115722	0.330418	-0.0177004	0.000967592	0.188891	0.125154	0.046808	0.0266478	0.0720367	0.128997	0.0087392	0.121986	0.10168	-0.00477598	0.0723186	0.0710142	0.138267	0.018369	0.0826748	0.122096	0.0766077	-0.0157871	0.0751258	-0.0189784	0.0332664	-0.350074	-0.0420419	
-0.0145822	-0.0062041	-0.00744101	0.00424647	0.322723	-0.0205927	0.00534826	0.321764	0.0376493	0.055966	0.0113151	0.0743647	0.137058	0.0488866	-0.00363838	0.029111	0.073754	0.0748858	0.114234	0.018369	0.147014	0.0844208	0.10373	-0.00544625	0.196557	0.00133034	-0.0214409	0.0332664	-0.340914	-0.0431086	
-0.0145822	-0.00322717	-0.00990666	0.00448736	0.318665	-0.0208944	0.00535416	0.389121	0.0547068	0.0166451	0.0912149	-0.0411046	0.101035	-0.00703823	0.0277562	0.0650659	0.07291	0.119015	0.0168015	0.104386	0.207857	0.0697102	0.137058	-0.016022	0.0914956	-0.0212356	0.0301543	-0.336606	
-0.0151184	-0.00488953	-0.00944363	0.00771022	0.313483	-0.0202609	-0.0014606	0.226294	-0.0189853	0.058	0.117666	0.0159974	0.176181	0.146899	-0.0439017	-0.011243	-0.000403683	0.0317657	-0.00500854	0.0281168	0.0552201	0.0760475	0.104727	0.0194238	0.198248	0.0710518	0.0875763	0.0277323	-0.330013	
-0.01405	-0.00465927	-0.0123172	0.00305251	0.326389	-0.0209475	-0.00024707	0.289528	-0.0184479	0.0554763	0.183347	0.00802763	0.18708	0.144714	-0.0384355	-0.00332252	0.0672476	0	0	0.0288345	-0.00662517	0.0308733	0.103776	0.0916668	0.191549	0.0136963	0.122981	0.0942263	0.0862715	-0.340821	0.000135743	
-0.0129053	-0.00580687	-0.00926909	0.00526312	0.265518	-0.0190212	0.0145942	0.124795	-0.0200522	0.0464422	0.13425	-0.275414	0.0117379	0.146706	0.0451235	-0.0440041	-0.00388755	0.0254548	0.059851	-0.00797049	0.0327528	0.246901	0.116712	0.0619228	0.0208243	0.0788418	0.142306	0.0667781	
-0.0129053	-0.00389635	-0.00948785	0.00574657	0.328698	-0.018472	0.00423127	0.204004	-0.0153217	0.0837993	0.0282539	-0.341712	0.00943564	0.127951	0.0190328	0.0882481	-0.0406456	-0.00200252	0.0293417	-0.00976725	0.0303107	0.036387	0.140091	0.0532268	0.136524	0.0170165	0.119509	0.0943307	0.0667781	
-0.0124778	-0.0010239	-0.00922172	0.00694488	0.268373	-0.0185194	-0.0050148	0.120417	-0.0182707	0.035753	0.0395985	-0.276754	0.00836279	0.146903	0.044003	0.123804	-0.0419969	-0.000156185	0.0297692	-0.00800522	0.0247715	0.0789087	0	0	0.129422	0.104762	0.160764	0.0186792	0.2234	0.0899981	
-0.0128145	-0.00318665	-0.0101111	0.00694488	0.304155	-0.0173172	0.00494511	0.144621	-0.0179958	0.0438095	0.033871	-0.313709	0.010099	0.132098	0.0284309	0.0674353	-0.040751	-0.00668446	0.0367589	-0.00571939	0.0720063	0.092006	0.0397259	0.125235	0.0923875	0.160141	0.0168595	0.0976728	
-0.0138362	-0.00530907	-0.00858984	0.0059936	0.268375	-0.0187156	-0.000702103	0.251248	-0.0196423	0.0397391	0.0384484	-0.277417	0.00914773	0.127027	0.0314042	0.103974	-0.0477003	-0.00761783	0.0324866	-0.00670931	0.131284	0.0910547	0.00418029	0.0500755	0.0668335	0.0997929	0.0229169	0.14026	
-0.0128421	-0.00421156	-0.00975619	0.00607352	0.325103	-0.0184627	0.000395416	0.403964	-0.00946448	0.090484	0.032243	-0.340856	0.0152146	0.133334	0.0548186	0.138935	-0.0546041	-0.00247412	0.0347842	-0.00490691	0.103151	0.0621432	0.0866431	0.0640167	0.14621	0.0310441	0.239899	
-0.0132249	-0.0015339	-0.0104756	0.00200953	0.310433	-0.0182185	0.00191308	0.478005	-0.0187146	0.0533856	0.038527	-0.329273	0.0239226	0.132951	0.0550879	0.123571	-0.0420645	-0.000222938	0.0477856	-0.00281297	0.120562	0.0578839	0.09293	0.0858338	0.109264	0.00180987	-0.00555157	0.158739	0.0182265	
-0.0130344	-0.00372316	-0.0105012	0.00184137	0.29023	-0.0178376	-0.00531601	0.434542	-0.0205002	0.0682152	0.0374328	-0.304584	0.0162438	0.141646	0.0657527	0.0744705	-0.0403713	-0.00804739	0.0486538	-0.00162859	0.179414	0.0636863	0.148877	0.0716262	0.124142	0.0170925	0.167822	
-0.0126063	-0.00100017	-0.00665001	0.0121933	0.313394	-0.01794	0.00536292	0.477615	-0.0170175	0.0312184	0.0376206	-0.325341	0.0276142	0.136845	0.0342019	0.0970786	-0.0430954	-0.0113197	0.0431126	-0.00596609	0.163998	0.0636863	0.110532	0.0755228	0.230057	0.0191888	0.0997251	
-0.012104	-0.000613118	-0.00759823	0.00882367	6.03157e-05	-0.0197629	-0.000454266	0.282765	-0.0132829	0.0639244	0.0212538	-0.293322	0.0125044	0.124593	0.0511917	0.0784246	-0.0438562	-0.00333526	0.0563392	-0.0139646	0.114793	0.0964783	0.137501	0.0749439	0.200567	0.0214641	0.0955893	0.136217	-0.00872248	0	0	0	
-0.0120502	-0.00319565	-0.00862723	0.00996938	-0.0026277	-0.0181861	-0.00278288	0.332631	-0.0166319	0.0844124	0.0164763	-0.345028	0.0147389	0.132901	0.0293559	0.114026	-0.0442164	0.0471918	-0.00503661	0.149222	0.0938949	0.117004	0.0575714	0.27863	0.0215359	0.175598	0.231107	
-0.0120502	-0.00320072	-0.00887453	0.00944836	-0.00222848	-0.0181861	-0.0047548	0.323578	-0.0112702	0.0354653	0.0342325	-0.336231	0.0148867	0.119863	0.0328347	0.103953	-0.0446817	0.0359429	-0.00640448	0.137115	0.0938949	0.126903	0.0637399	0.100364	0.0218607	0.0832513	0.240074	0.020955	
-0.0125403	-0.000271426	-0.0087348	0.0101925	-0.0042846	-0.0181803	-0.00534801	0.313392	-0.0172848	0.0646512	0.0251378	-0.328679	0.0206698	0.115307	0.0237769	0.0870067	-0.0407908	0.0349805	-0.00150838	0.0787341	0.0810064	0.133949	0.0889985	0.0652432	0.0171142	0.0735751	0.423355	-0.0066425	
-0.0125403	-0.000271426	0.000954491	0.00848769	-0.00673566	-0.0180006	-0.00622619	0.327533	-0.0172848	0.0451583	0.0341816	-0.346908	0.0124218	0.120721	0.0606231	0.110234	-0.0399399	0.0316675	-0.000782799	0.103288	0.0717501	0.0715938	0.0696924	0.232655	0.0160995	0.147188	0.353764	-0.00969416	
-0.0128468	-0.0015352	-0.00308531	0.0128606	-0.00336523	-0.0186346	-0.0103628	0.327405	-0.0181256	0.0452917	0.0328269	-0.348951	0.0190916	0.120593	0.049072	0.0851516	-0.0397621	0.0271415	-0.00697333	0.121838	0.0602599	0.108166	0.0375965	0.0782786	0.0159714	0.0943185	0.233235	-0.0051408	
-0.012803	-0.00246656	-0.00594885	0.0113167	-0.00581494	-0.0180115	-0.00535292	0.327405	-0.0196014	0.0587899	0.0409399	-0.346285	0.0201421	0.119357	0.0260271	0.0777499	-0.0392982	0.0259285	0.00815502	0.100782	0.059121	0.102613	0.0603074	0.174198	0.0169776	0.0724198	0.269975	
-0.0139797	-0.00200008	-0.00616393	0.0114837	-0.00509384	-0.0189708	-0.00652962	0.326228	-0.0198103	0.0390576	0.0359169	-0.346981	0.0228305	0.11559	0.0198931	0.109538	-0.0419871	0.0371592	-0.00688554	0.140634	0.059381	0.0737378	0.0489511	0.124236	0.0171472	0.0838078	0.22111	
-0.0141068	-0.00210956	-0.00444433	0.00289284	-0.00570474	-0.0187797	-0.00680647	0.326101	-0.0202922	0.0436337	0.0357898	-0.33477	0.0223745	0.114616	0.0314246	0.0769295	-0.0420979	0.025931	-0.00854659	0.132835	0.0598691	0.0813784	0.0447271	0.125475	0.0168459	0.0798656	0.260077	
-0.0139422	-0.00370003	-0.0043212	0.0143701	-0.00231641	-0.0204589	-0.00680647	0.28629	-0.0195995	0.0360125	0.0363068	-0.297416	0.0167078	0.117714	0.0134429	0.0972172	-0.0429176	0.0298658	-0.00142834	0.0799257	0.0660024	0.124089	0.0403034	0.205815	0.0180199	0.054863	0.135487	0.00848327	-0.00244009	-0.0114802	
-0.0137714	0.000282794	-0.00977572	0.00912565	-0.00630267	-0.0186413	-0.00349526	0.280978	-0.0148433	0.0375137	0.0305417	-0.297482	0.0170738	0.126183	0.0206538	0.0989882	-0.0388172	0.0463978	-0.00536341	0.121384	0.0646036	0.10989	0.0773266	0.119157	0.014466	0.102662	0.264037	0.00544724	
-0.0137714	0.000282794	-0.0103885	0.0100981	-0.00691003	-0.0159398	-0.00975541	0.277998	-0.019604	0.0997695	0.0336843	-0.277655	0.0192149	0.11583	0.0130843	0.0840844	-0.0394913	0.0302076	-0.00589104	0.162904	0.0685621	0.115145	0.072466	0.1045	0.0151186	0.101963	0.276761	
-0.0130339	-0.00417608	-0.01049	0.00676904	-0.00848659	-0.017942	-0.00550931	0.301872	-0.0179872	0.0439415	0.0402531	-0.283242	0.0191053	0.155491	0.01399	0.105758	-0.0372627	0.0298584	-0.00527385	0.0985289	0.0563153	0.0442076	0.042368	0.0999761	0.012688	0.0920147	0.142113	-0.0136653	-0.00557139	0.042368	
-0.0130339	0.000785307	-0.00520342	0.0142533	-0.00597512	-0.0170893	-0.00789532	0.257758	-0.0166353	0.0473424	0.0223041	-0.268047	0.0158793	0.140427	0.0275918	0.107588	-0.0407219	0.0433371	-0.00319949	0.110593	0.0517307	0.0951049	0.079368	0.131493	0.016386	0.122124	0.230745	0.0042742	
-0.0130339	-0.00267128	-0.00299032	0.0139572	-0.00755289	-0.0188869	-0.0076358	0.257758	-0.0145647	0.0479566	0.0287903	-0.270807	0.011907	0.119389	0.0123925	0.0950868	-0.0407219	0.0370272	-0.00315546	0.102087	0.0703081	0.114774	0.0966001	0.116707	0.016386	0.21481	0.194427	-0.00165881	
-0.0134909	-0.00284557	-0.00323667	0.00819155	-0.00740152	-0.0172688	-0.00654812	0.269685	-0.0184614	0.0623408	0.0221732	-0.273613	0.00798659	0.117434	0.0133173	0.089211	-0.0357393	0.0440817	-0.0088367	0.0923332	0.0952739	0.416223	0.0660741	0.24447	0.0108752	0.171777	0.279347	0.00484608	0	0.00498548	0	
-0.0134909	-0.00325335	-0.00853655	0.00681847	-0.00771257	-0.0173169	-0.00694586	0.237809	-0.0182108	0.0484871	0.0209503	-0.213873	0.0125819	0.117434	0.0107972	0.10604	-0.0387784	0.0407122	-0.0021947	0.119542	0.056262	0.0699061	0.0691149	0.135435	0.0155759	0.244088	0.280404	0	0	0.00778879	
-0.0134909	-0.000977746	-0.00311571	0.00783361	-0.0022648	-0.0158058	-0.00857482	0.264678	-0.0185129	0.0517569	0.0259996	-0.26459	0.0118862	0.146166	0.0122201	0.102036	-0.0399425	0.0319749	-0.0113602	0.135729	0.0561314	0.0254025	0.0593018	0.117369	0.0155759	0.189884	0.264151	
-0.0134909	-0.0047785	-0.0106663	0.0121917	-0.00281391	-0.0180863	-0.00305682	0.275937	-0.0200141	0.0672888	0.0299097	-0.273409	0.00759451	0.138331	0.0266048	0.117523	-0.0422295	0.033394	-0.00993958	0.121956	0.049087	0.0272285	0.0573693	0.101198	0.0181042	0.0636802	0.203763	-0.00473893	0.0511243	
-0.0135236	9.92181e-05	-0.00381866	0.0199211	-0.00161549	-0.0201775	-0.0028313	0.259628	-0.0173803	0.0892196	0.0392994	-0.26582	0.00524643	0.149018	0.0188742	0.0904053	-0.0431784	0.0336189	-0.00854774	0.10858	0.0561221	0.0563042	0.0532682	0.211221	0.0182366	0.0800347	0.376553	-0.119894	-0.108053	0.00631256	
-0.0137265	-0.00134891	-0.00340636	0.0125273	-0.00509122	-0.0203306	-0.000954328	0.23695	-0.0197254	0.045599	0.0255454	-0.243948	0.0102112	0.121966	0.0234483	0.0901148	-0.0436681	0.0445711	-0.0108737	0.195635	0.0530139	0.10278	0.0771611	0.169106	0.0179461	0.100139	0.156788	
-0.013187	-0.000335032	-0.00286685	0.00963627	-0.00503841	-0.0183492	-0.00414873	0.238773	-0.0172439	0.0469761	0.0305577	-0.258542	0.0106852	0.14393	0.013082	0.0935933	-0.0408404	0.039349	-0.0103023	0.185568	0.0526122	0.0725736	0.0903561	0.143071	0.0158501	0.0819287	0.341711	
-0.013187	-0.00165421	-0.00786258	0.0191868	-0.00358814	-0.0190184	0.000256491	0.266017	-0.018285	0.0489203	0.0348322	-0.286607	0.0138501	0.14393	0.0242796	0.0878546	-0.040366	0.0472437	0.000886771	0.137884	0.0662324	0.0859396	0.0505917	0.0952893	0.0158501	0.0533288	0.239531	0.0186515	0	
-0.0130664	0.000325466	-0.00600507	0.00890441	-0.00171239	-0.0204472	-0.00381823	0.266017	-0.0184014	0.0589972	0.0205205	-0.289076	0.0157349	0.140688	0.016253	0.0751508	-0.039744	0.0347734	-0.00133153	0.164186	0.061353	0.115063	0.0572257	0.19358	0.0165189	0.100838	0.232935	0.0169634	0.00426775	
-0.0130664	-0.00366422	-0.00881158	0.0169658	0.000891824	-0.020534	0.00259421	0.331593	-0.0204364	0.0920854	0.0205205	-0.351788	0.01436	0.148149	0.0266109	0.0921556	-0.0411453	0.0571485	-0.00081628	0.147265	0.0775583	0.168376	0.0627837	0.17666	0.0165189	0.118482	0.165133	0.00483646	
-0.0127216	0.00181361	-0.00396381	0.0109777	-0.00651797	-0.0193641	-0.00827972	0.281647	-0.0186583	0.0699478	0.0215777	-0.298877	0.01436	0.148149	0.0501743	0.0772964	-0.0430296	0.0443909	0.0111554	0.144627	0.0721347	0.142605	0.0855972	0.174467	0.0179658	0.0455121	0.187452	0	
-0.0131861	0.00215019	-0.00396381	0.0110953	1.41554e-05	-0.0205473	-0.00702769	0.311844	-0.0083979	0.0850644	0.0233547	-0.325014	0.0087071	0.14697	0.0167634	0.083019	-0.0428898	0.0414042	-0.00450726	0.114827	0.0562713	0.0782139	0.0354796	0.195677	0.0179658	0.061387	0.351701	-0.0221272	-0.00682363	
-0.0127086	0.00107153	-0.00256918	0.0121721	-0.000767973	-0.0191507	-0.00427176	0.258725	-0.0113778	0.0724278	0.0175882	-0.277037	0.0087701	0.147033	0.0343679	0.077045	-0.0433142	0.0455279	-0.00163314	0.10106	0.0661726	0.122449	0.084703	0.177489	0.0180289	0.0655336	0.189445	0.0155697	
-0.0132875	-0.00131901	-0.00157637	0.0095267	-0.00420228	-0.0185128	-0.00588558	0.324549	-0.0185553	0.0374154	0.0261014	-0.345778	0.0119061	0.114595	0.0278944	0.0764661	-0.0430213	0.0497376	-0.000388177	0.152632	0.0786087	0.169407	0.0933518	0.29349	0.01745	0.145604	0.33183	
-0.0130543	-0.00131901	-0.00711284	0.00916394	-0.00289084	-0.0187128	-0.0103229	0.310743	-0.017457	0.049942	0.0165919	-0.332445	0.0171635	0.122287	0.0246958	0.104478	-0.0425868	0.0475991	-0.00777559	0.141731	0.053219	0.100159	0.0509062	0.148222	0.01745	0.139493	0.321071	0.00200402	-0.00522365	0	
-0.0134978	-0.00392305	-0.00341003	0.00806913	-0.00346859	-0.0194044	-0.00737804	0.275201	-0.0191738	0.0587207	0.0181308	-0.297606	0.0171092	0.127947	0.032506	0.104478	-0.0422943	0.0588258	0.000840306	0.124497	0.0592145	0.0633986	0.0829199	0.310858	0.01745	0.164543	0.17682	-0.00730548	0	
-0.0134978	-0.00483657	-0.00151474	0.005768	-0.00688632	-0.0204301	-0.00814758	0.296071	-0.0202199	0.0566964	0.0240612	-0.318798	0.0270423	0.10322	0.00906221	0.0909861	-0.0383534	0.0483263	-0.00613935	0.147939	0.0425066	0.0705497	0.0402056	0.127586	0.0125216	0.206701	0.331792	-0.0171498	
-0.0134978	-0.00483657	-0.00883148	0.00816636	-0.00130782	-0.0187842	-0.000276225	0.30788	-0.0198967	0.0551392	0.028283	-0.329807	0.0239871	0.14259	0.0195039	0.0645918	-0.0416777	0.0451227	-0.00762928	0.0642812	0.0686019	0.152662	0.0495762	0.217518	0.0168	0.16278	0.155959	0	0.0135463	0.0102513	
-0.0132414	-0.00217211	-0.00723964	0.0130128	0.00707007	-0.0199514	-0.00351436	0.308137	-0.0164834	0.0513598	0.0198786	-0.330188	0.0184818	0.110987	0.0152094	0.0790777	-0.0369084	0.0478623	-0.0129043	0.17652	0.0963986	0.183885	0.0759658	0.0894339	0.0124804	0.211171	0.253287	-0.0119507	
-0.0134728	-9.34399e-05	-0.000520423	0.012281	-0.000694748	-0.0206743	-0.00437168	0.3075	-0.0222251	0.090581	0.0278974	-0.329719	0.0221462	0.109309	0.034378	0.0742203	-0.0392044	0.0525007	-0.0120953	0.187644	0.0607948	0.217195	0.0512459	0.159241	0.0138973	0.165132	0.148539	0.00890851	
-0.0134524	-0.00101905	-0.0028277	0.00788482	-0.00250328	-0.0211524	-0.0033137	0.273063	-0.020318	0.0546294	0.0224847	-0.292389	0.0207242	0.101973	0.0425723	0.108446	-0.0392308	0.0525575	-0.00334082	0.109062	0.0616579	0.205282	0.108139	0.184128	0.0142976	0.0930509	0.19816	
-0.0130596	-0.00485309	-0.00252631	0.0156807	-0.00296895	-0.0201784	0.00233986	0.313361	-0.0184882	0.0552542	0.0190401	-0.335352	0.0210256	0.125182	0.0176676	0.0734856	-0.0387201	0.031202	-0.0120431	0.191161	0.0816966	0.201739	0.0888197	0.10516	0.0140111	0.0650938	0.238866	
-0.0124214	-0.00314458	-0.00859003	0.00835604	-0.00524018	-0.0198718	-0.00287246	0.298486	-0.0183993	0.0499199	0.0273702	-0.320413	0.0207148	0.113209	0.0323978	0.116878	-0.0391975	0.0320656	-0.0128624	0.127392	0.0782989	0.125563	0.0713499	0.225472	0.0151346	0.123568	0.268336	
-0.0124214	-0.000634138	-0.00859003	0.0107901	-0.00660034	-0.0201503	-0.0052737	0.320238	-0.0177474	0.0358432	0.027877	-0.338795	0.0201152	0.104614	0.0248569	0.0863015	-0.0406184	0.0500349	-0.0130665	0.151808	0.0701794	0.0845621	0.0872843	0.164531	0.0158627	0.0797424	0.161995	
-0.0124214	-0.00152831	-0.00270567	0.00314618	-0.00651723	-0.0190402	-0.000708026	0.298113	-0.0202101	0.0517917	0.0214174	-0.319613	0.0193744	0.102778	0.0337394	0.1034	-0.0406915	0.038729	-0.0132664	0.193795	0.0835467	0.0841224	0.0810708	0.114414	0.0166593	0.0852766	0.532261	
-0.0124214	-0.000566692	-0.00466944	0.00352297	0.00177459	-0.0190402	-0.00318951	0.333944	-0.0180712	0.100809	0.0293783	-0.356077	0.0163847	0.119684	0.0365681	0.0886359	-0.0340011	0.047978	-0.0100859	0.122528	0.077814	0.0410426	0.0810659	0.119504	0.0101215	0.037121	0.419359	-0.00899768	
-0.0119499	-0.000311546	-0.00744072	0.00604543	0.00219767	-0.0184133	-0.00568682	0.316394	-0.0144395	0.0543241	0.0284788	-0.335791	0.0165168	0.100616	0.0369184	0.0788928	-0.0421362	0.0350455	-0.00783884	0.0983598	0.0760864	0.0896064	0.0872073	0.184523	0.0179356	0.0955009	0.125583	-0.0168878	-0.0141196	-0.114777	0	
-0.0119499	-0.000416963	-0.0115412	0.00301625	0.000462451	-0.0197892	0.000640052	0.291265	-0.0123511	0.0635744	0.0395812	-0.308695	0.0168572	0.101602	0.0393948	0.0999865	-0.0385041	0.0366402	-0.0115977	0.159003	0.0917667	0.0754571	0.162475	0.209058	0.0143559	0.214426	0.274141	
-0.0132101	-0.000416963	-0.00789838	0.00844034	-0.00535789	-0.0190117	-0.00629085	0.248208	-0.0134963	0.0657394	0.0342338	-0.26976	0.0171227	0.12742	0.0253946	0.118608	-0.0423306	0.0278951	-0.000425613	0.143891	0.0614302	0.154268	0.0957327	0.0676804	0.018343	0.162207	0.283164	-0.00807609	
-0.0127319	-0.000416963	-0.00789838	0.00844034	-0.00308355	-0.0184348	-0.000656485	0.29255	-0.0207761	0.0879774	0.0426582	-0.312072	0.0246858	0.130714	0.0208294	0.0993786	-0.042425	0.0380845	-0.0114419	0.143296	0.0939136	0.174167	0.0991232	0.219495	0.018343	0.172162	0.444343	-0.0118826	
-0.0120206	-0.000295024	-0.00874405	0.0111472	0.00387065	-0.0185972	0.00196365	0.322102	-0.0186296	0.0636424	0.0464436	-0.342143	0.0232667	0.138753	0.0707653	0.126278	-0.0410092	0.0345099	-0.00839662	0.122732	0.0688015	0.155966	0.110874	0.147219	0.018343	0.224341	0.351941	0.0179413	0	0.00461176	
-0.0135252	0.00025631	-0.00905901	0.00887354	-0.00188008	-0.0189806	0.0066978	0.304538	-0.0200602	0.091167	0.0308407	-0.321942	0.027169	0.134694	0.0418835	0.11007	-0.0417552	0.0296625	-0.00372334	0.138438	0.0738304	0.0969121	0.123581	0.107097	0.0180541	0.237302	0.326535	0	
-0.0135197	-0.000616155	-0.00805151	0.00784134	-0.00850031	-0.0195416	0.00314574	0.281577	-0.0183537	0.069429	0.045392	-0.301725	0.0160174	0.108688	0.0303746	0.0754105	-0.0387325	0.0374633	-0.0109117	0.134846	0.0604046	0.0330032	0.137756	0.0795821	0.0142083	0.18483	0.429727	
-0.0135197	-0.00154984	-0.0107816	0.00650444	-0.00326057	-0.0201501	-0.00259325	0.365266	-0.0148808	0.0557129	0.0301832	-0.38338	0.0189385	0.103438	0.0552801	0.0806281	-0.0385303	0.0374633	-0.00689762	0.166416	0.0587196	0.106324	0.116064	0.13027	0.0142083	0.0823853	0.315659	-0.00484138	-0.00267912	
-0.0124574	-0.00140468	-0.00152483	0.0166828	-0.00761314	-0.0185395	0.00190481	0.289876	-0.015162	0.030577	0.0361941	-0.304537	0.0187371	0.121096	0.0352628	0.106477	-0.0392994	0.0326535	-0.0058584	0.171979	0.0800088	0.0482351	0.0837105	0.147494	0.0154566	0.100131	0.192951	0.00639958	
-0.013027	0.000464985	-0.00742672	0.00638325	-0.00720939	-0.0186028	0.00875615	0.334868	-0.0171795	0.0598312	0.0493717	-0.354407	0.0188022	0.109949	0.0187296	0.0620188	-0.0453205	0.030963	-0.00935397	0.0694699	0.0719165	0.0436366	0.121277	0.163138	0.0217405	0.072135	0.151883	0	
-0.014077	0.000201047	-0.0040359	0.00477779	-0.00711657	-0.0198596	0.00894058	0.277319	-0.0186371	0.0501358	0.0320097	-0.287161	0.0177522	0.108899	0.02301	0.108476	-0.0409483	0.00473112	-0.00630977	0.141003	0.0750289	0.0841057	0.029913	0.0888462	0.0157147	0.216016	0.327361	
-0.0132282	0.000166742	-0.00305213	0.00674098	-0.00730961	-0.0193791	0.00426764	0.283715	-0.0181864	0.0869158	0.0367875	-0.290172	0.00883304	0.108159	0.012472	0.107036	-0.0470934	-0.00966242	0.155346	0.080363	0.11845	0.0315231	0.0937977	0.0232036	0.221788	0.259717	0.00351328	
-0.0129244	0.00207207	-0.00142404	0.00847751	-0.00272065	-0.0189496	0.00495388	0.266169	-0.0179766	0.0555897	0.0400651	-0.275653	0.0110159	0.113992	0.0206951	0.0775299	-0.0440962	-0.00199463	0.100056	0.0654253	0.086798	0.045243	0.0856687	0.0210719	0.0622366	0.313754	
-0.0129244	-0.00302323	-0.00708066	0.00792255	-0.00655129	-0.0190804	4.53657e-05	0.270948	-0.0179514	0.0588231	0.0389089	-0.286046	0.0131795	0.125446	0.0261542	0.0859793	-0.0459583	-0.0115748	0.0908261	0.0629147	0.0625101	0.045243	0.0919748	0.0210719	0.109468	0.332004	
-0.0131314	0.000438264	-0.00301297	0.0117887	-0.00519596	-0.0182122	-0.00378012	0.267754	-0.0175737	0.0475466	0.0447969	-0.283232	0.018546	0.150967	0.021093	0.115286	-0.0429291	-0.0119123	0.120674	0.0668851	0.0738675	0.0277565	0.158096	0.0188405	0.0805524	0.304539	0.0106952	
-0.0127508	-0.00217893	-0.00720174	0.00371051	-0.00803338	-0.0185743	0.00188995	0.253394	-0.0198174	0.0386246	0.0610162	-0.264695	0.00853659	0.157491	0.0372729	0.0839382	-0.0409358	0.119593	0.0643518	0.0686534	0.0314484	0.0854784	0.0174101	0.252421	0.195035	-0.00300507	0.0483688	
-0.0135776	-0.00200523	-0.00662018	0.00882162	-0.00820539	-0.0194467	0.00440902	0.289056	-0.0194958	0.0362392	0.0475598	-0.30721	0.0138159	0.125359	0.0318368	0.0898088	-0.0419287	0.0726641	-0.00601946	0.00480012	0.057136	0.0510771	0.0312276	0.157516	0.0171892	0.102342	0.151605	-0.00119274	
-0.0128824	-0.00260726	-0.00899458	0.00609662	-0.00843043	-0.0204508	0.00642218	0.326944	-0.020142	0.0350533	0.0404798	-0.345099	0.0156192	0.149848	0.0347924	-0.0401371	0.0801218	-0.0084576	0.0766741	0.0578264	0.0312276	0.198739	0.0160481	0.167746	0.263677	0.0809782	0.00661119	
-0.0135227	-0.00278177	-0.00741888	-0.000790534	-0.00562342	-0.0202664	0.00368678	0.311455	-0.0176088	0.0361027	0.0358217	-0.333233	0.0161473	-0.00862126	0.0142739	-0.0395602	0.242943	0.00493662	0.0683039	0.135223	0.0452614	0.0616486	0.0358543	0.174881	0.0151361	0.109536	0.179742	
-0.0132246	-0.00295238	-0.0112899	0.00634779	-0.00768672	-0.0201983	-0.00531429	0.275108	-0.0179681	0.0395551	0.0331083	-0.292553	0.0163031	-0.0034183	0.00886361	-0.0476167	0.161689	0.0913984	0.174913	0.0452614	0.0741852	0.0331094	0.28039	0.0221894	0.0922183	0.22169	0.00901663	
-0.0132246	-0.00241559	-0.00533168	-0.00137822	-0.00732238	-0.0204464	-0.00628092	0.270967	-0.0200541	0.0637597	0.0331083	-0.281667	0.0163031	-0.00273328	0.0207883	-0.048394	0.154758	0.0813392	0.176356	0.0778169	-0.0136273	0.0568782	0.0465557	0.147674	0.0234533	0.0767631	0.281638	-0.0142875	-0.0135566	
-0.0134523	-0.00448009	-0.00812691	0.00814375	-0.00615901	-0.0208931	-0.000863246	0.280294	-0.018388	0.0530335	0.0315225	-0.288376	0.0127241	-0.00725954	0.00879102	-0.0399857	0.201421	0.0999683	0.151245	0.0859105	0.110104	0.037809	0.183106	0.0149337	0.139751	0.323939	-0.0230589	
-0.0133341	-0.00546456	-0.000407184	0.00695215	-0.00668618	-0.019454	0.00631933	0.33656	-0.0196134	0.111413	0.0178266	-0.343666	0.0132378	-0.00763726	0.0432829	-0.0445444	0.18636	0.0811029	0.151084	0.0582507	0.0027627	0.0993841	0.0353734	0.150002	0.0199348	0.184984	0.388152	
-0.0136069	-0.00369584	-0.00404434	0.00276799	-0.00569464	-0.018612	0.00625427	0.252334	-0.0207623	0.0677351	0.028752	-0.233699	0.0162021	-0.0116423	0.012797	-0.0429273	0.157479	0.0848463	0.160082	0.0862492	0.091384	0.042277	0.132668	0.0178526	0.282705	0.23202	
-0.0129884	-0.00353264	-0.00342917	0.0105957	-0.00290993	-0.0194838	0.00106601	0.290437	-0.0155856	0.0423514	0.0230993	0.0715389	0.0140225	-0.00834678	0.0135302	-0.0518023	0.211225	0.143696	0.0595197	0.00788238	0.0851364	0.0349678	0.112357	0.0270228	0.169301	0.224155	-0.00539162	
-0.0129884	-0.000835704	-0.00485864	0.00673676	-0.00873263	-0.0187998	-0.00756775	0.275074	-0.0114867	0.0555547	0.0237511	0.102367	0.0117902	-0.0124977	0.0241795	-0.0455441	0.209709	0.0218729	0.143696	0.104236	0.272364	0.0900055	0.295979	0.126217	0.0211509	0	
-0.0129884	-0.00352386	-0.000914262	0.0111224	-0.00811457	-0.020461	-0.00488493	0.260376	-0.0128243	0.0451629	0.0227139	0.0922772	0.0150711	-0.00861475	0.0308605	-0.0397597	0.185766	0.0229049	0.137175	0.0796957	0.150415	0.12625	0.414268	0.138642	0.015067	
-0.0129122	-0.00344769	-0.00581171	0.0109997	-0.00322857	-0.0191169	0.0140021	0.330883	-0.0121702	0.0806857	0.0255951	0.0977521	0.0143707	-0.0117929	0.0353942	-0.0417814	0.153323	0.0271129	0.137861	0.073581	0.185189	0.13372	0.19032	0.304552	0.0178683	0.051907	
-0.012517	-0.00492496	-0.00705725	0.0108052	-0.00159051	-0.0187181	1.24863e-05	0.300352	-0.0165637	0.0793505	0.0325372	0.0702177	0.016283	-0.00974181	0.0370948	-0.04467	0.182018	0.0347194	0.146735	0.0468489	0.297388	0.12519	0.289484	0.106925	0.0208615	-0.00660584	0	
-0.012517	-0.00233079	-0.00702998	0.0147922	-0.00185804	-0.0182279	4.20826e-05	0.291597	-0.0170032	0.0664627	0.0333252	0.076355	0.00958596	-0.0122912	0.0265365	-0.0426353	0.22621	0.0430946	0.146735	0.0632577	0.371719	0.107919	0.243331	0.104251	0.0184361	-0.00472819	0.00388601	
-0.0134513	-0.00386525	-0.00689752	0.0124658	-0.00433436	-0.0184542	0.00332946	0.291055	-0.0207956	0.0491067	0.0327828	0.110319	0.00904357	-0.010091	0.0179104	-0.0404957	0.363213	0.0411373	0.114632	0.0601925	0.0852678	0.0915379	0.219338	0.0160969	-0.00149174	0.265011	
-0.0125805	-0.00328794	-0.00391642	0.00788865	-0.00680229	-0.0198766	-0.00369658	0.325216	-0.0205593	0.0759013	0.0292899	0.0765904	0.0030935	-0.00396228	0.0322132	-0.0375345	0.134467	0.0269123	0.106589	0.052083	0.0979029	0.109721	0.168391	-0.0140771	0.0135564	-0.00580564	0.147802	
-0.0125805	-0.00274167	-0.00482296	0.010118	-0.00526322	-0.0192794	0.000191512	0.323212	-0.0103793	0.128274	0.034567	0.0985402	0.00844112	-0.0121182	0.0299263	-0.0361462	0.197752	0.0433443	0.130168	0.0580878	0.125455	0.0792541	0.0481872	0.0135181	-0.00586186	0.323858	
-0.0131669	-0.00314525	0.00027399	0.0143274	-0.00852098	-0.0199152	0.00332743	0.322808	-0.0147834	0.120224	0.0361869	0.283984	-0.0117984	-0.0387788	0.27451	0.0454035	0.124081	0.0528184	0.123895	0.141015	0.0710067	0.0274393	0.0143442	0.0626365	-0.00812281	-0.0617573	
-0.0131669	-0.00158919	-0.00139782	0.0192794	-0.00462725	-0.0171197	-0.00368487	0.299685	-0.0177093	0.0895588	0.0319138	0.184044	-0.0137825	0.0154157	-0.0403885	0.208508	0.0444317	0.144061	0.0524921	0.147625	0.145496	0.0807527	0.00338396	0.0152112	0.0948573	-0.00840294	
-0.0133104	-0.00158919	-0.00607888	0.0192949	-0.00470195	-0.0210276	6.838e-05	0.29585	-0.0130055	0.0872042	0.0319138	0.0661473	-0.0100961	0.0237909	-0.0394966	0.212941	0.0505271	0.130537	0.0704972	0.132024	0.143645	0.113676	0.0194372	0.0152112	0.0637427	-0.00340634	
-0.0140689	-0.00292477	-0.00817728	0.0218309	-0.00371093	-0.0204904	-0.00252356	0.304568	-0.0185223	0.0956926	0.0276239	0.364713	-0.0117588	-0.0374771	0.0130786	0.12222	0.0433118	0.130004	0.0531108	0.0957852	0.0772872	0.150193	0.0120203	0.0127315	0.0831774	-0.00369381	
-0.0140689	-0.00369744	-0.00323891	0.0118569	-0.00683318	-0.0207952	-0.00931437	0.360226	-0.00945016	0.11175	0.0319757	0.237767	0.00757424	-0.0383727	-0.0121748	0.163417	0.0440127	0.115867	0.0698425	0.095546	0.0909799	0.208208	0.00561425	0.0127315	0.0505945	-0.00256228	-0.0448265	
-0.0136975	-0.00184772	-0.00531104	0.0184052	-0.00773326	-0.0211589	-0.00322547	0.253388	-0.0200206	0.0842038	0.0351059	0.438422	-0.00513626	-0.0376577	0.170804	0.0290001	0.120679	0.0645776	0.112455	0.0753421	0.131561	0.0245066	0.0128152	0.0770448	-0.0027738	
-0.0134933	-0.00362676	-0.000133157	0.0124404	-0.00562852	-0.0212536	-0.00563775	0.333238	-0.0172344	0.0768324	0.0206255	0.472315	-0.0146125	-0.0352833	0	0.211368	0.0492381	0.117962	0.0545168	0.0997193	0.127137	0.126258	0.0112696	0.0105257	0.0675297	-0.00344029	
-0.0134933	-0.00152356	-0.00319635	0.0146057	-0.010131	-0.0207489	-0.0050052	0.323617	-0.0143388	0.0751348	0.0269723	0.429012	-0.00852869	-0.0379188	0.127221	0.0407995	0.122544	0.0475306	0.0629159	0.0963557	0.165231	0.00894606	0.0130867	0.0978854	-0.00167126	
-0.0136495	0.000158776	-0.000471274	0.0106141	-0.0092703	-0.0221539	-0.0023628	0.296765	-0.0184102	0.0924397	0.0268161	0.564316	-0.00497384	-0.043482	0.190769	0.0476935	0	0.108142	0.0541671	0.177032	0.11188	0.15136	0.00524524	0.0182209	0.085162	-0.00292127	
-0.0131473	-0.00093797	-0.00265567	0.00505501	-0.00410364	-0.0193012	-0.00137928	0.321046	-0.0152175	0.0777561	0.0182396	0.459855	0.00302267	-0.0442511	0.115747	0.113616	0.0514082	0.0379178	0.173848	0.0999692	0.094738	0.0239209	0.0193193	0.0887549	-4.50294e-05	0.0147783	
-0.0131473	-0.00128505	-0.0110579	0.0167955	-0.00895102	-0.0190062	-0.00399306	0.318244	-0.0144758	0.0811906	0.0268116	0.214794	-0.00911029	-0.0402965	0.112452	0.0579764	0.036906	0.0505936	0.130315	0.108222	0.0578098	0.00564921	0.0156827	0.114982	-0.00443641	
-0.0138168	-0.0024526	-0.00846264	0.0132081	-0.00695431	-0.0213284	0.000620716	0.264533	-0.0168642	0.053488	0.0256416	0.305521	-0.0093882	-0.0406766	0.124558	0.0747625	0	0.0374425	0.066666	0.205021	0.0838265	0.135398	0.00787528	0.0147514	0.09847	-0.00321485	
-0.01383	-0.0024526	-0.00801696	0.0151474	-0.00535062	-0.0219997	-0.00770921	0.283221	-0.0148654	0.079385	0.0242809	0.20032	-0.00982047	-0.0377147	0.126271	0.0602525	0.0308258	0.100263	0.0904927	0.0849933	0.105158	0.023218	0.012012	0.0632584	-0.00570656	
-0.0125986	-0.0029357	-0.00321059	0.0185996	0.0111176	-0.0193517	-0.00220207	0.333392	-0.010209	0.135284	0.0297305	0.265695	0.00172503	-0.0372639	0.108105	0.065269	0.0320573	0	0.0339168	-0.00452442	0.164386	0.110728	0.0963293	0.00503074	0.0132434	0.0644898	-0.00837041	
-0.0125986	0.00149971	-0.00415573	0.0101895	-0.00557002	-0.0195393	-0.00400674	0.339067	0.000218017	0.0686581	0.020113	0.350825	-0.00611097	-0.0396768	0.108105	0.0665958	0.0359934	0.0279565	0.103064	0.251325	0.0688619	0.218659	0.000532771	0.0173136	0.0882168	-0.00263839	
-0.0132698	-0.00225164	-0.00413039	0.0130535	-0.00905944	-0.0203719	-1.62344e-05	0.275555	-0.0108826	0.0638314	0.0137538	0.265641	-0.00878163	-0.0389791	0.109856	0.0758381	0.0321063	0.0832169	0.0222244	0.238293	0.0669237	0.296708	0.0139264	0.0140302	0.0638797	-0.00645868	0.000580966	
-0.0136774	-0.00369607	-0.00738048	0.0110555	-0.00870319	-0.0194967	0.00628815	0.317832	-0.0144198	0.0905002	0.0278291	0.324409	-0.0115906	-0.0447445	0.116169	0.0901072	0.0432115	0.0687792	0.465292	0	0.0875076	0.17402	0.0103764	0.0201943	0.0686992	-0.00686624	
-0.0129709	-0.000521315	-0.00757137	0.0235361	-0.0101575	-0.0198986	-0.00110803	0.306622	-0.0179649	0.0889194	0.0186861	0.458148	-0.00952826	-0.0404734	0.144796	0.0747809	0.0475851	0.090175	0.0909886	-0.00268961	0.0663137	0.162995	0.00367834	0.0171626	0.0812307	-0.00129798	-0.000572287	0.00792702	-0.00802999	
-0.0131502	0.000375887	-0.0121352	0.0100602	-0.00726138	-0.020442	-0.0045205	0.354636	-0.0139714	0.103707	0.0196525	0.280426	0.00329909	-0.0415659	0.114471	0.0642599	0.0464812	0.135205	-0.00496391	0.168463	0.0137318	0.0168486	0.0875354	0.0995673	0.18532	
-0.0128087	-0.00190106	-0.0131698	0.00814179	-0.00662126	-0.0196264	-9.17785e-05	0.285402	-0.013238	0.0815162	0.0254816	0.431208	-0.00946075	-0.0424517	0.13474	0.0763711	0.0314746	0.0771607	-0.00280904	0.178282	0.281125	0.00686363	0.01723	0.0918097	0.105841	
-0.0128087	0.000127731	-0.00954745	0.0251026	-0.00890286	-0.0211963	0.00316932	0.347294	-0.0162577	0.0960474	0.0183908	0.32372	-0.00577047	-0.0438978	0.136653	0.0858292	0.0314746	0.0850504	-0.00505877	0.2058	0.104987	0.00944071	0.0190841	0.0899099	0.0606442	
-0.0125182	-0.00214245	-0.00948868	0.0168577	-0.000269229	-0.0204639	-0.00527054	0.331844	-0.0148804	0.103594	0.0240524	0.245728	-0.0109562	-0.0440213	0.136712	0.0706057	0.0357073	0.0799086	-0.00364933	0.107058	0.190023	0.00261781	0.0191429	0.103467	0.101662	
-0.0125182	-0.00189759	-0.00558522	0.0208299	-0.000974299	-0.0197339	-0.000104976	0.234387	-0.0179851	0.0837683	0.0155867	0.523239	-0.0141567	-0.0425102	0.123544	0.0700115	0.0552813	0.055939	-0.00359659	0.115456	0.13604	0.0281548	0.0168742	0.123297	0.000271509	0.126799	
-0.0125182	-0.00261845	-0.0107468	0.017236	-0.00509423	-0.0204855	-0.00624625	0.28534	-0.0117119	0.0402669	0.034441	0.572525	-0.0120115	-0.050342	0.118916	0.0620275	0.039161	0.111513	-0.00359659	0.214288	0.121017	0.0246929	0.0259673	0.0904933	0.0378649	0.0795579	
-0.013439	-0.00314735	-0.0119117	0.0205786	0.000713189	-0.0187651	-0.00624625	0.28534	-0.0144126	0.0735569	-0.00186701	0.285209	-0.00921712	-0.0461165	0.109831	0.0620275	0.0302441	0.0750537	-0.00323997	0.188837	0.162908	0.0210464	0.020751	0.112616	0.0508247	0	0.105233	0.00584172	
-0.0133842	-0.0048213	-0.00743203	0.0149265	0.00384402	-0.0201157	-0.00333058	0.241016	-0.0149108	0.0816579	-0.0427858	0.286139	-0.00674285	0.000214567	0.118611	0.0712118	0.038172	0.0585612	-0.00765241	0.168978	0.138801	0.00572815	0.0173153	0.0836679	0.0277425	0.0859347	-0.00929349	
-0.0133842	-0.00244396	-0.0139284	0.0120573	-0.00441999	-0.0190076	0.0010504	0.268392	-0.0202552	0.0836559	-0.0387496	0.33573	-0.0115197	0.129796	0.0850512	0.0434505	0.103611	-0.00927548	0.258705	0.0949376	0.013559	0.013132	0.0816668	0.0252216	0.0555497	-0.0188614	
-0.0133842	-0.00244396	-0.0121247	0.019805	-0.00575974	-0.0189404	0.00752382	0.285954	-0.0134408	0.0490553	-0.0389092	0.572556	0.00491697	-0.00932991	0.144514	0.0783274	0.0434505	0.0884461	-0.00465907	0.211325	0.0756299	0.0283403	0.0132797	0.11916	0.0247664	0.100351	0.00581265	-0.00154772	
-0.013615	-0.00576874	-0.0083135	0.0179714	-0.0039827	-0.0201041	-0.00289484	0.285954	-0.020851	0.0547698	-0.0461839	0.535029	-0.00597976	-0.00368075	0.121995	0.086681	0.0371306	0.0876344	-0.00943504	0.194924	0.125617	0.0123197	0.020748	0.0856073	0.0306281	0.0708158	0.0279557	0.013615	
-0.0138127	-0.00505197	-0.00926574	0.0156953	-0.00449405	-0.0191392	-0.00336494	0.24422	-0.0182691	0.0983915	-0.0444569	0.450307	-0.00214137	0.117713	0.0565108	0.0309965	0.0933112	-0.00674984	0.176763	0.0180212	0.0190108	0.107341	0.0273987	0.121024	0.0483818	
-0.0138127	-0.00505197	-0.00704992	0.0124898	-0.00138731	-0.0191392	-0.00598416	0.280499	-0.0150412	0.0724604	-0.0382531	0.34559	-0.00828389	0.0455038	-0.0105783	0.122473	0.0565108	0.0342439	0.0866047	-0.00645953	0.203406	0.0236906	0.0127205	0.120633	0.0273987	0.0582322	0.0949084	0.0174623	
-0.0142064	-0.00518186	-0.0131415	0.0198673	-0.00614103	-0.0186965	-0.00837899	0.262598	-0.017218	0.0275278	-0.0401447	0.356689	-0.000670398	0.116768	0.0756699	0.0408642	0.114099	-0.00718941	0.312514	0.0151046	0.0150578	0.0845314	0.0233025	0.0681557	0.336607	
-0.0136873	-0.00238128	-0.0108829	0.0205499	-0.00592936	-0.0182502	-0.00825515	0.25656	-0.0204034	0.0280056	-0.0403932	0.606526	-0.0024389	0.05548	0	0.117287	0.076189	0.0442501	0.107337	0.00222871	0.290871	0.0283703	0.0155769	0.126763	0.0165204	0.12214	
-0.0136873	-0.00284753	-0.0112287	0.0159872	-0.00549569	-0.0180771	-0.00118727	0.25656	-0.0152156	0.0444658	-0.0397137	0.448192	0.00842759	0.0927418	0.000122227	0	0.133166	0.0884723	0.0516684	0.0744083	-0.00262887	0.256109	0.00257392	0.0154873	0.110122	0.0173554	0.0827828	
-0.0131608	-0.00318042	-0.0130901	0.0143291	-0.00293142	-0.0194438	-0.00199615	0.276356	-0.0129641	0.0827774	-0.0443132	0.506601	0.00286352	0.0804934	-0.00601746	0.00308408	0.107323	0.0568761	0.0347557	0.0617851	-0.00172115	0.308118	0.0116493	0.0193461	0.0682221	0.0212362	0.1279	0.000706695	0	
-0.0127572	0.0011801	-0.0107119	0.0191807	-0.00747636	-0.0197702	0.000584964	0.293863	-0.0169034	0.0397151	-0.0437405	0.22283	0.0123551	0.0648942	-0.00359007	0.107081	0.0545557	0.0428248	0.0917787	-0.00363195	0.285749	0.010182	0.0199434	0.0688193	0.012395	0.275844	
-0.0128755	-0.00312117	-0.00918074	0.0240824	0.000816281	-0.0183944	0.00229982	0.293863	-0.0143667	0.0321989	-0.0403828	0.26631	0.000791517	0.0749996	0.00124691	0.152117	0.0651347	0.0325277	0.000436272	0.120735	-0.00579564	0.38591	0.028939	0.0159449	0.086485	0.0269656	0.08238	
-0.0128755	-0.00340454	-0.00465087	0.0226224	-0.00492579	-0.0196152	-0.004474	0.28528	-0.0167395	0.0487542	-0.0399068	0.301167	-0.0112568	0.0619517	-0.00334647	0.110522	0.0746689	0.0325277	0.0873151	0.0445744	-0.00120722	0.253384	0.0133001	0.0153146	0.10986	0.0224861	0.185515	0.0091544	
-0.0122916	-0.00233127	-0.00642338	0.0117739	-0.00677073	-0.0185371	-0.00314743	0.257667	-0.018729	0.0484532	-0.0416061	0.406972	0.00459449	0.0499618	-0.00189376	0.124502	0.0662049	0.0514996	0.134989	-0.0698414	-0.00377658	0.326384	0.00947631	0.0179758	0.0617399	0.0215385	0.071327	
-0.0134702	-0.00342874	-0.00208915	0.0184501	0.00205336	-0.0196563	0.00232553	0.227519	-0.0179436	0.0441158	-0.0356962	0.361748	-0.00735603	0.0648497	-0.00467238	0.104277	0.0578024	0.0517008	0.0558332	-0.00219545	0.219008	0.011142	0.0107736	0.0754948	0.0165325	0.0866686	
-0.0134702	-0.00249307	-0.0134381	0.0103361	0.00856222	-0.0190464	-0.00671605	0.227519	-0.0199883	0.0615676	-0.034403	0.117771	-0.00883858	0.056514	-0.00364072	0.142673	0.0578024	0.0422881	0.142274	-0.00569286	0.246688	0.00962827	0.00961839	0.0513175	0.0213866	0.10717	
-0.013243	-0.00606798	-0.0102535	0.0103697	0.0013351	-0.0205393	-0.00623937	0.212804	-0.0194785	0.0587269	-0.0418977	0.271685	-0.00993721	0.0401057	-0.000709602	0.119337	0.0581698	0.0407612	0.077478	-0.00726305	-0.00622772	0.22685	0.0197586	0.016816	0.0567281	0.010812	0.279892	
-0.0131452	-0.00176733	-0.0142813	0.00842082	0.00171221	-0.0203146	-0.000264085	0.231301	-0.0198167	0.106476	-0.0393873	0.372786	-0.00751541	0.0564894	0.00071353	0.126317	0.0999747	0.0412847	0.0811691	-0.0085725	0.147136	0.0151833	0.00357429	0.0136845	0.0486989	0.0272913	0.114636	
-0.0131452	-0.00668567	-0.0102514	0.0199665	-0.00287021	-0.0188355	0.0029512	0.239694	-0.0181341	0.0898502	-0.0411574	0.411794	-0.00657341	0.0962742	-0.00476277	0.0998644	0.0771354	0.0371634	0.178604	-0.0114665	0.252464	0.0161356	-0.00048768	0.016868	0.076454	0.0154259	0.0866247	0.0175873	
-0.0131452	-0.0031341	-0.0163329	0.00886811	-0.00106632	-0.018767	-0.00404855	0.27197	-0.0193942	0.106831	-0.0350205	0.144043	-0.000321933	0.0827232	0.0040047	0.114422	0.0544313	0.0371634	0.201558	-0.00774158	0.307868	0.016642	-0.00182876	0.00936488	0.0988821	0.0184389	0.0666111	-0.00254967	-0.0149012	
-0.0135168	-0.00578013	-0.00615718	0.00943072	-0.00609364	-0.0193922	-0.00149985	0.248579	-0.0184623	0.0625195	-0.0367193	0.185251	-0.00945901	0.089196	-0.00494236	0.130921	0.0891263	0.053105	0.136126	-0.00921031	0.241382	0.00167166	-0.00481079	0.0109799	0.0586246	0.0258136	0.133072	0.0272223	-0.0145684	
-0.0135168	-0.00544405	-0.00877882	0.00744236	-0.00391605	-0.0195571	-0.00224525	0.248579	-0.0196549	0.0708306	-0.0368845	0.254842	-0.00624576	0.0652827	-0.00933746	0.141032	0.0689592	0.0518271	0.104198	-0.00387103	0.20894	0.00647061	-0.00461683	0.0109799	0.0813905	0.0168771	0.15167	0.0052009	0.0286686	
-0.0130503	-0.00596608	-0.00715607	0.0186234	0.00285533	-0.0199445	0.000817635	0.248579	-0.0193788	0.0861232	-0.0371874	0.192388	-0.00338322	0.0786164	-0.00718561	0.119365	0.0733573	0.0442761	0.143501	-0.0056518	0.139413	0.00682422	-0.000521246	0.0108905	0.0804524	0.0138824	0.108429	-0.00159376	-0.0089456	-0.000280676	
-0.0138308	-0.00659908	-0.0115141	0.0162138	-0.00227907	-0.0162979	0.00100878	0.236526	-0.019496	0.047923	-0.0370841	0.310126	-0.00253915	0.056712	-0.00604091	0.121282	0.0752706	0.0537081	0.142868	-0.0106023	0.177842	0.00338903	-0.00344719	0.0107289	0.0510104	0.00843738	0.0948199	0.00642999	0.000929294	
-0.0138308	-0.00454633	-0.00496747	0.0165351	-0.00608747	-0.0201586	-0.0100268	0.246282	-0.0186178	0.0821273	-0.0370987	0.391875	-0.0110558	0.0802471	-0.00492983	0.141003	0.0711992	0.0556065	0.0757355	-0.00708528	0.28978	0.012853	-0.00229626	0.0107289	0.0611081	0.0112939	0.152242	0	
-0.0143364	-0.000911274	-0.0111135	0.017965	-0.00704327	-0.0208116	-0.00629828	0.246962	-0.0209879	0.100846	-0.0373217	0.292191	-0.00902962	0.123171	-0.00211906	0.116882	0.088497	0.0460616	0.0463056	-0.00640611	0.215651	0.0209938	0.00250707	0.0114081	0.0790202	0.0243331	0.0819297	
-0.0139887	-0.00699706	-0.0109825	0.00951048	-0.00594612	-0.0198441	-0.00208955	0.229058	-0.0179138	0.209279	-0.0496854	0.232288	0.000377934	0.0637763	-0.00898562	0.11723	0.0716453	0.041997	0.113375	-0.00107337	0.170171	0.0109108	-0.00224049	0.0249318	0.106047	0.0208754	0.0894973	
-0.0145879	-0.00244306	-0.00888727	0.00819877	-0.00615093	-0.018728	0.00492049	0.265185	-0.0173297	0.19215	-0.0346587	0.268336	-0.0121904	0.0815214	-0.00791501	0.114511	0.0625868	0.0459717	0.0755082	-0.000483512	0.218128	0.00492349	-0.000306116	0.00870322	0.108978	0.0159708	0.0708712	0.0151996	-0.00476244	0.00860949	0.00721717	
-0.0135728	-0.00399486	0.00138816	0.00510014	-0.00268672	-0.0192454	-0.00749687	0.22757	-0.0088496	0.143918	-0.0365514	0.23743	-0.00811643	0.0559198	-0.0139287	0.0978472	0.0673073	0.0291504	0.0267733	-0.00214383	0.221492	0.0254527	-0.00199432	0.0108951	0.0933778	0.0267219	0.108579	0	
-0.0139789	-0.00573105	-0.00922017	0.00944418	-0.00872629	-0.0201753	0.00225125	0.246486	-0.0151366	0.09813	-0.0381398	0.229842	-0.00630478	0.0899988	-0.0158563	0.0983689	0.0613081	0.0468114	0.0734851	-0.00560897	0.189218	0.0132984	-0.00122807	0.0127933	0.0641755	0.0245984	0.114537	
-0.0139789	-0.000219549	-0.00487669	0.00378524	-0.0057568	-0.0196679	-0.00500004	0.312434	-0.0179769	0.0888446	-0.0389247	0.336371	-0.0111758	0.0617128	-0.0140339	0.116471	0.0617707	0.0399557	0.0403657	-0.00602084	0.357707	0.0132984	-0.00287459	0.0127933	0.102089	0.0267479	0.111025	0	
-0.0139789	-0.00556915	-0.0067227	0.0120737	-0.00617135	-0.0206548	-0.00350995	0.280935	-0.0159319	0.0697836	-0.0385512	0.254072	-0.00251726	0.0566371	-0.0129214	0.104301	0.0617707	0.0517395	0.0901856	-0.00711132	0.353901	0.0291271	-0.000538991	0.0130785	0.076205	0.0253728	0.0600715	-0.00399727	
-0.0141888	-0.00431343	-0.0102381	0.0127905	-0.0106972	-0.0191459	-0.00368173	0.261981	-0.00876552	0.0654212	-0.0388432	0.237136	-0.00615124	0.0817343	-0.013477	0.104301	0.0790519	0.0338544	0.0965103	-0.00584198	0.305237	0.012736	-0.00106245	0.0130785	0.0746873	0.0323132	0.128042	-0.183805	
-0.0141888	-0.00324893	-0.00367981	0.0113966	-0.00991183	-0.0188486	-0.000945858	0.261981	-0.00424671	0.0525927	-0.0475613	0.19066	-0.00358901	0.071205	-0.0103353	0.110499	0.0706081	0.0329693	0.0528425	-0.00873872	0.169566	0.00894087	-0.0010014	0.0212339	0.0642185	0.0224298	0.0577572	-0.00236914	
-0.0141888	-0.00508364	-0.0106097	0.00949116	-0.0083192	-0.0202736	-0.00515475	0.308685	-0.0118631	0.0876815	-0.0332369	0.281868	-0.00766674	0.0856872	-0.00479394	0.124983	0.0760481	0.0398647	0.101092	-0.00202355	0.200043	0.0142097	-1.96108e-05	0.00815959	0.0689243	0.0211419	0.14773	-0.002695	0.00948307	
-0.0130417	-0.00132246	-0.0117158	0.0102444	-0.00661705	-0.0188071	-0.0021923	0.294081	-0.0169961	0.0518006	-0.04276	0.24742	-0.00556472	0.0865878	-0.00782141	0.111674	0.0820127	0.040618	0.111787	-0.00666236	0.194048	0.0200259	-0.00176249	0.0180773	0.105066	0.0257328	0.130047	0.00382434	-0.000393849	-0.00792854	
-0.0131546	-0.00338952	-0.0062396	0.00717023	-0.00439767	-0.0188071	-0.00559129	0.252741	-0.0144022	0.039675	-0.0443933	0.251977	-0.00403917	0.0568136	-0.0047332	0.109333	0.0814079	0.0283122	0.136845	-0.00800921	0.178322	0.0120875	-0.0016496	0.0188336	0.0668294	0.027965	0.104881	
-0.0131546	-0.00106817	-0.00884553	0.0119367	-0.00778211	-0.0199484	-0.00245714	0.281062	-0.0125714	0.0742693	-0.0399989	0.268974	-0.00417768	0.0672403	-0.00538087	0.096106	0.0789972	0.0276916	0.0768556	-0.00164211	0.249462	0.0118379	-0.00214952	0.015214	0.0849678	0.0236275	0.0834177	0.0455353	
-0.0122295	-0.00264264	-0.00791645	0.00644584	-0.000558586	-0.01801	-0.00212457	0.278546	-0.016815	0.0254457	-0.0391801	0.194225	-0.00485105	0.0644538	-0.00913531	0.0976169	0.0615298	0.0472379	0.0443997	0.000701464	0.434349	0.0202084	0.0002274	0.0149103	0.0840364	0.0296111	0.0736955	
-0.0119907	-0.00271215	-0.0103735	0.0122796	-0.00765823	-0.0186927	-0.00578297	0.299087	-0.0104467	0.0225141	-0.0391742	0.49939	-0.00753092	0.0497751	-0.0112402	0.126136	0.0733148	0.031641	0.103947	0.000701464	0.164183	0.0243029	-0.00368228	0.015529	0.0750886	0.0328462	0.120699	0	
-0.0119907	-0.00266717	-0.00488932	0.00476259	-0.00473286	-0.0185214	-0.00858727	0.299087	-0.00814827	0.0763266	-0.0350335	0.335372	-0.00906166	0.065363	-0.00766714	0.12515	0.100463	0.0360175	0.0914985	0.000551877	0.327617	0.0547952	-0.00182017	0.0111141	0.0829359	0.0167511	0.0872602	-0.0198129	0.00529811	
-0.0125079	-0.00282043	-0.00967947	0.0105135	-0.00763272	-0.0171212	-0.00772788	0.282727	-0.0146689	0.0372771	-0.0351868	0.31893	-0.00908803	0.0769527	-0.00992638	0.124997	0.0811525	0.0316337	0.0876947	0.000398627	0.327189	0.0282288	-0.0014563	0.0109609	0.0914449	0.0165979	0.224084	-0.00369347	0.019023	0.00188089	0.0184214	
-0.0125079	0.000745597	-0.0133921	0.00653855	-0.00730904	-0.0163985	-0.00213532	0.282727	-0.0114454	0.0482637	-0.0344422	0.278461	-0.0123541	0.0980668	-0.00444198	0.128207	0.0893362	0.0329767	0.112276	-0.00365722	0.192878	0.0264824	-0.00244185	0.0103403	0.103682	0.0244304	0.0894436	0.0288489	0.00800144	0.235355	
-0.0123634	0.00125562	-0.0121576	0.0204807	-0.00914626	-0.0163899	0.000571878	0.282727	-0.016789	0.0498351	-0.0426686	0.303775	-0.0119564	0.056188	-0.00886336	0.136784	0.0862129	0.0373199	0.0931766	-0.00253115	0.267811	0.0339164	-0.000399652	0.0193385	0.0918458	0.0148557	0.110303	-0.0193429	0.00812239	
-0.0116914	-0.00236777	-0.00578989	0.0117895	-0.0087913	-0.0179288	0.00435129	0.289638	-0.0143095	0.0441416	-0.0385925	0.31014	-0.0133905	0.0530662	-0.00217388	0.111957	0.0862129	0.0300888	0.0596684	0.000746414	0.259289	0.0269304	0.00330533	0.0137716	0.100106	0.0249375	0.092791	0.0067008	-0.022795	-0.00671611	0.00391408	
-0.0116914	0.000750969	-0.0113118	0.00895875	-0.00980415	-0.018973	0.00511286	0.310764	-0.014436	0.0459182	-0.0327907	0.285902	-0.00648318	0.0919316	0.000661231	0.108422	0.0797839	0.034146	0.0489064	0.000868215	0.394817	0.0288452	0.000579888	0.00842144	0.0833778	0.0361473	0.101877	-0.0565591	
-0.0116668	0.000792181	-0.00546887	0.0114814	-0.0105751	-0.0162081	-0.00114886	0.255006	-0.0194729	0.0486694	-0.0319648	0.233685	-0.0108192	0.0469464	-0.00136995	0.111606	0.0772676	0.0275315	0.0791038	-0.00509154	0.227014	0.0239691	-0.00142327	0.00769698	0.14718	0.0300644	0.0670666	
-0.0129288	-0.00117172	-0.0075069	0.00713957	-0.0068011	-0.0173967	-0.00903063	0.269143	-0.0135017	0.0386025	-0.03838	0.313295	-0.010612	0.114107	-0.00697639	0.103063	0.0718399	0.0371788	0.102996	-0.00509315	0.210283	0.0261731	-0.000161337	0.0140552	0.0949607	0.0230099	0.0695974	
-0.0119538	-0.00145596	-0.00112354	0.00619658	-0.00898161	-0.0186056	-0.00359087	0.287376	-0.0175409	0.068468	-0.0422646	0.533532	-0.00820579	0.0938849	-0.00624985	0.091634	0.104014	0.0332453	0.0572769	-0.0035255	0.283462	0.0328695	-0.00113628	0.0183132	0.102566	0.027376	0.0755745	0.00278165	0	
-0.0123519	-0.00220329	-0.00452343	0.00937253	-0.00903148	-0.0194827	-0.00406836	0.272763	-0.0145941	0.0633254	-0.042279	0.207923	-0.00715357	0.0607125	-0.00374591	0.133981	0.0675564	0.0362411	0.0427271	-0.00276047	0.279739	0.0480057	-0.00179724	0.0182015	0.0924114	0.027376	0.117577	
-0.0125587	-0.000132943	-0.00650439	0.00999785	-0.00703627	-0.0191168	-0.00799428	0.303367	-0.0181125	0.0803133	-0.0423794	0.272918	-0.00749829	0.0543194	-0.00697136	0.109402	0.0805473	0.0294026	0.0724196	-0.00606106	0.247045	0.0419092	-0.000863608	0.0179947	0.073368	0.0372908	0.116272	0.00789545	0.0158384	
-0.0129282	-0.00433758	-0.00652283	0.00445498	-0.00869419	-0.0185795	-0.00672092	0.28759	-0.0195421	0.0626349	-0.0384941	0.186431	-0.0107896	0.0329309	-0.00742775	0.10617	0.106308	0.0212764	0.085859	-9.80732e-05	0.135198	0.0341173	0.000214716	0.0143203	0.0996877	0.0304469	0.137724	-0.0138147	
-0.0138987	-0.00530812	-0.00333993	0.0055271	-0.00707898	-0.0197307	-0.0104945	0.316587	-0.0155304	0.106408	-0.0367202	0.172182	-0.0115334	0.0625147	-0.0112289	0.095869	0.111661	0.0243692	0.129739	-0.00502985	0.219634	0.0405394	-0.00249194	0.0115228	0.0946305	0.0272243	0.119429	
-0.0133492	-0.000570725	0.00485277	0.00462598	-0.00589802	-0.0182875	-0.0101328	0.254226	-0.0160587	0.0860834	-0.0353854	0.198612	-0.0108003	0.0382585	-0.013524	0.0939298	0.1096	0.0189532	0.0674264	-0.00395148	0.140476	0.021471	-0.0027661	0.0112199	0.0667191	0.0344847	0.102644	-0.255048	
-0.0135159	-0.00025668	0.00472004	0.00490548	-0.00752777	-0.0166302	-0.00636562	0.348276	-0.0131532	0.0905802	-0.0353537	0.297067	-0.0101253	0.0679499	-0.00452363	0.11772	0.100135	0.0339408	0.138758	-0.00498331	0.174517	0.0790542	0.0016712	0.0106098	0.084201	0.0295066	0.132275	
-0.0129798	0.00187173	0.00555096	0.0155162	-0.00476852	-0.0193934	-0.00335007	0.259284	-0.0167134	0.0751414	-0.0377273	0.416914	-0.0109755	0.0741436	-0.0123374	0.107613	0.0976871	0.0366917	0.0581912	-0.000213532	0.286577	0.0231023	-0.00031139	0.0133498	0.1218	0.0200875	0.382102	-0.00695517	
-0.0142747	-0.00196136	0.000135975	0.00997414	-0.0095364	-0.0196368	-0.0101534	0.254155	-0.0162183	0.0751414	-0.0448818	0.124127	-0.011495	0.0385332	-0.00968728	0.109632	0.0710132	0.033096	0.0351053	-0.0013488	0.17269	0.0506764	-0.00031139	0.0192235	0.103094	0.0202019	0.299936	0.00370358	0	
-0.0142747	-0.00140932	-0.0092222	0.00997414	-0.00820472	-0.0159273	-0.00768384	0.250292	-0.0155771	0.0378533	-0.0445112	0.180427	-0.0102909	0.0601741	-0.00761127	0.124508	0.0840608	0.0388717	0.0489824	-0.00258476	0.161847	0.0307479	-0.000651811	0.0192235	0.123837	0.036058	0.168514	0.00434517	-0.0171942	
-0.0146501	-0.00356866	-0.00165732	0.00999704	-0.00545513	-0.0207095	-0.00768384	0.281228	-0.011913	0.0611063	-0.0388293	0.183652	-0.0150742	0.0423601	-0.010011	0.108085	0.0924455	0.036385	0.0551321	-0.00631902	0.215893	0.0225765	-0.000590326	0.0129274	0.0879876	0.0230118	0.0888844	0.00785491	
-0.0143876	-0.00553206	-0.00750347	0.0149455	-0.00420068	-0.0194016	-0.00589446	0.297221	-0.0136097	0.036054	-0.0384162	0.298821	-0.011536	0.0528805	-0.011566	0.108085	0.11737	0.0307165	0.104366	-0.00456279	0.281997	0.033201	0.000718554	0.0134568	0.0895512	0.0354952	0.147028	0.000969098	-0.00761621	9.5658e-05	
-0.015394	-0.00516546	-0.00602594	0.0154561	-0.0026937	-0.0200834	-0.0108848	0.296215	-0.0160568	0.0319961	-0.0386012	0.196963	-0.0119405	0.0841634	-0.00999947	0.0977163	0.106322	0.0433595	0.12426	-0.00174503	0.195549	0.0141725	-0.000699183	0.0124504	0.129081	0.0188848	0.106581	-0.00215915	0.0061432	0.00290213	0	
-0.015394	0.00154602	-0.000259609	0.0154561	-0.00542524	-0.0210292	-0.00932283	0.25371	-0.0200364	0.0469759	-0.0389571	0.145207	-0.0111268	0.0825503	-0.0106487	0.0977163	0.0575342	0.0402845	0.0960399	-0.00433301	0.158997	0.0269215	0.000214695	0.0124504	0.0962041	0.0188848	0.125548	0.00458399	
-0.0141618	0.0016759	-0.00268463	0.00697642	-0.00492603	-0.0217194	-0.00310607	0.26459	-0.0180291	0.0508837	-0.0411155	0.212963	-0.0116294	0.0948031	-0.00596442	0.0953311	0.0767969	0.036552	0.109724	-0.00694688	0.125055	0.0340968	0.000214695	0.0155408	0.0880071	0.02339	0.122362	-0.0104226	-0.0108173	
-0.0141618	-0.0055063	-0.0036815	0.000541648	-0.00632468	-0.0217194	-0.00533041	0.291807	-0.020585	0.0339832	-0.0375506	0.166856	-0.0113597	0.0794462	-0.0072604	0.10353	0.0730588	0.0397618	0.154404	-0.0047792	0.171017	0.0276029	0.000214695	0.0129925	0.112983	0.0221274	0.199366	-0.00333439	
-0.0141618	-0.00065504	0.000364848	0.0083346	-0.00474327	-0.0197137	-0.00834256	0.253463	-0.0150831	0.0434649	-0.039895	0.200688	-0.0128629	0.0779118	-0.00360535	0.109924	0.0758327	0.0381632	0.0614298	-0.00710241	0.286699	0.0324909	0.00257046	0.0158545	0.0737745	0.0272452	0.30031	-0.00759226	
-0.0141618	-0.00065504	-0.0057904	0.00728153	-0.00305865	-0.0207374	-0.00265864	0.304903	-0.0146215	0.0335233	-0.0406724	0.217754	-0.00714522	0.0602378	-0.00784719	0.119773	0.0966224	0.0341114	0.0728619	-0.00896587	0.129073	0.022488	0.00107688	0.015266	0.0823193	0.0264989	0.127968	-0.000531047	
-0.0141618	0.000983347	-0.00347825	0.00329192	-0.00650408	-0.0198154	-0.0090189	0.283498	-0.0177974	0.0574217	-0.0399822	0.264944	-0.0103726	0.059089	-0.0115966	0.107196	0.0711065	0.032632	0.0878965	-0.0068647	0.16018	0.0193869	0.00292343	0.015266	0.114446	0.0396437	0.18936	0.0159417	
-0.0141618	-0.00384679	-0.00589345	0.00734567	-0.00813424	-0.0189201	0.00347425	0.283498	-0.0117436	0.0482587	-0.0372962	0.176942	-0.00802489	0.0634498	-0.0083188	0.118943	0.0850256	0.0470025	0.0573998	-0.00778629	0.282741	0.0260228	0.00142332	0.0125801	0.0820261	0.0441698	0.134585	0.00901052	-0.0267419	0.00212588	-0.00458875	
-0.0141618	-0.00275612	-0.00816945	0.00699119	-0.00797862	-0.0218356	0.0033809	0.272719	-0.0197431	0.0529305	-0.0393036	0.453094	-0.00994723	0.0786831	-0.0083188	0.132147	0.0764159	0.0489564	0.0768978	-0.00493532	0.224115	0.0270089	0.00141832	0.0141025	0.0917026	0.0265713	0.0822921	-0.0056182	
-0.0144888	-0.00275612	-0.0101173	0.00733841	-0.0063682	-0.0210487	0.00521109	0.261908	-0.0190742	0.0555183	-0.0337087	0.250396	-0.00863055	0.0462446	-0.00787491	0.113541	0.0692435	0.0458882	0.0945585	-0.00368524	0.187153	0.0257695	0.00266477	0.0088123	0.0800018	0.0376168	0.242209	-0.00508434	0.0715409	
-0.012781	-0.0047828	-0.0015365	0.00734668	-0.00435314	-0.0193234	0.00368383	0.283682	-0.0189442	0.0365955	-0.0375497	0.249576	-0.0129846	0.0394613	-0.0102998	0.112109	0.075252	0.0300415	0.08663	-0.00809721	0.105511	0.0265727	0.000448117	0.0139629	0.122627	0.0256235	0.135954	0.00918285	0.0201983	
-0.0132694	-0.00324971	-0.0107908	0.00591686	-0.00766682	-0.0188838	-0.000714339	0.268681	-0.0191861	0.0575913	-0.0388578	0.277285	-0.00862739	0.052511	-0.00810332	0.125983	0.0903534	0.0476304	0.105405	-0.00794447	0.233727	0.0293017	0.00278217	0.0141595	0.0671707	0.0200328	0.207863	0.00259313	-0.0160021	
-0.0148237	-0.00338723	-0.00596954	0.00619456	-0.00623494	-0.0197483	0.00116645	0.275836	-0.0165617	0.0252881	-0.035722	0.144116	-0.0142347	0.0665965	-0.00826475	0.130369	0.0639545	0.0387707	0.140294	-0.00938518	0.216842	0.0289152	0.000717016	0.00935494	0.0991431	0.0276315	0.207977	-0.0015695	0	
-0.0145007	-0.00567223	-0.0113646	0.0113676	-0.0074604	-0.0212407	-0.0012853	0.265753	-0.0196213	0.034954	-0.0402532	0.258844	-0.00727013	0.0561627	-0.0134135	0.098337	0.0920801	0.0314042	0.163343	-0.00973919	0.203111	0.0388398	-0.000162559	0.014247	0.081662	0.0195347	0.150992	-0.00125487	0	0.0145007	
-0.0145007	-0.00567223	-0.00763797	0.00276416	-0.00424806	-0.0198621	0.00729843	0.219848	-0.0219607	0.0218901	-0.0373876	0.223774	-0.011427	0.0485075	-0.0111593	0.138771	0.089528	0.0348235	0.125165	-0.0073738	0.158584	0.0347292	-0.000747473	0.0108777	0.090292	0.0259133	0.212152	-0.0103242	
-0.0145007	-0.00631001	-0.0086953	0.0120437	-0.00455323	-0.0211954	0.00558064	0.239575	-0.0135958	0.0564782	-0.0379642	0.289441	-0.0112252	0.0665111	-0.0144396	0.135904	0.0869572	0.0405274	0.120772	-0.00838218	0.121877	0.0155348	0.00125185	0.0115139	0.0859656	0.0321582	0.125623	-0.00636672	
-0.0142927	-0.00522525	-0.008582	0.00328447	-0.00911168	-0.0208636	-0.00171694	0.2486	-0.0203504	0.0917256	-0.0380567	0.338816	-0.00659392	0.0444359	-0.0120784	0.119275	0.0840548	0.0405274	0.0759191	-0.00703707	0.122073	0.0147457	0.000159058	0.0115977	0.0838324	0.0311473	0.0686336	-0.00519266	-0.00642224	
-0.0129707	-0.00517436	0.00487426	0.00599662	-0.00866927	-0.0176484	-0.00112864	0.249922	-0.0207104	0.0996414	-0.0365531	0.190042	-0.0084621	0.0432184	-0.0100421	0.103407	0.084055	0.0445995	0.0698637	-0.00867542	0.21782	0.0270479	-9.87228e-05	0.0116286	0.0796292	0.0307436	0.0907662	0.00531772	0.00794779	-0.00730836	-0.00956825	0.0235866	
-0.0129707	-0.000820836	-0.00359874	0.00599662	-0.00763615	-0.0170664	-0.00334322	0.271951	-0.0193068	0.0570024	-0.0385583	0.197698	-0.00596908	0.0607042	-0.0119951	0.104376	0.0784957	0.0354144	0.136698	-0.00859159	0.171911	0.0234247	0.000839354	0.0136287	0.0707855	0.0216249	0.156018	0.0170288	0	0	
-0.0129707	-0.00106451	-0.000542527	0.00660736	-0.00871631	-0.0185047	0.000582212	0.271951	-0.0176343	0.0825824	-0.0417496	0.29842	-0.00591946	0.0447877	-0.00743597	0.107916	0.10226	0.0323386	0.0832685	-0.00517964	0.188443	0.0291762	-0.000847555	0.0166348	0.0879168	0.0347909	0.18899	0.00789225	0	
-0.0134947	-0.00234565	0.0024769	0.00639549	-0.00581315	-0.0167292	-0.000107616	0.271739	-0.0187358	0.0597639	-0.0370473	0.230069	-0.00720871	0.0716987	-0.00884822	0.108444	0.0951163	0.0290049	0.139749	-0.00766866	0.1672	0.0139151	-0.000535348	0.0117276	0.0723917	0.0419787	0.0977856	0.0124998	-0.0092332	
