0.0215859	-0.00111617	0.0408889	0.0834933	-0.00587691	0.428072	0.0152429	0.0147417	0.0386544	0.0541593	0.039935	0.0506861	0.0299246	0.00972545	0.0348004	0.00922105	0.0764985	0.00994192	0.0561371	0.0525084	0.19082	0.0215136	0.00389067	0.00758871	0.0367648	-0.00123631	0.281887	0.0285635	0.00832585	0.0707171	-0.41622	0.0192368	0.0175312	0.001	0.0973955	0.00925875	0.187484	0.039108	0.0911699	0.0315944	0.00382128	0.00571405	0.0121888	0.0266865	0.0321615	0.0318694	0.0559647	0.079233	0.00668926	-0.00065438	0.0407479	0.00772213	0.0046975	0.00046017	0.043763	0.019031	0.0416516	-0.0314498	0.0224327	0.00879075	0.0198216	-0.0149417	0.0119958	0.0430575	0.0129602	0.00314803	0.00034711	0.0277311	0.218812	0.0175465	0.0125871	0.166764	0.0432937	0.011528	-0.0290469	0.0288582	0.00994395	0.00621298	0.1306	
0.0214736	-0.00100381	0.0323775	0.08311	-0.0071017	0.427959	0.0189365	0.0129216	0.0242631	0.044658	0.0262189	0.0844384	0.0561371	0.0682799	0.184593	0.0204352	0.0307721	0.0120765	0.0272676	-0.00131054	0.468104	0.0296001	0.00985383	0.0947967	0.0242862	0.0678884	0.0973955	-0.00743095	0.148193	0.042378	0.0863982	0.044455	0.086176	0.0388882	0.0588111	0.0569962	0.00039424	0.0190041	0.00448821	0.000497253	0.0517918	0.0272519	0.0416516	0.0152924	0.0219462	0.0179702	0.043217	0.0240327	0.00242396	0.0192368	0.187854	0.0359354	0.0157371	0.171707	0.0369013	0.0142398	-0.000391045	0.0123516	0.0353149	0.00621298	
0.0126348	-0.00100381	0.0345059	0.08311	-0.00335935	0.427959	0.0164176	0.0137522	0.0267522	0.0148717	0.0575765	0.0358296	0.0556837	0.0232178	0.0178202	0.393876	0.0767985	0.00678954	0.0765356	0.0524263	0.118866	0.0394362	0.172899	0.0307721	0.0308533	0.084051	0.174025	0.0257088	0.0596429	0.0193861	0.0147691	0.00487722	0.159531	0.0268546	0.0255898	0.0125998	0.0706396	0.0240327	0.0522475	0.0251172	0.178592	0.0585358	0.0233777	0.128651	0.0172182	0.0234615	0.0916914	0.0164927	0.00680259	
0.0155306	-0.00100381	0.0382461	0.0922757	-0.00678143	0.0179753	0.0596429	0.0148717	0.0332153	0.0471189	0.105041	0.445881	0.0330619	0.0264915	0.0153221	0.0229528	0.128651	0.0136347	0.333158	0.0482386	0.0933753	0.0602356	0.0745748	0.0268873	0.0298651	0.153554	0.00888894	0.0229252	0.00708122	0.167267	0.0453083	0.0325777	0.346116	0.108717	0.0193855	0.0119423	0.128823	0.0237122	0.0404026	0.0151295	0.00685444	0.0149799	0.0174877	0.0826989	0.0212559	
0.0164792	-0.00100381	0.0339903	0.0769209	-0.00734687	0.00764923	0.0205022	0.000595779	0.0890621	0.05964	-0.000674012	0.0540931	0.0726844	0.0472064	0.453537	0.077251	0.0449284	0.0153221	0.00793294	0.0463205	0.0276867	0.0949134	0.0169182	0.15034	0.087021	0.0963156	0.0726206	0.0268873	0.0280557	0.00680021	0.0149372	0.00742162	0.0952722	0.046281	0.0336712	0.301318	0.104017	0.0309437	0.0123101	0.18362	0.0389857	0.0583336	0.00685444	0.0147679	0.0141639	0.133353	0.0410463	
0.0164792	0.044259	0.0889406	-0.00580031	0.00913112	0.0126065	0.163663	0.0529482	0.110731	0.0423589	0.0411927	-0.00100381	0.0585896	0.453537	0.112855	0.0310652	0.0138823	0.00667013	0.042217	0.0282451	0.0836943	0.0181848	0.129751	0.059461	0.0294184	0.0358329	0.0498054	0.179649	0.00907685	0.0128746	0.00721166	0.216983	0.0372076	0.240601	0.0867866	0.0564697	0.0212136	0.111439	0.0266247	0.019992	0.00685444	0.0132946	0.00917175	0.147145	0.0368558	
0.0156038	0.0504242	0.0855145	-0.00509963	0.00896544	0.0246491	0.123724	0.0623481	0.0723044	0.0423589	7.21276e-05	0.0376058	-0.00115811	0.0581592	0.442149	0.0289987	0.0443004	0.013728	0.0061558	0.0276961	0.0173581	0.0528832	0.0162008	0.111343	0.0637387	0.0173982	0.0393932	0.0661788	0.126812	0.0146261	0.0285413	0.00471465	0.12204	0.0370533	0.20691	0.0738233	0.0330111	0.0212426	0.103897	0.0446953	0.00999156	0.00741108	0.0125037	0.0277572	0.0794002	0.0398776	
0.0138555	0.0333626	0.0913322	-0.00545263	0.0302328	0.110667	0.0705245	0.0655565	0.03566	-0.00161684	0.0529844	-0.00115154	0.0755694	0.454328	0.0233295	0.0492344	0.0140035	0.0103954	0.0364706	0.0208693	0.0401656	0.00818243	0.10907	0.0651745	0.00741891	0.0350948	0.0107841	0.0425404	0.0726954	0.132866	0.0393076	0.018034	0.179207	0.287772	0	0.0913697	0.0181073	0.0186491	0.16957	0.0477665	0.0107888	0.00680929	0.0153316	0.0280815	0.0852654	0.0225678	
0.0201501	0.0333409	0.0845319	-0.00537246	0.0317988	0.113312	0.0313078	0.109047	0.0472358	0.0617687	-0.00117325	0.0786052	0.454328	0.0256347	0.0139818	0.021275	0.0123499	0.037214	0.011077	0.0662206	0.0147738	0.0683132	0.0632969	0.0194806	0.0377454	0.0147352	0.0802368	0.0484584	0.111698	0.09303	0.0192205	0.0404963	0.202134	0.280622	0.128666	0.00248982	0.0210422	0.0417804	0.0586511	0.00659403	0.0137212	0.0423326	0.0375783	
0.0174595	0.0333409	0.0896837	-0.00465424	0.0125221	0.0822427	0.0451438	0.0604581	0.0372404	0.0635011	-0.00117325	0.12332	0.454328	0.0414235	0.0135575	0.0294828	0.00763542	0.0399988	0.00994937	0.0513848	0.0145571	0.10406	0.0419918	0.0368371	0.0238844	0.015633	0.0807883	0.0513986	0.0579387	0.0224739	0.0262502	0.166727	0.399649	0.0144656	0.0103991	0.144801	0.0431208	0.0356225	0.0070308	0.015389	0.0576642	
0.0169624	0.0436874	0.0995118	-0.00456028	0.0140813	0.134622	0.0676805	0.061805	0.0338811	0.0484583	0.133491	-0.00123871	0.0815822	0.472483	0.021607	0.0139537	0.0110624	0.00765047	0.0367973	0.105056	0.126745	0.00896021	0.2467	0.0462853	0.0422507	0.0327906	0.0305434	0.0327149	0.0713259	0.0740633	0.0196471	0.038989	0.137982	0.4846	0.0166289	0.0185513	0.154503	0.0391861	0.00696388	0.015389	0.102671	
0.016538	0.0456636	0.0707434	-0.00381254	0.00655393	0.0786665	0.0639859	0.1167	0.0110654	0.0483719	0.0851375	-0.00115234	0.0890689	0.402945	0.0411744	0.0137502	0.0078215	0.00726001	0.0360227	0.0808544	0.113838	0.0106057	0.221963	0.0720121	0.0311418	0.0356181	0.0644883	0.0229112	0.0832393	0.0775318	0.0406588	0.036381	0	0	0.16387	0.272448	0.00936592	0.0146012	0.179087	0.0356205	0.05838	0.0141101	
0.016538	0.0376129	0.00655393	0.136301	0.0570319	0.176804	0.0140863	0.0524422	0.125801	-0.00115234	0.130658	0.419333	0.0537551	0.0137502	0.0198693	0.00447623	0.0617463	0.0437895	0.117838	0.024955	0.14956	0.0378472	0.0551489	0.0356181	0.035581	0.0256302	0.0711367	0.0305264	0.154379	-5.84621e-05	0.00144076	-0.000207186	-0.00685618	0.0933714	0.0142505	0.160832	0.300462	0.0170041	0.0193735	0.0834291	0.0937305	0.0239491	
0.0190274	0.00655626	0.083077	0.0366625	0.0645386	0.0200966	-0.00273502	0.150417	-0.00128577	0.0640645	0.419469	0.0620301	0.0137525	0.0447081	0.00478466	0.0540379	0.0540216	0.0730917	0.205243	0.0295346	0.0344831	0.0344273	0.0115448	0.0112959	0.0619216	0.0320825	0.0258876	0.111024	0.000245052	0.125244	0.0435983	0.0280701	0.0751147	0.0139819	0.322154	0.013592	0.017724	0.0658814	0.0321483	0.0456763	
0.0194279	0.0073905	0.0791247	0.0949982	0.178362	0.0104611	-0.00498107	0.123836	-0.0012586	0.0762088	0.459161	0.0485672	0.0137525	0.0400896	0.00437753	0.0504627	0.0421327	0.114881	0.146083	0.0160411	0.0300822	0.0429592	0.0145283	0.0214607	0.0817298	0.0145124	0.0296585	0.141666	-0.000149836	0.238926	0.0456639	0.0639104	0.0754825	0.0211297	0.240905	0.0168877	0.00741231	0.0407576	0.0225054	0.0557855	
0.0185529	0.00710062	0.0841264	0.0643801	0.120227	0.0104697	-0.00623343	0.127214	-0.00101145	0.0274014	0.459081	0.0261797	0.015284	0.0311478	0.00507366	0.0411297	0.0399938	0.150233	0.0674769	0.0311477	0.0231845	0.0314664	0.0337924	0.00866815	0.0367083	0.0125055	0.0285813	0.120581	-0.000146042	0.258383	0.0388342	0.0265561	0.0940882	0.0146824	0.285489	0.0109827	0.0099449	0.032172	0.0178824	0.0539354	0.0249559	
0.019394	0.00704799	0.0754921	0.0501947	0.0812068	0.018075	-0.00804097	0.178442	-0.0010783	0.0705846	0.459095	0.0281261	0.013664	0.0223842	0.00319323	0.0529039	0.0580292	0.0837913	0.0782995	0.0261073	0.0456728	0.0314138	0.0580707	0.00892945	0.0536673	0.0114837	0.0396392	0.124333	-0.000126208	0.248244	0.0387816	0.0244517	0.0717271	0.0202383	0.307054	-0.00228196	0.0104669	0.0414547	0.0140945	0.0912959	0.0172721	
0.0207888	0.00660138	0.0492918	0.038404	0.0603675	0.0391054	0.0405442	0.178442	-0.0010783	0.00755704	0.459095	0.0382716	-0.0101417	0.0229962	0.00752371	0.045459	0.0616735	0.0889482	0.154761	0.0227922	0.0480875	0.0394104	0.0478934	0.00741975	0.058246	0.0116716	0.0469452	0.0132044	-0.000126208	0.18474	0.0466255	0.0403338	0.0717271	0.0220591	0.247438	0.000573683	0.0372888	0.0327721	0.063608	0.0369934	0.0459526	
0.0205912	0.00801922	0.0499316	0.0389134	0.0669665	0.0423307	0.182531	-0.0010783	0.00806402	0.472379	0.0208619	-0.00602005	0.0220483	0.00541689	0.045459	0.0727367	0.0930329	0.200006	0.0251327	0.0357435	0.0311211	0.155383	0.0114428	0.0510798	0.0102284	0.0384968	0.0149253	0.000114629	0.119694	0.0412007	0.0526789	0.0780268	0.0138498	0.353944	-0.000775516	0.0517634	0.0345325	0.0399796	0.0161594	0.00261144	0.0566109	0.0284198	
0.0189346	0.00737882	0.0695393	0.0248547	0.0621761	0.0304229	0	0.224564	-0.0010783	0.0100046	0.472379	0.0251077	-0.0038587	0.0290081	0.011231	0.04961	0.0679715	0.121259	0.157557	0.0294524	0.0340809	0	0.00998606	0.0474749	0.0121662	0.0382334	0.0149253	0.000114629	0.136879	0.0310521	0.116875	0.0800211	0.0145343	0.270546	0.0264756	0.0686238	0.0142634	0.0263694	0.0769224	0.134784	-9.71335e-05	0	0.0566109	0.0276737	
0.0199146	0.00737882	0.118953	0.0307644	0.0723589	0.108869	0.00750493	0.0207435	0.151926	-0.0010783	0.0144342	0.472379	0.0658117	-0.00560771	0.0329134	0.00403799	0.0441398	0.0402397	0.155459	0.122799	0.039083	0.0275168	0.0363054	0.0644062	0.0125285	0.0510941	0.0149253	-6.36192e-05	0.171121	0.0315007	0.121844	0.0665435	0.0177113	0.233975	0.0300959	0.0761479	0.0244158	0.0854912	0.111722	0.0232245	
0.00737882	0.0711595	0.0424767	0.0661342	0.0332315	0.0115491	0.035164	0.111158	-0.0010783	0.0129974	0.467427	0.0480594	-0.00430124	0.0253314	0.00367459	0.0386819	0.0441279	0.12367	0.0895457	0.0237475	0.0309377	0.0419027	0.0688187	0.0137657	0.0573183	0.0148927	-6.36192e-05	0.150386	0.0411446	0.0789519	0.0703475	0.0129468	0.293692	0.0400267	0.0146316	0.0224979	0.133546	0.0874191	0.0194365	0.0459228	
0.00734008	0.0703918	0.0554938	0.0431242	0.0414979	0.0253391	0.0102908	0.152874	-0.0010783	0.0244349	0.384151	0.0507005	-0.00424413	0.0147221	0.00439013	0.0429255	0.0726553	0.0660684	0.0708592	0.0465215	0.0357031	0.049936	0.0622939	0.00829988	0.0536228	0.0145027	-0.000144068	0.182634	0.0369278	0.0572693	0.069377	0.0158811	0.258715	0.0416873	0.0153862	0.0171892	0.12784	0.104293	0.0171329	0.0912502	
0.00734431	0.0737675	0.0335387	0.060007	0.0385792	0.0415783	0.0184748	0.21112	-0.00102779	0.019221	0.384105	0.0590574	-0.00452825	0.0193743	0.00228764	0.0458357	0.0635362	0.097614	0.0968992	0.0618685	0.0215928	0.0617541	0.0454371	0.0103916	0.0457785	0.0145069	9.82499e-05	0.234928	0.0416291	0.0418097	0.0789849	0.0183839	0.219909	0.047354	0.0203067	0.028111	0.0897916	0.103304	0.0189193	0.0823614	
0.00734431	0.198299	0.0240598	0.0574797	0.0275246	0.0127948	0.010448	0.166657	-0.00102779	0.0176259	0.470207	0.0627961	-0.00535102	0.0267482	0.00133101	0.0475146	0.0641345	0.033896	0.0875551	0.0399714	0.0410903	0.0387863	0.0640771	0.0106629	0.0497185	0.0139808	9.82499e-05	0.218707	0.0421784	0.0534934	0.0734771	0.0199258	0.294801	0.0397147	0.0119051	0.0231935	0.0505305	0.0947797	0.0227675	0.123716	
0.00712324	0.0718507	0.0493008	0.027947	0.0187322	0.0219421	0.018671	0.212088	-0.000985735	0.00934486	0.470207	0.0668144	-0.00539308	0.0402533	0.00129158	0.0487554	0.070162	0.0639334	0.111679	0.0427226	0.0342404	0.0412399	0.0528965	0.0100138	0.037424	0.0148222	9.82499e-05	0.370082	0.0428859	0.0307637	0.0734771	0.0179065	0.30291	0.0358942	0.0156897	0.0230554	0.0878702	0.0606507	0.026521	0.0579745	0.00244499	
0.00757028	0.0844342	0.0495674	0.0382195	0.0231667	0.0130326	0.0212401	0.235307	-0.000955471	0.0154374	0.464188	0.0510885	-0.0064997	0.0324145	-0.000364325	0.0495051	0.0645554	0.0958509	0.164589	0.0261321	0.0357765	0.0380672	0.0536023	0.0137517	0.0597008	0.0143127	0.0204652	0.308527	0.0384341	0.0294468	0.0735754	0.0179368	0.244229	0.0714659	0.0143888	0.0583165	0.0597124	0.0309526	0.0521307	
0.00757028	0.100642	0.0579839	0.0264896	0.110504	0.00970841	0.0227773	0.217081	-0.00101046	0.0128476	0.464243	0.0483253	-0.00469437	0.0396246	-0.000171593	0.0428627	0.0891968	0.0852454	0.303065	0.0283207	0.0514001	0.0801763	0.0393696	0.0127858	0.0464795	0.0143127	0.0364357	0.181333	0.0354776	0.0526128	0.0717286	0.0179368	0.213671	0.0685264	0.013453	0.0327727	0.074665	0.0234876	0.0449736	0	
0.00757028	0.077249	0.0933278	0.0155202	0.0785827	0.010952	0.0269618	0.298894	-0.000998282	0.0183972	0.418777	0.10771	-0.0095293	0.0176701	0.000833722	0.0553539	0.0929031	0.201265	0.146802	0.0628627	0.0306697	0.0486627	0.0584058	0.0127858	0.0319074	0.0131113	0.164866	0.285251	0.0410875	0.0261692	0.0843103	0.0211852	0.20171	0.0713961	0.0162096	0.0463182	0.0662577	0.0200516	0.0423802	
0.00695633	0.0698539	0.0702054	0.0173164	0.0249717	0.0053676	0.0227691	0.189076	-0.000978496	0.0089842	0.359087	0.0426122	-0.00728812	0.0249399	0.00127764	0.0434756	0.11805	0.128866	0.301379	0.0567069	0.0264952	0.0373161	0.0594766	0.0106718	0.0430218	0.012326	0.102612	0.170927	0.0464195	0.0458704	0.0866193	0.0205668	0.20173	0.106641	0.0161968	0.0742876	0.0671829	0.000487072	0.0424	
-0.000391761	0.00683082	0.0534425	0.0619642	0.0154874	0.0394436	0.0119202	0.0227691	0.189652	-0.001104	0.0189384	0.388243	0.0326605	-0.00734655	0.0251589	-4.22228e-05	0.044811	0.0725502	0.111608	0.0572159	0.0220367	0.0366482	0.05718	0.0343521	0.0110927	0.0275782	0.0130252	0.102311	0.257329	0.0396079	0.0283382	0.0852903	0.0212982	0.200372	0.031347	0.0246682	0.0572081	0.0716769	0.0422745	
0.0064616	0.125833	0.0609387	0.0516904	0.0205877	0.00515083	0.0249628	0.164257	-0.001104	0.0134284	0.388243	0.0328121	-0.00596467	0.0340997	-4.22228e-05	0.0608118	0.0600991	0.0506661	0.0277907	0.0245295	0.0543898	0.0684627	0.0439429	0.0105628	0.0420501	0.0130252	0.0849163	0.165982	0.0396079	0.0329844	0.0834689	0.0302873	0.195232	0.0471704	0.0151298	0.0225283	0.109164	0.032847	
0.00728844	0.160819	0.0893787	0.0237468	0.0313739	0.00947928	0.0249153	0.173748	-0.00105651	0.0109346	0.405307	0.0300602	-0.00538837	0.0279706	-0.000157884	0.0487588	0.0646872	0.034867	0.0153193	0.0255284	0.0531629	0.051612	0.0560586	0.0125781	0.0374626	0.0130252	0.040426	0.138547	0.0414551	0.0268213	0.0901795	0.022736	0.209443	0.0595201	0.0220281	0.0355275	0.055133	0.0380597	
-7.2103e-05	0.00748253	0.140539	0.0490775	0.0169842	0.0323025	0.00648445	0.020645	0.176216	-0.00100594	0.0169925	0.427049	0.0292717	-0.00683131	0.0423181	0.000994907	0.0520865	0.0381755	0.046725	0.0347134	0.0280201	0.0333109	0.0925764	0.0488837	0.0104562	0.0506416	0.0142274	0.0708703	0.287074	0.0318866	0.102421	0.090129	0.0201073	0.296801	0.0506325	0.0171388	0.0891067	0.046944	0.00532163	0.0487541	
0.0020193	0.0025524	0.00745582	0.0901453	0.0768582	0.00923646	0.0307169	0.288188	-0.00103027	0.01895	0.46584	0.03356	-0.00758676	0.0474845	0.0127105	0.0504252	0.0996442	0.0898952	0.067006	0.0198788	0.0354576	0.118561	0.0548293	0.0104524	0.0384696	0.0142031	0.0776248	0.255377	0.0318622	0.0478958	0.090129	0.0191433	0.221002	0.0288462	0.0218928	0.0763442	0.0663779	0.0163098	0.0338835	
-0.000464458	0.00137087	0	0.00703621	0.0787547	0.0612223	0.194351	-0.000519938	0.00942931	0.0330649	0.215883	-0.00109986	0.00942329	0.43363	0.0507445	-0.00758676	0.0160751	0.0219896	0.036639	0.0425747	0.122734	0.0627656	0.0255926	0.0382216	0.118677	0.0530342	0.0119633	0.0543181	0.0126985	0.142747	0.209245	0.0379816	0.0491785	0.0936662	0.0281786	0.034412	0.0152635	0.108054	0.0868745	0.0260176	0.0506699	
0.00688153	0.0928359	0.100662	0.202259	0.0405266	0.0121284	0.0854761	0.154163	-0.00109986	0.0066439	0.459973	0.0460552	-0.00984589	0.0119506	0.0202971	0.0458914	0.0709557	0.0886936	0.151979	0.0208657	0.0334733	0.123262	0.0585656	0.0113528	0.0313995	0.0147443	0.0734402	0.136687	0.0346885	0.043652	0.0688858	0.0291026	0.0770888	0.0331575	0.0338047	0.0722429	0.025771	
0.00676855	0.0909867	0.16815	0.251691	0.0344259	0.00809684	0.116181	0.21405	-0.00109245	0.0177956	0.459973	0.0423172	-0.00702469	0.0185051	0.0155428	0.0483968	0.0621091	0.132361	0.0561839	0.0219467	0.0504852	0.0570905	0.0700884	0.0172306	0.0256488	0.0132958	0.0757876	0.185044	0.037568	0.022849	0.0744649	0.026534	0.116969	0.0392635	0.12627	0.0510925	0.0265712	
-0.000161093	0.0217185	0.00676855	0.158826	0.161906	0.230629	0.0325414	0.00588422	0.124893	0.222446	-0.00109245	0.01747	0.446572	0.0184159	-0.0070822	0.00849143	0.0311129	0.0535027	0.0918129	0.15217	0.055287	0.0239661	0.030163	0.0671128	0.0700884	0.0173794	0.0292279	0.0132958	0.106556	0.14369	0.0339549	0.0235263	0.0854686	0.0276554	0.124304	0.0317895	0.100294	0.095535	
0.284988	0.0325414	0.0217185	0.00676855	0.153506	0.0757662	0.0534315	0.0739897	0.0222461	0.0113536	0.0705341	0.266428	-0.00109245	0.0214351	0.446572	0.0507099	-0.0070822	0.018894	0.0258636	0.114784	0.110918	0.0415225	0.0166784	0.0405845	0.0909156	0.107157	0.0115291	0.0536954	0.0143251	0.156196	0.178344	0.0339549	0.0396627	0.0854686	0.0296744	0.0870058	0.0522613	
0.201968	0.0331538	0.00706749	0.096417	0.0768265	0.104881	0.0403524	0.0212774	0.0125892	0.0247815	0.196175	-0.00110733	0.0236066	0.446572	0.0400081	-0.00898011	0.00830505	0.0344929	0.0214774	0.0592189	0.102953	0.0572999	0.039215	0.0449393	0.0941013	0.0635719	0.0115142	0.0491028	0.0125221	0.0813997	0.164535	0.042987	0.0358707	0.0854686	0.0163845	0.0604751	0.0420077	
0.337839	0.0284893	-0.00233288	0.00706749	0.186708	0.0580069	0.0944413	0.0813602	0.0259533	0.0164043	0.063427	0.143737	-0.00111213	0.0256445	0.4055	0.0322768	-0.0115946	0.0132405	0.0565089	0.0179561	0.0596859	0.234828	0.0572999	0.0329614	0.0664075	0.0942248	0.061727	0.0122706	0.0498942	0.0140991	0.0526302	0.190476	0.042987	0.0244434	0.0925405	0.0195831	0.0702299	0.041118	
0.24805	0.0362373	0.0266325	0.00706749	0.139633	0.072271	0.120941	0.0660789	0.11962	0.00601675	0.121504	0.168437	-0.00111213	0.0174704	0.475348	0.0339602	-0.00752086	0.014752	0.0365808	0.0172942	0.0724745	0.0658714	0.0570206	0.0226639	0.0307533	0.104283	0.0478529	0.0122706	0.0289399	0.0129582	0.0561152	0.253503	0.0463343	0.0144438	0.0899368	0.0195704	0.0451261	
0.255209	0.0448019	0.0311036	0.00101389	0.00714481	0.114945	0.0985372	0.0858514	0.0767014	0.0416227	0.0129411	0.0928535	0.237554	-0.00107193	0.0124215	0.474704	0.0458743	-0.010059	0.0195459	0.0328625	0.0191036	0.0789548	0.0458876	0.057001	0.0129426	0.0280719	0.103165	0.0552871	0.0123283	0.0333482	0.0122478	0.0380198	0.142034	0.0461947	0.0204255	0.0838093	0.0222438	0.0502354	
0.192101	0.0379915	0	0.0219826	0.000949613	0.00682561	0.153213	0.0685474	0.104792	0.0915125	0.0944727	0.00946834	0.0566768	0.223738	-0.00110175	0.0339775	0.474649	0.0450427	-0.00514334	0.0240281	0.0328378	0.0190488	0.0675319	0.053646	0.199252	0.0176039	0.0606598	0.031742	0.0458266	0.0106128	0.0276854	0.0128855	0.0448832	0.0888774	0.0431133	0.0254348	0.0910885	0.0208432	0.0422202	
0.284899	0.0286129	0.0236815	0.00682561	0.158723	0.0390143	0.0533976	0.0662301	0.102882	0.0116466	0.0502547	0.227743	-0.00110766	0.00814929	0.474655	0.0299826	-0.00514334	0.0338213	0.0373286	0.0206126	0.0718618	0.2282	0.141454	0.0161797	0.0293826	0.075777	0.0533674	0.0108264	0.045058	0.0140315	0.0554788	0.121352	0.0436002	0.0202693	0.0779038	0.0272873	0.0378646	
0.233654	0.0330627	0.0449884	0.00708371	0.122308	0.0469997	0.0377172	0.0306902	0.103589	0.021961	0.0304988	0.287704	-0.0010711	0.00826148	0.497841	0.0464886	-0.00701589	0.0138729	0.0375702	0.0174498	0.0733829	0.0734724	0.139274	0.0106174	0.028136	0.0637519	0.0459389	0.00909443	0.0322436	0.0128836	0.0385979	0.211461	0.0436367	0.0412484	0.0678802	0.0187761	0.0281613	
0.319988	0.0387394	0.0992145	0.00272664	0.00732114	0.0819509	0.0468975	0.0378084	0.116814	0.125118	0.0111408	0.0239098	0.235856	-0.00101257	0.0123281	0.497783	0.0464886	-0.00614988	0.0140008	0.0290838	0.0159242	0.0553681	0.111952	0.102817	0.0168045	0.0178906	0.0905871	0.0505857	0.00690702	0.0359372	0.0144608	0.0701761	0.157494	0.0436367	0.0641816	0.0678217	0.0269292	0.0591788	
0.19794	0.0289466	0.0552092	0.00129101	0.00226925	0.00800234	0.102411	0.0410854	0.0638823	0.0597629	0.13708	0.0139763	0.0137752	0.248737	-0.000918267	0.00897276	0.511511	0.0306292	-0.0079734	0.0116695	0.0271157	0.0193883	0.0917183	0.0722319	0.23436	0.0211709	0.0336827	0.0382252	0.0548047	0.011277	0.0372834	0.0138611	0.118528	0.188204	0.0437311	0.0998339	0.0678217	0.0226815	0.0795608	
0.325712	0.0392917	0.0150466	0.00736623	0.063144	0.0393833	0.0425822	0.106892	0.095154	0.0205264	0.0247813	0.179037	-0.000989171	0.0109776	0.511582	0.0372006	-0.00369914	0.00902981	0.030996	0.0194592	0.0851049	0.0552088	0.109874	0.0162089	0.0176209	0.047454	0.0419827	0.011654	0.0342961	0.0142171	0.0395195	0.162924	0.0414162	0.0598868	0.0807586	0.0173326	0.0418893	
0.246686	0.0332687	0.0560664	0.00725639	0.138345	0.0565954	0.0516685	0.105159	0.0669615	0.0120941	0.0232911	0.321044	-0.000989171	0.00788405	0.446349	0.0446312	-0.00623005	0.009876	0.0310878	0.0157717	0.0597309	0.155598	0.0540161	0.0141893	0.0318815	0.0627884	0.0419827	0.00996794	0.0374892	0.0142171	0.0214638	0.167176	0.0337035	0.0222919	0.0807586	0.0159382	0.0549485	
0.273256	0.0361676	0.0279788	0.00725639	0.0688681	0.0168689	0.0642056	0.0619174	0.0419073	0.0116485	0.029333	0.321044	-0.000989171	0.0116429	0.446349	0.0481387	-0.00659889	0.00955638	0.0398584	0.0219258	0.0749254	0.198339	0.130452	0.0213806	0.0294249	0.0382622	0.0469536	0.0104887	0.0405462	0.0147511	0.0179431	0.376966	0.0386056	0.0133387	0.0826446	0.0159382	0.0572334	
0.287752	0.0340959	0.0496861	-4.09796e-05	0.00667954	0.0559424	0.0807185	0.066682	0.0543724	0.104759	0.00941094	0.0111671	0.115706	-0.00100807	0.00479473	0.418527	0.0537069	-0.00652115	0.0411183	0.0178398	0.086233	0.147229	0.0467785	0.0207667	0.0200866	0.0509209	0.0489878	0.0121468	0.0535269	0.0146733	0.0190819	0.218028	0.0314703	0.0613283	0.0832893	0.0194472	0.0376497	
0.253142	0.0362682	0.0237939	0.00594433	0.0140617	0.00669018	0.0493811	0.0760541	0.0383644	0.0848486	0.0821306	0.0336549	0.0144804	0.15293	-0.000997437	0.00935175	0.386231	0.0354597	-0.00649555	0.0176295	0.0297646	0.0206704	0.119129	0.101288	0.0581821	0.0164901	0.0284254	0.0437858	0.0627674	0.0115893	0.0232351	0.0492932	0.205193	0.048511	0.0241478	0.0798548	0.0153949	
0.272989	0.0500114	0.0524043	0.0317341	0.0241218	0.0163291	0.0798548	0.00667841	0.0604048	0.0453964	0.039067	0.0619177	0.0699889	0.0285473	0.0144686	0.270943	-0.0010092	0.01004	0.400263	0.0566741	-0.009174	0.0287786	0.0539485	0.0162558	0.0978212	0.0431754	0.149341	0.0125408	0.0221959	0.0172776	0.064516	0.00897585	0.0386877	0.102384	0.0205582	0.133669	
0.343894	0.0339102	0.100402	0.0363873	0.028398	0.0149592	0.083153	0	0.00667841	0.0729852	0.0286763	0.0631151	0.112908	0.0813258	0.0194946	0.0135978	0.212818	-0.0010092	0.00873345	0.400263	0.051631	-0.00689103	0.0202437	0.0539485	0.0178794	0.0680437	0.0443606	0.111349	0.0279937	0.0190348	0.0285341	0.0617637	0.0145298	0.0451201	0.0977366	0.0161899	0.163646	
0.235185	0.036479	0.0581286	0.0363873	0.0615151	0.0195833	0.0852067	0.00153833	0.000876427	-0.0028248	0.00198387	0.00667841	0.0823271	0.0224889	0.0383286	0.0922909	0.0826222	0.0247142	0.0135978	0.25649	-0.000990715	0.0123405	0.402633	0.0798589	-0.00786123	0.0397776	0.0407134	0.0186947	0.0553445	0.0611296	0.141063	0.029418	0.0367448	0.0237376	0.0550943	0.0146577	0.053764	0.0902632	0.0189787	0.189842	
0.379549	0.0365058	0.0643098	0.0362	0.108793	0.0196101	0.0771627	0.00173462	0.00219807	0	0.00696282	0.09304	0.0364049	0.0390022	0.04795	0.0378413	0.0114771	0.0154988	0.375675	-0.000963857	0.0126406	0.428202	0.0520662	-0.00647613	0.0378513	0.0401954	0.0186947	0.0607183	0.0950864	0.126635	0.0222091	0.0250296	0.0555769	0.0519142	0.00820351	0.0431651	0.0797402	0.0223023	0.106079	
0.223701	0.031242	0.0675394	0.039163	0.126559	0.0167626	0.0951855	0.00859983	0.00696282	0.107009	0.0336322	0.0883347	0.103058	0.104497	0.0101325	0.0154988	0.305051	-0.000963857	0.0245959	0.431306	0.0816141	-0.00647613	0.0443213	0.0503372	0.0165744	0.0761403	0.0533433	0.0703146	0.0268418	0.0292909	0.0429292	0.0611819	0.00727082	0.0460642	0.0310164	0.0231975	0.141476	
0.249062	0.0359111	0.0842159	0.0412328	0.17506	0.0155764	0.0692448	0.00859983	0.00715573	0.0537768	0.0387518	0.0689333	0.0463763	0.190347	0.00854558	0.0154157	0.128143	-0.00104698	0.00963799	0.431306	0.0351583	-0.00620217	0.0337883	0.066537	0.0225249	0.0709635	0.0707563	0.100001	0.0186759	0.0322737	0.0411365	0.0574391	0.0123874	0.0367135	0.0139633	0.0265155	0.232741	
0.345052	0.0377841	0.046562	0.0482241	0.120012	0.0251508	0.0865767	-0.00484176	-0.00416904	0.00702653	0.0349311	0.0525046	0.0449781	0.0301353	0.0653167	0.00978962	0.0154128	0.204591	-0.00104698	0.0128384	0.431306	0.0911785	-0.0079494	0.0527461	0.0495699	0.0199691	0.0991349	0.0893134	0.209239	0.0285392	0.0380084	0.029581	0.0654861	0.00942549	0.0604416	0.014601	0.0223291	0.234897	
0.250767	0.0397329	0.0430559	0.0482241	0.145	0.0261281	0.0961626	0	0.00702653	0.126273	0.0303227	0.0866376	0.0872735	0.0834932	0.00936929	0.0144289	0.195619	-0.00104698	0.0120861	0.39446	0.0691352	-0.0106056	0.0357559	0.0350236	0.0255595	0.0725324	0.0575671	0.196571	0.0442667	0.0307024	0.0305161	0.0472472	0.00942549	0.0421184	0.0140428	0.0355674	0.0880629	
0.264688	0.0369444	0.0667341	0.0474059	0.0525265	0.0207412	0.0961504	-0.000424337	-0.0124058	0.00698367	0.178148	0.0648838	0.0845598	0.0799678	0.067284	0.015905	0.0143764	0.163756	-0.00103473	0.0171908	0.394448	0.0681775	-0.00746871	0.0350543	0.0320633	0.0233205	0.0870603	0.135592	0.149473	0.0489212	0.0274849	0.0372573	0.047612	0.0122651	0.0358767	0.00914298	0.0225107	0.154311	
0.24148	0.0336702	0.110528	0.0449802	0.0330952	0.0155041	0.0900352	0.00464511	0.00693848	0.0812711	0.0281476	0.094524	0.0372153	0.138121	0.0147537	0.0143312	0.223315	-0.00107992	0.0290471	0.44054	0.0532945	-0.0115192	0.0194836	0.0290785	0.0165891	0.0938367	0.111362	0.155173	0.0555666	0.0225501	0.0279489	0.0627529	0.0121679	0.0389695	0.0193188	0.0777955	0.155491	
0.283601	0.0414869	0.054323	0.0473957	0.0617073	0.0184664	0.0900961	-0.000955181	0.00638979	0.115852	0.0270963	0.0319619	0.0497657	0.029572	0.0135155	0.0143312	0.0673949	-0.00114087	0.022742	0.431691	0.0460578	-0.00906577	0.0219389	0.0267762	0.0225091	0.0667118	0.10827	0.177927	0.0445017	0.0344775	0.0213878	0.0591114	0.0121679	0.0363805	0.0146212	0.0635039	0.159372	
0.277601	0.0414946	0.0655162	0.0385658	0.0767662	0.0180093	0.0864787	0.00218011	0.00639754	0.158524	0.0385852	0.099608	0.0527265	0.0154914	0.016287	0.0148095	0.199607	-0.00102891	0.0176308	0.431586	0.0836527	-0.0176401	0.0357535	0.0304192	0.0205349	0.0704377	0.0491045	0.120341	0.0456827	0.0135523	0.0360788	0.0605588	0.00997996	0.0419627	0.0325726	0.0644795	0.339983	
0.359476	0.0329687	0.0598143	0.0362475	0.0885316	0.0189714	0.0823182	0.340463	0.000929004	0	0.00658891	0.137405	0.0292101	0.0431434	0.0417041	0.0399768	0.0178019	0.0139457	0.117768	-0.00121053	0.0117294	0.434745	0.0413853	-0.0163895	0.0233219	0.0320714	0.0222439	0.0812337	0.0352752	0.139292	0.0243493	0.039821	0.0423476	0.0791423	0.0104084	0.0664416	0.0155803	0.0385129	
0.219601	0.0371576	0.0510462	0.0397876	0.0613117	0.0184806	0.0795049	0.164603	0.00154014	0.000944967	0.00652654	0.15213	0.0497349	0.0814079	0.047777	0.0290903	0.0146491	0.0134175	0.162502	-0.00112767	0.00835631	0.434745	0.0502975	-0.0121148	0.0400427	0.0217358	0.018824	0.0489201	0.0796828	0.223541	0.0508706	0.0228387	0.0379773	0.0620991	0.00996505	0.0328569	0.0166293	0.0297896	
0.326084	0.0374156	0.0498073	0.0356927	0.109086	0.0171257	0.0920714	0.161004	0.00192816	-0.000434867	0.00652654	0.131836	0.0290311	0.04314	0.026672	0.034403	0.0159255	0.0149782	0.106609	-0.00110422	0.0185037	0.434722	0.0626663	-0.0126399	0.0316138	0.0283233	0.0207259	0.103121	0.0676754	0.219954	0.0285542	0.036681	0.0525877	0.0538668	0.0117696	0.0395802	0.0409025	0.0149358	-0.00199942	-0.00046185	
0.207211	0.0280203	0.0431514	0.0360247	0.0722168	0.0171327	0.0920861	0.220465	0.00018608	0.00232721	0.00652654	0.13905	0.031552	0.0634147	0.0218249	0.0606673	0.00900558	0.0156526	0.0972115	-0.00111888	0.0108624	0.383889	0.0424158	-0.0103612	0.0405054	0.0274838	0.0207551	0.0523613	0.0941708	0.0924552	0.0334536	0.0336458	0.0439825	0.0648319	0.0117696	0.0347564	0.0411638	0.0410992	-0.000375652	0.000196051	
0.191168	0.0307389	0.0510664	0.041889	0.0918534	0.0200856	0.0824621	0.148631	0.0011602	0.00761036	0.159055	0.0329736	0.150817	0.0563253	0.0399147	0.0119232	0.0133133	0.138287	-0.00108992	0.0212105	0.404513	0.0281237	-0.00913301	0.0410046	0.023743	0.0225091	0.0870001	0.129422	0.0572922	0.0744196	0.0188156	0.0441401	0.0515769	0.0113463	0.0263092	0.0521774	0.0470207	0.000163711	-0.000487032	
0.25383	0.0294291	0.0313862	0.0435283	0.0757746	0.0187955	0.0901827	0.251377	-0.000303107	0.0073218	0.0969721	0.0199253	0.0757191	0.0397828	0.0836104	0.0137957	0.0155586	0.130413	-0.00108992	0.0222914	0.418027	0.0492089	-0.00578407	0.0456552	0.0467731	0.0207677	0.0628415	0.0435537	0.100464	0.0677243	0.0255401	0.0444287	0.0515769	0.0116966	0.0341525	0.0490415	0.0558283	
0.328046	0.0319073	0.0151118	0.0393495	0.0584965	0.0175884	0.0902415	0.26983	0.00156968	0.00664973	0.105385	0.0163073	0.0888452	0.0774045	0.0487207	0.0167764	0.0137331	0.31643	-0.00114873	0.0119853	0.350486	0.0361309	-0.00915805	0.0266021	0.0292558	0.0208265	0.0736096	0.102266	0.117016	0.0420726	0.0190673	0.082245	0.0127992	0.0335405	0.0394486	0.0638004	
0.239515	0.0319073	0.0400583	0.0412184	0.0302728	0.0173464	0.0902551	0.1019	-0.00085858	0	0.00664973	0.218068	0.0128042	0.03655	0.0403011	0.102346	0.00655029	0.0161614	0.138345	-0.00116229	0.0164513	0.366624	0.0296304	-0.00495592	0.0543223	0.0316736	0.0210526	0.0385872	0.0683253	0.0771814	0.0329143	0.0167939	0	0.0786429	0.0106608	0.0502556	0.0529547	0.0252818	
0.282968	0.0416584	0.0365964	0.0416248	0.036781	0.0140985	0.0899277	0.328793	0.00171432	-0.00120469	0.00694059	0.165398	0.0478943	0.056222	0.110204	0.0613983	0.0109803	0.0135885	0.0963662	-0.00114211	0.0247106	0.44806	0.0412078	-0.00663729	0.069766	0.0531477	0.0186112	0.0642793	0.0865413	0.0883378	0.0435353	0.0273287	0.0425441	0.0106608	0.0336625	0.0323186	0.020438	
0.248683	0.0362336	0.0461348	0.0441998	0.0321951	0.0155813	0.0785732	0.344195	-0.00123419	0	0.00694059	0.232132	0.0246082	0.0465761	0.060702	0.0310327	0.018114	0.0142156	0.178394	-0.00114211	0.0228716	0.460857	0.0230201	-0.0085527	0.0407627	0.0354153	0.0179637	0.0477168	0.0407644	0.0548293	0.104863	0.0213663	0.00584877	0.0519486	0.0129559	0.0217051	0.0454113	0.0225729	
0.193396	0.0345069	0.13521	0.0368573	0.047544	0.0147954	0.0896869	0.223284	-0.00218092	0.0012294	0.00704914	0.28233	0.0200806	0.0662707	0.0913113	0.0385959	0.0208749	0.0169112	0.154925	-0.00114211	0.00922922	0.453279	0.0261816	-0.00622349	0.0407652	0.0329324	0.0215647	0.0331245	0.114676	0.0859567	0.113112	0.0269932	0.0448747	0.0120443	0.019286	0.0208943	0.019753	
0.257408	0.0395842	0.222232	0.0368573	0.033623	0.0171588	0.0859479	0.139793	0.000944027	-0.0166926	0.00730953	0.28233	0.0280953	0.100021	0.0686158	0.0381843	0.0075676	-0.00151642	0.0894756	-0.00119092	0.0205412	0.402888	0.0460099	-0.00885418	0.0508519	0.0348043	0.0237307	0.035907	0.123441	0.0647698	0.0788198	0.0274704	0.0145671	0.0582953	0.0124438	0.04342	0.0396214	0.0156259	0.000982789	0	0.000958784	
0.296051	0.0350628	0.134075	0.041263	0.0416332	0.0149274	0.0948298	0.209868	0.000268229	0.00716685	0.163043	0.058636	0.0565392	0.0391015	0.0226761	0.0131065	0.0342429	0.110854	-0.00113141	0.0158332	0.402829	0.0259454	-0.0111952	0.08209	0.0453725	0.0179031	0.0658552	0.0464821	0.0829895	0.0558469	0.0262753	0.0152429	0.0584222	0.0104915	0.0414298	0.0598142	
0.33526	0.04268	0.0918538	0.0383152	0.0506982	0.0145909	0.0905448	0.184922	0.00134062	0.00731392	0.0883554	0.0461048	0.054965	0.0721774	0.0174916	0.00990518	0.0193521	0.0799559	-0.0010917	0.0187219	0.365238	0.0259851	-0.00687147	0.0602142	0.0487947	0.0179031	0.0655669	0.0754781	0.137327	0.0214549	0.0201476	0.0142102	0.0694344	0.00902483	0.0361703	0.0410991	
0.24504	0.0345676	0.0452211	0.0420824	0.040883	0.0140834	0.0828711	0.283194	-0.000570765	0.0010858	0.0078202	0.0848631	0.0279711	0.0396531	0.0878317	0.0490603	0.0112781	0.0161784	0.0916966	-0.00112823	0.0078012	0.413083	0.0367897	-0.00797497	0.0535294	0.0301148	0.0214291	0.0458149	0.160171	0.0603329	0.019333	0.0244155	0.0148516	0.0412514	0.00902483	0.0361703	0.0372159	
0.558272	0.0411974	0.0636342	0.0330038	0.0384813	0.0138568	0.0828711	0.283207	0.000662867	0.0678992	0.00695816	0.0777363	0.0301515	0.0364656	0.0841833	0.102075	0.0116954	0.0208999	0.0822815	-0.00112823	0.0265106	0.407597	0.034719	-0.00797497	0.0890248	0.0336435	0.0193652	0.0437249	0.132363	0.0756417	0.018712	0.0251606	0.014914	0.0599786	0.00769877	0.0350707	
0.421694	0.0298795	0.0741479	0.0392424	0.108081	0.0221297	0.0889118	0.158008	-0.000355876	0.0898265	0.00665244	0.101962	0.0263797	0.0367455	0.0545006	0.0507175	0.0123336	0.01891	0.100282	-0.00104735	0.0134624	0.407516	0.0320715	-0.00555455	0.170518	0.0369913	0.0225248	0.0460762	0.114329	0.147748	0.017949	0.0192762	0.0159327	0.0456219	0.00769877	0.0285046	
0.354543	0.0286238	0.0634115	0.0494425	0.113835	0.0190674	0.0889118	0.131562	0.00119801	0.0496998	0.00734852	0.0811982	0.0202906	0.0390617	0.0663369	0.0294239	0.0100523	0.0407257	0.124899	-0.00104735	0.0149494	0.39545	0.0316906	-0.00648428	0.124093	0.0338327	0.0198013	0.0429135	0.187369	0.108594	0.0293115	0.0348972	0.0153058	0.0553454	0.00768778	0.0469204	
0.192638	0.041286	0.0778891	0.0454151	0.125755	0.0218532	0.0998509	0.188835	0.00297014	0.0567011	0.00734852	0.102762	0.0393781	0.0403234	0.0974954	0.0492745	0.0080105	0.0267392	0.156034	-0.00104735	0.019034	0.463952	0.0324738	-0.00879487	0.0711306	0.037634	0.0215402	0.0333186	0.178902	0.0668352	0.038163	0.0225556	0.0153058	0.0466346	0.00906995	0.0368737	
0.27129	0.0262722	0.178137	0.0352478	0.116959	0.0176933	0.0808255	0.214286	0.00264527	0.0219621	0.00734852	0.123948	0.0808621	0.0293519	0.124761	0.0276988	0.00984744	0.0236604	0.25533	-0.00104735	0.0287672	0.418232	0.0323585	-0.00620703	0.0555915	0.0523526	0.0193449	0.0782571	0.073448	0.09387	0.0320616	0.0350221	0.0153058	0.0433051	0.00845007	0.0356952	
0.320925	0.0255014	0.0857217	0.0340981	0.10167	0.0172402	0.10243	0.11488	0.000313082	0.0205554	0.00734852	0.0680148	0.0845612	0.0521236	0.0847809	0.0276988	0.00421841	0.0193238	0.0911131	-0.00104735	0.0108455	0.418232	0.0325076	-0.00665462	0.0555915	0.0517101	0.0221744	0.0483024	0.16499	0.0990974	0.0210773	0.0412892	0.0142632	0.0404038	0.0102388	0.0282651	
0.522502	0.0273528	0.199849	0.0340981	0.109397	0.0166877	0.0932873	0.217664	0.00139845	0.0628273	0.00734852	0.0638997	0.0590483	0.11038	0.0329085	0.0229123	0.01413	0.0297306	0.231583	-0.00104735	0.0313462	0.424138	0.0382922	-0.00587909	0.106252	0.0545686	0.0221744	0.0686406	0.0977707	0.159866	0.0283482	0.0270463	0.0131251	0.0655359	0.0102388	0.0367058	
0.497579	0.0291322	0.126649	0.0354613	0.109488	0.0189772	0.10904	0.169599	0.000903722	0.0348796	0.00719853	0.0615988	0.039544	0.164569	0.0208365	0.0552657	0.0193151	0.0641255	0.151399	-0.00105894	0.0153962	0.411512	0.0392719	-0.0126224	0.0841238	0.0479329	0.0200079	0.0782157	0.100802	0.159208	0.0301819	0.0289398	0.0129388	0.069327	0.0122817	0.0308862	
0.415393	0.0312463	0.143996	0.0334796	0.187204	0.0184853	0.0781649	0.187187	0.000124265	0.0445129	0.00743794	0.107822	0.0395652	0.0599617	0.0708144	0.0491052	0.0193076	0.0339446	0.265987	-0.00105894	0.013605	0.411512	0.0535401	-0.0102868	0.106883	0.0380571	0.0188811	0.0941529	0.117895	0.249651	0.0275284	0.0379214	0.0145597	0.0781386	0.0109213	0.0283785	
0.440084	0.0312463	0.160171	0.040858	0.0876532	0.0219016	0.0957059	0.202829	0.000124265	0.0149515	0.0077659	0.162567	0.0591805	0.14202	0.114103	0.0918695	0.0216504	0.0184786	0.13948	-0.00105894	0.00549062	0.369319	0.110376	-0.00937633	0.124451	0.0390311	0.0198777	0.0590101	0.0845921	0.177954	0.0494915	0.0481241	0.0145597	0.0644839	0.0118431	0.032021	
0.334864	0.0291573	0.213825	0.0385721	0.0620924	0.0193265	0.109056	0.151551	0.000369031	0.0340313	0.0067485	0.111386	0.0779482	0.077618	0.0823069	0.0918695	0.0373559	0.0424637	0.192871	-0.00105894	0.0110143	0.44462	0.030801	-0.00587385	0.128081	0.0316195	0.0228356	0.074604	0.103863	0.121835	0.0182311	0.0464717	0.0145597	0.0795577	0.00897554	0.0349752	
0.435376	0.0355273	0.212127	0.0459611	0.0436208	0.0146261	0.097294	0.0449919	0.000222557	0.0259458	0.00811703	0.0666907	0.0678654	0.0912597	0.0462416	0.0387493	0.0196117	0.0311941	0.117357	-0.00112663	0.0120536	0.444688	0.0463588	-0.00993568	0.0823724	0.0446963	0.0152902	0.0496133	0.157385	0.197846	0.027692	0.0375852	0.0145597	0.0520003	0.00993414	0.038645	
0.37356	0.0390962	0.0957542	0.0380512	0.095475	0.0199475	0.0986244	0.154247	-0.00474569	0.0179548	0.00647485	0.117156	0.0532849	0.066106	0.0571982	0.0395895	0.0204136	0.0514422	0.120195	-0.00114774	0.0109855	0.444653	0.0470731	-0.00873915	0.136064	0.0231467	0.0180381	0.0568987	0.172491	0.0671974	0.0180885	0.0467897	0.0175545	0.0482676	0.012853	0.0301972	0.00171589	0.00424144	0	
0.458916	0.0344189	0.0588725	0.0380512	0.0339915	0.0277593	0.0995772	0.225761	-0.000383523	0.0220313	0.00647485	0.169218	0.0202692	0.107718	0.110224	0.0582761	0.0179819	0.0517324	0.102424	-0.00114774	0.0172918	0.40205	0.0401337	-0.00823695	0.0849207	0.0343905	0.0170926	0.0679706	0.141626	0.089341	0.0297858	0.0341708	0.0155785	0.0578572	0.0087653	0.0317542	0.00935076	0.000438663	0	
0.520832	0.0424359	0.0701275	0.0375082	0.102209	0.0232032	0.105276	0.194723	0.00100636	0.0229525	0.00749798	0.126403	0.0309166	0.0618719	0.142258	0.0666394	0.0179893	0.0278221	0.0915943	-0.00114774	0.018786	0.381294	0.0357019	-0.0119947	0.12578	0.0366459	0.0185764	0.0610638	0.200545	0.134073	0.034334	0.0422679	0.0141886	0.0652547	0.00994215	0.0214955	0.0299234	-0.00206814	
0.35548	0.0285905	0.0427299	0.0410476	0.0800619	0.0176771	0.0983712	0.135709	0.000286966	0.00750279	0.00749798	0.0858601	0.0478122	0.0686995	0.118948	0.0807118	0.0201628	0.0260614	0.140653	-0.00114774	0.0214884	0.409606	0.0427888	-0.00506376	0.0924139	0.0295939	0.0194095	0.0810962	0.225065	0.191824	0.0623819	0.0594552	0.014908	0.0490636	0.00957704	0.0290451	0.0554496	-0.00080569	
0.351642	0.0285905	0.0474497	0.0413474	0.0584738	0.0166527	0.0982752	0.134069	0.00345629	0.0232055	0.00749798	0.0646239	0.0526028	0.0272042	0.11014	0.0315704	0.0242247	0.0206836	0.0793508	-0.00105181	0.0129254	0.454056	0.0230182	-0.00787279	0.0943807	0.0382234	0.0182597	0.0574424	0.111366	0.122249	0.0399875	0.0284474	0.0133997	0.0554694	0.00742132	0.0393791	-0.00080569	0	
0.283606	0.0312923	0.0504136	0.0363787	0.0304565	0.0166527	0.105252	0.108163	0.000149371	0.0140525	0.00705892	0.105652	0.117651	0.0785653	0.0550981	0.0603003	0.00802155	0.0369453	0.0801578	-0.00105181	0.00962929	0.396563	0.0230827	-0.00500493	0.0983356	0.0327898	0.0184657	0.0605507	0.130794	0.100013	0.0343604	0.0414392	0.0156115	0.0760899	0.00980909	0.0182303	-0.000366629	8.14334e-05	-0.000998799	
0.245691	0.0319993	0.051794	0.0400817	0.0882401	0.0136469	0.100771	0.194715	0.000655663	0.0123591	0.00705892	0.152274	0.0610684	0.090939	0.0749775	0.140983	0.0196136	0.0638302	0.0569142	-0.00105181	0.0159369	0.446204	0.028083	-0.00502787	0.118089	0.0279529	0.0188853	0.060354	0.13869	0.14222	0.0469851	0.028301	0.0156115	0.0738316	0.0123358	0.0287669	-0.000366629	0.00105273	-0.445828	
0.227037	0.0358317	0.0705314	0.0400817	0.0429732	0.0168169	0.106799	0.20239	0.00358918	0.0228099	0.00817143	0.191904	0.0911069	0.067844	0.0599905	0.112129	0.0203005	0.0613724	0.0828235	-0.00105181	0.026905	0.446204	0.029081	-0.00560896	0.0994098	0.0295699	0.0297796	0.0548491	0.191963	0.108761	0.0649198	0.0399125	0.012678	0.0658577	0.00942003	0.0395381	-2.487e-06	-0.000903582	
0.199205	0.0302852	0.0393578	0.0331553	0.0426238	0.0154035	0.106748	0.194435	0.001565	0.0216037	0.00817143	0.153224	0.0561564	0.0594475	0.0919713	0.0781154	0.0365876	0.0832192	0.0916959	-0.00100027	0.0330196	0.446153	0.0412219	-0.00675748	0.101893	0.0434319	0.0174071	0.0530031	0.189935	0.0792203	0.0260418	0.0333448	0.0131625	0.0516222	0.0083162	0.0310995	-3.67684e-05	-0.00313532	0	
0.41946	0.0302524	0.0680551	0.0331224	0.0556709	0.0102198	0.098624	0.127078	0.000342242	0.0512222	0.00743547	0.127971	0.0739686	0.0658405	0.196013	0.144219	0.026593	0.111542	0.08882	-0.00121575	0.0425468	0.409267	0.0216436	-0.00547118	0.106058	0.0401709	0.0178379	0.0641001	0.124963	0.0533667	0.0324667	0.0330393	0.0136914	0.0502677	0.00937783	0.0298124	7.5763e-05	-0.00411525	
0.508059	0.0299242	0.0922662	0.0301125	0.040461	0.0122751	0.098039	0.225671	-0.000528134	0.0543953	0.00743547	0.219631	0.0427996	0.0505116	0.123984	0.102727	0.0305114	0.0499295	0.153784	-0.00108725	0.014862	0.409138	0.0361955	-0.00631756	0.058758	0.0377647	0.0177094	0.0632457	0.125409	0.0430127	0.0482004	0.0292534	0.0143576	0.0369237	0.00937783	0.0290641	-0.000533773	
0.292367	0.0273902	0.115141	0.0402758	0.084555	0.0165535	0.103633	0.173806	0.000655784	0.036462	0.00625707	0.170162	0.0185234	0.0946	0.11002	0.0358373	0.0178842	0.0349809	0.0998289	-0.00108725	0.0176795	0.357314	0.0456786	-0.00544365	0.122667	0.0452715	0.0180881	0.0790224	0.099742	0.0909366	0.058409	0.0338727	0.0151547	0.0354183	0.00925499	0.0319158	0.000148148	0	
0.284429	0.0301041	0.164688	0.0328196	0.105106	0.0134223	0.102584	0.529237	0.000821873	0.0353664	0.00692164	0.177435	0.0254559	0.0512708	0.150234	0.0678199	0.0044019	0.0332218	0.0770075	-0.00108725	0.0195393	0.365458	0.0175138	-0.00656819	0.0575571	0.0259681	0.0180881	0.056674	0.0973631	0.0786551	0.0312732	0.0214787	0.013298	0.058527	0.00925499	0.032599	0.000400866	
0.375214	0.0396714	0.0895073	0.0390447	0.0667884	0.0134272	0.0932334	0.376378	-2.65364e-05	0.0514094	0.0068112	0.114831	0.0241929	0.0662864	0.139993	0.160977	0.012207	0.0223147	0.069318	-0.00110824	0.0182672	0.426962	0.0303136	-0.00404229	0.0788315	0.0364197	0.0246834	0.0818875	0.106472	0.073971	0.0397376	0.0442975	0.0145794	0.0425068	0.0132263	0.0426333	-0.000909639	-2.59096e-05	-0.00211457	
0.375368	0.0355775	0.0827328	0.0390447	0.0518813	0.0153315	0.0941097	0.162975	-0.00110438	0.0496711	0.0068112	0.0586384	0.0346072	0.0806593	0.103019	0.132688	0.0106216	0.0320846	0.188658	-0.000968033	0.0516256	0.40796	0.0264471	-0.0033684	0.104428	0.0279464	0.0185649	0.0901948	0.151532	0.0687853	0.0264649	0.0348672	0.0135672	0.0531945	0.0108832	0.0264025	-0.00102304	0.000188867	0	
0.315607	0.0310823	0.0552038	0.035954	0.0647524	0.0104423	0.0859951	0.188958	8.95203e-05	0.0361815	0.00671036	0.10033	0.0306406	0.0597531	0.0968788	0.169515	0.0147848	0.0229653	0.147703	-0.00101034	0.0279444	0.421432	0.0187185	-0.00456946	0.0645579	0.0277155	0.0189725	0.102334	0.0690683	0.130879	0.0264661	0.0299417	0.0136822	0.0468147	0.0107604	0.035033	-0.000953349	0.000173608	
0.328525	0.0299158	0.0888374	0.0317558	0.0196909	0.0169428	0.0739086	0.114422	0.00244977	0.0427575	0.00660693	0.109235	0.017384	0.0895622	0.0754841	0.159934	0.00715054	0.0363215	0.134883	-0.000963514	0.0265144	0.367903	0.00924872	-0.00644876	0.0457926	0.0441032	0.0189257	0.0578124	0.0544236	0.110548	0.0242001	0.0272663	0.0145078	0.0535244	0.0107575	0.0312938	-0.000226246	0.000176455	-0.00144574	0.000234213	0.00170784	0.001032	
0.720377	0.0337876	0.100325	0.0335236	0.0266562	0.00969166	0.0996638	0.197091	-0.0031859	0.108497	0.0071644	0.0947185	0.045805	0.0698628	0.114826	0.069424	0.0122865	0.0301171	0.0826717	-0.000963514	0.0237614	0.374179	0.00705642	-0.00339225	0.0311537	0.0300665	0.0160351	0.0674497	0.0783187	0.0801202	0.0121465	0.0449134	0.0157807	0.0507395	0.00972848	0.0365755	-0.000814611	0.000207348	0.00275736	
0.211555	0.0406889	0.115371	0.0364825	0.0482773	0.0149975	0.0864749	0.25418	-0.00241563	0.122179	0.00733023	0.155338	0.021096	0.0426808	0.108746	0.0622474	0.0105938	0.0137198	0.127569	-0.00114756	0.0136159	0.374179	0.00648523	-0.00546634	0.03906	0.0335061	0.020352	0.0994497	0.0617891	0.162835	0.0128964	0.0513084	0.0149456	0.0493224	0.0102481	0.0578959	-0.00096076	-1.08607e-05	0.00168381	
0.279004	0.0498044	0.042414	0.040785	0.042663	0.0174964	0.0934376	0.172669	-0.00241563	0.0536831	0.00739815	0.139663	0.0260851	0.0686983	0.108013	0.064955	0.0109291	0.0427429	0.164973	-0.00125113	0.0147901	0.374179	0.00726625	-0.00582757	0.0439465	0.0195482	0.0225385	0.137447	0.0662552	0.238301	0.0216502	0.0549377	0.0150136	0.0615186	0.00775887	0.0464494	-0.00096076	-0.000182357	-0.000972503	0	
0.33068	0.0337369	0.0464215	0.0306564	0.0252542	0.0188924	0.0926514	0.146792	0.00282935	0.0698272	0.00834093	0.121814	0.0574617	0.0770152	0.0283931	0.0802817	0.017166	0.0470466	0.192953	-0.000938501	0.0109569	0.392947	0.0086553	-0.00581741	0.0499067	0.0348844	0.0142647	0.120577	0.057418	0.114639	0.0695627	0.027891	0.0145338	0.0476856	0.0146727	0.0247301	-0.00311647	0.000130269	
0.323237	0.0321445	0.0470323	0.0369676	0.0337926	0.0188924	0.0862979	0.136345	-0.00323448	0.0436106	0.00811006	0.121457	0.0785912	0.108462	0.045415	0.0573393	0.0092421	0.0581404	0.192953	-0.000868657	0.0101474	0.392878	0.0117621	-0.00585138	0.03803	0.0465169	0.019788	0.0674154	0.079181	0.112785	0.0158334	0.0435738	0.0171714	0.0535689	0.0101545	0.0302453	-0.00253378	0.000130269	
0.255108	0.0344029	0.143105	0.0397477	0.0218059	0.0170054	0.0835099	0.228793	-0.000267513	0.0906492	0.00636895	0.106575	0.0764721	0.0819314	0.0504266	0.0458838	0.0207336	0.0440453	0.292266	-0.000943837	0.029646	0.466726	0.00725209	-0.00450665	0.0330095	0.0312847	0.0192116	0.0964835	0.145003	0.0898881	0.0244982	0.0329976	0.0142044	0.0841187	0.00916702	0.0479459	-0.000792662	0.000130269	-0.0675139	-0.000687169	5.34584e-05	0	
0.318791	0.0266338	0.110528	0.0360538	0.0801149	0.0132623	0.0870152	0.234148	0.000555919	0.149739	0.00714761	0.162305	0.0713772	0.0487302	0.0849431	0.0505663	0.0124873	0.0244466	0.112991	-0.00104731	0.0154517	0.450435	0.0104832	-0.0037205	0.043441	0.034983	0.0198905	0.0519227	0.159298	0.0898992	0.0210166	0.0259681	0.0140057	0.0749443	0.00927381	0.0416897	-0.000470028	0.000225506	
0.340096	0.0392843	0.118083	0.0379172	0.0759819	0.0134782	0.0810158	0.208184	-0.000701347	0.13818	0.00714761	0.133226	0.0246815	0.060066	0.0810893	0.0598306	0.0171722	0.0210535	0.0784404	-0.00104731	0.0201766	0.37243	0.00978772	-0.00498099	0.0442067	0.0325991	0.0196466	0.0801555	0.0590259	0.0956876	0.0210312	0.0207835	0.0142997	0.0814943	0.00996456	0.0442555	-0.000107427	0.000225506	0	
0.337667	0.0307026	0.0746858	0.0340239	0.0738351	0.0143557	0.0911469	0.126757	-0.000698151	0.131128	0.00666963	0.233963	0.0396144	0.0551586	0.103114	0.0672008	0.0125255	0.0317469	0.0648495	-0.00104748	0.0150068	0.377433	0.0100021	-0.00468386	0.0317722	0.0372724	0.023136	0.0589869	0.103984	0.125866	0.0249627	0.0357963	0.0142997	0.0857279	0.00783209	0.0317302	-0.00153893	0.000225336	0.00156645	
0.329771	0.034001	0.100181	0.0376757	0.111797	0.0143557	0.097377	0.264276	0.00233918	0.0329046	0.0066441	0.156091	0.0387932	0.0886595	0.138162	0.0600118	0.00907729	0.0173618	0.038954	-0.00104748	0.0154312	0.377433	0.0100021	-0.00492561	0.0638671	0.0297833	0.0216115	0.0650339	0.111048	0.100601	0.0329693	0.0521053	0.012605	0.0449795	0.00779366	0.043362	-2.54617e-06	0.000225336	
0.240055	0.0348013	0.0761055	0.0376567	0.0741099	0.0183295	0.0825828	0.235613	0.00233918	0.040597	0.0079003	0.174164	0.0769344	0.130598	0.0754511	0.0814165	0.00564852	0.0275136	0.0436791	-0.00104748	0.0235994	0.370671	0.010904	-0.00566212	0.0746393	0.0431538	0.0232079	0.0973228	0.142053	0.2473	0.0465383	0.0435988	0.012605	0.0510583	0.00887852	0.0363499	-0.00252367	0.000225336	
0.336398	0.0326115	0.129695	0.0433503	0.138591	0.0183734	0.0999559	0.137565	0.000204485	0.0313429	0.00684513	0.246476	0.0894858	0.0653225	0.0521803	0.0806247	0.00853747	0.0123329	0.123869	-0.00106566	0.0165768	0.37069	0.0114496	-0.00782053	0.0583009	0.0278902	0.024197	0.0607886	0.0863596	0.122537	0.0543543	0.0378336	0.0133656	0.078343	0.00968844	0.0454143	-0.000803545	0.000181428	0	
0.427683	0.0341597	0.0531409	0.0398023	0.13272	0.0199666	0.105208	0.155784	0.00158681	0.10029	0.00691328	0.159616	0.104627	0.1559	0.0611676	0.0614049	0.0121755	0.0161379	0.134529	-0.000695857	0.0150393	0.369099	0.0101117	-0.00795088	0.0877834	0.0387215	0.0167392	0.0877581	0.0706799	0.231657	0.0247003	0.0299985	0.0125201	0.0999201	0.0105404	0.0517257	-0.000871685	0.000497136	-7.49472e-05	-0.00570326	
0.397458	0.0313888	0.0933906	0.046402	0.145839	0.0237618	0.105208	0.146228	0.000174558	0.162322	0.00736838	0.174079	0.0693189	0.109596	0.101051	0.0569579	0.0129578	0.0225853	0.211715	-0.000899054	0.0147737	0.433847	0.013316	-0.00513742	0.0838763	0.0278098	0.0182392	0.0635641	0.0619109	0.127134	0.0353029	0.0450736	0.0147686	0.0565282	0.0105404	0.0561199	-0.00127454	0.000293939	-0.00138374	-0.00873365	0.000775503	-0.000438527	
0.357169	0.0368644	0.0712841	0.0352337	0.144316	0.0298714	0.106716	0.262798	0.0010079	0.116844	0.00751581	0.18443	0.037599	0.133996	0.0552753	0.0806461	0.0137068	0.0204651	0.127933	-0.000782569	0.0081918	0.406491	0.00903378	-0.00559942	0.0892652	0.0351888	0.0212705	0.110303	0.0494037	0.0724181	0.0282986	0.0342979	0.0139353	0.0752876	0.0107834	0.0723376	-0.00188512	0.000450793	0.00232799	0.000472903	0.00204915	
0.302505	0.0386694	0.0898588	0.0403118	0.0872452	0.0139718	0.104064	0.172533	-0.000329358	0.0390392	0.00751581	0.0915343	0.0366403	0.126764	0.078305	0.0471596	0.0114648	0.0140953	0.213062	-0.000782569	0.0119346	0.406491	0.00979742	-0.00412208	0.0409247	0.0402299	0.0187894	0.10696	0.0302474	0.0798766	0.0244402	0.0573418	0.0135369	0.0706054	0.0101368	0.0407867	-0.00188512	0.000450793	0.00976649	
0.300765	0.0334516	0.096023	0.0412927	0.0431506	0.014219	0.0960774	0.196596	-0.000457839	0.0485951	0.00823026	0.169958	0.0500013	0.112989	0.122441	0.0896732	0.00997154	0.0110352	0.0900915	-0.000782569	0.0121192	0.406491	0.0162866	-0.00569645	0.0732442	0.0435605	0.0181243	0.144426	0.0293976	0.149932	0.0279342	0.0579759	0.0157633	0.0921503	0.00967176	0.0510325	-0.00249702	0.000450793	-0.00120074	-0.000813175	0	
0.416865	0.0320293	0.236994	0.0373722	0.0277376	0.0100043	0.091169	0.284114	-0.00243583	0.0497082	0.00823026	0.219859	0.0465624	0.075154	0.209125	0.107501	0.0204867	0.00823846	0.174895	-0.000771997	0.00624912	0.461477	0.0121354	-0.00485646	0.102416	0.0425502	0.0250546	0.143341	0.0931918	0.0676009	0.034674	0.0339869	0.0157509	0.068314	0.0119661	0.0957789	-0.00249702	0.000437517	-0.000935939	0.000971955	2.03878e-05	
0.3546	0.0259053	0.317885	0.0401109	0.0516742	0.0183027	0.0906484	0.203735	-0.000598908	0.0172413	0.00757786	0.197849	0.0462976	0.0794189	0.129712	0.0398515	0.0100645	0.0407526	0.24497	-0.000650857	0.00498476	0.444001	0.0122565	-0.00480616	0.106342	0.0345638	0.0198255	0.0913127	0.0935994	0.129295	0.0310179	0.0566698	0.016354	0.0943263	0.0123218	0.0709552	-6.45273e-05	0.000428642	0	0.000739519	
0.263853	0.0348898	0.246786	0.0358435	0.147184	0.0135279	0.0957051	0.305428	0.00241758	0.0150416	0.00681522	0.153325	0.0658697	0.0716176	0.106912	0.045871	0.0112479	0.0451576	0.175635	-0.000568015	0.0131059	0.466676	0.0126824	-0.00910102	0.0833903	0.0313618	0.0204722	0.0737684	0.0988376	0.0892516	0.0419363	0.0328347	0.0129783	0.0787001	0.00950504	0.0883202	-0.000666507	0.000610996	-0.00051015	-0.000803319	
0.292755	0.0340158	0.259914	0.0368765	0.283961	0.0144478	0.0962851	0.395322	-0.000997109	0.090184	0.00712106	0.284648	0.0363463	0.0750555	0.167465	0.0375258	0.0175685	0.0493635	0.102361	-0.000569161	0.0104206	0.460128	0.0111249	-0.00658014	0.0594033	0.0329801	0.0192811	0.080331	0.0658805	0.0641196	0.0557368	0.0419078	0.0155094	0.0767577	0.012595	0.090686	-0.000977302	0.000610996	-0.000422419	-8.15307e-05	
0.298428	0.0255884	0.137466	0.0368765	0.232391	0.0144488	0.0958945	0.274546	0.000635043	0.0153848	0.00665604	0.129638	0.0768329	0.081226	0.167456	0.0494059	0.00948609	0.0656637	0.121338	-0.000589983	0.0162647	0.46015	0.0103546	-0.0134556	0.106697	0.0357474	0.019789	0.061697	0.0546544	0.065763	0.0609566	0.0416092	0.0138773	0.0452684	0.00984439	0.0540731	0.000368867	0.00061175	-0.00164858	
0.337023	0.0267228	0.0327693	0.0368765	0.232391	0.0140287	0.0958945	0.129632	-0.00139088	0.0208896	0.00665604	0.242574	0.0477645	0.062958	0.160274	0.0708848	0.0142074	0.0528854	0.179379	-0.00061617	0.0129116	0.518685	0.00983456	-0.00638313	0.0769675	0.0335939	0.0174391	0.077	0.0657469	0.132935	0.0438995	0.0610708	0.0151159	0.055901	0.0105696	0.0711319	0.000368867	0.000585564	0	0	
0.330986	0.0402976	0.0249753	0.0354462	0.134693	0.0137841	0.116625	0.190848	-0.000360206	0.051902	0.00713285	0.0694328	0.0630358	0.0579112	0.146026	0.0369749	0.0142074	0.0401921	0.167042	-0.000797761	0.00925436	0.507713	0.00935677	-0.00775924	0.0573205	0.0335939	0.0241346	0.0671049	0.0693313	0.113865	0.0643072	0.106434	0.0151159	0.0588529	0.0105696	0.0408875	-0.00166255	0.000403973	
0.358855	0.0374382	0.0323033	0.0448849	0.057292	0.0137841	0.116718	0.225442	0.00157838	0.0451525	0.00713285	0.21923	0.062136	0.0472517	0.135217	0.0843707	0.0141087	0.0327017	0.198462	-0.000802488	0.00862748	0.493655	0.0159331	-0.00694868	0.0577658	0.0391635	0.0193343	0.059472	0.107667	0.220827	0.0899278	0.0276313	0.0151159	0.0538531	0.0109063	0.0619261	-0.0012688	0.000492645	0.000136144	0.000235025	
0.287749	0.0250407	0.0356905	0.0578995	0.103537	0.0137841	0.107566	0.22117	-8.40746e-05	0.0351866	0.00691287	0.0756658	0.0425335	0.0555147	0.173871	0.060068	0.0215678	0.104395	0.0906213	-0.000802488	0.00895507	0.477646	0.00940742	-0.00798392	0.0916238	0.0393633	0.0197734	0.0563328	0.0777273	0.0982689	0.0500489	0.0615571	0.0143178	0.0626502	0.0109063	0.0560691	-0.00104882	0.000492645	
0.33002	0.0295286	0.0411677	0.0363934	0.126084	0.0152292	0.123725	0.119223	-8.40746e-05	0.0590609	0.00699757	0.0597231	0.0705275	0.0577601	0.13595	0.0421937	0.011009	0.0775959	0.0544386	-0.000802488	0.0215161	0.477646	0.00961435	-0.00689142	0.0796846	0.0246322	0.0234071	0.0689266	0.142353	0.181507	0.0722497	0.0363444	0.0144025	0.0548769	0.0114344	0.0466318	-0.00104882	0.000407937	0.00114508	0	
0.504882	0.0355279	0.03869	0.0313131	0.0457276	0.0160662	0.116214	0.201992	0.000113235	0.0761008	0.00774365	0.0897333	0.071902	0.0269801	0.0835266	0.0923726	0.00963267	0.0351001	0.101973	-0.000754397	0.009936	0.51884	0.0143301	-0.0102882	0.0382773	0.0300886	0.0186426	0.0620027	0.330087	0.0668753	0.0598024	0.0357775	0.0155761	0.0518654	0.0142688	0.0366438	-0.00275681	0.000482615	0	
0.321032	0.0390891	0.0561781	0.033731	0.0474152	0.0195009	0.116132	0.156358	0.00104008	0.0633596	0.00762635	0.0489432	0.0338835	0.0587963	0.125417	0.0498754	0.0195513	0.0420849	0.131192	-0.000666605	0.0104557	0.459749	0.0101408	-0.00823623	0.0433909	0.0267573	0.0203662	0.0635937	0.14117	0.0627537	0.073797	0.056245	0.0146492	0.0563706	0.00969762	0.0498702	-0.00149527	0.000487688	0.000446115	5.02215e-05	
0.28018	0.0261887	0.0387537	0.0457494	0.0369311	0.0155994	0.0881496	0.332959	-0.000816095	0.0818948	0.00755432	0.0763719	0.0521173	0.0508715	0.0860833	0.100486	0.0164329	0.0426059	0.0935354	-0.000955367	0.0168361	0.459749	0.00897678	-0.00751804	0.0531683	0.0437535	0.0206566	0.0821077	0.123865	0.0744935	0.0375479	0.0338846	0.013872	0.0569142	0.0123509	0.0606135	-0.00142324	0.000198926	0	
0.523167	0.0209464	0.0174455	0.0511288	0.131341	0.0155994	0.0882099	0.17411	-0.00046191	0.107871	0.00746405	0.0936765	0.0216963	0.0696318	0.0860833	0.02754	0.0184349	0.0976031	0.0461809	-0.00101567	0.0098439	0.51759	0.00790123	-0.00751804	0.0247477	0.0474251	0.0261488	0.0931302	0.0814337	0.157665	0.0463821	0.0251416	0.0142438	0.062422	0.0124358	0.0623406	-0.00216303	0.000198926	0	
0.463155	0.0274173	0.0182292	0.0420068	0.0453081	0.0144973	0.10446	0.180687	0.00150065	0.130073	0.00694095	0.0779142	0.0548595	0.109477	0.176891	0.0557415	0.0238764	0.0690029	0.0476056	-0.00101567	0.00796071	0.520629	0.00798683	-0.0112396	0.0414157	0.0459727	0.020433	0.0454228	0.0866393	0.102298	0.0262425	0.0344575	0.0150576	0.0574079	0.0127734	0.0668952	-0.000395792	0.000317842	-0.000972829	
0.434983	0.0324488	0.0258076	0.0393132	0.0513339	0.0228301	0.104403	0.155195	0.0034862	0.069112	0.00706694	0.0733172	0.0601917	0.113096	0.17314	0.0769315	0.0138919	0.0448858	0.154319	-0.000742237	0.0176423	0.448464	0.0101997	-0.00862172	0.0421397	0.0427218	0.0241372	0.0880666	0.0733199	0.0999164	0.048466	0.0295861	0.0141373	0.0674656	0.0126884	0.0560505	-0.000605849	0.000408497	0	
0.285593	0.0270877	0.0294101	0.0430632	0.103425	0.0180369	0.104403	0.0940534	-0.000728178	0.0742124	0.00599555	0.100236	0.0978664	0.0903941	0.0574048	0.0704532	0.00949102	0.0509345	0.0927073	-0.000742237	0.0139082	0.448464	0.0121614	-0.00482652	0.0325809	0.0533483	0.0227227	0.0570109	0.0657767	0.194824	0.0292776	0.0377409	0.0145592	0.0697233	0.0156558	0.0893857	0.00151602	0.000472127	
0.295613	0.0279085	0.0151026	0.0400509	0.249762	0.0208829	0.105299	0.23539	-0.00237505	0.0236649	0.0074374	0.0536818	0.0452585	0.0581068	0.0663786	0.052332	0.0099948	0.0404881	0.0758144	-0.000816703	0.0184403	0.447682	0.0158723	-0.0112519	0.0330165	0.039829	0.0206701	0.0685781	0.0651314	0.066063	0.0280578	0.0370028	0.0145592	0.0601094	0.011721	0.0470112	-0.00046517	0.000484113	
0.288177	0.0279085	0.0328295	0.0350541	0.129239	0.0150699	0.105299	0.255512	0.00100699	0.0126173	0.00688699	0.0617559	0.0431884	0.138808	0.10023	0.0390536	0.00970188	0.0754759	0.123897	-0.000798613	0.0198346	0.449501	0.00900433	-0.00977867	0.0379131	0.0462373	0.0210457	0.0489507	0.0608124	0.135758	0.0553811	0.061945	0.0140383	0.0503508	0.0130374	0.0594234	0.00088877	0.000502203	0	
0.350676	0.02674	0.0333177	0.0395314	0.116226	0.0158627	0.106741	0.110534	0.00188785	0.0186168	0.00651099	0.0800193	0.0717743	0.147313	0.0860625	0.10713	0.0191483	0.0681545	0.17061	-0.000798613	0.0134207	0.449501	0.0119751	-0.0143673	0.0501077	0.0488992	0.0189325	0.0771547	0.05999	0.0913255	0.0430951	0.0372649	0.0153604	0.0618366	0.0116204	0.0601383	0.00050083	0.000502203	0	
0.401994	0.0333448	0.0265054	0.0394678	0.0578798	0.0213975	0.0999197	0.192755	0.000751487	0.0170973	0.00651099	0.07913	0.0574334	0.0653269	0.0590289	0.0643204	0.0166633	0.0744509	0.176811	-0.000841749	0.00868749	0.447761	0.0121733	-0.0142963	0.0465693	0.0380668	0.0190089	0.0383077	0.0812259	0.0608187	0.0514399	0.0328168	0.0156869	0.0610259	0.0116204	0.0696936	-0.000102192	0.000431226	
0.327638	0.0307551	0.0455834	0.0359633	0.0954786	0.0173029	0.0883497	0.233637	0.00123521	0.0152603	0.00598804	0.105612	0.0345896	0.0446047	0.0673721	0.0449506	0.0236816	0.0444322	0.103874	-0.000841749	0.0207942	0.447761	0.0126043	-0.00850266	0.0327783	0.0473567	0.0179359	0.0581606	0.0959978	0.0877236	0.0660226	0.0360511	0.0147071	0.0651757	0.0139258	0.0657978	0.00123427	0.000431226	0.00518293	
0.238737	0.0307249	0.037595	0.0409478	0.0885485	0.0214673	0.0883497	0.167206	0.00294806	0.0111301	0.00641862	0.0852584	0.0238839	0.0646475	0.0746307	0.0303245	0.0290718	0.040152	0.18326	-0.000841749	0.021011	0.462222	0.0126043	-0.0112791	0.0455208	0.0473567	0.0201035	0.0648337	0.11151	0.0879379	0.0506883	0.0645622	0.0130509	0.0665701	0.0130976	0.0588891	-0.000113718	0.000431226	
0.155015	0.0347761	0.0700324	0.0346275	0.135397	0.0189876	0.0958002	0.212175	0.00240888	0.014076	0.00688314	0.0713656	0.0229353	0.155195	0.0869803	0.035437	0.0123567	0.0411572	0.174214	-0.000857395	0.0123198	0.46216	0.0150434	-0.00879521	0.0637661	0.0472951	0.0183261	0.0647721	0.104	0.115682	0.0836009	0.0509943	0.0135901	0.0613313	0.0123351	0.0498654	-0.000578233	0.000353994	-0.000706066	0.00122018	-0.000425466	0.0362583	-6.15856e-05	
0.242679	0.0419062	0.0406911	0.0305036	0.121698	0.0164405	0.0958002	0.164564	0.000506378	0.0309708	0.00685914	0.0618957	0.0270515	0.175201	0.0570663	0.0193011	0.0110748	0.0580484	0.0886831	-0.000934855	0.0230423	0.447713	0.0168749	-0.00718448	0.0397112	0.0645383	0.0231389	0.0629108	0.104386	0.0701214	0.0613885	0.0532741	0.0144854	0.0577812	0.0127257	0.0392479	-0.000506369	0.00030053	0.000518822	-0.00704272	0.000208526	
0.22044	0.0409535	0.0584108	0.0437819	0.0461165	0.0227709	0.0922416	0.162006	0.00165674	0.0530259	0.00735501	0.0425514	0.0207915	0.0756433	0.0288205	0.0391127	0.0158713	0.0591306	0.156915	-0.000996386	0.0146893	0.439337	0.0165248	-0.00951541	0.0652476	0.0373655	0.0217413	0.0573022	0.117565	0.0724613	0.0675214	0.050131	0.0145356	0.0510793	0.0130308	0.0449113	-4.88129e-05	0.000250295	-0.00297503	7.43226e-05	
0.201417	0.0315099	0.0769226	0.0437539	0.0397877	0.0249716	0.101866	0.237683	0.00200442	0.0373478	0.00735501	0.0566198	0.025555	0.119349	0.0262552	0.0295091	0.021397	0.0231553	0.0724152	-0.00106113	0.0174983	0.439402	0.0160131	-0.00842098	0.0594896	0.0360895	0.0201995	0.0748874	0.0879759	0.141498	0.0620151	0.0506243	0.0145356	0.0613818	0.0124078	0.041936	0.000325747	0.000250295	0.000168266	0	
0.2656	0.043668	0.0580004	0.036779	0.0468956	0.0154836	0.0881834	0.142831	0.00203508	0.0377751	0.00735501	0.0646907	0.0586921	0.167918	0.0384044	0.068359	0.0148886	0.0346485	0.21611	-0.000870912	0.0171373	0.446494	0.0209929	-0.00958439	0.0468101	0.0342819	0.0214257	0.0727182	0.0623774	0.113223	0.0945298	0.0742423	0.0148068	0.0588994	0.0132426	0.0598725	0.00193498	0.000298569	-0.000688252	
0.290834	0.0320395	0.114488	0.036779	0.0256464	0.0239157	0.103685	0.151349	-0.00192753	0.030375	0.00735501	0.0702033	0.0403257	0.0968847	0.0445758	0.0337649	0.0196023	0.0229163	0.114382	-0.000822723	0.0223314	0.463364	0.0151017	-0.0111551	0.039434	0.0368935	0.0206129	0.0456437	0.054687	0.158423	0.038332	0.0340603	0.0148068	0.0571958	0.0145674	0.0472698	0.000342257	0.000346758	
0.401112	0.0363863	0.0631164	0.0490722	0.0719119	0.020061	0.103685	0.151349	-0.000122884	0.0118497	0.00731964	0.0649068	0.0374092	0.124101	0.102446	0.0281913	0.0111755	0.0411772	0.147362	-0.000822723	0.0240058	0.423022	0.0115986	-0.0169495	0.0696184	0.042979	0.0207023	0.0408181	0.0754232	0.0952419	0.0209227	0.0321005	0.0162479	0.0692706	0.0144731	0.0376623	0.000377633	0.000346758	
0.390388	0.0309219	0.0392986	0.0373235	0.0235664	0.0238802	0.0835204	0.149185	-0.000814631	0.0203083	0.00664746	0.064859	0.0587118	0.142825	0.0976774	0.0478207	0.00760694	0.0677481	0.134562	-0.000848561	0.0193934	0.489631	0.0109162	-0.0136556	0.0541446	0.0517126	0.0220437	0.0894074	0.0469823	0.170831	0.0155586	0.0357457	0.015462	0.0839042	0.0107337	0.0541474	0.00187229	0.000389822	
0.374169	0.042294	0.0368721	0.0330218	0.0551831	0.0143839	0.0969204	0.180723	-8.69163e-05	0.0209027	0.00686835	0.117766	0.0384592	0.123483	0.0660021	0.0474745	0.0103931	0.058065	0.135413	-0.000834372	0.0142234	0.489617	0.0179904	-0.0136556	0.0608446	0.0516984	0.0192035	0.0575358	0.0944298	0.193719	0.0110658	0.0422414	0.0146902	0.0661141	0.012475	0.0541878	0.00181639	0.000349376	-0.00163973	0.0010861	
0.182702	0.0323425	0.133564	0.0432781	0.051136	0.0193802	0.0948098	0.229234	-0.000899006	0.060762	0.00686835	0.251871	0.0355587	0.208744	0.0914266	0.0562331	0.0115325	0.0619093	0.120746	-0.00083547	0.0121603	0.467007	0.0156182	-0.0113407	0.0654399	0.0469344	0.0239722	0.0483214	0.0576754	0.138028	0.0173989	0.056242	0.016082	0.0925566	0.0120511	0.0354965	0.00132732	0.000348279	0.00905002	
0.381625	0.0314417	0.0272973	0.0339911	0.0458028	0.0193802	0.0964204	0.328525	-0.000581562	0.0470383	0.00686835	0.0372376	0.0221038	0.181856	0.0412182	0.0514768	0.0116997	0.0563464	0.104289	-0.000953697	0.0136177	0.467007	0.015473	-0.0129691	0.0439093	0.0320614	0.0214669	0.0558671	0.0999463	0.131192	0.0199906	0.0612048	0.0157645	0.100244	0.0117241	0.0270805	0.00132732	0.000230052	
0.222241	0.0314417	0.0649322	0.037995	0.0661086	0.0194172	0.0965496	0.222751	0.00124715	0.0565312	0.00716208	0.110633	0.0600531	0.126391	0.0447355	0.0330738	0.0233475	0.029796	0.150713	-0.000731036	0.0159664	0.476813	0.0155219	-0.00725215	0.0374418	0.042918	0.0186994	0.0838908	0.0732724	0.0977544	0.0300498	0.0459983	0.0139358	0.0550953	0.0137386	0.0281362	-0.000869609	0.000278909	
0.226444	0.0373332	0.137703	0.0398457	0.0494586	0.0224174	0.106447	0.262726	0.000524081	0.088447	0.00786016	0.0917817	0.0320535	0.148345	0.0519784	0.0523997	0.0091075	0.059845	0.0893738	-0.000718707	0.0159664	0.476813	0.0191466	-0.013055	0.0528845	0.0490864	0.0186994	0.101344	0.0862606	0.0515626	0.0530069	0.0600246	0.0139358	0.0756376	0.0145448	0.0281362	0.00113052	0.000291238	-0.00102972	
0.468665	0.0248962	0.0750336	0.0421032	0.0263905	0.0246092	0.102865	0.281115	0.00233248	0.0849587	0.00689914	0.0698101	0.0268465	0.185689	0.0490632	0.0374376	0.0114751	0.0465269	0.0824249	-0.000718707	0.0403459	0.486072	0.0146803	-0.0143743	0.0453383	0.0482841	0.0227996	0.0880739	0.0725766	0.153782	0.0581213	0.0410023	0.0141394	0.0635164	0.0129843	0.0434398	0.00207444	0.000266308	0.00423835	
0.468576	0.0277202	0.0221762	0.0309269	0.026301	0.0192654	0.0831554	0.189063	-0.000802724	0.153563	0.00757255	0.108133	0.0537178	0.132813	0.0328895	0.0674618	0.011533	0.0380075	0.15256	-0.00101099	0.0264816	0.410022	0.0140824	-0.0121795	0.0239568	0.0546519	0.0216299	0.0525723	0.0254679	0.155641	0.0410523	0.0450571	0.01405	0.0855486	0.0119679	0.0444373	0.000192135	0.00018478	0.0266597	
0.444696	0.0328513	0.0356059	0.0328415	0.0464462	0.0187039	0.106883	0.190759	-0.000603415	0.132107	0.00696662	0.0777884	0.0461264	0.109435	0.0278058	0.0287455	0.00737439	0.0224868	0.0969409	-0.00107669	0.0225854	0.426482	0.00954396	-0.0121795	0.0205662	0.0317137	0.0208103	0.0818569	0.0249272	0.168956	0.0631957	0.0575517	0.0140991	0.0870017	0.00752535	0.0502253	0.00029278	0.000135653	0	0	
0.25242	0.0356789	0.0564109	0.0479584	0.0424023	0.019997	0.106883	0.0840055	-0.000603415	0.0755796	0.00622433	0.136898	0.0247129	0.115667	0.0257268	0.0283669	0.0235045	0.0348906	0.151277	-0.000999475	0.0178876	0.454464	0.0131436	-0.0113513	0.0266162	0.0330123	0.0177285	0.102856	0.0389209	0.112602	0.0717325	0.0480689	0.0140991	0.112934	0.0114475	0.0509619	0.00269019	0.00021287	
0.22572	0.0405607	0.0305564	0.0479584	0.0581782	0.0197011	0.109315	0.106164	-0.000751825	0.0590225	0.0067815	0.155149	0.0549834	0.142525	0.021123	0.054136	0.0101972	0.0307083	0.115753	-0.000999475	0.021062	0.451716	0.0121031	-0.01183	0.0356563	0.0410987	0.0177374	0.0648762	0.0317136	0.207703	0.0606771	0.0646501	0.0141361	0.0828158	0.0114475	0.0412912	0.00223024	0.00021287	
0.33482	0.0380548	0.024057	0.0384293	0.140041	0.0179095	0.102252	0.12048	0.00050942	0.0397129	0.0067815	0.142962	0.0977623	0.113134	0.0617818	0.0811756	0.00913148	0.0361961	0.0964709	-0.000892581	0.0243047	0.433366	0.0169761	-0.0100207	0.0397976	0.0413909	0.0178092	0.0847637	0.0838472	0.280507	0.099821	0.0629941	0.0141361	0.112146	0.0124363	0.0372987	0.000507722	0.000296134	
0.275432	0.0412047	0.0500312	0.0384293	0.173657	0.0179095	0.100273	0.127077	-0.000693297	0.0477672	0.00678321	0.211275	0.0478267	0.089017	0.0330682	0.120791	0.0180627	0.0482338	0.270312	-0.000919297	0.0274444	0.450978	0.0124905	-0.011551	0.0249932	0.0413909	0.0178957	0.0538589	0.070634	0.221111	0.0466351	0.0892124	0.0153388	0.112146	0.0101813	0.0511596	0.00103971	0.000269418	0.00177114	0.0017694	0.00211552	
0.2733	0.0326169	0.0843858	0.0381384	0.0644245	0.0239471	0.102075	0.17668	-0.000178298	0.0554371	0.00673978	0.0754323	0.0490775	0.099451	0.106243	0.0449904	0.0237663	0.0542061	0.226463	-0.000938257	0.0174492	0.450997	0.0149802	-0.011551	0.0218544	0.0421405	0.0179147	0.0993409	0.0580864	0.104493	0.0776461	0.14391	0.0137502	0.0805473	0.00977154	0.0359539	8.37751e-06	0.000312842	-0.44661	
0.241624	0.041383	0.098085	0.0433399	0.104307	0.0261668	0.0892456	0.170444	-0.000327915	0.176186	0.00680264	0.0758742	0.0386839	0.208876	0.052974	0.0785129	0.0144322	0.0284276	0.140332	-0.00085501	0.0374353	0.442353	0.0149802	-0.011551	0.0426574	0.0420573	0.0241179	0.0446378	0.0608005	0.10443	0.0419934	0.110038	0.0138998	0.0957128	0.00889275	0.0455337	-0.000898894	0.000312842	0.000751664	0.0197601	
0.230413	0.0379778	0.266225	0.0447189	0.03345	0.0240711	0.0714778	0.236485	-0.00328675	0.108545	0.00712054	0.118236	0.042346	0.115146	0.138449	0.096406	0.00752773	0.0278628	0.0887608	-0.000897312	0.0410058	0.429692	0.00994194	-0.0116134	0.0278567	0.0579886	0.0182232	0.0654246	0.0708358	0.198078	0.0271255	0.0995317	0.0168586	0.07557	0.00910243	0.0421485	0.000646574	0.000312842	0.00352145	0.000858051	-0.000954442	
0.246281	0.0473846	0.191445	0.044822	0.0302849	0.0204463	0.0962081	0.204407	-0.00165818	0.0872944	0.00746929	0.137934	0.0297575	0.105686	0.0757499	0.155958	0.0127131	0.0349266	0.0651758	-0.000897312	0.0304526	0.429692	0.012064	-0.0116134	0.0197525	0.0565577	0.0171934	0.0595266	0.0671263	0.134	0.0310045	0.0647031	0.0153332	0.0656166	0.0120762	0.0308191	-0.00137436	0.000209682	0.000168147	-0.000618833	-0.00147005	
0.332324	0.0288484	0.123608	0.0332794	0.0255122	0.0185566	0.102034	0.228537	0.00228685	0.0848836	0.00770789	0.0807041	0.0432575	0.149854	0.147778	0.134915	0.0142972	0.0286271	0.127567	-0.000897312	0.0240792	0.410722	0.0123491	-0.0116819	0.0221554	0.0505875	0.0187392	0.0638313	0.079981	0.146412	0.0451818	0.0873408	0.0139078	0.0573864	0.00906713	0.0231798	-0.00205919	0.000209682	-0.000567805	0.00115622	
0.213786	0.0343843	0.0915563	0.0357637	0.0572544	0.0291649	0.0956148	0.162537	-0.000404819	0.0327379	0.00755268	0.235564	0.0375689	0.0966949	0.148795	0.0712355	0.0151888	0.0387166	0.164159	-0.00099088	0.0596716	0.416226	0.0103102	-0.0160309	0.0192089	0.0396919	0.0205104	0.0899583	0.0784851	0.0570423	0.070356	0.0784015	0.012884	0.0609048	0.0102296	0.0393255	-0.00237078	0.000271323	0.000464698	0.011278	
0.215428	0.0369878	0.0794502	0.0321487	0.0642605	0.0229298	0.0868484	0.130731	0.00183552	0.0886528	0.00755268	0.353647	0.0372291	0.0895946	0.058948	0.0602087	0.0103592	0.036433	0.097329	-0.00109024	0.0265944	0.438708	0.0137568	-0.00882464	0.0212515	0.0352287	0.0205104	0.0623503	0.150078	0.0344861	0.0365675	0.115061	0.0150948	0.067831	0.0111841	0.0427297	-0.00018885	0.000171959	7.39569e-05	
0.356436	0.0439766	0.0437885	0.0321487	0.0535685	0.0189804	0.0904041	0.13475	-0.0026663	0.0480312	0.00765884	0.191149	0.0852337	0.0699254	0.130862	0.119703	0.014183	0.0383813	0.103249	-0.00112797	0.0383987	0.427988	0.0146449	-0.0209437	0.020823	0.0275919	0.0205104	0.0623503	0.190895	0.0298658	0.0542639	0.0844362	0.0150948	0.0893463	0.00925192	0.0305104	-0.00210617	0.000134237	-0.000578168	
0.23174	0.035138	0.0494722	0.0338885	0.0152595	0.0157356	0.0951652	0.346703	-0.00217688	0.0671127	0.00681672	0.0781796	0.0525461	0.0932521	0.112655	0.159314	0.00803116	0.068653	0.106132	-0.00109247	0.0191303	0.427976	0.0146677	-0.0150681	0.020453	0.0354583	0.0234932	0.054102	0.190895	0.064486	0.126827	0.057636	0.0150948	0.096733	0.00925192	0.0346384	-0.00089743	0.000157037	0.000643176	
0.248103	0.0401654	0.0311125	0.0338885	0.018467	0.0203971	0.0916175	0.168776	0.0026959	0.175953	0.00723809	0.0506704	0.0393096	0.0499253	0.105597	0.0751432	0.00803116	0.0406771	0.0931737	-0.00109693	0.0698848	0.427976	0.0161416	-0.0154662	0.0275674	0.0350408	0.0169545	0.0533333	0.168529	0.104556	0.0657622	0.0603381	0.0142535	0.0766176	0.0112897	0.0404932	-0.00201239	0.000152573	0.0028624	-0.0085721	
0.219883	0.0424818	0.0717188	0.0350588	0.0228854	0.0162232	0.0872766	0.223811	7.06889e-05	0.127952	0.00673513	0.0571126	0.0282812	0.0983997	0.0901945	0.0862158	0.00867461	0.0269226	0.102178	-0.000833254	0.0919268	0.427971	0.0123988	-0.0113197	0.0502508	0.0373252	0.0213611	0.0645319	0.0334789	0.15041	0.0545814	0.0728547	0.0142535	0.0731191	0.0118158	0.034057	-0.00150943	0.000411614	
0.273801	0.0336837	0.0932047	0.0350588	0.0356473	0.016459	0.0872766	0.162871	7.06889e-05	0.131964	0.00673513	0.0848144	0.0264886	0.140271	0.104648	0.0596328	0.00900415	0.0351736	0.162453	-0.000833254	0.0423596	0.427971	0.0135197	-0.0154725	0.0365823	0.0405733	0.0213611	0.0353708	0.0480038	0.0831982	0.0812043	0.0705567	0.0142535	0.0712476	0.0106862	0.0250207	-0.000974343	0.000411614	
0.282733	0.0344751	0.0819216	0.0433519	0.0160103	0.0152064	0.086747	0.292426	-0.000981619	0.120071	0.00673513	0.0981331	0.0287006	0.0713688	0.0858886	0.0526003	0.0126405	0.0208	0.281709	-0.000833254	0.0615594	0.412539	0.0113665	-0.0112848	0.0235245	0.0419056	0.0240908	0.0294283	0.0390319	0.184333	0.0599969	0.0422217	0.0136416	0.0772958	0.00870036	0.0240828	-0.000974343	0.000411614	
0.216333	0.036982	0.137513	0.0329058	0.018581	0.0220252	0.0819746	0.272215	-0.00210665	0.18344	0.00605256	0.0844183	0.0350055	0.0563327	0.0978911	0.0818554	0.0165088	0.0223951	0.199302	-0.000780796	0.0507858	0.412596	0.0141467	-0.0113889	0.022274	0.0559375	0.0186497	0.0318166	0.037969	0.0966114	0.0609797	0.0537604	0.0147286	0.0837876	0.0115482	0.0409465	-0.000256938	0.0005591	0	
0.187466	0.036982	0.0957877	0.0345384	0.0492038	0.0168814	0.0854994	0.295954	-0.0021628	0.0730869	0.00644828	0.0527521	0.0248956	0.0445756	0.0382639	0.0681175	0.0202343	0.0389012	0.0956785	-0.000707631	0.0115213	0.429571	0.0129473	-0.00828721	0.0155151	0.0580664	0.024186	0.0492162	0.0376797	0.13284	0.0336362	0.0646163	0.0147847	0.0631711	0.00800578	0.0421196	-0.000652657	0.0005591	
0.251409	0.0360638	0.115502	0.0320474	0.0252617	0.0144958	0.110708	0.273608	-0.0021628	0.0449247	0.006829	0.0821446	0.0564358	0.051132	0.0571267	0.0322655	0.0122065	0.0401162	0.127647	-0.000997855	0.0128987	0.429624	0.0147149	-0.00704222	0.0332859	0.0476897	0.0199521	0.0389832	0.0277794	0.0537422	0.0531665	0.0467273	0.0149913	0.0741001	0.0108376	0.0351611	-0.00121304	0.000115039	0.00209185	
0.225311	0.0307227	0.0402786	0.0443491	0.0156537	0.0194986	0.0896814	0.218222	0.000828096	0.020083	0.00656733	0.0652791	0.0440265	0.0629984	0.0549338	0.0410119	0.0169264	0.0318843	0.113471	-0.000997855	0.00699245	0.379389	0.0126435	-0.0101263	0.0332859	0.0574968	0.0215394	0.0879403	0.0435988	0.0882707	0.0437999	0.0301653	0.0117388	0.0540345	0.0106876	0.0406348	0.000480342	0.000376705	
0.190532	0.0279293	0.0385823	0.0352619	0.0100914	0.014442	0.0952196	0.19487	-0.00178663	0.0118453	0.00795546	0.0422604	0.0255021	0.0531146	0.0718407	0.0222496	0.00956085	0.0238727	0.131444	-0.000997855	0.0127272	0.448709	0.0139372	-0.00932778	0.0300907	0.0551987	0.0213838	0.0354756	0.0400256	0.0458654	0.0247058	0.0487327	0.0136643	0.0498525	0.0095532	0.0465158	-0.000187765	0.000400382	0	
0.292064	0.0367358	0.0534689	0.0338368	0.00992837	0.0154331	0.0951113	0.33685	-0.000829196	0.0170725	0.00741517	0.11489	0.042198	0.0288613	0.0865648	0.0280565	0.0117079	0.0124897	0.124975	-0.000934799	0.0106233	0.457019	0.0145264	-0.0122321	0.0358648	0.033321	0.0177171	0.039093	0.0634425	0.163365	0.0288042	0.0595657	0.014435	0.0674173	0.0109533	0.0359139	-0.00142633	0.00049917	
0.133324	0.0383388	0.111196	0.0399559	0.0179313	0.0132991	0.086411	0.203944	-0.000829196	0.0651433	0.00731698	0.0740773	0.0266926	0.0421818	0.0829328	0.0142103	0.00951673	0.032053	0.101326	-0.00115205	0.0106233	0.457019	0.0144744	-0.0137481	0.0192404	0.03358	0.02012	0.0288861	0.0223462	0.119573	0.0187766	0.0581988	0.014435	0.0877367	0.0104054	0.0352895	-0.0013224	0.000281917	
0.18747	0.0279508	0.0683382	0.0399559	0.0122434	0.0124069	0.090401	0.196206	-0.000829196	0.0865199	0.00731698	0.0551873	0.0431105	0.065695	0.0315248	0.0699158	0.00918919	0.0484325	0.165563	-0.00115205	0.0115238	0.407055	0.0145478	-0.00676898	0.0280994	0.0340558	0.0233176	0.0618509	0.0190261	0.108041	0.0231618	0.0516129	0.014435	0.0641102	0.0128908	0.0334093	-0.00113955	0.000281917	-0.000203822	
0.216235	0.0329964	0.0613221	0.0468036	0.0120923	0.0164369	0.0924646	0.131555	-0.00210386	0.0754061	0.00716203	0.0783678	0.0643841	0.065195	0.0433427	0.0506233	0.0211866	0.0267775	0.260823	-0.000971466	0.00746762	0.434463	0.0100784	-0.00725872	0.0203585	0.0686795	0.019265	0.122604	0.0157254	0.0739334	0.0228371	0.0409528	0.0138894	0.0786747	0.00998029	0.0430683	0.00113163	0.000462276	-0.0182195	
0.150212	0.0398072	0.0919571	0.0373707	0.0130048	0.0124218	0.0924646	0.259431	-1.28598e-05	0.076925	0.00716203	0.130589	0.0680015	0.0377746	0.140387	0.0302658	0.0159476	0.0266205	0.372452	-0.00112841	0.00889817	0.41239	0.0133479	-0.00876153	0.0251766	0.0664523	0.0196646	0.0577102	0.0411298	0.0786029	0.0366467	0.0595758	0.0138894	0.0730928	0.0100142	0.0418877	0.00208336	0.000305333	0.00205269	
0.255436	0.0370534	0.052833	0.0374887	0.0389338	0.0168942	0.0789068	0.124261	0.000239283	0.0169045	0.0071991	0.0772988	0.0941301	0.0598106	0.105163	0.0231451	0.00639504	0.0128721	0.225247	-0.000921984	0.0305775	0.426377	0.0102933	-0.00904686	0.0347997	0.0460227	0.0173417	0.0673453	0.0350173	0.0688707	0.0225322	0.0357511	0.0136743	0.0730229	0.00949262	0.031066	-0.000121063	0.00040483	3.70646e-05	
0.341797	0.0287211	0.078923	0.0352095	0.0241028	0.0134719	0.0969818	0.191942	0.000516665	0.017875	0.0071991	0.144439	0.0503057	0.0849396	0.0638463	0.0209658	0.00840139	0.0127396	0.0799386	-0.0010719	0.0354188	0.529965	0.0120743	-0.00739169	0.0389774	0.0508279	0.0227199	0.0616446	0.0311141	0.152289	0.0450349	0.0956406	0.0115096	0.0711053	0.0144527	0.0517819	-0.00128791	0.000272331	-0.00788838	
0.250695	0.0221989	0.0931097	0.0426035	0.0369515	0.0156094	0.0969729	0.143035	0.00133593	0.0362888	0.0079255	0.0842291	0.059567	0.0791714	0.0653209	0.0333109	0.00944899	0.0171466	0.180853	-0.00106307	0.0336454	0.426311	0.0174282	-0.00922356	0.023887	0.0451336	0.026102	0.0339282	0.0255287	0.0736334	0.0305489	0.072237	0.0129196	0.061353	0.00982422	0.0492477	-0.00215301	0.000311744	-0.000409166	-0.000582589	
0.314309	0.0273964	0.0370462	0.0419452	0.0207201	0.0115896	0.0970057	0.0755348	0.00133593	0.0720719	0.00672659	0.19218	0.0605684	0.107237	0.0687293	0.0177955	0.00938404	0.0285927	0.0899095	-0.00109584	0.0421797	0.438134	0.0101279	-0.00689496	0.0283529	0.0444087	0.0202186	0.0697763	0.049165	0.164502	0.0377248	0.0504381	0.0129028	0.0607914	0.0116249	0.0547955	-0.000794637	0.000328607	-0.019623	
0.243898	0.0325067	0.07476	0.0419452	0.0222432	0.019175	0.10025	0.214957	0.00133593	0.0791129	0.00758277	0.208403	0.0686622	0.0628184	0.140668	0.037714	0.00615649	0.0497826	0.0692687	-0.000899999	0.0460753	0.468902	0.0102897	-0.00839929	0.016556	0.0404832	0.0190507	0.0435663	0.124603	0.0871977	0.0296938	0.0599217	0.0129028	0.0471289	0.0078249	0.066164	-0.00165082	0.000490375	-0.000134074	
0.30392	0.0238444	0.0627909	0.0367912	0.0215609	0.0154901	0.0928112	0.292735	0.00218031	0.116041	0.00758277	0.102478	0.0764112	0.0932479	0.0611698	0.0439075	0.00494371	0.0829459	0.067371	-0.000888411	0.0160537	0.385644	0.00922094	-0.00724964	0.0148687	0.0478354	0.0147041	0.048453	0.124068	0.0677301	0.0253021	0.0649315	0.0120584	0.0554075	0.0100012	0.0409217	0.00120784	0.000501963	-0.000196058	
0.202949	0.0212415	0.0779936	0.0441508	0.0133404	0.0186319	0.0940786	0.389974	0.00028943	0.111042	0.00754122	0.127837	0.10104	0.103913	0.0365098	0.0895511	0.00601145	0.0854752	0.07993	-0.000888411	0.0170478	0.436483	0.0119325	-0.00714547	0.0205559	0.0332156	0.018454	0.10126	0.0931204	0.0791191	0.0346889	0.108254	0.013673	0.0579922	0.00935194	0.0398107	-0.000404677	0.000501963	0.000779632	
