-0.0439885	0.0215412	-0.0162658	-0.0238032	-0.0632535	-0.0034701	-0.0622942	-0.0631908	0.0042658	0.0658141	0.0468861	-0.0477185	-0.063542	0.102402	-0.0148815	-0.0376741	0.0079332	-0.0679541	-0.0599596	-0.0618302	-0.067302	-0.0391212	-0.0709267	0.00986845	-0.0419517	-0.0614394	0.0199723	-0.0326922	-0.0764277	-0.0358451	-0.0702903	-0.0015679	0.0004589	-0.0678964	0.015525	-0.0228947	-0.0662217	-0.0681929	-0.0493926	-0.0630029	0.0002073	0.197331	0.0156238	-0.0394156	-0.0474553	-0.064666	-0.0492295	-0.0212064	-0.0295894	-0.0635589	-0.0193424	-0.064401	-0.0055287	0.0071724	0.0582181	-0.0468035	0.206166	-0.0531388	0.0902151	-0.0443368	0.734154	-0.0356302	0.0795161	0.0113066	0.255418	-0.0638432	-0.0686684	-0.0285906	-0.0514939	-0.0735025	-0.0345632	-0.0110163	-0.0472877	-0.0702325	-0.018569	0.102637	-0.057964	-0.0708231	-0.074515	
-0.0350061	0.0383543	-0.0238032	-0.064196	-0.0257745	-0.0597416	-0.0302429	0.0042658	0.139163	-0.05034	-0.063542	-0.0656984	-0.0579523	-0.0732361	-0.0211728	-0.0400627	-0.0442792	-0.0682921	-0.018315	-0.0352298	-0.0676265	0.0292056	-0.0312919	-0.0652063	-0.0203751	-0.0622942	-0.0501396	-0.022648	-0.0474553	-0.0497297	-0.0303718	-0.02786	0.0980965	-0.0499858	0.155985	-0.0307668	0.309275	-0.0252825	-0.0189622	-0.0708537	-0.0329109	-0.0428608	-0.0716331	-0.0609047	-0.0717361	0.201043	0.20684	-0.0710344	
-0.0241127	0.0929228	-0.0259007	0.00494321	-0.0609118	-0.0258499	-0.0632817	-0.0733172	-0.0274892	-0.0698282	0.264029	-0.0372536	-0.0718066	-0.0229011	0.206915	-0.0613452	-0.0662367	-0.0479534	-0.0466688	0.00959626	-0.0060515	0.322632	-0.0627815	-0.0357655	-0.0717792	-0.0294173	-0.0585064	-0.0725565	
0.197233	0.141181	-0.0251868	0.0259107	-0.0663997	-0.0178984	-0.0630854	-0.0262042	0.00413182	-0.0698938	0.179426	-0.0620563	-0.0633922	-0.0442645	-0.0363835	-0.035798	-0.0445598	-0.0417967	-0.0442773	-0.0373808	0.195952	-0.0611942	-0.06248	
0.365837	0.0714098	-0.026025	0.0247672	-0.0534054	-0.0146834	-0.0576301	-0.0307004	-0.0112509	-0.0664063	0.266347	-0.0593699	-0.0591236	-0.0472977	-0.03878	-0.028397	-0.0413702	-0.0218263	0.0165038	-0.0238207	-0.0649162	-0.0417361	-0.0344347	0.285643	-0.0585442	
0.266417	0.0788947	-0.0225811	0.018282	-0.05665	-0.0146124	-0.0607117	-0.109951	0.00222941	-0.0649378	0.150754	-0.0586212	-0.0621423	-0.0515903	-0.0412624	0.0561915	-0.0290165	-0.0301017	-0.0656602	-0.0498178	-0.0406513	0.0111126	0.22636	-0.0599442	
0.180723	0.0245604	-0.0230136	-0.0367875	-0.0572026	-0.0139543	-0.0606981	-0.046539	-0.00458945	-0.0640765	0.113621	-0.0587658	-0.058798	-0.0525804	-0.0432425	-0.0134688	-0.104756	-0.0271902	0.0593106	-0.0643649	-0.0296972	-0.0591985	
0.270255	-0.0442874	-0.0259738	0.0249381	-0.055253	0.0129882	-0.0596104	-0.0636846	-0.00404847	-0.0655385	0.120331	-0.0587658	-0.0631546	-0.0484809	0.00380076	-0.0398466	-0.0326278	0.146493	-0.0216747	-0.0614177	-0.0666701	-0.035567	
0.319727	-0.0443762	-0.008101	-0.00686047	-0.0539727	0.00626789	-0.0587371	-0.0558074	-0.0198505	-0.0696524	0.141415	-0.0588102	0.18443	-0.0466621	-0.0694714	-0.00121753	-0.0745538	-0.0272757	-0.0634041	-0.0416489	-0.0586459	
0.178154	-0.044306	-0.00861491	0.0106231	-0.0521714	-0.0156567	-0.0587371	-0.0552	-0.0217253	-0.0675104	-0.0618468	0.160023	-0.0581605	0.112882	-0.0381564	-0.0671135	-0.00254532	-0.0574892	-0.0308659	-0.0686229	-0.0315229	
0.341587	-0.047383	-0.00794402	0.0419595	-0.0604646	-0.0159783	-0.0579491	-0.0542141	-0.0180771	-0.0695361	-0.0591843	0.0300035	-0.0364117	-0.0350513	0	0.100754	-0.0578685	0.121558	-0.0472711	-0.066828	-0.00864739	-0.0239649	-0.0490965	-0.0649499	
0.159361	-0.041619	-0.0198368	0.0425421	-0.0578564	-0.00887359	-0.061288	-0.0356699	-0.00156302	-0.0667418	-0.0608239	-0.0662038	-0.00251683	-0.0370892	0.167898	-0.0578685	0.160793	-0.0486336	-0.0649701	-0.0233014	-0.0243294	-0.0284287	
0.286607	-0.0420637	-0.0219719	0.0345456	-0.0611928	0.00453098	-0.058829	-0.0832721	-0.0345536	-0.0684901	-0.0605757	-0.0664143	0.0255217	-0.0193407	0	0.159432	-0.0578598	0.167013	-0.0503541	-0.0701476	0.0207922	-0.0322809	-0.0236787	
0.301266	-0.0410482	-0.0188094	0.0499252	-0.0560448	-0.00641577	-0.0582718	-0.0491741	-0.0372854	-0.0669712	-0.0601699	-0.063616	0	-0.0260544	0.114348	-0.0575073	0.150441	-0.0529957	-0.0633332	-0.00492778	-0.0174574	-0.0342922	
0.186125	-0.0356413	-0.0191141	0.0115253	-0.0594888	-0.0152721	-0.0599208	-0.0805664	-0.038015	-0.0653836	-0.0603487	-0.0649971	-0.0251488	0.10954	-0.0579103	0.0934888	-0.0433527	-0.0646125	0.0210267	-0.0556499	-0.0239007	
0.352513	-0.043903	-0.0175671	0.0308887	-0.0595008	-0.012735	-0.0600175	-0.0627719	-0.0671562	-0.0619245	-0.0666865	-0.0415667	-0.00937741	-0.0233777	0.00740672	0.172884	-0.058444	0.124119	-0.0474065	-0.0659176	0.00133151	-0.0364266	
0.379847	-0.0366563	-0.0172285	0.0427523	-0.0521448	-0.0150298	-0.0581982	-0.0354211	-0.0689387	-0.0589053	-0.067802	-0.0415445	-0.0042641	-0.00754707	-0.0371834	0.14125	-0.058444	0.270599	-0.0483355	-0.0682501	-0.0252781	-0.0251474	
0.162955	-0.0336107	-0.0132049	0.0364859	-0.0434246	-0.0179284	-0.0595441	-0.0326185	-0.0679096	-0.0603623	-0.0651695	-0.037348	0.0135029	-0.024242	-0.0324405	-0.0246784	0.0016816	0.120035	-0.058444	0.145702	-0.000101232	-0.0641604	-0.0556865	
0.193548	-0.0229	-0.017261	0.0350554	-0.0462397	-0.00222266	-0.0594277	-0.0301712	-0.0678828	-0.0606202	-0.0413125	-0.029401	-0.0326136	-0.0676091	-0.0198397	-0.0517493	0.114885	-0.058444	0.0940982	-0.0289807	-0.0646343	
0.310105	-0.0252191	-0.0212088	0.0447756	-0.0496349	-0.0104658	-0.0594277	-0.0192139	-0.0677094	-0.0645728	-0.0355254	0.00848291	-0.0341552	-0.0692724	-0.0381251	-0.061925	0.152677	-0.0597781	0.116174	-0.0230636	-0.0687919	
0.232425	-0.0270724	-0.0239288	0.0490192	-0.0518036	-0.0125023	-0.0587796	-0.0479342	0.0118147	-0.0694235	-0.0590284	-0.0481794	-0.0366621	-0.0671104	-0.00966183	-0.0568218	-0.0696686	-0.0309342	0.0704727	-0.0565332	0.115604	-0.0170103	
0.22467	-0.0374962	-0.0239288	0.0432305	-0.0469655	-0.0146174	-0.0595444	-0.0396993	-0.0106659	-0.0694026	-0.0609485	-0.0344066	-0.0224252	-0.0625315	-0.0167641	-0.059653	-0.068602	-0.0251094	0.00190293	0	0.22044	-0.0589175	0.16587	
0.191129	-0.0396358	-0.0239288	0.0364013	-0.0507863	-0.0140875	-0.0609638	-0.0680264	-0.00730466	-0.0697269	-0.0639651	-0.0323981	-0.0306912	-0.0669305	0.0129433	-0.0508066	-0.0685373	-0.0260479	0	-0.0228053	-0.0402954	-0.00642177	-0.0240725	0.0786923	-0.0579474	0.11504	
0.183695	-0.0300627	-0.0239288	-0.0057394	-0.046554	-0.00784594	-0.0580554	-0.0318585	0.00108619	-0.0704432	-0.0574141	-0.0228795	-0.0280702	-0.0689428	-0.0263858	-0.0611476	-0.0696099	-0.0722392	0.0158742	-0.00642177	0.0847924	0.175717	-0.0577692	
0.261169	-0.0269431	-0.017595	0.0388721	-0.0451777	0.000307134	-0.0572257	-0.0263957	-0.0173193	-0.0687182	-0.0597527	-0.0335369	-0.0375757	-0.0680513	-0.026546	-0.0622641	-0.0669331	-0.0287481	0.118317	0.00542318	-0.0345817	0.207331	-0.056154	
0.271204	-0.031021	-0.0219108	0.0438978	-0.0487793	0.000126237	-0.0603603	-0.0701941	0.0245755	-0.0704421	-0.0576706	-0.0291171	-0.0437239	-0.065318	0.0144754	-0.057488	-0.0691463	-0.0210672	0.118307	0.00681997	-0.0345424	0.184734	-0.056154	-0.0343512	
0.191828	-0.0320755	-0.0251016	0.0431123	-0.0498337	-0.00708837	-0.0578201	-0.0573191	-0.0133103	-0.070899	-0.058921	-0.0356875	-0.0335047	-0.0695365	-0.00240026	-0.062189	-0.0677605	-0.0191099	0.171065	0.00544917	-0.0155527	0.0890101	-0.058888	
0.211579	-0.0359253	-0.0172924	0.0396162	-0.04379	-0.0143013	-0.0593705	-0.0232767	-0.00330611	-0.0688375	-0.0622415	-0.0276668	-0.0286259	-0.0682969	-0.0321586	-0.0615347	-0.0623433	-0.0281542	0.21214	0.00210992	-0.0283596	0.101286	-0.058888	0.0478216	
0.195095	-0.0351354	-0.0236715	0.0483099	-0.0395353	-0.00174334	-0.0609132	-0.0224447	0.0222379	-0.0688375	-0.0596723	-0.0256895	-0.038883	-0.0694882	-0.0358809	-0.058117	-0.0678898	-0.018282	0.0894212	0.0110318	-0.0121795	0.0996954	-0.058888	-0.000282682	
0.171725	-0.029602	-0.026605	0.0261627	-0.0459237	-0.00753891	-0.0607117	-0.0292763	-0.0131501	-0.0678577	-0.0598755	-0.0231866	-0.03528	-0.0695497	-0.0291793	-0.0584039	-0.068006	-0.0418138	0.0961235	0.00349795	-0.0291358	0.112429	-0.0577001	-0.0553679	
0.195922	-0.0282926	-0.0191708	-0.0123451	-0.0449285	-0.00599273	-0.0556652	-0.0454564	-0.016627	-0.0661892	-0.058269	-0.0373703	-0.0407212	-0.0699878	-0.0224256	-0.0634691	-0.0631058	-0.0791133	0.10263	0.00614987	-0.0241799	0.104088	-0.0578975	-0.00385895	
0.165949	-0.0278033	-0.0213422	-0.0122056	-0.0467855	-0.00635156	-0.057839	-0.0702007	-0.0111029	-0.0674149	-0.0613205	-0.0297518	-0.0396973	-0.0679665	-0.0576609	-0.0575912	-0.0603416	-0.0798137	0.10173	0.0066406	-0.00131091	0.0996596	0.0220264	-0.0232007	-0.0194804	
0.202291	-0.0210497	-0.0225048	0.000190203	-0.0451782	-0.00433221	-0.0580946	-0.0560957	-0.0287795	-0.0655037	-0.0599935	-0.0282172	-0.026349	-0.0685962	-0.0589592	-0.0627021	-0.0641401	-0.0678119	0.184399	0.00735956	-0.016094	0.107015	0.000630898	
0.176658	-0.0359818	-0.0152279	0.0111519	-0.0465854	-0.0112286	-0.0599009	-0.042752	0.00671705	-0.0694258	-0.0575682	-0.0304208	-0.0287983	-0.0648157	-0.0586718	-0.0627142	-0.0684188	-0.056411	0.140168	0.00420451	-0.015812	0.0996261	
0.131444	-0.0334624	-0.0163936	0.0219259	-0.0444747	-0.0141887	-0.0590932	-0.0342693	-0.0255716	-0.0687769	-0.0587489	-0.029684	-0.0205883	-0.0661369	-0.0581637	-0.0608382	-0.0647745	-0.0466692	0.115542	0.00885091	-0.0345471	0.0717997	-0.0367584	
0.301072	-0.0269055	-0.0230266	0.0297969	-0.0483744	-0.010011	-0.0590932	-0.0286126	-0.0216837	-0.0674753	-0.0620842	-0.0396077	-0.026745	-0.0678956	-0.0574294	-0.0602298	-0.0659529	-0.0372607	0.213182	0.00922516	0.187829	-0.0267961	-0.0343815	0.162856	
0.322489	-0.0413233	-0.0278175	0.0448379	-0.049488	-0.00559347	-0.063894	-0.0190615	-0.0250414	-0.0738802	-0.0657337	-0.0420324	-0.0340074	-0.0704058	-0.0620876	-0.0617293	-0.0682865	-0.0259245	0.182425	0.00574188	0.0216379	-0.0353079	
0.285262	-0.0339787	-0.0277763	0.0244073	-0.0545301	-0.0166433	-0.0614544	-0.0309522	-0.0268228	-0.0726268	-0.0618997	-0.0290761	-0.0279488	-0.066146	-0.0610751	-0.0612278	-0.0721809	-0.0473779	0.0974164	0.00190472	0.0586105	-0.0378087	
0.400241	-0.0361071	-0.0203434	0.00890817	-0.0423814	-0.0153302	-0.0569958	-0.0469965	-0.0281696	-0.0668557	-0.0594355	-0.031113	-0.0201412	-0.0621415	-0.0555305	-0.0622083	-0.0687409	-0.0573869	0.130127	0.00588472	0.061265	-0.00584723	-0.0183445	
0.189434	-0.0340042	-0.017167	0.0247663	-0.0514123	-0.0129811	-0.0606061	-0.0289539	-0.0307021	-0.0687142	-0.0603395	-0.0362424	-0.0187218	-0.06765	-0.0603572	-0.0590062	-0.0719585	-0.0449255	0.192941	0.00588472	0.0801947	-0.00538288	-0.00398731	0.0123512	0.0353024	
0.286048	-0.0348895	-0.00355305	0.0201837	-0.0471595	-0.0184261	-0.0618827	-0.0409482	-0.0345558	-0.0693493	-0.0605162	-0.0440467	-0.0238453	-0.0696629	-0.0612245	-0.0538228	-0.071947	-0.049036	0.0708326	0.0100441	0.0594047	-0.0233296	-0.0074456	-0.0118168	
0.291612	-0.0336715	-0.0137186	0.00854149	-0.0407149	-0.00186689	-0.0637861	-0.0524494	-0.0176793	-0.0695494	-0.0633444	-0.0395095	-0.0230831	-0.0694969	-0.0612245	-0.0576053	-0.0593385	-0.0614173	0.145849	0.0158543	0.150405	-0.0179211	-0.0074456	0.0511162	0.00512549	0	
0.160077	-0.0353987	-0.0118341	0.0104583	-0.0485814	-0.013223	-0.0617737	-0.0495443	-0.0023172	-0.0691459	-0.0632316	-0.0429454	-0.0173816	-0.0666246	-0.0581311	-0.0537608	-0.060466	-0.058079	0.0848731	0.0139995	0.0774414	-0.0320741	-0.0074456	0.0698515	
0.179288	-0.0315985	-0.015192	0.0169466	-0.042522	-0.00827054	-0.0633911	-0.042891	-0.0179698	-0.0697252	-0.0629637	-0.0377623	-0.0304663	-0.0694366	-0.0596453	-0.0565773	-0.0638604	-0.0516731	0.243872	0.0106413	0.0746839	-0.0223716	-0.00408744	0.0524129	0	0	
0.286127	-0.0323561	-0.0106975	0.0183028	-0.0488524	-0.0169409	-0.0642141	-0.0395212	-0.0138861	-0.0705979	-0.0604966	-0.0374159	-0.0164785	-0.0717239	-0.0602955	-0.0510035	-0.0609472	-0.0506839	0.11864	0.0232725	0.125015	-0.0378912	-0.00408744	-0.0190691	-0.00779674	
0.142606	-0.0249265	-0.0163702	-0.0169959	-0.04746	-0.00808082	-0.0618388	-0.0783608	-0.0163607	-0.0691659	-0.0635609	-0.0423816	-0.0385136	-0.0666896	-0.0589307	-0.0577628	-0.0667564	-0.0801028	0.145172	0.0139239	0.107845	-0.0363062	0.000582369	0.0901642	
0.202683	-0.0367646	-0.00446813	-0.0124458	-0.0505985	-0.00723477	-0.0616702	-0.0703557	-0.0266469	-0.0687277	-0.0594481	-0.0437975	-0.0301115	-0.06648	-0.0589307	-0.0620224	-0.0674262	-0.0746379	0.0980297	0.0160998	0.12786	-0.0180975	0.000582369	0.032956	-0.00767115	
0.148239	-0.0286376	-0.0191935	0.0083272	-0.0380216	-0.0161465	-0.0607094	-0.0521097	-0.0340856	-0.0658834	-0.0632239	-0.0370327	-0.0350349	-0.068163	-0.0589212	-0.0603028	-0.0664784	-0.05756	0.07092	0.0186446	0.104869	0.00422405	0.000582369	0.0269367	
0.181292	-0.0331715	-0.0194941	0.0123008	-0.045702	-0.0173258	-0.0572679	-0.0446	-0.0139031	-0.0673612	-0.0594998	-0.0442562	-0.0344655	-0.0634466	-0.0578222	-0.0608339	-0.0675544	-0.0517706	0.0715942	0.00896197	0.121811	-0.000583257	0.00132969	0.00817425	
0.135323	-0.0244713	-0.0179375	-0.00442787	-0.0448163	-0.00691753	-0.0589802	-0.0570899	-0.0201289	-0.0687191	-0.0577577	-0.0454859	-0.0282024	-0.0614631	-0.0584024	-0.0565008	-0.0630711	-0.0704538	0.165327	0.0102344	0.061513	0.00153991	5.72302e-05	-0.00659989	0.0301553	0	
0.210116	-0.0298552	-0.0188315	0.0214988	-0.0493811	-0.00818262	-0.0612058	-0.0385161	-0.0265059	-0.067426	-0.0552165	-0.0308423	-0.0174278	-0.0636409	-0.0584024	-0.0574666	-0.0638374	-0.0404953	0.0684232	0.0113531	0.0694908	0.0328252	-0.00106139	0.000161053	
0.123127	-0.0277151	-0.0188315	0.0209103	-0.0386073	-0.00937647	-0.0596203	-0.0347083	-0.0248047	-0.0646853	-0.0564098	-0.0398213	-0.0181725	-0.0649481	-0.0569656	-0.0548164	-0.0628943	-0.0466948	0.14703	0.00770339	0.0943074	-0.00884565	-0.000250133	0.0131566	0.0873849	
0.111023	-0.0249099	-0.0219612	0.0189386	-0.0457239	-0.0101903	-0.0604484	-0.0314719	-0.032977	-0.067405	-0.0610658	-0.0432123	-0.0186582	-0.0604314	-0.0587702	-0.0571709	-0.0548157	-0.0507331	0.116938	0.0173907	0.0974596	-0.0201378	-0.00313782	-0.010837	-0.0172793	
0.131313	-0.0132481	-0.0140953	0.0274349	-0.0409763	0.0021458	-0.0582326	-0.0273764	-0.0130289	-0.0663652	-0.0580661	-0.0308051	-0.0393297	-0.0599306	-0.0585889	-0.0595051	-0.0601998	-0.0370672	0.134043	0.0189142	0.158283	-0.0136146	-0.00273782	0.017058	0.00708362	0.0130572	0.0849279	
0.113676	-0.0210467	-0.0139325	0.0334866	-0.0444035	-0.00869177	-0.0565674	-0.0226091	-0.0331676	-0.0611482	-0.0549012	-0.0258879	-0.00928817	-0.0636468	-0.0567381	-0.0578536	-0.059546	-0.0305168	0.118533	0.00881207	0.138292	0.00758442	0.00041996	0.00549742	0.00937354	-0.00304815	
0.124874	-0.0190874	-0.0146985	0.0240472	-0.0435658	-0.000277533	-0.0586434	-0.0322275	-0.0144059	-0.0625563	-0.0597312	-0.0310512	-0.0247164	-0.063825	-0.0577891	-0.0597866	-0.0563451	-0.0394979	0.251155	0.00881207	0.102258	0.0106624	-0.000631046	0.0107322	0.00945461	
0.0758833	-0.0216008	-0.00835129	0.0221059	-0.0438157	-0.0099164	-0.0591372	-0.0267926	-0.0168717	-0.0636271	-0.0571826	-0.0321274	-0.01957	-0.0657548	-0.0588747	-0.0547212	-0.0574402	-0.04287	0.184261	0.0176939	0.0996232	0.0224122	-0.00356179	0.0526538	0.0896672	0	
0.180099	-0.0318605	-0.0139794	0.0261594	-0.0452275	-0.00585611	-0.0593875	-0.0280603	-0.0251012	-0.0650426	-0.0607392	-0.0298278	-0.0149377	-0.065899	-0.0595723	-0.0615312	-0.0618524	-0.040295	0.132162	0.0102277	0.0689686	0.0466886	0.000955279	-0.00223086	0	
0.164634	-0.0345728	-0.0175113	-0.00381484	-0.042158	-0.0154514	-0.0579799	-0.0545942	-0.00103486	-0.064841	-0.0581998	-0.0299427	-0.0105062	-0.0632375	-0.0584309	-0.0583393	-0.0594673	-0.0671975	0.270568	0.0102768	0.0674323	-0.00109134	0.0014332	-0.0112097	-0.0181601	-0.0147057	
0.10983	-0.0241676	-0.00374443	0.0269078	-0.0445722	-0.0173486	-0.0583589	-0.0275898	-0.0171474	-0.0592689	-0.0587627	-0.0102283	-0.018516	-0.0682929	-0.0569257	-0.0625186	-0.0626881	-0.0357356	0.137017	0.0102768	0.149194	-0.0169807	0.0014332	-0.0182961	
0.103827	-0.0337397	-0.0121999	0.0339509	-0.0392143	-0.0182723	-0.0583589	-0.0205123	-0.0160899	-0.0601623	-0.0590914	-0.0212535	0.0280952	-0.0624148	-0.0569257	-0.0614234	-0.0613967	-0.0298803	0.112714	0.0185432	0.0528319	3.1925e-05	0.0014332	0.0111753	-0.0189069	
0.146988	-0.0363042	-0.0184401	0.0228429	-0.0416716	-0.0056136	-0.0640231	-0.0330392	0.00898109	-0.0647244	-0.0616558	-0.0301787	-0.0210948	-0.0665695	-0.0594901	-0.0573543	-0.0592812	-0.0446733	0.154882	0.0181502	0.0464103	-0.000984328	-0.00113126	0.0394826	
0.129345	-0.0415704	-0.0154912	0.0157922	-0.0404484	-0.0217111	-0.0613099	-0.0421827	-0.0252936	-0.0634316	-0.0602848	-0.0301843	-0.00384456	-0.0693647	-0.0595106	-0.0483873	-0.0588374	-0.0489406	0.10605	0.0236125	0.071746	-0.0055449	-0.00659354	0.0522974	0	
0.205969	-0.0348587	-0.00923958	0.0226057	-0.0420809	-0.00910573	-0.0613099	-0.0332194	-0.0151477	-0.0654591	-0.0597698	-0.028473	-0.0152627	-0.0665646	-0.0595106	-0.0557211	-0.0575107	-0.0439813	0.168003	0.0154023	0.228262	0.00461128	-0.00654773	0.00417778	
0.118345	-0.0342244	-0.0191716	0.0315965	-0.0407591	-0.0163008	-0.0616357	-0.0268436	-0.0194264	-0.0658709	-0.0616463	-0.0348921	0.00486937	-0.0672731	-0.0596957	-0.0580648	-0.0653789	-0.0347424	0.171708	0.00859079	0.0748037	-0.029098	-0.00118868	-0.013922	-0.00367761	-0.00657025	
0.0931718	-0.0367274	-0.014662	0.0314621	-0.0383542	-0.0156526	-0.0587325	-0.0218531	0.00546377	-0.0629979	-0.0576147	-0.0290336	-0.011035	-0.0657817	-0.0581119	-0.0552336	-0.0669074	-0.0321502	0.0963175	0.0130144	0.0753322	0.0172271	-0.00107971	0.00297446	0.020068	
0.0992213	-0.0350355	-0.0254266	0.0428669	-0.0352706	-0.0150405	-0.0594133	-0.00528924	-0.0135068	-0.0635077	-0.0596498	-0.0254983	-0.0148441	-0.0657717	-0.0571762	-0.055032	-0.0673644	-0.0218784	0.0605231	0.0196626	0.0766142	0.0224239	-0.000467542	0.0471166	0.126145	-0.0459343	-0.0442804	0	
0.158381	-0.0344788	-0.162503	0.0235877	-0.0383256	-0.00694511	-0.0579537	-0.0238538	-0.0254356	-0.0628972	-0.057177	-0.0129046	-0.0254637	-0.0636219	-0.0573078	-0.0512978	-0.0599055	-0.0376426	0.142261	0.0210551	0.0584287	-0.0218592	-0.00415783	0.0325973	0.144595	
0.180246	-0.0225951	-0.0226463	0.0318844	-0.0422092	-0.0142961	-0.0587397	-0.0174547	-0.0295861	-0.0628783	-0.056561	-0.0253084	-0.00802325	-0.0666038	-0.0568463	-0.051975	-0.0666566	-0.0303762	0.0917219	0.0161484	0.147463	-0.0283962	-0.000260646	0.00121427	
0.309376	-0.0310637	-0.0214617	0.033088	-0.0402317	-0.0123771	-0.0587157	-0.00655616	-0.0279923	-0.0595218	-0.0602052	-0.0144137	0.00703858	-0.062725	-0.056228	-0.0587684	-0.0624148	-0.0283487	0.0825857	0.0161484	0.0541887	-0.0123987	-0.000117875	0.0434631	
0.149031	-0.0250579	-0.012679	0.0342722	-0.0354779	-0.0081637	-0.0587157	-0.00554681	-0.00801715	-0.0633286	-0.0570674	-0.0296851	-0.0161031	-0.060616	-0.0566429	-0.0616589	-0.063622	-0.0291498	0.1213	0.0187393	0.096622	-0.0098697	0.00184036	-0.00280183	-0.00990047	-0.00783817	-0.0291155	
0.117303	-0.0340297	-0.0229366	0.0424288	-0.0392199	-0.00871266	-0.0548241	-0.00116222	-0.0131875	-0.0608514	-0.0575097	-0.0315087	-0.0069248	-0.0640254	-0.0578468	-0.0615709	-0.0674912	-0.0215768	0.110022	0.0105612	0.119099	-0.00786979	0.00184036	0.00690686	0.00604654	0	
0.139425	-0.0201772	-0.0226256	0.0303647	-0.037843	-0.00876789	-0.0589418	-0.0124458	-0.00582702	-0.0653481	-0.0591008	-0.0178395	-0.00786348	-0.0606218	-0.0566518	-0.0636069	-0.071383	-0.0332538	0.136776	0.00784026	0.100908	-0.0231661	0.00443438	-0.0133067	-0.00681822	0.00113464	
0.0487341	-0.0204274	-0.0177256	0.0225712	-0.0335367	-0.000862641	-0.0553091	-0.0196184	-0.0200167	-0.0637062	-0.0571229	-0.0118263	-0.0332326	-0.0627061	-0.0589052	-0.0612618	-0.07028	-0.0410483	0.163042	0.0159719	0.0698382	-0.0248958	0.00443438	0.0336387	-0.00261307	-0.0269461	
0.107257	-0.0315333	-0.022779	0.0128117	-0.0423751	-0.00769392	-0.0621736	-0.0395092	-0.0168679	-0.0688663	-0.0595742	-0.0160207	-0.0147376	-0.0611043	-0.0607423	-0.0608698	-0.0682059	-0.0523745	0.127262	0.00581822	0.131849	0.00825018	0.00130223	-0.0140092	0.00382952	-0.151658	
0.105865	-0.029563	-0.0231823	0.037983	-0.040462	0.00512805	-0.0591038	-0.0106722	-0.00269966	-0.0673708	-0.063497	-0.0353959	-0.0274149	-0.064179	-0.0609724	-0.0559806	-0.0644232	-0.0250149	0.112541	0.00435991	0.0641829	0.00270149	0.00130223	-0.0196167	-0.00598742	
0.134516	-0.0312865	-0.0266813	0.0332437	-0.0494632	-0.0048087	-0.0591264	-0.0193279	0.0142329	-0.0696695	-0.0630456	-0.0449818	0.00603124	-0.0684213	-0.0641455	-0.0638528	-0.0656092	-0.0356949	0.155678	0.0038462	0.0397377	-0.00227097	-0.0019763	0.018986	0.000397654	
0.0853123	-0.0258191	-0.0319826	0.0413174	-0.04882	-0.00803322	-0.0617835	-0.0135979	-0.0156273	-0.0675419	-0.0642815	-0.0435783	-0.0103634	-0.069747	-0.0641455	-0.0652943	-0.067532	-0.0241998	0.245955	0.00687746	0.0766654	0.0116254	-0.0025742	0.000481703	-0.00253717	
0.208848	-0.0356692	-0.0259968	0.0371528	-0.0485973	-0.0169228	-0.0620437	-0.0156556	0.00807738	-0.0661068	-0.0636404	-0.0278189	-0.00796288	-0.0596896	-0.06134	-0.0662461	-0.0686663	-0.0318943	0.0741693	0.00687746	0.131987	0.0106291	-0.00176508	0.0375667	0.0156767	
0.169426	-0.0282186	-0.019752	0.0343493	-0.0432121	-0.0131762	-0.0587349	-0.0177412	-0.0229221	-0.0664879	-0.0570047	-0.0356164	0.00769675	-0.0595162	-0.0591318	-0.0620925	-0.0691836	-0.0267969	0.0904459	0.00687746	0.0644251	0.0101061	0.00154371	-0.00823239	0.0150771	
0.152573	-0.023007	-0.027074	0.0284174	-0.0417604	0.00141481	-0.0565055	-0.0253677	-0.0128772	-0.064522	-0.0577217	-0.0267591	-0.018692	-0.0549769	-0.0593028	-0.0684405	-0.0713464	-0.0373493	0.184337	-0.00274664	0.111966	0.0167291	0.00655676	-0.00883061	0.00585517	-0.0352854	-0.0230784	
-0.000390839	-0.0335683	-0.0173473	0.0448922	-0.0445919	0.00508521	-0.060334	-0.00336637	-0.00999254	-0.066937	-0.0629525	-0.0287023	-0.0333731	-0.0671346	-0.0616367	-0.0657419	-0.0647832	-0.0176846	0.0945729	0.00666489	0.113978	-0.00980532	0	0.0380352	-0.00602169	
0.00027417	-0.0335683	-0.0301441	0.00904453	-0.0390788	-0.00771734	-0.0578314	-0.0442956	-0.0319119	-0.0666988	-0.0631318	-0.0217626	-0.0148537	-0.0621501	-0.0620701	-0.0652901	-0.0662484	-0.0589234	0.139136	-0.000952822	0.0884887	0.00148549	0.0402847	0.00336231	
-0.00150578	-0.0372083	-0.018424	0.0340351	-0.0449319	-0.0151863	-0.0624059	-0.0214309	-0.027526	-0.0689812	-0.0613826	-0.0308802	-0.00896775	-0.0599168	-0.0613165	-0.0615038	-0.0610185	-0.0274892	0.13781	-0.00345277	0.151553	-0.0256643	0.00489011	0.00522893	0	0.0289086	-0.026704	
-0.000134665	-0.0173004	-0.0234975	0.0359442	-0.0403424	-0.0137504	-0.0602152	-0.0112269	-0.0260383	-0.0672664	-0.0610774	-0.0395901	0.00480128	-0.0605284	-0.06086	-0.0615676	-0.0589268	-0.0250246	0.126745	0.00690183	0.0731208	0.031807	0.0188521	-0.00605542	-0.00297801	0.00422454	
-0.000134665	-0.0329991	-0.0234975	0.0295302	-0.032532	-0.00670363	-0.0589017	-0.027678	-0.0355509	-0.0655505	-0.0609147	-0.0198377	-0.0225946	-0.0566935	-0.0590535	-0.0622868	-0.0595403	-0.0337511	0.130995	0.00690183	0.108667	-0.00639238	0.0128332	-0.0125869	
0.006875	-0.0347763	-0.0305072	0.00527662	-0.0415428	-0.0110925	-0.0606987	-0.0383834	-0.0237672	-0.0666975	-0.0620881	-0.0185757	-0.0112335	-0.0626185	-0.0614316	-0.064649	-0.0601217	-0.0586911	0.0748489	-0.000107837	0.105659	0.0116217	-0.0123181	-4.19605e-05	-0.0150221	
-0.00172566	-0.0319989	-0.00630777	0.0264384	-0.0449872	-0.0127961	-0.061762	-0.0295447	-0.0254278	-0.066377	-0.060824	-0.0227941	0.00161464	-0.0655001	-0.0620474	-0.0595135	-0.0563645	-0.0387637	0.14397	0.00780744	0.0736924	0.00335087	0.0226837	-0.0162194	0.0161727	0.161293	
-0.00172566	-0.0250611	-0.0145449	0.0210408	-0.029144	-0.0114788	-0.0624306	-0.0319778	-0.0316002	-0.0672347	-0.0583802	-0.042716	-0.016934	-0.0616834	-0.060336	-0.0589677	-0.0558944	-0.0481763	0.0823867	0.00759537	0.0819552	-0.00223776	0.00930434	0.0273513	0.00958642	
-0.00172566	-0.030596	-0.012342	0.0330919	-0.0369049	-0.0173263	-0.0614799	-0.0202199	-0.0295344	-0.0657492	-0.0641765	-0.03807	-0.0119785	-0.053615	-0.0604446	-0.0607266	-0.0611901	-0.0363638	0.0873961	0.00897521	0.0696902	0.0354067	0.0269039	0.00472152	
-0.00302552	-0.0308687	-0.00948783	0.0096176	-0.0375387	-0.0140745	-0.061372	-0.0459659	-0.0271125	-0.0704519	-0.0601188	-0.0347057	-0.021752	-0.0588536	-0.0617445	-0.0578578	-0.0484988	-0.0566613	0.140487	0.00845367	0.073258	-0.00584048	0.0119804	-0.00712106	-0.0280742	-0.0216945	
-0.00265374	-0.025187	-0.0157503	0.0149346	-0.0370695	0.000120765	-0.0615406	-0.0347729	-0.0406062	-0.0690125	-0.0654649	-0.0282158	-0.0330162	-0.0524317	-0.0613375	-0.0617619	-0.0664527	-0.052346	0.139852	0.0118621	0.176976	-0.0231646	0.0211298	0.00016108	0.00415333	
-0.0031386	-0.0235853	-0.0157503	0.011798	-0.0375543	-0.0120373	-0.0604301	-0.0426535	-0.0271222	-0.0711883	-0.06298	-0.0360711	-0.0221143	-0.0584909	-0.0618567	-0.0559044	-0.0595454	-0.0539087	0.158738	0.0128289	0.143185	-0.0115797	0.0313024	-0.0183008	0.0199453	
-0.00203497	-0.0245773	-0.00825549	0.0279423	-0.0375671	-0.0114293	-0.0610315	-0.0318186	-0.022505	-0.0700461	-0.0596954	-0.0358038	-0.0158169	-0.0478538	-0.0619527	-0.0584799	-0.0576403	-0.0346999	0.169852	0.0155058	0.0939703	-0.0164285	0.0248328	0.0179328	
0.00160438	-0.0245773	-0.021201	0.0183584	-0.0375671	-0.0114293	-0.0587517	-0.0375996	-0.0321585	-0.0673932	-0.0598438	-0.0329548	-0.0158169	-0.0570587	-0.06068	-0.0615932	-0.0577202	-0.0456031	0.169335	0.0118665	0.0837663	-0.00758858	0.0144427	0.0174118	0.00618499	
0.00160438	-0.023177	-0.0183427	0.0107589	-0.0343876	-0.0130139	-0.059054	-0.0376675	-0.0438587	-0.0664811	-0.0579433	-0.0341028	-0.0113894	-0.0579052	-0.061916	-0.0627912	-0.0572855	-0.0473728	0.0587802	0.00349378	0.0943509	-0.0194137	-0.0101234	-0.0132849	0.00787244	-0.0202908	0.0218098	
0.000728506	-0.0256973	-0.0117951	0.0234004	-0.0436533	-0.0133901	-0.0581676	-0.0253533	-0.0296923	-0.0679861	-0.0646516	-0.0259634	-0.0256143	-0.0621958	-0.0620097	-0.0672564	-0.0461515	-0.0419558	0.256342	0.0102008	0.0532537	-0.020946	-0.00807434	-0.0122782	0.00765123	
-0.00115264	-0.0197606	-0.00945198	0.0190476	-0.037582	-0.0012707	-0.0620906	-0.034733	-0.0426332	-0.0703583	-0.0630568	-0.0268321	-0.0337603	-0.0548554	-0.0603021	-0.062354	-0.0593629	-0.0445236	0.10978	0.0204016	0.188114	-0.0246953	-0.00301181	0.00866815	0.0111038	0	
-0.00115264	-0.034675	-0.00861776	0.0259238	-0.0359961	-0.00462288	-0.0588426	-0.0252603	-0.0286938	-0.0691719	-0.0625624	-0.0383414	-0.0301804	-0.0633805	-0.0603021	-0.0537348	-0.0612827	-0.0372027	0.0365948	0.0160603	0.173234	0.00154707	0.0139897	-0.0271303	0.00855441	0.0576363	0	0.0202925	
-0.00131265	0.00213016	-0.0137294	0.0208994	-0.0381028	0.00253463	-0.0601593	-0.036269	-0.021927	-0.0703539	-0.0626814	-0.0374381	-0.0339963	-0.0552851	-0.0604033	-0.0609092	-0.0536044	-0.0409687	0.200766	0.00924041	0.18086	-0.0141296	0.0137893	-0.0121092	0	
-0.00131265	0.00213016	-0.00808836	0.0226383	-0.0417644	-0.00525069	-0.0572722	-0.031407	-0.0148088	-0.0685242	-0.0633265	-0.034131	-0.034101	-0.0596348	-0.0608851	-0.0598798	-0.0571345	-0.0405243	0.0960765	0.0200036	0.118032	0.0164533	0.0137893	0.00184772	
0.000672497	0.00429635	-0.0137734	0.0172256	-0.0296745	-0.00610821	-0.0598544	-0.0383044	-0.00678842	-0.0702179	-0.0635411	-0.0377717	-0.0103696	-0.0627107	-0.060919	-0.0625515	-0.0575433	-0.0481492	0.0433797	0.0179846	0.162426	-0.0239967	-0.00833996	0.000534625	0.0382541	-0.00133209	0	
0.000672497	0.00823976	-0.0137734	0.0330137	-0.032906	-0.00858713	-0.0617836	-0.021671	-0.0320744	-0.0702867	-0.060936	-0.0192451	-0.0221062	-0.0596434	-0.0613175	-0.0603901	-0.0349037	0.0813859	0.0151982	0.116711	-0.0258583	-0.000784475	0.00299365	-0.00716663	0	0.0289272	0.0289659	
0.00285895	0.00563197	-0.00563543	0.00566125	-0.0280822	0.00622841	-0.0557094	-0.0436056	-0.031184	-0.0657623	-0.0554858	-0.02971	-0.0392729	-0.0456394	-0.0550606	-0.0477287	-0.0588964	0	0.103956	0.0180597	0.114117	-0.0112292	0.00827547	0.000841826	-0.0598375	
0.0016402	-0.00459795	-0.00699205	0.0356017	-0.0360747	-0.0025291	-0.0577425	-0.0159995	-0.0160646	-0.0655839	-0.0596798	-0.028501	-0.0234965	-0.0421189	-0.0565391	-0.0227119	0.0808861	-0.0588688	-0.0461961	0.01124	0.157456	-0.031014	0.0037959	0.0125201	0.0838539	0.0237687	
0.00155176	-0.000231784	-0.00978377	0.0166183	-0.0369408	0.0113575	-0.0597331	-0.0252629	-0.0284323	-0.0664426	-0.0580521	-0.0221746	-0.0424609	-0.0566421	-0.0567379	-0.035813	0.137984	-0.0639095	0.0202992	0.128031	-0.020824	0.0272802	0.0531766	-0.0285112	
0.00155176	0.00736576	-0.00370589	0.0173355	-0.0338767	-0.00996416	-0.0586062	-0.0329304	-0.041469	-0.0647992	-0.0594846	-0.0249226	-0.0211393	-0.0632275	-0.0577614	-0.0449674	0.0794625	-0.061794	0.0181818	0.125386	-0.0137665	0.0561363	0.0470795	-0.055003	
-0.00220751	0.00108311	-0.00986526	0.0199192	-0.0360298	0.00263056	-0.0611917	-0.0280408	-0.022176	-0.0711432	-0.0593631	-0.0255509	-0.042227	-0.0599126	-0.0615926	-0.043454	0.16728	-0.0625487	-0.00710583	0.0225132	0.13826	0.00664694	0.0201058	0.0165231	-0.0153626	
-0.00284388	0.000724828	-0.00323288	0.0312836	-0.0323022	0.00375721	-0.0611917	-0.0208797	-0.0340299	-0.0686281	-0.062586	-0.0305291	-0.0407274	-0.0588903	-0.0615926	-0.0287497	0.125002	-0.0594858	-0.00383535	0.0128503	0.163173	0.00880473	0.0629746	
-0.000899687	0.0099229	-0.00574414	0.0247646	-0.0375048	-0.00776286	-0.0614257	-0.0316729	-0.0355341	-0.0693557	-0.0594818	-0.0208312	-0.0199226	-0.0583747	-0.0605289	-0.0354086	0.160706	-0.0627565	0.00446781	0.0210109	0.233375	-0.0280742	0.0621267	
-0.000899687	0.00122686	-0.00910768	0.0353042	-0.03663	-0.00518126	-0.0617268	-0.0169851	-0.0195537	-0.0694127	-0.0612359	-0.0281002	-0.0156409	-0.0624996	-0.0601432	-0.028284	0.0621215	-0.0608194	0.0125526	0.0217493	0.127394	0.0236452	0.00409521	
-0.000899687	0.00989919	-0.00685318	0.0110281	-0.0370574	-0.00700589	-0.0629728	-0.043777	-0.0266474	-0.0681175	-0.0629729	-0.0385235	-0.0159021	-0.0516516	-0.0613748	-0.0515475	0.0784025	-0.0628574	0.00145352	0.0217493	0.203784	-0.0222126	0.0602941	0	-0.00983287	
-0.000899687	0.00671771	-0.00818744	0.0248337	-0.0387288	-0.00767373	-0.063667	-0.0254844	-0.0375913	-0.0708331	-0.0609859	-0.0320613	-0.022134	-0.0647431	-0.0613368	-0.0346803	0.194842	-0.0637934	-0.00905736	0.0217493	0.103741	-0.00562566	0.0633242	0.00839943	
-0.00210637	0.00671771	-0.015918	0.0179606	-0.0420504	-0.0108592	-0.0617873	-0.0316477	-0.0254499	-0.0697703	-0.0599334	-0.0350457	-0.0149568	-0.0621141	-0.0613368	-0.0338294	0.0946239	-0.0648076	0.00509504	0.0202406	0.14912	0.00510716	0.0416601	-0.0297243	
0.000426171	0.0101184	-0.0157586	0.0189768	-0.0435784	-0.0122611	-0.0613018	-0.0399233	-0.0381617	-0.0713215	-0.0618484	-0.0171426	-0.0118719	-0.0637482	-0.0624008	-0.0470735	0.0459487	-0.0638948	-0.0241827	0.00762684	0.162906	-0.0112159	0.0210084	-0.0192229	
-0.00612003	0.00923013	-0.0124707	0.0303284	-0.0401646	-0.00928913	-0.0612237	-0.0319507	-0.00307077	-0.0716483	-0.064163	-0.028813	-0.0132576	-0.0631088	-0.0624785	-0.0391652	0.105376	-0.06296	-0.0185248	0.0105989	0.0768972	-0.0139546	0.0456701	0.0199481	-0.0342202	-0.016651	
-0.00612003	0.00372792	-0.0175062	0.0242756	-0.0510812	-0.0144504	-0.0596941	-0.0361494	0.0136693	-0.0698079	-0.0626991	-0.0300047	-0.0144566	-0.0667851	-0.0630939	-0.0462205	0.153327	-0.055977	-0.0168109	0.0105989	0.0946944	0.00484262	0.0645754	-0.00347409	-0.057663	
-0.00417208	0.00281435	-0.0197007	-0.00285876	-0.0383674	-0.0130248	-0.0623489	-0.0604422	-0.00279445	-0.0694197	-0.0606618	-0.028839	-0.011895	-0.0618807	-0.0625502	-0.068866	0.071768	-0.0622686	-0.0213623	0.018632	0.0706939	0.00152532	0.00207107	0.0390862	0	
-0.00105643	0.00804674	-0.0193984	0.0251609	-0.0410274	0.000552877	-0.0590691	-0.0205106	-0.0183376	-0.0662136	-0.0582068	-0.0152699	-0.00666574	-0.0574476	-0.0568376	-0.0375617	0.0563217	-0.0656352	-0.00714306	0.0147303	0.141901	0.00273574	0.0575974	0.117175	-0.00688119	
-0.00174019	0.016468	-0.0193984	0.0255001	-0.0441042	0.00760163	-0.0594211	-0.0309655	-0.0225804	-0.0672464	-0.0589836	-0.0282158	-0.0239842	-0.0568335	-0.0599918	-0.0414135	0.182983	-0.0645856	-0.0153248	0.0144833	0.12807	0.0254188	0.0383217	-0.0367974	
-0.00255744	0.00680124	-0.0153082	0.0124149	-0.0465624	-0.00361094	-0.0576774	-0.0405938	-0.00525935	-0.0677784	-0.0584768	-0.0177283	-0.0127716	-0.0596977	-0.0601075	-0.0531017	0.127338	-0.0627102	-0.00771582	0.0153006	0.132986	-0.0190038	0.0909862	-0.0204812	0	0.00283848	-0.0186226	0.0111534	
-0.00255744	0.00950767	-0.0160721	0.0134127	-0.0399387	0.00206974	-0.0624027	-0.0409148	-0.0127591	-0.0681082	-0.0574139	-0.0327908	-0.0127228	-0.0550045	-0.0601075	-0.0502373	0.134822	-0.0619844	-0.0044956	0.0153006	0.0905803	-0.0142659	0.0660264	-0.0220272	0	
0.00336863	0.00503873	-0.0267181	0.0127309	-0.0398491	-0.00628413	-0.0621144	-0.0423047	-0.0298821	-0.0662708	-0.057156	-0.0218601	-0.00230022	-0.05418	-0.0585926	-0.0472986	0.0770601	-0.0687025	-0.0133937	0.00963246	0.163551	-0.01455	0.0697548	-0.0290154	-0.0237833	-0.00181321	
-0.000845461	0.0030772	-0.0312577	0.0208436	-0.0372831	0.0023737	-0.0604355	-0.037974	-0.0145931	-0.0684598	-0.0535146	-0.0373821	-0.0205211	-0.0594839	-0.0595308	-0.041068	0.0821057	-0.0662323	-0.00400818	0.00616758	0.0843527	-0.028627	0.0715002	-0.0138908	
-0.000845461	-0.00115191	-0.0156539	-0.0005793	-0.0405743	-0.0143967	-0.0599247	-0.054905	-0.0215205	-0.0677911	-0.0554788	-0.0263888	0.0108867	-0.056338	-0.0591128	-0.0586619	0.108688	-0.0659104	-0.00950304	-0.00100107	0.158894	-0.0338223	0.0554824	-0.0138908	
-0.000754112	-0.00115191	-0.0190647	0.00978037	-0.0382597	-0.0161403	-0.0603289	-0.0467932	-0.0126301	-0.0668883	-0.0528467	-0.0192032	-0.0145009	-0.0595022	-0.0589602	-0.0533134	0.0915678	-0.0626972	-0.0181085	0.00265334	0.0987296	0.0111414	0.0323695	-0.0114109	
-0.00280132	-0.00767277	-0.0251954	0.00270946	-0.0442733	-0.0190482	-0.0665621	-0.0538144	-0.0345709	-0.0758957	-0.0615326	-0.0288483	-0.00537853	-0.0707908	-0.0656693	-0.0703301	0.140436	-0.0676244	-0.0125129	-0.00223308	0.0607329	-0.020875	0.0430003	-0.0176391	
0.00290284	0.0017541	-0.0300271	0.0137525	-0.0338247	-0.000319792	-0.0623819	-0.0418663	-0.012607	-0.0683162	-0.0569297	-0.0296124	-0.00837392	-0.0636352	-0.0599651	-0.0518595	0.0838324	-0.0649947	-0.0256099	0.00944784	0.0746464	-0.0231369	0.0175735	-0.0192813	
0.00280055	0.000728994	-0.0236255	0.000762879	-0.0382057	-0.00684474	-0.0630145	-0.0549761	-0.023969	-0.0670709	-0.055805	-0.0168548	-0.00222731	-0.0614734	-0.0606754	-0.0641717	0.043225	-0.0706485	-0.0178598	0.00134894	0.111213	0.00233529	0.018461	-0.0323722	0.00344496	0	
-0.00013565	-0.00380576	-0.025181	0.0203725	-0.0433637	-0.016851	-0.0648383	-0.0393635	-0.0340633	-0.0740138	-0.0607756	-0.0279906	-0.0216884	-0.0739819	-0.0630243	-0.0505296	0.0483145	-0.0689045	-0.0179041	0.00509888	0.074928	-0.0161936	0.0398683	-0.0242567	0	
-0.00598446	-0.00380576	-0.00971653	-0.00451378	-0.0541849	-0.00725035	-0.0670394	-0.0668122	-0.0112318	-0.073034	-0.0609223	-0.0379148	-0.0281016	-0.0722694	-0.0660115	-0.0766552	0.0627784	-0.0643313	-0.00678573	0.00561831	0.124946	-0.0230454	0.0387857	-0.0193377	
0.000114026	-0.0052373	-0.025315	-0.00684162	-0.0403532	-0.0200864	-0.0617897	-0.0640324	-0.0260194	-0.0723207	-0.0584423	-0.0185972	0.0125248	-0.0695255	-0.0630171	-0.0723117	0.146749	-0.068389	-0.0111243	0.00626411	0.124973	-0.00737591	-0.000319849	-0.0179305	0.053708	-0.0406918	-0.0257144	
-0.00188909	0.0104113	-0.0233119	0.00835998	-0.0465735	-0.0218325	-0.0623443	-0.0508153	-0.0235861	-0.0725093	-0.0589135	-0.0378159	0.00784775	-0.067758	-0.0621291	-0.058881	0.0642702	-0.0637015	0.00100087	0.00216191	0.0832147	-0.00268508	0.0417907	-0.0230994	0	0	
-0.00584247	0.0125695	-0.00992028	0.00554759	-0.0435186	-0.00196786	-0.0631182	-0.0545893	-0.0408405	-0.0709397	-0.0597176	-0.0320867	0.000591161	-0.0632714	-0.062417	-0.0643175	0.159089	-0.0566438	-0.016211	0.00611529	0.135159	0.00818917	0.0681168	-0.0202438	
-0.00535152	0.00725036	-0.0107261	0.0204364	-0.0459603	-0.0120876	-0.0641339	-0.037403	-0.0271598	-0.0715996	-0.0589939	-0.0402101	-0.0158802	-0.0668172	-0.062417	-0.0468877	0.218676	-0.0614985	-0.000336293	0.0149489	0.102941	0.0106952	0.0289915	-0.0174265	0.00376929	
-0.00535152	-0.0059812	-0.0190838	0.0237332	-0.0401356	-0.0122367	-0.0636365	-0.030866	-0.0295701	-0.0726062	-0.0601853	-0.0260519	-0.0108759	-0.0643675	-0.0621643	-0.0448105	0.118694	-0.0629264	0.00305773	0.0174373	0.182446	0.00128716	0.0623945	-0.0127663	-0.0153465	
0.000423213	-0.000121587	-0.0237595	-0.00500282	-0.0452788	-0.00901568	-0.0649783	-0.0594729	-0.0183384	-0.0715788	-0.0591607	-0.0211771	-0.0162337	-0.0659244	-0.0600394	-0.0642881	0.0705316	-0.0632149	-0.00761098	0.00221934	0.195007	0.000136214	0.0517716	-0.0252983	0.0731854	
-0.00146361	-0.00615087	-0.0212224	0.0205783	-0.040035	-0.0220638	-0.0616377	-0.0373103	-0.0214448	-0.0714321	-0.058997	-0.0243439	0.00271713	-0.0660736	-0.0622894	-0.0399641	0.158402	-0.0643168	0.00101492	0.00446398	0.151485	0.063202	0.0473484	-0.0157592	
0.00131712	-0.00138244	-0.0310342	-0.00682564	-0.0326528	-0.00238279	-0.0564307	-0.0636309	-0.0280474	-0.0682102	-0.0563281	-0.0174819	-0.0199767	-0.0640566	-0.0569428	-0.0718101	0.209168	-0.0626531	-0.0156683	0.00490513	0.0947536	0.066668	0.0221857	-0.0141786	
-0.00420553	-0.00953336	-0.0239216	0.00737484	-0.0404099	0.00276445	-0.0624342	-0.0503278	-0.00694405	-0.0703066	-0.0588906	-0.0295455	-0.0171863	-0.0707087	-0.0601077	-0.0628702	0.182084	-0.0543317	-0.0131637	0.0176264	0.199807	0.0358853	0.0873588	-0.0264906	
-0.00189299	-0.0059677	-0.0271059	-0.00110966	-0.032024	-0.00541699	-0.0600942	-0.059361	-0.0213422	-0.0676026	-0.0581952	-0.0218979	-0.00810613	-0.0653633	-0.0583557	-0.0641468	0.0982649	-0.0622878	-0.0130378	0.0162126	0.157529	-0.0169182	0.0300836	0	
-0.00286433	-0.00108115	-0.0180604	0.0125652	-0.0359996	-0.00171979	-0.056468	-0.0412376	-0.0108879	-0.0671723	-0.0572704	-0.0235264	-0.0157375	-0.0668207	-0.0589776	-0.053532	0.0631364	-0.0558211	-0.00164477	0.0189417	0.06762	0.00721272	0.0321221	0.107044	0.028291	-0.0095062	
-0.00486405	-0.000712361	-0.0233058	0.0181384	-0.0374897	-0.0105104	-0.0599615	-0.0308072	-0.00934816	-0.0650201	-0.0574237	-0.0230775	-0.0125274	-0.066532	-0.0574833	-0.0469174	0.124898	-0.0595721	-0.017413	0.0218401	0.104469	-0.00517977	0.035382	0.0447914	-0.0257306	
0.00168354	-0.00214888	-0.0241886	0.00840368	-0.0397871	-0.012237	-0.0588695	-0.0495976	-0.0076105	-0.0670783	-0.060747	-0.0280492	0.00960518	-0.0662378	-0.0591344	-0.0584994	0.245075	-0.0679908	-0.0169163	0.00474236	0.14343	0.0260621	0.0278871	0.0375176	0	
0.00168354	0.0022292	-0.0203448	0.0259258	-0.0370108	0.000207329	-0.0588695	-0.0341713	0.00851742	-0.067452	-0.060747	-0.0264257	-0.0116793	-0.0667722	-0.0585359	-0.0409645	0.0945492	-0.0621337	0.0139224	0.00636285	0.164658	0.0171473	-0.000183119	0.00245484	0.0433671	
0.00168354	-0.00347524	-0.0197435	0.0159379	-0.0446195	-0.00280522	-0.0589146	-0.0434557	-0.0147927	-0.0625453	-0.0598554	-0.019529	-0.0232285	-0.0697858	-0.0588183	-0.0496145	0.110916	-0.0644621	0.0054899	0.0130396	0.189814	0.0101742	0.0423415	0.0340765	0.0590721	
-0.00574696	-0.00302582	-0.0126901	0.022558	-0.0386094	-0.00145253	-0.0580765	-0.0342784	-0.0103252	-0.0690282	-0.0560608	-0.0104208	-0.0171183	-0.0685579	-0.0588183	-0.0382137	0.106478	-0.056967	0.0186846	0.0126299	0.0775846	-0.0027484	0.0404665	0.00977683	
-0.00574696	-0.00109995	-0.0202979	0.030423	-0.0427355	-0.00300795	-0.0580765	-0.0270534	-0.0216519	-0.0641287	-0.0603224	-0.00992681	-0.00811988	-0.0562833	-0.0577279	-0.0355398	0.120551	-0.0585023	0.00742693	0.0126299	0.171135	-0.00227246	0.025258	0.0181704	0.0783766	0	
-0.00574696	-0.00488647	-0.0127325	-0.00973034	-0.0439752	-0.00812832	-0.0584061	-0.0668606	0.014573	-0.0651322	-0.0562418	-0.0120693	0.00295473	-0.0636861	-0.058411	-0.0722448	0.242836	-0.051807	0.024013	0.0286583	0.119318	-0.00247931	0.0481997	0.0187619	-0.0213142	-0.0261141	
-0.00680143	-0.0019259	-0.0127325	0.0207896	-0.046305	-0.00518621	-0.0589086	-0.0365154	0.00748342	-0.0655322	-0.0609024	-0.0243151	0.00344804	-0.0660632	-0.0584456	-0.0466984	0.17246	-0.0584495	0.0221626	0.022104	0.0927645	-0.00741151	0.0127923	0.0272796	-0.0332337	-0.0145415	
-0.00680143	-0.00517711	-0.0137836	0.00151102	-0.0435424	0.000482332	-0.0629233	-0.0562898	-0.0060332	-0.0682283	-0.0587646	-0.027046	-0.0162399	-0.0673083	-0.058443	-0.0647824	0.0663624	-0.0572441	0.0126416	0.0240106	0.107542	0.0479182	0.0706007	0.0145887	0	
-0.00213386	-0.00272502	-0.0147092	0.028887	-0.050039	-0.00284353	-0.0630084	-0.0268477	-0.0142495	-0.0674017	-0.0588612	-0.0252338	-0.0130189	-0.0696089	-0.0603789	-0.0365395	0.0528386	-0.0606765	-0.01684	0.00564986	0.139772	0.000475353	0.0246753	0.00987494	0.00648745	
-0.00494074	-0.00606523	-0.0233655	0.0151852	-0.0454381	0.00023899	-0.0590928	-0.0397799	0.00892038	-0.0641394	-0.0579337	-0.0202226	-0.00967277	-0.0542127	-0.0587901	-0.0533852	0.156837	-0.0563403	-0.00332734	0.0074745	0.10857	0.0206732	0.0531608	0.0142706	0	-0.0229108	-0.00481167	
-0.00360658	-0.00606523	-0.0164437	0.0320096	-0.0454381	-0.0104071	-0.0590928	-0.0194225	-0.0202561	-0.0658697	-0.057525	-0.0091521	-0.012039	-0.0494694	-0.0566636	-0.0340393	0.0497059	-0.056983	-0.0114197	0.00868243	0.110055	0.0732778	0.0208764	0.0164776	0.00152673	-0.0282151	0.0256233	
-0.00385416	-0.00382099	-0.0186975	0.0315989	-0.0470655	-0.0013206	-0.0608605	-0.026404	-0.0127483	-0.0611476	-0.0587199	-0.0186347	-0.0178037	-0.0649757	-0.0566636	-0.0296545	0.0899992	-0.0584518	2.04251e-05	0.00893001	0.152249	-0.00974817	0.0155457	0.0170448	
-0.000865384	0.00193125	-0.0219671	0.022296	-0.04871	-0.00296512	-0.0621625	-0.0361847	-0.0159293	-0.0595756	-0.061358	-0.018757	-0.0107016	-0.0663612	-0.0586016	-0.0325879	0.0631754	-0.0636876	-0.01474	0.0152759	0.103215	0.020941	0.0184352	-0.00400975	
-0.000865384	0.000351607	-0.0259715	0.0354965	-0.04871	-0.00234002	-0.0640866	-0.0250938	-0.013833	-0.0649973	-0.0584385	-0.0200557	-0.0232607	-0.0666174	-0.0586415	-0.0309203	0.0872428	-0.0665879	-0.0323303	0.00746183	0.0989102	0.00698097	0.0294697	0.0109906	
-0.00518176	-0.00229315	-0.0118464	0.00245116	-0.0472561	-0.000803882	-0.0628802	-0.0552088	-0.0281789	-0.0608434	-0.0572613	-0.024255	-0.0156847	-0.0629562	-0.0586146	-0.0574626	0.0752192	-0.0551695	-0.0153229	0.0196392	0.0873041	0.0279195	0.015555	0.00991309	
-0.00518176	-0.00197138	-0.0234924	0.0258436	-0.0464296	0.00307542	-0.0624572	-0.0317109	-0.0172784	-0.0635851	-0.0604108	-0.0252624	-0.0166242	-0.0671729	-0.0586146	-0.039008	0.0944393	-0.0530392	0.0122206	0.00450181	0.124145	0.0121047	0.0316471	0.00983808	6.41096e-05	
-0.00122139	-0.0105217	-0.025407	0.0302333	-0.0464296	0.00922854	-0.061609	-0.0275764	-0.0369584	-0.0625423	-0.0611819	-0.0195509	-0.0262311	-0.0651927	-0.0590829	-0.0324788	0.092324	-0.0586585	-0.0104624	0.0129176	0.171144	0.0283852	0.000607703	0.00587771	-0.0158863	
-0.00122139	-0.0011863	-0.0183998	0.0298026	-0.0464296	0.00871215	-0.0609061	-0.0263344	-0.0186355	-0.0600036	-0.059898	-0.0145699	-0.0364627	-0.0681013	-0.0570192	-0.0300357	0.0827597	-0.0598646	0.000760317	0.0240069	0.151644	0.0504603	0.0407579	-0.0123769	
-0.00173734	-0.00776078	-0.0136704	0.0376375	-0.0469191	0.00462541	-0.0598916	-0.0172698	-0.00608269	-0.0610324	-0.059604	-0.0304667	-0.0178267	-0.0584663	-0.0570192	-0.027924	0.146531	-0.056969	0.0039678	0.0151998	0.082831	0.0342865	0.00681508	-0.00747737	
2.63282e-05	-0.00208195	-0.0190723	0.0331524	-0.0441703	0.00929078	-0.057639	-0.0254217	-0.0130561	-0.0628142	-0.0604818	-0.0382181	-0.0197864	-0.0662909	-0.0591924	-0.0247338	0.067823	-0.0628496	-0.0149774	-0.000818007	0.057069	0.0532581	-0.0101082	0.0105388	
2.63282e-05	-0.00803142	-0.0267449	0.0371447	-0.0468806	-0.00811967	-0.0566584	-0.0206787	-0.0239341	-0.0647313	-0.0585414	-0.0117841	-0.0136471	-0.0646154	-0.0583809	-0.024705	0.223833	-0.0654816	-0.00290834	0.00978484	0.0767651	-0.00141889	0.0024918	-0.00152684	0.00347252	0.0337975	-0.0252941	-0.0277778	
-0.0013409	-0.0121443	-0.0267449	0.0143044	-0.0453355	-0.00817506	-0.0590706	-0.0439905	-0.0168904	-0.0655206	-0.0596685	-0.029369	-0.0165371	-0.065802	-0.0595405	-0.0414842	0.145713	-0.0629026	-0.00686111	0.00496648	0.097186	0.0417517	-0.00209996	-0.00152684	-0.0026635	-0.0115722	
0.00254266	-0.0082607	-0.0284309	0.0114184	-0.0358385	-0.00115514	-0.0569805	-0.038047	-0.0127984	-0.0627152	-0.0586519	-0.0223731	-0.0215164	-0.0653038	-0.0564209	-0.0460657	0.163853	-0.0588737	-0.00992597	0.00665187	0.135953	0.00336882	0.0105728	0.0102047	-0.0261048	-0.0341621	
0.000298841	0.00155307	-0.0313502	0.0090587	-0.0380762	-0.00910227	-0.0563886	-0.0396606	-0.00296418	-0.0643007	-0.0599603	-0.012233	-0.0102075	-0.0645494	-0.0571067	-0.0548685	0.0914323	-0.06227	-0.000283673	0.00505668	0.159621	0.0532396	0.0049241	0.00279315	-0.0131642	0.111469	
-0.00152938	-0.000275151	-0.0259145	0.0054271	-0.0374218	0.00315646	-0.0598645	-0.0531225	-0.0136202	-0.0679082	-0.0595863	-0.0145815	-0.0291086	-0.0671929	-0.0589349	-0.0593329	0.110573	-0.0555877	-0.00948594	0.0109326	0.141238	0.00453586	0.0367309	-0.000620257	
0.000548795	-0.00121756	-0.0257495	-0.00885231	-0.0436454	-0.00100561	-0.0622553	-0.0669784	-0.0404549	-0.0655715	-0.0606225	-0.0150644	-0.029861	-0.0682503	-0.0613258	-0.0760181	0.116693	-0.0653487	-0.0341091	0.0101459	0.141652	0.0379612	0.00464865	-0.00212419	0.0139742	
0.00205452	0.00668944	-0.0287431	-0.00224921	-0.0418177	-0.0100724	-0.0609679	-0.0504756	-0.0262923	-0.0658871	-0.0593203	-0.0214645	-0.00320163	-0.0673047	-0.0591132	-0.0668306	0.0592446	-0.0648433	-0.00270334	0.0123786	0.113062	0.0174113	-0.0239352	-0.000196861	-0.0212721	-0.0435291	
-0.00505866	-0.00394416	-0.0165352	-0.0110361	-0.0434774	-0.0055508	-0.0617753	-0.070451	-0.0251196	-0.0659978	-0.0634549	-0.0237436	-0.0114034	-0.0718724	-0.0619671	-0.0773394	0.0986938	-0.0647349	-0.0224722	0.0109513	0.146635	-0.0243211	-0.000824231	-0.0178658	
-0.00505866	0.00882415	-0.011954	-0.0304639	-0.0401611	-0.00366894	-0.0620447	-0.0898216	-0.0222399	-0.0688303	-0.0626356	-0.0290248	-0.0307585	-0.0711128	-0.0619671	-0.0959772	0.111836	-0.063498	0.00531511	-0.000557204	0.152583	0.00662356	0.027236	-0.00820848	
0.0034316	-0.00819138	-0.0210148	0.000338673	-0.0386409	-0.00366894	-0.0627042	-0.0566799	-0.0229642	-0.0661438	-0.0617868	-0.0311087	-0.0276922	-0.0660478	-0.0617423	-0.0678242	0.266767	-0.0704217	-0.0111965	0.0018242	0.139714	1.25961e-05	-0.00264241	-0.00352202	0.0626516	
0.0034316	0.000617232	-0.0227549	-0.0107294	-0.050091	-0.0124195	-0.0638106	-0.0664116	-0.029905	-0.0674536	-0.0605454	-0.0170188	-0.0109999	-0.0693474	-0.0617629	-0.0746869	0.0980916	-0.0702245	-0.0320672	0.00835729	0.14305	0.0308674	-0.0109801	-0.00352202	0.0148748	
0.00802668	0.00521231	-0.0289755	0.0141947	-0.0263723	0.00499677	-0.0579377	-0.0369347	-0.0254031	-0.0654785	-0.0556028	-0.0203411	-0.0281878	-0.0653655	-0.056894	-0.0487111	0.114053	-0.0666512	0.00347438	0.00835729	0.153837	0.00607546	-0.0109801	-0.000630253	-0.0326571	
0.00172861	0.00350465	-0.0249757	0.000707287	-0.0490745	0.00547845	-0.0614857	-0.0581883	-0.0029352	-0.0674084	-0.0620574	-0.00055624	-0.0255265	-0.0689315	-0.0614963	-0.0665587	0.113863	-0.064244	-0.00919389	0.00313591	0.158946	0.0604515	-0.00615093	-0.000897302	-0.0377342	-0.037197	0.0302616	
0.00172861	0.00350465	-0.0332463	0.0196618	-0.0392698	0.0208535	-0.0622077	-0.0387779	-0.0240733	-0.0712701	-0.0619988	-0.00357942	-0.0562399	-0.0704029	-0.059864	-0.046532	0.136855	-0.069901	0.00109948	0.00313591	0.0898055	-0.0151979	-0.00761183	0.0040282	-0.0478144	0.000425654	
0.00268186	0.0044579	-0.0209838	0.0063211	-0.0420557	0.0218067	-0.0616903	-0.0464321	-0.0119857	-0.0682723	-0.0559133	-0.0192381	-0.049499	-0.0719867	-0.0612133	-0.0581602	0.103434	-0.0685422	-0.0161333	0.00441733	0.123087	0.0266762	0.00054924	0.00224664	-0.0485303	
0.00214402	0.000858922	-0.0361663	0.0230019	-0.0376161	-0.00373983	-0.0622218	-0.0378975	-0.0270527	-0.0697519	-0.061719	-0.021098	-0.0224032	-0.0693014	-0.0608527	-0.0413271	0.201339	-0.070268	-0.00994669	0.00495517	0.100338	-0.002434	-0.0169486	0.0215752	-0.0242034	-0.0086469	0	
0.00164099	0.000858922	-0.0308453	0.0127174	-0.0415927	-0.007972	-0.0617377	-0.0468792	-0.0394132	-0.0682524	-0.0577165	-0.0190835	-0.0181711	-0.069351	-0.0610051	-0.0524344	0.170897	-0.0678343	0.00936455	0.00374928	0.126704	0.0244856	-0.00396507	0.0157805	-0.00143072	
0.00117646	0.00445524	-0.0227008	0.0326294	-0.0443562	0.000838754	-0.0640105	-0.0249799	-0.0323168	-0.068777	-0.0574992	-0.00866771	-0.0225366	-0.067634	-0.0614696	-0.0324464	0.169791	-0.0669376	0.0140551	0.00374928	0.138068	0.029634	-0.0128271	0.0104554	-0.0287743	-0.01106	
0.00117646	0.00176066	-0.0297907	0.0259312	-0.0442377	0.000500061	-0.0637184	-0.0311633	-0.0376923	-0.0677491	-0.0585378	-0.0241527	-0.0291432	-0.0665614	-0.0596913	-0.038173	0.134276	-0.070497	-0.00335336	0.00315669	0.183016	0.0334522	-0.00852433	0.00188221	-0.0326309	-0.0402681	
-0.00467499	0.00176066	-0.0150935	0.0405016	-0.0421524	-0.00623682	-0.0634007	-0.0149475	-0.0438278	-0.0678272	-0.0606943	-0.025939	-0.0259582	-0.0662726	-0.0598473	-0.0181742	0.150169	-0.0607344	0.00955586	0.00806999	0.154164	-0.00314944	-0.00267289	0.0187449	-0.0172573	-0.0342505	
0.000481967	0.000468063	-0.0279994	0.0312056	-0.0381372	-0.000200374	-0.0579684	-0.0271497	-0.0224337	-0.0637539	-0.0579245	-0.0112676	-0.0306843	-0.0674161	-0.0563929	-0.0271308	0.189675	-0.0673996	0.0148346	0.00951414	0.150374	0.0138732	-0.0123538	0.0116787	-0.00554925	0.00314882	-0.0205555	-0.0213344	
-0.00162204	0.00593859	-0.020729	0.0364065	-0.0381401	-0.0133288	-0.0623982	-0.0129456	-0.0321809	-0.0645811	-0.0566875	-0.0217907	-0.0158555	-0.0669545	-0.0610896	-0.013974	0.266914	-0.0665087	0.0115799	0.0132859	0.154802	0.00426168	-0.00670012	0.0155348	0.00501173	0.0155954	0.0246059	
0.00415921	0.00867588	-0.0284003	0.013764	-0.0365752	-0.0154178	-0.0592948	-0.0392132	-0.0267365	-0.0631796	-0.0540148	-0.0190358	-0.0112612	-0.0647085	-0.0558698	-0.0481118	0.119776	-0.0681639	0.00366686	0.0114541	0.0751356	0.0367623	-0.000134064	-0.00804901	0.0284159	
-0.00118548	0.0088473	-0.0217794	0.0174395	-0.0377158	-0.00406093	-0.0566587	-0.0323963	-0.021871	-0.0640634	-0.0542303	-0.00971338	-0.0160634	-0.060914	-0.0559811	-0.0429328	0.19241	-0.0618657	0.00706845	0.0176579	0.100998	0.0337997	0.0049952	0.00153435	0.00990042	
0.00130441	0.00230247	-0.0270623	0.0340135	-0.0256231	0.00629411	-0.0578917	-0.0188293	-0.0295595	-0.0614432	-0.0556314	-0.0245023	-0.0225131	-0.0630773	-0.0547349	-0.0261721	0.289468	-0.0626994	0.00284671	0.00839839	0.0528848	0.0302764	0.0129946	0.0185859	0.00429357	0.084023	0.0199651	
0.00410196	0.0035062	-0.0316693	0.0330414	-0.0289723	-0.0162765	-0.0582626	-0.0222287	-0.0271288	-0.0604522	-0.0538599	-0.0225775	0.00239554	-0.0627152	-0.0564211	-0.0212475	0.248734	-0.0693853	-0.00210526	0.00949661	0.101767	0.00101884	-0.00668154	0.005572	0.00135146	0.0326238	
0.00410196	0.00274655	-0.0268086	0.0382437	-0.0343072	0.00454475	-0.0583802	-0.0173052	-0.0168895	-0.0635808	-0.0524787	-0.0275485	-0.0134645	-0.0544501	-0.0540917	-0.0160452	0.116655	-0.0671667	0.00895465	0.0110588	0.0565736	0.0708664	-0.00872981	0.00733951	0.00272341	-0.0154258	0.0218171	-0.013398	0.00628509	0	
0.00410196	0.00274655	-0.0268086	0.0251121	-0.0301772	0.00180803	-0.0521832	-0.0243094	-0.024849	-0.0637501	-0.0551293	-0.0239794	-0.0306849	-0.0631608	-0.0540917	-0.0289329	0.0975133	-0.0667866	-0.000833012	0.0110588	0.062022	0.0644448	-0.00393301	0.00556795	-0.000860314	0.0244038	0.00186246	0	
0.00722815	0.00769478	-0.0296665	0.0254743	-0.0331772	0.00180803	-0.0557523	-0.0260968	-0.0166975	-0.0613566	-0.0554109	-0.0330034	-0.0194514	-0.060367	-0.0571316	-0.0352062	0.116201	-0.0664663	-0.00114608	0.00944076	0.102188	0.0513798	-0.0101892	0.00141611	-0.00355921	0.130378	
0.00492233	0.00636155	-0.0161948	0.0379872	-0.0279699	-0.00253337	-0.0547936	-0.0168997	-0.0282002	-0.054393	-0.0562273	-0.0276021	-0.0233256	-0.0594238	-0.0564852	-0.0183322	0.258824	-0.0607556	0.000477775	-0.000127313	0.133206	0.109766	-0.010495	0.00436837	0.00138867	0.0217489	
0.00492233	0.00636155	-0.0157042	0.0130096	-0.0279699	-0.00918501	-0.057086	-0.0439983	-0.0322538	-0.0606951	-0.052991	-0.0289228	0.00138189	-0.0642834	-0.0564852	-0.0486932	0.114768	-0.06514	0.000477775	0.0126367	0.0737907	0.0387402	-0.00602613	0.0133054	0.00748249	0.168651	
0.00838579	0.00636155	-0.0191676	0.0270713	-0.0294981	-0.011074	-0.0562552	-0.0283561	-0.0372613	-0.0571697	-0.0528257	-0.00960846	-0.00489501	-0.0615004	-0.0546766	-0.0330131	0.193535	-0.0678981	-0.0101913	0.00202913	0.151381	0.0342384	-0.0118148	0.00203428	0.00375447	0.1193	0.0187467	
0.00293519	0.00279308	-0.0235951	0.0240378	-0.0294981	0.000270884	-0.0569176	-0.028945	-0.0360008	-0.061274	-0.0557695	-0.0221762	-0.0342901	-0.0607638	-0.0547243	-0.0323721	0.127285	-0.0602128	0.000956295	0.00909196	0.100747	0.0629126	-0.00636422	0.00376231	0.0363786	0.0401599	
0.00589389	0.0120059	-0.0275143	0.013389	-0.0257548	-0.00358994	-0.0546134	-0.0421646	-0.0300218	-0.0633765	-0.0543644	-0.0262046	-0.00910799	-0.0599339	-0.0550258	-0.0482848	0.0757217	-0.0655351	0.0155874	0.00613327	0.136485	0.0335619	0.00126493	0.000301811	-0.00203233	0.00777321	
0.00694963	0.00493753	-0.0296553	0.025314	-0.0169141	0.000250538	-0.0522591	-0.0261597	-0.0172895	-0.061809	-0.0538134	-0.0289981	-0.00912228	-0.0605227	-0.0551595	-0.0368388	0.179934	-0.0654529	-0.00205998	0.00507753	0.165278	0.0136859	-0.00171107	0.017292	-0.000322533	0.029299	
0.00692012	0.00554395	-0.0281482	0.0202975	-0.0256858	-0.0119315	-0.0553955	-0.0378622	-0.0181253	-0.0618939	-0.0528787	-0.021657	-0.00704984	-0.0598599	-0.0557806	-0.0405228	0.127808	-0.0649454	0.0328489	0.00510704	0.104941	0.0306435	-0.000865045	-0.0104162	0.0202351	0.0315243	
0.00163803	0.00554395	-0.0193099	-0.0064619	-0.0298458	-0.0138293	-0.0523849	-0.0630607	-0.036887	-0.0631301	-0.0539024	-0.0274347	-0.00921174	-0.0635107	-0.0550705	-0.0686322	0.230764	-0.0620649	0.0206653	0.00766291	0.0702064	0.0408928	0.00441704	0.0160805	0.0218782	0.0321753	
