-0.0036907	0.000858	-0.0044785	-0.0092291	0.0218276	0.0122131	0.0897852	-0.102068	-0.0044452	-0.0431774	-0.0296571	-0.0071204	-0.0160018	0.112669	-0.0035381	-0.0530089	0.0247433	0.187177	0.0341934	0.112877	-0.0378342	-0.002763	-0.0213343	0.0449218	0.018708	0.0682439	-0.0059611	0.0121367	-0.0133657	0.327474	-0.0303005	0.0612871	0.471442	0.008625	-0.0072147	-0.0472304	0.133922	0.0036296	-0.0101521	0.0871764	-0.0640213	-0.0094665	0.0036541	-0.0599781	0.0110156	0.122319	-0.006183	0.173648	-0.0117909	-0.01426	-0.043029	-0.0054045	-0.0341507	0.0356349	-0.00997892	0.148009	0.0661133	-0.0375023	0.0719163	0.0058357	0.0134621	0.0123542	-0.0070444	-0.0142738	-0.0039481	0.0537187	0.0607524	-0.005052	0.014773	0.0165988	0.0072492	0.0100097	0.0052689	-0.0589313	0.0738303	-0.0156457	-0.0942018	0.501175	0.032609	-0.035743	0.185805	
0.00259664	0.0159708	-0.0044785	-0.00841454	0.0218276	0.0130277	0.0751724	-0.0866403	-0.0044452	-0.0418021	-0.0348036	-0.0437198	0.104276	-0.0035381	-0.048351	0.0687659	0.0537187	0.0697333	0.132827	-0.0124386	0.25316	0.601126	0.138564	-0.0027897	0.0951516	-0.0640213	-0.00103327	-0.060977	0.000576689	0.0020943	-0.00237887	0.148222	-0.0134787	-0.00258796	0.0654815	-0.0346198	-0.0171391	0.0573392	-0.00455566	0.0127468	0.329481	0.0237367	0.0331247	0.158222	
-0.00234694	0.00907529	-0.00428102	-0.00697631	0.023547	0.013576	0.443233	-0.0840266	0.132287	-0.0410138	-0.0317272	-0.0427206	-0.0317768	0.0216076	-0.000421453	0.0496124	0.117501	-0.00800852	-0.0120125	0.036454	0.267478	-0.0612781	-0.0151756	-0.00462513	0.0205121	0.0623118	0.0752783	0.295778	-0.0407412	0.0819565	0.000479381	0.312922	0.0990871	0.0325457	0.15688	
-0.00449207	0.0260585	-0.00218744	-0.00451727	0.0238584	0.0124453	0.346452	-0.0820114	0.0883817	-0.0393105	-0.0325436	-0.0399467	-0.0348143	0.0175516	0.0159733	0.0341548	0.0558015	0.0214507	0.410976	-0.0618375	-0.0129874	-0.004958	0.26464	-0.00159973	0.108599	0.0398456	-0.0178209	0.0741477	0.293096	-0.0322872	0.0817803	0.0964996	0.018245	
-0.00340365	0.0159814	-0.00404044	-0.00864805	0.0267058	0.0122586	0.355799	-0.0924613	0.214192	-0.0325436	-0.0399467	-0.0344217	0	0.0636236	0.0114821	-0.0371527	0.147224	0	-0.0615932	-0.0161137	-0.00340917	0.298035	0.000383055	0.133153	0.044189	-0.012751	0.0246666	0.243596	0.0558152	0.0845976	
-0.00330902	0.0317911	-0.0029594	-0.0107175	0.0361287	0.0126901	0.148932	-0.0924613	0.107745	-0.0326382	-0.0451655	-0.0340257	0.0845976	0.0149577	0.0128746	-0.0419371	0.0831394	0.032127	0.0139467	-0.00575818	-0.000382774	-0.0620298	-0.0135892	-0.00355313	0.264141	-0.00285927	0.133248	0.0486508	-0.0298651	0.0349925	0.323261	0.119613	
0.000939026	0.0338896	-0.00391776	-0.00945276	0.0274129	0.0126901	0.241654	-0.110808	0.127172	-0.0326382	-0.0434143	-0.0353072	0.104272	0.01717	0.0292262	0.0218982	-0.0262166	0.0786134	-0.0619232	-0.0387454	0.000222962	0.243743	-0.000859872	0.115475	0.0590432	0.0349925	0.0644848	0.228937	
0.000939026	0.0337232	-0.00580987	-0.0106498	0.0243969	0.0138533	0.232584	-0.0823143	0.138573	-0.0453494	-0.0365043	0.142403	0.0226785	0.0254843	-0.0338353	-0.0286734	0.270235	0.0782368	-0.041324	-0.000744021	0.387933	-0.0645911	0.129536	0.101681	0.0349925	
-0.00111473	0.0282327	-0.0055081	-0.00951072	0.0290433	0.0138533	0.169315	-0.0873439	0.150885	-0.0399422	-0.0373806	0.113211	0.0867355	0.0232866	-0.0338353	-0.0356896	0.03981	0.260554	-0.0281476	0.0743444	0.113821	-0.0394959	-0.00228183	0.489448	-0.0643609	0.189139	
0.00168899	0.0309556	-0.00445164	-0.0139176	0.0241958	0.0156654	0.259096	-0.0805415	0.121592	-0.0271035	-0.0367793	0.10549	0.10854	0.00662646	-0.0338353	-0.0225235	0.0264252	0.17704	0.0765918	0.0474324	-0.0392692	-0.00360175	0.174198	-0.0664949	0.255005	
-0.00166076	0.0248063	-0.00604038	-0.010799	0.0241958	0.0152985	0.17989	-0.0913584	0.178759	-0.0365093	-0.0355889	0.106675	0.0670299	0.0142886	-0.0320548	-0.0197692	0.0325419	0.209997	0.0783723	0.0598292	-0.038775	-0.000784921	0.127999	-0.0643153	0	0.00208283	0.133985	
-0.000593578	0.016265	-0.00416706	-0.0102815	0.0296141	0.0141417	0.321904	-0.0877539	0.145906	-0.0422859	-0.0369967	0.134004	0.147556	0.0138315	-0.033755	-0.00310022	0.020152	0.162917	0.0771434	0.0512335	-0.0409253	-0.00320519	0.1227	-0.0643153	0.334232	0.033079	0.0105714	
0.000678243	0.0288306	-0.00570717	-0.0110668	0.0296141	0.0172351	0.155127	-0.0831764	0.100935	-0.0270888	-0.036947	0.143308	0.0434981	0.0202658	-0.033755	-0.00413886	0.0308063	0.253802	0.0718695	0.0309685	-0.0402255	0.0011799	0.109006	-0.067325	0.347229	0.0492022	-0.0107108	
-0.000769328	0.028552	-0.00426745	-0.0100774	0.0296141	0.0197331	0.266279	-0.0993862	0.118086	-0.039321	-0.0356033	0.146267	0.106617	0.0228039	-0.031257	0.00316078	0.0229517	0.197469	0.0905773	0.0121951	-0.0379468	0.000348839	0.0724582	-0.066974	0.128693	0.00164153	
-0.00288386	0.0272579	-0.00494271	-0.0100774	0.0272309	0.0197331	0.129903	-0.0974785	0.148392	-0.0364806	-0.0343742	0.0919812	0.090058	0.0149689	-0.031257	-0.00372818	0.0260052	0.1814	0.088834	0.0286574	-0.0406312	0.000607984	0.0785179	-0.0673738	0.154832	
-0.00084965	0.0261541	-0.00533995	-0.0107813	0.0251212	0.0139926	0.309769	-0.0854072	0.20198	-0.0386036	-0.0349317	0.052728	0.0571406	0.0163945	-0.031961	-0.0198971	0.0442985	0.13723	0.0838679	0.0529199	-0.0383503	0.00035655	0.120828	-0.0619295	0.168626	
-0.000924456	0.0333164	-0.00553526	-0.0107813	0.0245627	0.0139926	0.271274	-0.0925387	0.120569	-0.0389189	-0.0343486	0.0408829	0.103046	0.0119719	-0.031961	0.00296017	0.0191627	0.170618	0.0880112	0.117468	-0.0383503	-0.00359715	0.144655	-0.0623891	0.099051	0.00436685	
0.00120607	0.0129702	-0.00574238	-0.00476818	0.0243556	0.0235515	0.303569	-0.10203	0.0818675	-0.0282258	-0.0304002	0.0698909	0.109301	0.010865	-0.0278054	-0.0122408	0.0304053	0.268102	0.0984562	0.0661398	-0.0354759	-0.000701512	0.0937044	-0.0678072	0.119889	0.00867628	0.0169552	
-0.000595946	0.0255345	-0.00395495	-0.00284482	0.0243426	0.0200558	0.348952	-0.0843012	0.162686	-0.0305056	-0.0249029	0.218342	0.0748158	0.0146556	-0.025869	-0.012354	0.0299955	0.249915	0.0893809	0.0825117	-0.0338295	-0.00257171	0.0920268	-0.0617831	0.337574	0.000237663	0.00958082	0.00281032	0	
-5.01529e-05	0.0216777	-0.00473086	-0.0123709	0.0243426	0.0105297	0.117483	-0.0880792	0.0975496	-0.0449252	-0.0346935	0.116379	0.0265172	0.00686091	-0.0353951	-0.0103114	0.0328428	0.274434	0.0798548	0.121065	-0.0415257	-0.00257171	0.153237	-0.0616701	0.0827493	-0.000750794	0.0794862	0.0417385	0.0116493	
0.00237003	0.0031541	-0.00493269	-0.00739916	0.030974	0.0147076	0.118069	-0.0654397	0.143505	-0.0392975	-0.0347301	0.0899159	0.116214	0.0102739	-0.0309842	-0.00319118	0.0298915	0.259982	0.0647793	0.143966	-0.0386807	-0.00294924	0.137137	-0.0621902	0.207597	-0.0148092	-0.00111699	
-0.000972979	0.00636264	-0.00493269	-0.0100038	0.0206043	0.0178466	0.208768	-0.0803306	0.0604764	-0.0350248	-0.034003	0.0510277	0.00287766	0.011012	-0.0315	-0.0301633	0.0473043	0.23742	0.0774198	0.0495607	-0.040774	-0.00342031	0.0808169	-0.0656067	0.177701	0	
-0.00159302	0.00636264	-0.00493269	-0.0094021	0.0245787	0.0178466	0.195261	-0.0828757	0.167446	-0.037646	-0.034003	0.0832259	0.00590447	0.0176706	-0.0315	-0.0243458	0.047496	0.173276	0.0785845	0.114417	-0.0401553	-0.00238983	0.169853	-0.0659485	0.276423	-0.0894496	-0.00856487	
0.00478927	0.0185137	-0.00606802	-0.00893638	0.0269981	0.0178466	0.282132	-0.0908212	0.129461	-0.0345903	-0.0327084	0.0512421	-0.000320122	0.0129904	-0.0309168	0.0173545	0.093577	0.155248	0.084395	0.14367	-0.0393588	-0.0030865	0.0680696	-0.0656592	0.169778	0.00263267	0.0187129	
0.00118416	0.0240104	-0.00573569	-0.0714599	0.0281918	0.0256838	0.168928	-0.0734768	0.141979	-0.0353405	-0.032491	0.0966501	-0.0102338	-0.0070533	-0.0288906	0.0319345	0.0132438	0.15705	0.17182	0.0701621	0.0948377	-0.0347428	-0.00259333	0.0419585	0.00745261	
0.0015486	-0.00069621	-0.00375169	-0.062565	0.0192338	0.0132324	0.198655	-0.0903131	0.084556	-0.0300604	-0.0355185	0.097369	-0.00250225	-0.00714644	-0.032313	0.0293392	0.0175656	0.227523	0.227518	0.0810651	0.132271	-0.0390217	-0.0036294	0.0902225	
0.00252645	0.00603906	-0.00552604	-0.0667857	0.020513	0.0173343	0.168076	-0.0849743	0.128696	-0.035145	-0.0359102	0.0379142	0.00196959	-0.00714644	-0.0327288	0.0342741	0.0208662	0.190966	0.123163	0.0813436	0.0803992	-0.0404557	-0.00345121	0.0633837	
-0.000889411	0.00135621	-0.00552604	-0.06658	0.0179442	0.0191932	0.239128	-0.107547	0.119615	-0.0200818	-0.0342969	0.00419094	-0.00892708	-0.0308699	0.0291184	0.0149865	0.270874	0.198415	0.0999393	0.151797	-0.0371713	-0.00451719	0.0627297	
0.00083008	0.0223095	-0.00736872	-0.06658	0.0196681	0.0191932	0.115527	-0.101186	0.0967489	-0.031106	0.0719899	-0.00444515	0.00929298	-0.00888996	-0.0298964	0.0316653	0.0236522	0.158518	0.148112	0.0927657	0.0972077	-0.0387806	
-0.00212361	0.00767118	-0.00510782	-0.0655288	0.0248384	0.0179703	0.224134	-0.0976538	0.065732	-0.0327863	0.0598382	-0.00533604	-0.00416364	-0.0089105	-0.0299169	0.0300626	0.00979879	0.0998003	0.220106	0.0892128	0.0936443	-0.0403817	
-0.000804461	0.00808246	-0.00549348	-0.0675775	0.0278601	0.0221073	0.160779	-0.0893854	0.0977549	-0.0287196	0.0442793	-0.00611001	-0.00546211	0.0691821	-0.0072508	-0.028013	0.0229004	0.021226	0.128543	0.290456	0.0832235	-0.0370412	0	
-0.00159866	0.00187409	-0.00712976	-0.067879	0.0278601	0.0223036	0.103712	-0.0884361	0.170229	-0.0304068	0.0810284	-0.00363922	0.00836038	0.0960733	-0.0072508	-0.028013	0.0332298	0.0237146	0.147758	0.228898	0.0822157	-0.0370412	
-0.00305454	0.0181973	-0.00661947	-0.0641087	0.0250172	0.014298	0.276802	-0.0736372	0.120669	-0.0352918	0.0620334	-0.00612896	0.0119552	0.102663	-0.0114468	-0.0321622	0.0164074	0.016604	0.142458	0.254858	0.0612562	-0.0407135	0.0015292	0.024982	
-0.00310439	0.0114929	-0.00412851	-0.0615648	0.0240148	0.0113071	0.176207	-0.0970859	0.120008	-0.0355058	0.0331041	-0.00765095	-7.08306e-05	0.0979728	0.00100578	-0.0326768	0.0223529	0.016145	0.206081	0.327471	0.10152	-0.0410683	-0.00846916	
-0.00402272	0.0089092	-0.00643016	-0.0677209	0.0232306	0.0235924	0.266554	-0.0869457	0.0485376	-0.0284537	0.0739385	-0.00308466	0.00358566	0.132435	-0.0130549	-0.0270269	0.020639	0.00765407	0.224947	0.210933	0.0782518	-0.0358327	0.00739455	
0.0012974	0.00817159	-0.00576857	0.149701	0.0235747	0.0211335	0.239064	-0.0754813	0.0805891	-0.027177	0.0189312	-0.00557571	0.00545043	0.277294	0.00291704	-0.0271721	0.0174384	0.0175741	0.161384	0.0790807	-0.036622	-0.00400444	-0.0658538	
0.00167966	0.00796283	-0.00492746	0.0913393	0.0297382	0.0163544	0.275842	-0.111724	0.0697143	-0.0323347	0.0141567	-0.00609291	0.0126447	0.166553	-0.00665169	-0.0327922	0.0235221	0.0237881	0.230284	-0.0660384	0.110804	-0.0420249	-0.00352094	0.0332096	0.00163327	
-0.00115679	0.00151812	-0.00507239	0.155538	0.0356609	0.0186345	0.195875	-0.0964148	0.0795356	-0.0306825	0.0118615	-0.00374471	-0.000863393	0.201554	-0.00665169	-0.0303673	0.0150084	0.018671	0.177072	-0.0658823	0.0895679	-0.0389294	-0.00124092	0.0670487	
0.000497273	0.0352824	-0.00450097	0.175612	0.0330103	0.0186345	0.239424	-0.0837558	0.127792	-0.031441	0.0125854	-0.00415764	-0.00100444	0.200434	-0.00870281	-0.0303673	0.0160472	0.0132615	0.136721	-0.065836	0.0805599	-0.0380301	-0.000472465	
-0.00162839	0.0215546	-0.00513085	0.236725	0.0318678	0.0139422	0.312305	-0.0874501	0.111474	-0.0359461	0.00628858	-0.00282174	-0.00361142	0.124812	-0.00829205	-0.0352953	0.0170418	0.0157974	0.115622	-0.0659727	0.0910027	-0.0439152	-0.00550179	0.0106344	0.00727694	
-0.00070171	-0.00479635	-0.00574627	0.111409	0.0272931	0.0102678	0.229552	-0.0881094	0.143551	-0.0379979	0.00619283	-0.00521567	0.018632	0.0828293	-0.0100208	-0.037605	0.0174503	0.0310968	0.28365	-0.0644906	0.0857077	-0.0457436	-0.00781146	-0.0116993	-0.0108526	
-0.00137428	0.0113622	-0.00648494	0.408492	0.0245719	0.0203274	0.265583	-0.0809322	0.218587	-0.0295688	0.0153481	-0.00354345	0.0341843	0.0663908	-0.00604338	-0.0268728	0.0194573	0.0520406	0.150058	-0.06462	0.0869533	-0.0325792	0.00100253	
-0.000314188	0.0131866	-0.00663748	0.169632	0.0244389	0.0133656	0.340772	-0.1059	0.121013	-0.0322784	0.0248115	-0.0026673	0.000959653	0.149229	-0.00613134	-0.0290512	0.0200045	0.0312202	0.306489	-0.0601764	0.10936	-0.0330976	-0.00100044	
-0.00266678	0.0102087	-0.00815508	0.334623	0.0303828	0.024195	0.141226	-0.0889844	0.0705591	-0.0297235	0.0180921	-0.00636379	-0.0118623	0.134643	-0.00565862	-0.0262165	0.0179844	0.0253842	0.245148	-0.0678717	0.0934551	-0.034503	0.00178988	0.00186265	0.00505326	
-0.00229389	0.0052392	-0.00512243	0.176994	0.0229188	0.0106957	0.39235	-0.0863524	0.0850718	-0.0336734	0.00609867	-0.0025971	0.0178798	0.14615	-0.0107739	-0.0313741	0.0200515	0.026157	0.156429	-0.0600522	0.0800278	-0.040585	0.00193567	-0.00106338	-0.0143334	-0.0127856	
0.000704267	0.0235743	-0.00507721	0.122265	0.02415	0.0130573	0.395804	-0.0823067	0.126561	-0.0321774	0.0151049	-0.00181041	0.0119502	0.0796967	-0.0102068	-0.0290577	0.0242638	0.0114048	0.171785	-0.0594932	0.0765492	-0.0380581	0.00373017	-0.000461892	0.027247	
-0.002529	0.0197996	-0.00752713	0.114686	0.027347	0.0189068	0.356314	-0.0771043	0.0951207	-0.0251324	0.0122533	0.000541097	0.0402213	0.0598431	-0.00769424	-0.0251961	0.0206803	0.029585	0.139089	-0.061542	0.0726717	-0.0340847	0.00623528	-0.000241054	-0.00706648	-0.000573122	
0.00183688	0.00109687	-0.00495564	0.311259	0.0253751	0.0127231	0.347655	-0.0880786	0.13264	-0.0349055	0.0297646	-0.00472431	0.00319383	0.0995421	-0.00457375	-0.0319004	0.0180964	0.0142169	0.251323	-0.0622747	0.095287	-0.0407552	-0.00584206	-0.00326637	
-0.00570551	0.00204221	-0.006645	0.286985	0.0255376	0.0144752	0.267423	-0.0937269	0.0920292	-0.0317724	0.021248	-0.00537191	0.0252883	0.190335	-0.00353659	-0.0289298	0.0182589	0.0125132	0.201485	-0.0605488	0.0964867	-0.034448	-0.00066441	-0.000568329	
-0.000514672	0.0346592	-0.00475134	0.213879	0.0233914	0.015107	0.182265	-0.0994983	0.153248	-0.0329953	0.0294055	-0.00497386	0.0166156	0.105603	-0.00659762	-0.0293379	0.0167905	0.0236939	0.218248	-0.0616858	0.102258	-0.036709	-0.00107244	0.00500876	
0.00250816	0.0351802	-0.00465979	0.159907	0.0279414	0.015107	0.189154	-0.0809757	0.117686	-0.0295337	0.0326031	-0.00497386	-0.00547663	0.0928746	0.00462579	-0.0293379	0.0261291	0.0266872	0.195907	-0.0620366	0.0768713	-0.038918	-0.00413404	-0.00043512	0.00166902	-0.00575173	-0.0537231	
6.83681e-05	0.0391214	-0.00448266	0.145452	0.0257711	0.0173064	0.140718	-0.0765557	0.102702	-0.0321476	0.0249847	-0.0054422	0.00301516	0.138068	0.00177395	-0.0293379	0.0234169	0.0245099	0.223424	-0.063834	0.0780023	-0.0376014	-0.0012822	0.00407212	0.0058733	-0.0198778	
-0.000347424	0.0392805	-0.00474475	0.153947	0.0257311	0.0177494	0.125693	-0.0867956	0.102005	-0.031238	0.0324091	-0.0074396	0.00882172	0.107706	-0.00386853	-0.0288949	0.0191796	0.0307674	0.155542	-0.0638574	0.0814423	-0.0384707	0.0009602	-0.000516869	
-0.00196723	0.0310722	-0.00509401	0.122897	0.0249272	0.022846	0.118765	-0.0772595	0.104069	-0.0304948	0.0224728	-0.00348556	0.0107456	0.123612	0.00383163	-0.028228	0.023775	0.0286117	0.218406	-0.0676455	0.0784973	-0.0369606	-0.00369977	0.00278651	0	
-0.00312472	0.0141983	-0.00555194	0.11301	0.0254776	0.0208281	0.159729	-0.0913324	0.0864735	-0.0335966	0.0312931	-0.0056246	0.0158568	0.110311	0.00530611	-0.029674	0.0290115	0.0174387	0.238964	-0.0678166	0.089588	-0.0370589	-0.00246324	0.00455095	0.0588492	-0.00108608	
-0.0029396	0.0336166	-0.00554526	0.137348	0.0254776	0.0168462	0.174502	-0.0835724	0.108043	-0.032952	0.0255599	-0.0046697	0.00573815	0.101708	0.0106956	-0.030424	0.0266514	0.0267106	0.18285	-0.0643751	0.0949775	-0.0396527	-0.00860279	0.00340975	0.0279792	
-0.00289971	-0.000526661	-0.00663979	0.234515	0.0274742	0.0168462	0.12014	-0.0781552	0.0679354	-0.0342601	0.0178464	-0.00426617	0.0094199	0.178131	0.00552744	-0.030424	0.0215686	0.0335979	0.19471	-0.0644588	0.0857795	-0.0397223	-0.00343458	0.00145687	
0.000699086	0.0184524	-0.00498549	0.127942	0.0295095	0.0168462	0.158174	-0.0783268	0.0882731	-0.033184	0.0320954	-0.00602426	0.00954492	0.205833	-0.00205695	-0.030424	0.0206425	0.0263454	0.233022	-0.0644505	0.0804127	-0.0367849	-0.00191699	8.00978e-05	0.000331137	
0.000800577	0.0150283	-0.00661589	0.206557	0.0295095	0.0184415	0.0714249	-0.0770421	0.170835	-0.0349971	0.0162873	-0.00361021	-0.00130596	0.152174	-0.00420354	-0.030424	0.0240357	0.0286606	0.132219	-0.0662714	0.0700249	-0.0389362	0.000130741	0.00387786	
-0.00303019	0.00149628	-0.00566187	0.276596	0.0316846	0.0168796	0.0553937	-0.0698813	0.110963	-0.0351827	0.0129588	-0.00483442	-0.00147557	0.203103	-0.00240162	-0.0320492	0.0125814	0.016672	0.328829	-0.0661352	0.0700249	-0.0402436	-0.00149444	-0.00113553	0	
-0.00303019	0.00226102	-0.00680042	0.176614	0.0245913	0.0134007	0.131432	-0.0932094	0.117773	-0.0346874	0.0219274	-0.00424794	0.0195474	0.107243	-0.00295257	-0.0320492	0.0161937	0.0264516	0.180267	-0.0627456	0.0864751	-0.040681	-0.00250174	0.000840106	-0.0101337	0.00132722	
-0.00658975	0.00825432	-0.00680042	0.186022	0.02794	0.0191742	-0.0962819	0.084932	-0.0352918	0.0324286	-0.00424794	-0.00720028	0.207016	-0.0042167	-0.0320492	0.016822	0.0255368	0.388519	-0.0683247	0.0918157	-0.0403791	-0.00476976	0.00464015	
-0.00439882	-0.00106019	-0.00664427	0.2932	0.0274663	0.0199043	-0.0917217	0.0979798	-0.0351802	0.0274619	-0.00424794	-2.80629e-05	0.0710533	0.00311541	-0.0325497	0.0168435	0.025144	0.194923	-0.0698607	0.0918157	-0.0405659	-0.00527027	0.00483022	
-0.00451921	0.00373461	-0.00426397	0.169891	0.0342941	0.0193359	-0.066042	0.114035	0.0102442	-0.0349791	0.0268913	-0.00398395	-0.00964388	0.0942712	0.00309263	-0.033299	0.0198779	0.0209625	0.117855	-0.0699203	0.0725584	-0.0416154	-0.00577838	
-0.000780997	0.0066939	-0.00515262	0.319819	0.02666	0.0184708	-0.0801174	0.207584	0.00702387	-0.0373341	0.0180087	-0.00499073	0.023553	0.0713808	0.00246201	-0.0334439	0.0200228	0.025678	0.186193	-0.0692787	0.0779589	-0.0413075	-0.00577838	0.00306632	-0.00448949	
-0.000828757	0.00869999	-0.00515262	0.272915	0.0309897	0.0138175	-0.081388	0.160043	0.00443664	-0.0373366	0.0256989	-0.0064886	-0.00194218	0.168058	0.00471756	-0.034234	0.0238142	0.0177725	0.224253	-0.0649519	0.0754682	-0.0430696	-0.00656848	
0.00237558	-0.00151589	-0.00515262	0.192422	0.0215159	0.0176649	-0.0902941	0.173886	0.00143138	-0.0353181	0.020533	-0.00458646	0.0260692	0.0452367	-0.0025298	-0.0327639	0.0215033	0.02762	0.124535	-0.0673291	0.0794172	-0.040249	0.00118702	-0.00430037	-0.0067784	
0.000369287	-0.00088946	-0.00383763	0.158797	0.0276623	0.01787	-0.080383	0.239117	0.00211868	-0.0321903	0.0161577	-0.00410025	0.0372465	0.0703623	-0.00792858	-0.0333051	0.0241551	0.0218364	0.0941067	-0.0679441	0.0737005	-0.0417194	-0.00303095	0.05215	
-0.000519953	0.00704733	-0.00339814	0.29117	0.0278252	0.0138101	-0.0737714	0.170282	0.00476941	-0.0315627	0.0279641	-0.00432389	0.00691459	0.0777293	-0.00421093	-0.0325902	0.024254	0.0163365	0.0711204	-0.0629906	0.0683713	-0.0410366	-0.00314914	-0.00993447	0	
0.00321278	-0.00278931	-0.00281474	0.170569	0.0264631	0.0145741	-0.0698167	0.141585	0.00235323	-0.0340963	0.0301713	-0.00373926	0.00900375	0.0652281	-0.00466419	-0.033923	0.024604	0.0229896	0.117938	-0.0648572	0.0678702	-0.0416258	-0.00567181	-0.0072111	0	
-0.000651964	-0.000945327	-0.0049626	0.158699	0.0264631	0.0109681	-0.0916751	0.12776	0.00399154	-0.039961	0.0143095	-0.0057212	0.0109694	0.0378116	0.00360148	-0.037529	0.0292425	0.0212903	0.226468	-0.0652538	0.0966381	-0.0454984	-0.0092778	0.00266807	
0.00112325	0.0251132	-0.00403761	0.120683	0.0276349	0.0197088	-0.100066	0.131685	0.00755981	-0.0306859	0.0192828	-0.00244542	-0.000543949	0.0749872	-0.00178611	-0.0287883	0.0235241	0.0271952	0.163786	-0.0647262	0.101679	-0.0357143	0.000391763	0	
0.00242177	0.0104655	-0.00377249	0.225305	0.0275796	0.0186336	-0.0960027	0.11574	0.0070626	-0.027698	0.0599874	-0.00566334	-0.00205949	0.0732631	-0.00653117	-0.0298082	0.0198367	0.0253891	0.302753	-0.0650712	0.0863115	-0.0378069	0.00285376	-0.000226768	-0.00766432	
0.000691263	0.0069347	-0.00348787	0.233051	0.0233779	0.0231537	-0.116318	0.12883	0.00543136	-0.0288825	0.0292901	-0.00606447	0.0131014	0.0583556	-0.00411258	-0.0283902	0.0224434	0.0211186	0.144881	-0.0683405	0.109045	-0.0355149	0.00185308	-0.00852108	
-0.00391444	0.0203731	-0.00348787	0.166255	0.0328316	0.0125586	-0.0845964	0.195542	0.0107983	-0.0375287	0.0159874	-0.00619303	-0.0104389	0.0705251	0.00636121	-0.0349905	0.0265715	0.031887	0.141163	-0.0643457	0.0904036	-0.0409306	-0.0101161	-0.00561592	0	0	
0.00248803	0.0144441	-0.00493315	0.197639	0.026418	0.017075	-0.0940064	0.165609	0.006912	-0.0317168	0.0391216	-0.00619303	0.0067563	0.0599476	0.00364696	-0.0304741	0.0314086	0.0153876	0.113709	-0.0638482	0.0911638	-0.0374688	-0.00429992	-0.0158386	
0.00342495	0.00622008	-0.00441087	0.22175	0.0269403	0.016994	-0.072609	0.100289	0.00812928	-0.0315961	0.020986	-0.00554294	0.00735992	0.174324	0.00308654	-0.0309964	0.0186783	0.0269775	0.135616	-0.0638636	0.0686783	-0.0343865	-0.00429992	-0.0213056	-0.0320204	
-0.00154936	0.00493069	-0.00511083	0.244273	0.0269403	0.0101961	-0.0821902	0.0988925	0.00515784	-0.040293	0.0263323	-0.00500606	0.00293002	0.0433931	0.00286941	-0.0377943	0.0208284	0.0359638	0.18721	-0.0638985	0.080546	-0.0444117	-0.0110978	-0.0214933	-0.0510151	0	0.00376832	
0.000763403	0.00964915	-0.00264418	0.292008	0.0228644	0.00981297	-0.0761859	0.118856	0.000904912	-0.035572	0.0269879	-0.00500606	0.032823	0.0638091	0.00911296	-0.0343954	0.0263462	0.0170752	0.19548	-0.0601166	0.0832472	-0.0418657	-0.0087014	-0.000983659	
0.000519596	0.00795524	-0.0063901	0.19267	0.018312	0.00774964	-0.0885351	0.19216	0.00309501	-0.0382122	0.0154419	-0.00550362	0.0133446	0.0834304	0.0093709	-0.0352781	0.0185363	0.0399695	0.119146	-0.0600156	0.0995649	-0.0435722	-0.0107647	0.00292889	
-0.00235715	0.0135691	-0.00393125	0.108473	0.0249332	0.0202279	-0.0862032	0.142827	0.00342324	-0.0313816	0.0238487	-0.005156	0.006665	0.061111	0.00401213	-0.0297648	0.021942	0.0291118	0.182901	-0.0671356	0.0882804	-0.0383478	-0.00588175	0.0147515	0.00784049	
-0.00235715	0.00455188	-0.00393125	0.197696	0.0228637	0.0128839	-0.0933245	0.139956	0.000337929	-0.0346417	0.0474037	-0.00618983	0.0119612	0.0948501	0.000250371	-0.0295189	0.0224021	0.0284608	0.178201	-0.0593139	0.0925161	-0.0380523	-0.00264997	0.00437129	0.0178767	0.0296692	
-0.000978334	-0.000302669	-0.00342853	0.135333	0.020492	0.0175996	-0.0876833	0.24343	0.00415985	-0.0345188	0.0902247	-0.00493671	0.016237	0.0730234	-0.00125045	-0.0292927	0.0221759	0.0268322	0.22081	-0.0642292	0.0897047	-0.0381506	-0.00262708	0.00279927	0.00424173	
-0.000953157	0.00933581	-0.00794186	0.232941	0.0251812	0.0117475	-0.0877244	0.0873675	0.00564086	-0.0358298	0.0558248	-0.00445228	0.0145142	0.13994	0.00170168	-0.0305753	0.01624	0.0280603	0.100139	-0.0596978	0.0900739	-0.0392987	-0.00430729	-0.00301455	0.0100019	0	0	
-0.00429598	0.0377674	-0.00214969	0.23321	0.0224889	0.0140157	-0.081185	0.190114	0.00867863	-0.0287126	0.0495251	-0.00385618	0.0129194	0.128065	0.00170168	-0.0295671	0.0208183	0.02791	0.111629	-0.0602131	0.0778113	-0.0348887	-0.00245421	0.000858522	0.0141866	0.00229711	0	
-0.000994351	0.0377674	-0.0047119	0.215299	0.0199336	0.015927	-0.0737702	0.116402	0.003013	-0.0329294	0.0311221	-0.00368579	0.00905999	0.0882885	0.00207115	-0.0299075	0.0196918	0.029733	0.146653	-0.0621404	0.0781808	-0.0362216	-0.00282369	-0.0115749	0.00757228	0	
-0.00196409	0.025194	-0.00421791	0.325243	0.0242423	0.0121928	-0.0706345	0.110898	0.0043034	-0.0314458	0.0210908	-0.0044531	0.00225215	0.0536615	0.00930837	-0.0321071	0.0270011	0.0287681	0.212119	-0.0605176	0.0802479	-0.0399278	-0.00709045	-0.000470867	0.020292	0	
0.000461129	0.0196166	-0.00566794	0.164149	0.0239797	0.0119174	-0.115219	0.0833407	0.00286271	-0.0342734	0.0222673	-0.0036606	0.00866836	0.0679412	-0.00110782	-0.0321199	0.0217999	0.0434837	0.195632	-0.060653	0.113242	-0.0385589	-0.00539922	-0.00708462	0.00423897	0	0	
-0.000614371	0.0199461	-0.00382282	0.158092	0.0307069	0.012247	-0.0789271	0.0702962	0.00267297	-0.0315959	0.0167421	-0.00253244	0.00656719	0.0377381	0.00380572	-0.0317904	0.0337193	0.0427906	0.136909	-0.0601146	0.0797052	-0.0392701	-0.00632926	-0.00935343	0.000712818	0.0924464	
-0.00401767	0.0243272	-0.00453942	0.153488	0.0262111	0.0168188	-0.0773567	0.0997878	0.00366204	-0.0312994	0.0197464	-0.00176856	0.0237907	0.0930313	-0.00425055	-0.0310738	0.0213389	0.0235443	0.125017	-0.065062	0.0731997	-0.0390171	0.000176228	-0.00922071	0.00569466	
-0.00112539	0.0394156	-0.00348437	0.192369	0.0327375	0.0153764	-0.064113	0.162245	0.00319974	-0.0327844	0.00848384	-0.00209495	0.00220402	0.0719553	-0.00245459	-0.0330927	0.0214382	0.012932	0.191725	-0.0652233	0.0632431	-0.040652	-0.00126613	-0.00477889	0.00113704	
-0.00265763	0.0274103	-0.00395332	0.244855	0.0239335	0.0133997	-0.0713546	0.108312	0.00513573	-0.0327567	0.0161495	-0.00349716	0.0194775	0.067454	-0.00192537	-0.0294006	0.0198414	0.0239272	0.175223	-0.0596836	0.0754704	-0.0365843	0.000954547	0.00893728	0.0104829	0.0565969	-0.0750439	0	0	
0.000670216	0.0512446	-0.00327142	0.192663	0.0246293	0.01302	-0.0832212	0.144592	0.00133305	-0.03207	0.0162781	-0.00104764	0.0229791	0.0548566	-0.000575443	-0.0297802	0.0216777	0.0170893	0.206652	-0.0592729	0.0857033	-0.0368885	0.000574911	-0.00794974	0.0104829	0.026809	
-0.00326977	0.0579414	-0.00213596	0.176208	0.02548	0.0115448	-0.0722056	0.0964618	0.00133305	-0.0272925	0.0125106	-0.00639799	0.0110579	0.079878	-0.00286967	-0.0312555	0.0175479	0.0119329	0.210643	-0.0594013	0.072321	-0.0384975	-0.000900359	-0.0144383	0.00627966	
-0.00273329	0.0293712	-0.00213596	0.316877	0.0238276	0.0216432	-0.0826903	0.267624	0.00383536	-0.0313933	0.00962605	-0.0051765	0.0101115	0.0737821	-0.000734002	-0.0304247	0.023213	0.0236885	0.266178	-0.0685529	0.0781122	-0.0379978	-0.000751463	-0.00324539	0.00404824	
-0.00452048	0.0487837	-0.00438801	0.166554	0.0223571	0.0140783	-0.117006	0.159662	0.00730541	-0.0337285	0.0232026	-0.00288307	0.00832262	0.149719	-0.00476258	-0.0324333	0.0258492	0.0286772	0.190906	-0.0633851	0.110536	-0.0402706	-0.00308665	-0.0143615	0.0129274	
-0.00175617	0.0565396	-0.00503342	0.237845	0.0276561	0.016689	-0.0976601	0.187216	0.00333572	-0.0327465	0.0180375	-0.00281625	0.00140334	0.0808335	0.000450085	-0.0330374	0.022833	0.0234662	0.17075	-0.0668148	0.103969	-0.0395598	-0.00369077	-0.01076	0.00173471	-0.00187862	0.0190648	
-0.00264479	0.0454172	-0.00396759	0.206111	0.027102	0.0199115	-0.0890256	0.315723	0.00229896	-0.0316268	0.0170479	-0.00525957	-0.0123469	0.0821208	0.00305811	-0.0313761	0.0243455	0.0259724	0.160805	-0.0674678	0.0931063	-0.0396109	-0.00515459	-0.0101822	0.00221402	-0.00440922	0.00418284	0.0216079	
-0.000278316	0.0414015	-0.00405158	0.216527	0.027018	0.0177613	-0.0890256	0.278466	0.000928939	-0.0348763	0.0173731	-0.00514321	0.00613637	0.136957	-0.000664721	-0.0320433	0.0217932	0.018716	0.199318	-0.0663667	0.0931063	-0.0392869	-0.00590573	-0.0122383	0.00569596	-0.00597765	-0.00160022	
-0.00226189	0.0160165	-0.00310304	0.24474	0.0302786	0.0156798	-0.101724	0.206578	0.00569647	-0.0345804	0.0278515	-0.00439395	0.034912	0.106629	-0.000664721	-0.0320433	0.0228331	0.02125	0.14143	-0.0643137	0.0984932	-0.0395023	-0.00590573	-0.00706026	0.00660214	
-0.00320344	0.0249091	-0.00303219	0.371789	0.0302786	0.0152838	-0.0942837	0.114025	0.00286367	-0.0312298	0.0141163	-0.00380794	0.0301334	0.0773965	0.002659	-0.0324393	0.0159304	0.0187753	0.250387	-0.0641906	0.0890879	-0.0398983	-0.00433644	-0.000862252	0.00797507	-0.00581626	-0.0114399	-0.0152478	
-0.00332861	0.0129098	-0.00158336	0.187282	0.0326084	0.0155173	-0.1082	0.206218	0.00636624	-0.0342171	0.0141163	-0.00266751	0.036868	0.145404	0.00495674	-0.0322058	0.0200143	0.0200771	0.161662	-0.0643059	0.107007	-0.0401687	-0.00640065	0.0278278	0.0115771	0.00988221	0	
-0.00402822	0.0189558	-0.00292722	0.224235	0.0326084	0.0171579	-0.0830526	0.155909	0.003614	-0.0348968	0.0312662	-0.00562363	-0.00050266	0.056977	0.00599812	-0.0322058	0.012626	0.0286428	0.213307	-0.0658845	0.0883923	-0.0406084	-0.00744203	3.15633e-05	0.00657617	
-0.00402822	0.0424207	-0.00384923	0.231141	0.0327568	0.0109369	-0.0931352	0.15592	0.00503569	-0.0373272	0.016794	-0.00422796	0.0179492	0.0743339	0.00650312	-0.0384268	0.0190249	0.0190076	0.2046	-0.0653497	0.0935102	-0.0437173	-0.014168	-0.000138742	0.00642365	0	-0.00123113	
-0.00178646	0.0274507	-0.00118842	0.148062	0.0343333	0.016502	-0.0975822	0.128333	0.0085102	-0.0334701	0.0109719	-0.00460698	0.0328475	0.0963795	-0.00509013	-0.0324827	0.0233749	0.0356894	0.276439	-0.0654368	0.0926717	-0.0411614	-0.00370407	-0.0136679	0.00583115	
0.000555439	0.0106995	-0.0056472	0.108913	0.0395469	0.0148565	-0.105596	0.176715	0.00197955	-0.0366694	0.0294834	-0.00423916	0.00688648	0.0592062	-0.00455922	-0.0356204	0.0197442	0.0500742	0.165581	-0.0671628	0.101571	-0.0427262	-0.00737267	-0.0203741	0.0094893	
-0.00296754	0.00427348	-0.00615477	0.162982	0.0314538	0.00957869	-0.0897838	0.192587	0.00438999	-0.0404589	0.01876	-0.00539395	0.0142094	0.101253	-0.00455922	-0.0408982	0.0259031	0.0355256	0.13807	-0.0671704	0.0925579	-0.0486682	-0.0126504	-0.0108188	0.00230611	-0.0229799	-0.000937617	-0.00756599	0	
-0.00396502	0.00432639	-0.00443581	0.251682	0.0335553	0.0106179	-0.0636479	0.119223	0.00438999	-0.0348455	0.0294143	-0.00539395	0.00438985	0.120558	-0.00157564	-0.0358638	0.0308528	0.0338748	0.153645	-0.0634166	0.0631885	-0.0433192	-0.00761607	-0.0138446	0.0113089	0.00231136	
-0.00331497	0.00661861	-0.00307958	0.195867	0.0331392	0.0106894	-0.0841548	0.128094	0.00375132	-0.0386155	0.0125088	-0.00529409	0.00901482	0.0499631	-0.0016508	-0.0360889	0.0194449	0.0288687	0.214043	-0.0631747	0.0862724	-0.044263	-0.00761607	-0.0117405	0.0225863	0.0834692	
-0.00134951	0.0105571	-0.00465161	0.186152	0.0270302	0.0117949	-0.0824068	0.14079	0.00225106	-0.0337158	0.0247534	-0.00564375	0.020163	0.0917254	-0.000586384	-0.0351627	0.0219903	0.0367295	0.129608	-0.0637491	0.0862724	-0.0419456	-0.00668986	-0.00860206	0.0180761	
-0.00290626	0.00525267	-0.00413158	0.323725	0.02945	0.0117949	-0.100668	0.06645	0.00570597	-0.0389179	0.0184487	-0.0042905	0.0214518	0.133605	0.00260297	-0.0351627	0.0245937	0.030149	0.131623	-0.0635873	0.0965224	-0.0408165	-0.00987921	0.000148956	0.0155806	0	0.156407	0	
-0.00591605	0.0122628	-0.00475282	0.216233	0.0288288	0.0117949	-0.0718016	0.0787908	0.00410119	-0.0355687	0.0191854	-0.00491174	0.00349462	0.129226	0.000317468	-0.0345414	0.020313	0.0245345	0.128234	-0.0636431	0.0798294	-0.0414241	-0.00759371	-0.0104364	0.0095384	-0.0500067	0.012184	
-0.000163789	0.000390588	-0.00629415	0.132304	0.0238241	0.0136286	-0.0654941	0.0785265	0.00410119	-0.0344686	0.0148622	-0.00523959	0.0316077	0.095636	0.00283898	-0.0327077	0.0242646	0.0265432	0.171142	-0.0631907	0.0770994	-0.0388722	-0.00933744	-0.00637648	0.0247472	
-0.00467687	-0.00509765	-0.00384571	0.281478	0.02952	0.0134573	-0.0740231	0.0773173	0.00147808	-0.0341884	0.0129196	-0.00606376	0.0294506	0.0694718	0.00701337	-0.032879	0.0266631	0.0280571	0.119925	-0.0636393	0.0705787	-0.040444	-0.00976688	-0.0138855	0.0104408	0.0351702	
-0.00504883	0.00816162	-0.0051932	0.130683	0.02952	0.0121084	-0.102636	0.112048	0.00969853	-0.0350309	0.00921279	-0.00428511	0.0197529	0.0793953	-0.00299008	-0.032879	0.0215162	0.0219113	0.0974154	-0.0620408	0.0960582	-0.040444	-0.00518884	0.00172833	0.0232785	
-0.00281193	-0.00410136	-0.00449189	0.278836	0.028917	0.0128993	-0.108793	0.102533	0.00781965	-0.0339445	0.0161955	-0.00424544	0.0209025	0.118036	-0.00299008	-0.0324401	0.0279511	0.0232777	0.157493	-0.0621112	0.0981752	-0.0405008	-0.0043979	-0.00868101	0.00797206	
-0.00392155	0.00164685	-0.00560937	0.204173	0.0279567	0.011626	-0.0888417	0.0826752	0.00458635	-0.0354466	0.0154853	-0.00363086	0.022314	0.0537196	-0.00199246	-0.0337135	0.0259753	0.020789	0.0722233	-0.0623317	0.0917179	-0.0404737	-0.00567126	0.00153423	0.00598243	
-0.00231535	0.00154792	-0.00560937	0.254568	0.0287729	0.0103335	-0.0949465	0.0769274	0.00255615	-0.0330753	0.0197269	-0.00484936	0.00740328	0.0504579	0.00564569	-0.0317947	0.0247	0.0280914	0.0659499	-0.0590951	0.0917179	-0.0382205	-0.00375251	0.00524931	0.0260845	0.0020296	-0.00284535	-0.0115676	
0.000860807	0.0106413	-0.00480906	0.194435	0.0290128	0.013559	-0.10464	0.106618	0.0030602	-0.0322794	0.0150795	-0.00452473	0.0261799	0.0929723	0.000722907	-0.0320347	0.0308364	0.0261986	0.138083	-0.0622598	0.100853	-0.0394801	-0.00319371	-0.00748333	0.0115017	
0.000260953	0.0172577	-0.00408644	0.317439	0.028912	0.0112256	-0.0975074	0.0775333	0.00837231	-0.0331174	0.0243847	-0.00589009	0.0058522	0.0867948	0.00100379	-0.0327384	0.0240072	0.0201884	0.125943	-0.0595414	0.0939001	-0.0390653	-0.00318902	-0.00947446	0.0214667	-0.00259156	
0.000653603	0.0144859	-0.00490273	0.233289	0.0280957	0.0144262	-0.0944727	0.0884085	0.00446593	-0.0343045	0.017484	-0.00253401	0.014181	0.0569812	-0.00020796	-0.0334986	0.0249929	0.0355869	0.142459	-0.0642124	0.0898966	-0.0395152	-0.00355378	-0.00516563	0.0443371	
-0.00155642	0.0223216	-0.00562399	0.15198	0.0279809	0.0153153	-0.09612	0.147268	0.0058248	-0.0338575	0.030782	-0.00458945	0.033503	0.0901091	-0.00707463	-0.0322185	0.0249929	0.0335142	0.344218	-0.0642706	0.0917481	-0.0382351	-0.00247794	-0.000936128	0.021241	-0.000455974	0.0163373	
-0.00277235	0.0169857	-0.00463399	0.358211	0.0298661	0.0126891	-0.101157	0.127261	0.00686602	-0.0336452	0.0188043	0.00024388	0.0117266	0.0630439	-0.00241732	-0.0348447	0.0349171	0.0148197	0.332545	-0.064209	0.0917481	-0.0421465	-0.00510408	-0.0105688	0.0153942	
0.00313834	0.0168658	-0.00544234	0.15295	0.0332863	0.0068786	-0.0929235	0.111321	0.00329351	-0.0341332	0.0161676	-0.0037746	-0.000385379	0.0697141	-0.00884692	-0.0348447	0.0213519	0.0164142	0.236277	-0.0583796	0.0834403	-0.0422692	-0.00278981	-0.0111248	0.0104783	0.00192873	
0.000451019	0.00958915	-0.00542836	0.135078	0.0332863	0.00569554	-0.0957035	0.0874177	0.00598434	-0.0351419	0.0483843	-0.00365564	0.0199745	0.0342555	-0.0033636	-0.0360277	0.0289332	0.0235188	0.269627	-0.058625	0.087719	-0.0422781	-0.0051274	-0.00258803	0.0125685	0.0119364	
-0.000172278	0.0311361	-0.00567905	0.184897	0.036058	0.00996614	-0.101089	0.10784	0.00293784	-0.0305483	0.0259072	-0.00270499	0.0166058	0.0521425	-0.0107545	-0.0303257	0.0289332	0.025666	0.273254	-0.0570506	0.0827967	-0.0369098	0.00690556	-0.0163898	0.0256297	0.0433833	0.0513319	0.0108643	
0.000982418	0.0221958	-0.00567905	0.270008	0.0353805	0.00872323	-0.0916266	0.157084	0.00572044	-0.0364033	0.0167045	-0.00573852	0.00424187	0.144266	0.000563859	-0.0360298	0.0289332	0.0157003	0.130078	-0.0614216	0.0833207	-0.0426139	-0.00602504	-0.0084382	0.0106856	
0.00144361	0.0248253	-0.00624508	0.119513	0.0286574	0.00670667	-0.0888871	0.147816	0.00282613	-0.037261	0.0167231	-0.000737633	0.0231107	0.106691	-0.00714429	-0.0354638	0.0259941	0.0200087	0.202498	-0.059251	0.0809468	-0.0453007	-0.00365108	-0.00515316	0.0176986	-0.00106152	
0.00199124	0.0135455	-0.00488833	0.133154	0.0356082	0.0103029	-0.10004	0.136309	0.0126331	-0.0359247	0.0199751	-0.00436855	0.0331895	0.067072	-0.000413923	-0.0354612	0.0211635	0.0249742	0.128694	-0.0625199	0.0936378	-0.042486	-0.00588019	0.0161167	0.023572	-0.00318142	
-0.000989239	0.00340837	-0.00358812	0.124373	0.0331926	0.0102241	-0.105208	0.0799492	0.00742001	-0.0348791	0.0250624	-0.00505948	0.0274618	0.0512189	0.00474469	-0.0354612	0.018358	0.0117863	0.191499	-0.0627573	0.0960214	-0.0421095	-0.00750422	-0.0117901	0.00799442	
0.0012836	0.0049236	-0.00433747	0.294748	0.0316556	0.00855592	-0.0867731	0.108785	0.00625787	-0.0385262	0.0295234	-0.00383176	0.0337092	0.110578	-0.00246687	-0.0366878	0.0262229	0.0167874	0.273532	-0.0624668	0.0781172	-0.0457102	-0.00410351	-0.00814966	0.0104081	0.00896493	
0.00107613	0.00630335	-0.00410874	0.251445	0.029918	0.0106037	-0.119348	0.0730233	0.00826096	-0.0373717	0.0264213	-0.00393954	0.0303963	0.13061	-0.00182956	-0.0326736	0.0241435	0.0187135	0.199365	-0.0605467	0.114104	-0.0400111	-0.0041403	-0.00651096	0.0139258	
0.00158491	0.00269157	-0.00207854	0.131847	0.0261399	0.00896366	-0.0988381	0.0679893	0.000657716	-0.0390117	0.0301903	-0.00364255	0.040843	0.0765874	-0.0025599	-0.0346106	0.0254178	0.0193242	0.206186	-0.0605464	0.0901618	-0.0406985	-0.00234801	-0.0162604	0.0123492	0.00547549	
0.00298402	0.0115784	-0.00501455	0.387663	0.0283128	0.011558	-0.11813	0.0814133	0.00432784	-0.0392961	0.0382183	-0.00364255	0.030196	0.0661651	-0.00106463	-0.0362506	0.0225047	0.010001	0.1699	-0.0648794	0.120573	-0.0433513	-0.00934628	-0.00311615	0.00872313	0.000190555	
0.00122058	0.00461445	-0.00273448	0.15852	0.0323586	0.0124642	-0.101637	0.0942981	0.00405426	-0.0337962	0.0301096	-0.00416194	0.0377615	0.0314492	-0.000153549	-0.0353443	0.0252777	0.0152232	0.148039	-0.065081	0.0990575	-0.0417485	-0.00356465	-0.0162091	0.021069	-0.0168266	
0.000328699	0.0244597	-0.0014631	0.240242	0.0272204	0.0145498	-0.112241	0.0919224	0.00218408	-0.037602	0.0207393	-0.00290572	0.0271748	0.103024	-0.00218779	-0.0363369	0.0262703	0.0154441	0.214366	-0.0671666	0.104407	-0.0442556	-0.00646182	-0.0207441	0.0279856	
0.00313213	-0.00217601	-0.00375107	0.275876	0.0256666	0.0148339	-0.0833694	0.0944076	0.00611817	-0.0376428	0.0272565	-0.00257818	0.054624	0.0543213	-0.00328257	-0.0362143	0.0200218	0.0282357	0.174851	-0.0671116	0.0838289	-0.0422867	-0.00373	-0.00884526	0.0207662	-0.0193964	
0.00356363	-0.0100722	-0.00385688	0.143195	0.0309371	0.014536	-0.117002	0.123558	-0.00130773	-0.0363066	0.0396375	-0.00360153	0.0394992	0.0521997	0.000606368	-0.0354889	0.0183871	0.0161495	0.173828	-0.0672312	0.109495	-0.0439615	-0.00592117	0.000192906	0.0251232	
0.00108584	-0.00305224	-0.00321752	0.303341	0.0276154	0.0123241	-0.0958891	0.120072	0.00745869	-0.0404733	0.0462021	-0.00382688	0.0234066	0.0544033	-0.00424794	-0.0362964	0.0189126	0.00979841	0.161941	-0.0662673	0.0869902	-0.0453118	-0.00533726	-0.00729892	0.0148411	0.00178692	0	
0.000482163	0.00540869	-0.00640484	0.2636	0.0276154	0.0128832	-0.124131	0.104035	0.00428091	-0.0351313	0.0546991	-0.00382688	0.0608362	0.131208	0.00241072	-0.0362964	0.0257334	0.0191159	0.227104	-0.0664525	0.121778	-0.0435917	-0.0118826	-0.0129202	0.00789666	-0.00955212	
0.00225787	-0.000946027	-0.00541049	0.177668	0.024204	0.0131663	-0.100898	0.073798	0.00450753	-0.0290051	0.0823139	-0.00374875	0.033187	0.12524	0.000835196	-0.0303967	0.0158527	0.0257909	0.135459	-0.0604909	0.10303	-0.0359828	-0.00418083	-0.0131064	0.01496	-0.00465731	0.0162927	
-0.00113381	0.00755187	-0.00400298	0.134556	0.0318978	0.0209625	-0.0999653	0.070366	0.00579366	-0.029522	0.0403006	-0.00406677	0.0429291	0.100688	-0.00172411	-0.0309617	0.0275719	0.0190433	0.286163	-0.0691287	0.102098	-0.038877	-0.00474578	-0.013348	0.0378956	
0.00633892	0.0275613	-0.00412443	0.351544	0.0390306	0.0141893	-0.104087	0.145429	0.0038004	-0.0311393	0.0170015	-0.00362877	0.0422541	0.0768027	-0.00019269	-0.0313997	0.0262244	0.0272705	0.251537	-0.0621361	0.0992798	-0.0369571	-0.00756453	-0.0187073	0.0161693	
0.00599165	0.00191793	-0.00360835	0.293874	0.0298985	0.0130981	-0.12911	0.120557	0.00407359	-0.0323651	0.0365519	-0.00584934	0.0340607	0.0461761	0.00102321	-0.0341409	0.0246595	0.0128286	0.278744	-0.0638687	0.122982	-0.0391359	-0.00505242	-0.0171968	0.0100531	-0.0051522	
0.00490555	0.0145661	-0.00363014	0.295362	0.0272119	0.0126516	-0.0801098	0.0966454	0.00820436	-0.0335729	0.0328144	-0.00424595	0.0353318	0.088544	-0.00391934	-0.0341191	0.0275698	0.0191703	0.181361	-0.0633049	0.0796449	-0.0385069	-0.00338938	-0.0288491	0.0127814	0.00342287	
0.00582873	-0.00566107	-0.0048949	0.270245	0.0347261	0.0116663	-0.0827955	0.0629654	0.00417305	-0.034753	0.0227273	-0.00508335	0.0181871	0.0941656	-0.00171137	-0.0351658	0.0276312	0.0245819	0.288182	-0.0634367	0.0811221	-0.0416515	-0.00599176	-0.0200791	0.0190794	0	0	
0.000928354	0.00383337	-0.00585904	0.372854	0.0311529	0.0182567	-0.114386	0.116078	0.00646627	-0.0319812	0.0182262	-0.00306227	0.0134677	0.0381783	-0.00403308	-0.0301975	0.029283	0.0213236	0.22049	-0.0647938	0.111488	-0.0352005	-0.000999767	-0.00638936	0.0273199	
0.000747135	0.0134688	-0.00298688	0.29374	0.0284052	0.0178587	-0.0956502	0.126441	0.00266085	-0.0324832	0.0280958	-0.00306227	0.00939659	0.0407234	0.00220105	-0.0312932	0.0219715	0.0141903	0.248424	-0.0656914	0.0925098	-0.0362381	-0.00647333	-0.00570639	0.012969	
-0.000456362	0.0171238	-0.00401503	0.208734	0.0335116	0.0153336	-0.0891154	0.103205	0.00704334	-0.036644	0.0406373	-0.00194685	0.000828489	0.053973	0.00223445	-0.0339311	0.0216399	0.0155844	0.375169	-0.0659876	0.0968833	-0.041088	-0.00899846	-0.0228171	0.0148362	-0.0110007	0.0457541	0.000713654	0.00078338	
0.002079	0.0279057	-0.00367353	0.224329	0.0267573	0.0130261	-0.0880019	0.0691348	0.00680642	-0.0325791	0.0381857	-0.00194637	0.0234305	0.17247	0.00713583	-0.0329961	0.0252722	0.0130992	0.210003	-0.0626062	0.101785	-0.0396707	-0.0132018	-0.011721	0.0141177	-0.00913749	0.0260729	
0.0029718	0.0163581	-0.00367353	0.281022	0.0280459	0.0130261	-0.107415	0.10241	0.00538943	-0.0359779	0.0623256	-0.00319984	0.0170268	0.0729128	-0.000432611	-0.0329961	0.0242745	0.0164156	0.148173	-0.0624471	0.11077	-0.0399495	-0.00785486	-0.0156602	0.0107217	0	
0.00232866	0.0143648	-0.00504676	0.20965	0.0282588	0.0117963	-0.109439	0.0719052	0.00538943	-0.0359165	0.0200345	-0.00322509	0.0235117	0.042915	0.00191791	-0.0329346	0.0211882	0.0163193	0.200611	-0.0611602	0.113738	-0.0401445	-0.0107613	-0.0256894	0.008334	
0.00417263	0.012178	-0.00386318	0.306007	0.0282588	0.0130613	-0.127611	0.0638406	0.00357608	-0.0370494	0.0371215	-0.00436642	0.0535958	0.0421975	0.000191593	-0.0340675	0.0192925	0.0200683	0.176644	-0.063704	0.128981	-0.0396378	-0.0107653	-0.0235657	0.0210136	
0.00103226	-0.000804025	-0.00372868	0.146939	0.0282588	0.00726625	-0.101353	0.0760999	0.00100977	-0.0358078	0.0373795	-0.00317421	0.0270086	0.154211	0.00307911	-0.0340675	0.0204528	0.0266704	0.148427	-0.058099	0.105611	-0.0396378	-0.0136528	-0.0181195	0.0221049	0.0765453	
-0.00236397	0.00563241	-0.00313854	0.197111	0.0305312	0.00653074	-0.12029	0.156327	0.00126824	-0.0373612	0.0337522	-0.00317421	0.0184573	0.0620828	0.00827287	-0.0356209	0.0232729	0.0190785	0.127848	-0.0586242	0.122984	-0.0414643	-0.013641	-0.0175585	0.0207228	
0.000617939	-0.00479352	-0.00284323	0.128077	0.0305312	0.00686699	-0.114913	0.0735435	0.00438578	-0.0366252	0.0403593	-0.00317421	0.00573699	0.0518095	0.00867596	-0.0356209	0.0266476	0.0166954	0.224456	-0.0591357	0.11439	-0.0414643	-0.0140441	-0.00782476	0.0170131	0.000387049	-0.0252117	
0.00173803	-0.0016956	-0.00284323	0.179548	0.0305312	0.0076201	-0.115567	0.1546	0.00242518	-0.0335273	0.0295043	-0.00251344	0.0120935	0.0241797	0.00925678	-0.032523	0.0266476	0.0212768	0.185222	-0.0567909	0.113384	-0.037491	-0.00993993	-0.011665	0.0183798	0	0.00825225	0	
-0.000565467	0.0139228	-0.00457499	0.253425	0.0303739	0.0104823	-0.086173	0.102067	0.00587012	-0.0320846	0.0474282	-0.00255776	0.0270316	0.0587176	0.00198905	-0.0297052	0.020133	0.0232409	0.237674	-0.0571974	0.0852754	-0.0382029	-0.00885048	-0.0122518	0.00773569	-0.00385616	-0.0350295	
3.97025e-05	0.000293707	-0.00204473	0.258944	0.0303739	0.0125793	-0.104067	0.0797102	0.00410461	-0.03791	0.0229819	-0.00255776	0.0163361	0.0918918	0.00760145	-0.0353759	0.0236158	0.0112715	0.0938516	-0.0650589	0.104796	-0.0423149	-0.0145211	-0.00144472	0.00732341	0.00406269	0	0	
-0.000122336	0.00694103	-0.00204473	0.239155	0.0261198	0.0132443	-0.109839	0.130822	0.0084863	-0.0335861	0.0346605	-0.00255776	0.0205902	0.0945643	0.00485801	-0.0325303	0.0237106	0.0171376	0.265801	-0.0627434	0.109847	-0.0389862	-0.0109552	-0.00857592	0.00315167	0.0168773	
-0.00239757	0.000649243	-0.00359705	0.211595	0.02672	0.0117943	-0.108138	0.178696	0.0136658	-0.0385106	0.0340591	-0.00255776	0.0258335	0.0550016	0.00218949	-0.0348772	0.0233235	0.0154581	0.15182	-0.0635292	0.108984	-0.0403301	-0.0133021	-0.0237215	0.0254394	
-0.000691457	0.00867366	-0.00252389	0.241965	0.02672	0.00633779	-0.109023	0.0407319	0.00145779	-0.0397897	0.0266652	-0.00373169	0.00732572	0.0637185	0.00736275	-0.0361563	0.0229253	0.0255699	0.131473	-0.0593518	0.110716	-0.0392682	-0.0163128	-0.0213009	0.0141987	
-0.000715805	0.0110462	-0.00250863	0.168158	0.0266281	0.0103659	-0.0961554	0.0536286	0.00565442	-0.0353885	0.0370571	-0.00532396	0.00519429	0.0958096	0.00533249	-0.0316465	0.0224436	0.00751065	0.194055	-0.0592402	0.0978435	-0.0356693	-0.00986659	-0.0177465	0.00827068	
0.000597666	0.0122776	-0.00486944	0.182804	0.0319508	0.0128356	-0.0983469	0.125246	0.00411066	-0.0305913	0.0256478	-0.00411353	0.0151757	0.042936	0.00405267	-0.0291768	0.0203501	0.0198102	0.186241	-0.0593979	0.0978086	-0.0366535	-0.00695573	-0.024195	0.0196295	-0.0190668	
-0.00297733	-0.00493856	-0.00362443	0.226449	0.0359399	0.0104785	-0.0934046	0.085734	0.00516603	-0.0337348	0.0189357	-0.00317379	0.016427	0.0658149	0.00704162	-0.0323203	0.0144257	0.030368	0.11342	-0.0600585	0.0952092	-0.0399927	-0.010552	-0.0248624	0.00820766	
-0.00175369	0.0112084	-0.00420481	0.18402	0.0359399	0.00916591	-0.112864	0.205799	0.00433975	-0.0338602	0.0214003	-0.00611356	-0.00578927	0.0467746	0.00570926	-0.0323203	0.0207396	0.00519449	0.162866	-0.0588158	0.115884	-0.0383731	-0.010552	-0.0155189	0.00916022	
-0.000667075	0.0134685	-0.00367367	0.225193	0.0297826	0.0112774	-0.118039	0.0723837	0.00394064	-0.0341073	0.0239221	-0.0040674	0.00487269	0.0934715	0.00426771	-0.0328514	0.0226841	0.00941372	0.167315	-0.060926	0.113078	-0.037025	-0.00831208	-0.0256915	0.0120069	0.0408313	0.0148992	
-0.000503605	0.0076607	-0.00347711	0.241218	0.0257673	0.0108208	-0.12155	0.0887039	0.00280508	-0.0317024	0.0218691	-0.00563008	0.00948667	0.131901	0.00702946	-0.032239	0.0215627	0.00860478	0.132037	-0.0605139	0.121526	-0.0384461	-0.0109672	-0.0220014	0.0190097	0.0605958	0	-0.00588305	
0.00383732	0.0045998	-0.00181751	0.227394	0.034255	0.00576372	-0.0979233	0.109633	0.00399992	-0.0390494	0.0168842	-0.00246175	0.0136346	0.0490253	-0.00161747	-0.0385069	0.0192086	0.0174066	0.170126	-0.0606733	0.101436	-0.044202	-0.0158231	-0.0196282	0.0197406	0.0211493	
0.00254705	0.0215301	-0.00364309	0.215476	0.0324319	0.0111006	-0.112396	0.109794	0.0119521	-0.0341634	0.020951	-0.0025312	0.000783366	0.0858574	0.00913247	-0.032896	0.0238261	0.0172222	0.18543	-0.0603072	0.114306	-0.0380332	-0.0104863	-0.0231562	0.0178298	-0.021249	0.00847149	
-0.00419969	0.0172724	-0.00275393	0.233305	0.0326819	0.00971411	-0.117667	0.0653794	0.00883601	-0.036502	0.0171974	-0.00141051	0.0193706	0.0788037	0.00763368	-0.0342824	0.0203935	0.0126191	0.131497	-0.0601841	0.116171	-0.0397707	-0.0118727	-0.031049	0.0239841	0.0115251	0	0	
-0.00106168	0.019624	-0.00287884	0.218826	0.0326794	0.0060116	-0.115615	0.133867	0.00466567	-0.0379805	0.0122738	-0.00519914	0.0207283	0.114067	0.00763368	-0.0334009	0.0178303	0.0243856	0.181895	-0.0564748	0.116171	-0.0398464	-0.0118727	-0.0266615	0.00384343	-0.00307303	
-0.00127435	0.00954692	-0.00352414	0.18415	0.0326794	0.0060116	-0.129457	0.232568	0.00712713	-0.0331839	0.0143944	-0.00261688	0.0677587	0.0706	0.00365838	-0.0334009	0.0152186	0.0229097	0.148657	-0.0568907	0.127165	-0.0412917	-0.0110574	-0.0292933	0.0135745	
-0.00127435	0.00925216	-0.0026946	0.247634	0.024879	0.00843917	-0.130334	0.134586	0.0033188	-0.0338369	0.0173873	-0.00133816	0.0318082	0.0946316	0.003589	-0.0336956	0.016919	0.0172669	0.301445	-0.0593648	0.125544	-0.0408157	-0.0113522	-0.0300828	0.0104457	0.0143149	0	0	0	
0.00281742	0.00202983	-0.0038509	0.161468	0.0362349	0.00569923	-0.111101	0.120976	0.00251184	-0.0361809	0.0174798	-0.00115466	0.0342826	0.0675112	0.00236125	-0.0345525	0.0177759	0.0120778	0.147456	-0.0564905	0.109312	-0.0366117	-0.0101244	-0.0293164	0.00769631	-0.00286784	
-0.000233772	0.00802479	-0.00208777	0.274729	0.0290759	0.00569923	-0.110945	0.109112	0.0053899	-0.0372741	0.00944452	-0.00093034	0.00332901	0.0528132	0.0080978	-0.0347769	0.0180002	0.0122402	0.262386	-0.0565702	0.111897	-0.0405891	-0.0127097	-0.0237683	0.00784779	0.00180749	
0.00249694	-0.00635456	-0.00175445	0.309516	0.0316776	0.00582155	-0.110945	0.107076	0.00402546	-0.0399297	0.0144292	-0.00291388	0.00623803	0.0430897	0.00468622	-0.0394157	0.022152	0.0110601	0.29075	-0.0614476	0.108485	-0.0429057	-0.013937	-0.0205479	0.0157842	0.0117986	
0.00764952	0.0194823	-0.00122343	0.254904	0.0297751	0.0144085	-0.130433	0.150386	0.00309174	-0.0336435	0.0123467	0.000604281	-0.011751	0.052839	0.00698313	-0.032459	0.0261352	0.0217041	0.157409	-0.0628792	0.126291	-0.036687	-0.00698018	-0.0222454	0.0102344	0.0236723	
0.00450532	0.00264471	0.000281379	0.154974	0.0414499	0.0106038	-0.116431	0.0841668	0.00537718	-0.0381098	0.0139226	-0.00238996	-0.0181679	0.0657236	-0.00122818	-0.0362637	0.0185307	0.00498308	0.256029	-0.0629591	0.113821	-0.0415319	-0.00960696	-0.0188558	0.00813797	
-3.20935e-05	0.0276009	0.000495708	0.108544	0.0331624	0.00936509	-0.0989143	0.2291	0.00559151	-0.0387015	0.0081255	-0.00279068	0.00491123	0.0641956	-0.000265363	-0.0377167	0.0220598	-0.00261735	0.390676	-0.0631648	0.0987195	-0.0427706	-0.0100887	-0.0293422	0.00343492	0.0121336	-0.0180856	
0.00046117	0.0180249	0.000978462	0.291915	0.0363166	0.00994553	-0.114716	0.139437	0.010541	-0.0385907	0.0191199	-0.00383515	0.0204098	0.0645763	0.00312233	-0.0377167	0.0220598	-0.00240505	0.349392	-0.0636712	0.110811	-0.0414762	-0.00945439	-0.0198293	0.00462147	
0.00185928	-0.00378463	8.37473e-06	0.315737	0.0344292	0.00818197	-0.110378	0.100837	0.00142282	-0.0403542	0.0173838	-0.0024116	-0.000829854	0.112101	0.00400187	-0.0394803	0.0303528	-0.000633338	0.213073	-0.063786	0.108001	-0.0434001	-0.011218	-0.0222313	0.00653132	-0.00711543	
-0.00134515	0.0134021	-0.000553723	0.118075	0.0312503	0.0153115	-0.0985748	0.1096	0.00441757	-0.0324035	0.0181556	-0.00398209	0.0175127	0.0569999	0.00584056	-0.0316737	0.0190426	0.0102565	0.248899	-0.0636982	0.101993	-0.0381407	-0.00592712	-0.0189129	0.0124157	0.0291898	
0.00238784	-0.00988119	-0.00160072	0.116745	0.0347008	0.00937653	-0.0930415	0.118854	-2.46655e-05	-0.0396881	0.0178944	-0.00398209	0.00300156	0.0649125	-0.000194231	-0.0389583	0.0190426	-0.00565785	0.231057	-0.064905	0.0993761	-0.0431728	-0.0119774	-0.0258474	0.0134706	-0.000787926	-0.00474303	
-0.00222181	0.0196005	0.000979995	0.346515	0.0347008	0.0114111	-0.0936013	0.0640991	-0.000337296	-0.0308354	0.0178944	-0.00398209	0.021038	0.0945806	0.00721549	-0.0354102	0.0233361	-0.000697959	0.326509	-0.0634418	0.0986499	-0.0396247	-0.011716	-0.0161922	0.00323825	
-0.000709255	0.0142001	-0.00248194	0.196736	0.0342786	0.0114316	-0.0977885	0.127416	0.00465907	-0.0360849	0.0217329	-0.00280855	0.021809	0.178575	0.00294673	-0.0353896	0.0201831	-0.00138092	0.134195	-0.063603	0.109121	-0.0428114	-0.0116955	-0.0226502	0.0133586	
2.31445e-05	0.0133644	-0.00154675	0.183572	0.0301816	0.00952921	-0.0811751	0.118541	0.00572624	-0.0378017	0.026996	-0.00160625	-0.00192046	0.0833075	0.0144915	-0.0397246	0.0211183	0.00489605	0.169009	-0.0650978	0.0925079	-0.0450358	-0.0150953	-0.0217017	0.0106075	0.00336282	
0.00203945	0.0182443	1.42075e-05	0.365795	0.029875	0.0211728	-0.0921713	0.0736502	0.00131897	-0.0302724	0.018702	-0.00294578	0.0438853	0.0712938	-0.00550644	-0.0309017	0.0234962	-0.00432329	0.170819	-0.0681425	0.0989913	-0.0366184	-0.00607205	-0.0197829	0.012957	
-0.000951376	-0.00508017	1.42075e-05	0.295385	0.0329249	0.0103982	-0.0781441	0.0939917	-0.000318966	-0.042357	0.0242598	-0.00475514	0.0493197	0.131884	0.00945356	-0.0401017	0.0236259	0.000885739	0.253852	-0.0669408	0.0879034	-0.0458184	-0.017177	-0.0233975	0.0108518	0	0	
0.00107167	-0.0121723	1.42075e-05	0.35757	0.033095	0.00942102	-0.119333	0.132366	0.00133843	-0.0421509	0.011485	-0.00442918	0.00955586	0.0835939	0.00419641	-0.0401017	0.021472	-0.00621266	0.312351	-0.0657921	0.12635	-0.0440601	-0.017177	-0.035177	0.00602413	0.00081427	
-0.00103175	-0.0011852	-0.000999599	0.191118	0.0306845	0.0148347	-0.0655011	0.183643	0.00366903	-0.0373889	0.0214868	-0.00425864	0.0273374	0.071102	0.00881947	-0.0348254	0.0222339	-0.00721752	0.386509	-0.0660083	0.0719496	-0.0421403	-0.00735067	-0.0264265	0.0066	0.00279427	
-0.000609522	0.0147624	0.00187786	0.282224	0.033306	0.0124683	-0.0954616	0.137336	0.00656443	-0.0379394	0.0273062	-0.00431897	0.0191539	0.115559	0.00669256	-0.0371918	0.0210811	-0.00484243	0.222431	-0.0660031	0.101763	-0.04182	-0.0103642	-0.0299095	0.00625257	0.00163612	
-0.00102357	0.000468167	0.00303189	0.166752	0.0277729	0.00721517	-0.0997703	0.123497	0.00367277	-0.0342061	0.0190172	-0.00475951	0.0294021	0.154976	0.0151076	-0.0371918	0.02602	0.0115436	0.325568	-0.0607499	0.105542	-0.0420084	-0.0141427	-0.027478	0.00604143	-0.00152098	
0.00536428	0.0176562	-0.000801157	0.196434	0.0274853	0.00740426	-0.107648	0.149718	0.000564802	-0.0346372	0.0199014	-0.00546248	0.0382653	0.149362	0.0126521	-0.0370027	0.0297342	0.000692546	0.270457	-0.0608458	0.105542	-0.0434926	-0.0139536	-0.0212767	0.00398874	0.00353006	0.0129043	
-0.00168226	0.00102347	0.00293858	0.234309	0.0274527	0.0125869	-0.102586	0.0856152	0.000676425	-0.0370025	0.0129084	-0.00526772	0.014133	0.107138	0.00825639	-0.0367829	0.0207948	-0.000198862	0.17945	-0.0659078	0.108507	-0.0416975	-0.0139536	-0.0342375	0.00772742	0.0019296	0.0194589	
0.00266872	-0.00029995	0.00222439	0.162409	0.0322557	0.00902028	-0.103586	0.117199	-0.000642035	-0.0372283	0.0100821	-0.00238008	0.0402078	0.12313	0.00886985	-0.0367829	0.0226256	0.0109116	0.101499	-0.0624054	0.107718	-0.0418293	-0.0145671	-0.0344682	0.00214398	0.003534	-0.0101054	0	0.0286136	
-7.40192e-05	0.00526468	-0.000483875	0.147569	0.0319365	0.0139105	-0.0885364	0.132799	-0.00098917	-0.0402198	0.0251838	-0.00365592	0.00277402	0.151904	0.00750358	-0.0381577	0.0223064	-0.00663883	0.143357	-0.0689465	0.0964646	-0.0447361	-0.0153835	-0.0398772	0.000974719	-0.00427778	0.104843	0.00647877	
0.0047213	-0.00219111	-0.000483875	0.159748	0.0360499	0.0139105	-0.0792002	0.127569	-0.000106187	-0.0389114	0.0302073	-0.00365592	-0.00489201	0.109029	0.0012724	-0.0381577	0.0206322	-0.000745633	0.125207	-0.0687228	0.0866775	-0.0447936	-0.011461	-0.0224937	0.010327	-0.00163526	
-4.41201e-05	-0.00219111	0.000703405	0.210907	0.0360499	0.0125482	-0.0728474	0.125035	-0.00125648	-0.0349279	0.0299433	-0.00468441	-0.00744777	0.0780603	-0.00168777	-0.0381577	0.0206322	0.00612042	0.219304	-0.0672635	0.0814629	-0.042961	-0.011461	-0.0301112	0.00187427	0.00685018	-0.101369	-0.0351615	
0.00248913	0.00734558	0.00254069	0.250869	0.0331166	0.0130049	-0.0979921	0.103804	0.00125016	-0.0385525	0.0223762	-0.00246542	-0.00802988	0.0659406	-0.00164178	-0.0364279	0.0206322	-0.00172378	0.25177	-0.0662111	0.103745	-0.0423854	-0.00977718	-0.0283814	0.00921944	0.00579904	0.00929059	
