0.102613	-0.0011336	0.032626	0.0304337	-0.0165185	0.477549	0.0082077	0.0103846	-0.0448631	0.0271768	0.0027535	-0.0068811	0.0153283	-0.016418	0.0506804	0.141592	-0.0002087	-0.0079919	-9.09e-05	-0.051034	-0.0228701	-0.0373467	0.22186	-0.0020959	-0.0452774	0.0230007	0.0170013	0.065846	0.092511	-0.0158026	-0.0020308	0.0546648	0.0091237	-0.0015584	0.0035214	0.186911	-0.00785484	0.0125106	0.0022389	0.0629838	0.0204894	0.054908	0.565643	0.0079537	0.0503712	-0.0356728	0.0100857	-0.0385901	-0.0707505	0.0346645	-0.00853496	-0.00798342	0.10905	-0.0052391	0.024251	0.0212864	0.0522692	-0.0048291	0.0889808	0.124202	0.0091114	-0.006336	0.0329248	0.0134967	0.0465208	0.0202467	0.242003	0.0043565	-0.0063691	0.0318872	0.0006744	-0.0629999	-0.0370466	0.022544	0.0155514	0.010981	-0.0104621	-0.0092652	0.0282926	-0.00674782	-0.0011935	0.106022	0.058688	
0.097351	-0.00321534	0.032626	0.0359801	-0.0177294	0.38354	0.00806848	0.0123424	-0.0407019	0.0329303	0.00383357	-0.00133468	0.0157668	0.0219904	0.118014	0.0552387	-0.0126959	0.040659	-0.0252111	-0.0373467	0.237136	0.0107615	0.00151366	0.147774	0.0634562	0.422146	-0.0385901	-0.00892618	0.0131547	0.0849206	0.0281257	0.181776	0.0136984	0.0180035	0.033316	0.0389211	0.111469	-0.00661788	-0.0410343	-0.00791223	-0.00215947	0.0406089	0.0935124	
0.109824	-0.00321534	0.0411936	0.0321881	-0.0199766	0.505753	0.00676033	0.016108	-0.0242111	0.0274497	0.00604662	-0.0292091	0.0437464	0.173742	0.0539798	-0.0414652	0.0479977	-0.000524287	0.0136984	0.145838	0.019414	0.0674782	0.00565463	0.103197	0.0661975	-0.0211569	0.479404	-0.0051267	-0.0233131	-0.00653074	0.0166323	
0.096316	-0.00893208	0.0473992	0.0316788	-0.0216787	0.435898	0.0121486	0.0133992	-0.0317033	0.0321837	-0.0397478	0.0899592	0.111813	0.0313288	0.0732622	0.102171	0.00724235	-0.00432725	0.371445	0.0650728	0.150429	0.182964	0.0131817	-0.0271494	0.540668	
0.113784	-0.00128209	0.0450426	0.0305222	-0.026561	0.598691	0.0131701	0.0162618	-0.0265301	0.0299076	-0.0354767	0.0577395	0.142967	0.128804	0.0118392	0	0	0.122956	-0.00432725	0.227192	0.0759403	0.173092	0.0160481	-0.0277922	0.273524	
0.106673	0.00175014	0.0351933	0.031051	-0.0186938	0.294223	0.010008	0.00885809	-0.0296747	0.037192	-0.0400678	0.0675915	-0.00418056	0.203027	0.00462121	0.122441	0.011353	0.294363	0.177597	0.0701667	
0.099515	-0.000391216	0.046823	0.0325432	-0.0190124	0.40672	0.00294935	0.00707913	-0.0199869	0.0247595	-0.0385445	0.0403277	-0.00395652	0.16859	0.00528615	0.123838	0.0126105	0.222866	0.105477	0.114136	-0.00786016	
0.0937983	0.00569251	0.0479724	0.0308367	-0.0203477	0.38203	0.00251998	0.00743019	-0.0252358	0.0249064	-0.0386988	0.0671894	-0.00380364	0.253903	0.0062999	0.137661	0.0114188	0.335231	0.0888531	0.13012	0	-0.0184436	
0.0950222	0.00206501	0.067448	0.029889	-0.0176384	0.336878	0.00731768	0.00700405	-0.0202362	0.0346747	-0.0348685	0.039612	-0.00480202	0.209235	0.00364131	0.146208	0.0132647	0.335004	0.137696	0.106665	-0.00765081	
0.100544	0.000884243	0.0704026	0.0315179	-0.020963	0.361509	0.00268146	0.0108277	-0.039567	0.0356057	-0.0388352	0.0367549	-0.0039296	0.169955	0.00704728	0.14004	0.0107402	0.397032	0.116602	0.121672	-0.00424796	-0.00361257	
0.105668	0.00131206	0.0674898	0.0315723	-0.0221611	0.360226	-9.03711e-06	0.0119767	-0.0270664	0.0338365	-0.0356277	0.0631303	-0.00348291	0.288877	0.00859267	0.128185	0.0120733	0.462938	0.190543	0.0956992	
0.0899833	0.00119156	0.0545785	0.029617	-0.0227276	0.323123	0.00207578	0.0137929	-0.0359258	0.0273079	-0.0403251	0.0353236	-0.0051267	0.217695	0.00859267	0.133828	0.0108784	0.656875	0.165749	0.110645	
0.0899913	0.00177293	0.0498802	0.0294898	-0.0182004	0.258759	0.00669761	0.00862807	-0.0302894	0.0296611	-0.0380299	0.0680819	-0.0051267	0.243387	0.00368792	0.118354	0.0167345	0.309914	0.112052	0.0807604	-0.0211172	
0.0877362	0.00382614	0.0773962	0.032051	-0.0191214	0.329877	0.00576546	0.0127239	-0.0240704	0.0303883	-0.0431037	0.0992887	-0.00650455	0.361597	0.00585632	0.0782683	0.0144536	0.3478	0.179746	0.0637961	-0.00695325	
0.0945071	0.00146368	0.042938	0.0328089	-0.0175266	0.382032	0.00455454	0.00990223	-0.031167	0.0265282	-0.0399462	0.0505536	-0.00529388	0.256822	0.00364697	0.149281	0.0117386	0.309871	0.115621	0.10313	-0.0108453	-0.0184513	-0.0181555	
0.0938009	0.00609262	0.0406199	0.0326947	-0.0217192	0.270489	0.00633951	0.0112688	-0.0282754	0.0265302	-0.0398346	0.0497548	-0.00529388	0.229493	0.00846265	0.135635	0.0154179	0.34556	0.0951381	0.0930205	-0.00806313	-0.0147473	
0.0948561	0.00561596	0.0593017	0.0326947	-0.0196837	0.288119	0.00702073	0.0110612	-0.0325172	0.0258536	-0.0376184	0.125866	-0.00529388	0.377436	0.00740742	0.142573	0.0154179	0.310426	0.0774941	0.0633305	-0.00806313	
0.119626	0.00712622	0.0525458	0.032135	-0.0204965	0.397369	0.00523916	0.00644756	-0.0337836	0.0306839	-0.0376184	0.0517249	-0.00567298	0.311798	0.00752405	0.145605	0.0152373	0.316175	0.0457467	0.0639913	-0.0100587	0	
0.101226	0.00712622	0.0638052	0.0340397	-0.0218763	0.329271	0.0027515	0.011056	-0.0188874	0.0314376	-0.0386355	0.0798494	-0.00376829	0.458876	0.00848356	0.149585	0.0138951	0.401004	-0.00268682	0.0390035	0.00612644	0.00880061	
0.12159	0.00600482	0.0432604	0.0319337	-0.0178299	0.24477	0.0101936	0.0107057	-0.0179836	0.0335689	-0.0366894	0.0511253	-0.00426333	0.294106	0.0043333	0.126297	0.0144172	0.277891	-0.00107588	0.0349637	0.00512428	-0.0366894	0.00556789	
0.114392	0.0058872	0.04715	0.03011	-0.0253175	0.210037	0.011912	0.0141238	-0.01159	0.0277292	-0.0376774	0.0876901	-0.00643513	0.333982	0.0125678	0.151129	0.0170475	0.28821	-0.00965132	0	
0.106495	0.0058872	0.0582812	0.0319273	-0.0257465	0.387722	0.00834338	0.00867171	-0.0219231	0.0273897	-0.0362732	0.04719	-0.00563815	0.389698	0.0125342	0.0988443	0.0165536	0.463371	-0.00631416	
0.102948	0.00536421	0.0460809	0.0317967	-0.0254985	0.260107	0.0118403	0.0111389	-0.0330251	0.0315869	-0.0348252	0.0694407	-0.00576873	0.279871	0.012168	0.0961303	0.0165536	0.282438	-0.0012579	
0.10449	0.00516286	0.061189	0.0328622	-0.0279344	0.179952	0.0120295	0.0114644	-0.0293207	0.0241742	-0.0385697	0.0467972	-0.00526067	0.360394	0.0144619	0.146041	0.0143145	0.288569	-0.00201664	0	
0.0948845	0.00424914	0.0362122	0.0337623	-0.0260813	0.297797	0.0128309	0.0178589	-0.0294649	0.0244115	-0.0368369	0.0406846	-0.00468019	0.233558	0.0134654	0.165061	0.0185941	0.199645	-0.00578072	
0.13116	0.00424914	0.0592745	0.032693	-0.0238555	0.392175	0.011578	0.00934165	-0.0189147	0.0209093	-0.0370304	0.0488183	-0.00424119	0.329227	0.0113441	0.180624	0.0139842	0.297263	0.0156775	0.0131351	0.0115232	
0.111689	0.00259169	0.0469454	0.0309095	-0.0213882	0.344428	0.0137677	0.0109735	-0.0211675	0.0220699	-0.0364697	0.0577726	-0.00508118	0.334174	0.00728358	0.111577	0.0168475	0.205817	-0.00331131	
0.0983568	0.00428599	0.0244047	0.0322828	-0.0236041	0.318095	0.0074245	0.0104787	-0.0327802	0.0239017	-0.0342961	0.0685663	-0.00302503	0.330376	0.0100115	0.138816	0.0149344	0.179621	0.00648363	0.00189158	
0.0965817	0.00522922	0.048638	0.0325373	-0.0336826	0.281902	0.00989808	0.0129334	-0.0260871	0.0246921	-0.0367857	0.0442592	-0.00324094	0.333231	0.0192985	0.173492	0.0151503	0.288612	0.00764428	
0.0875569	0.00303249	0.0435383	0.0298892	-0.0290697	0.293531	0.0109392	0.0114185	-0.0162462	0.0270674	-0.029869	0.0793865	-0.00324094	0.225987	0.0158557	0.140457	0.0136729	0.253454	0.00910188	
0.0906145	0.00306014	0.0524918	0.0324733	-0.0265025	0.345526	0.00455605	0.0106604	-0.0286175	0.0254171	-0.0311069	0.0364509	-0.00315515	0.212942	0.0127981	0.13145	0.0144692	0.231193	-0.00203556	0	
0.073965	0.00312636	0.0413968	0.031615	-0.0295957	0.383191	0.00777636	0.0155524	-0.0296166	0.0285007	-0.0372821	0.0420359	-0.00438852	0.221322	0.0169651	0.19477	0.0163923	0.203705	0.00073958	
0.0932512	0.00246096	0.0400896	0.031462	-0.0238655	0.39066	0.0119664	0.014858	-0.0253644	0.0231388	-0.0304358	0.0421836	-0.00454146	0.192861	0.0113117	0.179916	0.014559	0.349203	-0.00696503	
0.0869106	0.00714101	0.0463141	0.0328351	-0.0293876	0.405705	0.001266	0.0131963	-0.0270775	0.0375451	-0.0368975	0.0381984	-0.00475462	0.202233	0.0174613	0.204434	0.0157678	0.25932	-0.00516101	
0.0934268	0.00495956	0.0452967	0.0328351	-0.0252918	0.449109	0.00761489	0.0149872	-0.020992	0.0274628	-0.0311296	0.0384417	-0.0045793	0.22016	0.0125041	0.192314	0.0132035	0.218437	-0.00516101	0.0123857	-0.0071346	
0.0834453	0.00586207	0.0507487	0.0328351	-0.0289087	0.243218	0.00530775	0.0148872	-0.0343041	0.0273628	-0.0344164	0.0488256	-0.00447924	0.354994	0.0173657	0.142347	0.0140178	0.216802	-0.0025729	0.0226704	
0.0841246	0.00435457	0.0423721	0.0322487	-0.0290064	0.325297	0.00870136	0.0236652	-0.0205049	0.0243569	-0.0321782	0.053341	-0.00512011	0.473216	0.0172677	0.150674	0.014133	0.249908	0.000226972	-0.0225774	
0.0919086	0.00625616	0.0641791	0.0350628	-0.0268795	0.315581	0.00881304	0.0125307	-0.0298428	0.0287073	-0.0359215	0.0449325	-0.00454042	0.313045	0.0142767	0.191505	0.0150317	0.259397	-0.0014561	-0.00349397	
0.0912528	0.00635718	0.0534394	0.0321186	-0.0242394	0.394769	0.00510529	0.0149832	-0.0281283	0.0260345	-0.0316639	0.0411274	-0.00502061	0.261269	0.0119821	0.128201	0.0166461	0.284905	0.00822126	
0.0836442	0.00513848	0.0476672	0.0318013	-0.0225744	0.41245	0.00878292	0.0106668	-0.0345893	0.0215616	-0.032806	0.0440629	-0.00533788	0.220184	0.00972827	0.204226	0.0172293	0.399881	0.00822126	
0.0919563	0.00346352	0.0542786	0.0334314	-0.0272371	0.225154	0.00186776	0.0155326	-0.0291003	0.0342111	-0.0348844	0.023892	-0.00328758	0.379529	0.0142138	0.172737	0.0164031	0.275313	0.00528249	0	0.000301949	
0.104965	0.00346352	0.0432192	0.0330823	-0.0334065	0.361097	0.00108201	0.0139761	-0.03791	0.0303852	-0.0377082	0.041556	-0.00328758	0.414814	0.0205004	0.152987	0.0162602	0.302919	0.00521634	
0.113528	0.00305296	0.0216878	0.0355044	-0.0269481	0.347628	0.00524092	0.0148873	-0.0293194	0.0277792	-0.0412225	0.0578574	-0.00413092	0.332957	0.0128175	0.145036	0.0162602	0.276995	0.00583168	0.00529528	
0.0973567	0.00439964	0.0323828	0.0354034	-0.0330213	0.380818	0.00712316	0.014874	-0.0333729	0.0292505	-0.0422534	0.0812063	-0.00423195	0.405376	0.0196432	0.147746	0.0153722	0.182756	-0.00150252	0	
0.0944157	0.00483679	0.0297124	0.0327591	-0.0346548	0.271805	0.00360098	0.0140073	-0.0237648	0.0364419	-0.0376873	0.0416218	-0.00422011	0.22177	0.020808	0.155277	0.0158093	0.363715	0.00539263	
0.108809	0.00616526	0.0308595	0.0374143	-0.0287568	0.319689	0.0087339	0.011255	-0.0402327	0.032383	-0.0452671	0.0518869	-0.00480634	0.289888	0.0156019	0.155277	0.0158093	0.246741	-0.0024739	
0.103328	0.00258261	0.0458764	0.0374962	-0.0341857	0.317963	0.00447474	0.0156882	-0.0336437	0.0359826	-0.0454486	0.046593	-0.0047245	0.257327	0.0211038	0.125761	0.0177583	0.306714	-0.00687787	0.0139663	
0.103163	0.0029649	0.016577	0.0325	-0.02742	0.319588	0.00472135	0.0146009	-0.0340906	0.0294151	-0.0403377	0.0639092	-0.00548628	0.354618	0.0145463	0.116324	0.0141282	0.215291	-0.000376538	-0.00548628	0	
0.0937517	0.00307118	0.0374259	0.0326177	-0.0318372	0.435385	0.00250785	0.0122565	-0.0224556	0.0401274	-0.0426678	0.0276913	-0.0056043	0.309687	0.0195657	0.156124	0.0156635	0.295605	0.00855144	0	0.00245969	-0.034536	
0.103056	0.00401	0.0270823	0.0331526	-0.0367886	0.404929	0.00368438	0.0097171	-0.0294462	0.0279888	-0.0412938	0.0344725	-0.00572415	0.505457	0.0233956	0.0869061	0.0195127	0.155851	0.00250611	
0.0999999	0.00440357	0.0402161	0.0330205	-0.0414031	0.312912	0.00414226	0.0135578	-0.0320986	0.0100623	-0.0452468	0.059499	-0.00624982	0.39343	0.0281989	0.178855	0.0188913	0.258304	-0.00208224	-0.0837801	0.0131667	
0.0954859	0.00398064	0.0236288	0.0319842	-0.0405208	0.341125	0.00707443	0.00935512	-0.0338636	0.0180246	-0.0418119	0.0756141	-0.0058269	0.25107	0.0272338	0.125252	0.0178349	0.240357	0.0060215	0	
0.0870969	0.00509221	0.0421622	0.0293563	-0.0403346	-0.00152116	0.0117553	-0.0322299	0.0196851	-0.0405134	0.0341647	-0.0058269	0.272377	0.0272675	0.141014	0.0129313	0.223073	0.00864942	0.298662	
0.0951989	0.00505175	0.0365176	0.0338659	-0.0372262	0.000400297	0.00368846	0.0146129	-0.0379767	0.0316497	-0.039926	0.0349141	-0.00579415	0.27376	0.0240398	0.171515	0.0168107	0.227207	0.32668	0.0166202	
0.105491	0.00505175	0.0446432	0.0339092	-0.033038	-0.000676829	0.00425317	0.0133099	-0.0310384	0.0322279	-0.0443302	0.0406137	-0.00579415	0.302787	0.0196186	0.127407	0.012552	0.252864	0.31854	0.0360569	
0.099042	0.00439294	0.0322503	0.0320999	-0.032221	-0.00296697	0.0056149	0.00953339	-0.033689	0.0298654	-0.0425766	0.0685457	-0.00754406	0.28202	0.0182756	0.130793	0.0125581	0.254912	0.454831	
0.0963239	0.0051736	0.0628364	0.0333677	-0.0374104	0.00533419	0.00033268	0.0115812	-0.0228477	0.035663	-0.0388096	0.0699009	-0.00605114	0.232092	0.0245039	0.14524	0.0153139	0.166205	0.326808	-0.00287586	
0.0904028	0.00541918	0.0706233	0.0322968	-0.0319807	-0.000742478	0.00256742	0.0148082	-0.0327325	0.037554	-0.0399131	0.0332105	-0.00712203	0.151008	0.0188816	0.145838	0.0152533	0.208857	0.35672	
0.104382	0.00429883	0.0594284	0.0344919	-0.0318672	-0.00167234	0.00335074	0.00994622	-0.0462625	0.029053	-0.0415061	0.049344	-0.00585677	0.203465	0.0189187	0.157285	0.0150929	0.21082	0.292256	0.00653849	0.00576453	
0.104382	0.00266127	0.0781436	0.0303909	-0.0432273	0.00452532	0.00385892	0.0128955	-0.0309762	0.0307783	-0.0371133	0.0383017	-0.00564912	0.203465	0.0296678	0.149626	0.0136755	0.190813	0.445815	0.00243506	0.0168024	0.00113096	0.00266636	
0.102962	0.00813425	0.078943	0.0303909	-0.0314674	0.00452532	0.000719595	0.0098887	-0.0359984	0.0326133	-0.0402077	0.0525906	-0.00564912	0.263598	0.018976	0.117928	0.0136755	0.235021	0.448431	0.00195041	0.000905354	-0.0106989	-0.00571536	
0.102962	0.00265243	0.0604267	0.0340416	-0.026136	-0.00390953	0.00709133	0.00883736	-0.0422393	0.027672	-0.0430759	0.0514732	-0.00571764	0.153182	0.0133845	0.112908	0.0135951	0.3191	0.33535	0.00707821	
0.0889393	0.00554148	0.068441	0.0356453	-0.0298184	-0.00387493	0.00423579	0.00680065	-0.038688	0.0340993	-0.044214	0.0410709	-0.00525151	0.31257	0.0173187	0.16633	0.0150092	0.26769	0.443755	0.00254708	0	
0.104143	0.00456749	0.0582559	0.0312387	-0.0344629	0.000876118	0.000484521	0.0169484	-0.0446313	0.0276855	-0.0400583	0.0383443	-0.00524022	0.264546	0.0206416	0.187033	0.0153424	0.235573	0.364297	-0.00036068	-0.0143721	0.00212447	-0.0245608	0.00229023	0.00217922	
0.10258	0.00414956	0.0610762	0.0341439	-0.036757	0.00391212	-0.00807141	0.0136062	-0.0405867	0.0305427	-0.0420596	0.078932	-0.00515343	0.205781	0.0240115	0.168952	0.0132293	0.208136	0.460068	0.00335061	-0.0082365	0	
0.115658	0.00505827	0.0587715	0.0319166	-0.0344218	0.00234446	0.004971	0.0145466	-0.0430319	0.0334709	-0.0423225	0.0605329	-0.00492523	0.234338	0.0211584	0.136385	0.0132437	0.292274	0.322041	0.00830287	
0.0891489	0.00375882	0.0541736	0.0315139	-0.037182	0.00131405	0.00734384	0.0141886	-0.0323642	0.0311203	-0.0427038	0.0443951	-0.00564131	0.199175	0.0238226	0.113847	0.0130799	0.250923	0.319383	0.00214811	-3.65553e-05	0.0110991	
0.0917738	0.00647509	0.0641399	0.033683	-0.0309446	-9.38151e-05	0.00692154	0.0147702	-0.0343461	0.0279565	-0.0427658	0.0492945	-0.00473397	0.246065	0.0180033	0.109582	0.0163438	0.162016	0.404023	-0.000167545	0.000552524	-0.00492418	
0.0882735	0.00820933	0.0355999	0.0282414	-0.0302943	0.00300707	0.00216127	0.011315	-0.0270446	0.0353961	-0.0383024	0.0595268	-0.00608155	0.154553	0.0170615	0.109433	0.0156167	0.219457	0.334482	0.00281949	0.0221163	
0.0999372	0.00482812	0.0465273	0.0284902	-0.0371247	0.00174176	-0.00599609	0.0091948	-0.0176449	0.0280277	-0.036785	0.0485994	-0.003415	0.212575	0.0226975	0.139562	0.0141174	0.251084	0.467298	0.00291615	0.000240077	0.00594868	
0.0898412	0.00704315	0.0476983	0.0310955	-0.0374606	-0.00402042	0.00639384	0.00982738	-0.0287699	0.0326316	-0.0378259	0.0329493	-0.00465651	0.195204	0.0246765	0.0856658	0.0157113	0.314562	0.568445	0.00390684	-0.0168294	0.00992388	
0.107055	0.0067254	0.0550416	0.0286261	-0.0345756	0.00296957	0.00797327	0.00936722	-0.0295316	0.0315308	-0.0329979	0.0448046	-0.00465651	0.29603	0.0208291	0.146263	0.016151	0.161282	0.37772	-0.00149496	0	0.0124161	
0.107952	0.00543851	0.0924185	0.0287801	-0.035787	0.00281564	0.00976929	0.00775622	-0.0334038	0.0333736	-0.0388683	0.0338022	-0.00465651	0.142735	0.0218897	0.101133	0.0140349	0.17801	0.335702	0.00483954	
0.0997604	0.00698612	0.0721732	0.0320661	-0.0333799	0.0041221	0.00885638	0.0147431	-0.0366806	0.0293569	-0.0405468	0.0293296	-0.00475337	0.199436	0.0202533	0.148314	0.0152838	0.217739	0.301267	0.00230509	
0.0955957	0.00637835	0.0384213	0.0315869	-0.0356388	0.00254928	0.00715141	0.0110901	-0.0346006	0.0263388	-0.0433692	0.0240357	-0.00484054	0.253156	0.0223838	0.18031	0.0133919	0.1908	0.343443	0.00619195	0.0108341	
0.0955957	0.00637835	0.043924	0.0314431	-0.0340437	0.000684813	0.0100048	0.00984045	-0.0246004	0.0329633	-0.0371437	0.034778	-0.00471701	0.286575	0.0212391	0.132368	0.0141296	0.24028	0.361828	-0.00148478	
0.0939728	0.00624831	0.0395974	0.029128	-0.0299186	0.000522401	0.0074137	0.00582896	-0.0382936	0.0247657	-0.0394275	0.0372749	-0.00726354	0.206748	0.0169311	0.126897	0.014361	0.167582	0.308086	0.00689151	
0.090797	0.00782868	0.0368759	0.0308125	-0.0351444	0.000522401	0.00189982	0.0068132	-0.0281061	0.0291677	-0.0387188	0.0220576	-0.00525028	0.193348	0.0223363	0.135759	0.0140323	0.162812	0.281441	0.00683145	
0.107565	0.0049995	0.0469839	0.0306292	-0.037921	0.000425891	0.00104873	0.0110145	-0.0290769	0.0261488	-0.0405023	0.025606	-0.00552847	0.261412	0.0251856	0.119858	0.0141719	0.180792	0.258858	0.00239726	0.0361576	
0.0972822	0.00489863	0.0379177	0.0321524	-0.0310974	0.0018713	0.00289896	0.0137699	-0.0270437	0.0334279	-0.0418628	0.0285987	-0.00660491	0.364376	0.0192485	0.147488	0.0156642	0.252288	0.409331	0.00384313	0.0155981	
0.0887155	0.00670411	0.0506374	0.0302624	-0.0376811	0.000827371	0.00331786	0.0118514	-0.030941	0.0261707	-0.0400169	0.0217392	-0.00664909	0.317719	0.0246415	0.0912386	0.0157858	0.203722	0.320434	0.00562042	
0.0975286	0.00670411	0.0322161	0.0326783	-0.028533	0.00175688	0.00242087	0.00760876	-0.0340516	0.0276619	-0.0397727	0.0459799	-0.0042332	0.224387	0.0164133	0.0797973	0.0157858	0.291234	0.393884	-0.000615915	-0.00284743	0	
0.102191	0.00788923	0.0205516	0.030111	-0.0421924	0.00848513	0.00616092	0.0105653	-0.0209245	0.0176717	-0.0369401	0.0336806	-0.0042332	0.291913	0.0294791	0.079897	0.0148601	0.248519	0.282783	0.000800811	0.0201575	-0.00141673	0	
0.102059	0.00914905	0.0309774	0.030111	-0.0354192	0.00532527	0.00405605	0.0129867	-0.0210308	0.0206184	-0.0381655	0.0355885	-0.0042332	0.228234	0.0225855	0.0977151	0.0132365	0.30123	0.38078	0.00774415	0.032168	-0.00115473	-0.00571572	0	
0.117749	0.00854158	0.053498	0.0256559	-0.0307787	0.00290413	0.00814078	0.011213	-0.0309577	0.0276334	-0.0349821	0.0322741	-0.00868825	0.423069	0.0172895	0.0856145	0.0179217	0.301845	0.41914	-0.00121915	-0.00537549	-0.000988282	
0.113359	0.00754197	0.0417225	0.0309231	-0.0287528	0.00698811	0.00511398	0.0113367	-0.0274566	0.0277364	-0.0385215	0.0337606	-0.00545417	0.234809	0.0161413	0.15232	0.0145277	0.125278	0.373231	0.00387975	0.00451988	-0.000830981	
0.0861784	0.00808773	0.0356001	0.0304185	-0.0345642	0.00698811	0.00468189	0.0177107	-0.0258278	0.027614	-0.0378608	0.0335833	-0.00532184	0.290204	0.0219293	0.0840742	0.0145847	0.112109	0.35228	0.00678949	0.0212371	-0.000952686	
0.0937698	0.00702534	0.0407088	0.0318317	-0.0263166	-0.00127471	0.00402068	0.0109673	-0.0310922	0.0208164	-0.0405503	0.0394698	-0.00390858	0.22269	0.0143379	0.10124	0.0143459	0.238722	0.416601	0.00138741	0.00949615	0.000109703	
0.0902871	0.00960412	0.0607867	0.0321155	-0.0298041	0.000966882	0.000216116	0.0115411	-0.0240022	0.025202	-0.0395819	0.0416302	-0.00361342	0.242789	0.0179646	0.0725993	0.015887	0.266852	0.299211	-0.0015739	0.0256076	-0.000301416	
0.093009	0.0061057	0.0469014	0.0272301	-0.0273741	0.00686445	0.00573977	0.0113987	-0.0229384	0.0255469	-0.0355063	0.0338238	-0.00607697	0.216512	0.0147107	0.124871	0.0146232	0.159783	0.281783	-0.0020354	0.016759	0.000125288	-0.00514903	0	
0.106504	0.00623967	0.0654923	0.0276699	-0.0286702	0.0100366	0.007924	0.0141119	-0.0291534	0.0216604	-0.0355861	0.0272103	-0.00431453	0.252718	0.0146842	0.0908344	0.0162862	0.295165	0.270931	0.00449309	0.00398124	-0.000685856	0.00591709	
0.0954863	0.00623967	0.0534119	0.0266169	-0.0296829	0.0104422	0.00573758	0.0134872	-0.0203452	0.0248061	-0.0367338	0.0292296	-0.00536756	0.250295	0.0161739	0.143405	0.0142855	0.172587	0.431777	0.00779241	0.000628909	-0.000685856	
0.0812385	0.00877257	0.0719055	0.0329779	-0.0301315	0.000680482	0.00604902	0.0145467	-0.0260229	0.0271848	-0.0397447	0.0313641	-0.00455901	0.157713	0.0165665	0.134672	0.0146499	0.189637	0.262992	0.00270302	0.0170308	-0.00121259	0	
0.0812003	0.00825144	0.0469137	0.0302196	-0.0292154	0.00295767	0.00703962	0.0154772	-0.0270856	0.0216101	-0.0369952	0.0380176	-0.00545109	0.219775	0.0170157	0.138908	0.0159639	0.19018	0.384019	0.000328337	0.00737444	-0.000312703	0.00154101	0.00011117	
0.0790167	0.00601183	0.056955	0.0305501	-0.0339694	0.00413256	0.00623011	0.0104798	-0.0303539	0.0263878	-0.0396288	0.0463867	-0.00304305	0.158776	0.0205999	0.131318	0.0150613	0.198551	0.392531	-0.00146466	0.00259129	-0.00186464	
0.0947343	0.00728337	0.0485065	0.030455	-0.0303963	0.00306594	0.00555639	0.0131116	-0.0212754	0.0263878	-0.0379824	0.0389085	-0.00453757	0.185334	0.0160853	0.115719	0.0144453	0.204717	0.457846	0.00280962	0.0150608	-0.000976314	0.00834335	
0.105027	0.00519615	0.0438314	0.030744	-0.0439168	-0.000151011	0.00771635	0.012091	-0.030571	0.0263878	-0.0359471	0.02967	-0.00472053	0.1614	0.0304619	0.134407	0.0138681	0.191432	0.418624	0.00198845	-0.00162547	-0.00185061	0.00456332	
0.10842	0.00438427	0.0413181	0.030256	-0.0361365	0.004197	0.00685639	0.00651416	-0.0255509	0.0259425	-0.0379136	0.0611377	-0.00476322	0.171357	0.0216808	0.166527	0.0141363	0.173643	0.261265	0.00287879	0.007909	-0.00148403	-0.00616156	-0.00418468	-0.00476322	
0.0940861	0.00779997	0.0377934	0.030256	-0.0339378	0.004197	0.00673307	0.0105856	-0.0269639	0.0213927	-0.0389781	0.0168266	-0.00568652	0.173239	0.0205243	0.106684	0.0138218	0.234506	0.34363	0.00525878	0.00510117	-0.00218377	-0.0139721	
0.0937855	0.00686272	0.05607	0.0325606	-0.0335551	0.00564754	0.00320651	0.0179572	-0.0331966	0.0239368	-0.0414416	0.018471	-0.00338185	0.166882	0.020848	0.0945649	0.0138218	0.150109	0.274422	0.00248436	0.00113737	-0.00218377	0	
0.109421	0.00673229	0.0377162	0.0302252	-0.0340689	-0.000360418	0.0052008	0.0154456	-0.024507	0.0239368	-0.0339331	0.0176819	-0.00571727	0.205545	0.0195705	0.079955	0.0146929	0.301176	0.327772	0.00584318	0.00177179	-0.00218377	-0.0257233	
0.114861	0.00571703	0.0609936	0.0292669	-0.0284974	0.000120704	0.00500962	0.0159287	-0.0266433	0.0253704	-0.0384846	0.0109018	-0.00653008	0.159552	0.015391	0.0591294	0.0147161	0.180046	0.473875	0.00472609	0.00537567	-0.00184812	-0.00566272	0.00154672	
0.0986628	0.00662668	0.0609936	0.0306925	-0.0318344	0.00421733	0.00218985	0.0158949	-0.0142906	0.0288954	-0.0360032	0.0167969	-0.00512403	0.478663	0.0180336	0.0957976	0.0162105	0.195096	0.404085	0.00899118	0.0151585	-0.00183932	
0.0895943	0.0106508	0.0578086	0.0326795	-0.0293564	-0.00445876	0.00196021	0.011941	-0.019889	0.0226992	-0.042171	0.0367118	-0.00531519	0.294629	0.0159705	0.119734	0.0140282	0.201423	0.285267	0.004973	0.0108088	-0.00178748	
0.108574	0.00825546	0.0481019	0.0275858	-0.028343	4.56259e-06	0.00429985	0.0212723	-0.0177703	0.0286151	-0.0333665	0.0308592	-0.00627025	0.16816	0.0146528	0.101994	0.0162343	0.15148	0.45678	0.0136255	0.0163466	-0.00278706	
0.102174	0.00543911	0.055186	0.0292299	-0.030771	0.000331315	0.00497424	0.010793	-0.0187906	0.0287295	-0.0350193	0.0163273	-0.00401977	0.198116	0.0169078	0.0977203	0.0149983	0.146862	0.367404	0.00174714	0.0114932	-0.00145592	
0.0985874	0.00507577	0.0876757	0.0283928	-0.0336142	0.00144809	-0.00292104	0.0199862	-0.0287944	0.0299415	-0.0377567	0.0307076	-0.00487733	0.206731	0.0203619	0.142064	0.0139795	0.104588	0.468798	0.00234295	0.00285732	-0.00149169	-0.0035197	0.0152077	
0.100759	0.00700648	0.0673355	0.0280764	-0.0349465	0.00876409	0.00344591	0.0143545	-0.0299958	0.0287834	-0.0321174	0.0251283	-0.00482976	0.34643	0.0212559	0.11362	0.0136155	0.166654	0.25133	0.0121858	0.0124112	-0.00395693	-0.00570901	
0.100923	0.0085479	0.0704807	0.033759	-0.0347975	0.000757609	-0.00168483	0.0165996	-0.0288718	0.0283518	-0.037505	0.0331345	-0.00295614	0.201477	0.0212554	0.0979832	0.0123432	0.150149	0.275874	0.00472031	0.00571735	-0.000675588	0	-0.0127454	
0.108235	0.00603034	0.0335107	0.0341044	-0.0329423	-0.00124109	0.00583854	0.0110904	-0.0377347	0.0313617	-0.0419482	0.01567	-0.00460942	0.178751	0.0187995	0.148603	0.0133303	0.215074	0.286492	0.00572328	-0.000512657	-0.00141391	
0.101045	0.00572211	0.0422514	0.0343736	-0.0335449	0.00753551	0.00460804	0.0167296	-0.0314478	0.0350405	-0.0382412	0.00999883	-0.00451853	0.25738	0.0199454	0.0928234	0.0134763	0.21111	0.331687	0.00113813	0.00313224	-0.000916328	0.00787421	
0.101045	0.00486514	0.0409297	0.0328542	-0.035078	0.00461447	0.00347011	0.0130136	-0.0185791	0.0316853	-0.0341186	0.0217507	-0.00451853	0.267424	0.0212205	0.147072	0.0146277	0.191732	0.358761	0.00227489	0.00585771	-0.000299649	0.00194258	
0.101045	0.00631057	0.0339498	0.0313317	-0.0315353	0.00541517	0.00478969	0.0172979	-0.0261205	0.0291466	-0.0374506	0.0462807	-0.00509957	0.153631	0.0180667	0.160707	0.0132795	0.232846	0.31489	0.0069858	-0.000935354	-0.0043091	
0.100203	0.00973192	0.0502295	0.0313317	-0.0408989	0.00494289	0.00177489	0.0184797	-0.0186841	0.0307608	-0.0374506	0.0346271	-0.00425662	0.181951	0.026894	0.129146	0.0138744	0.187996	0.261576	0.00546054	0.00784398	-0.00321199	
0.100497	0.0105947	0.042744	0.0329518	-0.0357054	0.0033228	0.00627539	0.0180354	-0.0347927	0.0356637	-0.038747	0.0355455	-0.00455122	0.201357	0.0219489	0.140593	0.0150195	0.210614	0.234089	0.00396376	0.00813434	-0.00334513	
0.100012	0.00826196	0.0503307	0.0328615	-0.0365093	0.00262304	0.00152604	0.0116437	-0.0272578	0.0439564	-0.0344096	0.0402854	-0.00415615	0.184419	0.0217336	0.11287	0.0145341	0.196083	0.252076	0.00463944	0.00542384	-0.00413354	
0.100165	0.00715933	0.0447843	0.0322617	-0.0351542	0.00262304	0.00817911	0.0172792	-0.0238593	0.0343898	-0.0320404	0.0500121	-0.0049087	0.163499	0.0206065	0.141798	0.0123665	0.178441	0.253655	0.00117045	0.00801611	-0.0028782	0.0113584	
0.0971393	0.00683994	0.0411135	0.0322617	-0.0306218	0.00158584	0.00498703	0.017285	-0.0228063	0.0343898	-0.0387654	0.0379203	-0.0049087	0.265366	0.0166075	0.117955	0.0123665	0.351051	0.239824	0.0018887	0.00316523	-0.00259866	-0.00431165	
0.0971393	0.00690115	0.0671074	0.0335576	-0.0357062	0.00378863	0.00520589	0.0202472	-0.0199832	0.0343898	-0.0403423	0.0227299	-0.00361276	0.166203	0.0219148	0.0859432	0.0135279	0.244732	0.278185	0.0157106	0.00608145	-0.00457311	0.00120933	-0.0375949	0	0	
0.10055	0.00752295	0.0729765	0.0335576	-0.0369175	-0.00353998	0.00324125	0.0185203	-0.0262002	0.033496	-0.0393286	0.0148156	-0.00329234	0.198913	0.0221341	0.0782126	0.0132075	0.280347	0.339768	0.0146474	0.00416046	-0.00417418	
0.0898624	0.00699087	0.0549814	0.0325573	-0.0342454	0.00364578	0.00324125	0.021058	-0.0351003	0.0342503	-0.0405737	0.0168388	-0.00397303	0.201078	0.020635	0.11179	0.0143305	0.319716	0.265467	0.00459213	0.00217034	-0.00307749	-0.0135051	
0.0969847	0.00789497	0.0500026	0.0330094	-0.0267259	0.0031937	0.00734414	0.0190892	-0.0379177	0.0375061	-0.0384837	0.0326618	-0.00397303	0.27592	0.0135451	0.126045	0.0115958	0.242841	0.283182	0.00556955	0.00168818	-0.00405491	
0.0958305	0.00647579	0.045023	0.0330094	-0.0444138	0.0031937	0.00327639	0.0184473	-0.0273484	0.0365218	-0.0434856	0.0534131	-0.00397303	0.15895	0.0301353	0.120564	0.0119387	0.224118	0.29223	0.0138813	-0.00386493	-0.00292417	-0.00137952	-0.000867632	
0.0940028	0.00324869	0.0439289	0.0340421	-0.0275864	0.00610988	0.00423949	0.019872	-0.0344066	0.0396408	-0.0428547	0.0341777	-0.00341341	0.156114	0.0130216	0.117046	0.0109944	0.246653	0.358165	0.0040048	-0.000211898	-0.00354514	0.00550308	
0.0960716	0.00821928	0.0568752	0.0334848	-0.0353115	0.00383061	0.00471721	0.0176673	-0.0260629	0.0382689	-0.0386635	0.0337516	-0.0049894	0.204981	0.0215737	0.203363	0.012013	0.215961	0.447074	0.00651599	-0.0021144	-0.00311956	-0.0085033	-0.0276305	0.00825359	
0.100576	0.00348184	0.0583718	0.032576	-0.0261645	0.00152978	0.00552518	0.0145998	-0.0297644	0.0433113	-0.0332273	0.0365795	-0.0049894	0.154489	0.0127419	0.154093	0.0138364	0.280581	0.356292	0.00402818	0.00912577	-0.0020342	-0.012639	0	
0.0840462	0.0033821	0.0608428	0.032576	-0.0341483	0.0014747	0.00296427	0.0166722	-0.0311253	0.037856	-0.0415099	0.0143155	-0.00414984	0.212476	0.0203893	0.147406	0.0129968	0.25498	0.389389	0.0042428	-0.00334571	-0.00320555	-0.000466116	
0.0995169	0.00636531	0.0911731	0.0312425	-0.029159	0.00280826	0.00897567	0.0159333	-0.0289253	0.0344767	-0.0395885	0.0310536	-0.0057268	0.202524	0.0177649	0.136705	0.0145738	0.245232	0.437273	0.0026519	0.00188106	-0.00209144	0.00175511	-0.0109498	
0.0835757	0.00506111	0.0678971	0.0321347	-0.0266508	0.00154484	0.00528034	0.0174725	-0.0382604	0.0382503	-0.0365933	0.0580705	-0.0056454	0.151609	0.0145992	0.136068	0.0143396	0.233142	0.335911	0.00489675	-0.000157798	-0.00202646	0.00479194	
0.0959839	0.00491984	0.0340755	0.0325089	-0.0348166	0.00830794	0.00731837	0.0215268	-0.0320982	0.0393752	-0.0391031	0.0424503	-0.00559613	0.18874	0.0207624	0.12415	0.014106	0.212828	0.326507	0.0127733	0.00497809	-0.00335467	-0.0292332	
0.106514	0.00574564	0.0488331	0.0320656	-0.0293477	0.00862628	0.00946573	0.0147086	-0.0309532	0.0393752	-0.0414496	0.0355588	-0.00590244	0.277522	0.0160141	0.0875195	0.014106	0.228439	0.368445	0.00272502	0.00439825	-0.00173749	-0.00813663	0.0127353	
0.08412	0.00471169	0.0896377	0.0258535	-0.0311031	0.00575793	0.00860816	0.0253098	-0.0274079	0.0324138	-0.0371466	0.0210256	-0.00709012	0.14219	0.0172993	0.129655	0.0143939	0.164804	0.340939	-0.00133741	-0.0057567	-0.00173749	0.00502443	0.00331962	
0.095225	0.00410481	0.0605792	0.0301396	-0.041161	0.00431736	0.00700108	0.0183125	-0.0239451	0.0357817	-0.0359344	0.0425027	-0.00424465	0.352798	0.0270013	0.14033	0.0119974	0.224813	0.433602	0.00827753	0.00064723	-0.00223632	0.00073408	-0.0010131	
0.115909	0.00452566	0.0452547	0.0306517	-0.0328685	0.00205232	0.00751537	0.0140074	-0.0256975	0.0361745	-0.0364466	0.0125207	-0.00411833	0.391174	0.0188849	0.130547	0.0142104	0.201169	0.349361	0.0049975	-0.004211	-0.00389839	0.00107196	0.0398578	-0.0136072	-0.0201361	0.00102911	0.00564093	
0.0769652	0.003127	0.0614804	0.0322593	-0.0347071	-1.55041e-05	0.00889954	0.0171314	-0.0351523	0.0363744	-0.0407842	0.0672757	-0.00457863	0.265455	0.0206964	0.104757	0.0113456	0.21748	0.325698	0.0010753	0.01012	-0.00325726	0.0243758	0.0417438	
0.0728041	0.00263695	0.0525703	0.0322593	-0.0363357	0.0100662	0.00889954	0.0152533	-0.0383889	0.0375962	-0.0403243	0.0411497	-0.00457863	0.165636	0.0216893	0.11258	0.0114788	0.1669	0.311817	0.00421009	0.00727752	-0.00325726	0.0195631	
0.0989697	0.00500975	0.0349434	0.0319054	-0.0345898	-0.00143128	0.0083746	0.0175085	-0.0269455	0.037865	-0.0340034	0.0291333	-0.00520122	0.135297	0.0207783	0.109403	0.0124724	0.2184	0.265064	0.00377949	0.00958922	-0.00298849	-0.0169079	
0.0817119	0.00743619	0.0261651	0.0319622	-0.0435158	-0.00207646	0.0108195	0.0174071	-0.0378143	0.0302115	-0.0394157	0.0487255	-0.00614244	0.307731	0.0302208	0.118528	0.0136553	0.304302	0.328232	0.00373718	0.00783407	-0.00253437	0.0379929	-0.0145354	
0.0856095	0.00600357	0.0476923	0.0317488	-0.0492665	0.00512142	0.00834274	0.0144568	-0.0181321	0.0314451	-0.0386423	0.0314015	-0.00541944	0.246932	0.0351946	0.108074	0.013859	0.299439	0.400148	0.00627389	0.00281006	-0.00238538	0.0163514	-0.0186842	0	0	
0.0809528	0.00423208	0.0337861	0.0317488	-0.0440898	0.00497942	0.00616151	0.0225817	-0.0290376	0.0377685	-0.0361882	0.0572086	-0.00564481	0.23304	0.0310782	0.181957	0.0127376	0.179561	0.452083	0.0001219	0.0140434	-0.000924192	0.0246792	
0.0931816	0.00148643	0.0338339	0.0305278	-0.0378326	0.00502723	0.00806154	0.0181972	-0.0355815	0.0372201	-0.0335462	0.054994	-0.00707742	0.367711	0.0251782	0.156412	0.0145783	0.258159	0.423	-0.00131338	0.0132324	0.000507115	0.00500486	
0.0613349	0.0075556	0.0453624	0.0304622	-0.0377437	0.00975025	0.00997605	0.0177783	-0.0358403	0.0367723	-0.0375789	0.107439	-0.00714303	0.293464	0.0242879	0.163574	0.0131565	0.303331	0.520469	0.00879838	-0.000323232	-0.00290965	0.0181763	0.00759246	0.0168093	0.0060135	0	0.00817336	
0.081082	0.00271391	0.0412258	0.0334583	-0.0365166	0.00840034	0.0067875	0.0134128	-0.0218252	0.0461868	-0.0399713	0.0395204	-0.00469334	0.292166	0.0234844	0.152265	0.0149864	0.207301	0.35638	0.00502962	0.017653	-0.00241591	0.0166394	0.00362625	0.0572748	0.00359567	0.00397858	-0.00552709	
0.283566	0.00430576	0.0468976	0.033479	-0.0434304	0.0130891	0.00721324	0.0134783	-0.0330274	0.0399528	-0.0425698	0.0833729	-0.00469445	0.183034	0.029617	0.158134	0.0150081	0.508222	0.000864786	0.0293404	-0.00116274	0.0862162	0.00538906	
0.314304	0.00304964	0.0361937	0.0359825	-0.0325548	0.0109563	0.00702808	0.00952092	-0.0297161	0.0399699	-0.0445555	0.0489694	-0.00420067	0.24494	0.0186596	0.119224	0.0153636	0.388435	0.00147605	0.0279918	-0.000830056	0.101638	0.000103759	
0.178029	0.00456697	0.0618842	0.0336643	-0.0368263	0.0132744	0.00961694	0.00956019	-0.0220619	0.0349452	-0.0404097	0.059379	-0.00420067	0.187854	0.0230607	0.185544	0.0138966	0.423822	-0.00678979	-0.00134678	0.0087869	-0.00295827	0.0777265	-0.0515382	0.0332234	0	
0.151503	0.00748406	0.0544524	0.0347227	-0.0372045	0.0122765	0.00557205	0.0207078	-0.0255157	0.0342213	-0.0409832	0.0452228	-0.00420067	0.337928	0.0235874	0.147197	0.0135662	0.404794	0.00119649	0.0295036	-0.00239909	0.0897582	
0.158753	0.00630683	0.0453039	0.034663	-0.0383418	0.0126139	0.00814471	0.0198423	-0.0172633	0.0365982	-0.0397994	0.0443608	-0.00458481	0.175142	0.0246373	0.141642	0.0146284	0.30371	0.0461079	-0.000131859	0.0198645	-0.00207468	0.0916043	-0.0284621	0.000226735	-0.00475673	
0.256999	0.00754113	0.040013	0.0314218	-0.0410756	0.0179619	0.00934466	0.0121669	-0.0251728	0.039214	-0.035293	0.0507489	-0.00424167	0.168985	0.0271152	0.122526	0.0142852	0.566414	0.00827722	0.0178941	-0.00346992	0.0874054	
0.16837	0.00821309	0.0459404	0.0332102	-0.0376016	0.00700086	0.00895604	0.0107125	-0.0292462	0.0386781	-0.0419652	0.0675325	-0.0047615	0.108844	0.0240484	0.145302	0.0153388	0.441362	-0.00153167	0.0212183	-0.00298909	0.0985985	-0.00740689	
0.235684	0.0112893	0.0453364	0.0341051	-0.0363791	0.00436159	0.00703061	0.0202259	-0.0392075	0.0330848	-0.0415836	0.030259	-0.00338347	0.206445	0.0213773	0.138845	0.0148556	0.26191	0.00599744	0.0224318	-0.00465015	0.0899078	
0.193964	0.00530628	0.0659018	0.0343315	-0.036942	0.00436159	0.00680417	0.0190705	-0.0335201	0.0344829	-0.0409221	0.0604561	-0.00390035	0.208189	0.0227171	0.153939	0.015599	0.215405	-0.00283106	0.0211364	-0.00247746	0.0941634	
0.251755	0.00960466	0.040404	0.0352681	-0.0337036	0.00328854	0.00787493	0.0183955	-0.035163	0.0436857	-0.0445294	0.0407363	-0.00403686	0.205293	0.0193713	0.151251	0.0151001	0.506276	0.0978422	0.00289298	0.0262107	-0.00245375	
0.294787	0.00752033	0.0553085	0.0359656	-0.0414594	0.00291437	0.00510505	0.0134703	-0.0386741	0.0394309	-0.040348	0.0394528	-0.00333937	0.117538	0.0275252	0.16105	0.0137894	0.357561	0.0999225	0.00312539	0.0291929	-0.00212985	
0.201859	0.00870999	0.0492929	0.0360498	-0.0362601	0.00892525	0.00619796	0.018028	-0.0444915	0.0313294	-0.0415227	0.0846491	-0.00406973	0.428848	0.0232789	0.151681	0.0161287	0.37783	0.100737	0.00150396	0.0130257	-0.0037751	
0.200142	0.00468829	0.0420675	0.0330405	-0.0362601	0.00149066	0.0110165	0.01721	-0.0259034	0.0408722	-0.0435905	0.0775999	-0.00707897	0.283999	0.0232789	0.191408	0.0158314	0.426085	0.101135	0.00881012	0.0210551	-0.00214618	0.00635589	
0.201684	0.00965548	0.0372481	0.0320336	-0.0383539	0.0097537	0.00789359	0.016053	-0.0286154	0.0309726	-0.0428104	0.0848918	-0.00532495	0.15665	0.0247548	0.122704	0.0165547	0.387578	0.100441	0.00419456	0.0170748	-0.00332382	0	-0.00340027	
0.267409	0.00697115	0.0461029	0.0336707	-0.0352423	-0.000362087	0.0087461	0.0120068	-0.0277134	0.0368306	-0.0406269	0.0477247	-0.00530314	0.236109	0.0219434	0.0958531	0.0151137	0.322662	0.096061	0.00842446	0.0230448	-0.0012478	0	0	0.0167898	
0.255515	0.00925373	0.0453666	0.0336707	-0.0396459	0.00841646	0.0061968	0.0144084	-0.0275929	0.0358234	-0.040409	0.0314247	-0.00530314	0.216002	0.0261423	0.153918	0.0134397	0.362014	0.0885955	0.0065553	0.0142169	-0.00364937	
0.241066	0.00523653	0.06785	0.0322801	-0.0373252	0.0129037	0.00845956	0.00827297	-0.0351765	0.0366868	-0.0407992	0.0180216	-0.00506369	0.17032	0.0230437	0.127032	0.0171569	0.39631	0.107257	0.0110844	0.024095	-0.00281195	-0.0373438	
0.209215	0.00510992	0.0593714	0.0289124	-0.0366081	0.00603259	0.00561396	0.0169479	-0.0363029	0.0403704	-0.0357139	0.0448027	-0.00506369	0.164775	0.0230437	0.106566	0.0157503	0.397716	0.115424	0.0189453	0.0219627	-0.00370721	
0.200504	0.00605924	0.0676481	0.0326557	-0.0277435	0.00152868	0.00897817	0.0152755	-0.0328873	0.0416	-0.0402365	0.0338334	-0.00594088	0.140623	0.0143976	0.158371	0.0147661	0.315901	0.0858876	0.0139952	0.00750522	-0.0030504	-0.00149548	0.000744821	
0.184138	0.00580471	0.0676481	0.0341188	-0.0346742	0.00637429	0.0058839	0.0177581	-0.0273736	0.0481732	-0.045339	0.0269795	-0.00447777	0.16183	0.0205708	0.175009	0.0126666	0.447954	0.0926642	-0.00047772	0.0255045	-0.0030504	
0.17333	0.00669231	0.0623017	0.0318424	-0.0379729	0.00926932	0.00771736	0.0106126	-0.0342811	0.0371729	-0.0356957	0.048748	-0.00396891	0.205911	0.0242692	0.116566	0.0144497	0.324687	0.0900845	0.000706379	0.00695458	-0.00308041	
0.232451	0.00637719	0.116453	0.0322067	-0.0332505	0.00866295	0.00533452	0.0123386	-0.0342245	0.0456206	-0.0407693	0.0326719	-0.00421101	0.293445	0.0206456	0.139507	0.0144497	0.480181	0.0987859	0.00899408	0.0337471	-0.00308041	
0.131806	0.00677798	0.0611529	0.0322067	-0.0421096	0.00558645	0.0058941	0.0196308	-0.0380643	0.0490738	-0.0388025	0.0357624	-0.00421101	0.202036	0.0291504	0.115316	0.0130844	0.427458	0.115996	0.000953412	0.03224	-0.00402006	0	-0.0264773	0.00365974	0.0234697	
0.228666	0.00664925	0.0880044	0.0322067	-0.0359012	0.00741864	0.00418048	0.0130367	-0.03167	0.0360112	-0.0403071	0.0359312	-0.00421101	0.231797	0.0232016	0.131411	0.0130844	0.451855	0.107739	0.00219108	0.0180713	-0.00195131	-0.0402351	0.0324324	0.00207357	
0.151798	0.00856211	0.0630585	0.0322067	-0.0256457	0.00919586	0.00719977	0.00924469	-0.0350648	0.0451914	-0.0396104	0.0539013	-0.00421101	0.333322	0.0124123	0.125353	0.0132069	0.364453	0.08493	-0.00108998	0.0231977	-0.0025247	0.0300075	
0.206495	0.00637469	0.0600663	0.0327913	-0.032554	0.0127881	-0.000249883	0.0090707	-0.0343922	0.0418434	-0.042239	0.0338678	-0.00490978	0.183781	0.0198274	0.137812	0.0147218	0.397256	0.0904158	-0.00229324	0.00972289	-0.00129428	-0.00807904	
0.220678	0.0101715	0.0544299	0.033261	-0.034685	0.00835132	0.00643512	0.0114386	-0.0306608	0.0365446	-0.0411212	0.0245738	-0.00392409	0.156253	0.0213987	0.124079	0.0137554	0.283195	0.0737805	-0.00323993	0.0238198	-0.00163452	-0.0153797	-0.000440974	
0.268404	0.00565515	0.0607553	0.0304753	-0.0332196	0.012635	0.00920169	0.0167821	-0.0362516	0.0362047	-0.0403844	0.0267836	-0.00642546	0.198605	0.0203765	0.118402	0.0140657	0.301075	0.0752458	0.00363454	0.0233528	-0.00157685	0.00274707	
0.198786	0.00487238	0.0856263	0.0304753	-0.0319566	0.012635	0.00746615	0.0126739	-0.0311984	0.040985	-0.0422125	0.0298671	-0.00642546	0.319652	0.0190516	0.125551	0.0144849	0.377657	0.0765707	0.00463004	0.0124381	-0.00115694	
0.256986	0.00978187	0.0579156	0.0304753	-0.0313348	0.00472828	0.00664767	0.016385	-0.0305191	0.0457291	-0.0378386	0.033138	-0.00676418	0.143732	0.0180557	0.101791	0.0148236	0.353585	0.0827747	-0.00223918	0.0533873	-0.000810061	0.0016782	-0.0477909	
0.337202	0.00689374	0.0781234	0.0318544	-0.0287651	0.00668103	0.00350156	0.0142996	-0.0314621	0.0339402	-0.0356155	0.0441604	-0.00481574	0.199773	0.0163983	0.101791	0.0149002	0.447245	0.0964217	0.00324229	0.0338478	-0.00143405	0.0179228	
0.299153	0.00434165	0.0381231	0.0315024	-0.0307731	0.0131656	0.00938771	0.0143679	-0.034792	0.0425774	-0.0381641	0.0193198	-0.0060675	0.223543	0.0181668	0.145102	0.0143899	0.412335	0.0820668	-0.000360513	0.0138104	-0.00147147	0.0198131	-0.00232274	
0.151279	0.00669103	0.0704529	0.0315024	-0.0272673	-0.00149435	0.0049409	0.0124235	-0.0151147	0.0426182	-0.0387117	0.0138389	-0.00610835	0.166468	0.0144565	0.118879	0.0162418	0.294443	0.078367	-0.00262005	0.0238409	-0.000952549	0.0539357	0	
0.31265	0.0139432	0.0588882	0.0323092	-0.0276798	0.00667424	0.00680803	0.0107182	-0.0284509	0.0413843	-0.0352178	0.0291152	-0.00514471	0.138321	0.0142997	0.122133	0.016085	0.456035	0.0887906	0.00369355	0.0186982	-0.000944411	0.0281412	
0.188084	0.00997357	0.056296	0.0311199	-0.0280023	0.00841647	0.00547853	0.011364	-0.0191669	0.0297157	-0.033415	0.0187628	-0.00513151	0.347808	0.0156565	0.125988	0.0138815	0.363817	0.100507	-0.00184809	0.00784811	-0.000944411	0.0138039	-0.0135179	
0.214024	0.00477816	0.0712199	0.0306664	-0.0339087	0.00831946	0.00159605	0.0111906	-0.0266837	0.050944	-0.0374378	0.0325316	-0.00558502	0.190838	0.0206978	0.11325	0.0138815	0.382	0.0954657	6.52971e-05	0.0183485	9.40722e-05	0.0126719	
0.209296	0.0100045	0.0528713	0.0306664	-0.0301291	0.0128086	0.00247714	0.0136809	-0.0176774	0.0380592	-0.038512	0.0147023	-0.00558502	0.236685	0.0173644	0.0923764	0.0164594	0.227795	0.0963285	0.00578891	0.0146069	-0.00175492	-0.000526179	
0.276346	0.00731581	0.0586317	0.0306664	-0.0282319	0.0100338	-0.00201263	0.0169007	-0.0230953	0.0359232	-0.0381071	0.0381865	-0.00558502	0.29103	0.0160134	0.0855138	0.0164594	0.320554	0.0976794	0.0029517	0.0109627	-0.00175492	0.0264604	0.00735456	0.0201549	-0.00315092	
0.232494	0.00731581	0.0513568	0.0286492	-0.0322755	0.0119423	-0.000578584	0.0110581	-0.0185058	0.0355834	-0.0364577	0.0203776	-0.0052452	0.264275	0.0195045	0.0736851	0.0140948	0.322139	0.0773594	-0.000614902	0.0124083	-0.00209474	0.0317907	0.0732851	
0.274537	0.0053524	0.0388759	0.031488	-0.0277511	0.00612486	0.00686409	0.0130718	-0.0201475	0.0350439	-0.0368092	0.0417954	-0.0068045	0.415912	0.0147769	0.108228	0.0142855	0.294638	0.0985638	0.00100317	0.00423223	-0.00192864	0.039701	
0.218372	0.0056718	0.0446508	0.033022	-0.0232429	0.00555737	0.00351765	0.0145616	-0.0221509	0.0324433	-0.0404024	0.00870573	-0.00583798	0.196671	0.0102787	0.114266	0.0131193	0.293219	0.087661	0.000447958	-0.00158844	-0.00241302	0.0530671	
0.171882	0.00542692	0.0619339	0.0347959	-0.0217908	0.00305713	0.00436527	0.0132192	-0.0322894	0.0301405	-0.039738	0.0358991	-0.00410562	0.302959	0.00933261	0.149429	0.0131193	0.290173	0.1053	0.00433865	0.00629788	-0.00241302	0.0248393	0.032785	
0.221324	0.0039028	0.0311147	0.032878	-0.0262241	0.0164471	0.00196837	0.0153474	-0.0239694	0.0332949	-0.0387918	0.0406889	-0.00347341	0.165071	0.013814	0.137735	0.0129244	0.227107	0.107334	0.00186713	0.00391917	0.000283427	0.00892105	0.106022	
0.198021	0.00492795	0.0424937	0.0341434	-0.0290121	0.00493734	0.00376281	0.0112155	-0.0255942	0.0345668	-0.0417873	0.0558365	-0.00347341	0.235102	0.0168856	0.111396	0.0129244	0.211746	0.120457	0.00526914	0.00306444	-0.000197757	0.0175055	-0.00310999	-0.00493734	
0.191627	0.00618083	0.049269	0.0323884	-0.0254417	0.00546323	0.00249505	0.0145206	-0.0236122	0.0372619	-0.0346288	0.0439031	-0.00470255	0.211632	-0.010646	0.116661	0.0125986	0.339599	0.109251	0.00316691	0.00228203	-0.00130044	0.00640874	-0.0060532	-0.0025227	0.0229457	
0.217876	0.00886119	0.0444025	0.0316155	-0.0356235	0.00953427	0.00534699	0.00891212	-0.025197	0.041799	-0.0358688	0.0639464	-0.00547541	0.212055	0.0229928	0.181265	0.0134628	0.20447	0.102236	0.00148849	-0.00251712	-0.00172309	0.00449361	0.0253057	
0.206147	0.00541482	0.0696027	0.0345451	-0.0275102	0.00719634	0.00605576	0.0108712	-0.0321123	0.0325368	-0.0367372	0.0684148	-0.00546201	0.160765	0.0153788	0.129321	0.0128845	0.288491	0.112642	0.000199256	0.00991979	-0.00141296	0.0149859	0.0149	0.0100021	
0.167595	0.0047761	0.0463564	0.0335874	-0.0357721	0.000711366	0.00521099	0.0126805	-0.026188	0.0331221	-0.0421025	0.0633574	-0.00427147	0.185348	0.022714	0.206392	0.00988691	0.278591	0.09352	0.00117326	0.0186854	-0.003404	0.0019292	
0.217974	0.00861997	0.0555651	0.0309622	-0.0367229	0.00869333	0.00684208	0.0150407	-0.0182168	0.0331221	-0.0363702	0.0655662	-0.00347557	0.300995	0.0226548	0.132857	0.0102204	0.299812	0.0926163	0.0055833	0.00654031	-0.00355093	0.0145328	
0.155358	0.00673853	0.0424732	0.0313473	-0.0263182	0.00544138	0.00492209	0.00382378	-0.0276043	0.033062	-0.0407165	0.0787143	-0.00658142	0.292055	0.0140098	0.171055	0.0120211	0.306502	0.0819322	0.000263126	0.00497922	-0.00237578	0.00689609	
0.152892	0.00986908	0.0345654	0.0323503	-0.0309778	0.00666649	0.00757202	0.00955153	-0.0276512	0.0328523	-0.0408837	0.0275199	-0.00500538	0.254668	0.0170936	0.102239	0.011448	0.333706	0.105295	0.00621025	0.00565017	-0.00253712	0.00689609	0.00644772	0	
0.194556	0.00889567	0.0763645	0.0317335	-0.0243567	0.00184862	0.00658573	0.00765202	-0.0285145	0.0374029	-0.0374267	0.0599032	-0.00500538	0.23456	0.010577	0.173139	0.011448	0.363019	0.1038	0.000581124	0.00359528	-0.00253712	0.0144983	0	0.00214202	
0.153352	0.0105957	0.0641959	0.0324425	-0.0269873	0.0106768	0.00226808	0.00930942	-0.0260607	0.0414261	-0.0393519	0.0415627	-0.00493248	0.247754	0.0137681	0.156654	0.0118974	0.314742	0.0996203	0.00374205	0.00144567	-0.00171268	0.0130168	0.0328259	-7.47333e-05	
0.209155	0.00711144	0.0475814	0.0323472	-0.0249275	0.00305065	0.00416144	0.00956837	-0.0271087	0.0402644	-0.0413444	0.0491202	-0.0050277	0.281581	0.0121482	0.197388	0.0146516	0.298949	0.0765456	0.00880683	0.0108885	-0.00217072	0.00808869	
0.209623	0.00980286	0.0411282	0.034579	-0.0268826	0.00736395	0.00499987	0.00995034	-0.0171537	0.0276409	-0.0418694	0.0208639	-0.00548913	0.473065	0.0141034	0.132714	0.0151131	0.278012	0.0969026	0.00556826	0.00727075	-0.00263957	0.00478337	-0.0192826	
0.191582	0.00898088	0.0506671	0.0312207	-0.0294891	-0.00342739	0.00750011	0.0115942	-0.0301673	0.028014	-0.0321228	0.0221194	-0.00548913	0.334265	0.0171367	0.154204	0.0167822	0.335014	0.0982329	0.00665185	0.00445419	-0.00263957	0.00814165	0.0189616	
0.158561	0.00321992	0.0728202	0.0312207	-0.0305868	0.00486673	0.00658375	0.0155544	-0.0233002	0.0276651	-0.0351032	0.0326428	-0.00514022	0.219736	0.0176827	0.131835	0.0164333	0.279474	0.10377	0.0108847	0.010852	-0.000932895	-0.00128268	-0.113453	0	0.0188593	
