-0.016192	-0.0152017	0.0038592	0.0093765	0.0079676	-0.0243978	-0.0331757	0.312332	0.596023	0.039893	-0.0133602	-0.0157399	-0.0180952	0.136992	0.0022641	-0.0242417	-0.0046966	-0.0239928	-0.0256526	0.022135	0.0417626	-0.0288888	0.0918858	0.0397358	0.005483	0.0212798	0.471777	-0.339097	0.0930175	-0.0280715	0.0248608	0.0166426	0.0909928	0.0480733	-0.0125873	0.0588081	-0.0256624	0.0706773	0.0004789	-0.029043	-0.023603	-0.0115673	-0.0300476	0.0717898	-0.0093321	-0.0212771	-0.025126	0.023665	-0.0250005	0.0285641	-0.0239231	0.008793	-0.015913	-0.0023555	0.181748	-0.0102464	0.0154657	0.156868	-0.0320562	-0.0194819	-0.0266053	-0.0139419	-0.0247695	0.0542837	0.175028	0.0455695	-0.0092305	-0.0219498	0.0044021	-0.0059732	-0.0038974	0.0099252	0.03509	0.295047	-0.0139885	-0.0295194	-0.0316176	-0.0034098	0.199066	-0.340211	0.221615	0.221615	-0.0158533	
-0.0234191	-0.0116149	0.0042072	-0.0243978	-0.0309868	0.312332	0.403306	0.0425474	0.243707	0.0022641	-0.00862439	0.00354264	-0.0173457	0.039285	0.485636	0.00338321	0.0626169	-0.00565306	0.240702	-0.0260967	-0.0297158	-0.00944475	-0.0093321	-0.0245459	-0.0326759	0.0289001	-0.02855	0.151771	-0.0235315	0.00614693	0.156868	-0.0321699	0.0093765	0.0503944	-0.0106727	-0.0296429	-0.011072	0.0335881	0.0943349	-0.0132794	-0.0326556	0.0778063	-0.0351035	
-0.0220628	-0.0116149	0.0233968	-0.0333495	0.310351	0.385231	0.0411616	0.198116	0.15448	0.0112893	0.0195015	0.136584	-0.0100951	-0.0245137	0.0901738	-0.0317065	-0.0166302	0.106716	-0.0115913	-0.0219429	
-0.0200029	-0.0134478	-0.00982684	0.392703	0.0216293	-0.0295129	0.326393	-0.0227845	0.0310366	0.00472885	0.077843	-0.0295995	0.0548487	0.173944	0.171974	-0.0200105	-0.0159683	-0.0231181	
-0.011325	-0.00977322	0.504268	0.0115732	-0.0310525	0.331687	-0.0253513	0.0358204	0.00783951	0.0491035	-0.0319008	0.186229	0.0863685	0.106416	-7.40761e-05	-0.0146855	-0.0195394	-0.000492257	-0.0184906	
0.0397372	-0.0120857	-0.00899132	0.409507	0.0274888	-0.0294353	0.326259	-0.0270529	0.00783951	0.0550163	-0.0326881	0.179781	0.0879361	0.120962	0.00372309	-0.0170261	-0.0228712	-0.00426245	-0.0200883	
0.0226028	-0.0103152	-0.00852933	0.342525	0.0226873	-0.0303839	0.326721	-0.0256523	0.000862137	0.0610394	-0.0328134	0.146288	0.138058	0.069928	-0.00503105	-0.0149498	-0.0243898	-0.0190532	-0.28253	
0.0321581	-0.0124218	-0.00855751	0.538826	-0.0199424	-0.0319952	0.331736	-0.0239563	0.00938396	0.088148	-0.0337403	0.0491921	0.135554	0.127843	-0.010795	-0.0168229	-0.0195237	0.0257234	
0.02051	-0.0120893	-0.0101273	0.411831	-0.0168914	-0.0295286	0.0952865	0.311077	-0.0247035	0.116978	0.112539	0.0119395	-0.0334003	0.0775573	-0.00213189	-0.011444	-0.0175264	-0.0217895	0.0260557	-0.0202843	0.0437282	0	
0.0364396	-0.012091	-0.00807037	0.417785	-0.0181387	-0.031003	0.133423	0.314475	-0.0247933	0.124423	0.088667	0.00409578	-0.031491	0.0633928	0.00775557	-0.0146081	-0.0109194	-0.0249833	0.028739	
0.0286226	-0.0148443	-0.0107188	0.464884	-0.0191156	-0.0287902	0.133699	0.294312	-0.0256717	0.0943365	0.128436	0.00321741	-0.0326878	0.09735	0.0120545	-0.0135968	-0.0254499	0.0255523	
0.0257213	-0.0144263	-0.0107188	0.415633	-0.0193507	-0.0312683	0.17001	0.31588	-0.0228664	0.185544	0.0927718	0.00699894	-0.0323193	0.0822148	0.00414958	-0.0126963	-0.0237468	0.0348891	0.00468267	
0.0266169	-0.0119782	-0.00809337	0.504498	-0.0212793	-0.0307211	0.153183	0.291478	-0.0262798	0.193457	0.0452152	0.00894377	-0.0334233	0.0901523	0.0144163	-0.0181838	0.0246243	-0.0257157	
0.0418702	-0.0179843	-0.0105128	0.41698	-0.0186256	-0.032972	0.0954928	0.320046	-0.0266197	0.0555102	0.0742169	0.0043108	-0.0317225	0.0582836	0.00705133	-0.01903	0.0226713	-0.0266934	-9.64781e-05	0.0183355	0	0.00493592	
0.0300843	-0.0134274	-0.0105128	0.521551	-0.0205563	-0.0293619	0.0347897	0.334237	-0.0257355	0.120909	0.0916033	0.00264816	-0.0333026	0.0477202	0.00335071	-0.0150415	0.0226713	-0.026371	0	0.00111	
0.0321288	-0.0147332	-0.00822605	0.4576	-0.0236898	-0.0303694	0.00488525	0.27993	-0.0264037	0.169842	0.0554772	0.00587261	-0.0315031	0.0542354	-0.00984813	-0.00842195	0.0247109	-0.0207781	
0.0228596	-0.0122302	-0.00956324	0.437643	-0.0181596	-0.0298354	-0.0164564	0.280733	-0.025601	0.149727	0.141171	0.0121628	-0.0314036	0.0746779	0.00933636	-0.0151781	0.0242288	-0.0247412	
0.0226017	-0.0117584	-0.00741776	0.512186	-0.0198161	-0.0304803	0.319788	-0.0237164	0.203236	0.0688406	0.0137617	-0.0277035	0.0781945	0.00565363	0.00423571	0.0206254	-0.0234858	-0.00572845	
0.0394183	-0.0117113	-0.00946776	0.387795	-0.0187095	-0.0299842	0.258658	0.308827	-0.0229858	0.111655	0.0615486	0.0212462	-0.0296879	0.0976181	0.00502852	-0.0146907	0.0311039	-0.0205555	
0.0552931	-0.0141362	-0.00991391	0.573179	-0.0194986	-0.0227844	-0.029892	0.328918	-0.0250701	0.134673	0.13116	0.00570024	-0.0317132	0.0460155	0.00298389	-0.0139421	0.0178792	0	0	
0.0354273	-0.0169875	-0.0108298	0.497133	-0.0176617	-0.0254498	-0.0325132	0.328233	-0.0244497	0.224726	0.0361124	0.0109321	-0.0337838	0.0622694	0.0159947	-0.00730551	0.0137175	
0.0268154	-0.0153541	-0.00737082	0.456538	-0.0218979	-0.0240436	-0.0264466	0.345443	-0.026436	0.0983917	0.114498	0.00795328	-0.0330777	0.0168883	0.00322978	-0.0140054	0.0189394	
0.0321829	-0.015236	-0.00834615	0.332326	-0.0206851	-0.0200252	-0.0319402	0.349169	-0.0260327	0.252444	0.0635056	0.00791371	-0.0318083	0.0350917	0.0120552	-0.013987	0.0122205	0.00201638	
0.0452662	-0.0136499	-0.0074479	0.473565	-0.0235603	-0.0258423	-0.0310058	0.346728	-0.0253724	0.197868	0.096123	0.011069	-0.0307736	0.0612511	0.00521844	-0.0192315	0.0224678	0.000264764	
0.0401871	-0.0137328	-0.00771647	0.403056	-0.0221045	-0.0256403	-0.031261	0.346728	-0.0264521	0.166326	0.0585414	0.00922004	-0.0302157	0.199185	-0.00606803	-0.0171011	0.0232072	-0.00387037	
0.0503702	-0.0133133	-0.00928813	0.45496	-0.0216148	-0.0248123	-0.0326456	0.340172	-0.0239857	0.300133	0.152413	0.00785438	-0.028075	0.10948	-3.70906e-05	-0.0162733	0.0230244	-0.00042846	0	0.00865096	
0.0373259	-0.0126141	-0.00897767	0.490081	-0.0197411	-0.0245208	-0.031547	0.340871	-0.0241792	0.121635	0.159417	0.0116475	-0.0297034	0.120459	0.00615989	-0.0132846	0.0229797	0.00437084	
0.0548308	-0.0126141	-0.00897767	0.371658	-0.0211021	-0.0204955	-0.0315117	0.297159	-0.0234883	0.297708	0.0900147	0.0116475	-0.0305959	0.09692	0.00388819	-0.0158126	0.0203541	0.000830331	0.00653278	
0.0504817	-0.0127991	-0.00901182	0.548725	-0.0201404	-0.0236291	-0.0286496	0.290535	-0.0232688	0.0535678	0.134165	0.00979461	-0.0314212	0.187796	0.000471258	-0.0080766	0.0272657	-0.000250429	0.0226464	
0.0554041	-0.0126437	-0.00904633	0.487974	-0.0225675	-0.0223808	-0.0300138	0.290535	-0.0230332	0.0836638	0.15146	0.0175502	-0.0311142	0.153626	0.000387245	-0.00733777	0.0206757	0.003489	-0.00312	
0.0591698	-0.0109746	-0.0110639	0.407474	-0.0186478	-0.0228481	-0.0297517	0.295596	-0.0249531	0.187585	0.136346	0.00721234	-0.0305367	0.0585723	0.000769474	-0.0104748	0.0175236	0.00313116	-0.00205993	0.0192815	0	
0.0467093	-0.0146999	-0.0107422	0.405222	-0.0189365	-0.0223473	-0.029319	0.287857	-0.0256927	0.109582	0.0826355	0.0120421	-0.0326728	0.112066	0.0022779	-0.0113028	0.0232782	0.00459466	0.000630894	-0.00345293	
0.0569101	-0.014069	-0.00716514	0.405778	-0.0234695	-0.0253708	-0.0296947	0.298393	-0.0253444	0.161593	0.141633	0.00413174	-0.0307185	0.152922	0.000788095	-0.0175008	0.0252888	-0.00638486	0.00130325	0	
0.0388908	-0.012983	-0.00781468	0.361462	-0.0231672	-0.0215461	-0.0314879	0.297743	-0.0261417	0.181224	0.113942	0.0131234	-0.0319018	0.167534	-0.00389075	-0.0207015	0.0246393	-0.0062136	0.000923799	-0.00888417	-0.00225857	0.00354988	
0.0358979	-0.0117647	-0.00656799	0.508705	-0.0236037	-0.0234786	-0.0267482	0.29899	-0.0240309	0.179937	0.109387	0.00697258	-0.0318592	0.133945	0.00455482	-0.00189525	0.0295502	0.00245096	0.00189289	
0.05201	-0.0129097	-0.00879301	0.399852	-0.0224876	-0.0233394	-0.0289829	0.324417	-0.0261409	0.231326	0.113521	0.0123111	-0.0318321	0.107606	-0.000109824	-0.00869429	0.0235179	-0.00442436	0.0039047	0	
0.0522711	-0.0117059	-0.00877402	0.370473	-0.021714	-0.023345	-0.0322003	0.338839	-0.0255907	0.15443	0.0940301	0.0108636	-0.0289801	0.22565	0.00577744	-0.017831	0.0199675	-0.00635842	0.00401998	0.00201345	
0.0469097	-0.0133637	-0.00565864	0.423684	-0.0250104	-0.0205191	-0.032775	0.338371	-0.0257712	0.102243	0.0679543	0.0103954	-0.0314281	0.152713	0.00947021	-0.0154428	0.0187778	-0.00759042	0.00121298	0	
0.0534628	-0.0126777	-0.00719113	0.424274	-0.0218002	-0.0249	-0.0333869	0.31774	-0.0263043	0.131001	0.1541	0.0167837	-0.0333223	0.102391	0.00668039	-0.0179587	0.0281523	-0.00667591	0.00616384	
0.0643816	-0.0108842	-0.00957518	0.413037	-0.0211028	-0.022491	-0.0310086	0.317724	-0.0263102	0.132427	0.110056	0.00466616	-0.0315992	0.12589	-0.000402725	-0.00748577	0.0268283	-0.00558558	0.00422002	-0.000454037	
0.0542963	-0.0106318	-0.0079436	0.459852	-0.0219998	-0.0242871	-0.0309862	0.304934	-0.0247618	0.15145	0.15108	0.00472424	-0.0331164	0.212377	0.00602038	-0.0176825	0.0204254	-0.00558558	0.00546777	
0.0641306	-0.0118171	-0.00950398	0.536508	-0.0208728	-0.0253743	-0.0317648	0.299035	-0.0232964	0.205413	0.0811134	0.00258914	-0.032915	0.12679	-0.00319732	-0.0168992	0.0302747	-0.0049512	0.00349642	
0.0636186	-0.0139028	-0.00885347	0.450947	-0.0215664	-0.0239072	-0.0305777	0.31019	-0.025414	0.187382	0.0900519	0.00214503	-0.0332562	0.105945	-0.00201486	0.0073806	0.0325262	-0.000263761	0.0054798	0.0823152	0.0453442	0	
0.0693283	-0.0126159	-0.0097126	0.492703	-0.021232	-0.0238972	-0.031088	0.357322	-0.025414	0.168961	0.0762735	0.00350834	-0.0348485	0.0806946	0.00586449	-0.015828	0.0342646	0.000371938	0.00199882	-0.00757393	0.0231734	
0.0722399	-0.0131396	-0.0097126	0.510267	-0.0216805	-0.0223906	-0.0303043	0.291421	-0.0235958	0.200784	0.0902867	0.00624339	-0.0335176	0.0749387	0.000165894	-0.0137468	0.0276345	-0.00404473	0.00734355	0.00138395	0	
0.12484	-0.00965452	-0.00644114	0.443187	-0.0259718	-0.0231072	-0.0308332	0.29413	-0.0246838	0.0926751	0.0923806	0.00727439	-0.0315877	0.115294	0.00693436	-0.0122585	0.0274155	-0.000730792	0.00934877	
0.0625831	-0.00892426	-0.00783899	0.503009	-0.0229004	-0.0245118	-0.0329363	0.357643	-0.0237762	0.272012	0.0723899	0.007686	-0.0327208	0.0737893	-0.00150976	-0.00998908	0.035184	-0.00273095	0.00812391	
0.0426883	-0.0123473	-0.0091582	0.514231	-0.0208555	-0.0233959	-0.0316296	0.358579	-0.0238038	0.139448	0.166944	0.0149125	-0.0337929	0.0713944	0.0135451	0.00518152	0.0275427	-0.0027089	0.00611113	-0.355673	-0.0074512	-0.00936507	
0.0542417	-0.0108799	-0.00999987	0.45599	-0.0188799	-0.0236374	-0.0320942	0.326462	-0.0242119	0.140645	0.0781144	0.00743604	-0.0339052	0.098083	0.0127498	-0.00900722	0.0238805	-0.00610553	0.00600602	-0.000922616	
0.0708681	-0.00968579	-0.0103573	0.511774	-0.0191884	-0.0259273	-0.0307935	0.349443	-0.0255957	0.223258	0.0865929	0.003459	-0.0326709	0.0936415	0.00622104	-0.00904266	0.0303459	-0.000383551	0.00743997	
0.0832262	-0.0131654	-0.00780799	0.499057	-0.0217188	-0.0257023	-0.0324522	0.310717	-0.0249331	0.165394	0.0895195	0.00722058	-0.0280905	0.0673925	-0.00384969	-0.00631203	0.0232423	0.00199717	
0.0415037	-0.0116293	-0.00854508	0.482198	-0.0228444	-0.0220843	-0.0312995	0.313229	-0.0244868	0.230222	0.0860328	0.00913899	-0.0302794	0.111105	0.00794182	0.0044191	0.0260815	0.000687548	
0.0812347	-0.0109126	-0.00905937	0.670083	-0.0214354	-0.026979	-0.0304213	0.314619	-0.0232666	0.189993	0.140832	0.00935625	-0.0270264	0.0689261	0.00138773	-0.00892464	0.0188519	-0.00272248	
0.0536815	-0.0105252	-0.00905728	0.423706	-0.0213761	-0.0251051	-0.0306534	0.314621	-0.0238219	0.251704	0.0751522	0.00660305	-0.0327499	0.132526	0.00408173	-0.0072447	0.0295943	-0.000634424	
0.0644843	-0.00879351	-0.00857568	0.43722	-0.0201741	-0.026051	-0.0318888	0.307849	-0.021998	0.462055	0.0690449	0.00796777	-0.0334407	0.238794	0.0034956	-0.0134287	0.031464	2.37154e-05	0	0.0197914	
0.0567978	-0.0105368	-0.0093524	0.469925	-0.0200209	-0.0254095	-0.0314482	0.342026	-0.0228474	0.340264	0.087058	0.00615824	-0.033247	0.121877	0.00728597	-0.00707566	0.0151551	-0.00139503	0.00648397	-0.177227	-0.0033453	
0.0574977	-0.0117021	-0.00943295	0.682726	-0.0187831	-0.0254432	-0.0315861	0.334676	-0.0237657	0.200484	0.0503861	0.00920827	-0.0316394	0.0806837	-0.000400133	-0.00990313	0.0261246	-0.00535969	0	
0.0532498	-0.00609869	-0.0108102	0.393179	-0.017961	-0.0238012	-0.0291854	0.309013	-0.0247638	0.364903	0.0931821	0.00785188	-0.0300953	0.079997	-0.00873861	-0.0179344	0.0265995	0.00393127	-0.011782	
0.0452287	-0.00927576	-0.00809911	0.51303	-0.018892	-0.0246906	-0.0282042	0.344542	-0.0227087	0.254414	0.101805	0.0110097	-0.0322677	0.082274	0.00318224	-0.0159394	0.019723	0.00319321	-0.0124278	0.054233	
0.0433558	-0.00933962	-0.00905058	0.53246	-0.0210096	-0.0266692	-0.0301853	0.341007	-0.0242616	0.176236	0.121082	0.00091391	-0.0317238	0.085488	-0.0173552	-0.02132	0.0326202	-0.000119442	
0.0412237	-0.00880759	-0.00848516	0.449245	-0.019666	-0.0227621	-0.0310498	0.307211	-0.0244594	0.243763	0.0904359	0.0079838	-0.0323481	0.081444	-0.00641854	-0.00517853	0.0220623	-0.00452815	0.126251	
0.0326629	-0.0134204	-0.00911862	0.449716	-0.0182631	-0.0234472	-0.0303454	0.306577	-0.0257031	0.168341	0.137235	0.00357421	-0.0341557	0.0933146	-0.00129063	-0.0115485	0.0154509	-0.00556472	0.0248444	
0.073261	-0.0101765	-0.00911862	0.449201	-0.0199872	-0.0262751	-0.0305361	0.297949	-0.0259717	0.287107	0.128672	0.0024556	-0.0317779	0.122185	-0.000876096	-0.000716465	0.0134542	0.000754457	0.0204002	0.0176117	
0.0650527	-0.012282	-0.00911862	0.38718	-0.0211038	-0.0215276	-0.030394	0.297949	-0.0267931	0.237862	0.0925312	0.0039126	-0.0344192	0.0382302	-0.00146319	-0.0182309	0.0233951	0.00265145	0.0105872	-0.0190053	
0.0465368	-0.0125487	-0.00938533	0.40899	-0.0190993	-0.0252555	-0.0313425	0.363139	-0.0270598	0.142982	0.165751	0.0058559	-0.0326748	0.0974946	0.00753992	-0.00466811	0.0257859	0.000180575	-0.00281905	
0.0617184	-0.0154301	-0.0115048	0.375509	-0.0181631	-0.0252008	-0.0320473	0.312811	-0.0265397	0.182009	0.0470169	0.00504086	-0.0332264	0.0704603	0.00682062	-0.0107808	0.0186783	-0.00244689	0.00527662	0.00554138	-0.0128963	
0.0672019	-0.0187025	-0.00888045	0.310311	-0.0216209	-0.0220934	-0.0238701	0.312971	-0.0263798	0.271401	0.0765068	0.00445145	-0.0341123	0.114048	0.00813217	0.00095906	0.0247753	-2.10292e-05	0.0370155	0.00514631	0.111384	
0.042826	-0.0144995	-0.00974042	0.424842	-0.0201083	-0.0170049	-0.0324972	0.339144	-0.0253052	0.138528	0.156018	0.00233254	-0.0318256	0.0472724	-0.00821409	0.00275099	0.0359314	-0.00058057	0.0207341	0.00136154	0.0188819	
0.0515658	-0.0154467	-0.00974042	0.418231	-0.0202346	-0.0229088	-0.0315427	0.368057	-0.027342	0.159412	0.117523	0.00126023	-0.0338741	0.0558016	-0.0373795	-0.00718327	0.02921	0.00173109	0.0183551	0.0010003	
0.091653	-0.0152937	-0.0118421	0.425312	-0.017799	-0.0236628	-0.0302595	0.347391	-0.0272501	0.09845	0.185403	0.00289456	-0.032397	0.0954039	-0.0171946	-0.00636783	0.032523	-0.00395349	0.00631805	0.00276964	0.0140161	
0.0519002	-0.0152953	-0.0127095	0.436724	-0.0170379	-0.0244968	-0.0279489	0.34739	-0.0252948	0.212404	0.125041	0.00191911	-0.0343497	0.0705251	-0.0128958	-0.00886831	0.0239617	-0.00611571	0.00666437	0.00445887	-0.0161975	
0.0618233	-0.0150056	-0.00848147	0.441136	-0.0223769	-0.0221212	-0.0270355	0.343032	-0.0271139	0.121478	0.20169	0.00273241	-0.0337792	0.0707331	-0.0224397	-0.00280263	0.0346255	0.000656021	0.0269596	0.00964565	0.0435518	
0.059435	-0.0160342	-0.00990198	0.419269	-0.0199446	-0.0256854	-0.0290475	0.336123	-0.0254867	0.256851	0.181578	0.00474192	-0.0315877	0.0707331	-0.00668541	-0.00619087	0.0412658	-0.00341918	0.0212419	0.0039159	0	-0.00196049	0.00353706	
0.02737	-0.0144943	-0.00756448	0.39865	-0.0222658	-0.0243487	-0.0269507	0.351406	-0.0260921	0.217541	0.17846	0.000161079	-0.0325965	0.0651682	0.000169149	-0.0110665	0.0258552	-0.000178255	0.0241963	-0.00165215	
0.0388728	-0.0141323	-0.00756448	0.515703	-0.022995	-0.0245032	-0.0295699	0.334881	-0.0260921	0.279221	0.218495	0.00199638	-0.0304598	0.0663471	-0.000238582	-0.0141462	0.0228563	-0.00236933	0.0363504	0.00244563	
0.0427452	-0.0119455	-0.00590086	0.367968	-0.0223107	-0.0225229	-0.0274818	0.334881	-0.0260921	0.309484	0.187053	-0.00171373	-0.0318451	0.0639472	-0.00738358	0.00174525	0.0310174	-0.00485717	0.0161001	-0.000726955	
0.0352093	-0.00998816	-0.00632812	0.428095	-0.0248563	-0.0242335	-0.0300674	0.312102	-0.0261768	0.162934	0.151898	0.000188726	-0.0314669	0.0310076	-0.00125402	-0.00790132	0.0244186	-0.00727282	0.0164604	-0.00626175	
0.0338635	-0.0109505	-0.00618901	0.447449	-0.0229969	-0.0235416	-0.0293773	0.340489	-0.025357	0.205568	0.111891	0.000722319	-0.0331335	0.0491915	0.00644515	-0.00790132	0.0217975	-0.0120138	0.0132273	0.00556422	
0.0287959	-0.0110976	-0.00835635	0.448018	-0.0222493	-0.0249151	-0.0317947	0.317072	-0.025091	0.150617	0.187475	-0.00180939	-0.0347495	0.0702364	1.55316e-05	-0.0153872	0.0283012	-0.00304317	0.0116867	0.00643532	-0.0031603	0.098821	
0.0298254	-0.0101952	-0.00945546	0.47371	-0.0218795	-0.0276497	-0.0308478	0.336597	-0.0254372	0.199825	0.155523	0.00145783	-0.0342714	0.10433	0.00566142	-0.0162718	0.0235741	-0.000129188	0.00773549	
0.0480897	-0.00918611	-0.00843658	0.447745	-0.0222692	-0.0261007	-0.0316986	0.318144	-0.0242806	0.131307	0.198281	0.00895068	-0.0316133	0.114094	-0.0121368	-0.0140795	0.0264789	-0.00258395	0.0273289	0.00216284	0.100477	0	
0.0491671	-0.0123528	-0.00977289	0.486527	-0.0182795	-0.0240772	-0.0299215	0.332674	-0.0265668	0.146944	0.161143	0.0061102	-0.0325408	0.0750686	0.00210677	-0.0134789	0.0227569	-0.000567717	0.0134897	-0.00244515	-0.00564366	-0.013136	
0.0500228	-0.013498	-0.00917899	0.490107	-0.0226304	-0.0246122	-0.0320218	0.332366	-0.0245964	0.166994	0.140924	0.0071717	-0.0343465	0.105505	-0.027813	-0.0118248	0.0282041	-0.00238496	0.0207623	-0.0127149	
0.0465248	-0.014678	-0.00917899	0.420814	-0.0203655	-0.0237216	-0.0293766	0.332366	-0.0245083	0.162504	0.176374	0.00806768	-0.0339899	0.0587356	-0.00822688	-0.0096065	0.0241699	-0.00196733	0.0284139	
0.0383836	-0.014678	-0.00685545	0.476769	-0.0220367	-0.0227625	-0.0329324	0.334109	-0.0258177	0.168759	0.128651	0.00927822	-0.0343746	0.108599	-0.00707563	-0.00779084	0.0325128	-0.000527429	0.0236386	0.0044501	
0.0235838	-0.0117875	-0.0103591	0.491968	-0.0209829	-0.0216469	-0.0305723	0.334256	-0.0256536	0.157298	0.124523	0.0047808	-0.0297485	0.0891782	0.000199279	-0.00722308	0.026929	0.00562765	0.0158843	0	
0.0206712	-0.0109729	-0.0101038	0.722857	-0.0186722	-0.0261038	-0.0317884	0.347316	-0.027956	0.156569	0.0855478	0.00547628	-0.031966	0.107168	0.00947347	-0.00684667	0.0253657	0.00484258	0.0308294	
0.0346534	-0.0131781	-0.0076819	0.446215	-0.0218169	-0.0207789	-0.0318622	0.32608	-0.0252151	0.10064	0.132692	0.0099827	-0.0330271	0.0435756	0.00198924	0.0125913	0.0297863	0.00249273	0.0339781	0	0	
0.0409803	-0.0125695	-0.00834124	0.381556	-0.022178	-0.0199666	-0.0309392	0.339392	-0.0254039	0.176271	0.114485	0.00919488	-0.0326737	0.0827102	-0.0149087	0.0073686	0.0347026	-1.68215e-05	0.0278079	
0.033571	-0.0117266	-0.00797612	0.401045	-0.0219179	-0.0239015	-0.0310118	0.347809	-0.0247563	0.200572	0.181348	0.00890288	-0.0304606	0.0543191	-0.00418374	-0.0105315	0.0263885	0.00648706	0.043222	
0.0344045	-0.0120202	-0.00734286	0.358528	-0.0230008	-0.0232019	-0.0297845	0.347809	-0.0252278	0.231607	0.164991	-0.000107645	-0.0334041	0.0596125	-0.00934282	-0.00516134	0.0263885	-7.72842e-05	0.0143049	
0.0326307	-0.0109459	-0.00854398	0.421215	-0.0247654	-0.0239675	-0.0298158	0.345973	-0.0271483	0.187994	0.164169	0.0132249	-0.032136	0.0482224	-0.00302207	-0.00735781	0.0267275	-0.00562746	0.029427	0.00168641	-0.0161055	
0.0165047	-0.0130787	-0.00854398	0.3641	-0.0196681	-0.0212066	-0.028503	0.345973	-0.0273423	0.110291	0.0967423	0.00485692	-0.0319407	0.0591959	-0.0109887	-0.0141925	0.0258521	-0.00509306	0.0280238	-0.00451089	-0.00548499	0.0131718	
0.0375189	-0.0127243	-0.00755271	0.469183	-0.0240074	-0.0224446	-0.0308503	0.352525	-0.0257397	0.1625	0.0658683	-0.00149989	-0.0322469	0.0685834	-0.00736402	-0.011264	0.0330736	-0.00516968	0.0366512	0	0.0065794	
0.0307735	-0.0103517	-0.00755271	0.403805	-0.0183171	-0.0211166	-0.0318508	0.335259	-0.0242567	0.203292	0.0940534	0.0120363	-0.0337475	0.0606576	-0.00719821	-0.00493118	0.0302128	-0.00349659	0.0189785	0.113343	
0.0303621	-0.0133744	-0.00831433	0.406403	-0.0224857	-0.023899	-0.0314599	0.319327	-0.024694	0.105392	0.127123	0.0115497	-0.0317385	0.0606576	-0.0110383	-0.0157551	0.0244457	0.0071302	0.022434	
0.0433492	-0.0119152	-0.00704643	0.546425	-0.0229836	-0.0257065	-0.0295296	0.319449	-0.0225629	0.165344	0.137838	0.0022104	-0.0332442	0.0657782	-0.00947062	-1.18208e-05	0.0264093	-0.000494241	0.0225063	-0.0112121	
0.0317051	-0.0142832	-0.00746436	0.317457	-0.0229077	-0.0259573	-0.028986	0.351982	-0.0236815	0.0766506	0.0638366	0.00769896	-0.0339275	0.07877	-0.00595808	-0.0114244	0.0259914	0.0068575	0.0224094	0.011319	-0.00952865	-0.00938045	
0.0448269	-0.013699	-0.00768039	0.418403	-0.0205735	-0.0249528	-0.0309011	0.369635	-0.0199918	0.212304	0.0701308	0.00385738	-0.0322154	0.0706877	-0.0120619	-0.0110742	0.0361913	-0.00186998	0.0197895	0.023401	-0.352481	0.00197056	
0.0305963	-0.0135742	-0.00840305	0.430136	-0.0216082	-0.0231374	-0.0250864	0.369635	-0.0239501	0.124277	0.109341	0.00355681	-0.0330443	0.0749853	-0.0153334	-0.0170345	0.0290148	-0.00186998	0.0127897	-0.0138896	
0.0437139	-0.0133098	-0.00840305	0.413776	-0.0213317	-0.025748	-0.0287864	0.337952	-0.0230571	0.258279	0.0420663	0.00963544	-0.0336532	0.04024	-0.00776934	-0.00591662	0.0323668	-0.00201738	0.0189105	
0.0597563	-0.0132422	-0.00566211	0.424361	-0.0252756	-0.0173501	-0.0297388	0.337952	-0.0246623	0.198522	0.130492	0.00863805	-0.0311279	0.0946652	-0.0183561	-0.00730935	0.0336248	0.00555814	0.0474992	0.003839	
0.0286797	-0.0131786	-0.00535103	0.319969	-0.023402	-0.023376	-0.0304115	0.347556	-0.0226919	0.243305	0.0954051	0.00828888	-0.0279054	0.056547	0.000529315	-0.0131465	0.0367851	-0.00106615	0.041613	-0.010066	0.00624531	0.00384148	
0.0683416	-0.0110747	-0.00433615	0.419157	-0.0264658	-0.0204245	-0.0297021	0.307574	-0.0227153	0.202656	0.0681292	0.00690986	-0.0319969	0.0575619	0.000558602	-0.0123583	0.0378	-5.12661e-05	0.0616639	-0.00105966	0.0190835	
0.0547288	-0.0127159	-0.00723078	0.408093	-0.0208846	-0.0231684	-0.0271064	0.355493	-0.0226962	0.341714	0.0597588	0.00403433	-0.0329973	0.0673923	-0.00671499	-0.0190758	0.0267135	0.00445821	0.0598744	
0.0458566	-0.0106523	-0.00341897	0.350384	-0.0251888	-0.0245201	-0.0199604	0.332629	-0.023517	0.202517	0.0994859	0.00919618	-0.0331014	0.091364	-0.00149343	-0.0120485	0.0296483	0.0018122	0.0523622	-0.00119618	
0.0505339	-0.0134218	-0.00630896	0.397641	-0.0222028	-0.0242696	-0.0228594	0.351645	-0.0263777	0.244537	0.11958	0.00508985	-0.033324	0.076618	-0.00579225	-0.0138826	0.041854	0.000246415	0.0399657	-0.00110347	-0.00299601	0.0285777	-0.00513647	
0.030515	-0.0141546	-0.00423171	0.274194	-0.0245127	-0.0225871	-0.0264238	0.313887	-0.0244583	0.203469	0.0895875	0.00258931	-0.0320096	0.051919	-0.016956	-0.0180001	0.0230664	0.00403624	0.063761	0.00569027	0.000391454	-0.011058	0	
0.0287549	-0.0136027	-0.00791994	0.3387	-0.0229579	-0.0236682	-0.0286237	0.312733	-0.0273849	0.282995	0.105246	0.0119892	-0.0318417	0.0745979	-0.00705789	-0.0150375	0.0202997	-0.0023056	0.0355181	-0.00205498	0.00762138	
0.0525776	-0.0126548	-0.00791994	0.395869	-0.0230717	-0.0251125	-0.0312959	0.331239	-0.02451	0.209558	0.0930061	0.00356781	-0.0311904	0.0349164	-0.00881144	-0.0166148	0.0379701	-0.00492542	0.031477	-0.00329569	
0.0647081	-0.0105085	-0.00697752	0.440484	-0.0227913	-0.0223093	-0.0310418	0.315799	-0.025498	0.151388	0.0760794	0.00544813	-0.0310263	0.0381597	-0.0110704	-0.0161968	0.0401252	-0.003983	0.0783312	-0.00294143	
0.0469544	-0.0114019	-0.00709016	0.516534	-0.0214966	-0.0257122	-0.0300338	0.342001	-0.0251164	0.189041	0.0426145	0.013039	-0.0338176	0.0627426	-0.0189932	-0.0200268	0.0278042	-0.0013196	0.0535352	-0.000241601	0.00652814	-0.00664313	-0.0194926	0	
0.0440559	-0.0137948	-0.00858332	0.374511	-0.021419	-0.0224723	-0.0303112	0.348723	-0.0247094	0.224183	0.0625125	0.00853581	-0.0328235	0.0900138	-0.0102578	-0.0131009	0.0253687	-0.0062532	0.0455613	-0.00279789	0.0020665	
0.047344	-0.0141597	-0.00780136	0.374459	-0.0211247	-0.0219777	-0.0314425	0.356244	-0.0267103	0.0860385	0.148029	0.0122848	-0.0342397	0.0544799	-0.00118565	-0.0164046	0.0232522	0.00100043	0.0384915	-0.00641087	0.00667999	0.00702448	
0.0336445	-0.0138546	-0.00856177	0.36192	-0.0183758	-0.023636	-0.0303328	0.33195	-0.0243433	0.199949	0.0954921	0.0143915	-0.0321374	0.0690613	-0.00406605	-0.0159974	0.029482	0.00267846	0.0514936	-0.00650944	
0.0379956	-0.0103434	-0.00856177	0.416068	-0.0199419	-0.0265258	-0.0303595	0.380216	-0.0245785	0.157783	0.0913858	0.01078	-0.0258081	0.0479038	-0.0160336	-0.00795481	0.0283817	0.00325306	0.0987365	-0.00743527	0.0121666	0	
0.0387831	-0.00911878	-0.00856177	0.376621	-0.0208987	-0.0221364	-0.0273019	0.318331	-0.0259796	0.120853	0.118553	0.00139071	-0.0312848	0.0582627	-0.00687864	-0.0164959	0.0383595	0.000993557	0.0703505	-0.00740235	0.00377117	
0.0782932	-0.0118453	-0.00831263	0.360347	-0.0189756	-0.0252846	-0.0265196	0.31862	-0.024787	0.216069	0.106392	0.00911672	-0.0326602	0.0636925	-0.00163943	-0.0178937	0.0413662	0.00365565	0.0685436	-0.00505086	-0.0031253	
0.0498431	-0.0120017	-0.00783613	0.365485	-0.0191218	-0.0231334	-0.0223445	0.343957	-0.0258264	0.177203	0.210292	0.00911672	-0.0314479	0.0444221	-0.000863075	-0.0143444	0.0311849	-4.61826e-05	0.0679595	-1.87445e-05	0	0	
0.0286566	-0.0126702	-0.00907142	0.309786	-0.0193231	-0.025422	-0.0257937	0.334189	-0.0262638	0.153054	0.162274	0.00338993	-0.0335568	0.0362845	-0.0154722	-0.0175334	0.0268939	-0.00457494	0.0401206	-0.00548594	
0.0656751	-0.0135627	-0.0106961	0.350649	-0.0192494	-0.026574	-0.0244229	0.346014	-0.0262431	0.153408	0.124936	0.00264429	-0.0328388	0.0598569	-0.0103694	-0.0117653	0.0460519	-0.000427318	0.0682069	-0.000240381	-0.0137301	
0.0400316	-0.0120111	-0.0106961	0.320134	-0.0181586	-0.0233531	-0.0279035	0.365369	-0.0271782	0.126024	0.187119	0.00582588	-0.0330255	0.0290303	-0.00189199	-0.0177801	0.030264	-0.00621869	0.061973	-0.00186011	-0.011697	
0.0596657	-0.0120111	-0.0112334	0.34586	-0.0188047	-0.0236021	-0.0276489	0.348289	-0.0275122	0.137318	0.224404	0.0103488	-0.0325103	0.0316106	-0.00328248	-0.0205976	0.0310384	-0.00322	0.0197369	0.00436281	
0.0696658	-0.0137955	-0.0114171	0.304943	-0.0174103	-0.0250534	-0.025707	0.348105	-0.0257635	0.113592	0.206501	0.0063909	-0.0333267	0.0726342	-0.00075374	-0.0232822	0.0363377	-0.00305176	0.0322575	0.00417911	0.0145128	
0.0441796	-0.010762	-0.0112925	0.397312	-0.0161801	-0.0228064	-0.0247065	0.331435	-0.0262771	0.201125	0.139815	0.0063909	-0.033807	0.0707183	0.000479642	-0.0133168	0.0325242	-0.0102887	0.0132722	0.00158288	-0.00682516	
0.0447883	-0.0139866	-0.0107137	0.415695	-0.0188961	-0.0251331	-0.0258572	0.331435	-0.0271959	0.146842	0.138489	0.00685854	-0.0336974	0.0489233	-0.00905685	-0.0164003	0.0331066	-0.0100085	0.0222904	0.00218855	0.00180767	
0.0732119	-0.0134281	-0.0118662	0.366286	-0.0189607	-0.0255613	-0.027929	0.33121	-0.0258629	0.174076	0.0934738	0.00926882	-0.0335897	0.0609602	-0.00270025	-0.00802504	0.0328814	-0.00840636	0.0219268	-0.000665206	0.0120076	0	
0.0647398	-0.0134281	-0.00907725	0.318495	-0.0184122	-0.0272481	-0.0281157	0.33121	-0.0255451	0.179815	0.176283	0.00938532	-0.0328908	0.03474	-0.000763061	-0.0187184	0.0422081	-0.00482964	0.0190299	-0.000349262	0	
0.106491	-0.0134281	-0.00884277	0.338043	-0.0187314	-0.0229644	-0.028097	0.33121	-0.0265023	0.165584	0.161586	0.0081261	-0.0299671	0.0583729	-0.00550578	-0.0166771	0.0365355	-0.00237562	0.0280019	-0.000349262	0.0401754	-0.000158583	
0.0743879	-0.00968105	-0.00811089	0.380071	-0.0178441	-0.025561	-0.0290069	0.325772	-0.0245062	0.0947577	0.0540003	0.00638668	-0.0336875	0.041868	-0.00740794	-0.0174534	0.0357109	-0.00637904	0.0232369	-0.000349262	-0.00679859	
0.0690322	-0.0100172	-0.00883094	0.371828	-0.0188028	-0.025031	-0.0277001	0.327397	-0.0264287	0.20241	0.0727292	0.0024791	-0.0327923	0.0690158	-0.00690918	-0.0241566	0.0244802	-0.00300475	0.028556	0.00253914	0.0030297	0.0369848	
0.0738103	-0.0115556	-0.00794312	0.402945	-0.0190087	-0.0260807	-0.0295749	0.336625	-0.0247454	0.121584	0.129492	0.00365816	-0.0331966	0.0461831	-0.0105729	-0.0174413	0.0298143	-0.00662704	0.0161133	0.00253914	
0.049263	-0.0115556	-0.00692986	0.522873	-0.0211549	-0.0254673	-0.028619	0.336625	-0.0267437	0.14133	0.0922272	0.0011125	-0.0329236	0.05902	-0.0229666	-0.0218163	0.0259449	-0.0033867	0.0126429	-0.00160792	-0.00275639	0.019379	0.00333789	
0.0804269	-0.0146677	-0.0107654	0.361063	-0.0201106	-0.0274973	-0.0310056	0.306269	-0.0289441	0.259055	0.076352	0.00421305	-0.0363224	0.0612147	-0.00999668	-0.0161624	0.0355481	-0.00506245	0.0331322	-0.0026974	-0.00643699	0.041787	
0.0750274	-0.012799	-0.0110628	0.387885	-0.0191033	-0.027126	-0.0327694	0.316821	-0.0274405	0.152243	0.0576804	-0.00114054	-0.0325284	0.0647369	-0.0310121	-0.0186593	0.0355481	-0.00386081	0.0165722	-0.00316878	-0.0088046	
0.0890228	-0.00756564	-0.0101523	0.47406	-0.0209815	-0.026494	-0.0285218	0.317731	-0.0277959	0.172878	0.13493	0.00925288	-0.0340117	0.0699814	-0.0125667	-0.0142073	0.0352189	-0.00188144	0.0447997	-0.00201923	-0.0130501	0.0364317	
0.107243	-0.0109707	-0.0101523	0.47406	-0.0178933	-0.0291393	-0.0290755	0.312514	-0.0276131	0.158927	0.0940585	7.82618e-05	-0.0287398	0.141708	-0.0102053	-0.0143098	0.0310101	-0.00456995	0.0238959	-0.000759879	-0.0120812	-0.0424165	-0.118066	
0.0865064	-0.0105581	-0.010062	0.359699	-0.0194324	-0.0260379	-0.0184163	0.312514	-0.027607	0.124186	0.0755334	0.00720635	-0.029964	0.109828	0	-0.0144555	0.0322979	-0.00116421	0.00753626	-3.29851e-05	-0.00924347	-0.0273279	0.00170776	-0.0377212	
0.0874771	-0.0123472	-0.0110327	0.30376	-0.0201799	-0.0260379	-0.026709	0.3006	-0.00793045	0.152838	0.0727455	0.00183405	-0.0330536	0.0793249	-0.0270091	-0.00817432	0.0281733	-0.00330072	0.0147342	-0.000283715	-0.0100896	-0.0149835	-0.0144022	0.00484865	0	
0.0703967	-0.01074	-0.0119561	0.547691	-0.0172113	-0.0278585	-0.0285498	0.3006	-0.0187523	0.159399	0.0477332	-0.000316869	-0.0329756	0.0751956	-0.0271512	-0.0117928	0.0217214	-0.00405119	0.0285736	0.00606999	-0.0126947	
0.113283	-0.00972688	-0.010839	0.368209	-0.0181732	-0.0279435	-0.0324337	0.299533	-0.00402158	0.205021	0.075616	-0.000684816	-0.0321734	0.0647707	-0.0271611	-0.0175059	0.0218608	-0.00454378	0.0134792	0.00164195	-0.0123066	
0.112663	-0.00982583	-0.00947738	0.357182	-0.0184152	-0.0258609	-0.031431	0.307588	-0.0022669	0.143179	0.138668	-0.00189861	-0.0329581	0.0644909	-0.0274861	-0.0106426	0.0269765	-0.00384137	0.0468072	0.00305896	-0.00757261	0	
0.104642	-0.00982583	-0.0132554	0.459418	-0.016766	-0.0227401	-0.0285041	0.333493	-0.00939442	0.154604	0.0670762	0.00752197	-0.0328082	0.0773683	-0.0248638	-0.00402039	0.0351857	-0.00334303	0.0196298	0.010511	-0.00987767	0	0.00751681	0	
0.113136	-0.00900971	-0.0103648	0.367067	-0.0194231	-0.0269321	-0.030503	0.316395	0.00257512	0.0966285	0.0399247	0.00386079	-0.0323333	0.0935823	-0.025731	-0.0139927	0.024145	0.00360777	0.00748912	-0.00373668	0.0021551	0	
0.11214	-0.00981011	-0.0103648	0.435373	-0.0188527	-0.0216674	-0.0276998	0.316395	-0.00405577	0.118346	0.0399651	0.00547567	-0.0262748	0.0707566	-0.0252182	-0.00565056	0.024145	-0.00170095	0.0164456	-0.00239873	-0.0127995	0.0247281	-0.00360907	-0.0106752	0	
0.0738925	-0.0123139	-0.00927108	0.52011	-0.0200622	-0.0261674	-0.0251551	0.316395	-0.0203615	0.132382	0.0464714	0.0088351	-0.0322534	0.063275	-0.0258567	-0.0136184	0.027094	0.00372092	0.0272407	0.00223598	-0.00444524	-0.00350097	
0.0835609	-0.0107757	-0.0127905	0.471172	-0.0166998	-0.0261247	-0.029577	0.324313	-0.019745	0.129152	0.112642	0.014222	-0.0337044	0.0661946	-0.0267716	-0.0179205	0.0227523	0.00356391	0.0316443	0.0040806	-0.00288377	0.0155799	0.00893767	
0.110622	-0.00921607	-0.0115625	0.426549	-0.0163355	-0.0271187	-0.0292784	0.312027	-0.0215451	0.105576	0.0596953	0.0103845	-0.0333091	0.0387553	-0.0271567	-0.0215223	0.0227523	0.00341431	0.012913	-0.00392165	-0.0117941	-0.00754051	
0.0753314	-0.00921607	-0.0108255	0.411453	-0.0181508	-0.0267373	-0.0288674	0.314075	-0.0242244	0.135156	0.0727241	0.0103845	-0.0326167	0.0356396	-0.025864	-0.0141521	0.0237965	0.00724551	0.0251127	-0.0037137	-0.00886663	0.00340981	-0.0146381	0	
0.0574618	-0.00754296	-0.0108255	0.501931	-0.0187513	-0.0266992	-0.0290971	0.322986	-0.0207484	0.114841	0.0765577	0.0118843	-0.0328796	0.0542048	-0.025443	-0.00537409	0.0197164	-0.00212497	0.0197837	0.000573292	-0.00196698	0.014018	-0.00295924	
0.0704026	-0.00824186	-0.00988042	0.419598	-0.0191271	-0.0279807	-0.0304609	0.322986	-0.00168364	0.125319	0.117338	0.0169486	-0.0332753	0.0646197	-0.0258573	-0.00267895	0.0188577	0.00542189	0.0197967	0.00134324	-0.00148928	-0.008991	-0.00802354	
0.0924991	-0.0111629	-0.00918809	0.388762	-0.0199518	-0.0248274	-0.0287605	0.322986	-0.0217727	0.371332	0.107906	0.0118456	-0.0306871	0.0414323	-0.0255547	0.00560281	0.0248664	0.00542189	0.0207535	0.00319024	0.0024256	0.0554899	0.00103644	-0.00716398	0	
0.0483034	-0.0143886	-0.0106896	0.456822	-0.0187186	-0.0256742	-0.0273722	0.335247	-0.0125478	0.143255	0.0605877	0.0097876	-0.0350749	0.0408103	-0.0261315	-0.0120849	0.0270284	-0.00323564	0.0573752	0.0016887	-0.00499479	0.0112715	-0.00499113	-0.0208182	
0.0593691	-0.0130763	-0.0106896	0.430444	-0.0216317	-0.0237588	-0.0287109	0.35647	-0.0127343	0.0880288	0.095148	0.0146262	-0.0287766	0.0715801	-0.0270903	-0.0159471	0.0280456	-0.00715283	0.0234405	-0.000110128	0.00191065	-0.0129748	-0.00499113	-0.0552338	
0.0427308	-0.0108777	-0.0106896	0.450722	-0.020419	-0.0281721	-0.0180473	0.35647	-0.0211363	0.124036	0.0408457	0.0118692	-0.0235761	0.0991112	-0.026048	-0.00626807	0.0280456	-0.000891414	0.0661526	-0.00444539	-0.00809095	-0.00176639	-0.00692494	0.0224967	0	
0.0538973	-0.0129294	-0.0106896	0.486583	-0.0210655	-0.0282851	-0.0288982	0.339271	-0.012474	0.102163	0.0864834	-0.000496474	-0.0249422	0.100449	-0.026261	-0.00745214	0.0332012	-0.00848561	0.0178147	-0.00444539	-0.0116584	-0.00558348	-0.00344336	0.0575839	-0.00316204	
0.0547402	-0.0112855	-0.0106896	0.425351	-0.0204731	-0.0246294	-0.0264332	0.399609	-0.00625063	0.142604	0.128032	0.00677511	-0.0288028	0.0542666	-0.026261	-0.0107979	0.0445704	-0.00168667	0.00884478	-0.00444539	0.00269822	-0.00273972	0.0351791	
0.0795934	-0.0109069	-0.0106896	0.439556	-0.0201921	-0.0293176	-0.0304016	0.2942	-0.0157198	0.058166	0.0942663	0.0107149	-0.0259698	0.101708	-0.0269806	-0.0179738	0.0442746	-0.00441804	0.0521528	-0.0044048	-0.00470836	-0.00516874	0	
0.0547981	-0.0107904	-0.0100046	0.493865	-0.0208278	-0.0258185	-0.0273905	0.326522	-0.0136172	0.121458	0.0788887	0.00433079	-0.0265612	0.0360281	-0.0245768	-0.0112352	0.0402587	-0.00110202	0.0285761	-0.00568849	-0.0103833	0.00322498	0.00745905	0.0319173	
0.0868698	-0.0080113	-0.0100046	0.387498	-0.0200648	-0.0245159	-0.0297323	0.356045	-0.0227818	0.121151	0.0530877	-0.00197896	-0.0316373	0.0710935	-0.0262114	-0.015018	0.0347534	-0.00711227	0.0210543	0.00175799	-0.00608327	0.00322498	
0.0602683	-0.0104287	-0.0092682	0.437355	-0.0191276	-0.025636	-0.0302091	0.322331	-0.00445352	0.106321	0.0959097	0.0106065	-0.0278957	0.101768	-0.0269007	-0.0185331	0.02861	0.000992324	0.0328816	0.00193278	-0.00671444	-0.0032747	
0.0565722	-0.0119449	-0.0092682	0.495506	-0.0217557	-0.0271559	-0.0304137	0.322331	-0.0156148	0.147857	0.05781	0.00494342	-0.0283135	0.0458333	-0.0248503	-0.0166658	0.0298093	-0.00332817	0.0256133	0.00498656	0.00369312	-0.00198821	-0.00672893	
0.0743049	-0.0115749	-0.0109465	0.350601	-0.0213201	-0.0251921	-0.0286155	0.318968	-0.000114033	0.204134	0.0790935	0.00685172	-0.0315456	0.117984	-0.0270868	-0.013436	0.037909	-0.002965	0.0396042	0.000638952	-0.0101168	-0.00161816	
0.0724227	-0.0125936	-0.00990095	0.395409	-0.0193484	-0.0246849	-0.0294758	0.345501	-0.0133499	0.165993	0.130869	0.0166421	-0.0317473	0.0907656	-0.0252783	-0.0132113	0.0317408	-0.002965	0.0303345	0.0052756	-0.0106013	-0.0038759	-0.00595198	
0.0567538	-0.0119618	-0.0103336	0.364496	-0.0197816	-0.0257392	-0.0255347	0.31853	-0.00178831	0.197491	0.0799011	0.017567	-0.0300115	0.0693423	-0.0255221	-0.0178387	0.0239996	-0.00497343	0.0368048	0.000489913	-0.00911433	-0.00658599	-0.00492871	
0.0738439	-0.0119618	-0.0103336	0.42208	-0.0197959	-0.0269293	-0.0278352	0.341096	-0.00115047	0.143435	0.0526832	0.0111345	-0.0323174	0.0766817	-0.024926	-0.01366	0.0271593	-0.00236719	0.0664112	0.0039475	-0.00773964	-0.000212605	0.00191374	0.0206299	
0.0771152	-0.0125269	-0.0093101	0.416323	-0.0188316	-0.0267455	-0.0281592	0.364316	0.00186662	0.159102	0.0912953	0.0101986	-0.0316361	0.156736	-0.0258297	-0.00239349	0.0284987	-0.00369826	0.0614179	-2.00968e-05	-0.0155186	-0.00388104	-0.0069787	
0.111168	-0.0115216	-0.0117076	0.410635	-0.0155228	-0.023971	-0.0260832	0.332582	0.00532737	0.163267	0.0942758	0.0210027	-0.0320073	0.0978295	-0.0241369	-0.0133257	0.0236163	-0.00132354	0.0417109	0.00174059	-0.0130383	-0.00734801	-0.00350997	
0.0743379	-0.00945596	-0.010925	0.428473	-0.0176179	-0.0261132	-0.0272962	0.375592	0.000544632	0.166662	0.117522	0.00636503	-0.0320604	0.116448	-0.023078	0.00128402	0.019592	-0.00493972	0.0117854	0.00145375	-0.010329	-0.00300622	-0.00445899	
0.0957155	-0.0100552	-0.00841419	0.376139	-0.0201763	-0.0231961	-0.0293601	0.318982	0.00345266	0.0986201	0.100336	0.0060515	-0.0302552	0.0904198	-0.0262709	-0.00925155	0.0229004	-0.000273897	0.0237036	-0.000189987	-0.0181163	-0.00279593	-0.0142878	-0.00811292	
0.0859405	-0.0117091	-0.00899525	0.442397	-0.0206721	-0.0256641	-0.0298965	0.310012	0.00203499	0.330639	0.0606625	0.0134739	-0.0304837	0.0685432	-0.0269151	-0.0141521	0.0269224	-0.00475716	0.0195326	0.00428661	-0.0103892	-0.00827151	-0.00818593	0	
0.117496	-0.0138502	-0.0119476	0.487062	-0.0197768	-0.0248015	-0.0244244	0.346548	0.00754361	0.237205	0.0445442	0.0115532	-0.0330889	0.0799794	-0.0256299	-0.016644	0.0136991	-0.00600362	0.0192221	0.0013334	-0.0162785	-0.0087478	-0.00558597	0.0150307	0.0150657	
0.083654	-0.0106938	-0.0114563	0.500969	-0.0200811	-0.0251225	-0.0283289	0.338609	0.00890849	0.077198	0.0731355	0.0176201	-0.0296308	0.0686318	-0.0271285	-0.0141875	0.0136991	-0.00717819	0.0348916	-0.000949518	-0.0117439	-0.00712526	-0.0111865	0.0198661	
0.0883781	-0.0143328	-0.0094543	0.423649	-0.0208554	-0.0269751	-0.0294239	0.348085	0.0103101	0.186255	0.0539816	0.0101927	-0.029468	0.0683627	-0.0264482	-0.0139965	0.0270994	-0.00503486	0.0406209	0.000417859	-0.0141461	-0.00707118	-0.0141384	
0.0738347	-0.0132581	-0.00900657	0.490347	-0.0208248	-0.0260987	-0.0295817	0.343005	0.00489289	0.200013	0.0623648	0.0182283	-0.0333984	0.0825081	-0.0281722	-0.0128078	0.0187694	-0.00676689	0.0291108	-0.00567401	-0.01025	-0.0072095	-0.00461651	
0.049485	-0.0100651	-0.00900657	0.492567	-0.0194231	-0.0272766	-0.0306267	0.368431	-0.00629727	0.140728	0.0921219	0.0045401	-0.0318089	0.0825774	-0.0268754	-0.0189192	0.0226495	-0.00496235	0.0335398	-0.00168551	-0.0118705	-0.00252042	0.000165992	-0.00900657	
0.0659499	-0.0104456	-0.00900657	0.422302	-0.0188165	-0.0263952	-0.0311737	0.35561	-0.00295373	0.203444	0.062369	0.00824105	-0.0321523	0.0805492	-0.0251466	-0.00680219	0.0226495	-0.00744529	0.0315445	-0.000170139	-0.00341943	-0.00251045	-0.0043638	
0.0862146	-0.0125815	-0.0078289	0.397264	-0.0216884	-0.0237141	-0.0286358	0.356788	-0.00253222	0.210098	0.0536645	0.010054	-0.0318582	0.0633285	-0.0239793	-0.00800556	0.0195704	-0.00386311	0.0323427	0.00354822	-0.00914917	-0.00133278	0.00129362	-0.0149292	0.00961467	
0.063911	-0.0109314	-0.0111578	0.372906	-0.0190377	-0.0270823	-0.0278287	0.354493	-0.0032791	0.184055	0.0250727	0.00439988	-0.0310517	0.0993415	-0.0274027	-0.00877802	0.0185497	-0.00423546	0.0373513	-0.00665598	-0.0150325	-0.00292137	0.000463005	-9.65543e-05	
0.0828222	-0.0120706	-0.01239	0.462625	-0.0169404	-0.0251133	-0.0291004	0.394266	0.00441803	0.232503	0.0575635	0.0101674	-0.0328983	0.107252	-0.0274077	-0.0127317	0.0139663	-0.00233992	0.0444868	-0.00332387	-0.0135446	-0.00418173	-0.00488439	-0.01247	
0.0647994	-0.0147947	-0.010996	0.419518	-0.0199335	-0.0287843	-0.0273238	0.359249	0.0058583	0.112146	0.0438086	0.0170988	-0.0352405	0.129931	-0.0290321	-0.0182288	0.0182581	-0.00614833	0.0259996	-0.00487307	-0.0146025	-0.0116816	-0.0106027	
0.0505314	-0.0118132	-0.00844222	0.549364	-0.0180319	-0.0262244	-0.02844	0.355381	-0.0118726	0.126163	0.10008	0.0206597	-0.0338946	0.0987209	-0.0282005	-0.021419	0.0213791	0.000423435	0.022986	-0.00342397	-0.00466158	-0.00495178	-0.00727591	0.0103406	-0.00188553	
0.0543975	-0.010445	-0.00998057	0.45557	-0.0183146	-0.0254669	-0.0327922	0.32701	0.0135066	0.162145	0.152708	0.0175733	-0.033507	0.101545	-0.0253877	-0.0111682	0.0160094	-0.00607039	0.0311927	0.00546525	-0.010267	-0.00509212	-0.0139546	0.00586808	
0.0645119	-0.0151401	-0.0118877	0.527583	-0.019248	-0.0284569	-0.0310098	0.322369	-0.00624919	0.164856	0.116192	0.00323828	-0.0352248	0.16425	-0.0301031	-0.0205859	0.0203789	-0.00647825	0.0276937	0.00127851	-0.0139774	-0.00488879	0.00293571	
0.0702316	-0.0105677	-0.0114923	0.417786	-0.0190826	-0.0270482	-0.0277497	0.330457	0.00613322	0.145677	0.151407	0.0132661	-0.0324604	0.142014	-0.0297043	-0.0243812	0.031358	-0.00556529	0.0237283	0.00128455	-0.0136353	-0.00632983	-0.00374335	
0.0621644	-0.0141904	-0.0112796	0.465035	-0.0175792	-0.0261021	-0.0321402	0.365223	-0.00117128	0.146644	0.203476	0.00666364	-0.034175	0.124096	-0.0287035	-0.0140504	0.0282202	-0.00501977	0.0181102	-0.00123541	-0.0137989	-0.00219624	-0.0120053	
0.060259	-0.0141259	-0.0112186	0.368148	-0.00929083	-0.0236574	-0.0319636	0.364552	-0.00518871	0.221553	0.160152	0.00825925	-0.0323547	0.0861194	-0.0291049	-0.0178419	0.0177711	-0.00732351	0.0715898	0.00847322	-0.0161502	-0.000719544	-0.00658079	
0.0648508	-0.0132861	-0.00982551	0.448371	-0.0166668	-0.0263616	-0.0326917	0.364552	-0.00328686	0.12911	0.15463	0.0171305	-0.0334172	0.0763002	-0.0288188	-0.0105854	0.0171309	-0.00356262	0.0276515	-0.00204293	-0.0154986	-0.00616967	-0.00690374	
0.0571763	-0.017355	-0.0100025	0.422814	-0.0136596	-0.0277074	-0.0327449	0.311669	-0.000530325	0.101887	0.130843	0.011124	-0.0359615	0.0615965	-0.0291075	-0.0193179	0.0291675	-0.00765535	0.06289	0.000843272	-0.0156756	-0.00685895	-0.00432476	-0.00765826	
0.0700151	-0.0124029	-0.0102124	0.405377	-0.0175188	-0.0272941	-0.0323163	0.328995	0.00263482	0.0977336	0.1546	0.00641223	-0.0324672	0.0932888	-0.0271193	-0.0169111	0.0300159	-0.0118949	0.0512556	-0.00559811	-0.0160501	-0.00273856	-0.00431359	-0.0177589	
0.0537509	-0.0142217	-0.0105676	0.498833	-0.0193909	-0.0284214	-0.0302485	0.328391	-0.00535421	0.234219	0.113531	0.004067	-0.0345064	0.111075	-0.0274745	-0.0144543	0.0422442	-0.00871121	0.0620262	-0.00256895	-0.0171683	-0.00481691	-0.00562563	
0.0447327	-0.0141964	-0.00780011	0.399387	-0.0199584	-0.0268756	-0.0295226	0.329094	-0.00676302	0.154328	0.152544	0.00584909	-0.0344828	0.0803043	-0.0287981	-0.0175523	0.0340817	-0.00322975	0.0631355	-0.00186618	0.00123401	-0.00161611	0.0121709	
0.0415704	-0.0145137	-0.00928396	0.428578	-0.0172419	-0.0261306	-0.0309459	0.348786	0.00302422	0.196064	0.151024	0.00510266	-0.0324946	0.105332	-0.0272125	-0.00900807	0.0216074	-0.00524958	0.0774678	-0.0055501	-0.0054735	-0.00159119	-0.00967029	
0.0666085	-0.0138347	-0.00731398	0.521808	-0.020705	-0.0260707	-0.0310858	0.334932	-0.0171901	0.104566	0.10388	0.00689406	-0.0326255	0.120999	-0.0271313	-0.0131852	0.021507	-0.00440238	0.0145054	-0.00305655	0.00072795	-8.85993e-05	0.00244592	-0.000579574	0.0542678	
0.0702914	-0.0160271	-0.0104871	0.513107	-0.0185808	-0.0247995	-0.0301068	0.333962	-0.00206835	0.123642	0.153818	0.000375313	-0.0347508	0.154205	-0.0277168	-0.0142078	0.029113	-0.00649212	0.0300071	-0.00433684	-0.00936573	0.00551961	-0.00503236	0	
0.0594731	-0.015158	-0.0110767	0.438726	-0.0174473	-0.0275381	-0.0298531	0.331161	-0.000338123	0.190894	0.126161	0.00563368	-0.03005	0.0825392	-0.0281156	-0.0155192	0.0337635	-0.00826582	0.0369468	-0.00587896	-0.00726494	0.00227489	-4.6347e-05	-0.00801482	0	
0.0850013	-0.0156026	-0.0112892	0.389843	-0.0190311	-0.0213324	-0.0251214	0.331161	0.00233896	0.155443	0.123408	0.00761342	-0.0311755	0.10714	-0.0272188	-0.0174094	0.0300653	-0.0105448	0.0200847	-0.00255407	-0.0113487	0.00150568	-0.00927	-0.0397147	0.0567951	
0.077872	-0.0163788	-0.0119225	0.582678	-0.0168937	-0.0250498	-0.030249	0.319151	-0.00796251	0.114549	0.149522	0.00711866	-0.0351813	0.141176	-0.0271447	-0.0186891	0.0409919	-0.00797037	0.0674244	0.00110977	-0.00883545	0.000872397	0.00167271	-0.00299101	
0.0466735	-0.0163788	-0.0113138	0.396413	-0.0170733	-0.0256672	-0.0287941	0.315294	-0.00404298	0.167752	0.145649	0.0028883	-0.0317734	0.131507	-0.0273554	-0.0159626	0.0280304	-0.00795078	0.0656526	0.000536739	-0.00225747	-0.000452821	0.00404715	
0.0645013	-0.0169055	-0.0113138	0.475339	-0.0187287	-0.0253663	-0.0324594	0.355608	-0.0246725	0.118547	0.105826	0.00682395	-0.0355595	0.0926049	-0.0295525	-0.00935881	0.0215736	-0.00730534	0.0408347	0.000336964	-0.0077227	-0.00511333	-0.00540321	-0.254863	0	
