0.251792	0.175734	0.021565	-0.0410857	0.127314	0.318554	0.185774	-0.012745	0.47968	0.0797605	0.00859214	0.0117931	0	0	-0.011041	0	0	0	0	0	0	0	0	0	0	0	0	0	0	0	0	0	0	0	0	0	0	0	0	0	0	0	0	0	0	0	0	0	0	0	0	0	0	0	0	0	0	0	0	0	0	0	0	0	0	0	0	0	0	0	0	0	0	0	0	0	0	0	0	0	0	0	0	
0.251792	0.175734	0.021565	-0.0410857	0.127314	0.318554	0.185774	-0.012745	0.47968	0.0137761	0	-0.011041	0	0.0524918	-0.0217942	0	0	0.00216156	-0.016703	0.0904226	0	-0.0367364	-0.00263755	0.00597626	0	0.00530331	-0.000863659	0.00274471	0	-0.0264801	0	0	0	0	-0.0182747	-0.0445813	0	0	0.0382725	-0.0181712	0	0	0.153225	-0.00312614	0.0244736	0.0457279	-0.00456514	0	-0.021201	0	0	0.0480258	0	-0.00856423	0	0.0364221	0.109657	0.0434589	0.00728684	0	0	0.0421842	0	-0.00427732	-0.0432618	0.00780685	0.0258812	0.0163582	0.0265563	0	0	
0.25023	0.175734	0.021565	-0.0494937	0.0939621	0.318554	0.185774	-0.012745	-0.00916068	0.0598133	-0.011041	-0.00682342	0.0259023	-0.0122912	-0.00468262	-0.00850163	0.0988306	0	0.0693826	-0.00263755	0.0318333	0.0261767	0.0458118	-0.00252852	0.00274471	-0.0058588	-0.017082	-0.00939822	0.0668398	0.0378021	-0.0235792	-0.0472139	0	-0.0214523	-0.0392443	0.0781852	-0.00535308	0.0244736	-0.0580037	0	0.00162602	0.47968	0.0557243	0.0154885	0.0541327	0.0186913	0.0658963	0.10709	-0.00913849	0.00728684	0.0190817	0.0601576	0.0502126	0.00990242	0.003656	0.00820511	0.0264326	0.0163329	0.0265563	-0.00693964	0.0526348	
0.25023	0.167919	0.021565	-0.0494937	0.0939621	0.318554	0.215306	-0.0235614	0.0754092	0.00446652	0.0598133	0.0215936	0.0186913	0.0527936	-0.029618	0	-0.0114378	0.00167711	0.0988306	-0.069775	0.167761	0.0307525	0.000951431	0.00234026	0.036637	0.00274471	0.0367163	-0.0300365	-0.00109591	0.0521676	-0.0169724	0	-0.064682	-0.0404907	0.0244736	0	0.0408809	0.47968	0.0557243	0.0637229	0.0541327	0.0658963	0.0599079	-0.0441454	0.0490436	0.0673971	0.0259829	0.00990242	-0.0197044	-0.0718767	0.0327664	0.0264326	0.00981911	0.0265563	-0.00682342	0.0183067	
0.25023	0.167919	0.021565	-0.0494937	0.0939621	0.318554	0.215306	0.0715603	0.070455	0.0598133	0.0215936	0.0186913	0.0681723	0	0.0142666	-0.0381583	-0.0114378	0.0242455	0.0988306	-0.0430391	0.102969	0.00338444	0.000951431	0.00995128	-0.0304447	-0.00682342	0.235081	0.107436	-0.0300365	-0.00109591	0.0521676	-0.0467326	0.0726392	-0.0235614	0.0183117	0.516626	0.0557243	0.0369338	0.0541327	0.120548	0.0244736	-0.0363756	0.0711921	-0.00867988	-0.0404907	0.107177	0.0107568	0.0264326	-0.0718767	0.0327664	-0.0197044	0.00274471	0.00981911	0.0265563	0	0.0450958	
0.25023	0.120548	0.021565	-0.0494937	0.0939621	0.298204	0.216507	0.0619449	0.177134	0.0925499	0.0161281	0.0201552	0.090389	0	0.0389138	0.0225838	0.156416	-0.0376756	-0.00644681	0.0242455	0.125193	-0.0616147	-0.042861	0.00338444	-0.00936002	0.00859053	0.147131	0.235081	0.0358851	0.0521676	-0.0438801	-0.000802514	-0.0235614	0.516626	0.0557243	0.0398423	-0.02854	0.000273146	0.0780706	0.224873	0.0103572	-0.0404907	0.107177	0.0107568	0.0582889	-0.0718767	-0.0531222	-0.0147448	0.0541327	0.0306706	0.0265563	0	0.0228962	
0.25023	0.120548	0.021565	-0.0494937	0.0939621	0.324252	0.0521676	0.0483679	0.00898149	0.168213	0.0570045	0.0181169	0.0156879	0.206291	-0.000802514	0.00473008	-0.0562065	0.156416	0.0111077	-0.00644681	0.0242455	0.125193	-0.0446511	-0.01427	-0.0319164	-0.0219015	0.00810506	-0.048877	0.0515083	0.191205	-0.0412421	0.216507	-0.0235614	0.516626	0.0557243	0.0477913	-0.010429	0.000273146	0.0952226	0.16484	-0.0216396	-0.0367088	0.107177	-0.0186627	0.068957	-0.0374274	-0.026976	-0.0465227	0.0758949	0.0395918	0.0265563	0	0.0228962	
0.25023	0.173631	0.191205	-0.0494937	0.0952354	0.324252	0.0521676	0.0820473	0.448921	0.3514	0.0644461	0.0228962	-0.0335475	0.200951	-0.0214272	0.16484	-0.0322012	0.165002	-0.00361272	-0.00110611	0.0378377	0.216507	0.0300175	0.0377707	-0.0445254	-0.0219015	0.00810506	0.097618	0.0903612	-0.0412421	-0.0235614	0.564435	0.0609695	0.0477913	0.125193	0.0204541	0.00364819	-0.0159525	0	0.0162023	-0.049868	0.107177	-0.0186627	0.0544111	0.0166233	-0.017987	-0.0465227	0.0395918	0.0332831	-0.00897639	
0.30241	0.126591	0.246994	-0.0495409	0.0952354	0.324252	0.0521676	0.0820473	0.492509	0.771577	0.0228962	-0.0239841	0	-0.0190003	0.16484	-0.00660118	0.0706407	-0.00110611	0.0628863	0.216507	0.081744	0.112464	-0.0404764	0.00937464	0.00546222	0.0609695	0.0998832	0.0492186	-0.0412421	-0.0235614	0.541682	-0.00497599	0.0376983	0.12524	0.0247088	-0.0286033	-0.0159525	0.159963	0.16619	-0.0390853	0.0916293	-0.0301488	0.0544111	0.10835	-0.0330443	-0.0322134	0.0266806	0.0332831	-0.00897639	
0.30241	0.0970046	0.246994	-0.0495409	0.0952354	0.310681	0.0521676	0.0820473	-0.0235614	-0.0289137	0.373683	0.651581	0.0205057	-0.00332604	0	-0.0034018	0.180798	-0.0773951	0.0706407	-0.00110611	0.216507	0.00128511	0.468051	-0.0146691	-0.00507932	0.0027104	0.0474649	0.0471486	0.0492186	0.0803645	0.0715951	0	0.541682	0.200833	0.0412821	0.12524	0.0117895	-0.0286033	-0.0159525	0.159963	0.0983967	-0.0390853	0.21853	-0.0301488	0.0544111	0.127651	0.0334479	-0.0336438	-0.00222292	0.0367102	-0.00897639	
0.23863	0.132598	0.133934	-0.0495409	0.0741051	0.337949	0.0521676	-0.00897639	-0.0235614	0.0188186	0.0542332	0.418525	0.0112428	-0.00332604	0.541682	-0.0325207	0.180798	-0.0529959	0.112093	-0.0119909	0.187561	0.00128511	0.468051	-0.00442357	0.0720198	0.0188855	0.054104	0.0471486	0.0770361	-0.00490551	0.0412821	0.131534	0.0117895	-0.0159982	0.00517778	0.159963	0.047347	0.0170057	0.318582	-0.0301488	0.0544111	0.147631	0.0252124	-0.0281845	0.0341128	0.0640885	
0.23863	0.224314	0.190564	-0.0495409	0.0741051	0.285864	0.0091716	-0.00897639	-0.0235614	-0.0289781	0.0653137	0.108081	0.439002	0.0112428	-0.0325207	0.180798	-0.0613176	0.112093	-0.0119909	0.134967	-0.0283391	0.23579	0.04302	0.215197	0.548518	0.0720198	-0.00741173	0.054104	0.0370959	0.0701874	0.165538	0.0238057	-0.0159982	0.00517778	0.159963	0.047347	0.0970311	0.192218	-0.0301488	-0.0113013	0.0691504	0.0252124	-0.0534439	0.0341128	0.0644818	
0.228683	0.253944	0.0889439	-0.0469347	0.0942406	0.28847	-0.0114068	-0.0209552	0.0111199	0.0502552	0.288761	0.492019	0.0471916	0.0175072	0.0205058	0.183405	-0.0175466	0.0702536	-0.0344894	0.137574	-0.0326736	0.247143	0.0541298	0.31214	0.519218	0.074626	-0.00480551	0.0567102	0.0397021	0.0727936	0.1674	0.0264119	-0.0109075	-0.0123515	0.162569	0.106504	0.096544	0.214616	-0.0275426	-0.00977985	0.0455236	0.174087	-0.0491783	0.0192323	0.067088	
0.254457	0.253944	0.0706633	-0.0570205	0.0848033	0.266885	0.0340071	-0.0114068	-0.023599	-0.0344142	0.112936	0.243735	0.00377622	0.0363637	-0.0176434	0.183405	-0.0254744	0.0702536	-0.0344894	0.041173	-0.00969265	0.153306	0.0541298	0.31214	0.519218	0.0938229	0.0135748	0.0183343	0.0337616	0.067088	0.0192323	0.0571359	0.194439	0.0264119	-0.01459	0.131407	0.162569	0.0444494	0.147075	0.214616	-0.0275426	-0.00977985	-0.0439459	0.2799	-0.0520829	
0.254457	0.253944	0.0399201	-0.036723	0.0848033	0.266885	0.0622468	-0.0114068	0.00301284	-0.0497046	0.147673	0.172526	0.00377622	0.0135975	-0.0354979	0.24789	-0.0114955	0.10048	-0.0344894	0.0938655	0.000723602	0.134717	0.0523876	0.31214	0.429483	0.0491672	0.0135748	0.0768383	0.0337616	0.067088	0.0192323	0.023588	0.0571359	0.174141	0.0264119	-0.0074065	0.106265	0.162569	0.0334508	0.316713	0.257295	-0.0340487	0.00933598	-0.0279786	0.447703	-0.0519111	
0.254457	0.253944	-0.0513159	-0.036723	0.084729	0.266885	0.0654035	-0.0114068	0.00301284	-0.0609926	0.208097	0.172526	0.0494219	0.0402778	-0.0107903	0.24789	0.0790644	0.10048	-0.0400646	0.166003	-0.058785	0.147704	0.0523876	0.209819	0.429483	0.0890443	0.0135748	0.0798599	0.0345328	0.0600199	0.0192323	0.176906	0.0264119	0.0571359	0.001642	0.0172274	0.162569	0.00100552	0.415472	0.257295	-0.0308144	-0.0378652	0.0078877	0.113299	-0.0400642	
0.254457	0.253944	-0.0527455	-0.036723	0.110626	0.250318	0.0654035	-0.0114068	0.00301284	-0.0486348	0.0346796	0.206689	0.00798054	0.0292193	-0.00185931	0.267724	0.0627128	0.0466185	-0.0283974	0.0564223	-0.0712275	0.147704	0.100963	0.284835	0.429483	0.0690542	0.0135748	0.0144629	0.0345328	0.0600199	0.0288116	0.176906	0.0295579	0.0424272	-0.0438144	-0.00561534	0	0.001642	0.201168	0.162569	0.0548534	0.214406	0.252111	-0.0117539	-0.0495299	0.0737582	0.114265	
0.249102	0.264728	0.0482964	-0.036723	0.110626	0.250318	0.0619495	0.00234429	0.00301284	-0.0229803	0.0171368	0.28926	0.00798054	0.00265981	0.0155642	0.263024	0.0549432	0.0466185	-0.0378968	0.0687112	-0.0861767	0.246773	0.110297	0.46053	0.429483	0.0192691	0.0135748	0.00422828	0.0345328	0.0586595	0.0336026	0.176906	0.0295579	0.000179004	-0.0438144	0	-0.00460868	0.201168	0.162569	0.0371767	0.214406	0.252111	-0.0117539	-0.0495299	0.230105	0.140239	
0.249102	0.220918	0.0396464	-0.036723	0.110626	0.234823	0.0203679	0.204385	-0.00473461	-0.0189648	-0.0229969	0.309588	0.00798054	0.00265981	0.00369292	0.268682	0.00769926	0.0328075	-0.0452174	0.107732	-0.0946881	0.299249	0.137352	0.0135748	0.429483	0.0541943	0.00391903	-0.0143501	0.0345328	0.0586595	0.0133638	0.176906	0.0295579	0.0103887	-0.0288358	0.284746	0	-0.0370116	0.01687	0.201168	0.162569	0.0667496	0.214406	0.278475	-0.0271864	-0.0495299	0.138254	
0.249102	0.220918	0.0377159	-0.036723	0.110626	0.234823	0.0433813	0.204385	-0.00764413	0.0631587	-0.0264186	0.199783	0.0326478	0.00265981	0.00369292	0.268682	0.0289133	-0.00115231	-0.0452174	0.107732	-0.0991564	0.294003	0.125502	0.0135748	0.401134	0.0541943	-0.00686797	-0.00672723	0.0345328	0.0586595	0.0186661	0.176906	0.0295579	0.031752	-0.0453094	0.214014	0.138254	0.01687	0.243182	0.162569	0.0667496	0.0309635	0.345971	-0.0355639	-0.0460225	
0.249102	0.189656	0.0114341	-0.0372566	0.110626	0.315325	0.0433813	0.313211	-0.0204257	0.0822814	-0.0255881	0.335403	0.0326478	0.0126029	0.00520591	0.282829	-0.0394753	-0.021172	-0.0429023	0.199585	-0.101034	0.279492	0.125502	0.0169169	0.401134	0.035211	-0.00686797	-0.00672723	0.0177154	0.0527708	-0.00594885	0.17744	0.0295579	0.031752	-0.0584245	0.345935	0.155806	0.0374036	0.00597524	0.243182	0.182056	0.0348893	-0.00787217	0.345971	-0.0378816	
0.249102	0.189656	0.0114341	-0.043986	0.152166	0.208215	0.0717082	0.226649	-0.0198965	0.112381	0.0233146	0.326857	0.0326478	0.0325786	0.00520591	0.282829	-0.0218887	0.011588	-0.0595468	0.202614	-0.093191	0.273445	0.125502	0.0169169	0.426786	0.035211	-0.00686797	-0.00672723	0.00514478	0.0527708	0.00259729	0.184169	0.0340621	0.031752	-0.0130792	0.409873	0.0724897	0.0374036	-0.0226996	0	0.0562561	0.182056	0.0348893	-0.0164914	0.366266	-0.0241427	
0.249102	0.189656	0.0114341	-0.043986	0.152166	0.208215	0.0741484	0.213921	-0.0304771	0.0982968	0.0804693	0.395057	0.0124359	0.038857	0.00520591	0.282829	-0.0191932	0.011588	0	0.202614	-0.0684758	0.30324	0.0563227	0.0338728	0.426786	0.00381012	-0.0150302	-0.0181486	0.0700568	0.0527708	0.0470103	0.184169	0.0528271	0.031752	-0.0130792	0.623483	-0.0452171	0.0374036	-0.0226996	0.0562561	0.0425639	0.199013	0.135481	0.0118451	0.203486	-0.0241427	
0.249102	0.230956	-0.043986	0.166565	0.208215	0.130416	0.209938	-0.0319265	0.0709694	0.143958	0.693487	-0.000754325	0.038857	0.00520591	0.322279	-0.046067	-0.0230016	-0.0191038	0.202614	-0.0684758	0.357476	0.0563227	0.0368437	0.426786	-0.000702151	-0.0150302	0.00915162	0.0700568	0.0527708	0.0547971	0.184169	0.0528271	0.031752	0.0650175	0.473089	-0.0452171	0.0374036	0.00854794	0.115278	0.0839257	0.199013	0.0747146	-0.00137943	0.179717	-0.0264388	
0.249102	0.15996	0.0305089	-0.043986	0.103735	0.190994	0.130416	0.191922	-0.0307971	0.031752	0.173625	0.849273	0.0248491	0.0764647	-0.0223532	0.394661	-0.021928	-0.022171	-0.058644	0.120171	-0.0783059	0.255326	0.0844711	0.0368437	0.376447	-0.000702151	-0.0226078	-0.0398028	0.0700568	0.0527708	0.0547971	0.0917968	0.0528271	0	0.0737978	0.824344	-0.0479262	0.0374036	-0.0066757	0.331175	0.0608407	0.199013	0.0747146	-0.0465937	0.238115	-0.0194155	
0.249102	0.256052	0.0305089	-0.043986	0.103735	0.190994	0.170094	0.191922	-0.0307971	0.0691866	0.0647354	0.681925	0.0233336	0.035901	-0.0223532	0.394661	-0.0397092	-0.0213612	0.376447	0.120171	-0.0893809	0.255326	0.0844711	0.027581	-0.023309	-0.0226078	-0.0127079	0.0700568	0.0527708	0.0392149	0.149307	0.0528271	0.0550969	0.430196	-0.0484468	0.017558	-0.050851	0.152663	0.174497	0.199013	-0.0118443	0.0365724	0.0935758	-0.0215598	0.238115	
0.249102	0.138133	0.155249	-0.043986	0.139668	0.223434	0.170094	0.375596	-0.0307971	0.0684085	0.065473	1.07865	0.0233336	0.0136829	-0.0257794	0.394661	0.00426508	-0.0487005	0.399654	0.0715653	-0.0871135	0.255326	0.0844711	0	-0.0158571	0.0490693	-0.0226078	-0.0467796	0.182158	0.0527708	0.0286651	0.149307	0.0588035	-0.0383272	0.478967	-0.0484468	0.017558	-0.0157011	0.211	0.0764742	0.1127	0.199013	-0.0179292	0.0452606	0.00569643	
0.284606	0.138133	0.188849	-0.043688	0.139668	0.138984	0.170094	0.375596	-0.0284187	0.071582	0.291257	1.13302	0.0400058	-0.0172529	-0.00934584	0.394661	-0.0145964	-0.0246512	0.317304	0.0715653	-0.0984185	0.255326	0.0844711	-0.035068	-0.0144649	0.0833332	-0.0226078	-0.0467796	0.182158	0.060001	0.0286651	0.143596	0.0588035	0.0434221	0.462428	-0.0590053	5.18647e-05	0.0138934	0.211	0.117636	0.0941785	0.195232	-0.00160454	0.0637244	
0.239894	0.138133	0.188849	-0.043688	0.139668	0.246227	0.218293	0.445887	-0.0284187	0.0789077	0.15722	1.85446	0.0729244	-0.0172529	-0.0205147	0.431815	0.0078686	-0.0261273	0.389957	0.00804121	-0.00160454	0.315197	0.0844711	-0.0557293	-0.011459	0.0833332	-0.0226078	-0.05521	0.138512	0.060001	0.0299278	0.185351	0.0521593	0.00577811	0.481981	-0.0534878	0.000343955	0.00401068	0.0868551	0.108677	-0.013184	0.209909	0.0637244	0.0276761	
0.239894	0.148828	0.188849	-0.043688	0.0956657	0.238982	0.128826	0.330982	-0.0284187	0.0789077	0.199573	1.64771	0.0729244	-0.0172529	0.431815	-0.0237552	-0.0146851	0.0006131	0.389957	0.00738469	-0.00160454	0.315197	0.0844711	-0.0353488	0.0833332	-0.0226078	-0.0584132	0.11307	0.060001	0.0371973	0.185351	0.0521593	0.0396495	0.0312694	0.481981	-0.0514354	-0.000136102	0.0902286	0.104109	-0.00979922	0.2085	0.00252685	
0.239894	0.171407	0.191509	-0.043688	0.0956657	0.150134	0.108959	0.330982	-0.0132311	0.0789077	0.115421	1.32568	0.0974357	-0.0172529	0.431815	-0.0574383	0.0412539	0.0006131	0.389957	0.00659488	0.0152876	0.21824	0.0805483	-0.0375662	0.0430469	0.0833332	-0.0226078	-0.0293966	0.142911	0.060001	0.0244295	0.16544	0.0162074	0.0516678	0.481981	-0.0531204	-0.0213376	0.0348245	0.0327914	0.0786919	-0.009232	0.2085	
0.239894	0.0995883	0.191509	-0.043688	0.0956657	0.234623	0.148292	0.384571	-0.0265817	0.0789077	0.191379	1.24222	0.0974357	-0.0161677	0.352152	0.00157885	0.0412539	0.00883056	0.439822	0.00911797	-0.00569043	0.179031	0.0805483	-0.0191586	0.0568749	-0.0242219	0.0510097	0.142911	0.060001	0.0220901	0.16544	0.0227212	0.0806286	0.0394249	0.436998	-0.0531204	-0.0171643	0.0406942	0.0614999	0.112979	-0.0134731	0.2085	
0.239894	0.0995883	0.145622	-0.0628167	0.0956657	0.112057	0.11931	0.384571	-0.0265817	0.0358743	0.191379	1.2308	0.0432258	0.0167798	0.337984	-3.50409e-05	0.0145003	-0.0210668	0.419602	0.00911797	0.00324859	0.179031	0.0956932	0.0492243	0.0379606	-0.0173061	0.0367994	0.16503	0.0398039	0.0272976	0.183111	0.0459648	0.0806286	0.0369249	0.355411	-0.0459429	-0.0211096	0.0406942	0.0534345	0.165912	-0.0134731	0.221109	
0.239894	0.102446	0.200677	-0.0628167	0.108221	0.223867	0.158514	0.384571	-0.0382749	0.00935413	0.231584	1.24134	0.0904548	0.0325556	0.337984	0.0365786	-0.042446	-0.0228777	0.419602	0.133463	-0.000538887	0.192443	0.0987405	0.271119	0.0317797	-0.0173061	-0.00520762	0.147647	0.0398039	0.0272976	0.214017	0.0482734	0.0486437	0.0369249	0.353624	-0.0459429	0.00956332	0.00651191	0.0734759	0.165912	0.031528	0.221109	0	
0.260574	0.102446	0.200677	-0.0591288	0.108221	0.223867	0.213252	0.370559	-0.0382749	-0.00129745	0.464809	0.66584	0.0761246	0.0397022	0.337984	0.0526222	-0.00596626	-0.0420568	0.419602	0.141534	-0.00346643	0.15296	0.0987405	0.0979926	-0.0364157	-0.018304	-0.00520762	0.147647	0.0398039	0.0272976	0.258013	0.0482734	0.0687498	0.0989418	0.366279	-0.0459429	0.00289525	-0.0343785	0.0596092	0.165912	0.128471	0.233597	0.00258865	0.0254423	
0.260574	0.0395379	0.31804	-0.0591288	0.108221	0.24359	0.166288	0.370559	-0.0322665	-0.00129745	0.693683	0.348065	0.0194859	-0.0115895	0.337984	0.0526222	-0.0101478	-0.0420568	0.386451	0.118559	0.00480481	0.14735	0.0987405	0.0979926	0.0139186	-0.00334701	-0.00520762	0.172236	0.0179248	0.0682784	0.258013	0.0482734	0.0687498	0.0989418	0.259794	-0.0528351	0.00289525	-0.0343785	0.033692	0.214605	0.142258	0.233597	-0.0365811	
0.260574	0.0347763	0.342377	-0.0591288	0.116892	0.170642	0.136845	0.554986	-0.0322665	-0.00129745	0.710926	0.25324	0.0194859	-0.0491668	0.337984	0.0526222	-0.0545455	-0.0420568	0.404573	0.0462261	0.00480481	0.157012	0.0987405	0.0979926	0.0121367	-0.00606889	-0.00520762	0.172236	0.0156527	0.00624037	0.265319	0.0482734	0.0687498	0.104744	0.593922	-0.0528351	0.00289525	0.0195544	-0.0608434	0.187257	0.0874148	0.233597	0.0422546	
0.260574	0.0347763	0.217991	-0.0591288	0.0968113	0.247798	0.104306	0.462658	-0.0322665	0.0121702	0.193566	0.87034	0.0194859	-0.0491668	0.286671	0.0191531	-0.0320101	-0.0215017	0.439247	0.0938389	-0.00142238	0.157012	0.165923	0.160348	0.0121367	-0.00606889	-0.0383908	0.172236	0.0156527	0.00624037	0.265319	0.0482734	0.090057	0.0981824	0.441279	-0.0528351	0.00289525	0.0189781	0.0390431	0.152127	0.0146098	0.263579	
0.266726	0.0490543	0.217991	-0.0591288	0.0968113	0.253003	0.104306	0.471016	-0.0322665	0.0121702	0.036534	0.299607	0.017417	-0.0534759	0.286671	0.0307765	-0.0374978	0.0695484	0.439247	0.110301	-0.00142238	0.314902	0.213135	0.137761	0.107979	-0.0166456	-0.0385324	0.172236	0.0597723	0.00624037	0.265319	0.0482734	0.090057	0.213656	0.454902	-0.0528351	-0.0320005	0.0178397	0.041921	0.109481	0.0904416	0.263579	-0.0568867	
0.266457	0.152634	0.152139	-0.059398	0.096542	0.252734	0.028788	0.347899	-0.0325358	8.26679e-05	0.00137786	0.271584	0.0360931	-0.0537452	0.290303	0.00263368	0.0191722	0.0207896	0.438978	0.0384659	-0.0216376	0.203956	0.171984	0.0525733	0.107709	-0.0169149	-0.0388016	0.240111	0.059503	0.0059711	0.265319	0.0480041	0.122123	0.166781	0.543336	-0.0582089	-0.0322698	0.0175705	0.113078	0.0980231	0.151118	0.26331	
0.257143	0.135227	0.213409	-0.059398	0.096542	0.256213	0.0655869	0.466571	-0.0325358	8.26679e-05	0.126959	0.50051	0.0672972	-0.0389563	0.346421	-0.0344986	0.00587922	-0.0275971	0.425011	0.110566	-0.00486165	0.203956	0.171984	0.0217125	0.0829464	-0.0169149	-0.0388016	0.240111	0.0812367	0.0059711	0.265319	0.0250036	0.122123	0.11798	0.490148	-0.0607481	-0.00212414	-0.016322	0.101586	0.0646204	0.183257	0.26331	
0.233797	0.136393	0.190968	-0.0597357	0.096542	0.256213	0.069903	0.578447	-0.0277362	8.26679e-05	0.246007	0.319577	0.070282	-0.0231584	0.312212	-0.0316823	-0.012073	-0.0204699	0.425011	0.155371	-0.0287322	0.314746	0.163205	-0.0236325	0.145501	-0.0169149	-0.0264398	0.240111	0.0938777	0.0059711	0.244637	0.0250036	0.122123	0.0822053	0.155363	-0.0475655	-0.0208659	-0.022145	0.0259792	0.142995	0.183257	0.245896	
0.233797	0.0999258	0.202056	-0.0597357	0.096542	0.183217	0.0171891	0.496283	-0.0277362	0.00165092	0.11088	0.50284	0.0555571	-0.0212222	0.312212	0.036307	-0.012073	0.0113132	0.425011	0.0872892	-0.0359086	0.200568	0.163205	0.00565101	0.0450363	-0.0169149	0.0401048	0.235972	0.0857398	0.0242816	0.244637	0.0224589	0.122123	0.0902428	0.336616	-0.0544818	-0.00868552	-0.022145	0.106839	0.0645817	0.174997	0.245896	0	-0.0098078	
0.233797	0.157439	0.173163	-0.0597357	0.0909968	0.180837	0.0247363	0.381326	-0.0277362	0.00407715	0.117413	0.381808	0.0519222	-0.0369132	0.312212	-0.0179227	0.030518	0.0113132	0.425011	0.122457	-0.0499472	0.18715	0.163205	0.0821471	0.107535	-0.0169149	0.0646484	0.251061	0.103745	0.0242816	0.160875	0.0224589	0.122123	0.0194064	0.307715	-0.0544818	-0.00868552	-0.0291681	0.135676	0.0645817	0.158626	0.245896	0	
0.235134	0.123819	0.267897	-0.0566196	0.0923343	0.211456	0.0598894	0.541397	-0.0303281	0.00541471	0.174252	0.348853	0.0532598	-0.0123936	0.377128	-0.0165851	0.00226811	0.0126507	0.337935	0.131099	-0.0351385	0.188488	0.164543	0.130717	0.251068	-0.0155773	0.0449336	0.252398	0.105083	0.0135667	0.22733	0.0237965	0.120786	0.0552357	0.309053	-0.0456116	-0.00734796	-0.0278306	0.105017	0.0419436	0.159964	0.247233	
0.235134	0.0997642	0.267897	-0.0534251	0.0923343	0.211456	0.0272431	0.333407	-0.0352299	0.0230051	0.51877	0.46429	0.0363596	-0.0123936	0.365472	0.124396	0.0078508	0.0332243	0.358005	0.0382468	-0.0351385	0.188488	0.164543	0.0597349	0.0314354	-0.0155773	0.0451522	0.252398	0.105083	0.0161106	0.204736	0.0237965	0.120786	0.100803	0.0987039	-0.0456116	-0.0101784	0.00155273	0.100075	0.0704189	0.214029	0.272282	
0.235134	-0.0177737	0.271712	-0.0517492	0.0923343	0.211456	0.0359997	0.488699	-0.0359763	0.035956	0.548488	0.461995	0.0675004	-0.0312365	0.365472	0.130873	-0.0410837	0.0320691	0.36064	-0.00640079	-0.0364789	0.15752	0.17202	0.240581	0.0532708	-0.0337355	0.144201	0.236204	0.105083	-0.0023824	0.20306	0.0286425	0.120786	0.176857	0.163334	-0.0456116	0.0012307	-0.0440385	0.195406	0.0553745	0.244627	0.272282	0	
0.235134	-0.0177737	0.207586	-0.0517492	0.108896	0.211456	0.0250235	0.396751	-0.0353029	0.0439896	0.489243	0.665062	0.0675004	-0.00657686	0.365472	0.114925	-0.0517136	0.0300896	0.367224	-0.0427736	-0.0328105	0.19728	0.17202	0.38058	0.0337075	-0.0163917	0.144201	0.236204	0.142901	-0.0023824	0.228518	0.0273569	0.120786	0.144173	0.21292	-0.052668	0.0012307	-0.0339861	0.178844	0.0744529	0.190258	0.250373	0	
0.236683	0.0683457	0.175146	-0.0568877	0.108896	0.211456	0.0666879	0.695189	-0.0270925	-0.00225916	0.247183	0.818355	0.0675004	-0.0253517	0.365472	0.118753	-0.0365102	0.0300896	0.332982	-0.00179035	-0.0419571	0.19728	0.17202	0.400506	0.00160316	-0.0372803	0.144201	0.236204	0.142901	0.00903723	0.215902	0.0273569	0.112605	0.132846	0.241853	-0.0585421	-0.0176032	-0.0339861	0.178844	0.0489954	0.140089	0.250373	
0.236683	-0.00931826	0.175146	-0.0568877	0.101019	0.216713	0.0684901	0.695189	-0.0270925	0.0236988	0.375974	0.536289	0.0667467	0.0179749	0.392787	0.0969002	-0.0365102	0.00357693	0.279278	0.0558777	-0.0419571	0.163339	0.201269	0.369868	0.0603242	-0.0267233	0.214019	0.217238	0.142901	0.00903723	0.210617	0.0481566	0.112605	0.213929	0.205497	-0.0585421	-0.0176032	-0.0446235	0.186417	0.00398775	0.140089	0.250373	0.0150427	
0.236683	-0.00686379	0.19155	-0.0568877	0.101019	0.217031	0.0862785	0.853969	-0.0270925	0.0236988	0.442629	0.0808065	0.0643809	-0.032311	0.315935	0.0408461	-0.0637226	0.00357693	0.279278	0.112996	-0.0419571	0.146455	0.201269	0.221811	0.130548	-0.028832	0.171478	0.217238	0.142901	0.00903723	0.205127	0.0454819	0.112605	0.213929	0.205497	-0.0502377	-0.0176032	-0.0440735	0.255643	0.000204087	0.191336	0.250373	
0.236683	-0.0245134	0.295587	-0.0621181	0.101019	0.223771	0.0862785	0.817378	-0.0270925	-0.0125042	0.368285	0.026967	0.0673607	-0.0238054	0.348559	0.0624441	-0.0654407	-0.0228512	0.290134	0.112996	-0.0419571	0.128357	0.192452	0.206176	0.130548	-0.028832	0.186305	0.217238	0.142901	0.0508786	0.210358	0.0530437	0.129192	0.213929	0.355773	-0.0502377	0.00892096	-0.0252922	0.0841838	-0.00175242	0.23351	0.253528	0	0	0	
0.223478	0.056767	0.451682	-0.0621181	0.101019	0.223771	0.0862785	0.86026	-0.0273105	0.018342	0.472436	0.235074	0.0673607	-0.00634609	0.34845	0.0393379	-0.0525832	0.006881	0.290134	0.0205088	-0.0298213	0.128939	0.192452	0.0867942	0.0531339	-0.028832	0.225007	0.256509	0.139362	0.0316776	0.247922	0.0530437	0.129192	0.213929	0.329753	-0.0502377	0.00509766	-0.043928	0.0604765	-0.00175242	0.168963	0.253528	-0.0196622	
0.254325	0.060203	0.472826	-0.0621181	0.101019	0.223771	0.0197104	0.86026	-0.0311469	0.0297771	0.731352	0.138387	0.0673607	-0.036678	0.34845	0.0532809	-0.0170026	0.00192199	0.253306	0.114965	-0.0247365	0.151343	0.192452	0.0867942	0.084714	-0.0349789	0.246086	0.161989	0.139362	0.0149667	0.176484	0.0366799	0.125249	0.233202	0.338554	-0.0502377	0.00509766	-0.0238038	0.159483	-0.00498103	0.187389	0.253528	-0.0196622	
0.230467	0.060203	0.343532	-0.0621181	0.0994338	0.235678	0.073753	0.86026	-0.0311469	0.0267568	1.09524	0.31923	0.0468543	-0.0420678	0.34503	0.0354462	0.0244179	0.0332497	0.310466	0.114965	-0.0307438	0.151343	0.192452	0.153816	0.0122711	-0.0349789	0.100036	0.161989	0.139362	0.0425239	0.215711	0.028594	0.125249	0.180454	0.169382	-0.0414006	0.00509766	-0.0185127	0.173784	-0.025977	0.106817	0.253528	-0.019631	0	
0.230839	0.0403756	0.343532	-0.0626015	0.0994338	0.235678	0.073753	0.932526	-0.0384696	-0.0103603	0.716069	0.962701	0.0468543	-0.0420678	0.34503	0.0359151	0.0267666	0.000289435	0.310466	0.123138	-0.0123958	0.183159	0.142484	0.204171	0.0811739	-0.0349789	0.105253	0.183164	0.14539	0.0425239	0.1991	0.0350428	0.125249	0.162966	0.167097	-0.0423475	-0.0244723	-0.0336441	0.0871313	0.00974458	0.234198	0.253528	-0.019631	
0.230839	0.0403756	0.29202	-0.0626015	0.140126	0.235678	0.0881373	1.06633	-0.0242509	-0.0194856	0.749168	0.962701	0.0468543	-0.0518341	0.410652	0.0532238	0.0448715	0.000289435	0.340754	0.14282	-0.022436	0.181862	0.142484	0.312321	0.08195	-0.0349789	0.0676057	0.226453	0.14539	0.0425239	0.1991	0.00642808	0.134039	0.0900571	0.230709	-0.0396983	-0.0244723	-0.00650776	0.237891	-0.0127327	0.136474	0.27015	0.00166879	0.00583901	0	0	
0.230839	0.0952695	0.276286	-0.0626015	0.0957666	0.191554	0.0881373	0.681481	-0.0410935	-0.0218566	0.749168	0.40916	0.0468543	-0.0518341	0.448769	0.0532238	0.00527833	0.00319821	0.340754	0.18367	-0.0398817	0.181862	0.142484	0.450911	0.036923	-0.0349789	0.146578	0.182628	0.14539	0.0333216	0.1991	0.00642808	0.134039	0.065242	0.20298	-0.0515137	-0.0244723	-0.0397108	0.28225	0.0106132	0.136474	0.27015	-0.0270386	-0.0109857	0	0.0831061	0	0	
0.230839	0.0972758	0.276286	-0.0626015	0.0957666	0.261342	0.105208	0.502663	-0.0410935	0.0422352	0.773508	0.442204	0.0285279	-0.0113618	0.450446	0.00385735	-0.0339127	-0.0151997	0.338139	0.179972	-0.0329213	0.166997	0.142484	0.355543	0.0369495	-0.0349789	0.0268499	0.182628	0.14539	0.0333216	0.1991	0.00481699	0.134039	0.0383121	0.20298	-0.0515137	-0.0244723	-0.045805	0.196563	0.0106132	0.0916879	0.27015	-0.04165	0.0970445	0.191338	
0.246658	0.0972758	0.276286	-0.0626015	0.157792	0.252817	0.102113	0.502663	-0.0387278	0.030304	0.743606	0.313248	0.0466627	-0.0359465	0.411504	0.0124705	-0.0321807	-0.0141017	0.338139	0.0910147	-0.0349033	0.170772	0.142484	0.26009	0.100064	-0.0294187	-0.0301921	0.193029	0.14539	6.01667e-05	0.211286	0.00481699	0.127362	-0.0361911	0.237239	-0.0515137	-0.0301499	-0.00787157	0.070847	-0.0103994	0.0720957	0.27015	-0.04165	-0.0831902	
0.246658	0.16832	0.234981	-0.0695418	0.157792	0.261094	0.0253783	0.434422	-0.0387278	0.030304	0.743606	0.506231	0.0586013	-0.05183	0.411504	0.0402233	-0.00890802	-0.0546063	0.280861	0.119404	-0.0349033	0.249923	0.142484	0.164019	0.0331494	-0.035905	-0.0634864	0.202167	0.14539	6.01667e-05	0.212109	0.0210775	0.127362	-0.0454128	0.293828	-0.0517123	-0.0276049	-0.0373494	0.070847	0.0142299	0.158491	0.252916	-0.0391219	0.00641617	-0.0805825	
0.246658	0.0334715	0.230862	-0.0695418	0.158909	0.192142	0.0277401	0.449064	-0.0473975	0.0298639	0.666636	0.475996	0.0479951	-0.0446328	0.411504	0.0402233	0.00455125	-0.0261258	0.280861	0.119404	0.00488826	0.210684	0.0967312	0.117691	0.106693	-0.035905	-0.0413383	0.202167	0.148995	0.030295	0.183924	0.0210775	0.127362	0.00233774	0.125633	-0.0517123	-0.0276049	-0.0438927	0.294247	0.0306792	0.170833	0.252916	-0.0376903	-0.0382985	
0.246658	0.0527213	0.230862	-0.0681611	0.158909	0.192142	0.0277401	0.460786	-0.0643393	0.0203968	0.770853	0.503699	0.00720858	-0.00268235	0.408138	0.020368	0.0401513	-0.00783361	0.280861	0.0925042	0.00488826	0.217501	0.107589	0.315732	0.0932475	-0.035905	-0.0611158	0.202167	0.148995	0.0143685	0.182543	0.0210775	0.127362	0.0102015	0.1241	-0.0517123	-0.0224046	0.0200632	0.294247	0.0149442	0.170833	0.252916	-0.0376903	0.102681	
0.221281	0.0576201	0.176685	-0.0681611	0.158909	0.153577	0.0636855	0.468927	-0.0643393	0.0227098	0.446068	0.741365	0.0713072	-0.0108712	0.408138	0.020368	0.0439505	-0.0546684	0.261014	0.0722437	0.0267988	0.28895	0.0967351	0.264216	0.0797861	-0.035905	-0.00933784	0.202167	0.148995	0.0143685	0.182543	0.0235818	0.127362	-0.066622	0.238504	-0.0517123	0.00256231	0.0200632	0.156382	0.0592481	0.192628	0.252916	-0.0302757	0.240816	0.124777	
0.221281	0.00575081	0.176685	-0.0654034	0.153736	0.195981	0.0636855	0.513991	-0.0769471	0.0227098	0.550109	1.3736	0.0200256	0.0048986	0.408138	-0.0279594	0.0339933	-0.0538925	0.286777	0.15004	-0.0154772	0.28895	0.087625	0.165621	0.135546	-0.0311987	-0.0472839	0.171194	0.148392	0.0143685	0.211109	0.026987	0.136761	-0.066622	0.206934	-0.0517123	-0.0230777	-0.0375163	0.15546	0.00570685	0.192628	0.252916	-0.0299595	0.240816	0	
0.221281	0.00575081	0.176685	-0.0654034	0.153736	0.195981	0.107502	0.515374	-0.0754727	0.090102	0.804315	0.946941	0.0200256	-0.0364944	0.408138	0.0098177	0.0177286	-0.0231672	0.286777	0.262496	-0.0171136	0.274153	0.093102	0.124246	0.135546	-0.0311987	-0.0368986	0.159617	0.148392	0.0320256	0.169285	0.026987	0.136761	-0.0356289	0.206934	-0.0573677	-0.0250998	-0.0235479	0.187052	0.00570685	0.233911	0.252916	-0.0360646	-0.00297636	
0.221281	0.0238035	0.13565	-0.0667471	0.153736	0.216511	0.0651416	0.415761	-0.0777435	0.090102	0.610984	1.33869	0.018376	-0.0498531	0.408138	0.0545749	-0.0351499	-0.05634	0.260509	0.0716794	0.0138695	0.274153	0.093102	0.0533039	0.0618755	-0.0185768	-0.0558066	0.159617	0.148392	0.0320256	0.170629	0.0115496	0.141884	-0.0207808	0.149943	-0.0573677	-0.00807179	-0.0354405	0.187052	0.00468526	0.115259	0.252916	0.0190454	0	0	-0.0129407	
0.197807	0.0236622	0.22612	-0.0668884	0.138348	0.21637	0.0650003	0.557533	-0.0857293	0.0899607	0.815827	1.11841	0.0182348	-0.0219078	0.452198	0.0818749	-0.0352912	-0.0646188	0.260368	0.21815	0.0137283	0.274011	0.0929608	0.265289	0.0455703	-0.018718	-0.0786071	0.159475	0.14825	0.0318843	0.157889	0.0118593	0.141743	0.0297735	0.149802	-0.0471572	-0.00821305	-0.0236569	0.247894	0.0213113	0.210312	0.252774	0	0.00784449	0.0704455	0	
0.201129	0.0817831	0.218298	-0.0635664	0.14167	0.219692	0.0849042	0.504499	-0.086725	0.0932827	0.601582	0.498026	0.027495	-0.0180771	0.45552	-0.023408	-0.0572136	-0.0594511	0.141797	0.106476	-0.0124565	0.277333	0.0926717	0.288281	0.0581682	-0.0181907	-0.0559552	0.162798	0.151572	0.0352063	0.157889	0.0151813	0.145065	0.0330955	0.153124	-0.0438352	0.00235318	-0.0127533	0.153143	0.0246333	0.213634	0.256096	0	-0.0297265	0.00332201	
0.22711	0.09028	0.143772	-0.0512733	0.139099	0.209497	0.140014	0.501928	-0.0892962	0.0693897	0.599011	0.523708	0.0203622	-0.0404044	0.452949	-0.00607299	-0.0162068	-0.040362	0.139226	0.083364	-0.0243694	0.246998	0.0901005	0.342701	-0.0282299	-0.0207619	-0.0745737	0.152876	0.149001	0.00695356	0.122718	0.0361742	0.142494	0.0880443	0.0249372	-0.0536035	-0.000218016	-0.0304371	0.14589	0.0679284	0.126781	0.253525	0.000750814	
0.187789	0.09028	0.143772	-0.0512733	0.143234	0.19666	0.121382	0.610086	-0.0892962	0.0693897	0.549569	1.12361	0.0265389	-0.0318522	0.51133	-0.00403075	-0.0592456	-0.036569	0.119383	0.102254	-0.0243694	0.246998	0.0235042	0.261726	-0.0581204	-0.0207619	-0.0626894	0.107694	0.147546	0.0340101	0.122718	0.0154224	0.142494	0.0880443	0.0864858	-0.0536035	-0.00918429	-0.0647842	0.141755	0.0679284	0.105294	0.253525	
0.187789	0.0942851	0.147219	-0.0512733	0.143234	0.19666	0.121382	0.610086	-0.0900081	0.130344	0.728652	1.19367	-0.0013791	-0.00149105	0.416902	-0.00879318	-0.0592456	-0.0410914	0.148201	0.0957537	-0.0243694	0.282426	0.0143926	0.151534	-0.0538291	-0.0207619	-0.00279528	0.087671	0.147546	0.0340101	0.118324	0.0115831	0.142494	0.116581	0.0918084	-0.0536035	0.00360626	-0.0647842	0.000721149	0.0851089	0.0156186	0.246516	
0.187789	0.0173679	0.147219	-0.0512733	0.109094	0.184342	0.121382	0.610086	-0.0891216	0.129226	1.00402	1.19367	-0.0013791	-0.00443053	0.416902	0.0765173	-0.0146976	-0.0175738	0.148201	0.19209	-0.0243694	0.299769	0.00409962	0.0896101	0.0304334	-0.0193325	0.0372467	0.111066	0.147546	0.0340101	0.11827	0.0230808	0.141497	0.114519	0.254404	-0.0540129	-0.00415377	-0.0739824	0.105052	0.0261387	-0.0129601	0.257285	
0.187789	0.135585	0.242194	-0.0512733	0.151533	0.167071	0.051896	0.586063	-0.0824159	0.0968936	0.882826	1.10053	0.0458211	0.0170921	0.416902	0.0280621	0.0359193	-0.00851305	0.157787	0.215971	-0.0243694	0.259947	0.0140334	0.155423	-0.0305443	-0.0193325	0.00868644	0.111066	0.171518	0.0167469	0.142362	0.017823	0.141497	0.184206	0.215129	-0.0540129	-0.0245072	-0.0462949	-0.0426677	-0.0363971	-0.0310542	0.257285	0	
0.204122	0.158215	0.127116	-0.0512733	0.139615	0.2056	0.0413667	0.506259	-0.0922812	0.101965	0.459791	2.11331	0.0521027	0.00188142	0.414622	-0.0413917	0.0359193	-0.00851305	0.170537	0.16075	-0.0243694	0.290022	0.0172156	0.0847894	-0.0222098	-0.0193325	0.0677326	0.0676337	0.171518	0.0283542	0.142362	0.017823	0.141497	0.152635	0.279128	-0.0558195	-0.000114242	-0.0632649	-0.0307504	0.0609867	0.0159484	0.206005	-0.0464689	
0.204122	0.220315	0.161259	-0.0512733	0.139615	0.19725	0.0694149	0.60431	-0.0892845	0.125422	0.459791	2.63525	0.0521027	0.00516426	0.414622	0.0098725	0.0326149	-0.0136964	0.176903	0.16075	-0.00875454	0.197793	0.00258087	0.0819284	-0.085142	-0.0275419	0.0321657	0.0956595	0.171518	0.0163757	0.124501	0.030004	0.141497	0.112594	0.279128	-0.0558195	-0.000114242	-0.0498944	-0.0458092	0.0107572	-0.00426465	0.224229	
0.204122	0.197234	0.143793	-0.0512733	0.106177	0.180972	0.0694149	0.287602	-0.0811053	0.153511	0.587739	2.64176	0.0521027	0.000710244	0.414622	-0.0338349	0.0684248	-0.042541	0.176903	0.0557617	-0.00875454	0.197793	0.00258087	0.0819284	-0.0591345	-0.0275419	0.107022	0.0997344	0.171518	0.0163757	0.124064	0.0389446	0.137885	0.0883459	0.349485	-0.0641362	-0.0183888	-0.0142871	0.0402955	0.0152703	0.0349263	0.224229	0	
0.205419	0.198531	0.145089	-0.0499772	0.107473	0.222556	0.0707111	0.35941	-0.0798092	0.154807	0.553196	1.90153	0.0439654	-0.0348767	0.415918	0.0148617	0.120225	0.0921663	0.303839	0.112658	0.00245334	0.199089	0.00387698	0.10693	-0.0796021	-0.0262458	0.0836456	0.122798	0.172814	0.0176718	0.152137	0.0402407	0.139181	0.0248534	0.36404	-0.0476356	-0.0223607	-0.0166436	0.0305507	0.000730846	0.0121046	0.225525	
0.215311	0.18712	0.21133	-0.0546731	0.107473	0.246804	0.0683585	0.228683	-0.0788903	0.14264	0.553196	1.98802	0.0550575	-0.00930111	0.490898	0.0148617	0.107176	0.0921663	0.278695	0.142117	-0.0271777	0.237089	0.070508	0.118899	-0.0796021	-0.0199223	0.0202136	0.122798	0.172814	0.0503861	0.156833	0.0429623	0.139181	0.0565083	0.538768	-0.0555837	0.00470005	-0.0263004	0.0459749	-0.0476877	0.0360331	0.225525	
0.206838	0.203106	0.156393	-0.0546731	0.0871259	0.208135	0.0683585	0.163361	-0.0788903	0.14264	0.41618	1.54551	0.0550575	-0.0448872	0.490898	-0.0239076	0.029062	0.025089	0.293087	-0.0155307	-0.0271777	0.237089	0.0113308	0.206407	-0.0603493	-0.0199223	0.0558845	0.122798	0.172814	0.00439968	0.16942	0.0429623	0.139181	0.0565083	0.281502	-0.0478083	-0.0103974	-0.0134407	-0.000602515	-0.0355701	0.00166778	0.225525	0.0344645	0	
0.234527	0.191163	0.168185	-0.0518313	0.0969666	0.284238	0.0918365	0.198714	-0.073734	0.14264	0.41618	1.25263	0.0314342	-0.0448872	0.488446	0.00724614	0.0298519	0.0105881	0.280426	0.198217	-0.0265891	0.237089	0.0113308	0.23055	-0.0902736	-0.0199223	0.271655	0.0901727	0.172814	0.00788422	0.122214	0.0429623	0.139181	0.00171078	0.458285	-0.0587582	-0.0128263	-0.0373834	0.00453399	-0.0173876	0.0384225	0.225525	
0.234527	0.346564	0.134149	-0.0518313	0.0828595	0.184947	0.0475652	0.23445	-0.073734	0.127019	0.707392	1.21825	0.0314342	-0.0249526	0.496197	0.00724614	-0.00445546	0.00481059	0.172517	0.198217	-0.0196191	0.228007	0.0470332	0.195205	-0.0892402	-0.0186749	0.345365	0.0927697	0.172814	0.0422642	0.122214	0.0429623	0.139181	0.0382566	0.365356	-0.061864	-0.0128263	-0.032586	0.0876949	-0.0173876	0.0403601	0.225525	0	
0.202963	0.346564	0.134149	-0.0518313	0.0746928	0.196268	0.102622	0.315146	-0.0791621	0.134586	0.83711	1.40679	0.0495949	-0.0103249	0.496197	0.0843606	-0.00660953	0.00481059	0.232878	0.198217	-0.00981521	0.228007	0.054654	0.0776355	-0.0771478	-0.0186749	0.380629	0.0686456	0.173615	0.0388166	0.122214	0.0429623	0.14448	0.0382566	0.365356	-0.0568042	0.00723285	0.0269834	0.0289261	0.0422741	-0.0166898	0.227339	0.0663015	
0.202963	0.441974	0.275699	-0.0518313	0.083659	0.147671	0.0676458	0.291318	-0.0837111	0.134586	0.83711	0.848521	0.0495949	0.0847978	0.496197	0.00237795	-0.0324105	0.00639366	0.190244	0.247825	-0.0109169	0.228007	0.054654	0.190899	-0.0709208	-0.0321991	0.581928	0.0686456	0.173615	0.0300914	0.122214	0.0329407	0.133056	0.0422197	0.365356	-0.0597298	0.00723285	-0.0271765	0.162725	0.0422741	-0.0166898	0.213436	0	
0.194782	0.242804	0.274371	-0.0621434	0.091497	0.121371	0.0663184	0.398009	-0.0850385	0.133259	0.805223	0.474214	0.061308	-0.014348	0.494869	0.0140319	0.00656025	0.0279277	0.158428	0.246497	-0.0122443	0.282618	0.0388476	0.225106	-0.0436268	-0.0335265	0.467619	0.05307	0.172287	0.028764	0.145946	0.0316133	0.131729	0.05148	0.228158	-0.0610572	0.00590544	0.0334428	0.15356	0.0409467	-0.0833411	0.212108	
0.194782	0.241766	0.274371	-0.0621434	0.091497	0.205965	0.0663184	0.398009	-0.0805227	0.133259	0.802628	0.400076	0.061308	-0.0274188	0.494869	0.106375	0.00656025	-0.00014273	0.158428	0.207447	-0.0337185	0.282618	0.0388476	0.107845	-0.061143	-0.038157	0.56866	0.0510741	0.172287	0.028764	0.149109	0.0324394	0.131729	0.129523	0.373596	-0.0480604	0.00132566	-0.0184388	0.15356	0.0409467	-0.0629457	0.212108	
0.194782	0.202387	0.235722	-0.0621434	0.091497	0.205965	0.0663184	0.581615	-0.0805227	0.0782712	0.612551	0.290846	0.0968686	-0.0531616	0.494869	0.0767414	-0.0605706	0.0746333	0.158428	0.27412	-0.0345973	0.215543	0.0559934	0.0564145	-0.0361187	-0.0327697	0.324839	0.0510741	0.16441	0.0133408	0.149109	0.0324394	0.131474	0.129523	0.500238	-0.0680256	-0.0294274	-0.0198944	0.100093	0.0397705	-0.0769058	0.212108	0	
0.194782	0.153268	0.235722	-0.0644878	0.091497	0.119955	0.0663184	0.53031	-0.074401	0.0782712	0.348235	0.445295	0.0780462	-0.0429966	0.494869	0.0640578	-0.0492373	0.0851927	0.158428	0.27412	-0.0375762	0.311852	0.0310303	0.0571269	-0.0361187	-0.0327697	0.407817	0.0510741	0.16441	-0.0116762	0.151453	0.0324394	0.131489	0.123911	0.309304	-0.0659857	-0.0162916	-0.0276956	0.145196	0.0397705	-0.0701581	0.206447	-0.0616247	0	0	
0.256147	0.153268	0.235722	-0.0644878	0.091497	0.207202	0.0668868	0.809688	-0.074401	0.106357	0.237435	0.2644	0.0834684	-0.0483043	0.444563	0.0902606	-0.0492373	0.032353	0.151767	0.27412	-0.0330297	0.278119	0.0310303	0.00742574	-0.0204344	-0.0327697	0.837848	0.0752263	0.16441	0.0507009	0.165032	0.0568938	0.149839	0.123911	0.312003	-0.0659857	-0.0299372	-3.0226e-05	0.207683	0.0390007	-0.0864006	0.206447	
0.256147	0.19949	0.218949	-0.0681712	0.091497	0.207202	-0.010862	0.740976	-0.0695407	0.119474	0.124492	0.33794	0.0514952	-0.0378997	0.444563	0.0490706	-0.0479014	0.0594759	0.17892	0.471691	-0.0554774	0.290628	0.0310303	-0.0688114	-0.0686445	-0.0327697	0.720091	0.00974941	0.16441	0.0238879	0.168716	0.0568938	0.149839	0.120195	0.312003	-0.0659857	-0.0299372	0.0626111	0.252019	0.00960974	-0.0552301	0.206447	0	0	
0.256147	0.145149	0.215914	-0.0681712	0.091497	0.242979	0.00689799	0.722299	-0.0695407	0.119474	0.0102055	0.579235	0.0632374	0.0203671	0.444563	0.0490706	-0.00502608	0.0594759	0.238993	0.320285	-0.0348806	0.290628	0.0310303	-0.0369681	-0.0465087	-0.0374386	0.549022	0.00405491	0.157835	0.0227956	0.168716	0.0568938	0.149839	0.013236	0.257236	-0.0521865	-0.00275092	0.00720139	0.251513	0.00960974	-0.0465232	0.202069	
0.256147	0.232325	0.215914	-0.066076	0.105282	0.192951	0.00867761	0.751822	-0.0695407	0.143243	0.0468122	0.262723	0.0632374	-0.028756	0.444563	0.0647031	-0.0315351	0.0387948	0.238993	0.277053	-0.0348806	0.276527	0.0228591	0.00978852	-0.0509742	-0.0378274	0.542543	-0.00138174	0.163936	0.0227956	0.166621	0.0568938	0.128195	0.0630794	0.435657	-0.0594893	-0.0156557	-0.00793575	0.421869	0.00960974	0.0608585	0.22473	0	
0.256147	0.19552	0.412348	-0.066076	0.105282	0.177838	0.0225057	0.445518	-0.0695407	0.153859	0.353829	0.411126	0.0791605	-0.0480105	0.444563	0.0382951	-0.0315351	0.0890029	0.238993	0.277053	-0.0334431	0.276527	0.00908254	0.124548	-0.0337844	-0.0378274	0.683137	-0.004429	0.163936	0.0119777	0.112748	0.0400194	0.128195	0.0778995	0.449576	-0.0637654	-0.00286518	-0.0106361	0.421869	0.0426572	-0.0723041	0.22473	0.059423	
0.256147	0.19552	0.412348	-0.066076	0.105282	0.177838	0.0320708	0.543442	-0.0695407	0.153859	0.353829	0.224061	0.0747283	-0.0354142	0.444563	0.0573377	-0.0385592	0.0890029	0.249463	0.284893	-0.0176893	0.276527	0.0313627	0.140005	-0.0141916	-0.0244536	0.287394	0.0641254	0.180097	0.00925252	0.135792	0.0400194	0.132081	0.0202393	0.229301	-0.0647948	0.0058238	-0.0393919	0.489503	0.0758861	-0.050851	0.22473	-0.0339273	
0.240813	0.19552	0.412348	-0.066076	0.105282	0.177838	-0.00348057	0.543442	-0.0695407	0.153859	0.13335	0.4628	0.0482226	-0.0533493	0.436547	0.0573377	-0.0666448	0.146923	0.146449	0.265147	-0.0231645	0.276527	-0.00208436	0.149458	0.0246869	-0.0244536	0.211307	0.0359058	0.180097	-0.0124845	0.135792	0.0400194	0.132081	0.00795325	0.229301	-0.0647948	0.0058238	-0.0433905	0.489503	0.0203433	-0.042721	0.22473	0	
0.240813	0.279689	0.546218	-0.066076	0.11041	0.177838	-0.00348057	0.866513	-0.0676172	0.153859	0.13335	0.24135	0.0849683	-0.0460958	0.436547	0.0573377	-0.0406949	0.146923	0.15985	0.187179	-0.0272694	0.268406	0.0406562	0.0279617	0.0395405	-0.0317932	0.232261	0.0135721	0.180097	0.00227232	0.159302	0.0400194	0.132081	0.0451973	0.238748	-0.0613867	-0.00465125	-0.0534104	0.353583	0.0896341	-0.0578042	0.22473	
0.240813	0.22725	0.532063	-0.0687378	0.115862	0.169212	0.0361505	0.506096	-0.0676172	0.153859	0.0636019	0.331062	0.0849683	0.00340353	0.440953	0.0394975	-0.0406949	0.0598573	0.15985	0.187179	-0.0487171	0.270525	0.0552026	0.0202789	-0.0562946	-0.0317932	0.235788	0.0797888	0.180097	0.00227232	0.157498	0.0439798	0.132081	0.0475249	0.580896	-0.048962	-0.0038734	-0.0083785	0.599103	0.0358808	0.0440544	0.224564	
0.2429	0.22725	0.421399	-0.0687378	0.104114	0.169212	0.0500876	0.787096	-0.0713381	0.153859	0.0836325	0.516554	0.0231045	-0.0396116	0.440953	0.0519168	0.00480852	0.0611558	0.15985	0.351362	-0.0108126	0.258753	0.0552026	0.0202789	0.00383467	-0.0317932	0.326095	0.180696	0.180097	0.0441386	0.150651	0.0439798	0.132081	0.0475249	0.641589	-0.0570069	-0.00207458	-0.0311473	0.392902	0.0358808	0.0255489	0.224564	0.052272	
0.2429	0.0922862	0.421399	-0.0687378	0.104114	0.211882	0.12513	0.787096	-0.0713381	0.153859	0.216201	0.565016	0.0585822	-0.0396116	0.440953	-0.000782743	0.00480852	0.0611558	0.226447	0.351142	-0.0321946	0.258753	0.0811437	0.0696083	0.0552831	-0.0317932	0.150366	0.0982704	0.180097	-0.00432357	0.150651	0.0256433	0.132081	0.00319239	0.560199	-0.0570069	-0.0106008	0.0113634	0.393638	-0.00787284	0.0490327	0.224564	
0.244234	0.14494	0.421399	-0.0687378	0.11917	0.19713	0.0757405	0.509806	-0.0713381	0.153859	0.360926	0.32154	0.0131507	-0.0212878	0.440953	0.018113	0.0636506	0.0724161	0.217082	0.351142	-0.0321946	0.258753	0.0811437	0.0696083	0.156045	-0.0317932	0.296685	0.0982704	0.180097	-0.00432357	0.151335	0.0276394	0.132081	0.039486	0.508158	-0.043712	-0.0106008	0.00798886	0.291793	-0.0430683	0.00606442	0.224564	0	
0.219555	0.14494	0.453399	-0.0654543	0.113224	0.220414	0.0344279	0.334484	-0.0712629	0.153859	0.252506	0.537842	0.0131507	-0.0175281	0.440953	0.0640233	0.0443247	0.0724161	0.148072	0.344131	-0.0321946	0.258753	0.0925577	0.0398291	0.256497	-0.0317932	0.46648	0.0982704	0.180097	-0.00432357	0.148051	0.0276394	0.132081	0.0590239	0.508158	-0.0535609	-0.00769893	-0.0249158	0.11647	-0.0555658	-0.0184259	0.224564	
0.243913	0.145542	0.454002	-0.0648516	0.113826	0.221017	0.0350305	0.417887	-0.0825348	0.148168	0.407856	0.480702	0.0358659	-0.0433037	0.464368	0.0936309	0.0246257	0.0907853	0.168176	0.344734	-0.0315919	0.259355	0.0815391	0.0807588	0.2571	-0.0311906	0.37981	0.0988731	0.167101	-0.00372089	0.0732498	0.0329233	0.132683	0.0403444	0.905012	-0.0529582	-0.00709625	-0.0164668	0.0461878	-0.0381275	0.421054	0.219946	
0.243913	0.145542	0.454002	-0.0648516	0.113826	0.221017	0.122719	0.660877	-0.0765356	0.148168	0.619769	0.858934	0.0475903	-0.0433037	0.464368	0.0936309	-0.0280401	0.111234	0.168176	0.364865	-0.00890567	0.167278	0.051871	0.0564322	0.131972	-0.0326433	0.461012	0.0390816	0.167101	0.0633596	0.101151	0.0333457	0.132331	0.0156071	0.674025	-0.0547086	0.000340809	-0.0223856	4.09209e-05	-0.0381275	0.421054	0.225892	0.000232478	
0.235842	0.183208	0.454002	-0.0642379	0.113826	0.200641	0.0405632	0.476486	-0.0826343	0.148168	0.44886	0.62104	0.0475903	-0.0569055	0.464368	0.0981441	0.00434529	0.111234	0.21129	0.364865	-0.0262415	0.185106	0.0827061	0.0706907	0.281943	-0.0326433	0.396702	0.0390816	0.161658	0.0158731	0.0818296	0.0333457	0.132331	0.0156071	0.834529	-0.0449408	0.00771397	-0.0223856	4.09209e-05	-0.0344405	0.421054	0.225892	0	-0.00795723	
0.235842	0.306928	0.454002	-0.0642379	0.113826	0.143547	0.0607396	0.64056	-0.0757258	0.148168	0.894925	0.539456	0.0475903	-0.0968789	0.473407	0.13308	0.00434529	0.0483828	0.21129	0.356221	-0.0262415	0.186338	0.0827061	0.0706907	0.281943	-0.02705	0.521073	0.0390816	0.153861	0.0120121	0.104065	0.0333457	0.144832	0.0518058	0.744502	-0.0449408	-0.018429	0.00548569	-0.0327584	-0.0307877	0.742809	0.225892	-0.0175542	
0.235842	0.306928	0.454002	-0.0642379	0.113826	0.146795	0.0570343	0.460895	-0.0765375	0.148168	0.687152	0.61967	0.0475903	-0.092175	0.498742	0.13308	-0.0444422	0.0163289	0.160354	0.356221	-0.0262415	0.172375	0.0603378	0.054602	0.308833	-0.0225034	0.308023	0.0637023	0.153861	0.0566111	0.0784163	0.0333457	0.144832	-0.0107692	0.800952	-0.0449408	-0.018429	0.00548569	0.0341588	-0.0307877	0.742809	0.225892	
0.235842	0.267463	0.430638	-0.0642379	0.113825	0.146795	0.0570343	0.474222	-0.0765375	0.148168	0.626956	0.283348	0.0610742	-0.092175	0.512885	0.13308	-0.0444422	0.0163289	0.160354	0.29287	-0.00849286	0.259082	0.0180726	0.0473879	0.302733	-0.0225034	0.246132	0.0637023	0.162598	0.0237257	0.0968817	0.0236938	0.144832	-0.0110523	0.800952	-0.0449408	0.0104471	0.0112766	0.0913117	-0.0307877	0.356149	0.225892	
0.235842	0.267463	-0.0671189	0.0919942	0.146795	0.115953	0.474222	-0.0794715	0.148168	0.626956	0.275466	0.0394014	-0.0533778	0.440934	0.136979	-0.00643108	0.431206	0.0997675	0.196661	0.00299225	0.277467	0.0801128	0.067076	0.256835	-0.0477153	0.293745	0.0646132	0.162598	0.0237257	0.0867766	0.0148013	0.144832	-0.00279579	0.516997	-0.0449408	-0.0300153	0.0194419	0.0342762	-0.0307877	0.166227	0.225892	
0.235842	0.227631	0	-0.0671189	0.0959141	0.165959	0.0831677	0.334631	-0.0794715	0.166304	0.594554	0.275466	0.107732	-0.0506567	0.440934	0.0935732	-0.0219207	0.431206	0.13346	0.37583	0.00196468	0.277467	0.0801128	-0.0409219	0.414783	0.067076	0.225892	0.351843	0.0828429	0.162598	0.0237257	0.0827806	0.0148013	0.144832	-0.0150103	0.685044	-0.0569806	-0.0300153	0.0126147	0.0838705	-0.0670075	0.333624	
0.23794	0.204831	0.372139	-0.0632656	0.0909692	0.168057	0.0790743	0.501055	-0.0773739	0.157151	0.596652	0.26092	0.109829	-0.0312363	0.443031	0.0956709	-0.0198231	0.434057	0.222679	0.21193	-0.0154544	0.182525	0.0822104	-0.0275065	0.177766	0.0236154	0.22799	0.0702016	0.164695	0.0258233	0.081025	0.016899	0.14693	-0.0126758	0.687141	-0.0548829	-0.0171814	0.0390479	0.00595241	-0.0515169	0.217085	
0.23794	0.17826	0.217688	-0.0632656	0.0909692	0.146747	0.0745956	0.364874	-0.0773739	0.182074	0.493101	0.140003	0.109829	-0.0118179	0.399037	0.0956709	-0.027026	0.453561	0.203559	0.313015	-0.0154544	0.359175	0.0698283	-0.0275065	0.229864	0.0049775	0.22799	0.0702016	0.164695	0.0258233	0.081025	0.016899	0.14693	-0.013892	0.648986	-0.045245	-0.0159078	0.0474515	0.000604756	-0.0756732	0.104119	
0.239381	0.101506	0.149536	-0.0604874	0.104746	0.146747	0.103077	0.314943	-0.0757543	0.182074	0.386679	0.380097	0.109829	-0.0168703	0.460459	0.101096	-0.0219874	0.343314	0.203559	0.295255	-0.0369341	0.274393	0.0551654	-0.0221312	0.109602	0.0049775	0.22799	0.0702016	0.164695	0.0296523	0.0782468	0.016899	0.14693	-0.013892	0.648986	-0.0477155	-0.0159078	1.93075e-05	0.107777	-0.0643195	0.0973139	
0.233765	0.208857	0.0511873	-0.0671346	0.104746	0.146747	0.112963	0.468388	-0.079378	0.182074	0.522892	0.246667	0.109829	-0.0589681	0.460459	0.0936971	-0.0465269	0.350121	0.282923	0.161041	-0.0369341	0.406694	0.0381221	-0.0221312	0.224269	0.0049775	0.250488	0.0577644	0	0.164695	0.0296523	0.0848939	0.016899	0.14693	-0.00416439	0.586843	-0.0415272	-0.0159078	1.93075e-05	0.102542	-0.0341526	0.197979	-0.0342314	
0.233765	0.08102	0.180015	-0.0632919	0.104746	0.146747	0.112963	0.978584	-0.0808042	0.167479	0.580292	0.197839	0.109829	-0.0412184	0.499478	0.0543086	0.00843109	0.350121	0.282923	0.161041	-0.0369341	0.406694	0.104477	-0.0335371	0.117383	0.00196244	0.250488	0.0577644	0	0.164695	0.0414614	0.0798334	0.0158835	0.14693	0.0473596	0.35804	-0.0605206	0.00998479	0.0098765	-0.0127278	0.0341791	0.151334	
0.233765	0.08102	0.314382	-0.0632919	0.0578174	0.146747	0.0715377	0.978584	-0.0815244	0.206368	0.856688	0.395114	0.109829	-0.0149914	0.462821	0.0543086	-0.0255456	0.350121	0.282923	0.143296	-0.0369341	0.406694	0.104477	-0.0335371	0.117383	0.00196244	0.250488	0.0577644	0.158669	0	0.0385767	0.117045	0.0158835	0.138822	0.0473596	0.332339	-0.0493335	0.00349176	0.00636428	0.114761	-0.00151725	0.0708802	
0.226346	0.08102	0.0726886	-0.0632919	0.0986618	0.243284	0.0689246	1.13191	-0.080093	0.185465	0.637742	0.561633	0.109829	0.00535452	0.462821	0.0543086	-0.0299996	0.369839	0.282923	0.0667083	-0.0369341	0.406694	0.0913007	-0.0335371	0.339808	-0.00968663	0.237301	0.0800297	0.137613	0.0385767	0.0708802	0.0778576	0.00204094	0.138822	0.00374757	0.332339	-0.0476583	-0.00578623	-0.0125613	-0.00471662	-0.00151725	0	
0.229792	0.046208	0.19704	-0.0654459	0.155771	0.204924	0.0689246	1.15356	-0.0860489	0.168929	0.637742	0.536556	0.109829	-0.0311463	0.300591	0.0543086	0.0120894	0.369839	0.343183	0.0667083	-0.0369341	0.406694	0.171213	-0.0335371	0.146603	-0.0174144	0.237301	0.0856019	0.137613	0.0717228	0.0416487	0.135116	0.0325564	0.138822	0.0109868	0.599159	-0.0479017	-0.0163535	-0.0273361	-0.0969154	-0.00151725	
0.211952	0.0845007	0.119223	-0.0656334	0.109515	0.202669	0.00790354	0.925298	-0.0862364	0.168741	0.898747	0.0513967	0.109642	-0.0116868	0.300404	0.0776657	-0.0259243	0.369652	0.356395	0.124753	-0.0381908	0.31103	0.178738	-0.0337246	0.178132	-0.0527623	0.257969	0.0831007	0.163329	0.0715353	-0.0020328	0.110803	0.0288741	0.138635	0.0107993	0.607241	-0.0594165	-0.0364873	-0.00984937	0.0285387	0.00316472	
0.211952	0.0845007	0.000211823	-0.0656334	0.109515	0.202669	0.0559188	0.837382	-0.097471	0.167474	0.646517	0.107685	0.109642	-0.0356985	0.300404	0.089322	-0.0105675	0.369652	0.362824	0.0744566	-0.037972	0.31103	0.178738	-0.0337246	0.152132	-0.0779682	0.257969	0.0831007	0.174465	0.0278427	-0.0020328	0.148009	0.0335883	0.161892	-0.0533842	0.347609	-0.0692147	0.0041375	0.0545222	0.0213908	-0.0247493	
0.211952	0.255906	0.083364	-0.0656334	0.0870751	0.284086	0.064578	0.904853	-0.097471	0.167474	0.142741	0.342382	0.0305075	-0.0532057	0.300404	0.0647083	0.0201608	0.369652	0.475219	0.178191	-0.0383996	0.31103	0.168534	-0.0338975	0.079274	-0.0678416	0.242716	0.0692014	0.149279	0.0369198	-0.0685445	0.15632	0.0236568	0.161892	-0.0219225	0.422199	-0.048832	0.00802791	0.0699973	0.0438305	0.0368964	-0.0428466	
0.211952	0.344444	0.100809	-0.0656334	0.11964	0.190249	0.141359	0.945499	-0.0961592	0.167474	0.261338	0.12816	0.0305075	0.0153435	0.380283	-0.00214955	-0.00671624	0.369652	0.475219	0.103842	-0.0383996	0.31103	0.168534	-0.0338975	0.0368671	-0.0468228	0.242716	0.0692014	0.149279	0.0523376	0.00342114	0.132018	0.00513575	0.161892	-0.00399036	0.378901	-0.0509045	-0.0115193	0.0182714	0.0255502	-0.0221106	
0.211952	0.30023	0.0219838	-0.0672143	0.11964	0.243778	0.0626049	0.945499	-0.0989552	0.171854	0.371628	0.126394	0.00943902	0.0766365	0.433127	-0.00986215	-0.00888848	0.339082	0.475219	0.103842	-0.0389738	0.278455	0.142013	-0.0338975	0.0287974	-0.0351283	0.242716	0.0762234	0.149279	0.054104	-0.0253782	0.133599	0.00513575	0.143545	-0.000954084	0.641487	-0.0509045	0.0311323	0.0304559	0.0725483	-0.0322553	0	
0.211952	0.30023	0.133105	-0.0672143	0.11964	0.259319	0.0559337	0.55912	-0.0991779	0.21157	0.115491	0.0580644	0.0102855	0.0501834	0.433127	0.0403089	-0.00888848	0.339082	0.475219	0.201848	-0.0417341	0.306976	0.13819	-0.035746	0.0105344	-0.0575235	0.225788	0.0800076	0.116003	0.058096	0.0103617	0.136689	0.00513575	0.156062	-0.0318384	0.59224	-0.0509045	0.00838128	0.0197283	0.121508	0.00795797	0	0.199505	
0.211952	0.270297	0.0608383	-0.0672143	0.142646	0.201149	0.0636785	0.61277	-0.0986516	0.149486	0.21569	0.201445	0.0662525	0.0501834	0.433127	0.065342	-0.00155907	0.359781	0.475219	0.279951	-0.0392486	0.306976	0.13819	-0.035746	0.0527295	-0.0384225	0.225788	0.0800076	0.116003	0.0317639	-0.0143451	0.136689	0.00513575	0.156062	-0.0259618	0.626976	-0.0507891	0.00838128	-0.0119968	0.0985023	-0.0527209	0	
0.206724	0.35774	0.0582925	-0.0728025	0.160096	0.201149	-0.0253033	0.809445	-0.0933859	0.149486	0.187283	0.172074	0.0151253	0.0191446	0.433127	0.094481	-0.0474094	0.359781	0.475219	0.20956	-0.0120088	0.223371	0.111253	-0.035746	-0.0121609	-0.0638253	0.193401	0.0764147	0.116003	0.0296249	0.0216735	0.163703	0.00513575	0.164838	-0.0102748	0.495993	-0.05691	-0.000581036	0.0489269	0.138224	-0.0225952	
0.206724	0.35774	-0.0215151	-0.0728025	0.160096	0.233789	0.109673	0.806421	-0.0989605	0.149486	0.391355	0.173636	0.063928	-0.0346002	0.402567	0.0885499	-0.0474094	0.359781	0.475219	0.354906	-0.0120088	0.28207	0.0773084	-0.035746	0.0519817	-0.0574242	0.193401	0.246166	0.114919	0.0293619	0.0932032	0.163703	0.00746892	0.164838	-0.0235792	0.496622	-0.0477684	-0.0115471	0.00920364	0.0840824	0.0236891	0.0081379	
0.220817	0.35774	0.0252554	-0.0728025	0.105835	0.233789	0.109673	0.806421	-0.0989605	0.149486	0.487374	0.0748338	0.00842142	0.0279708	0.402567	0.105739	-0.0474094	0.359781	0.475219	0.19644	-0.0295271	0.260784	0.0773084	-0.035746	-0.00074875	-0.0172202	0.193401	0.194123	0.107649	0.0293619	0.106963	0.121878	0.0219835	0.164838	-0.0447627	0.496622	-0.0566601	-0.0115471	0.00920364	0.0383668	-0.0149487	
0.258337	0.35774	0.110297	-0.0663043	0.105835	0.218521	0.0418638	0.837995	-0.0754815	0.140969	0.410233	0.0657035	0.00842142	0.0279708	0.412631	0.105612	-0.0144237	0.359781	0.465188	0.265523	-0.00805071	0.161756	0.0773084	-0.035746	0.238113	-0.035304	0.193401	0.215498	0.107649	0.0384923	0.150908	0.125085	0.0219835	0.183506	-0.0354965	0.807416	-0.0412294	0.00476319	-0.0431219	0.131498	-0.0099523	
0.258337	0.23555	0.0447224	-0.0645372	0.134754	0.218521	0.0694537	0.588421	-0.0754815	0.124795	0.314729	0.178485	0.0688634	0.0316928	0.362602	0.0941494	0.0101642	0.359781	0.551438	0.26484	-0.00341589	0.257444	0.0773084	-0.0249479	0.0814804	-0.035304	0.193401	0.215498	0.107649	0.0520997	0.150908	0.102037	0.0219835	0.180015	-0.0634045	0.807416	-0.0412294	0.00101961	-0.0431219	0.044917	0.00165249	
0.258337	0.239013	0.165059	-0.0602367	0.12669	0.218521	0.0408056	0.588421	-0.0711324	0.118487	0.222054	0.652662	0.0688634	-0.0134547	0.362602	0.100362	-0.0244221	0.359781	0.551438	0.244093	-0.00341589	0.260979	0.168558	-0.0249479	0.0968719	-0.0714139	0.21332	0.215498	0.107649	0.0389414	0.0596609	0.0977364	0.0219835	0.180015	-0.0358066	0.897857	-0.0561606	0.00725753	-0.0320754	0.058512	0.0187033	
0.258337	0.192007	0.188683	-0.0602367	0.153261	0.218521	0.0925995	0.50059	-0.057737	0.136928	0.341832	0.779198	0.0532514	-0.0367633	0.346652	0.0910392	0.017916	0.359781	0.499071	0.350699	-0.0142431	0.150849	0.106026	-0.0298763	0.0253739	-0.0837128	0.19733	0.215498	0.107649	0.0546594	0.0437678	0.0798971	0.0219835	0.178275	-0.00406789	0.857128	-0.0493231	0.00725753	-0.0312298	0.067378	-0.048842	
0.258337	0.192007	0.108494	-0.0602367	0.193135	0.218521	0.0301568	0.490168	-0.0500226	0.119275	0.144674	0.779198	0.0408096	-0.0208762	0.318257	0.0910392	-0.0149476	0.347223	0.499071	0.297993	0.0077961	0.322851	0.0717323	-0.0378244	0.180354	-0.0983596	0.19733	0.215498	0.107649	0.0546594	0.101892	0.0798971	0.0219835	0.178275	0.0147991	0.525852	-0.0546438	0.0361252	-0.0312298	0.072619	0.011852	-0.00495969	0	0.0211861	
0.258337	0.112532	0.119677	-0.0602367	0.195805	0.1918	0.0674704	0.630228	-0.0500226	0.144798	0.0195707	0.164225	0.0341836	-0.0609471	0.360553	0.0910392	0.00227688	0.347223	0.499071	0.302239	-0.0291727	0.240426	0.0717323	-0.0378244	0.256915	-0.0932277	0.2327	0.215498	0.0912465	0.0415987	0.101892	0.0798971	0.0219835	0.178275	-0.0352408	0.525852	-0.0546438	0.0361252	-0.0898323	0.0667444	0.011852	-0.219427	
0.258337	0.112532	0.0713537	-0.0608503	0.195805	0.243676	0.0546104	0.664565	-0.0574789	0.124423	-0.00497009	0.164225	0.0341836	-0.0609471	0.360553	0.0176945	-0.0178077	0.347223	0.432009	0.294738	-0.0291727	0.240426	0.0717323	-0.0378244	0.0998891	-0.0791443	0.2327	0.215498	0.0912465	0.0415987	0.125836	0.0979956	0.0369038	0.178275	0.000246425	0.561072	-0.0553612	0.0361252	-0.072481	0.0667444	-0.0477548	0.0962006	
0.258337	0.165212	-0.00993817	-0.0608503	0.127284	0.225306	0.059875	0.554551	-0.0570804	0.106332	-0.00497009	0.228906	0.0341836	-0.0586329	0.360553	0.0176945	-0.00864615	0.347223	0.432009	0.100396	-0.0461862	0.278902	0.0717323	-0.0378244	0.121475	-0.0636895	0.2327	0.219194	0.0912465	0.0421667	0.204608	0.126182	0.0253286	0.178275	-0.0142063	0.514482	-0.0553612	0.0361252	-0.0542091	0.20021	-0.0399374	
0.283719	0.11091	-0.0265639	-0.0608503	0.118614	0.249563	0.0883986	0.439864	-0.067047	0.106332	0.189988	0.194894	0.0341836	-0.0586329	0.360553	0.0522183	-0.0230748	0.347223	0.432009	0.145333	-0.0461862	0.300655	0.0280445	-0.0327082	0.183249	-0.0636895	0.2327	0.177268	0.0825227	0.029413	0.204608	0.0760382	0.0253286	0.178275	-0.0732942	0.311895	-0.0504489	-0.00214973	-0.0542091	0.176475	-0.0211101	
0.301333	0.166063	-0.0212228	-0.0604271	0.110686	0.249986	0.163606	0.42509	-0.0666237	0.0937495	0.343198	0.45112	0.0346069	-0.0678247	0.415585	0.054187	0.00742828	0.368358	0.432433	0.0242239	-0.0268121	0.301078	0.0403949	-0.0328474	0.183672	0.0048174	0.233123	0.211854	0.082946	0.0298362	0.237934	0.069448	0.0284885	0.178698	-0.0622489	0.288985	-0.0437217	-0.0110241	-0.0423617	0.212892	-0.0154279	
0.301333	0.166063	0.0416614	-0.0604271	0.11115	0.283011	0.0808244	0.569364	-0.0651525	0.0937495	0.343198	0.263517	0.0346069	-0.0210275	0.432642	0.0228641	0.00810089	0.368358	0.432433	0.0242239	-0.0363453	0.301078	0.0300449	-0.0328474	0.212741	-0.0292713	0.233123	0.211854	0.0817971	0.0298362	0.175216	0.0713168	0.0212661	0.178698	-0.0621879	0.309462	-0.0437217	-0.0110241	-0.00671006	0.0322768	-0.00908321	-0.016069	
0.309461	0.166063	-0.0470541	-0.0604271	0.108137	0.283011	0.0229305	0.580934	-0.0651525	0.0937495	0.303755	0.322234	0.03965	-0.0324742	0.432642	0.0599983	-0.000566627	0.368358	0.418378	0.0531453	-0.0363453	0.210143	0.0393461	-0.0214421	0.128797	0.0236993	0.233123	0.211854	0.0817971	0.0298362	0.271777	0.0713168	0.0298722	0.178698	-0.0510858	0.314249	-0.0403546	-0.0110241	-0.00556978	0.114817	-0.00908321	0	0	
0.309461	0.166063	-0.0216468	-0.060068	0.108137	0.267384	0.0229305	0.580934	-0.0651525	0.0801726	0.915014	0.385632	0.03965	0.00656293	0.461093	0.00217487	-0.000566627	0.368358	0.418378	0.0210268	-0.0363453	0.28472	0.0492232	-0.0214421	0.042775	0.066411	0.233123	0.221746	0.0955571	0.0298362	0.126963	0.0709577	0.0298722	0.178698	-0.0139615	0.238918	-0.060522	0.019741	-0.00556978	0.152323	-0.0516513	
0.309461	0.166063	0.0726128	-0.0624884	0.0853729	0.221169	0.0427683	0.654421	-0.0707449	0.0801726	0.633166	0.385632	0.0545367	0.00807129	0.484893	-0.00458146	0.016679	0.368358	0.387573	0.128101	-0.0221578	0.239508	0.0279151	-0.0393746	0.0541451	-0.00238438	0.233123	0.216692	0.0955571	0.0298362	0.119475	0.0733781	0.0298722	0.175795	-0.0192572	0.453582	-0.0540403	0.0488236	-0.023927	0.175087	-0.0516513	0	-0.0062015	
0.309461	0.216346	0.056931	-0.0703291	0.0751688	0.212979	0.071135	0.532204	-0.0699367	0.102314	0.471247	0.363172	0.0545367	-0.00404608	0.461312	-0.0217168	0.0301359	0.368358	0.419532	0.128101	-0.0305832	0.190426	0.0267797	-0.0393746	0.0026488	-0.00238438	0.233123	0.133289	0.0955571	0.0439336	0.143243	0.0960778	0.0447841	0.175795	-0.034992	0.431905	-0.0540403	-0.00675973	-0.0327769	0.185291	-0.0790688	-0.0317451	
0.309461	0.216346	0.0562824	-0.0703291	0.10201	0.289594	0.071135	0.49325	-0.0699367	0.0652573	0.73353	0.363172	0.0403307	-0.0154798	0.461312	0.0367821	0.0501378	0.368358	0.419532	0.161689	-0.0170249	0.229271	0.0267797	-0.034767	0.0666811	-0.00238438	0.243849	0.0463385	0.0803009	0.0439336	0.176255	0.0784824	0.0447841	0.175795	-0.01472	0.334983	-0.0540403	0.0598174	-0.0327769	0.0500772	-0.0947371	
0.293482	0.233407	0.034748	-0.0703291	0.10201	0.289594	0.0658824	0.539629	-0.0699367	0.0652573	1.23247	0.23118	0.0403307	-0.0508983	0.461312	0.0233759	0.0585308	0.368358	0.419532	0.150196	-0.0170249	0.229271	0.0223504	-0.0263575	0.119705	0.0291476	0.243849	0.0494631	0.09587	0.0439336	0.133116	0.100776	0.0334543	0.175795	-0.0500584	0.30692	-0.0540403	0.0598174	-0.0127903	-0.0075583	-0.0845723	-0.0212209	
0.293482	0.233407	0.14174	-0.0703291	0.114242	0.289594	0.0658824	0.539629	-0.0724958	0.0652573	1.40971	0.332672	0.0247946	-0.0508983	0.461312	0.0437082	0.0779547	0.368358	0.419532	0.0416963	-0.0349259	0.156937	0.019502	-0.0263575	0.0649725	0.0232797	0.243849	0.110191	0.0909536	0.0439336	0.406687	0.100776	0.0334543	0.175795	-0.0355738	0.30692	-0.0585927	0.0598174	-0.0186817	-0.05289	-0.0283075	
0.293482	0.333843	-0.0121349	-0.0710906	0.114242	0.289594	0.0401324	0.795394	-0.0814975	0.0652573	1.40971	0.118162	0.0475457	0.00673395	0.461312	0.0335412	0.131792	0.368358	0.419532	0.132281	-0.0255788	0.156937	0.067225	-0.0373572	0.10465	0.0425451	0.243849	0.135173	0.0909536	0.0312191	0.406687	0.0869395	0.0334543	0.175795	-0.0255684	0.30692	-0.0585927	0.0213643	-0.00568045	-0.0113626	-0.0324788	0	-0.016293	
0.293482	0.333843	0.0821676	-0.0710906	0.0950561	0.289594	0.0625871	1.11377	-0.0806922	0.0892698	1.38714	0.192487	0.0380404	-0.0369428	0.461312	0.0832365	0.125671	0.383693	0.419532	0.125671	-0.0354825	0.211857	0.0567553	-0.0289803	0.199786	-0.0172645	0.243849	0.181705	0.0909536	0.0312191	0.262623	0.0869395	0.0374558	0.175795	-0.0563297	0.392529	-0.0571447	0.0602063	-0.0243574	0.147148	-0.0324788	0.00776876	
0.311956	0.333843	0.135374	-0.0710906	0.128083	0.278597	0.0172164	1.27942	-0.0684339	0.0219044	1.17841	0.485637	0.0380404	-0.0604334	0.412527	0.0784534	0.125671	0.387706	0.419532	0.125671	-0.0391628	0.211857	0.0567553	-0.0296118	0.199786	-0.0219028	0.243438	0.227457	0.0909536	0.0502965	0.344269	0.100445	0.0374558	0.175795	-0.0469174	0.464959	-0.0601192	0.0193799	0.0300385	0.0534534	-0.0324788	0.00880554	0.0748651	
0.273062	0.335652	0.00498744	-0.0610167	0.092614	0.280406	0.0190254	1.41147	-0.075641	0.0810567	0.551749	0.547159	0.0398493	-0.0266614	0.57939	0.0802624	0.0291192	0.389515	0.421341	0.178155	-0.0373538	0.216243	0.081685	-0.0357974	0.311451	-0.0275016	0.245247	0.25787	0.0927625	0.0521054	0.369531	0.0921801	0.0615279	0.173498	-0.0652361	0.466768	-0.0583102	0.0238467	-0.0284139	0.149131	-0.0537254	0.00180894	
0.273062	0.358879	-0.00120702	-0.0628946	0.129609	0.280406	0.0195295	1.41147	-0.075641	0.0543378	0.836999	0.483164	0.0398493	0.00395644	0.443268	0.162507	0.0642334	0.389515	0.362327	0.165131	-0.0301801	0.185811	0.0522851	-0.0350026	0.460197	-0.0275016	0.245247	0.261785	0.0941434	0.05591	0.268921	0.094058	0.0539475	0.173498	-0.00691297	0.70026	-0.0583102	0.0327924	0.0109933	0.128043	-0.0338121	0.0476396	0	
0.273062	0.320719	0.0124826	-0.0628946	0.134077	0.281441	0.0630004	1.41147	-0.0756733	0.0543378	1.04034	0.285746	0.0523045	0.00395644	0.455469	0.085563	0.0735377	0.389515	0.337582	0.322708	-0.0301801	0.185811	0.0522851	-0.0169881	0.460197	-0.0362412	0.245247	0.261785	0.0941434	0.0447514	0.221832	0.137238	0.0539475	0.173498	-0.00797481	0.508605	-0.0470678	0.0370184	0.0197649	0.093575	0.0351449	0.0221113	
0.273062	0.297693	0.00846188	-0.0628946	0.1136	0.264534	0.0975202	1.41147	-0.0717074	0.0543378	1.04034	0.745184	0.0370033	-0.0120587	0.328993	0.00232301	0.0228058	0.389515	0.173902	0.425391	-0.0517545	0.185811	0.0502014	-0.0340553	0.460197	-0.0679529	0.245247	0.261785	0.0941434	0.0420642	0.207453	0.117098	0.0539475	0.173498	-0.0415508	0.508605	-0.0465871	0.0370184	-0.0220212	-0.0125509	0.0351449	-0.00776971	
0.273062	0.297693	0.0863188	-0.0628946	0.1136	0.264534	0.0865873	1.41147	-0.0717074	0.0516209	0.568041	1.07495	0.0122242	-0.0252706	0.328993	0.00232301	0.0158966	0.389515	0.288473	0.272153	-0.0529795	0.185811	-0.00829196	-0.0340553	0.460197	-0.0673903	0.245247	0.266697	0.12364	0.0382126	0.097041	0.126639	0.0539475	0.173498	0.0400108	0.34215	-0.0512811	-0.00256406	-0.0457409	0.0966102	0.00917005	
0.273062	0.167704	0.073319	-0.0696518	0.101542	0.207855	0.0865873	1.34281	-0.0717074	0.0516209	0.220097	1.16912	0.0122242	-0.0119162	0.346636	-0.0279627	0.0508248	0.389515	0.288473	0.272153	-0.0330509	0.185811	0.0173024	-0.0366936	0.454111	-0.0832137	0.245247	0.266697	0.132556	0.0147716	-0.0389954	0.133396	0.0475004	0.173498	-0.0116431	0.434068	-0.0512811	0.0109679	-0.0322005	0.0154524	-0.0104627	0	
0.273062	0.0879897	0.0553938	-0.0696518	0.101542	0.207855	0.090167	1.34281	-0.0888248	0.0372614	0.188641	0.527509	0.0122242	0.0187931	0.350162	0.0350134	0.0107849	0.389515	0.288473	0.289613	-0.0388726	0.185811	0.0358881	-0.0366936	0.29895	-0.0841156	0.245247	0.20923	0.132556	0.0147716	-0.0689009	0.133396	0.0475004	0.173498	0.0220765	0.434068	-0.0443901	0.0109679	0.0169419	-0.0325187	-0.0300305	0	0	0	
0.274726	0.0896546	0.0585418	-0.0586237	0.141842	0.20952	0.0814189	1.43394	-0.094718	0.0703764	0.258984	0.317066	0.0317515	-0.0154624	0.351827	0.0557151	0.00933841	0.39118	0.290138	0.247304	-0.0331012	0.244188	0.0340298	-0.0385731	0.300615	-0.0824507	0.245247	0.195675	0.179944	0.0164364	-0.0421277	0.124033	0.0469564	0.193536	0.0237414	0.545695	-0.0441673	0.0126327	-0.0227465	-0.0672314	-0.0128367	0.00166486	0.0146388	
0.250674	0.0896546	0.0747693	-0.0644043	0.141842	0.305923	0.0338093	1.08696	-0.0944406	0.0703764	0.258984	0.316356	0.00583937	-0.0171272	0.351827	0.0174736	-0.00438905	0.39118	0.290138	0.272217	-0.0516551	0.225686	0.0340298	-0.0385731	0.300615	-0.0732725	0.245247	0.195675	0.179944	0.0162273	-0.011768	0.134989	0.0469564	0.193779	0.0209023	0.644478	-0.0441673	-0.00329254	-0.0184352	-0.0634903	0.0171154	0.00166486	0	-0.0404785	
0.250674	0.0896546	0.128802	-0.0587823	0.136583	0.226283	0.0285501	0.720654	-0.090161	0.0703764	0.235664	0.332906	0.00583937	-0.0304497	0.351827	0.0423148	-0.00802137	0.39118	0.290138	0.404408	-0.0453641	0.225686	0.0477996	-0.0385731	0.240014	-0.075016	0.239977	0.11889	0.179944	0.0244926	-0.0403858	0.129367	0.0425764	0.193779	0.0859411	0.501522	-0.0437145	-0.00329254	-0.0557594	0.00197389	-0.016521	0.00166486	
0.256189	0.1971	0.0473065	-0.0465224	0.142098	0.197009	0.0934028	0.697155	-0.0846461	0.0670387	0.250583	0.282298	0.0539161	-0.0220926	0.265187	-0.00488133	-0.0279164	0.396694	0.254419	0.409922	-0.048989	0.231201	0.0400469	-0.0168197	0.313116	-0.0642339	0.239977	0.149097	0.185458	0.0410232	-0.0445899	0.160931	0.0480913	0.199293	0.0437268	0.675762	-0.040722	0.0022223	-0.0319286	-0.00252484	-0.00759477	0.00717971	0.00134749	
0.256189	0.178875	0.116108	-0.0464196	0.120465	0.212724	0.0934028	0.697155	-0.0846461	0.0401856	0.220006	0.0655567	0.0539161	-0.0260811	0.322914	0.115727	-0.0403063	0.348118	0.259842	0.314206	-0.0324993	0.198847	0.061381	-0.029974	0.313116	-0.0591419	0.223718	0.16505	0.185458	0.0452943	-0.0417209	0.134208	0.0725286	0.199293	0.0503458	0.675762	-0.040722	-0.00136143	-0.00951303	0.0943688	-0.0451445	0.00208771	
0.244808	0.178875	0.164402	-0.0536327	0.120465	0.19837	0.0934028	0.702588	-0.0908698	0.0347468	0.187836	0.19581	0.0513591	-0.0228873	0.308391	0.136619	-0.00953086	0.348118	0.269236	0.424343	-0.0324993	0.202293	0.120803	-0.0233046	0.313116	-0.0258155	0.244687	0.0907019	0.223621	0.036017	-0.0692762	0.191271	0.0725286	0.199293	0.0681311	0.839034	-0.0418402	-0.00434171	-0.0209694	0.039251	0.0595425	0.00208771	-0.0630798	
0.244808	0.095811	0.181822	-0.0536327	0.120465	0.17452	0.129852	0.610971	-0.0767742	0.0347468	0.0479747	0.159787	0.0440117	-0.0228873	0.308391	0.136619	0.0292322	0.386228	0.255533	0.286357	-0.0324993	0.202293	0.147749	-0.0211491	0.313116	-0.0258155	0.244687	0.0907019	0.223621	0.036017	-0.0536128	0.191271	0.0725286	0.199293	0.0523622	0.878919	-0.0405776	-0.0141587	-0.0094497	0.132516	0.175779	0.00208771	-0.0502337	
0.274534	0.095811	0.208027	-0.0536327	0.120465	0.17452	0.0468875	0.742809	-0.0767742	0.0347468	0.0479747	0.0438846	0.0155754	-2.06454e-05	0.266487	0.134857	-0.00592024	0.386228	0.293194	0.442649	-0.0324993	0.173477	0.146124	-0.0211491	0.297926	-0.0561598	0.244042	0.0280489	0.223621	0.036017	-0.0880309	0.191271	0.0553247	0.199293	0.0523622	0.731018	-0.0405776	-0.0174234	-0.0338082	0.0147282	0.046075	0.00208771	0	
0.274534	0.0510672	0.208027	-0.0536327	0.120465	0.17452	0.105531	0.72215	-0.0729002	0.0246196	0.0479747	0.0147232	0.0491243	-0.0483416	0.256477	0.202031	0.00134926	0.386228	0.293194	0.442649	-0.0324993	0.178486	0.146124	-0.0211491	0.321314	-0.0652334	0.24385	0.0176626	0.223621	0.0461732	-0.0880309	0.138863	0.0553247	0.199293	0.0293715	0.731018	-0.0405776	-0.000463285	-0.00914868	0.0700186	0.0989838	0.00227979	
0.274534	0.0510672	0.300075	-0.0524156	0.0903116	0.232471	0.0847755	0.939434	-0.0729002	0.0658272	0.0159239	0.244155	0.0726954	-0.0234563	0.256477	0.160412	-0.0164975	0.386228	0.293194	0.76393	-0.0324993	0.262574	0.0924624	-0.0211491	0.312048	-0.052787	0.24385	0.0176626	0.223621	0.0364855	-0.0957415	0.163538	0.0224735	0.199293	0.0314602	0.617143	-0.0405776	-0.000463285	-0.0409427	0.100172	0.0989838	0.00227979	
0.274534	0.0322695	0.300075	-0.0641645	0.0903116	0.17986	0.0918516	0.939434	-0.0773778	0.0658272	0.0437706	0.349153	0.0225714	0.0150549	0.40514	0.160412	-0.0164794	0.386228	0.293194	0.945789	-0.0399296	0.123439	0.0924624	-0.0209882	0.312048	-0.0524217	0.24385	0.0697682	0.20961	0.0388104	-0.0941402	0.175287	0.0224735	0.200054	0.0688854	0.424674	-0.0555741	-0.000463285	0.003109	0.087828	0.0716474	0.00227979	
0.274534	0.0532643	0.282263	-0.0539432	0.0903116	0.252768	0.0790116	0.743323	-0.0624406	0.0451317	0.161171	0.363983	0.0356966	-0.0149807	0.40514	0.179865	0.016359	0.386228	0.317019	0.857309	-0.0399296	0.131156	0.0320519	-0.0209882	0.294659	-0.0647792	0.24385	0.0851973	0.20961	0.0239804	-0.0880199	0.150085	0.0337194	0.200054	0.0410334	0.424674	-0.0555741	-0.0105695	-0.0403814	-0.0521642	0.0734645	0.00227979	
0.274534	-0.0213782	0.265054	-0.0543394	0.106408	0.241233	0.0712381	0.768918	-0.0675547	0.0453056	0.327838	0.593855	0.0356966	-0.0218394	0.40514	0.0831969	-0.00706482	0.322785	0.368169	0.857309	-0.0393974	0.131156	0.0977124	-0.0209882	0.294659	-0.0739595	0.24385	0.0851973	0.20961	0.0234672	-0.042061	0.150481	0.0337194	0.199086	0.0377005	0.567684	-0.0489115	-0.00735696	-0.00757465	0.0930131	0.0188764	0.00227979	
0.269059	0.0146564	0.265054	-0.0543394	0.106408	0.241233	0.03018	0.516524	-0.0750017	0.051104	0.284235	0.287872	0.0356966	-0.00637465	0.40514	0.0955129	0.0390367	0.322785	0.360372	0.773303	-0.0308331	0.183302	0.061379	-0.00509203	0.294659	-0.0371629	0.248117	0.078032	0.20961	0.069146	-0.0193044	0.150481	0.012266	0.199086	0.0038426	0.806832	-0.0489115	-0.00735696	-0.0267009	0.0930131	0.0188764	-0.00198723	
0.269059	-0.0203801	0.265054	-0.0543394	0.106798	0.241233	0.0505772	0.785224	-0.0750017	0.0579097	0.284235	0.529184	0.0684148	-0.00637465	0.405023	0.140324	0.0230189	0.322785	0.360372	0.773303	-0.0309028	0.235588	0.061379	-0.00509203	0.294659	-0.0182953	0.247524	0.0618608	0.20961	0.0066619	0.00677603	0.131784	0.0313327	0.199086	0.0038426	0.729021	-0.0488512	-0.00444262	-0.0267009	0.092623	0.0764977	-0.00198723	
0.269059	-0.0542554	0.265054	-0.0543394	0.0861438	0.241233	0.0397545	0.7643	-0.0787321	0.0547149	0.228562	0.385301	0.0684148	-0.0301613	0.405023	0.159576	-0.0390328	0.359596	0.360372	0.773303	-0.0236103	0.164918	0.061379	-0.022712	0.215476	-0.0376269	0.247524	0.0529789	0.20961	0.0066619	0.0484233	0.159976	0.0313327	0.199086	-0.0117672	0.729021	-0.0488512	-0.0072435	0.00766503	0.165896	0.174374	-0.00198723	-0.0492989	
0.269059	-0.0400195	0.320977	-0.056879	0.128249	0.241233	0.0687262	0.602793	-0.0738738	0.0547149	0.125306	0.354271	0.0684148	-0.0577381	0.405023	0.136039	-0.0169996	0.359596	0.360372	0.773303	-0.0314445	0.229925	0.061379	-0.00542702	0.215476	-0.0333337	0.228465	0.0529789	0.20961	0.0551382	-0.00497773	0.16919	0.0186583	0.199086	-0.0117672	0.449666	-0.0414206	-0.0072435	-0.0393996	0.00994076	0.0922889	-0.00198723	0	0.00557986	
0.271256	-0.0317534	0.32428	-0.0598614	0.126496	0.24343	0.103521	0.594388	-0.0753245	0.050892	-0.0611245	0.166896	0.0436245	-0.0549215	0.407221	0.138236	-0.0148023	0.361793	0.362569	0.775501	-0.0292472	0.17134	0.0635763	-0.00322975	0.226236	-0.0235302	0.228465	0.0412532	0.211807	0.0392551	-0.000426489	0.203024	0.0208556	0.201284	-0.0224473	0.645597	-0.0392233	-0.00267866	0.000403797	0.0138907	0.0944862	0.000210041	
0.305796	-0.0266324	0.488089	-0.0598614	0.110783	0.293918	0.121256	0.299309	-0.0743251	0.037158	-0.0800685	0.159842	0.0436245	-0.0549215	0.407221	0.138236	-0.0148023	0.361793	0.232277	0.775501	-0.0249742	0.266029	0.0678564	-0.00322975	0.113359	-0.0194237	0.228465	0.0686437	0.211807	0.0392551	-0.0138571	0.158869	0.0208556	0.185676	-0.0224473	0.590035	-0.0457479	-0.00575975	0.000403797	0.0739335	0.193298	0.000210041	0	
0.305796	-0.0224776	0.416024	-0.0598614	0.0942767	0.228288	0.121256	0.148563	-0.0626531	0.037158	-0.0587796	0.666594	0.0765498	-0.0329605	0.361867	0.266543	-0.0148023	0.361793	0.232277	0.775501	-0.0249742	0.146114	0.144179	-0.00322975	0.128922	-0.0369249	0.228465	0.0890048	0.211807	0.0443427	-0.0399131	0.105179	0.0231533	0.185676	0.0249935	0.455268	-0.0404429	-0.00575975	0.0197145	0.0714104	0.193298	0.000210041	0	
0.305796	0.0255055	0.435012	-0.0598614	0.103503	0.228288	0.0675922	0.156686	-0.0626531	0.037158	0.0372361	0.735591	0.0791988	-0.0100001	0.361867	0.141928	-0.0182122	0.361793	0.232277	0.775501	-0.029643	0.135346	0.144179	-0.00322975	0.189256	-0.0340188	0.233503	0.0696849	0.211807	0.0172885	-0.0250037	0.105179	0.0306386	0.185676	0.0765128	0.455268	-0.0328488	0.0124851	-0.0207792	0.0621846	0.109929	0.000210041	0.0689458	-0.0699918	0.0246543	-0.0314425	
0.305796	0.0278892	0.382144	-0.0598614	0.110235	0.164374	0.125684	0.0640264	-0.0617655	0.037158	0.154698	0.430515	0.0656415	-0.000225949	0.361867	0.226547	0.0423243	0.361793	0.26573	0.775501	-0.029643	0.173774	0.150997	-0.00322975	0.139957	-0.0340188	0.233503	0.0647867	0.211807	0.0172885	-0.0440722	0.164881	0.0306386	0.185676	0.0621944	0.455268	-0.0328488	0.0124851	-0.0106591	-0.00346635	0.0354285	0.000210041	0	0	0	0	
0.305796	0.00701738	0.860307	-0.0617536	0.145399	0.164374	0.0409541	0.201285	-0.0617655	0.037158	0.359719	0.168333	0.0529664	-0.0242117	0.361867	0.110967	0.0228991	0.353633	0.22121	0.722807	-0.029643	0.268436	0.0944345	-0.00322975	0.156837	-0.0340188	0.233503	0.0619259	0.211807	0.0172885	-0.0510971	0.166773	0.0306386	0.185676	0.0651393	0.42238	-0.0328488	-0.0108518	0.000363766	-0.00365159	0.0496364	0.000210041	0.0110179	
0.320732	-0.0467383	0.836515	-0.0615304	0.108743	0.164374	0.128267	0.255076	-0.0617655	0.0143114	0.512764	0.364699	0.0529664	0.000301898	0.361867	0.12505	0.0389831	0.353633	0.173983	0.802303	-0.0393155	0.163359	0.0944345	-0.00322975	0.156837	-0.0319328	0.233503	0.0626684	0.196607	0.0428217	-0.0532622	0.0987469	0.0476252	0.185676	0.0951508	0.631821	-0.0328488	-0.00309808	-0.0235468	-0.0094756	0.0350833	0.000210041	0	
0.320732	-0.0294499	0.836515	-0.0650819	0.108743	0.179228	0.128267	0.246415	-0.0669809	0.0264392	0.553583	0.341066	0.0542994	0.00583178	0.361867	0.105174	0.0664192	0.353633	0.188575	0.802303	-0.026001	0.242428	0.0944345	-0.00836849	0.148449	-0.027684	0.230702	0.0626684	0.196607	0.0150754	-0.0500946	0.102298	0.0476252	0.196019	0.0518421	0.631821	-0.0328488	0.000212892	-0.02068	0.0307654	0.0396292	0.00301069	
0.320732	-0.0487083	0.603741	-0.061644	0.108743	0.176202	0.128267	0.141734	-0.0765742	0.0388424	0.49237	0.136812	0.0873469	0.00792963	0.361867	0.117596	0.011924	0.353633	0.188575	0.489983	-0.026001	0.254952	0.0944345	-0.00836849	0.20238	-0.0361896	0.2328	0.0665593	0.196607	0.0150754	-0.0587325	0.100219	0.0476252	0.196019	-0.0117453	0.631821	-0.0328488	0.000212892	-0.0210518	0.091889	0.0913329	0.000912841	
0.320732	-0.0487083	0.383991	-0.061644	0.113266	0.196485	0.128267	0.0548371	-0.0850335	0.0230911	0.405365	0.126566	0.0873469	0.0357756	0.295431	0.108027	0.0409245	0.353633	0.190982	0.460498	-0.026001	0.166495	0.113544	-0.00836849	0.190905	-0.0373087	0.228376	0.0665593	0.206937	0.0253209	-0.0660407	0.132626	0.0476252	0.196019	0.0623266	0.50797	-0.0323529	0.000212892	-0.0291093	0.0873655	0.0913329	0.00533708	-0.00180785	0	
0.320732	-0.0336284	0.47225	-0.0667674	0.116836	0.196485	0.106025	0.0586818	-0.0918136	0.0532749	0.359119	0.140406	0.0873469	-0.017075	0.374235	0.0883803	0.069352	0.353633	0.185928	0.432241	-0.026001	0.331162	0.145505	-0.0130035	0.190905	-0.0335054	0.228376	0.0954481	0.206937	0.0253209	-0.0721312	0.137749	0.0476252	0.19954	0.00964605	0.630042	-0.0323529	0.00387262	0.0181924	0.0391226	0.0913329	0.00533708	-0.0275389	
0.280131	-0.0291413	0.517311	-0.0667674	0.116836	0.233539	0.069545	0.240925	-0.0918136	0.0532749	0.334422	0.302878	0.0873469	0.0102651	0.374235	0.16349	-0.0213785	0.353633	0.185928	0.304213	-0.0293129	0.175072	0.143091	-0.0130035	0.196643	-0.0187893	0.228376	0.0550417	0.206937	0.0327377	-0.0832621	0.138649	0.0476252	0.19954	0.0923593	0.693185	-0.0289521	0.00689073	-0.0132321	0.00665097	-0.000804095	0.00533708	0	
0.321079	0.0135293	0.752209	-0.0667674	0.109731	0.233539	0.0606947	0.169528	-0.0898587	0.0393788	0.334422	0.587038	0.0713188	0.0283259	0.344769	0.16349	0.0191621	0.410448	0.185928	0.343923	-0.0293129	0.207219	0.143091	-0.0130035	0.184026	-0.0187893	0.177924	0.0550417	0.206937	0.0443853	-0.0675077	0.107241	0.0566225	0.19954	0.00471933	0.693185	-0.0317339	0.0103998	-0.0132321	-0.0292577	0.0345725	0.00533708	-0.0387149	
0.354239	-0.000139609	0.241882	-0.0667674	0.11549	0.211222	0.0459352	0.155203	-0.0954548	0.0287502	0.207567	0.575128	0.0713188	0.0129317	0.344769	0.127195	0.0498886	0.410448	0.127682	0.343923	-0.0148168	0.243462	0.0697675	-0.0130035	0.184026	0.0196437	0.180972	0.0690221	0.206937	0.0443853	-0.0729066	0.079795	0.0566225	0.19954	0.115716	0.411224	-0.0317339	-0.00232181	-0.0168506	-0.0254893	0.117213	0.00228913	-0.0481076	-0.0300976	
0.354239	-8.4181e-05	0.1844	-0.0693103	0.11549	0.211222	0.0522415	0.162874	-0.0982005	0.0445688	0.207567	0.580978	0.0713188	-0.0129494	0.398267	0.130381	0.0670834	0.410448	0.132298	0.343923	-0.0362219	0.225326	0.0989234	-0.0130035	0.184026	0.0196437	0.180972	0.0845337	0.206937	0.038535	-0.0569601	0.0844098	0.053581	0.19954	0.149832	0.35557	-0.0317339	0.00918213	-0.0498523	-0.0667648	0.117213	0.00228913	-0.0227164	-0.00950445	
0.354239	0.00141024	0.21157	-0.0693103	0.145656	0.211222	0.0522415	0.180801	-0.100986	0.04695	0.486816	1.04108	0.0713188	-0.0368127	0.398267	0.130381	0.0670834	0.394858	0.132298	0.306121	-0.0127066	0.246914	0.0736902	-0.0130035	0.161729	0.037907	0.177594	0.0845337	0.206937	0.0396248	-0.0557917	0.0844098	0.053581	0.19954	0.104971	0.35557	-0.0317339	0.00713885	-0.0498523	-0.0366398	0.117213	0.00566733	
0.354239	-0.0263183	0.293187	-0.0693103	0.145656	0.169298	0.102262	0.0206169	-0.100177	0.04695	0.345599	0.38526	0.0727364	-0.0340114	0.398267	0.130381	-0.00528081	0.413	0.191831	0.261799	-0.0421681	0.267609	0.07538	-0.0118971	0.256424	0.0393962	0.177594	0.0633615	0.206937	0.0396248	-0.0217526	0.132353	0.053581	0.19954	0.0611947	0.289678	-0.0317339	-0.0116803	-0.0277181	-0.00731791	0.135954	0.00566733	
0.349333	-0.0263183	0.353883	-0.0617935	0.12418	0.190675	0.0587418	0.0202711	-0.100985	0.0220948	0.367997	0.507768	0.0727364	-0.028082	0.393855	0.0637066	-0.00528081	0.413	0.191831	0.261799	-0.0265045	0.267609	0.0777284	-0.0118971	0.284457	0.0019379	0.134131	0.0330046	0.206937	0.0304262	-0.0208281	0.109948	0.053581	0.19954	0.0727734	0.289678	-0.0317339	-0.019722	-0.0137238	-0.0134354	0.135954	0.00566733	0	
0.349333	-0.0347269	0.263292	-0.0597003	0.12418	0.190675	0.0587418	-0.0152072	-0.0994332	0.0343198	0.587519	0.80476	0.06251	-0.0544257	0.397715	0.0320001	0.0312629	0.413	0.235982	0.330194	-0.0265045	0.267609	0.0620635	-0.00189869	0.217641	0.0019379	0.134051	0.0744934	0.206937	0.0304262	-0.0476877	0.097876	0.0543184	0.19954	0.059301	0.210697	-0.0359994	0.0307887	-0.0276803	-0.00957264	0.0904833	0.00566733	-0.0183688	0	
0.349333	-0.0167671	0.124069	-0.0597003	0.12418	0.215624	0.0608553	0.0452825	-0.0980643	0.0115382	0.587519	0.796467	0.06251	-0.0668977	0.443863	0.0320001	0.0294776	0.413	0.260724	0.330194	-0.0439608	0.194743	0.0620635	-0.00189869	0.228917	0.0019379	0.134051	0.0884198	0.206937	0.0387191	-0.0337713	0.0609153	0.0543184	0.19954	0.126517	0.449368	-0.0359994	0.0307887	-0.0253371	0.110838	0.0755875	0.00566733	-0.0214941	
0.379521	-0.0167671	0.124069	-0.0597003	0.124042	0.174177	0.0699703	-0.0128165	-0.0944334	0.0232406	0.185263	0.736624	0.119778	-0.0652354	0.380141	-0.0404491	0.0294776	0.413	0.252743	0.435008	-0.048471	0.232382	0.0204643	0.00280273	0.25684	-0.00582802	0.134051	0.0700704	0.206937	0.0387191	-0.0337713	0.122346	0.0543184	0.19954	0.124175	0.411421	-0.0359994	0.0307887	0.0134509	0.210246	0.0918376	0.00566733	
0.379561	-0.0167274	0.164233	-0.0596606	0.167967	0.207189	0.105552	0.0327364	-0.0913188	0.0311979	0.416412	0.429802	0.0625841	-0.0572072	0.380181	0.00616235	0.0295173	0.41304	0.268144	0.263828	-0.0484313	0.30255	0.0206542	0.00284242	0.256879	0.00389458	0.134051	0.075222	0.206976	0.0387587	-0.023318	0.107294	0.0543581	0.19958	0.0989584	0.30244	-0.0388543	-0.0137925	0.0289061	0.116394	0.0243596	0.00570702	3.96908e-05	0.0208343	
0.369543	0.0522835	0.206429	-0.0596606	0.167967	0.207189	0.105552	0.00635841	-0.0897951	0.0311979	0.372831	0.299402	0.116798	-0.057157	0.380181	-0.0131784	0.0251241	0.430572	0.268144	0.402161	-0.0387631	0.223037	0.0206542	0.00284242	0.256879	0.00389458	0.134051	0.075222	0.211179	0.0387587	-0.0101323	0.068639	0.0395596	0.19958	0.125822	0.16129	-0.0388543	0.0213903	0.0289061	-0.0250238	0.0244748	0.00570702	-0.271334	
0.361327	0.0522835	0.128698	-0.0575413	0.195825	0.207189	0.0689044	0.0262048	-0.0897951	0.0425646	0.421215	0.566313	0.105096	-0.057157	0.380181	-0.00517166	0.00356002	0.452088	0.208859	0.328762	-0.0459494	0.204094	0.0309891	0.00284242	0.245337	-0.00652907	0.134051	0.0745218	0.211179	0.0167354	-0.0165603	0.0731264	0.0170109	0.19958	0.0569491	0.202106	-0.0388543	0.0401241	-0.00261058	-0.0978111	0.0619018	0.00570702	-0.244348	0.0922148	
0.361327	0.0780044	0.103542	-0.0569825	0.219783	0.207189	0.0660588	-0.0180945	-0.0897951	0.0293365	0.234457	0.638446	0.0948233	-0.0363069	0.380181	-0.0148933	0.0438785	0.459353	0.208859	0.327418	-0.0459494	0.164	0.0477896	-0.0117194	0.253668	-0.00652907	0.142757	0.107384	0.211179	0.0167354	-0.0202597	0.0975717	0.0170109	0.19958	0.0365284	0.164987	-0.039025	0.0223638	0.00165	-0.148221	0.0991675	0.00570702	
0.37677	0.044104	0.14275	-0.0569825	0.187016	0.207189	0.0919564	0.02069	-0.0957083	0.0293365	0.43727	0.452692	0.0948233	-0.0308992	0.373429	-0.0383851	-0.000604037	0.459353	0.208859	0.366797	-0.0403944	0.214565	0.0477896	-0.0117194	0.236496	0.0508527	0.142757	0.0760716	0.211179	0.0167354	0.0241928	0.133816	0.0676713	0.21416	0.0235084	0.185945	-0.0389208	0.0134164	0.00892728	-0.0270718	0.0327479	0.00570702	
0.37677	0.0402868	0.204934	-0.0520904	0.187016	0.27101	0.100145	0.0167705	-0.093663	0.0300403	0.364014	1.19255	0.129018	-0.0201371	0.373429	-0.0609838	0.00493697	0.448201	0.157313	0.251867	-0.0326058	0.214565	0.0855549	-0.0182109	0.25423	0.144433	0.145856	0.0760716	0.211179	0.0209374	0.098024	0.128924	0.0325609	0.21416	0.057308	0.224057	-0.0394374	0.0134164	0.0590458	-0.0270718	0.106913	0.00570702	
0.37677	0.0402868	0.303739	-0.0520904	0.195754	0.27101	0.095186	0.0707122	-0.094766	0.0491244	0.314005	0.793563	0.138008	-0.00217463	0.397571	-0.00315784	0.00689572	0.448201	0.145409	0.280994	-0.0330708	0.154367	0.0790263	-0.0182109	0.340014	0.173929	0.145856	0.0377473	0.211179	0.0255794	0.0448829	0.121641	0.0325609	0.21416	0.0523801	0.350321	-0.0406727	0.0134164	0.0219997	-0.0969235	0.106913	0.00570702	0	
