0.112222	0.407728	0.289768	-0.0674137	0.129947	0.150105	0.0290915	0.025367	0.162862	0.0306503	0.0176504	0.0592155	0	0	0	0	0	0	0	0	0	0	0	0	0	0	0	0	0	0	0	0	0	0	0	0	0	0	0	0	0	0	0	0	0	0	0	0	0	0	0	0	0	0	0	0	0	0	0	0	0	0	0	0	0	0	0	0	0.0306503	0	0	0	0	0	0	0	0	0	0	0	0	0	
0.158912	0.351064	0.289768	-0.0674137	0.140155	0.154352	0.0290915	0.025367	0.0847076	0.0362692	0	0	0.0020732	0.0150269	0	0.0473723	0	-0.0239498	0	0.00865007	0.104723	-0.0584569	0	0	0	-0.0377632	-0.0176653	0.00598978	0	-0.0260137	0.0101452	0.0438069	0	0	0.00938416	0.112782	0.00358442	0.0306503	0	-0.00753487	0.0113009	0	-0.0386967	0.0684013	
0.158912	0.351064	0.289768	-0.0674137	0.171777	0.126476	0.0118392	0.025367	0.0847076	0.018354	0.0290915	0.0362692	0	0.0126906	0.0584088	0.0208534	0.0399652	-0.0146047	0.0278892	0.00394538	0.0254874	0.0414578	0.00865007	0	0.0440119	0.0414118	-0.0443221	-0.00348793	-0.0347807	0.0171672	-0.0668434	-0.023339	0.108718	0.00742818	-0.0116172	0.0204803	
0.174705	0.364399	0.280797	-0.0726244	0.138064	0.215452	0.0415785	0.025367	0.092843	0.0516299	0.0290915	0.0216578	0	0.0831404	0.154847	0.0577046	0.060041	0.0372237	0.0278892	0.0206937	0.101053	0.0249669	0.0715751	0.205401	0.0111039	0.0414578	-0.00775235	0	0.031338	0.0266456	-0.0228929	-0.0347807	0.00131159	0.0794096	
0.123802	0.364399	0.307203	-0.0741011	0.138064	0.215452	0.0321022	0.0159239	0.0657293	0.0619135	0.0290915	0.0267539	0.0169111	0.0335643	0.329994	0.0746037	0.060041	0.360737	0.0247498	0.0909309	0.128838	-0.000448034	0.0249669	0.140423	0.238315	-0.0249286	0.0552252	0.0127616	0	0.0381772	0.0657675	0.0260162	-0.0416021	0.128068	0.0784478	
0.123697	0.364112	0.307203	-0.0673896	0.119221	0.205405	0.0391581	0.0159239	0	0.0619135	0.0290915	0.0267539	-0.00129233	0.0360246	0.609956	0.0629718	0.0726827	0.285739	0.0206146	0.0657293	0.128838	-0.0412295	0.0249669	0.140698	0.355709	-0.00944914	0.0552252	0.0143447	0.0323147	0.0657675	-0.0225035	-0.0506599	0.0717363	0.0909309	0.129339	-0.012837	
0.108986	-0.067495	0.287279	0.205405	0.007324	0.0159239	-0.0104984	0.0605378	0.0290915	0.0214813	-0.0223094	0.0202088	0.42696	0.0681999	0.0312698	0.475995	-0.0115524	0.0878185	0.213341	-0.0324407	0.0249669	0.24452	0.101095	-0.0121839	0.0552252	0.0143447	0.364112	0.0356984	0.0152648	0.105723	0	-0.0333342	-0.0497685	0.0623506	0.0129371	0.132328	0.121021	
0.108986	-0.067495	0.287279	0.205405	0.0275584	0.0159239	-0.0382742	0.0214813	0.0290915	0	-0.0349407	0.0581377	0.367667	0.0817045	0.0531783	0.447596	-0.020705	0.0878185	0.023523	0.213341	-0.0229205	0.139478	0.340122	0.102168	-0.0315359	0.0503291	0.0143447	0.364112	0.0234578	0.00816285	0.145953	-0.0148659	-0.0035754	
0.109082	-0.0647187	0.287375	0.236381	0.190005	0.0160196	-0.0415702	0.0483076	0.0508217	0.300285	0.0582334	0.418935	0.0877657	0.0696999	-0.0206093	0.0879143	0.0291872	0.213341	0.000505032	0.139478	0.548462	0.0695131	-0.0352607	0.0308434	0.0144405	0.364208	0.0233621	-0.0164599	0.034878	0.0236187	0.18528	
0.109082	-0.0640705	0.324653	0.236381	0.15339	0.0180496	0.000689538	0.0411916	-0.0206093	0.582248	0.0513777	0.478646	0.109148	0.0614324	0.133737	0.148664	0.0335441	0.282485	-0.0420351	0.15438	0.0659921	-0.00641126	0.030811	0.0311732	0.341967	0.0364718	0.00515151	-0.00840431	0.0226221	
0.109082	-0.0640705	0.324653	0.209448	0.0791699	0.0293492	0.0338297	0.0124825	0.00590543	0.582248	0.0345975	0.31542	0.109148	0.0904226	0.150469	0.051402	0.0294315	0.282485	-0.0935784	0.159103	0.191885	0.0226221	-0.0154465	0.030811	0.0311732	0.281714	0.0364718	0.00515151	0.0600147	
0.136618	-0.0587897	0.322864	0.264085	0.0742006	0.0293492	0.0338297	0.00961352	0.0106284	0.524864	0.0564493	0.434113	0.109148	0.0787893	0.1873	0.0795247	0.0323005	0.305689	-0.0943481	0.175915	0.350684	0.0058092	-0.00627278	0.0302914	0.0311732	0.319063	0.0364718	0.0189722	0.000835725	
0.136618	-0.0605014	0.31031	0.28711	0.00670538	0.0293492	0.0338297	0.0382247	0.0358771	0.503946	0.0633293	0.464754	0.138886	0.141382	0.217557	0.14341	0.0314804	0.263708	-0.0933219	0.149286	0.227484	0.00477263	0.0116623	0.0592829	0.0491821	0.319063	0.0364718	0.0189722	0.0256106	
0.132915	-0.0605014	0.31031	0.297465	0.0107766	0.0293492	0.0517259	0.0382247	-0.0235801	0.582369	0.0908397	0.464754	0.0925685	0.0979144	0.00477263	0.0734084	0.0314804	0.301025	-0.0870539	0.16103	0.144185	-0.0215681	0.0116623	0.0524571	0.0491821	0.319063	0.0418143	0.0289063	0.0606979	
0.129472	-0.0577591	0.31031	0.309392	0.0356946	0.0293492	0.0591223	0.0152186	-0.00307494	0.172508	0.463166	0.121321	0.157716	0.00477263	0.0734226	0.0314804	0.316631	-0.0630255	0.16103	0.18764	-0.015734	0.0151763	0.0100161	0.0694163	0.319063	0.0413571	0.027289	-0.0569254	
0.143929	-0.0577591	0.296446	0.235111	0.16616	0.0293492	0.126005	0.0299747	-0.0091022	0.0215862	0.172508	0.463166	0.122646	0.248266	0.00477263	0.085908	-0.00552747	0.0315698	0.278845	-0.0712443	0.16145	0.0178562	0.0268528	0.0285237	0.046513	0.0667638	0.393692	0.0413571	0	
0.0987525	-0.0577591	0.296446	0.16616	0.0293492	0.0827328	0.0267288	-0.00350743	0.235111	0.162964	0.463166	0.137638	0.248266	0.00477263	0.0670485	-0.00552747	0.0315698	0.278845	-0.0675263	0.1579	0.0588102	0.252333	0.0204531	0.0495137	0.0413571	0.324695	0.00994471	
0.0882709	-0.0509175	0.296446	0.355327	0.0559793	0.0293492	0.124346	0.019998	-0.0296648	0.235111	0.125318	0.34209	0.0957719	0.211226	0.0144993	0.0670485	-0.0213909	0.0315698	0.319537	-0.0384845	0.181137	0.086735	0.0801419	-0.00738787	0.0959486	0.0413571	-0.0133505	
0.109781	-0.0590953	0.29744	0.356321	0.108509	0.0583683	0.0303433	0.1473	0.019998	0.00167929	0.198319	0.133247	0.407774	0.0496423	0.193269	0.0129129	0.100063	0.00899902	0.0325638	0.226037	-0.0374904	0.16068	0.284157	0.195809	0.000854823	0.0592622	0.0368482	
0.128736	-0.0633342	0.29744	0.356321	0.139404	0.0303433	0.125352	0.0439248	0.019998	-0.0130525	0.198319	0.133247	0.514145	0.0223175	0.142289	0.0116807	0.100063	0	0.0325638	0.226037	-0.0482844	0.12519	0.13429	0.0501178	-0.00344658	0.0806219	0.0368482	
0.128736	-0.0633342	0.29744	0.356321	0.168854	0.0303433	0.0486343	-0.0100268	0.0551992	0.19227	0.133247	0.531939	0.0511382	0.172441	0.013069	0.100063	0.019998	0.0325638	0.226037	-0.0157113	0.123802	0.127362	0.0234864	0.0842459	-0.0271046	0.0368482	
0.128736	-0.0671323	0.288323	0.301687	0.280197	0.0319897	0.167555	-0.0104745	0.0384053	0.034127	0.19227	0.210615	0.755355	0.0511382	0.226501	-0.00304571	0.0806777	0.0346744	0.0325638	0.193234	0.0302556	0.145218	0.0220564	0.0781238	-0.0533581	0.0368482	
0.128736	-0.0671323	0.243861	0.285814	0.178029	0.0319897	0.183166	0.0491383	-0.0215931	0.0204682	0.261373	0.203573	0.84906	0.0511382	0.253238	-0.00304571	0.0806777	0.0211802	0.0325638	0.199231	0.0172139	0.139952	0.0346281	0.0990072	-0.0386992	0.0355964	
0.157084	-0.0569081	0.219572	0.400259	0.0348417	0.0258422	0.116789	0.0380235	-0.0481129	0.0570249	0.261373	0.0930977	0.909138	-0.0108761	0.125734	-0.00170964	0.0806777	0.0211802	0.0325638	0.220462	0.0172139	0.150599	0.0438886	0.145422	-0.0575141	0.0349963	0	
0.135071	-0.0534211	0.219572	0.419769	0.107744	0.0258422	0.154818	0.0393366	-0.0436527	0.0480179	0.261373	0.104827	1.08041	0.00593678	0.234252	-0.00462956	0.0806777	0.0138502	0.036322	0.19865	-0.0015757	0.168486	-0.0261051	0.161027	-0.0492304	0.0349963	0.099605	0	
0.145233	-0.0534211	0.221086	0.419769	-0.0142787	0.0276117	0.239139	0.00115242	-0.0527317	0.0815057	0.280124	0.0322256	1.08041	0.0134124	0.234252	-0.00462956	0.0806777	0.008572	0.036322	0.267912	-0.0310656	0.151536	-0.00721824	0.121581	-0.0687838	0.0349963	0.226731	0.0263736	
0.145233	-0.0534211	0.184914	0.419769	0.0497337	0.0276117	0.203788	0.0103925	-0.0400095	0.0699658	0.239925	0.0930975	1.04324	0.00436207	0.240327	0.001427	0.0806777	0.0148844	0.0300096	0.267912	-0.0568144	0.143629	-0.025226	0.138442	-0.0605965	0.0214913	0.233043	0.0224862	
0.152474	-0.0537513	0.221702	0.382306	0.101238	0.0276117	0.124504	0.027297	-0.0236992	0.0812145	0.239925	0.0708575	1.0279	-0.0210511	0.168404	0.001427	0.0806777	0.0223959	0.0300096	0.27608	-0.0751617	0.143629	-0.015886	0.046154	-0.0485804	0.0256926	0.233043	
0.152474	-0.0537513	0.179544	0.376842	0.0215283	0.0276117	0.256626	0.0599167	-0.0259771	0.0812145	0.240883	0.219412	1.0279	-0.052857	0.26219	-0.00604246	0.0796423	0.0031209	0.0300096	0.204106	-0.0640679	0.151314	0.018836	-0.0188172	-0.0271461	0.0343483	0.195875	
0.15739	-0.0537659	0.17953	0.357504	0.0116149	0.0275971	0.182613	0.00442037	-0.00600328	0.0654985	0.240869	0.204174	0.749451	-0.0573766	0.0364565	-0.00579657	0.0943362	0.0662399	0.0232583	0.204092	-0.0640825	0.151053	-0.0128459	1.97678e-05	-0.039193	0.0343629	0.144749	-0.0519198	-1.45965e-05	
0.147132	-0.0537659	0.17953	0.300867	0.0595457	0.0275971	0.170436	0.00442037	-0.0497587	0.0532221	0.402361	0.15735	0.852851	-0.0652333	0.0581171	-0.00579657	0.0943362	0.0345117	0.0232583	0.272171	-0.0822821	0.133401	0.00741339	-0.00126169	-0.0538312	0.0343629	0.127627	-0.0509885	0	0.0336193	
0.147132	-0.0537659	0.17953	0.355939	0.128964	0.0196183	0.277361	0.00550051	-0.0315586	0.05685	0.334142	0.125791	0.852851	-0.0569039	0.108801	-0.000827262	0.108705	0.037295	0.020475	0.246585	-0.0913874	0.128432	0.0242446	-0.0321101	-0.0170109	0.0404565	0.189052	
0.165699	-0.0537659	0.192201	0.355939	0.0989701	0.0196183	0.21848	0.0184242	-0.0456242	0.0584411	0.362236	0.125791	0.766779	-0.0546558	0.190881	-0.000827262	0.108705	0.0558994	0.020475	0.190789	-0.0481094	0.151884	0.0242446	-0.034415	-0.00926152	0.0404565	0.189052	0.0637709	0	0.0646395	
0.165699	-0.0441293	0.192201	0.457196	0.0745595	0.0251306	0.17993	0.0184242	-0.0421332	0.0456346	0.288614	0.0904849	0.557473	-0.0793464	0.169455	-0.000827262	0.108705	0.0540612	0.020475	0.190789	-0.0635772	0.151884	0.0397949	0.00227036	-0.00227091	0.0404565	0.136313	-0.0307347	0	
0.165699	-0.0441293	0.192201	0.48215	0.124962	0.0251306	0.182232	0.010676	-0.0519256	0.0456346	0.297569	0.116982	0.773497	-0.0748297	0.272956	-0.000827262	0.105617	0.056258	0.0200954	0.236841	-0.0705298	0.155225	-0.0291577	-0.0248594	-0.0294002	0.0404565	0.21505	0.00976506	-0.0369049	
0.165699	-0.0496885	0.198778	0.38479	0.107358	0.0251306	0.200637	0.00222625	-0.0445404	0.0456346	0.264303	0.155991	0.54221	-0.0370119	0.212593	0.00306059	0.105617	0.0409485	0.0125119	0.215404	-0.0695821	0.151337	-0.0251557	-0.039039	-0.0294002	0.0404565	0.222634	0.00645175	0	
0.164935	-0.0549388	0.198778	0.38479	0.0330295	0.0288557	0.234975	0.0415584	-0.0134918	0.0604529	0.271395	0.114456	0.439672	-0.065568	0.138466	0.00306059	0.105617	0.0234106	0.0125119	0.255088	-0.085902	0.151337	-0.0189196	-0.0405763	-0.0190634	0.040719	0.187011	0	0	
0.162816	-0.0553726	0.223895	0.397893	-0.00309139	0.0288557	0.225707	0.0451723	0.0154889	0.0604529	0.279857	0.128352	0.620914	-0.0734711	0.155366	0.00187451	0.105617	0.031351	0.0125119	0.19512	-0.0782019	0.152523	-0.0428931	-0.0206035	-0.030137	0.0438605	0.187011	-0.0150034	
0.141955	-0.0553726	0.201778	0.397893	-0.0228763	0.0288557	0.18885	0.0451723	-0.0247863	0.0604111	0.368307	0.137292	0.409934	-0.0513916	0.0858223	-0.00384772	0.105617	0.0759187	0.0125119	0.285684	-0.0765494	0.158245	-0.0474417	-0.0497396	-0.0454695	0.0438605	0.168559	
0.135393	-0.0510643	0.197062	0.413284	0.0567201	0.0288557	0.229608	0.0217821	-0.0169157	0.0641403	0.43406	0.206084	0.52691	-0.0449515	0.0814425	-0.00384772	0.105617	0.0440813	0.0125119	0.236431	-0.0627244	0.158245	0.064434	-0.0524054	-0.0260654	0.0438605	0.168559	0.0398065	
0.135393	-0.0467273	0.197062	0.413359	0.0211037	0.0288557	0.269523	0.0217821	-0.0199098	0.0728493	0.43406	0.206084	0.675716	-0.00800726	0.065353	-0.00384772	0.106464	0.0440813	0.0125119	0.239569	-0.0783868	0.158245	0.00212346	-0.0448074	-0.0619729	0.0473373	0.201427	
0.135393	-0.0467273	0.201747	0.413359	0.0211037	0.0288557	0.207631	0.0550399	-0.0143805	0.0603687	0.43406	0.179609	0.558081	-0.0745529	0.125374	-0.00384772	0.106464	0.0615531	0.0125119	0.239569	-0.0594345	0.158245	-0.0262926	-0.0211844	-0.0427921	0.0399942	0.192616	0.0355843	
0.123239	-0.0467273	0.196874	0.365202	-0.027611	0.0288557	0.16845	0.100422	-0.00112725	0.0687749	0.425897	0.168719	0.558081	-0.0431515	0.0737389	-0.00384772	0.106464	0.0571642	0.0185361	0.263649	-0.0456519	0.152428	0.0147134	-0.0303584	-0.0663114	0.0399942	0.10719	
0.123239	-0.0370722	0.196874	0.392722	-9.22261e-05	0.0288557	0.176367	0.041673	-0.0496276	0.0592766	0.425897	0.142624	0.787012	-0.0725389	0.0630037	-0.00628692	0.106464	0.0632105	0.0124898	0.259967	-0.0176676	0.154867	-0.024009	-0.0773259	-0.0430668	0.0399942	0.124112	
0.140113	-0.036516	0.204285	0.325657	-0.0104638	0.0252952	0.133999	0.0650308	0.000370711	0.0436785	0.40236	0.0648073	0.764492	-0.0425556	0.096076	-0.0119945	0.112228	0.0610678	0.0124898	0.259967	-0.00971612	0.160575	-0.0140431	-0.0713656	-0.0200817	0.0399942	0.140345	0	
0.140113	-0.036516	0.218746	0.393719	-0.041146	0.0163913	0.262151	0.0598136	-0.0260114	0.0436785	0.419122	0.139636	0.564587	-0.0476009	0.0676016	-0.00523331	0.108363	0.0610678	0.0124898	0.265035	0.0268807	0.135775	-0.0543877	-0.0672549	-0.0299606	0.0399942	0.147599	0	0	-0.00975665	
0.138734	-0.036516	0.218746	0.393719	-0.0634006	0.0179979	0.186315	0.0598136	-0.0023871	0.0436785	0.419122	0.151794	0.786103	-0.0516535	0.129078	-0.00523331	0.108363	0.0871631	0.00716738	0.265035	0.00544976	0.11622	-0.0514173	-0.0715443	-0.0584374	0.0399942	0.152921	-0.0229467	
0.138734	-0.036516	0.218746	0.393719	0.0301123	0.0179979	0.242574	0.0598136	-0.0140331	0.0654507	0.328535	0.150061	0.978574	-0.0401945	0.0279083	-0.00523331	0.108363	0.0714107	-0.000910914	0.265035	-0.0551768	0.11622	-0.0560655	-0.039024	-0.041406	0.0399942	0.160999	
0.143453	-0.0437875	0.166982	0.393719	-0.0211155	0.0179979	0.147778	0.0793543	-0.0122667	0.0654507	0.467876	0.109549	0.713944	-0.0492588	0.0249353	-0.00599967	0.124439	0.0809006	-0.00428956	0.213552	-0.0674126	0.140061	-0.0564768	-0.0487751	-0.041406	0.0351822	0.163711	
0.158381	-0.045516	0.17549	0.333036	-0.0133627	0.0179979	0.180356	0.060893	-0.0148262	0.0654507	0.45689	0.166296	0.713944	-0.0528512	0.0337487	0.00206388	0.118515	0.0763678	-0.00428956	0.213552	-0.0708578	0.131997	-0.0295437	0.019572	-0.041406	0.0295134	0.145881	
0.158381	-0.045516	0.1834	0.336685	-0.038391	0.0179979	0.180356	0.0450222	0.0185049	0.0654507	0.460293	0.166296	0.755856	-0.0559633	0.0381341	-0.005676	0.115753	0.0763678	-0.00428956	0.20672	-0.0437865	0.1377	-0.0441394	0.0032934	-0.0450666	0.0295134	0.20071	-0.0509152	
0.158381	-0.045516	0.1834	0.311683	-0.000135056	0.0179979	0.173396	0.0457179	-0.0196831	0.0438146	0.390533	0.0938901	0.912717	-0.0434815	9.74626e-05	-0.005676	0.115753	0.0937242	-0.00428956	0.217282	-0.0452034	0.1377	-0.0377949	-0.0247328	-0.0524308	0.0259162	0.20071	0.018575	0	0	0	0	
0.141245	-0.0427256	0.184333	0.387568	-0.00953353	0.018931	0.201914	0.0972087	-0.00873534	0.0647968	0.426253	0.153956	0.62334	-0.0449101	0.00103056	-0.00851057	0.116686	0.0921256	-0.00335646	0.253562	-0.0654365	0.151505	-0.00289923	-0.0186055	-0.0418183	0.0249831	0.151344	
0.141245	-0.0427256	0.182589	0.387568	-0.0264952	0.018931	0.201914	0.220789	-0.00873534	0.0419938	0.426253	0.126817	0.692643	-0.054634	0.00103056	0.000895587	0.116686	0.0921256	-0.00335646	0.209492	-0.0519898	0.144755	0.0383815	0.00213026	-0.0377354	0.0249831	0.163431	-0.0433927	0	0	
0.142241	-0.0427256	0.182589	0.400922	-0.0408158	0.018931	0.201914	0.13632	-0.0111333	0.0250396	0.426253	0.126817	0.503742	-0.054634	0.0226157	0.000895587	0.0985994	0.0921256	-0.00335646	0.220864	-0.0753034	0.121851	0.046829	0.0463033	-0.0221814	0.0272207	0.128324	0	0	0	
0.126902	-0.0427256	0.209585	0.386691	-0.0553543	0.018931	0.243138	0.13632	0.0103449	0.0298452	0.426253	0.151053	0.503742	-0.0339602	0.0197659	-0.00448519	0.128685	0.091876	-0.00205157	0.220864	-0.0429744	0.127232	-0.0373839	0.0375262	-0.0459287	0.0272207	0.138808	0.264742	-0.0112261	-0.000784428	
0.126902	-0.0416542	0.209585	0.315648	-0.0295496	0.018931	0.235984	0.0799495	-0.0124361	0.0298452	0.380159	0.100257	0.503742	-0.0471807	0.0197659	-0.00448519	0.135837	0.102037	-0.00205157	0.220864	-0.0594906	0.129094	-0.0373839	0.0633136	-0.0629779	0.036223	0.138808	
0.145986	-0.0416542	0.176904	0.361791	-0.0351129	0.018931	0.11441	0.0799495	0.00191615	0.0298452	0.465482	0.0787159	0.554606	-0.0530674	0.0197659	-0.00448519	0.135837	0.10865	-0.00327387	0.220864	-0.058072	0.129094	-0.027031	0.0289547	-0.0629779	0.0323584	0.125435	0.00327387	
0.145986	-0.0416542	0.176904	0.361791	-0.0483667	0.018931	0.132516	0.0789974	0.0730315	0.0457602	0.50475	0.0797604	0.465469	-0.0530674	0.0273873	-0.00448519	0.135837	0.0811745	-0.00327387	0.233587	-0.0490243	0.129094	0.0392553	0.121756	-0.0357044	0.0310698	0.125435	0	
0.157641	-0.0494729	0.184537	0.370308	0.00358863	0.0237672	0.182011	0.0281273	0.0730315	0.0549322	0.50475	0.0624401	0.465469	-0.0412576	0.000410397	-0.00448519	0.135837	0.0816872	-0.00378659	0.179883	-0.0397785	0.129094	0.0142587	0.119921	-0.0309767	0.0310698	0.117954	0	
0.157641	-0.0429835	0.194438	0.370308	0.0557227	0.0237672	0.205724	0.0224089	-0.0176063	0.0461682	0.50475	0.0624401	0.689726	-0.00392557	0.00598182	-0.00448519	0.173671	0.0685431	-0.00378659	0.179883	-0.0591291	0.129094	0.0787585	0.0550549	-0.0421659	-0.135837	0.195656	0.0341579	0	0	
0.157641	-0.0429835	0.195062	0.370308	0.0542488	0.0280033	0.304482	0.0222872	0.0290389	0.0461682	0.51521	0.0169524	0.508321	-0.001959	-0.00495802	-0.00341107	0.191924	0.0612427	-0.000142797	0.179883	-0.0514686	0.12802	0.00779891	0.0295316	-0.0391139	-0.135837	0.11384	0.0341579	0	-0.01883	-0.0264992	0	-0.012932	
0.157641	-0.0429835	0.182963	0.370308	0.0249396	0.0280033	0.112317	0.0256926	-0.0122915	0.0394621	0.400308	0.0422611	0.665514	-0.00162647	0.00154848	-0.00341107	0.186718	0.0743451	-0.000142797	0.179883	-0.0534923	0.12802	-0.00377969	0.0192689	-0.0291157	-0.135837	0.149353	0.0232857	-0.00217144	-0.0561381	
0.157641	-0.0522987	0.188649	0.313412	0.0249396	0.0280033	0.154051	0.0331818	0.0165397	0.0361216	0.402725	0.0811888	0.629305	0.00642917	0.00154848	-0.00404507	0.186718	0.0806558	-0.000142797	0.179883	-0.0737635	0.128654	0.0209898	0.0192689	-0.0161256	-0.135837	0.149353	0.0232857	-0.0154537	
0.129818	-0.0522987	0.188649	0.334234	0.0346486	0.0280033	0.022146	-0.00283625	0.0664351	0.410178	0.0811888	0.741254	0.0154029	-0.00376523	-0.00404507	0.198508	0.04439	-0.000142797	0.252272	-0.0824999	0.136124	-0.037314	0.196707	-0.0161256	-0.147627	0.108173	
0.129818	-0.0447986	0.188649	0.347498	0.0764693	0.0280033	0.175287	0.0671006	-0.0150002	0.045088	0.420311	0.0629227	0.523891	0.0154029	-0.00376523	0.0004328	0.207252	0.0614299	-0.000142797	0.294541	-0.0802801	0.156344	0.0630145	0.276478	-0.0138881	-0.147627	
0.159228	-0.0434249	0.206239	0.273687	0.0764693	0.0280033	0.108682	0.0173735	-0.0150002	0.0423055	0.498137	0.0713631	0.523891	-0.0377553	-0.00376523	0.0004328	0.183598	0.0614299	-0.000142797	0.262164	-0.0897643	0.156344	0.0967619	0.211427	-0.0381993	-0.124947	
0.159228	-0.0459251	0.215905	0.273687	-0.00717213	0.0280033	0.10834	0.0391787	0.00391777	0.033152	0.585508	0.156075	0.701053	-0.0501487	-0.00376523	0.00556904	0.164476	0.0873685	0.000199825	0.286564	-0.0867777	0.151207	0.0448993	0.141261	-0.0385242	-0.116141	
0.159228	-0.0572174	0.192311	0.420372	0.0383682	0.0280033	0.140376	0.0133948	-0.0103485	0.0250029	0.56752	0.0832159	0.502193	-0.0516693	0.00476635	0.00556904	0.164476	0.0860199	0.000199825	0.282231	-0.0775946	0.157042	0.00655649	0.166317	-0.0454034	-0.116141	-0.000105133	-0.0143265	0.0126522	
0.159228	-0.0500437	0.192311	0.389825	0.0949222	0.020346	0.132815	0.0522595	0.0237885	0.0133489	0.56752	0.129949	0.420522	-0.0418624	-0.00403067	-0.00369286	0.169565	0.0860199	0.000199825	0.277394	-0.0873824	0.166304	0.0408568	0.161727	-0.0550695	0.0483347	0.0970094	-0.0209706	
0.136918	-0.0498819	0.192311	0.355895	-0.0211939	0.020346	0.164696	0.0373327	0.0138697	0.0271486	0.591082	0.101347	0.763583	-0.00547887	0.0294084	-0.00655551	0.169565	0.0860199	0.000199825	0.310417	-0.0869545	0.159052	0.146454	0.211991	-0.0433863	-0.12123	-0.023193	
0.162228	-0.0494994	0.192311	0.39049	-0.0443943	0.020346	0.237777	0.0409006	0.00273139	0.0271486	0.531918	0.0952073	0.519536	-0.035912	-0.00162843	-0.00324697	0.185481	0.0860199	0.000199825	0.306814	-0.0885668	0.164222	0.124664	0.167761	-0.0304666	-0.137373	0.00321663	
0.144769	-0.0519795	0.192311	0.508844	-0.0550647	0.020346	0.189843	0.0228327	0.0520063	0.0384562	0.625485	0.0563932	0.734792	-0.0552542	-0.00431849	-0.00324697	0.188698	0.0806851	0.000199825	0.194143	-0.0912865	0.164222	0.164606	0.167761	-0.0346124	0.0481081	-0.0473004	0	0	
0.166594	-0.0592619	0.192311	0.417799	-0.0158497	0.020346	0.189843	0.0468148	0.00985608	0.0384562	0.444249	0.0584769	0.563829	-0.0496998	0.0203706	-0.00484249	0.14059	0.0714445	0.000199825	0.215072	-0.0769746	0.165818	0.133499	0.167761	-0.0209096	0.045371	
0.154347	-0.0543867	0.192311	0.417799	0.0328686	0.0305932	0.191484	0.0613257	0.0106776	0.0384562	0.410839	0.0933927	0.55496	-0.0394287	0.005604	-0.000428085	0.208455	0.0714445	0.000199825	0.297498	-0.0786794	0.161403	0.041494	0.126978	-0.0527081	0.0516974	-0.0601009	
0.126329	-0.0543867	0.192311	0.378366	0.0635907	0.0185591	0.222501	0.0613257	-0.000262275	0.0112655	0.253427	0.121885	0.754897	-0.0468906	-0.00579648	-0.000428085	0.209312	0.0779273	-0.0012912	0.244219	-0.0394004	0.161403	0.0469465	0.169578	-0.0499458	0.0525544	
0.126527	-0.0493467	0.192311	0.378366	0.0548306	0.023494	0.23439	0.0357657	-0.0158438	0.0347038	0.253427	0.121885	0.8836	-0.0676723	0.00498927	0.00498553	0.209037	0.0551526	-0.0012912	0.193575	-0.0437122	0.153931	-0.0136286	0.192301	-0.0429655	0.0522793	
0.126527	-0.0493467	0.211216	0.370912	0.0186585	0.023494	0.234488	0.0357657	0.0290552	0.0364047	0.253427	0.137267	0.758973	-0.0545636	0.00498927	0.00498553	0.209037	0.0747485	-0.0012912	0.280689	-0.0606473	0.153931	0.0442725	0.108453	-0.0128447	0.0522793	0.0103583	
0.0997164	-0.0493467	0.199627	0.370912	-0.00331364	0.0178969	0.234488	0.0274802	-0.0125592	0.0269625	0.224853	0.129121	0.492759	-0.040507	0.0103321	0.0105398	0.209037	0.053848	-0.0012912	0.248381	-0.0264722	0.128067	0.166358	0.28177	-0.0486072	0.0522793	
0.0974495	-0.0493467	0.199627	0.370912	-0.0318229	0.0178969	0.138246	0.0274802	0.00709013	0.0397736	0.302065	0.153784	0.74505	-0.0399773	0.0103321	0.0105398	0.213239	0.053848	-0.0012912	0.171932	-0.00717546	0.19432	0.0427313	0.131685	-0.0502195	0.0564814	
0.147374	-0.0493467	0.199627	0.370912	0.0220148	0.0178969	0.162166	0.0203053	-0.0297995	0.0397736	0.278318	0.153784	0.783413	-0.0262737	0.0319372	0.0216168	0.203143	0.053848	-0.0012912	0.195561	0.00132592	0.183243	0.0154985	0.247063	-0.0237726	0.0463854	0.0178969	0	
0.137806	-0.0468868	0.186819	0.370912	-0.00139564	0.0178969	0.162166	0.0203053	-0.000910481	0.0397736	0.166424	0.118886	0.664528	-0.0165657	0.0465811	0.0216168	0.191907	0.0477329	-0.0012912	0.14994	-0.0062239	0.183243	0.00778216	0.238583	-0.0225166	0.052461	
0.133746	-0.049082	0.173864	0.370912	-0.0365611	0.0178969	0.147319	0.0390923	-0.0370773	0.0397736	0.166424	0.10654	0.457289	-0.0186744	0.0447539	0.0216168	0.196397	0.0429526	-0.0012912	0.190811	0.0092413	0.183243	0.0264466	0.161729	-0.0409296	0.0518613	
0.142814	-0.0546334	0.173864	0.368732	-0.0346112	0.0206435	0.175485	0.0173242	-0.0177551	0.047283	0.166424	0.0574966	0.758443	-0.0250036	0.0453715	0.0216168	0.19472	0.0639705	-0.0012912	0.190811	-0.0380322	0.163572	0.062563	0.144472	-0.063417	0.0501845	
0.154517	-0.0546334	0.173864	0.368732	0.0123177	0.0242283	0.140383	0.0173242	-0.0177551	0.049583	0.120774	0.0956749	0.868079	0.00780818	0.0126675	0.0158219	0.199287	0.0704558	0.00181185	0.190811	-0.0568738	0.169367	0.144186	0.15637	-0.0371955	0.0478227	0	
0.126416	-0.0546334	0.225025	0.368732	-0.0162973	0.0242283	0.13449	0.020548	-0.0063831	0.0409133	0.120774	0.093884	0.695712	0.0498631	0.015815	0.0158219	0.199884	0.0704558	0.00181185	0.212441	-0.0647772	0.173413	0.079814	0.15637	-0.0398961	0.0484203	
0.138938	-0.0546334	0.165068	0.368732	0.0205162	0.0242283	0.149541	-0.0116083	0.0253748	0.036871	0.134516	0.0984575	0.732888	-0.0448822	0.015815	-0.000721196	0.21285	0.0730386	-0.000325239	0.12602	-0.0631291	0.203866	-0.0507257	0.227511	-0.0593632	0.0484203	0.0306	-0.0866547	0	0	
0.141754	-0.0651592	0.165068	0.414109	0.0176608	0.0242283	0.149541	0.0379911	-0.0079097	0.0532829	0.126701	0.114994	0.69076	0.0078188	0.015815	0.00587376	0.196079	0.0730386	-0.000325239	0.187131	-0.0793912	0.197271	0.0202163	0.209898	-0.0469067	0.0484203	
0.141754	-0.0638552	0.205168	0.388131	-0.0276132	0.0242283	0.149541	-0.0180108	0.0552084	0.0369764	0.129955	0.0560211	0.72732	-0.0398227	0.0154652	0.00913981	0.196079	0.100645	-0.000325239	0.187131	-0.0745296	0.142961	0.0329011	0.200003	-0.020614	0.0484203	-0.000201853	
0.12454	-0.0637311	0.205168	0.343715	-0.0466594	0.0242283	0.149541	0.0394324	0.0172107	0.0313534	0.129955	0.0925174	0.72732	-0.0360485	0.0358689	0.00123708	0.212124	0.100645	-0.000325239	0.242148	-0.0745296	0.150864	0.0971265	0.128545	-0.0449405	0.0484203	-0.0532114	
0.120025	-0.0544577	0.185705	0.376873	-0.0262038	0.0239039	0.153897	0.00739236	-0.0397252	0.0366528	0.154359	0.0531205	0.719826	-0.0442937	0.0438719	0.00123708	0.19704	0.100645	-0.000325239	0.242148	-0.0743343	0.152192	0.0127056	0.152537	-0.0397527	0.0456011	
0.097036	-0.0649742	0.185705	0.376873	-0.0305281	0.0239039	0.153897	-0.00139665	-0.00656791	0.0572791	0.154359	0.0511937	1.00435	-0.0496561	0.0441684	0.00123708	0.19704	0.100645	-0.000325239	0.242148	-0.0809285	0.152192	0.0438538	0.209084	-0.0460244	0.0456011	-0.0261141	
0.097036	-0.0640252	0.178856	0.405269	0.0147133	0.0239039	0.153897	-0.00139665	0.0164762	0.0359766	0.16972	0.129438	0.992101	-0.0196885	0.0238296	0.0084389	0.19704	0.0892576	-0.000325239	0.203599	-0.0655451	0.15384	0.0266328	0.209084	-0.047566	0.0456011	0.150481	0.005529	
0.147043	-0.0627662	0.178856	0.406877	0.00294304	0.0239039	0.158905	0.0322483	0.0401273	0.0359766	0.16972	0.0659057	0.992101	-0.00583196	0.0395984	-0.00680143	0.19704	0.0892576	-0.000325239	0.203599	-0.0855901	0.16908	0.027347	0.236185	-0.047566	0.0456011	-0.0278388	
0.101809	-0.0606351	0.178856	0.369569	0.0139339	0.0239039	0.156865	0.0158681	0.0760191	0.0766668	0.203582	0.0316789	0.992101	-0.000791847	0.0112519	-0.00680143	0.19704	0.0892576	-0.000325239	0.199525	-0.0939657	0.17827	0.130302	0.12336	-0.0575415	0.0456011	
0.101809	-0.0647638	0.220013	0.41129	-0.0324948	0.0239039	0.157975	0.0158681	0.148753	0.0636665	0.253041	0.0461051	0.899733	0.00989864	0.0240743	-0.00680143	0.20402	0.0892576	-0.000325239	0.24456	-0.0840397	0.163829	0.165428	0.159532	-0.0666567	0.0404652	-0.0442527	-0.0118802	0.0060717	
0.0936412	-0.0631715	0.168136	0.469483	0.000685276	0.0266106	0.157975	0.0156352	0.148753	0.0434248	0.253041	0.0579414	0.795897	0.0223977	-0.00580437	-0.00680143	0.192797	0.0892576	-0.000325239	0.24456	-0.0676804	0.173855	0.0746183	0.140358	-0.0513992	0.0292424	
0.125685	-0.0631715	0.168136	0.469483	0.018951	0.0266106	0.157975	0.0160317	0.0967864	0.0434248	0.278771	0.0424845	0.670739	0.0259748	-0.00580437	-0.00573916	0.160117	0.128672	-0.000325239	0.266673	-0.0724149	0.172793	0.0849404	0.192764	-0.0556778	0.0373714	
0.125685	-0.0631715	0.22723	0.469483	0.0943845	0.0229282	0.155086	-0.00994493	0.0562911	0.0434248	0.318981	0.0984285	0.740073	-0.00894311	-0.0195482	-0.00573916	0.191487	0.128672	-0.000325239	0.293095	-0.0809179	0.176383	0.110448	0.180152	-0.0512789	0.0373714	0.0777254	-0.0149739	
0.125685	-0.0644743	0.22723	0.469483	0.0160652	0.0229282	0.155086	-0.00517831	0.0321214	0.0194016	0.318981	0.0708462	0.602582	0.00934105	-0.00232889	-0.00573916	0.149501	0.128672	-0.000325239	0.293095	-0.0820153	0.169001	0.0639753	0.227929	-0.0512789	0.0419184	0.0777254	0.0863685	
0.125081	-0.0627467	0.22723	0.47076	0.0016578	0.0347944	0.155086	0.000987304	0.0178038	0.020836	0.256795	0.038069	0.705478	0.00934105	0.00384087	0.00936481	0.156583	0.128672	-0.000325239	0.225758	-0.0798231	0.153897	0.111998	0.129568	-0.062742	0.0456697	0.184032	0.0216619	
0.112831	-0.0627467	0.22723	0.424065	-0.0147994	0.0347944	0.187029	0.0224903	0.0342919	0.0183613	0.235106	0.119608	0.644697	0.00150162	-0.000135033	0.0161163	0.156583	0.153094	-0.000325239	0.249498	-0.0699137	0.147145	0.0865667	0.112355	-0.0589082	0.0456697	
0.140798	-0.0602483	0.19998	0.425925	0.119327	0.0308891	0.203449	0.0272843	0.0361513	0.0512086	0.232908	0.172552	0.619424	0.0033611	0.00172444	-0.00203659	0.156583	0.136511	0.00153423	0.206947	-0.0529094	0.146924	0.0503881	0.126137	-0.0454818	0.0438102	
0.137826	-0.0664959	0.197007	0.422952	0.0176574	0.0279167	0.157649	-0.00978499	0.0331789	0.0474468	0.222283	0.187209	0.645206	-0.0307131	-0.0144495	-0.00105932	0.170016	0.136511	-0.00143816	0.283793	-0.0876033	0.138098	0.0184853	0.141747	-0.0404686	0.0467826	0.0152614	
0.10179	-0.0650811	0.205555	0.365962	-0.0238755	0.0288648	0.203684	-0.00352566	0.00705956	0.0488616	0.228119	0.112143	0.785947	-0.0319679	0.00520596	0.0111506	0.204009	0.130007	-2.33274e-05	0.169627	-0.0450646	0.154878	0.0310683	0.160099	-0.0390538	0.0457362	0.0819246	
0.10179	-0.0650811	0.209894	0.365962	-0.0187617	0.0288648	0.184013	0.0227903	-0.0243073	0.0488616	0.217879	0.112143	0.55626	-0.0319679	0.01088	0.00562318	0.198778	0.116341	0.0136425	0.167606	-0.0483423	0.160405	0.109618	0.26181	-0.0412794	0.0457362	
0.114603	-0.0650811	0.184793	0.365962	0.00441656	0.0288648	0.228316	0.0306934	-0.00612253	0.0161719	0.208984	0.124754	0.55626	0.0547956	0.00473836	0.00562318	0.158856	0.125246	0.0121434	0.167606	-0.0770139	0.160405	0.0311492	0.195447	-0.0522896	0.0457362	0	
0.115406	-0.0661941	0.184793	0.334632	-0.0277521	0.0288648	0.16473	0.0131143	0.0170886	0.0707964	0.256681	0.0905475	0.553291	0.0522627	0.0560903	0.00344574	0.20131	0.125246	0.0121434	0.200961	-0.024684	0.162583	0.0322328	0.118945	-0.0414201	0.0509075	
0.154253	-0.0635062	0.184793	0.354514	0.0856806	0.0300608	0.16473	0.0236213	-0.024169	0.0707964	0.279072	0.0438218	0.52398	0.043134	-0.00499498	-0.00136068	0.206473	0.125246	0.0121434	0.234577	0.00858266	0.167389	-0.05113	0.132532	-0.0367464	0.0560703	
0.141981	-0.0635062	0.195091	0.356732	0.0961869	0.0300608	0.16473	0.0145903	0.00714233	0.0684993	0.279072	0.0438218	0.52398	0.0147802	0.0131258	-0.00136068	0.214412	0.127241	0.0121434	0.247444	-0.00106053	0.144018	-0.0509981	0.20588	-0.0548109	0.0640094	0.00570623	0	
0.141981	-0.0557861	0.21254	0.345186	0.00860344	0.0300608	0.137586	0.0145903	0.00272741	0.0249237	0.279072	0.0162825	0.515979	0.0344362	0.0131258	-0.00136068	0.200659	0.127241	0.0121434	0.247444	-0.00106053	0.144018	0.0110505	0.158461	-0.03944	0.0631624	
0.146233	-0.0557861	0.214833	0.403417	0.0492043	0.0300608	0.132686	0.01622	-0.025453	0.0483753	0.279072	0.0667239	0.528178	-0.0317061	0.00914811	-0.00334806	0.200659	0.122342	0.0170432	0.266107	-0.00233071	0.146006	-0.0220359	0.208485	-0.0405645	0.0631624	
0.180966	-0.0504026	0.220217	0.356733	0.0282037	0.0354443	0.134844	0.0210932	0.00963488	0.0398174	0.294517	0.012627	0.760886	0.0221255	0.0145316	0.00203545	0.201747	0.118663	0.0224267	0.220155	-0.000614705	0.153239	0.0369116	0.196995	-0.0417973	0.058866	0	
0.24325	-0.0526086	0.218011	0.305745	0.0607188	0.0332383	0.117408	0.0019266	-0.0194049	0.0376114	0.340517	0.0293574	0.682422	0.00383751	0.0226091	-0.000170563	0.201747	0.106897	0.0173988	0.180551	0.00259414	0.153239	0.0309459	0.194789	-0.0417392	0.061072	
0.216908	-0.0540618	0.218011	0.355105	-0.00154141	0.0332383	0.228406	0.00603289	0.0620687	0.0863974	0.342045	0.0948094	0.720476	0.0318692	0.0226091	-0.00516709	0.167823	0.0977858	0.0173988	0.210528	0.00259414	0.127033	0.0175445	0.155627	-0.0563946	0.0625992	
0.216908	-0.0540618	0.218011	0.355105	-0.025496	0.0332383	0.169359	0.0200452	0.0424481	0.0447819	0.342045	0.0118282	0.720476	0.0248385	0.00583101	-0.00516709	0.222922	0.107989	0.0167112	0.210528	0.00259414	0.127033	0.0821727	0.252765	-0.0374321	0.0646452	-0.0575646	0	
0.216908	-0.0440675	0.245126	0.359608	-0.0267959	0.0332383	0.181877	0.046662	0.121922	0.0830137	0.342045	0.034476	0.76182	0.0194337	0.0478271	0.00580019	0.220335	0.106804	0.0178961	0.205787	0.0337943	0.142013	-0.00161205	0.253726	-0.0561256	0.065024	0.0638652	
0.24129	-0.0443122	0.244881	0.359363	-0.00576561	0.0329936	0.216937	-0.00699468	0.0857151	0.082769	0.3418	0.0468991	0.881306	-0.0041827	0.0234977	0.0103218	0.183732	0.106804	0.0176514	0.256857	0.0335496	0.114394	0.0394179	0.14398	-0.0563702	0.06331	0.0151034	
0.200218	-0.0443122	0.244881	0.446499	-0.00464384	0.0312855	0.131053	0.00751607	0.0718823	0.0788658	0.3418	0.00826502	0.727591	-0.00492513	0.0338892	-0.00188701	0.183732	0.0928049	0.012628	0.247474	0.0140536	0.144373	-0.0353677	0.240138	-0.0358815	0.06331	
0.200218	-0.0443122	0.256989	0.303045	0.0157437	0.0312855	0.186699	0.00751607	0.0571351	0.0261443	0.356697	0.060632	0.749475	-0.0299731	0.0338892	-0.00188701	0.181052	0.0928505	0.012628	0.247474	-0.0441903	0.144373	-0.0160513	0.212298	-0.0374531	0.0554394	-0.00980464	
0.200218	-0.0440656	0.219855	0.303045	0.127421	0.0312855	0.186699	-0.0128399	0.0109653	0.0515327	0.356697	0.0432186	0.674072	-0.0106394	0.00419991	0.00487773	0.189629	0.0928505	0.012628	0.247474	-0.0397503	0.113398	0.0594015	0.252089	-0.0365411	0.0640168	
0.167076	-0.0435887	0.258119	0.294056	0.187194	0.0312855	0.148576	0.0413257	0.0184969	0.0869575	0.347418	0.0619433	0.793744	-0.0283288	0.00555323	0.00487773	0.189629	0.0977628	0.00771575	0.265288	-0.0615495	0.116439	0.0438257	0.253543	-0.028388	0.0640168	
0.179392	-0.0478998	0.258119	0.392777	0.233968	0.0312855	0.191991	-0.0155065	0.0606099	0.0579605	0.347418	0.0946523	0.707398	-0.0283288	0.00724419	-0.000558587	0.193477	0.086418	0.00771575	0.202243	-0.0483065	0.155098	-0.0294829	0.140798	-0.0491689	0.0678648	0.189669	
0.181033	-0.0462587	0.25976	0.394418	0.237376	0.023525	0.231727	-0.0138653	0.0592909	0.0596017	0.36295	0.125497	0.729525	-0.0299592	0.0218619	0.00108255	0.175468	0.107868	0.00935689	0.203884	-0.0245107	0.160254	0.041748	0.248494	-0.0296231	0.0636398	-0.0144045	-0.00404208	
0.181033	-0.0439707	0.25976	0.394418	0.306621	0.0273531	0.185701	0.0304008	0.0667111	0.0596017	0.325154	0.142208	0.695096	-0.0350833	0.0218619	0.00108255	0.169127	0.0786488	0.00935689	0.242172	-0.0760364	0.160254	0.0860833	0.174352	-0.0465665	0.0613582	
0.181033	-0.0479569	0.25976	0.381488	0.267124	0.0273531	0.186527	0.0114182	0.0970298	0.0596017	0.308859	0.127115	0.620564	-0.0320497	0.0639255	0.00108255	0.16499	0.0812621	0.0067436	0.242172	-0.0708037	0.154278	0.0982394	0.24632	-0.0430858	0.0572208	
0.129885	-0.0479569	0.25976	0.429114	0.290847	0.0273531	0.183879	0.0114182	0.0883582	0.0611917	0.376042	0.0719996	0.620564	0.0121629	0.0353633	0.013004	0.174923	0.0914909	0.00939166	0.25652	-0.0562691	0.125737	0.0294012	0.207149	-0.0430858	0.063268	0	-0.0580255	-0.0190305	0	0.0512691	
0.176409	-0.0498027	0.25976	0.423343	0.290847	0.0365318	0.0114182	0.0976254	0.0611917	0.381805	0.103622	0.636436	0.0526205	0.0353633	0.011698	0.152381	0.0914909	0.00939166	0.253988	-0.0797516	0.148113	-0.0247768	0.347446	-0.0269975	0.0577014	0	0.190326	
0.1523	-0.0466922	0.226363	0.501803	0.277264	0.0141834	0.0332713	0.0976254	0.0611917	0.381805	0.068232	0.534335	0.111185	-0.020669	0.00105027	0.164895	0.0914909	0.00939166	0.203027	-0.0888296	0.158761	-0.00499489	0.368554	-0.0329871	0.0566307	0.190326	
0.1523	-0.047443	0.22864	0.501803	0.203659	0.0165655	0.0223648	0.193945	0.0529235	0.381805	0.0475413	0.33305	0.142845	0.00313473	0.00105027	0.152402	0.118074	0.00939166	0.214069	-0.0910941	0.134898	0.0403085	0.368554	-0.0417005	0.060504	0.166852	0.0192392	0	0	0.0164073	
0.1523	-0.0572055	0.22864	0.503579	0.277263	0.0165655	0.0223151	0.193945	0.0529235	0.381805	0.0480531	0.93243	0.142199	0.00595515	0.000469942	0.234449	0.147435	0.00939166	0.228956	-0.0932108	0.103839	0.0613586	0.47851	-0.0417005	0.060504	0.269275	-0.0212146	0.0169577	
0.120332	-0.0554077	0.22864	0.534445	0.443633	0.020419	0.0317703	0.096077	0.0529235	0.387452	0.056309	0.874984	0.123413	0.00335057	0.00639315	0.182053	0.145378	0.0114488	0.187214	-0.0932108	0.0979158	0.0380171	0.354817	-0.0287133	0.0647763	0.267218	0	
0.135404	-0.0554077	0.256577	0.513641	0.351123	0.0251982	0.0283213	0.0217065	0.0427064	0.387452	0.0162308	0.769309	0.091705	0.0336924	0.00708664	0.167565	0.144577	0.0122495	0.234187	-0.0906847	0.0972223	0.0948791	0.273149	-0.036245	0.0502878	0.227903	
0.135404	-0.0554077	0.256577	0.513641	0.167019	0.0251982	0.0305128	0.0102271	0.0427064	0.275693	0.373708	0.0740936	0.793153	0.091705	0.0336924	-0.00219768	0.165716	0.144577	0.0122495	0.23831	-0.0839468	0.106507	0.10251	0.293598	-0.0303306	0.0484388	0	
0.135404	-0.053758	0.256577	0.500161	0.182747	0.0295873	-0.00779258	0.0102271	0.048466	0.243227	0.37564	0.0495512	0.933327	0.091705	0.0289669	0.00211372	0.156119	0.144577	0.0122495	0.271125	-0.0685418	0.156387	-0.0400431	0.257521	-0.0303306	0.0388423	0.0920908	
0.123637	-0.0583827	0.256577	0.500161	0.320564	0.0295873	0.00969683	0.00969982	0.0512753	0.237181	0.37564	0.0403498	1.15118	0.0963809	0.0289669	0.00806414	0.157796	0.164151	0.0122495	0.249241	-0.0737323	0.150437	-0.0657566	0.257521	-0.0198282	0.0405194	0.0183119	
0.11435	-0.0541679	0.256577	0.412742	0.233822	0.0295873	0.00544839	0.0106166	0.0343143	0.237181	0.281622	0.080009	0.771047	0.110271	0.00615112	0.00806414	0.17483	0.164151	0.0122495	0.241919	-0.0738182	0.157686	-0.0572205	0.244781	-0.0070584	0.040371	
0.115941	-0.0541679	0.256577	0.412742	0.174983	0.0272043	0.0286791	0.0119843	0.0459519	0.240583	0.24602	0.080009	0.673121	0.178043	0.00799561	-0.00513396	0.170331	0.136679	0.0122495	0.258083	-0.0582826	0.174985	-0.000894945	0.192753	-0.0070584	0.035872	0.00952107	
0.156518	-0.0572	0.245877	0.433693	0.0758434	0.0272043	-0.000862282	0.00348796	0.0344656	0.236667	0.320746	0.187735	0.584375	0.118647	0.0157085	9.69613e-05	0.175436	0.13796	0.0109693	0.258083	-0.0638428	0.185202	0.0975764	0.216554	-0.0070584	0.0409767	
0.11488	-0.0547102	0.245877	0.433693	0.00270574	0.021373	0.0215655	0.0186432	0.0515981	0.130835	0.260014	0.142568	0.584375	0.118647	0.0303066	9.69613e-05	0.190026	0.150138	0.0109693	0.233519	-0.0718898	0.129414	0.0657608	0.322962	-0.0331847	0.0409767	
0.147028	-0.0580533	0.242999	0.398237	-0.0339031	0.021373	0.0102568	0.0186432	0.0515981	0.199636	0.260014	0.0724354	0.747338	0.0803576	0.0207699	9.69613e-05	0.189385	0.147836	0.0141278	0.233519	-0.0546674	0.129414	0.100682	0.228701	-0.0331847	0.0403357	
0.146326	-0.0580533	0.242999	0.430946	0.0680329	0.021373	-0.000363912	0.0371916	0.0434587	0.209162	0.237858	0.0520967	0.870281	0.107299	0.0207699	9.69613e-05	0.234879	0.147836	0.0141278	0.233519	-0.0439983	0.135979	0.153694	0.253171	-0.0486408	0.0403357	0.140729	
0.146326	-0.0580533	0.242999	0.430946	0.0206018	0.0243292	0.0252059	0.0293153	0.058565	0.227998	0.260292	0.141504	0.870281	0.160525	0.0207699	9.69613e-05	0.231605	0.14916	0.0128035	0.200961	-0.0648225	0.16254	0.0609079	0.274601	-0.0349139	0.0467615	
0.146326	-0.0579704	0.238486	0.41217	0.35561	0.0371121	0.000213169	-0.00597642	0.0484671	0.170616	0.238009	0.125249	0.861122	0.157247	0.0171634	9.69613e-05	0.231605	0.14916	0.0128035	0.240828	-0.0703404	0.16254	0.07342	0.224848	-0.00614824	0.0467615	
0.127658	-0.0417741	0.238486	0.41217	0.340712	0.0371121	0.0316853	-0.0237674	0.0484671	0.176148	0.186375	0.0228988	0.9607	0.143839	0.0171634	0.000847657	0.198813	0.14916	0.0128035	0.223788	-0.0744803	0.161789	0.105505	0.268624	-0.0107233	0.0446752	
0.127967	-0.0417741	0.238486	0.41217	0.340712	0.0323304	0.0133219	-0.0244004	0.0484671	0.16206	0.217286	0.0792543	0.762064	0.143839	0.0219941	0.00320508	0.198813	0.151218	0.0107461	0.223788	-0.0592629	0.159432	0.105505	0.187247	-0.0249477	0.0446752	-0.050735	0.0305147	
0.127959	-0.0338873	0.278845	0.29153	0.550046	0.0323224	0.00172419	0.0215859	0.0391683	0.16206	0.240824	0.0162112	0.812108	0.0904961	0.0199715	0.0031971	0.238325	0.151218	0.0107381	0.219238	-0.0399629	0.15781	0.0574927	0.237355	0.00821866	0.0431893	-0.0455388	0.0910508	-0.0257547	
0.127959	-0.0259878	0.243957	0.301904	0.527626	0.0323224	-0.0173517	-0.0199283	0.0391683	0.216935	0.240824	-0.0145171	0.580245	0.0769653	0.0199715	0.0031971	0.238325	0.150643	0.0113128	0.219238	-0.0467247	0.161866	-0.000433369	0.211256	0.00821866	0.0431893	-0.0221747	0	0.0341209	
0.184934	-0.0259878	0.243957	0.378983	0.527626	0.0323224	-0.0173517	-0.0193576	0.0572188	0.194144	0.240824	-0.0123319	0.688203	0.127959	0.0571199	0.0031971	0.200358	0.121909	0.0113128	0.264495	-0.0695709	0.156689	0.0281666	0.16589	0.0189088	0.0384517	-0.0486742	0	
0.168001	-0.0259878	0.243957	0.378983	0.527626	0.02969	0.00157289	0.0165562	0.0420974	0.216526	0.240824	0.012953	0.696596	0.155514	0.0643834	0.0031971	0.190889	0.149775	0.0113128	0.264495	-0.0682087	0.156689	0.000320317	0.168248	0.0189088	0.0466675	-0.0544233	
0.163254	-0.0259878	0.243957	0.421099	0.578411	0.02969	-0.0018599	-0.0230851	0.056302	0.216526	0.296804	0.00942571	0.689493	0.0924311	0.044529	0.0031971	0.204486	0.149775	0.0113128	0.281299	-0.0772883	0.167607	0.0139389	0.186124	0.0189088	0.0466675	-0.0560926	0	0	
0.155517	-0.0275754	0.243957	0.445556	0.62227	0.02969	0.0299022	0.0030008	0.056302	0.197168	0.242119	0.0726471	0.74046	0.0846218	0.0405752	-0.00042223	0.210722	0.144259	0.0113128	0.258049	-0.0729218	0.181153	0.0951471	0.177743	0.0189088	0.0529041	-0.0486704	
0.110079	-0.0298323	0.243957	0.445556	0.619213	0.02969	0.0290785	0.0405654	0.0528499	0.186951	0.271951	0.0426078	0.826822	0.114981	0.0714229	0.00598195	0.210722	0.144259	0.0113128	0.185272	-0.0527506	0.174749	-0.0316819	0.203093	0.0192081	0.0529041	-0.0646616	0	
0.110079	-0.0311981	0.243957	0.481544	0.619213	0.02969	0.0215907	0.0224891	0.0446423	0.145586	0.273317	0.0885005	0.826822	0.0408501	0.0426416	0.00598195	0.210722	0.14423	0.0113418	0.227256	-0.0685145	0.204869	-0.0377868	0.203093	0.0549167	0.0529041	-0.0635206	0.0556234	-0.0248512	0.0395613	
0.110079	-0.0311981	0.243957	0.481544	0.563096	0.0364894	0.0127549	0.0276646	0.0745074	0.217955	0.312224	0.0885005	0.826822	0.050827	0.032328	0.00330183	0.205624	0.143515	0.0113418	0.21866	-0.0712964	0.207549	-0.0297864	0.203093	0.0549167	0.0478059	-0.0635206	0	
0.100999	-0.0311981	0.21766	0.429069	0.545932	0.0364894	0.0127549	0.00471541	0.00709142	0.191366	0.336708	0.0659219	0.529453	0.0161533	0.032328	0.00330183	0.194257	0.123588	0.0101167	0.245617	-0.0560658	0.174036	0.0747533	0.221549	0.0455976	0.0478059	-0.0778179	0.006183	
0.128953	-0.0311981	0.21766	0.402272	0.545932	0.0364894	-0.00177353	0.00534009	0.00709142	0.307712	0.334172	0.0397062	0.431435	0.0573249	0.032328	0.00330183	0.190125	0.104675	0.0104538	0.2733	-0.0563811	0.174036	0.0964827	0.168491	0.00552565	0.043674	-0.0789765	0	
0.128953	-0.0311981	0.234542	0.36129	0.466882	0.0364894	-0.0270115	0.0147932	0.0330051	0.241418	0.332751	0.0942188	0.608115	0.0352421	0.0189812	-0.00254865	0.208015	0.10094	0.0141881	0.2733	-0.0687541	0.188583	0.113113	0.237835	0.00552565	0.0421596	-0.0802733	0	
0.117896	-0.0311981	0.255704	0.344542	0.232397	0.0362766	0.00185774	0.0121494	0.0127059	0.299992	0.332751	0.0972773	0.426954	0.0309745	0.0189812	-0.00508158	0.232329	0.10094	0.0141881	0.328155	-0.0628832	0.191116	0.104641	0.114381	-0.0371119	0.0421596	-0.066306	
0.117896	-0.038011	0.214688	0.303199	0.232397	0.0228026	0.0459414	0.0494069	0.0539978	0.249166	0.339563	0.159669	0.430011	0.0323216	0.0213113	-0.00508158	0.238169	0.10094	0.0141881	0.342968	-0.0688067	0.214586	0.0689325	0.114381	-0.0237274	0.0479994	-0.0726987	-0.0221577	
0.140497	-0.0459798	0.278877	0.494827	0.27291	0.024526	0.0172124	0.0416884	0.0539978	0.249166	0.347532	0.104653	0.4811	-0.00300102	0.0309625	0.0107462	0.220992	0.10094	0.0141881	0.342968	-0.0580001	0.198758	0.0800094	0.0787335	0.00136481	0.0528628	-0.0853296	
0.141486	-0.0459798	0.278877	0.460611	0.27291	0.0238887	-0.00341439	0.0645539	0.0343409	0.249166	0.347308	0.0970374	0.563154	-0.0197172	0.0287475	0.000478321	0.175739	0.10094	0.0141881	0.342968	-0.0662682	0.190085	0.0707961	0.0854913	-0.00871344	0.0528628	-0.0763308	-0.0359692	0.0600947	
0.15128	-0.0449257	0.278877	0.534462	0.27291	0.0238887	-0.00257274	0.0645539	0.0512105	0.20181	0.346254	0.0660042	0.570541	-0.00427698	0.0207911	0.0102073	0.174528	0.122953	0.00935928	0.301205	-0.0585882	0.180356	0.0668401	0.136581	-0.0359299	0.0558428	-0.0814347	0	
0.107125	-0.0425758	0.278877	0.491434	0.247882	0.0238887	0.0123437	0.059016	0.0512105	0.144043	0.343904	0.116576	0.595727	-0.0262567	0.0269594	0.0170808	0.147918	0.1268	0.00842207	0.337073	-0.0590344	0.200811	0.27954	0.152505	-0.0198751	0.0558428	-0.0805536	0.0331732	
0.107125	-0.0402136	0.318734	0.589629	0.266155	0.0238887	0.0318434	0.125922	0.0315568	0.212128	0.34597	0.117407	0.595727	-0.0301407	0.0178094	0.0199311	0.17658	0.108394	0.00842207	0.337073	-0.0494275	0.19796	0.0732709	0.152505	-0.0244235	0.0606668	-0.0754531	0	0	-0.01545	
0.107125	-0.0408167	0.312846	0.604124	0.310357	0.0238887	0.0318434	0.125922	0.0232195	0.147405	0.346573	0.107448	0.717764	-0.0457367	0.0334603	0.0199311	0.182303	0.10903	0.00683957	0.271016	-0.0325046	0.207754	0.022333	0.241276	-0.0115934	0.0663891	-0.0657607	-0.00353934	
0.13134	-0.0337018	0.312846	0.604124	0.310357	0.0276294	0.019879	0.191509	0.027056	0.124087	0.372238	0.0976987	0.717764	-0.0455072	0.0387489	0.0164399	0.157224	0.109977	0.00589248	0.271016	-0.0726699	0.188876	0.0710002	0.182126	-0.0115934	0.0713959	-0.0667827	0.0730237	-0.013214	-0.0151118	
0.128289	-0.031051	0.323306	0.487848	0.310357	0.0276294	0.0844417	0.191509	0.0356704	0.126018	0.369588	0.118631	0.657227	-0.0316692	0.0824826	0.0164399	0.155781	0.104581	0.0112886	0.237006	-0.0809383	0.188876	0.155832	0.239985	-0.0115934	0.0713959	-0.0840117	
0.132031	-0.031051	0.335924	0.434479	0.260572	0.0281457	0.128914	0.191509	0.0466929	0.113667	0.361352	0.0725705	0.504345	-0.0145859	0.0319216	0.0164399	0.146991	0.0933318	0.0112886	0.219403	-0.0787079	0.188876	0.0772201	0.237856	-0.0115934	0.0713959	-0.0880412	
0.143041	-0.0337289	0.335924	0.434479	0.230078	0.0317364	0.128914	0.167507	0.0466929	0.142613	0.36403	0.128848	0.940648	0.0176627	0.0229208	0.0164399	0.150246	0.0940608	0.0111655	0.208166	-0.0791092	0.188876	0.00636819	0.213021	0.0033809	0.0713959	-0.0890417	0.0652811	
0.146329	-0.0337289	0.315445	0.361059	0.261033	0.0317364	0.171209	0.198939	0.0571435	0.142613	0.36403	0.0829198	0.476907	0.0176627	0.0451073	0.0167364	0.150246	0.0940608	0.0111655	0.336685	-0.0417026	0.178868	0.0073083	0.12289	0.0033809	0.0713959	-0.0741871	0.00744487	
0.125057	-0.0344991	0.285342	0.447035	0.250415	0.0309661	0.132431	0.206964	0.0506492	0.142613	0.36403	0.0843243	0.712697	0.0741782	0.044337	0.00358289	0.120504	0.104696	0.0103953	0.324543	-0.0734553	0.191251	0.0330821	0.195809	-0.0124639	0.0721661	-0.0888889	
0.115982	-0.0311868	0.278723	0.425037	0.250415	0.0309661	0.122059	0.206964	0.0506492	0.106608	0.391891	0.016932	0.712697	0.0570693	0.033136	0.00358289	0.185262	0.101216	0.0103953	0.324543	-0.0812622	0.191251	0.0942765	0.195809	-0.0124639	0.0721661	-0.0923742	-0.0285248	-0.0153436	0	
0.148805	-0.0311925	0.240448	0.443284	0.20928	0.0237765	0.0894881	0.189498	0.0377572	0.147617	0.391891	0.0943515	0.593101	0.148448	0.0331302	0.00357717	0.186172	0.111185	0.0103896	0.269523	-0.0845248	0.191251	0.0518194	0.205966	-0.0196617	0.0730818	-0.0827438	0.0295188	
0.148805	-0.0311925	0.240448	0.443284	0.20928	0.0237765	0.0894881	0.189498	0.0377572	0.147617	0.37844	0.0650573	0.525045	0.031629	0.0298353	0.00703203	0.186145	0.118521	0.0103896	0.269523	-0.0873502	0.195745	0.114166	0.236414	-0.0196617	0.0730818	-0.0689523	-0.00119571	0	0.0947393	
0.120295	-0.0379955	0.240448	0.447276	0.261724	0.0184863	0.0989938	0.19874	0.037173	0.148944	0.361435	0.115942	0.778617	0.0915867	-0.0136179	0.00277885	0.18544	0.118469	0.0103896	0.269523	-0.0546391	0.199998	0.172073	0.271973	-0.030119	0.072377	-0.0819531	
0.128071	-0.0423975	0.220048	0.447276	0.278672	0.0184863	0.106511	0.19874	0.0163276	0.148944	0.365837	0.115942	0.690235	0.144057	0.0318096	0.000741309	0.18544	0.142242	0.0103896	0.269523	-0.0649179	0.230303	0.172073	0.2425	-0.030119	0.072377	-0.0897845	
0.112113	-0.0439824	0.220048	0.478732	0.238291	0.0184863	0.0963049	0.147717	0.0311744	0.126086	0.367422	0.141692	0.548272	0.103918	0.0248414	-0.00310862	0.212784	0.142349	0.0102833	0.286875	-0.0816907	0.238	0.0704977	0.187285	0.0238889	0.072377	-0.0817595	0.00962625	
0.0948894	-0.0450796	0.232205	0.478732	0.238291	0.0184863	0.106214	0.088809	0.0693736	0.138508	0.36852	0.106048	0.462429	0.103918	0.0124105	5.17795e-05	0.22011	0.11312	0.0102833	0.32055	-0.0666998	0.23484	0.207007	0.273563	0.00304173	0.0797027	-0.0950177	0.00891495	0.00360428	0	
0.0955408	-0.0483225	0.232205	0.456082	0.280719	0.0184863	0.107218	0.088809	0.0509141	0.128206	0.371763	0.156339	0.685121	0.0644901	0.0124105	5.17795e-05	0.239348	0.11312	0.0102833	0.304768	-0.0561262	0.23484	0.133395	0.17101	-0.0256532	0.0802713	-0.086985	
0.0955408	-0.0460734	0.21546	0.487795	0.280719	0.0184863	0.106955	0.154547	0.0509141	0.109606	0.352826	0.156339	0.912918	0.0333398	0.0392455	5.17795e-05	0.274297	0.109874	0.0135294	0.240349	-0.0690866	0.246576	0.142151	0.159212	-0.0270151	0.0865279	-0.0815757	
0.0965413	-0.0480959	0.21646	0.430392	0.298712	0.0194867	0.0561404	0.123379	0.0519146	0.137916	0.355849	0.144152	0.695486	-0.00485732	0.0493847	-0.000144219	0.26373	0.109874	0.0145299	0.24135	-0.0411707	0.247772	0.0541424	0.243024	0.0121066	0.0767387	-0.0722499	
0.123154	-0.0465829	0.21646	0.430392	0.268935	0.0336863	0.0547334	0.123379	0.0519146	0.137916	0.354335	0.144152	0.638181	0.000101304	0.0737086	0.00253222	0.265387	0.110635	0.0145299	0.245982	-0.0557862	0.226081	0.0855267	0.243024	0.0121066	0.0847924	-0.0722929	0.0123806	
0.109847	-0.0461345	0.240072	0.430392	0.220965	0.0306956	0.0482661	0.118373	0.01983	0.1251	0.370193	0.124443	0.72753	-0.0187492	0.0178863	0.00253222	0.233777	0.126502	0.0145299	0.282902	-0.0741571	0.226081	0.0674124	0.322648	-0.0138089	0.0724103	-0.0736248	0	
0.139985	-0.0511662	0.240072	0.430392	0.239259	0.0259868	0.0272159	0.115989	0.0406851	0.151498	0.358164	0.0915385	0.836709	-0.0187492	0.0123995	0.00253222	0.228704	0.119332	0.0145299	0.26587	-0.0640116	0.226081	0.161277	0.240869	-0.0138089	0.0746197	-0.0736894	0	
0.15124	-0.0511662	0.240072	0.386476	0.314991	0.0259868	0.0209875	0.115989	0.038279	0.145411	0.406351	0.170132	0.836709	-0.00294746	0.0123995	0.00253222	0.212388	0.136417	0.0145299	0.26587	-0.0791172	0.214635	0.20435	0.161006	-0.0436396	0.0645617	-0.0673665	
0.0952119	-0.0504854	0.240753	0.387157	0.252632	0.0266675	0.0187096	0.11667	0.0557974	0.148487	0.374807	0.171326	0.782232	-0.00226668	0.0224275	0.0298988	0.212626	0.136417	0.0152107	0.26655	-0.0643707	0.194535	0.197717	0.216985	-0.0117189	0.0675162	-0.0717414	
0.156291	-0.0494423	0.241796	0.509977	0.318022	0.0277106	0.0436575	0.117713	0.0355112	0.119381	0.374807	0.174831	1.03314	-0.00122358	0.0234706	0.0309419	0.212626	0.0914934	0.0162538	0.250176	-0.0749744	0.194535	0.281072	0.186796	0.00566259	0.0664731	-0.0652302	
0.115915	-0.04914	0.247051	0.486866	0.20503	0.0280129	0.0419325	0.111303	0.0358135	0.119381	0.366808	0.175133	0.97302	0.0308352	0.0653864	0.0312442	0.15995	0.0914934	0.0165561	0.244624	-0.063366	0.197009	0.325608	0.175638	0.00596488	0.0661708	-0.0624003	0.00693169	0.000302291	
0.110066	-0.0462438	0.247051	0.459937	0.20503	0.0280129	0.0228079	0.173879	0.0710449	0.129265	0.363912	0.175133	1.22578	0.0308352	0.0653864	0.0312442	0.175107	0.0598523	0.0165561	0.332942	-0.0641646	0.197009	0.377372	0.174297	-0.0111647	0.0642023	-0.067245	0	
0.146965	-0.0452796	0.225822	0.417508	0.100352	0.0280129	0.0251807	0.145365	0.0344935	0.157414	0.362947	0.114393	0.753383	0.0597278	0.0462308	0.0267508	0.175046	0.0581879	0.0182205	0.339869	-0.0457578	0.201502	0.142979	0.298203	0.00329195	0.0641411	-0.062351	
0.168918	-0.0484798	0.225822	0.42653	0.206266	0.0280129	0.0251807	0.223452	0.0354551	0.114892	0.366148	0.0681651	0.67334	0.0597278	0.0233879	0.00850002	0.188947	0.059226	0.0182205	0.309315	-0.0696796	0.173172	0.418789	0.281633	-0.00855886	0.0591933	-0.0630265	
0.168918	-0.0484798	0.225822	0.42653	0.31991	0.0280129	0.0271702	0.271281	0.0594749	0.114892	0.359387	0.0908406	0.767577	0.00272847	0.0148579	0.00850002	0.189223	0.059226	0.0182205	0.309315	-0.0798096	0.15746	0.30344	0.343198	-0.0322338	0.0594692	-0.0747861	
0.168918	-0.0484798	0.225822	0.325224	0.19637	0.0280129	0.0193677	0.338111	0.0420657	0.126726	0.359387	0.0983685	0.483254	-0.00528571	0.0207689	0.013033	0.214007	0.0582175	0.019229	0.309315	-0.07616	0.168067	0.470819	0.343198	-0.0344751	0.0594692	-0.0700617	
0.163079	-0.0552526	0.227887	0.419179	0.180955	0.0273741	0.0337277	0.279427	0.0458586	0.0961276	0.366159	0.0694196	0.608391	-0.0098656	0.0229961	0.0159441	0.225556	0.0755827	0.024989	0.320626	-0.0677313	0.166652	0.570206	0.255736	-0.0579783	0.0651887	-0.0590609	
0.175778	-0.0552526	0.227887	0.395062	0.201078	0.0273741	0.0415647	0.342177	0.065682	0.0924824	0.366159	0.00810399	0.684086	-0.0098656	0.0427537	0.010904	0.221249	0.0755827	0.024989	0.320626	-0.0604072	0.171692	0.718766	0.35789	-0.0225931	0.0608811	-0.0697486	
0.182091	-0.0552526	0.225706	0.395062	0.390145	0.0273741	0.00190725	0.342177	0.0441679	0.12608	0.366159	0.0741451	0.684086	-0.0171447	0.0121174	0.010904	0.224745	0.0677592	0.024989	0.320626	-0.0440411	0.180469	0.832131	0.305839	-0.014412	0.0659825	-0.0679153	0	
0.110734	-0.0576616	0.225706	0.413482	0.432346	0.0273741	0.0307926	0.376512	0.0441679	0.126898	0.378949	0.0970305	0.494362	-0.0171447	0.0121174	0.010904	0.192077	0.0677592	0.024989	0.347096	-0.0485116	0.183823	0.868572	0.228993	-0.0301247	0.0632348	-0.0708759	
0.112816	-0.0557206	0.230082	0.371401	0.352613	0.0273741	0.00805797	0.376512	0.0640658	0.126898	0.379614	0.0672251	0.598639	-0.0191807	0.0204832	0.010904	0.206181	0.0677592	0.024989	0.455692	-0.0391523	0.183823	0.868572	0.325101	-0.0151361	0.0632348	-0.0492566	0.0105329	
0.112816	-0.06093	0.230082	0.371401	0.30255	0.0273741	0.0265114	0.376512	0.0624806	0.157302	0.413653	0.0448991	0.628303	-0.0663273	0.0204832	0.0286143	0.21155	0.0677592	0.024989	0.542299	-0.0438138	0.174031	0.960369	0.325101	0.01789	0.0632348	-0.057966	
