0.181062	0.0124537	-0.0524089	-0.0602781	0.202685	0.411402	0.0119746	0	0	0	0	0	0	0	0	0	0	0	0	0	0	0	0	0	0	0	0	0	0	0	0	0	0	0	0	0	0	0	0	0	0	0	0	0	0	0	0	0	0	0	0	0	0	0	0	0	0	0	0	0	0	0	0	0	0	0	0	0	0	0	0	0	0	0	0	0	0	
0.227593	0.0142703	-0.0559991	-0.0638682	0.199095	0.384785	0.00838444	0.024376	0.0261432	-0.00981524	-0.00111403	0.0988597	0.0581735	0.0604271	-0.0252767	0.0680541	0.00530528	-0.0604381	-0.00359015	0.153158	-0.0254197	-0.00359015	-0.0189389	-0.0212394	0.133656	0.0101623	-0.00359015	0.00217836	-0.0445636	0.0885512	-0.0501212	0.0458341	-0.00359015	-0.0210951	-0.00359015	0.0637064	
0.251858	0.0142703	-0.0607053	-0.0633419	0.0898789	0.384785	0.225358	0.0928884	0.00538782	0.00718142	0.0503717	-0.0130311	-0.0839823	0.163942	0.0658708	0.00647159	-0.0208369	-0.0501212	-0.018375	0.157447	-0.0316724	
0.246467	0.0142703	-0.0586928	-0.0590538	0.0753041	0.277276	0.225358	0.109249	0.03678	0.163942	-0.0447297	0.0181217	0.00749464	0.00647159	-0.023778	0.0305262	0.0828387	
0.261954	-0.00408924	-0.0741503	-0.0644466	0.130301	0.254977	0.213623	0.116753	-0.0447297	0.182323	0.0181217	0.0145803	0.035181	0.0578273	0.12417	0.167942	-0.0216275	-0.0293679	
0.255341	0.00866643	-0.10124	-0.0644466	0.150929	0.254977	0.218514	0.169278	-0.068949	0.0912169	0.0181217	-0.0322381	0.0175299	0.0866559	0.176457	0.0954096	0.222816	-0.0105912	0	
0.223857	0.00215534	-0.0913044	-0.0644466	0.107348	0.278172	0.214694	0.0336316	-0.0784153	0.060483	-0.0266378	0.0314322	0.0854724	0.252158	0.0893871	0.222816	-0.0116273	
0.226962	0.00726666	-0.0948208	-0.0800186	-0.0270273	0.295598	0.24076	0.117502	-0.0808434	0.130203	-0.0270923	0.0321083	0.180993	-0.0351714	0.310163	0.196301	0.246807	0	
0.250788	0.00702227	-0.102416	-0.0805625	-0.0261668	0.360761	0.196339	0.157469	-0.0774605	0.06307	-0.0479029	0.0321083	0.0170226	0.287144	0.119421	0.276988	0.235408	-0.00667614	0	0	
0.210468	0.00702227	-0.105939	-0.0848449	-0.011451	0.360761	0.20298	0.132905	-0.0780206	0.138047	-0.051464	0.342737	0.0676928	0.189804	0.230483	0.0118101	-0.045949	0.0624721	
0.211517	0.00702227	-0.102738	-0.0898183	-0.0500997	0.360761	0.185843	0.136487	-0.0790699	0.116219	-0.0458447	0.306477	0.359613	0.0118101	0.0676928	0.294461	
0.200101	0.00702227	-0.0957935	-0.0694853	-0.0376051	0.364757	0.250583	0.152277	-0.0809126	0.163235	-0.046864	0.249889	0.359613	0.0129537	0.0428096	0.263517	0	
0.218866	0.00702227	-0.084468	-0.0683109	-0.014709	0.41586	0.229229	0.130028	-0.094649	0.136706	-0.0471387	0.210851	0.392833	-0.00392061	0.0795808	0.284665	-0.0203688	
0.204895	0.00669013	-0.0978234	-0.0829362	-0.0550383	0.501851	0.213348	0.112415	-0.105036	0.105193	-0.0611924	0.138639	0.392501	-0.00425276	0.0525711	0.284333	-0.030203	
0.16825	0.00876514	-0.103798	-0.0822614	-0.0292873	0.362337	0.213348	0.0929524	-0.0886132	0.1909	-0.0594938	0.174934	0.360948	0.00144616	0.0525711	0.384378	
0.176169	0.0093936	-0.101273	-0.0811096	-0.0295818	0.362966	0.213976	0.131293	-0.100445	0.209831	-0.0659022	0.117557	0.361576	0.0124918	0.0531996	0.401266	
0.184844	0.00719528	-0.0953834	-0.0811096	-0.0362399	0.403017	0.206975	0.133319	-0.0918985	0.136794	-0.0348509	0.0814318	0.419951	-0.0107304	0.0299043	0.316568	
0.175721	0.00719528	-0.0985451	-0.0811096	-0.0409396	0.437083	0.196336	0.109571	-0.103346	0.171833	-0.0548163	0.173607	0.458446	-0.0448799	0.047427	0.316568	
0.24233	0.00719528	-0.0912134	-0.0885488	-0.049161	0.437083	0.196336	0.018621	-0.0963649	0.143869	-0.0582947	0.0996762	0.328172	-0.0475553	0.0887735	0.388009	0.0588978	
0.245159	0.00719528	-0.0893786	-0.0820022	-0.0361102	0.437083	0.196336	0.0529445	-0.0991943	0.0382617	-0.0649794	0.0846708	0.350328	-0.0440619	0.100285	0.388009	0.206501	0	
0.213485	0.00719528	-0.100449	-0.078494	-0.00661962	0.426433	0.196336	0.0332697	-0.0917989	0.142208	-0.071206	0.088792	0.351084	-0.0440619	0.100285	0.378242	0	
0.226845	0.00719528	-0.105999	-0.080228	-0.0300744	0.426433	0.216944	0.0732469	-0.100569	0.118202	-0.0699037	0.102931	0.363415	-0.0639018	0.107135	0.40008	0.0612897	
0.225198	0.000137395	-0.0850113	-0.0817888	-0.023728	0.454222	0.216944	0.000487055	-0.101166	0.118202	-0.0591417	0.150604	0.401313	-0.0251097	0.19558	0.412424	
0.216186	-0.00376634	-0.0714114	-0.0776774	-0.0354862	0.396745	0.228432	0.0425409	-0.092155	0.0754684	-0.0669224	0.101617	0.347547	-0.0251097	0.19558	0.412424	
0.222453	-0.00410507	-0.0647667	-0.0847787	-0.0313087	0.314475	0.211336	0.0673418	-0.101557	0.111732	-0.0593312	0.162517	0.323472	-0.0126906	0.0666807	0.412424	
0.232061	-0.00240369	-0.0589365	-0.0740727	-0.0293818	0.235887	0.211336	0.0176023	-0.0998281	0.125226	-0.0505775	0.189183	0.263205	0.00106255	0.173352	0.360853	0.0742765	0.0166851	
0.194803	-0.00240369	-0.0655209	-0.073876	-0.0280498	0.235887	0.209553	0.060494	-0.0996506	0.193038	-0.0402534	0.192847	0.165986	0.00102796	0.156988	0.360853	0	0	
0.237856	0.0122899	-0.0532133	-0.0754596	-0.0464245	0.216792	0.191876	0.0191131	-0.1045	0.136909	-0.0323248	0.208148	0.264924	-0.00472967	0.123366	0.360853	0.0191279	
0.205966	0.000654667	-0.072869	-0.0778021	-0.0403764	0.340797	0.233859	0.0191889	-0.0869714	0.208131	-0.0394702	0.136983	0.264924	0.00320671	0.123366	0.349347	
0.212412	0.00779991	-0.0833326	-0.0736352	-0.050845	0.198418	0.218155	0.0191889	-0.0368209	0.118571	0.299942	-8.26456e-05	0.143712	0.292015	-0.0934172	
0.288644	0.00663551	-0.0841231	-0.0689294	-0.0482391	0.211518	0.0630638	-0.0400896	0.179637	0.279241	-0.0441141	-0.0140702	0.128251	0.280837	-0.0972973	0.250322	0.00541395	
0.307291	0.00200387	-0.0978808	-0.0679808	0.251271	0.248311	0.041858	-0.0468266	0.231132	0.162774	-0.049809	-0.031675	-0.104988	0.144372	0.323635	
0.258097	0.00486311	-0.0982947	-0.0797307	0.317857	0.059675	-0.0458011	-0.102815	0.1117	-0.0595687	-0.00932945	0.212604	0.124898	0.276582	
0.264155	0.000535169	-0.100419	-0.0786655	0.304039	0.00994085	-0.0244974	-0.108873	0.0197779	-0.0433739	-0.0170371	0.212604	0.153238	0.186665	
0.259806	-0.00303814	-0.101626	-0.0750576	0.328538	0.0235638	-0.035238	-0.0939334	-0.0348876	-0.0432168	-0.00633994	0.211762	0.148396	0.141169	-0.0538273	
0.327387	0.0139305	-0.102163	-0.0743112	0.367894	0.024466	-0.0082833	-0.103348	0.0356458	-0.0372456	0.0180904	0.211762	0.096948	0.2276	
0.299761	0.0139305	-0.0719845	-0.0708188	0.414047	0.0273203	-0.00752105	-0.103107	-0.00414731	-0.0570292	0.0517655	0.221051	0.130736	0.199756	0.0123244	
0.272352	0.00564887	-0.0582587	-0.074798	0.391677	0.0970127	-0.0286261	-0.10489	0.06445	-0.040323	0.047598	0.215037	0.132347	0.163576	0.0102527	
0.181847	0.00564887	-0.0253693	-0.0847529	0.36682	0.0878138	-0.0173992	-0.0918269	0.00642952	-0.0383568	0.047598	0.241004	0.201668	0.235333	0	
0.199537	0.00564887	-0.026809	-0.0771663	0.268072	0.049109	0.000538866	-0.0878369	0.0357218	-0.0591068	0.047598	0.238855	0.164774	0.201455	
0.176589	0.00564887	-0.026809	-0.0805786	0.339328	0.0381908	-0.00359183	-0.0922417	-0.0109548	-0.0410148	0.0511495	0.238855	0.149371	0.191329	0	
0.155674	0.00630171	-0.026809	-0.0877055	0.339328	0.0192989	-0.0249483	-0.0861328	-0.0272757	-0.0176845	0.0359995	0.238855	0.130938	0.144155	0.0783873	
0.167844	0.00912544	-0.0178225	-0.0836975	0.339328	0.058926	-0.0363436	-0.0983027	-0.0234592	-0.0549915	0.0359995	0.238139	0.144703	0.170621	0.139013	
0.194599	0.00715214	-0.0261986	-0.0767468	0.341159	0.113202	-0.0328042	-0.0930371	-0.0265687	-0.0462418	0.0269813	0.23997	0.114485	0.21184	0.113576	0	
0.256233	0.00679324	-0.0261986	-0.0803061	0.340026	0.0501224	-0.0191116	-0.0983925	0.0625878	-0.018873	0.0317534	0.202344	0.216325	0.327003	0.104453	0.0162677	
0.257363	0.0106366	-0.0258142	-0.0846982	0.276115	-0.00648569	-0.0320036	-0.0991913	-0.00495768	-0.025329	0.0365143	0.202675	0.233239	0.217363	0.1004	
0.250665	0.0141485	-0.0247101	-0.0770869	0.25619	0.0353945	-0.0371608	-0.0890281	-0.00408597	-0.0311578	0.012099	0.197868	0.297879	0.290085	0.111551	0.164134	0.00433666	
0.199685	0.00650872	-0.0186365	-0.0770869	0.223544	0.0383187	-0.0610382	-0.0953848	0.0226423	-0.00938653	0.0102366	0.232682	0.332252	0.335778	0.101229	-0.0402504	0.0463707	
0.196465	0.0105114	-0.0186365	-0.0888774	0.165471	0.0331672	-0.0563556	-0.0921649	-0.0435039	-0.0349921	0.0102366	0.207945	0.297425	0.335778	0.118767	0	
0.240415	0.0105114	-0.0240345	-0.0806306	0.255473	0.0881582	-0.0550646	-0.100175	0.0442636	-0.0549252	0.00693512	0.224038	0.302504	0.270464	0.0898854	0	
0.221764	0.00705468	-0.018638	-0.0779465	0.217479	0.0605237	-0.0651665	-0.0862404	0.010737	-0.0326543	0.0024716	0.224038	0.3096	0.290364	0.0697452	0	
0.209624	0.00705468	-0.00154085	-0.0853552	0.218972	-0.0214368	-0.0435117	-0.0944568	-0.0157053	-0.051498	0.0109953	0.228822	0.280175	0.275547	0.115256	0.0276732	
0.205577	0.00751159	-0.00658307	-0.0884555	0.267385	0.0491221	-0.0476508	-0.103436	-0.0283942	-0.0620936	0.00529473	0.260846	0.308533	0.276004	0.132726	0.00965225	
0.214048	0.0111481	-0.00658307	-0.0817926	0.377775	0.0491221	-0.0496727	-0.0981625	-0.04357	-0.0445051	-0.00506951	0.271959	0.333013	0.315208	0.270411	0	0.00302085	
0.215917	0.0111481	-0.0105482	-0.0816929	0.377775	0.0573173	-0.025439	-0.100031	-0.0717616	-0.023694	0.0149539	0.313181	0.331275	0.31171	0.379156	0	0	
0.257525	0.0111481	-0.0124469	-0.0843078	0.360722	0.0657236	-0.0200395	-0.103741	-0.0837353	-0.0364488	0.00687875	0.315283	0.337795	0.270216	0.391395	0	0	0	
0.233348	0.0131638	-0.0131487	-0.081596	0.304579	0.0654447	-0.0207779	-0.0935593	-0.0418355	-0.0549605	-0.0274756	0.283468	0.337093	0.248883	0.440318	-0.0340651	0	0	
0.245035	0.0131638	-0.0160658	-0.085139	0.327798	0.0845202	0.00202393	-0.105246	-0.0265089	-0.0514804	-0.0662655	0.268797	0.337769	0.306765	0.297985	-0.0144781	0	
0.279656	0.0167405	-0.00916962	-0.0895308	0.347032	0.0833209	-0.0353025	-0.101116	0.0103092	-0.0626397	-0.0662907	0.249434	0.337743	0.350948	0.292964	-0.00720431	-2.52353e-05	0	
0.28279	0.0167405	-0.00916962	-0.0837587	0.272869	0.0706049	-0.036946	-0.087383	0.00066476	-0.0605743	-0.0415845	0.243506	0.3329	0.350948	0.261059	-0.00720431	-2.52353e-05	
0.219765	0.00145759	-0.00573033	-0.084725	0.31897	0.0958146	-0.0299404	-0.0790444	-0.0124409	-0.0666782	-0.0673824	0.243506	0.3329	0.325602	0.281551	-0.00720431	-0.000867069	
0.183392	0.0128465	-0.00482101	-0.0800792	0.270995	0.135608	-0.0244164	-0.0650806	0.0108158	-0.0666782	-0.0666991	0.243506	0.3329	0.328601	0.259526	-0.0142522	-0.000867069	0.0676099	
0.157396	0.012748	0.00728478	-0.0754348	0.385614	0.0756309	-0.0176108	-0.0584345	0.0336875	-0.0539	-0.0631072	0.236222	0.332801	0.343857	0.259428	-0.022124	-0.000965529	0.114821	0.0187603	-0.0468832	0.00744469	0.000884987	
0.16035	0.019202	0.00620413	-0.0829131	0.393204	0.071592	0.00798746	-0.0613889	-0.0127574	-0.0539	-0.0631072	0.232181	0.319865	0.367971	0.259428	-0.0227694	-0.00852484	0.132472	0.00634	
0.160951	0.0181974	0.00519958	-0.0820791	0.347336	0.124186	-0.0106068	-0.0862846	0.0269328	-0.0587899	-0.0708825	0.231176	0.222907	0.273599	0.314624	-0.0185803	-0.00952938	0.0963397	0.00533546	
0.169418	0.0176391	0.00751329	-0.0820791	0.377682	0.108309	-0.0106068	-0.0857297	0.0679356	-0.067639	-0.0589162	0.223338	0.186839	0.210756	0.253262	-0.0216233	-0.00946772	0.0922259	0.0056649	
0.223765	0.0176391	0.00841858	-0.0820791	0.405211	0.124236	0.0114143	-0.0949818	-0.0111172	-0.0688378	-0.0478863	0.206778	0.187211	0.213559	0.324592	-0.0216233	-0.00946772	0.121892	0.0056649	
0.239701	0.0176391	0.00841858	-0.0868515	0.406002	0.0962336	-0.00789958	-0.102778	-0.00664748	-0.0688378	-0.0363922	0.212998	0.232108	0.201903	0.402122	-0.0224145	-0.00946772	0.0952728	0.0056649	-0.0170331	-0.028072	
0.168947	0.00834458	0.00850557	-0.0713397	0.336955	0.159821	-0.00234451	-0.0947759	-0.0178704	-0.0688378	-0.0336601	0.212998	0.189308	0.196022	0.406982	-0.0244956	-0.00771272	0.0952728	0.0056649	
0.180533	0.00599755	0.00328723	-0.086309	0.336955	0.159821	-0.00234451	-0.104901	-0.0376698	-0.0672852	-0.0444284	0.237915	0.247439	0.246926	0.331952	-0.0244956	-0.0151011	0.0952728	0.00547353	0.0500954	
0.152286	0.000329036	0.0105769	-0.0820809	0.342983	0.137413	-0.000325747	-0.0946852	0.0169723	-0.0589613	-0.05379	0.23786	0.247439	0.217442	0.331952	-0.0223332	-0.00751379	0.0833662	0.00547353	0.0259794	
0.169768	0.0126533	0.0105769	-0.0720055	0.302796	0.120587	-0.0354321	-0.101377	0.0255427	-0.0589613	-0.0505972	0.23786	0.247439	0.217442	0.291591	-0.0259021	-0.0164198	0.0926662	0.00547353	0	0.0164198	
0.180944	0.00690284	0.0105769	-0.0720055	0.332896	0.120587	-0.0354321	-0.105111	0.0255427	-0.0523827	-0.049782	0.196518	0.247439	0.1885	0.291591	-0.0259021	-0.0164198	0.109683	0.00547353	0	
0.201454	0.00690284	0.0156834	-0.0733607	0.29588	0.0980466	-0.00647083	-0.109114	0.0342767	-0.0440486	-0.0551933	0.189864	0.207145	0.1885	0.291591	-0.0319181	-0.0164198	0.109683	0.00547353	-0.00257014	0	0	
0.18498	0.00690284	0.00721458	-0.0709222	0.294714	0.124811	-0.0265892	-0.106045	0.0300478	-0.0440486	-0.060378	0.189864	0.256687	0.251548	0.222727	-0.0369619	-0.0164198	0.101518	0.00547353	0.0487808	
0.211858	0.00690284	0.00356174	-0.0709222	0.261968	0.164584	-0.0529109	-0.10216	0.00228442	-0.0605143	-0.0621204	0.19916	0.256914	0.213244	0.222954	-0.0369619	-0.0164198	0.101518	0.00524702	-0.0392414	
0.252609	0.00690284	0.00920251	-0.0709222	0.319473	0.224658	-0.033396	-0.109644	-0.000163946	-0.0613074	-0.0663426	0.19916	0.196033	0.225967	0.222703	-0.0369619	-0.0175581	0.066436	0.00549756	
0.214611	0.0071484	0.00920251	-0.067013	0.319219	0.186793	-0.0284288	-0.103042	0.0657924	-0.0606637	-0.0481841	0.173437	0.184733	0.225967	0.164705	-0.036708	-0.021197	0.0696031	0.00549756	
0.221122	0.0024986	0.0181039	-0.0538776	0.302638	0.163448	-0.0284288	-0.103379	-0.0116704	-0.0558889	-0.0411721	0.173437	0.218001	0.209687	0.164705	-0.036708	-0.021197	0.0630604	0.00549756	0.0127042	0.0198307	0	
0.277582	0.0024986	0.0181039	-0.0680335	0.352233	0.323125	-0.0560699	-0.0953677	0.0163558	-0.0584651	-0.0615766	0.248529	0.169881	0.248402	0.164705	-0.041748	-0.0191283	0.0849048	0.00549756	
0.2773	0.00646318	0.0133349	-0.0680429	0.320906	0.312733	-0.0491994	-0.0950852	-0.0097129	-0.0621408	-0.0592451	0.197194	0.177494	0.227962	0.164705	-0.041748	-0.0191283	0.0875858	0.00549756	0.0380166	
0.265249	0.0109607	0.0133349	-0.0637235	0.304973	0.339871	-0.0347569	-0.0830345	-0.0421469	-0.065609	-0.0667533	0.192161	0.189758	0.227962	0.133644	-0.041748	-0.0191283	0.114716	0.00549756	
0.277725	0.0109607	0.0133349	-0.0683255	0.451358	0.403359	-0.0230591	-0.098854	-0.0472328	-0.0657238	-0.0667533	0.215329	0.134147	0.164298	0.239379	-0.041748	-0.0286332	0.111163	0.00549756	
0.228894	0.0109607	0.0133349	-0.064345	0.451358	0.403359	-0.0402879	-0.0889612	-0.0231781	-0.0633942	-0.0493928	0.215329	0.145457	0.196855	0.160181	-0.041748	-0.0286332	0.0780738	0.00549756	0	
0.242139	0.011109	0.01934	-0.064345	0.362734	0.334392	-0.0361785	-0.103523	-0.00719178	-0.0621976	-0.00765085	0.197154	0.151293	0.196855	0.162695	-0.041748	-0.0286332	0.0409257	0.00699817	0	
0.296919	0.011109	0.0292084	-0.064345	0.298036	0.334392	-0.0223233	-0.100184	-0.0133512	-0.0631944	-0.0171024	0.197154	0.141307	0.268492	0.162695	-0.041748	-0.0286332	0.0665536	0.00699817	0.0751165	0.0286332	-0.0281264	0.0187617	
0.220118	0.0113146	0.0127537	-0.0639377	0.367535	0.397828	-0.0243382	-0.104004	-0.0472561	-0.0574667	-0.0171024	0.192377	0.0644403	0.268492	0.331102	-0.0447221	-0.0286332	0.0924128	0.0129547	0.0751165	0.0399216	-7.517e-05	
0.213709	0.0132279	0.0146669	-0.0722055	0.316017	0.303753	-0.0249111	-0.0996921	-0.043415	-0.0594904	0.00904865	0.213948	0.138552	0.208932	0.199029	-0.0428089	-0.0251935	0.0943261	0.0148679	0.0421219	0.0420825	
0.208615	0.0132279	-0.0033321	-0.0744066	0.246279	0.279227	-0.0370652	-0.0945979	-0.043415	-0.0555784	0.0154016	0.213948	0.103362	0.205423	0.262212	-0.0428089	-0.0251935	0.0943261	0.0148679	0.0476825	
0.207175	0.00171247	0.00866089	-0.0744066	0.246279	0.230738	-0.0567857	-0.0931579	-0.0255376	-0.0652398	0.0154016	0.240658	0.103362	0.198393	0.150469	-0.0428089	-0.0238463	0.105108	0.0148679	0.0476825	
0.214538	0.00171247	0.0290451	-0.0780866	0.246279	0.230738	-0.031215	-0.100521	-0.00325843	-0.0652398	0.0154016	0.195299	0.0582401	0.198393	0.190485	-0.0428089	-0.0238463	0.0913216	0.0148679	0.0467933	0	-0.0183548	
0.208462	0.00171247	0.0290451	-0.075944	0.331795	0.199249	-0.0588692	-0.0944449	0.0213652	-0.064178	0.0320021	0.215042	0.0394329	0.154929	0.190485	-0.0484877	-0.0262941	0.0913216	0.0148679	0.0467933	0.0407675	
0.198217	0.00520114	0.0387769	-0.076268	0.285357	0.211469	-0.0606489	-0.0842001	0.0297757	-0.0549974	0.033828	0.215042	-0.00199664	0.201839	0.301519	-0.0484877	-0.0262941	0.0913216	0.0148679	0.0467933	
0.254752	0.0127779	0.0387769	-0.0773294	0.280158	0.167722	-0.0417686	-0.084001	-0.0133724	-0.0572436	0.033828	0.241394	-0.00187466	0.245426	0.327893	-0.0467379	-0.0358572	0.0750484	0.0145969	0.0467933	-0.0326109	-0.0287381	
0.243443	0.0127779	0.0372393	-0.0699122	0.280158	0.182613	-0.0450643	-0.0815597	0.0213592	-0.0578518	0.033828	0.232743	-0.00187466	0.253078	0.192756	-0.0467379	-0.0312235	0.0750484	0.0145969	0.0397851	0.0193389	0.0221328	
0.239153	0.0122564	0.0372393	-0.0774968	0.256637	0.173792	-0.0448142	-0.0772694	-0.0132907	-0.0634171	0.0302239	0.236234	-0.00187466	0.246676	0.245399	-0.046323	-0.0364365	0.0815187	0.0145969	0.046032	0.0567253	
0.239528	0.00953231	0.0431437	-0.0829328	0.256317	0.142415	-0.0214459	-0.0776448	-0.0164278	-0.063092	-0.00158695	0.270594	0.0459521	0.221929	0.143217	-0.0460031	-0.0429686	0.0815187	0.0145969	0.0508702	
0.228403	0.0162669	0.0431437	-0.0748994	0.20014	0.142415	-0.0269056	-0.0753981	0.053751	-0.063092	0.013474	0.266853	0.0394449	0.180206	0.108	-0.0480528	-0.0429686	0.0986098	0.0145969	0.0508702	
0.217624	0.0118155	0.0404143	-0.0796249	0.406188	0.142415	-0.0310555	-0.0759351	-0.0137665	-0.0593252	0.0132518	0.266853	0.0419265	0.171926	0.168149	-0.0562568	-0.0428826	0.112594	0.0145969	0.0338844	-0.0161171	0	
0.203492	0.0135018	0.0332572	-0.0754838	0.382405	0.0800949	-0.0513519	-0.0759351	-0.0059878	-0.0593252	0.014768	0.246591	0.0216671	0.192495	0.200033	-0.0568484	-0.0428826	0.112594	0.0207147	0.0338844	0.0724291	0.0362715	
0.198376	0.0135018	0.0329749	-0.0769086	0.393823	0.0800949	-0.0453379	-0.0811218	0.0160705	-0.0593252	-0.00577437	0.246591	0.00179856	0.132285	0.200033	-0.0568484	-0.0428826	0.0912551	0.0207147	0.0338844	
0.21948	0.0135018	0.0329749	-0.0799501	0.4649	0.0826496	-0.0357219	-0.0811959	0.0278879	-0.0619552	-0.00600482	0.246591	-0.00555944	0.126464	0.200033	-0.0554117	-0.0341891	0.0912551	0.0207147	0.0482198	0	
0.205328	0.0150157	0.0242134	-0.0737282	0.469413	0.15453	-0.030521	-0.0912955	0.0800458	-0.0533214	-0.013255	0.219623	0.0366531	0.131341	0.289014	-0.0523452	-0.0327295	0.0927147	0.0221744	0.0496794	-0.0516572	
0.203861	0.0117682	0.0242134	-0.0737282	0.469223	0.167177	-0.030521	-0.0810755	0.0642215	-0.0520803	-0.0100871	0.219623	0.0586299	0.127487	0.245577	-0.0521555	-0.0327295	0.113674	0.0223742	0.0496794	
0.207487	0.00996952	0.0224147	-0.0809445	0.485038	0.165803	-0.0234422	-0.0767941	0.101926	-0.0642538	0.00936592	0.217824	0.0855972	0.145526	0.228377	-0.0568329	-0.0364635	0.101956	0.0205755	0.0478808	
0.207487	0.00996952	0.0373765	-0.081046	0.430389	0.198901	-0.0234422	-0.0767941	0.11772	-0.0573292	0.000247951	0.217824	0.140614	0.136941	0.220509	-0.0568329	-0.0428817	0.101956	0.0233676	0.0478808	0	
0.182913	0.00996952	0.0260785	-0.0815751	0.482168	0.198901	-0.0259165	-0.0782404	-0.0348009	-0.054274	0.00318074	0.252032	0.150104	0.185129	0.165887	-0.050172	-0.0428817	0.0984421	0.0233676	0.0478808	-0.0322227	
0.195458	0.00996952	0.0260785	-0.084824	0.444371	0.140095	-0.0417299	-0.0827138	-0.0350948	-0.0600925	0.000753546	0.252032	0.119628	0.185129	0.209188	-0.0518477	-0.0428817	0.0984421	0.0233676	0.0387269	0	-0.039486	0.0512246	
0.184998	0.00962953	0.00389389	-0.0875019	0.334835	0.139755	-0.0247752	-0.0725939	-0.0710767	-0.0645732	0.000413556	0.184245	0.119628	0.191056	0.212238	-0.0521877	-0.0426642	0.0981021	0.0230276	0.0383869	0	
0.16302	0.00913107	0.00251271	-0.0878715	0.402161	0.0799525	-0.0368403	-0.0850243	-0.0461348	-0.0645732	0.0100566	0.241321	0.163144	0.191056	0.213439	-0.0426599	-0.0426642	0.090466	0.0195002	0.0421434	
0.137887	0.00846654	-0.00359404	-0.085174	0.402161	0.0771144	-0.0525083	-0.0679276	-0.0572426	-0.0634999	0.0309442	0.241321	0.181664	0.221971	0.260214	-0.0426599	-0.0391155	0.119927	0.0195002	0.0421434	
0.180677	0.00796772	-0.0212221	-0.0759552	0.397332	0.0841141	-0.0567285	-0.0862602	-0.027956	-0.059316	-0.000131734	0.241321	0.205768	0.221971	0.251884	-0.0378307	-0.0391155	0.119927	0.0195002	0.0418484	
0.256907	0.00796772	-0.0212221	-0.0800096	0.273272	0.0841141	-0.0496769	-0.0799168	0.017504	-0.0554952	-0.0310294	0.241321	0.138828	0.247216	0.242881	-0.0372523	-0.0406936	0.100249	0.0195002	0.0514077	
0.212756	0.0125695	-0.0295921	-0.0818756	0.268211	0.0738533	-0.0496769	-0.065167	0.0179222	-0.0693571	-0.0310294	0.241321	0.137382	0.217105	0.269882	-0.0321913	-0.0406936	0.100249	0.0195002	0.0304763	
0.171293	0.0125695	-0.0269193	-0.0818756	0.351472	0.0292963	-0.0445331	-0.0719729	0.0977868	-0.0693571	-0.0310294	0.241321	0.134777	0.217105	0.302165	-0.0342217	-0.0408244	0.098405	0.0195002	0.0209587	-0.00640507	0	
0.173993	0.0124875	-0.0221547	-0.0818085	0.351472	0.0611927	-0.0454301	-0.0760997	0.0918029	-0.0508114	-0.0117808	0.212004	0.134777	0.217958	0.352538	-0.0333684	-0.0399963	0.0984214	0.0203535	0.0540207	-0.0173232	
0.165252	0.0124875	-0.038342	-0.0847693	0.355691	0.0486697	-0.0454301	-0.0614737	0.0536643	-0.0586664	0.0171044	0.21932	0.203107	0.217958	0.35629	-0.0368341	-0.04358	0.09909	0.0203535	0.0504981	0	
0.185926	0.0124875	-0.038342	-0.0690487	0.309572	0.0480006	-0.0377957	-0.0843202	0.0651887	-0.0586664	0.0406508	0.227371	0.0827661	0.165791	0.44254	-0.0439955	-0.04358	0.130812	0.0203535	0.0504981	-0.03147	
0.245258	0.0124875	-0.0336438	-0.0726622	0.353921	0.0661906	-0.0420337	-0.0844067	0.0651887	-0.0591599	0.0248299	0.227371	0.0537186	0.183334	0.339065	-0.0482803	-0.04358	0.123273	0.0120025	0.0448233	
0.252333	0.0124875	-0.0336438	-0.0726622	0.38654	0.0470078	-0.0449887	-0.0951817	0.0546224	-0.0544889	0.047936	0.223727	0.0336724	0.183334	0.339065	-0.0482803	-0.04358	0.11206	0.0120025	0.0311866	0	
0.256885	0.0124875	-0.0346143	-0.0726622	0.400844	0.0408167	-0.0449887	-0.0997338	0.0911514	-0.0514202	0.047936	0.2348	0.0693018	0.176662	0.327056	-0.0482803	-0.0447505	0.128198	0.00811751	0.0311866	-0.0170365	-0.000507913	
0.256736	0.0124875	-0.0346143	-0.07599	0.40526	0.0653906	-0.0417776	-0.0995849	0.033323	-0.0671106	0.0432278	0.2348	0.0612159	0.196333	0.376283	-0.0526957	-0.0447505	0.155746	0.00811751	0.0311866	0	
0.252587	0.0145736	-0.0464027	-0.0690682	0.404642	0.0498217	-0.0244979	-0.0954357	0.0655591	-0.065723	0.0429294	0.2348	0.0831434	0.208628	0.372424	-0.054538	-0.0447505	0.154564	0.00811751	0.0311866	
0.251958	0.016348	-0.031087	-0.0776735	0.437523	0.0479554	-0.018444	-0.0935208	-0.00164797	-0.0572872	0.0542436	0.217321	0.167572	0.213496	0.340549	-0.0532516	-0.0474706	0.153631	0.00940392	0.0352218	
0.272674	0.016348	-0.0445892	-0.0798329	0.439759	0.018028	-0.019933	-0.0979381	0.00199415	-0.0572872	0.042741	0.222088	0.118092	0.178582	0.340549	-0.0554879	-0.0458981	0.114016	0.00940392	0.0349135	
0.269146	0.00306703	-0.0361723	-0.0798329	0.387201	0.0218692	-0.00209675	-0.102532	-0.0154197	-0.0576351	0.0365786	0.20845	0.0867682	0.213496	0.392775	-0.0554879	-0.0451372	0.114016	0.00940392	0.0349135	
0.311138	0.0131606	-0.0443938	-0.0862561	0.565879	0.0294871	0.0117509	-0.101171	-0.0122791	-0.0535338	0.0123029	0.225019	0.0479134	0.227072	0.472694	-0.0543794	-0.0451372	0.111152	0.00940392	0.0346878	-0.0135214	
0.267556	0.0131606	-0.0404788	-0.0870022	0.565879	0.0681876	-0.0174907	-0.0940659	-0.0325197	-0.0535338	0.0123029	0.23285	0.0796987	0.227072	0.475285	-0.0543794	-0.0464957	0.111152	0.00681357	0.031874	
0.272967	0.0118339	-0.0312109	-0.0748058	0.560688	0.0234881	-0.0256691	-0.0950371	-0.0603476	-0.063181	0.0120886	0.254366	0.120013	0.237017	0.475285	-0.0494023	-0.04671	0.142705	0.0065993	0.0316598	-0.0451514	
0.254942	0.0142401	-0.0341123	-0.0703479	0.507513	0.0364041	-0.0324233	-0.0834106	-0.0644719	-0.0480915	0.0137841	0.26925	0.091628	0.231123	0.47129	-0.0494023	-0.0509982	0.137772	0.010594	0.0267886	
0.296909	0.0142401	-0.0341123	-0.0805411	0.462188	0.0712583	0.00680753	-0.0832244	-0.0134117	-0.0539669	-0.00627813	0.261074	0.136064	0.196684	0.468797	-0.0472308	-0.0492596	0.0785408	0.0130871	0.0292349	0	0	
0.296338	0.0142401	-0.0500518	-0.0655686	0.398847	0.0327733	0.00531236	-0.0826536	-0.0354527	-0.0599212	0.00335856	0.261074	0.16678	0.244622	0.333685	-0.0495924	-0.0467345	0.102447	0.0130871	0.0292349	
0.275682	0.0142401	-0.0578989	-0.0645166	0.431638	0.070235	-0.0181558	-0.0774982	-0.04098	-0.0564605	-0.00744638	0.258005	0.163031	0.240963	0.271661	-0.059318	-0.0529072	0.0748049	0.0144975	0.0352506	
0.246191	0.0142401	-0.0588272	-0.0670814	0.42809	0.0569823	-0.00619407	-0.0897967	0.00866053	-0.0607387	-0.016047	0.217256	0.171113	0.282265	0.187545	-0.0527331	-0.0529072	0.0748049	0.0144975	0.0506366	
0.255427	0.00309231	-0.0619917	-0.0546208	0.421055	0.0431625	-0.0267517	-0.0734536	0.0267268	-0.0491335	-0.00291755	0.217256	0.340394	0.295391	0.258385	-0.0527331	-0.0529072	0.0580393	0.015874	0.0506366	
0.239922	0.00309231	-0.0418136	-0.0546208	0.421055	0.077881	-0.00191839	-0.0765489	0.0554624	-0.0578611	-0.00209636	0.252754	0.322338	0.295391	0.258385	-0.0527331	-0.0529072	0.0727021	0.015874	0.0484395	0	
0.264828	0.00309231	-0.0501293	-0.0546208	0.534151	0.0823177	-0.0223006	-0.101455	0.0214618	-0.0589788	-0.00209636	0.228834	0.332714	0.295391	0.21047	-0.0527331	-0.0490362	0.0520253	0.015874	0.0484395	
0.247541	0.00309231	-0.0501293	-0.0601301	0.524458	0.0307202	-0.029684	-0.0920353	-0.00278058	-0.0487295	-0.00439265	0.233476	0.332714	0.205742	0.198072	-0.0441977	-0.0472986	0.0520253	0.015874	0.0484395	
0.240218	0.00309231	-0.0609532	-0.0601301	0.524353	0.0582681	-0.0387395	-0.0822585	-0.00552203	-0.0495028	-0.00439265	0.233476	0.332714	0.229154	0.178845	-0.0440921	-0.0472986	0.0520253	0.015874	0.0543311	-0.0103022	
0.238657	0.00274855	-0.0652817	-0.0633759	0.524931	0.0532102	-0.0345162	-0.0936769	-0.0155675	-0.0498465	0.0256938	0.227393	0.354839	0.179087	0.142443	-0.0444358	-0.0478705	0.0550216	0.0178849	0.0539873	0	-0.0319313	
0.23396	0.0199176	-0.0759716	-0.0717259	0.522144	0.0465252	-0.0366068	-0.0889803	-0.0589289	-0.0516048	-0.00182704	0.227393	0.355385	0.179087	0.154649	-0.041649	-0.0478705	0.0792542	0.0178849	0.0625591	
0.241315	0.00897692	-0.0690218	-0.0668839	0.459724	0.0483124	-0.0160035	-0.0963352	-0.0338731	-0.0516048	-0.000706433	0.227393	0.355385	0.183536	0.269409	-0.041649	-0.0478705	0.0850004	0.0178849	0.0320449	-0.0198711	0	
0.247462	0.00897692	-0.052872	-0.0679642	0.365588	0.049858	-0.0487283	-0.102482	-0.00830747	-0.040908	-0.00520472	0.227393	0.363646	0.183536	0.092312	-0.0406247	-0.0478705	0.0858192	0.00962402	0.0320449	-0.0632831	
0.265675	0.0068676	-0.05377	-0.0776816	0.365588	0.0993396	-0.0392382	-0.0975754	0.00719918	-0.056199	-0.00917489	0.200712	0.291637	0.183536	0.256086	-0.0406247	-0.0478705	0.0765687	0.0101793	0.0320449	0	-0.0152053	
0.263818	0.0068676	-0.05377	-0.0797737	0.356055	0.0765582	-0.0398316	-0.0957179	-0.0390467	-0.0514227	-0.0141285	0.200712	0.213661	0.183536	0.182538	-0.0433607	-0.0543802	0.106146	0.0139427	0.0278035	
0.270288	0.0068676	-0.0550115	-0.0797737	0.369194	0.0808502	-0.0398316	-0.102189	-0.0570001	-0.0505328	-0.0315292	0.225067	0.213661	0.169042	0.195461	-0.0282086	-0.0459521	0.139531	0.0139427	0.0278035	0.0299847	-0.0391332	
0.260852	0.00952923	-0.072047	-0.0785832	0.369194	0.0673925	-0.0314943	-0.0923812	-0.0223343	-0.0543237	-0.0149265	0.207427	0.195476	0.164189	0.152253	-0.027837	-0.0455805	0.107876	0.0208814	0.0337978	
0.269466	0.00952923	-0.0783666	-0.0849118	0.430721	0.109361	-0.0406904	-0.100995	-0.039576	-0.0543237	0.000488569	0.207427	0.168959	0.209519	0.17684	-0.027837	-0.0486883	0.101375	0.0208814	0.0345063	-0.027837	
0.288393	0.00952923	-0.0884079	-0.0834209	0.430721	0.110826	-0.0551777	-0.0997314	-0.0252871	-0.0609023	-0.000978053	0.207427	0.130843	0.209519	0.15963	-0.027837	-0.0486883	0.101375	0.0219233	0.0345063	0	0.0123115	-0.00702139	
0.292323	0.00333448	-0.0979513	-0.0752547	0.434136	0.090712	-0.0550006	-0.103661	0.0129549	-0.0441609	-0.00347552	0.207427	0.130843	0.209519	0.203429	-0.031252	-0.0498736	0.0745631	0.0219233	0.0474764	
0.262702	0.00333448	-0.0866588	-0.0830801	0.32943	0.132712	-0.0519932	-0.0990904	0.0565373	-0.0441609	0.00190824	0.207427	0.124468	0.209519	0.201099	-0.031252	-0.047425	0.0745631	0.0219233	0.0530299	
0.29466	0.0105519	-0.0894025	-0.0757746	0.32943	0.132712	-0.063203	-0.0965967	0.0640618	-0.0503197	-0.00455606	0.207427	0.128434	0.165201	0.198181	-0.031252	-0.047425	0.104465	0.0179569	0.0530299	0.0444012	
0.241705	0.0105519	-0.0980772	-0.0757746	0.30579	0.168895	-0.0434002	-0.09579	0.0315344	-0.0477844	-0.00455606	0.224022	0.103154	0.240107	0.298814	-0.0300629	-0.0478564	0.130595	0.0221456	0.0453229	0.0728374	0.0242756	0	
0.24354	0.0070251	-0.0969122	-0.0756713	0.30579	0.168895	-0.0455492	-0.0976248	0.0417201	-0.0553667	0.00552008	0.224022	0.113609	0.240107	0.303746	-0.0300629	-0.0478564	0.0866239	0.011691	0.0455262	0.0189053	
0.238201	0.0112669	-0.0956139	-0.071032	0.252645	0.142881	-0.0256247	-0.100228	-0.0243426	-0.048015	0.00552008	0.224022	0.0996433	0.294883	0.301293	-0.0265019	-0.0475117	0.142793	0.0141447	0.0455262	0	0.0365427	
0.176096	0.00942061	-0.0816029	-0.0722359	0.252645	0.167753	-0.0316563	-0.0866792	-0.00256339	-0.0513352	0.00266329	0.233192	0.102367	0.241992	0.301293	-0.0265019	-0.0526156	0.142793	0.0141447	0.0690395	0.0564561	
0.210433	0.00942061	-0.0923194	-0.0722359	0.320825	0.137296	-0.0517071	-0.0892578	-0.00256339	-0.0513352	0.0123805	0.269881	0.0999803	0.206539	0.320761	-0.0265019	-0.0485163	0.100964	0.0141447	0.0690395	0.0564561	0.00514363	-0.00568339	
0.205527	0.00567652	-0.0821186	-0.0733727	0.303377	0.0891142	-0.0533357	-0.0799946	0.0744018	-0.0513352	0.00952325	0.269881	0.0999803	0.206539	0.484641	-0.0265019	-0.0485163	0.101943	0.0141447	0.0798983	0.0971465	-0.00889149	
0.199173	0.00567652	-0.110553	-0.0733727	0.394317	0.1182	-0.0590554	-0.0736403	0.057756	-0.056347	-0.0485163	0.240783	0.109091	0.206539	0.484641	-0.0265019	0	0.101943	0.0141447	0.0798983	0.0971465	-0.0403619	0.316539	
0.195418	0.0202907	-0.0403619	-0.0708215	0.394317	0.0465628	-0.0590554	-0.0698855	0.0139168	-0.0502996	-0.0531672	0.240783	0.122861	0.206539	0.522291	-0.0265019	0.0141447	0.0609758	0.0867291	0.131523	
0.199246	0.0202907	-0.0403619	-0.0708215	0.453049	0.0569552	-0.0520783	-0.0718656	0.0283785	-0.0562357	-0.0530633	0.211108	0.122861	0.206539	0.522291	-0.0265019	0.000889132	0.131523	0.0141447	0.0670462	0.143032	-0.0178934	
0.247587	0.00596374	-0.0403619	-0.0708215	0.436863	0.0714893	-0.0624473	-0.0640246	0.0901366	-0.0604401	-0.0530633	0.230542	0.148948	0.241389	0.513983	-0.0265019	0.0455501	0.108709	0.0141447	0.0489618	0.143032	0.133434	
0.259086	0.00681866	-0.0403619	-0.073044	0.436863	0.073321	-0.0410258	-0.0599705	0.0143324	-0.0551778	-0.0530633	0.232218	0.16898	0.215216	0.513983	-0.0265019	0.16416	0.108709	0.0141447	0.0408968	-0.0563544	0	0.0288658	
0.30915	0.0108247	-0.0403619	-0.073044	0.40142	0.118356	-0.0517513	-0.0755481	0.0143324	-0.0509084	-0.0530633	0.232218	0.148193	0.195023	0.567224	-0.0265019	0.16416	0.108709	0.0141447	0.0408968	
0.354035	0.00828671	-0.0475572	-0.0724242	0.40142	0.118356	-0.0511968	-0.0837091	-0.0526429	-0.0475486	-0.0495811	0.232218	0.150671	0.195023	0.585537	-0.0265019	0.163635	0.108709	0.0116661	0.0408968	
0.332397	0.00828671	-0.0477107	-0.0700353	0.425506	0.126093	-0.0338478	-0.0930455	-0.0339302	-0.0475486	-0.0495811	0.232218	0.15023	0.20906	0.606326	-0.0143367	0.153009	0.0972369	0.00848689	0.0408968	
0.327623	0.0141061	-0.0420296	-0.0678555	0.431729	0.0675252	-0.0619804	-0.082823	0.0118543	-0.0418548	-0.0474013	0.234398	0.141607	0.21124	0.471704	-0.0121569	0.194359	0.0938486	0.0106667	0.0407521	0.166355	-0.0120475	
0.334394	0.0134847	-0.0420296	-0.0678555	0.373943	0.237362	-0.04231	-0.0895939	0.00155097	-0.0418548	-0.0474013	0.143128	0	0.447425	-0.0121569	0.194359	0.0750996	0.00914516	0.0407521	0.16017	0.208358	
0.318544	0.0134847	-0.0420296	-0.0693604	0.309154	0.237362	-0.0351506	-0.100006	-0.0343017	-0.054178	-0.0474013	0.140695	0.59627	-0.0121569	0.171429	0.116635	0.0115789	0.0407521	0.172396	0.179295	
0.291188	0.00345068	-0.0420296	-0.0693604	0.367417	0.221985	-0.0483616	-0.10061	-0.0110153	-0.0556824	-0.0424291	0.13274	0.505789	0.184016	-0.00164605	-0.0121569	0.171429	0.116635	0.0115789	0.0469457	0.197267	
0.269219	0.00627417	-0.0420296	-0.0693604	0.348462	0.221985	-0.0415052	-0.095188	-0.00523103	-0.0556824	-0.0424291	0.133127	0.559598	0.202618	0.111793	-0.0121569	0.171429	0.133527	0.0115789	0.0433303	0.0202214	
0.287346	0.00627417	-0.0429727	-0.0834554	0.414432	0.23921	-0.0240615	-0.0995853	0.0174988	-0.0513622	-0.0424291	0.233855	0.4943	0.219609	0.108207	-0.0262537	0.154257	0.157133	0.00768456	0.0433303	-0.0289222	0	
0.28522	0.00649685	-0.0431954	-0.0749131	0.414432	0.267364	-0.0205261	-0.0972365	0.0177215	-0.0492613	-0.0422064	0.153203	0.4996	0.243002	0.0585864	-0.026031	0.129589	0.171333	0.00790724	0.043553	-0.0280494	
0.279651	0.0179529	-0.0431954	-0.0756934	0.362971	0.267364	-0.0325136	-0.0960278	-0.0225756	-0.0472142	-0.0422064	0.153203	0.371111	0.247361	0.122797	-0.033027	0.130586	0.109712	0.00790724	0.043553	
0.295994	0.0179529	-0.044519	-0.0728048	0.430341	0.280128	-0.00983898	-0.0934862	0.0188611	-0.0490384	-0.0450151	0.267595	0.28594	0.247361	0.162694	-0.0321093	0.0969092	0.181661	0.00790724	0.043553	0	0	
0.247464	0.0119513	-0.044519	-0.0725799	0.373014	0.280128	-0.00901699	-0.0990386	0.042205	-0.0490384	-0.0434754	0.394945	0.260305	0.249195	0.0674179	-0.0321093	0.104317	0.204918	0.00790724	0.0429872	0.168738	0.0372947	
0.239232	0.0101413	-0.044519	-0.0740042	0.433566	0.280128	-0.0144357	-0.0908064	-0.0162119	-0.0579533	-0.0485253	0.350245	0.286961	0.213225	0.107469	-0.0321093	0.0673978	0.164661	0.00556725	0.0500938	
0.26627	0.0134396	-0.0482858	-0.0751128	0.481268	0.283426	-0.0224623	-0.137517	-0.0129136	-0.0366784	-0.0452271	0.384608	0.128329	-0.0132881	0.0407611	-0.028811	0.133118	0.203973	0.00886552	0.0400532	0.183657	0	
0.282948	0.0232612	-0.0523283	-0.0773394	0.550524	0.255189	-0.0394384	-0.140971	0.00466089	-0.0454701	-0.0452271	0.391959	0.110938	0.193716	0	-0.030684	0.107977	0.180592	0.00611525	0.0381249	
0.261885	0.0232612	-0.0523283	-0.0704258	0.576144	0.264604	-0.0546527	-0.139313	-0.00660055	-0.0294729	-0.0380687	0.378816	0.0702267	0.205319	0.022831	-0.025722	0.0768789	0.134128	0.00518507	0.026282	0.0611455	
0.253195	0.0225061	-0.0515732	-0.0760433	0.576144	0.273181	-0.0510154	-0.149042	0.023673	-0.0302281	-0.0399003	0.405745	0.12227	0.167566	0.0701671	-0.0264772	0.0761237	0.126408	0.00442991	0.0238887	0.0148386	0.0178581	
0.236196	0.0262108	-0.0515732	-0.0762011	0.46794	0.243805	-0.0453859	-0.132044	0.0459627	-0.0489853	-0.0399003	0.393358	0.117134	0.225966	0.0701671	-0.0245972	0.0831946	0.131446	0.00442991	0.0300054	0.346645	
0.230694	0.0292093	-0.0519264	-0.0758479	0.46794	0.240044	-0.0296901	-0.126542	0.0463159	-0.0413224	-0.0395471	0.400429	0.132394	0.226319	0.0789132	-0.024244	0.0812175	0.139823	0.00478313	0.0340691	0.346998	
0.233526	0.0292093	-0.0519264	-0.078654	0.447625	0.220699	-0.0222826	-0.129373	0.0314631	-0.0413224	-0.0395471	0.400429	0.272798	0.226319	0.0815342	-0.0202616	0.0917354	0.139823	0.00478313	0.0340691	0.381482	0.0507871	
0.230521	0.0221668	-0.0542392	-0.0701468	0.414114	0.223011	-0.0199698	-0.126369	0.398155	-0.0538852	-0.0384403	0.230894	0	0.228632	0.10142	-0.0205991	0.0945115	0.137956	0.00937016	0.0363819	0.338078	
0.236332	0.0221668	0.0784896	-0.0781479	0.448079	0.240201	-0.0237109	-0.132729	0.406074	-0.0538852	-0.0303896	0.230894	0.18663	0.10069	-0.0205991	0.119361	0.137956	0.0171202	0.0383699	0.393916	
0.21303	0.0221668	-0.0474686	0.0171202	0.483899	0.251143	-0.0242947	-0.12363	0.359895	-0.0538852	-0.0303896	0.252773	0.175034	0.115698	0.0836078	-0.0153883	-0.0712227	0.137956	0.360528	0.0386621	
0.239204	0.0221668	-0.0474686	0.01525	0.552535	0.251143	-0.0429171	-0.128205	0.354304	-0.0632346	-0.0351968	0.199799	0.211428	0.115698	0.0836078	-0.0153883	-0.0712227	0.130631	0.329584	0.0350536	
0.245619	0.0221668	-0.0474686	0.01525	0.528882	0.251143	-0.0430786	-0.134619	0.354304	-0.0529982	-0.0379356	0.159022	0.30829	0.148841	0.0836078	-0.0153883	-0.0712227	0.130631	0.359024	0.0324523	0	
0.23812	0.0221668	-0.0474686	0.01525	0.522928	0.255378	-0.0340302	-0.139935	0.283586	-0.0519516	-0.042519	0.159022	0.30829	0.181318	0.0826052	-0.0176138	-0.0712227	0.130631	0.33137	0.0324523	
0.186102	0.0221668	-0.0474686	0.01525	0.522928	0.255378	-0.0323842	-0.138173	0.283586	-0.0524614	-0.042519	0.15688	0.30829	0.140525	0.0826052	-0.0176138	-0.0712227	0.130631	0.345994	0.0324523	
0.149726	0.0221668	-0.0584625	0.0126096	0.523626	0.256518	-0.0323842	-0.153345	0.284765	-0.0524614	-0.042519	0.130032	0.341024	0.140835	0.0743985	-0.0141359	-0.0712227	0.148768	0.287108	0.03832	0	-0.0249028	
0.204974	0.0267404	-0.0580734	0.0126096	0.489263	0.256518	-0.014414	-0.150635	0.284765	-0.0524614	-0.0413269	0.194429	0.341024	0.128276	0.0743985	-0.0177292	-0.0736469	0.148768	0.288039	0.03832	0.0272033	
0.211433	0.0267404	-0.0525811	0.0126096	0.497989	0.256518	-0.037083	-0.151602	0.285195	-0.0524614	-0.0391456	0.144158	0.398541	0.172871	0.0743985	-0.0264551	-0.072664	0.148768	0.340011	0.0396784	0.0253744	
0.239081	0.0206832	-0.0525811	0.0126096	0.484498	0.262287	-0.00670349	-0.154003	0.285195	-0.0534046	-0.0391456	0.127362	0.332994	0.146994	0.0743985	-0.0269468	-0.0752806	0.191784	0.413096	0.0396784	0.0387272	
0.241482	0.0163051	-0.0525811	0.0126096	0.481331	0.262287	-0.0196982	-0.141436	0.288874	-0.0534046	-0.0381941	0.0840076	0.402632	0.159724	0.0917482	-0.0237804	-0.0653565	0.115881	0.376208	0.0218669	0.0371077	
0.249603	0.0162709	-0.0497911	0.0125754	0.481331	0.252372	-0.0312468	-0.146801	0.350731	-0.0462222	-0.0347666	0.122008	0.402598	0.159576	0.0923222	-0.0238146	-0.0647135	0.14122	0.376174	0.0218327	0.0329645	0.146462	
0.28473	0.0162709	-0.0497911	0.0202374	0.407905	0.248136	-0.0312468	-0.0887125	0.370433	-0.0553002	-0.0347666	0.106716	0.404496	0.116763	0.0910344	-0.0238146	-0.0739608	0.110253	0.376174	0.0218327	0.0327681	0.0539551	
0.296731	0.0162709	-0.0514177	0.0166726	0.408986	0.263527	-0.0312468	-0.0933948	0.373998	-0.0524456	-0.0363798	0.0714404	0.441273	0.10116	0.0910344	-0.0238146	-0.0672369	0.148879	0.402244	0.0218327	0.0363328	0.00161315	0	
0.295398	0.0236243	-0.0518107	0.0170656	0.315446	0.215944	-0.018948	-0.0916682	0.373998	-0.0424848	-0.0393939	0.0901015	0.441666	0.0962474	0.0996129	-0.0234216	-0.0668439	0.149272	0.402637	0.0103989	0.00496896	-0.094456	
