0.223922	0.188184	0.0920564	-0.0776814	0.0459449	0.00302289	0.0326285	0.00555754	0.37095	0.0545745	0.294403	0	0	0	0	0	0	0	0	0	0	0	0	0	0	0	0	0	0	0	0	0	0	0	0	0	0	0	0	0	0	0	0	0	0	0	0	0	0	0	0	0	0	0	0	0	0	0	0	0	0	0	0	0	0	0	0	0	0	0	0	0	0	0	0	0	0	0	0	0	0	0	0	
0.22674	0.188184	0.0948741	-0.086508	0.041239	0.00302289	0.0326285	0.00202869	0.373768	0.0545745	0.29722	0	-0.0316781	0.00281774	0	0.121431	0.0413766	0.0362906	0.00369144	0.0460842	-0.0248025	-0.0118024	0.00508662	0	0	0.0327046	0	0.258772	0.00842759	-0.00356344	-0.0148543	0.0410682	0.00867066	0	0.0403401	0.00281774	-0.0256524	0.00281774	-0.0197254	0.00281774	-0.024761	0.00281774	0.171899	-0.00281774	0.260867	0.00281774	-0.0098395	
0.194695	0.187654	0.110678	-0.0889571	0.0384683	0.0432798	0.0331588	0.00484643	0.373768	0.0540442	0.263521	-0.0139745	-0.0153402	0.00142512	-0.00352863	0.0282651	-0.000845215	0.13605	-0.0118024	0	-0.0129776	0.0134441	-0.0449529	0	0.0162811	0.0117306	0.0247303	-0.0017535	0.141484	-0.0196956	-0.00136171	0.00474886	0.110154	-0.00334806	0.193301	0.101408	0.247818	
0.247232	0.187654	0.0849894	-0.0889571	0.0365493	0.095186	-0.0257123	0.00484643	0.373768	0.0384683	0.263521	-0.0342749	-0.00401712	0.0113226	-0.00925675	0.0540442	0.0345844	0.0195693	0.041443	-0.0118024	0.0134441	-0.000845215	0.102761	-0.0172582	0.0219131	-0.0017535	0.142141	-0.0257824	-0.00334806	0.280511	
0.319915	0.149898	0.111767	-0.0808382	0.0416471	0.0885968	-0.02678	0.0109312	0.372456	0.0815862	0.337222	-0.0342749	0.000790047	0.0161298	-0.0771324	0.0540442	0.052793	-0.00451334	0.0465408	-0.0388442	0.281579	0.0134441	0.0348786	0	0.00396196	0	0	0.269027	-0.0172582	0.0411358	-0.00469792	0.123245	-0.00815523	
0.317876	0.150701	0.134551	-0.0874751	0.0235483	0.135306	-0.0280969	-0.000393675	0.372456	0.0191902	0.335814	-0.0186872	-0.0245875	0.000790047	0.0178801	-0.0750941	0.0527272	0.0159664	0.0921948	0.0449925	-0.0388442	0.0114227	0.0452096	-0.00223965	0	0.05695	0.520134	0.321045	-0.00947222	0	0.129387	
0.283566	0.140683	0.0941777	-0.0671678	0.0235483	0.211126	-0.00783347	-0.000393675	0.0114227	0.0293774	0.312372	-0.0130237	-0.0245875	0.0122816	0.0178801	-0.0407835	0.0527272	0.00323483	0.11401	0.0449925	-0.0267891	0.0763093	0.372456	0.203681	0	0.0329812	0.308863	0.234034	-0.00947222	-0.0211418	0.0235978	
0.271675	0.141055	0.0835032	-0.0633833	0.0327456	0.296961	-0.00746234	0.0766804	0.00634477	0.0293774	-0.0100581	-0.0126525	-0.025784	0.0130833	-0.00773964	-0.028893	0.0530983	0.0145742	0.0261968	0.050901	-0.0249391	0.345027	0.408798	0.10131	-0.00910109	0	0	-0.0376951	0.289293	0.00695602	
0.300213	0.10905	0.0924411	-0.0791059	0.0259543	0.512878	-0.00763598	0.067284	0.00634477	0.0293774	0.0115213	-0.0126525	-0.025784	0.00414536	-0.0128459	-0.0675736	0.0530983	0.0185199	0.0380263	0.0441097	-0.0437712	0.334439	0.408798	0.203911	-0.00910109	0.143626	0	-0.0445489	0.289293	-0.00160565	
0.300213	0.179172	0.0837877	-0.0894357	0.0259543	0.245448	-0.00763598	0.0807625	0.0147963	0.0293774	0.0114345	0.0559358	-0.025784	0.00987479	-0.0313873	-0.0675736	0.0530983	0.0441097	-0.00497889	-0.0488456	0.334439	0.335508	0.198909	-0.00910109	0.101563	-0.00549477	0.146602	0.263293	-0.020486	
0.300213	0.185655	0.0941956	-0.0845373	0.027058	0.175494	-0.012595	0.0807625	0.0147963	0.0252676	0.00177356	0.0394845	-0.025784	0.00987479	0.0434053	-0.0675736	0.0530983	0.0441097	-0.0381151	-0.052544	0.432907	0.453269	0.208763	-0.00910109	0.120282	-0.00549477	-0.0103085	0.263293	0.0754843	0.0360544	0	
0.296725	0.185655	0.0941956	-0.0987204	0.023445	0.175494	0.000998953	0.0964732	0.0306462	0.0269388	0.00788021	0.226609	-0.0234572	0.011546	0.0298563	-0.0577818	0.0530983	0.0441097	-0.0364439	-0.0604028	0.419313	0.379002	0.189431	-0.0107723	0.120282	-0.00549477	-0.0457848	0.264964	0.165904	
0.296725	0.17173	0.0976974	-0.104099	0.0522268	0.223117	0.000998953	0.0964732	0.0306462	0.0376045	0.00788021	0.321004	-0.0234572	-0.0277056	-0.0102563	0.165904	-0.0577818	0.0530983	0.0441097	-0.013183	-0.0749504	0.29671	0.369554	0.166425	-0.0107723	0.0973824	-0.00426256	0.00593873	0.303798	0.0392516	
0.296725	0.147522	0.114694	-0.0922993	0.0521583	0.234269	0.00671325	0.0952629	0.0294359	0.0119421	0.00788021	0.343862	-0.0123051	-0.0104083	0.0182616	0.175191	-0.0577818	0.040736	0.04532	-0.0387142	-0.0749504	0.337891	0.369554	0.253956	-0.0119826	0.108534	-0.00610051	0.000978387	0.386056	0.110349	0	
0.296725	0.147522	0.114694	-0.092679	0.0612042	0.128194	0.00671325	0.0952629	0.0294359	0.0125548	-0.00366905	0.194978	-0.0106881	-0.0104083	0.026469	0.15494	-0.0563948	0.039119	0.04532	-0.0228743	-0.0807075	0.394243	0.360587	0.267826	-0.0119826	0.110151	-0.00610051	0.00489033	0.371425	0	
0.190485	0.14397	0.091972	-0.0839101	0.0447124	0.12512	0.00671325	0.0915553	0.0294359	0.0324439	-0.00366905	0.0243358	-0.0106881	0.0123133	0.0591285	0.15494	0.0498401	0.039119	0.04532	-0.0228743	-0.0543989	0.23539	0.329129	0.11211	-0.0119826	0.110151	0.00654948	0.00231859	0.365265	-0.0130037	
0.190485	0.169598	0.091972	-0.0856891	0.0454188	0.217419	-0.00912986	0.0915553	0.0294359	0.0324439	-0.00366905	0.0303804	-0.0165218	0.0123133	0.0165776	0.115381	0.0759602	0.039119	0.0460264	-0.002275	-0.0675857	0.251233	0.335106	0.180147	-0.0119826	0.101567	0.00654948	-0.00602923	0.312352	0.0166623	0.0267608	0.0315354	-0.00914711	
0.264108	0.195806	0.107938	-0.0889404	0.0479423	0.309445	-0.00912986	0.0915553	0.0294359	0.038017	-0.00366905	0.0408932	-0.0165218	-0.000453177	0.0165776	0.0960127	-0.01354	0.039119	0.0485499	-0.0245561	-0.0691103	0.248843	0.366257	0.268089	-0.0119826	0.112765	0.00923352	-0.0320055	0.312352	
0.262801	0.203145	0.1137	-0.0852702	0.0440647	0.215933	-0.00912986	0.0915553	0.0169476	0.0290889	-0.00373546	0.140856	-0.0165218	-0.00752292	-0.00982435	0.0721902	-0.0130163	0.039119	0.0446722	-0.0248427	-0.0704179	0.294974	0.411698	0.261533	-0.010675	0.112765	0.00923352	-0.0191014	0.311044	
0.262801	0.203145	0.1137	-0.0736299	0.0156827	0.574104	-0.00912986	0.0915553	0.0175029	0.0304217	0.00979345	0.202596	-0.0165218	-0.00752292	-0.00384315	0.0631303	-0.0165561	0.039119	0.0421716	-0.0337876	-0.0638223	0.328396	0.411698	0.201694	-0.010675	0.112765	-0.00735078	-0.0196222	0.311044	0	
0.248927	0.203145	0.13255	-0.0908737	0.0112176	0.574104	-0.00432237	0.112896	0.0200159	0.0138409	0.00979345	0.190477	-0.0165218	0.000532864	0.0150638	0.0956522	-0.00268198	0.039119	0.0421716	-0.0322086	-0.0638223	0.37426	0.411698	0.18734	-0.010675	0.112765	-0.00735078	-0.0229904	0.311044	-0.0566336	0	
0.249033	0.203145	0.148072	-0.102263	0.00479076	0.711495	-0.01278	0.112896	0.0288673	0.0380206	0.00979345	0.274318	-0.0103671	-0.0089806	-0.0226715	0.0774729	-0.00278866	0.039119	0.0421716	-0.0451462	-0.0692579	0.382717	0.411698	0.068341	-0.010675	0.13473	-0.00828916	-0.0283902	0.311044	-0.0179769	
0.287902	0.238155	0.137046	-0.090663	0.00479076	0.666365	-0.01278	0.107337	0.0288673	0.0228487	0.00902577	0.116475	-0.00750951	0.00204525	-0.0127031	0.0774729	-0.0416573	0.039119	0.0421716	-0.0438014	-0.0729778	0.382717	0.375457	0.110156	0.00210507	0.0819509	-0.00828916	-0.0171162	0.347991	0	
0.2691	0.318012	0.131574	-0.0799578	0.0179996	1.09173	-0.0182039	0.107337	0.0288673	0.0194568	0.00902577	0.102786	-0.0138328	0.000700296	-0.0217172	0.0991039	-0.0228557	0.039119	0.0372153	-0.0221646	-0.0650197	0.388141	0.375457	0.187322	0.00752895	0.0465522	-0.00828916	-0.0352688	0.328074	
0.279682	0.319355	0.142002	-0.0743723	0.0154096	0.841344	-0.0195468	0.107337	0.0340974	0.00977309	-0.00165878	0.528398	-0.0138328	0.000700296	-0.0337235	0.0839191	-0.0334371	0.039119	0.0366108	-0.026636	-0.0665439	0.352157	0.358516	0.177189	0.00887181	0.0344793	-0.0169348	-0.0538546	0.279063	-0.0513372	
0.385006	0.337561	0.142002	-0.0678376	0.0363049	0.707649	-0.0371707	0.0962996	0.0230595	0.00977309	-0.00165878	0.528398	-0.0138328	0.000700296	-0.0283094	0.0728813	-0.127464	0.0280811	0.0476486	-0.026636	-0.0714932	0.274631	0.358516	0.177189	0.0154579	0.0606506	-0.0279726	-0.036607	0.260038	
0.342523	0.337561	0.142002	-0.0591448	0.0090816	0.590729	-0.0237086	0.109762	0.0367959	0.00977309	-0.00165878	0.423233	-0.0138328	0.000700296	0.00169723	0.0631862	-0.0878719	0.0415433	0.0207676	0.00794107	-0.0644134	0.256658	0.315286	0.116559	0.0154579	0.028318	-0.0145105	-0.0528336	0.292287	0.147064	0.0124474	
0.316351	0.245283	0.142002	-0.0598423	-0.013845	0.694122	-0.0289895	0.103636	0.031515	0.00977309	-0.00165878	0.541249	-0.0150471	0.000700296	-0.0520337	0.0579053	-0.0616999	0.0362623	0.0260485	0.0150145	-0.0586872	0.24762	0.315286	0.122918	0.0154579	0.028318	-0.0197914	-0.0503364	0.326028	0.108729	0.0124474	0.022625	
0.319525	0.249651	0.172754	-0.0715603	0.00571229	0.515142	-0.0289895	0.103636	0.0175722	0.0160897	0.00304028	0.492518	-0.0144264	0.000700296	-0.0201806	0.0516443	-0.0648735	0.0356416	0.0260485	-0.00377207	-0.0523315	0.286716	0.308958	0.156998	0.0154579	0.0289388	-0.0197914	-0.0229926	0.38158	0.0134629	
0.319525	0.305287	0.157958	-0.0720864	-0.003982	0.55263	-0.0289895	0.103636	0.0175722	0.0103325	0.00325024	0.514501	-0.00795409	-0.000308477	-0.0315839	0.0395083	-0.0648735	0.0291693	0.0163542	-0.0162667	-0.0441603	0.286716	0.327555	0.142569	0.0154579	0.0354111	-0.0119261	-0.0320974	0.346595	0.0527834	
0.322193	0.276823	0.147443	-0.0632259	0.0422239	0.626283	-0.0312315	0.0981958	0.0156387	0.00855741	-0.00233574	0.431272	-0.0125854	-0.000308477	-0.0165277	0.0333793	-0.063472	0.0272358	0.0182877	-0.0103379	0.295421	0.327555	0.130355	0.0157664	0.0354111	-0.0144543	-0.0649701	0.346595	0.0654387	0	
0.273873	0.276823	0.112077	-0.0589169	0.040258	0.413233	-0.0294711	0.0999561	0.0173991	0.0241699	-0.00233574	0.356855	-0.00747709	-0.000308477	-0.0222502	0.0351397	-0.02316	0.0238879	0.0145614	0.0174879	0.235083	0.323362	0.110738	0.0157664	0.0374459	-0.00205017	-0.0585134	0.272556	0.147633	0.0534673	0.0671756	
0.285118	0.215462	0.112534	-0.0718135	0.0219196	0.413233	-0.0294711	0.105031	0.0173991	0.0241699	-0.0104647	0.356855	-0.00747709	-0.000765046	-0.0308757	0.0351397	-0.0104487	0.0238879	0.0255648	-0.00194208	0.253997	0.147633	0.323362	0.15947	0.0157664	0.0374459	-0.0179046	-0.0585134	0.204226	
0.285118	0.270709	0.113915	-0.0743981	0.0219196	0.631198	-0.0330838	0.101419	0.00593102	0.0241699	-0.0104647	0.158238	-0.00747709	-0.00214601	-0.0335976	0.031527	-0.0319969	0.0202752	0.0291775	0.00824078	0.253997	0.147633	0.432929	0.162987	0.0157664	0.0250893	-0.0160936	-0.0360539	0.219475	0.0354347	0	
0.286233	0.276047	0.123188	-0.0723736	0.0692919	0.481586	-0.0322616	0.0939853	0.00389413	0.0136877	-0.0114398	0.159708	-0.00747709	-0.00923448	-0.0373553	0.0385425	-0.0162983	0.0202752	0.0401082	0.00935489	0.315001	0.165448	0.29314	0.164101	0.0138301	0.0250893	-0.0160936	-0.0367011	0.206934	
0.260226	0.249748	0.111252	-0.0726904	0.0429459	0.526315	-0.0322616	0.0939853	0.0015539	0.0134196	-0.00202925	0.165515	-0.00561711	0.00389002	-0.0438014	0.0331152	0.00970861	0.0202752	0.0391173	0.00935489	0.2572	0.221875	0.430107	0.290204	0.0138301	0.0899552	-0.0160936	-0.0311357	0.206934	0	0	
0.260226	0.250582	0.100385	-0.0718571	0.0784444	0.452392	-0.0346555	0.0924246	-6.73123e-06	0.0273907	-0.00477143	0.382497	-0.00424814	0.00389002	-0.0282892	0.0315546	-0.0193602	0.0187146	0.0431784	0.00935489	0.237138	0.202476	0.430107	0.187833	0.0146635	0.0899552	-0.0176542	-0.0311357	0.236164	
0.260226	0.25374	0.112692	-0.0747515	0.0812734	0.534297	-0.0292402	0.0837573	0.000477965	0.0360955	-0.00354407	0.204344	-0.0184796	0.00389002	-0.0017149	0.0320393	0.0152481	0.0191993	0.0293671	0.00547264	0.232207	0.220551	0.387879	0.333402	0.00973281	0.0899552	-0.00504201	-0.0112662	0.214758	-0.0606335	-0.0196558	
0.282941	0.217313	0.148884	-0.072994	0.0831805	0.570828	-0.0311382	0.0837573	0.000477965	0.00994666	-0.0018105	0.207844	-0.0190553	-0.00399227	0.00826048	0.0320393	-0.0414802	0.0197751	0.0228392	0.0161135	0.277945	0.249936	0.317952	0.234457	0.0116309	0.0635944	0.0127857	-0.0452539	0.165961	-0.00362192	
0.270631	0.217313	0.104876	-0.072994	0.0883786	0.462872	-0.0332106	0.0774064	-0.00159445	0.00994666	-0.0018105	0.154938	-0.0209638	-0.000975809	0.0430491	0.0299668	-0.0291707	0.0196111	0.0249116	0.0283684	0.217076	0.305364	0.30134	0.188917	0.0116309	0.0505656	0.0278457	-0.00879318	0.153899	
0.276004	0.147781	0.137179	-0.072994	0.0883786	0.292082	-0.0332106	0.0774064	-0.00159445	0.00994666	-0.00551017	0.154938	-0.0196882	-0.000975809	0.0778978	0.0230998	-0.0345432	0.0196111	0.0249116	0.0248731	0.217076	0.286359	0.350592	0.295881	0.0116309	0.0411499	0.0373049	-0.0424727	0.153899	0.0684304	0.0509538	
0.276004	0.158411	0.118365	-0.0667109	0.0904689	0.273785	-0.0332106	0.0703772	0.00417528	0.0212333	-0.00930026	0.108354	-0.0196882	-0.00360763	0.0258249	0.0230998	-0.0154561	0.0196111	0.0297499	0.0349338	0.217076	0.234097	0.345561	0.231837	0.0116309	0.0488051	0.0465079	-0.0434402	0.198731	0.0140109	0.132479	0	
0.220466	0.158411	0.118365	-0.0778635	0.0919025	0.41206	-0.0332106	0.0703772	0.00417528	0.0399108	-0.00930026	-0.00996784	-0.017397	-0.00360763	0.0452268	0.0230998	0.0400816	0.01732	0.0311836	0.00334542	0.21011	0.281836	0.345561	0.204053	0.0116309	0.0951355	0.0465079	-0.0418295	0.198731	
0.220466	0.187572	0.121816	-0.0811919	0.0575191	0.456905	-0.0332106	0.0584236	0.00417528	0.0213593	0.0158704	0.0692445	-0.0271769	-0.00705866	0.07034	0.0230998	0.0400816	0.0207249	0.0311836	0.00652099	0.183825	0.281836	0.400067	0.261277	0.0116309	0.0917306	0.0465079	-0.0590851	0.198731	-0.0643954	0.0183712	-0.11198	
0.220466	0.238688	0.0970332	-0.0641863	0.0469134	0.442674	-0.0380438	0.0535905	-0.000657891	0.0213593	-0.00653646	0.0875334	-0.0271769	0.0177241	0.0696253	0.0182666	0.0368069	0.0158917	0.0373596	0.040485	0.198832	0.316851	0.356172	0.207344	0.0116309	0.0917306	0.0416747	-0.0288185	0.221733	0.0373423	
0.256145	0.178338	0.110475	-0.0653281	0.0163388	0.316317	-0.0380438	0.0535905	-0.000657891	0.0129851	0.000284569	0.022582	-0.0271769	0.00867466	0.0370866	0.0184174	-0.0178601	0.0158917	0.0373596	0.0404435	0.151661	0.487236	0.356131	0.117959	0.0116723	0.108869	0.0407034	-0.0336818	0.177663	0.0644369	-0.0289048	
0.310103	0.148811	0.110475	0.108869	0.0551035	0.316317	-0.0380438	0.0535905	-0.000657891	0.0158784	-0.00687687	0.127703	-0.0308954	0.00867466	0.0506365	0.0184174	-0.0718184	0.0158917	0.0373596	0.059213	0.131069	0.469587	0.323926	0.156929	0.0116723	0.0626032	-0.051261	0.177663	
0.30905	0.148811	0.109693	0.108869	0.0429932	0.16958	-0.041077	0.0594111	-0.00369105	0.0251013	-0.00483973	0.13196	-0.0308954	0.00840329	0.0520541	0.0153842	-0.0718184	0.0128586	0.0403928	0.0944378	0.21069	0.568078	0.322873	0.155876	0.0127257	0.0595701	-0.0299223	0.179388	
0.30905	0.157704	0.110537	0.0963704	0.01925	0.2665	-0.041077	0.0594111	0.0343853	0.0190229	-0.00483973	0.0524769	-0.0304139	0.00840329	0.0569172	0.00696919	-0.0718184	0.0185417	0.0450785	0	0.36591	0.568078	0.384035	0.14641	0.0127257	0.0944378	0.0808724	-0.071547	0.179388	0.157101	0.0279016	
0.234232	0.105816	0.110537	0.098072	0.01925	0.190102	-0.041077	0.064723	0.0343853	0.0190229	-0.00740734	0.0061533	-0.0287122	0.00840329	0.116918	0.00696919	0.002999	0.0168401	0.0450785	0.341127	0.475926	0.357456	0.262829	0.0127257	0.0944378	0.0808724	-0.0686984	0.184063	
0.234232	0.138269	0.108746	0.106255	0.0157531	0.307249	-0.0406047	0.0539244	0.0280278	0.0459763	-0.00992068	0.0142762	-0.0287122	0.0101941	0.057446	0.00744149	0.002999	0.0173124	0.0534183	0.44287	0.391176	0.312408	0.233817	0.0127257	0.0944378	0.0813447	-0.0352883	0.184063	0	
0.259873	0.176717	0.136945	0.104152	-0.0166188	0.115804	-0.0406047	0.0539244	0.0280278	0.045206	-0.00992068	0.0425531	-0.0212653	0.00421462	0.0965049	0.00744149	-0.0441356	0.0123339	0.0414451	0.478807	0.391176	0.312408	0.09203	0.0127257	0.0477956	0.0888005	-0.0352883	0.184063	0.135433	0	
0.259873	0.17706	0.0855211	0.104152	-0.015905	0.145076	-0.0409481	0.0539244	0.0369172	0.0421417	-0.00992068	0.0728024	-0.0212653	0.0194898	-0.0165231	0.00386572	-0.0162174	0.0123339	0.0414451	0.473063	0.484159	0.454721	0.215915	0.0130692	0.0477956	0.0888005	-0.0407457	0.173992	
0.317205	0.18059	0.108812	0.092643	0.00143502	0.168749	-0.0409481	0.0539244	-0.000221926	0.0421417	0.00661937	0.0748748	-0.0212653	0.0194898	-0.0165231	0.0125766	-0.0742104	0.0123339	0.0414451	0.377704	0.489549	0.454721	0.17764	0.0130692	0.0185112	0.0888005	-0.00360656	0.173992	
0.317205	0.235345	0.100317	0.092643	-0.0284403	0.255061	-0.0409481	0.0539244	-0.00240181	0.0421417	-0.0132741	-0.0069017	-0.026371	0.0019824	0.00530626	0.0125766	-0.0742104	0.0123339	0.0276911	0.377704	0.489549	0.342056	0.119819	0.0130692	0.016044	0.0854295	-0.0209523	0.188913	
0.317205	0.253331	0.164424	0.0624808	-0.00458509	0.406507	-0.0409481	0.0546699	0.00253744	0.0421417	-0.00714439	-0.000761309	-0.0200829	0.0100236	0.557893	0.0125766	-0.0742104	0.0123339	0.0275782	0.211082	0.489549	0.342056	0.213488	0.0130692	-0.0124219	0.0777425	-0.0144895	
0.201266	0.254667	0.146957	0.0730087	-0.00502634	0.378951	-0.0421511	0.0550196	0.00267025	0.0188507	-0.00714439	-0.0393039	-0.0200829	-0.00405949	0.283106	0.0127094	0.041729	0.0124667	0.0274454	0.213881	0.463479	0.297478	0.24784	0.014405	-0.0223526	0.0778754	-0.0353536	0	
0.216599	0.254667	0.192995	0.0683627	-0.0176107	0.625871	-0.0421511	0.0563419	-0.00931038	0.0188507	-0.00714439	0.042236	-0.0268264	-0.0103197	0.353619	0.0127094	0.0503595	0.0124667	0.0274454	0.213881	0.463479	0.461104	0.193419	0.014405	0.0271892	0.0778754	-0.023373	
0.154025	0.256701	0.192995	0.0822363	0.0163699	0.98221	-0.0421511	0.0563419	-0.0088459	0.0188507	-0.00714439	0.0512885	-0.0278038	-0.0103197	0.218693	0.0143426	0.104604	0.0134441	0.0274454	0.199259	0.499316	0.372258	0.23587	0.014405	-0.00465568	0.0778754	-0.0155826	0.0381681	
0.154025	0.26411	0.192995	0.0822363	0.00644952	0.82094	-0.0495461	0.056356	0.00675682	0.0188507	-0.00801596	0.0199252	-0.0278038	-0.0103197	0.352673	0.0143568	0.0823024	0.0134583	0.0274312	0.177376	0.577207	0.372258	0.199338	0.0218142	-0.0079508	0.0929583	-0.0298067	0	
0.158735	0.190179	0.173487	0.0822363	0.00644952	0.491926	-0.0505853	0.0553168	-0.000318645	0.0301804	-0.00801596	0.0108322	-0.0278038	0.00918805	0.561828	0.0122238	0.103696	0.0124191	0.0284704	0.186815	0.602184	0.402905	0.231878	0.0218142	-0.00763985	0.077698	-0.00672628	0	
0.127511	0.19266	0.177104	0.0822363	-0.0215912	0.153561	-0.0530665	0.055526	0.00808144	0.0413328	0.000695143	0.0123836	-0.041583	0.00557083	0.818075	0.0122238	0.104679	0.0124191	0.028218	0.186815	0.642994	0.333398	0.231878	0.0242953	-0.00763985	0.077698	-0.0265996	0	0.067253	0.0815686	0	0	
0.164236	0.19266	0.152957	0.0612644	-0.00930172	0.199637	-0.0530665	0.055526	0.00808144	0.0430885	0.00245086	-0.00253165	-0.041583	-0.00497293	0.783449	0.0122238	0.0697097	0.0124191	0.028218	0.237701	0.640899	0.331231	0.206833	0.0225396	-0.0167137	0.077698	-0.0265996	-0.000872402	0.0712137	-0.06576	
0.203848	0.19266	0.152957	0.0612644	0.0263252	0.101993	-0.0530665	0.055526	0.0234935	0.0430885	0.00245086	0.0292857	-0.0433648	-0.00497293	1.12809	0.0122238	0.0302874	0.0124191	0.0348257	0.220922	0.640899	0.359002	0.170764	0.0225396	-0.0092858	0.0914172	-0.0208826	-0.000872402	
0.203848	0.243605	0.152957	0.0612644	0.0394887	0.295498	-0.0530665	0.055526	0.0234935	0.0214665	0.00245086	0.00596555	-0.0433648	-0.00497293	1.12809	0.0122238	0.0307894	0.0124191	0.0361219	0.211899	0.590853	0.34998	0.200715	0.0225396	-0.00651741	0.0914172	-0.0208826	0.00814995	
0.196668	0.166972	0.160073	0.0612644	0.083913	0.4204	-0.0530665	0.0535694	0.00584375	0.0417826	-0.00186266	0.0847128	-0.0433648	0.00136549	0.988426	0.0122238	0.0379697	0.0124191	0.0361219	0.216311	0.593185	0.354392	0.211702	0.0225396	-0.0358049	0.0914172	-0.00323289	0.0037379	0	0.00116267	0	0	
0.196668	0.145179	0.131011	0.0983703	-0.0102823	0.388266	-0.0531172	0.0535694	0.00496164	0.0264888	-0.00186266	0.0774962	-0.0433648	0.00136549	1.1312	0.0122238	0.0379697	0.0124191	0.0333448	0.216311	0.584307	0.332782	0.211702	0.0225904	-0.0348543	0.0914172	0.0125962	0.0037379	0	0.0120666	-0.371424	
0.232296	0.134641	0.149205	0.0838597	0.0216227	0.277485	-0.0536543	0.0536223	0.00621295	0.0484363	-0.00186266	0.0710724	-0.0433648	-0.0180648	1.14014	0.0122767	0.00234127	0.012472	0.0293024	0.216311	0.568733	0.397967	0.138921	0.0231804	-0.0146317	0.0914701	0.00209418	0.0037379	-0.0291389	0.0192196	
0.279992	0.150896	0.143772	0.0838597	0.0276454	0.235661	-0.0618842	0.0453924	-0.0192179	0.0483284	0.0202124	0.0171735	-0.0433648	-0.0099051	0.831429	0.00404684	-0.0186104	0.00424209	0.043555	0.210388	0.624701	0.40907	0.174173	0.0204532	-0.0605341	0.0832402	0.0228001	0.0123884	-0.0145962	0.09284	0	
0.250196	0.156528	0.131763	0.0748275	0.047615	0.226629	-0.0606447	0.0453924	-0.0186978	0.037199	-0.000203733	0.0689475	-0.052397	0.000754341	0.830189	0.00404684	0.0111862	0.0132744	0.043555	0.221417	0.623462	0.409405	0.22986	0.0192136	-0.0305015	0.0832402	0.0222801	0.0120539	0	
0.250196	0.156528	0.127096	0.0748275	0.0458687	0.230283	-0.0520931	0.038223	-0.0101462	0.0455019	0.00446302	0.0225494	-0.0490719	0.0054208	1.01125	0.0125984	0.0111862	0.021826	0.0337238	0.221417	0.60167	0.328739	0.169741	0.0192136	0.00634988	0.0896605	0.0216171	0.0120539	0	
0.198747	0.136769	0.136338	0.0748275	0.0563507	0.230283	-0.0520931	0.0886024	-0.0101462	0.0455019	0.00446302	0.0333628	-0.0490719	0.0054208	0.72458	0.00552087	0.0760405	0.021826	0.0337238	0.221417	0.649069	0.328739	0.132173	0.0192136	0.0329304	0.0896605	0.0216171	0.0120539	
0.208664	0.183001	0.177177	0.0922091	0.0585161	0.450202	-0.0532407	0.108397	-0.0101462	0.0231644	0.00755648	0.15263	-0.0490719	-0.0195989	0.725728	0.0148738	0.106972	0.021826	0.0358892	0.221417	0.519647	0.381019	0.156032	0.0203613	-0.032838	0.0896605	0.0539176	0.0120539	0.0328794	
0.198604	0.157713	0.143759	0.0923103	0.0558818	0.654787	-0.0532407	0.117027	-0.0101462	0.0520754	0.00755648	0.071473	-0.0498759	0.00347049	0.725728	0.0101415	0.0985226	0.021826	0.0457893	0.221417	0.5483	0.319175	0.193259	0.0203613	0.024237	0.0896605	-0.00274691	0.0120539	
0.198604	0.157713	0.116155	0.0923103	0.0470676	0.673015	-0.0532407	0.0928564	0.0131174	0.0439731	-0.00977393	0.0925927	-0.0498759	0.00253279	0.657647	0.0118015	0.0985226	0.021826	0.0471189	0.161052	0.525279	0.319164	0.193259	0.0203613	-0.0200656	0.0896605	-0.0260105	0.0120645	
0.198604	0.143646	0.11578	0.108736	0.0388669	0.577789	-0.0532407	0.114214	0.0131174	0.038716	-0.00138462	0.275708	-0.0452982	0.00290798	0.826559	0.0118015	0.0904907	0.021826	0.0520244	0.163006	0.525279	0.363451	0.212462	0.0203613	-0.0436065	0.0896605	-0.0278826	0.0120645	
0.186957	0.179922	0.114439	0.0775343	0.014091	0.173624	-0.0558715	0.114214	0.0131174	0.038716	0.00148219	0.112462	-0.0580479	0.00424871	1.11257	0.021306	0.102137	0.0345757	0.0645489	0.180674	0.46917	0.377989	0.135898	0.0229921	-0.0434817	0.0896605	-0.0278826	0.0120645	0.136737	-0.0170226	
0.143624	0.179922	0.114439	0.0775343	0.0359829	0.0825091	-0.0558715	0.114214	0.0131174	0.0333599	0.00148219	0.208157	-0.0582367	0.00424871	1.11257	0.00184617	0.149905	0.0345757	0.0637873	0.180674	0.518639	0.362855	0.140606	0.0229921	-0.0499422	0.0896605	0.0155281	0.0120645	0	
0.198164	0.15956	0.145237	0.0827992	0.0548396	0.0789641	-0.0558715	0.114214	0.00793967	0.0362784	0.00148219	0.098898	-0.0529718	0.00424871	0.976146	0.00184617	0.100697	0.0293107	0.0637873	0.151033	0.518639	0.352351	0.140606	0.0229921	-0.0499422	0.0896605	0.0523526	0.0120645	-0.0313811	
0.221709	0.180555	0.128192	0.129542	0.0206174	0.0709871	-0.058926	0.114214	0.00793967	0.0362784	0.0113518	0.180799	-0.0644081	0.0064398	0.674673	0.00184617	0.0649932	0.0349289	0.061377	0.150465	0.524161	0.352351	0.144567	0.0260466	-0.00720625	0.087739	0.0523526	0.0120645	0.0843119	
0.221709	0.240513	0.125837	0.134644	0.0239737	0.37658	-0.0542302	0.11891	0.0122463	0.026269	0.00528375	0.180799	-0.0630357	0.00879512	0.852274	0.00654203	0.0221198	0.0345228	0.0600374	0.154799	0.541234	0.267449	0.157546	0.0260466	-0.0296344	0.0924348	0.0527418	0.0120645	0	
0.221709	0.241872	0.133878	0.134644	0.0265245	0.378786	-0.0555889	0.11891	0.0138828	0.0503259	0.0110725	0.119977	-0.0570116	0.000753948	1.06688	0.0053433	0.0221198	0.0345228	0.0600374	0.187119	0.542593	0.316357	0.180761	0.0274054	-0.0296344	0.0924348	0.0511053	0.0145937	0.00112374	
0.212476	0.241872	0.133878	0.134644	0.0271002	0.391742	-0.0555889	0.11891	0.0138828	0.0503259	0.0110725	0.159238	-0.0570116	0.000753948	0.825333	0.0053433	0.031353	0.0345228	0.0606131	0.128814	0.542593	0.343528	0.176516	0.0274054	-0.0270852	0.0924348	0.0511053	0.0145937	0	
0.169006	0.241872	0.0851854	0.133112	0.0747928	0.539291	-0.0555889	0.11891	0.0142397	0.0399038	0.018013	0.276949	-0.0585437	0.00570026	0.825333	0.0053433	0.0748224	0.036055	0.0560675	0.166082	0.542593	0.349855	0.151301	0.0274054	-0.0101643	0.0939031	0.0507484	0.0145937	-0.00632684	0	0	
0.155389	0.241872	0.107586	0.134813	0.0694209	0.64229	-0.0555889	0.11891	0.0142397	0.0399038	0.0114087	0.199004	-0.0589172	0.00570026	0.762761	-0.007588	0.08844	0.0364284	0.0560675	0.166082	0.526834	0.343528	0.20242	0.0274054	-0.0288944	0.0939031	0.0507484	0.0145937	-0.0276852	0	-0.0383204	-0.0105372	
0.206203	0.241872	0.115334	0.150188	0.0743047	0.514687	-0.0563564	0.118142	0.00390259	0.0395002	0.0108527	0.126152	-0.0620882	-0.00260399	0.598413	-0.00860361	0.0370698	0.038832	0.0568349	0.193534	0.474253	0.373186	0.201864	0.0279613	0.0087625	0.0759957	0.0603181	0.00621835	0.000248178	0	
0.206203	0.191669	0.115334	0.150188	0.0405737	0.418813	-0.0563564	0.179087	0.00390259	0.027304	0.0108527	0.0492616	-0.0640544	-0.00260399	0.598413	0.00718746	0.103543	0.038832	0.060945	0.193534	0.439477	0.386087	0.266841	0.0279613	0.0275069	0.0759957	0.0603181	0.00621835	0	
0.259755	0.191669	0.148933	0.150188	0.057446	0.418813	-0.0563564	0.185925	0.00390259	0.0334537	0.0187992	0.0996432	-0.0644337	-0.0101985	0.548488	0.00833465	0.0232867	0.038832	0.0677827	0.160908	0.439477	0.341933	0.291271	0.0279613	0.0200437	0.0710725	0.0603181	0.00527196	-0.0202761	0.00861807	0	
0.228966	0.191669	0.136757	0.13131	0.0657381	0.717121	-0.0563564	0.190301	0.00390259	0.0436006	0.0186296	0.059083	-0.0644337	-0.00576248	0.548488	0.00833465	0.0539058	0.038832	0.0721591	0.160769	0.435354	0.337885	0.261797	0.0281309	-0.0367972	0.0710725	0.0618975	0.00524118	
0.335949	0.136493	0.139804	0.109976	0.0783677	0.713984	-0.0563564	0.197839	0.00390259	0.0336741	0.0201799	0.127198	-0.064972	-0.00421221	0.548488	0.00833465	-0.0515264	0.038832	0.0796962	0.161344	0.435354	0.340869	0.195695	0.0265806	0.0244062	0.0710725	0.0632822	0.00679145	-0.0421581	
0.335949	0.136493	0.159097	0.109976	0.0763448	0.659708	-0.0549127	0.19358	0.0053462	0.0625723	0.0118835	0.0414237	-0.0603909	0.000795904	0.725092	0.00977825	-0.0515264	0.0402756	0.0762297	0.165712	0.470933	0.345237	0.233552	0.0265806	-0.00210072	0.077819	0.0354781	0.00242333	0	
0.350982	0.136493	0.127554	0.13749	0.103536	0.841601	-0.0549127	0.195438	0.00515813	0.0625723	0.0182567	0.206659	-0.0607148	0.00040603	0.38267	0.00154949	-0.0659395	0.0402756	0.0780881	0.22903	0.410987	0.345237	0.183101	0.0265806	0.00239937	0.0656552	0.0356662	0.00242333	
0.350982	0.136493	0.13621	0.13752	0.109777	0.423908	-0.0518721	0.189184	0.00819879	0.0641855	0.0182567	0.115192	-0.0606846	-0.00330372	0.47136	0.000611555	-0.0793556	0.0432861	0.0750475	0.282562	0.396323	0.337973	0.183101	0.0265806	0.0188995	0.0686959	0.0228124	0.00242333	
0.350982	0.136493	0.13621	0.144938	0.104773	0.335467	-0.0518721	0.18418	0.00819879	0.0387335	0.0182567	0.183365	-0.0606846	-0.00330372	0.410555	0.000611555	-0.104887	0.0432861	0.0700432	0.194194	0.403711	0.336814	0.275092	0.0265806	0.0884061	0.0606468	0.0187145	0.00358183	-0.0220665	
0.377627	0.17276	0.12482	0.144938	0.109815	0.157402	-0.0518854	0.18418	0.0152046	0.06302	0.0182567	0.123848	-0.0671078	0.0201001	0.52279	-0.00111055	-0.0693873	0.0433414	0.069988	0.246398	0.448741	0.359742	0.366938	0.0266492	0.0931529	0.0885541	0.011764	0.0079077	
0.320424	0.181242	0.120593	0.144938	0.0825579	0.0785855	-0.0518854	0.189068	0.0152046	0.0414381	0.0205173	0.0986989	-0.0671078	0.0201001	0.318902	-0.00111055	-0.0121847	0.0433414	0.0774708	0.203561	0.374697	0.361825	0.440613	0.0266492	0.130993	0.0885541	0.0238861	0.00582526	
0.345514	0.181242	0.120593	0.130542	0.0640381	-0.0136589	-0.0403339	0.189068	0.0290555	0.0414381	0.0205173	0.196613	-0.0597105	0.0201001	0.475284	0.0227998	-0.0372741	0.059869	0.0659193	0.228079	0.324053	0.371179	0.467805	0.0266492	0.130993	0.100106	0.0215867	-0.00352847	-0.0425304	0.120145	
0.316069	0.151503	0.127816	0.0967948	0.0273294	0.0360814	-0.04967	0.184275	0.0197194	0.0481917	0.0178475	0.547564	-0.0622065	0.014034	0.282983	0.0134637	-0.0364329	0.0505329	0.0704628	0.228079	0.35388	0.400307	0.461483	0.0254924	0.132319	0.0907694	0.0104472	-0.00237176	-0.0107012	0.0609036	
0.321346	0.151503	0.109584	0.0976144	0.018143	0.0170871	-0.04967	0.173695	0.0199928	0.05934	0.0178475	0.193573	-0.0613869	0.014034	0.282983	0.0134637	-0.062182	0.0497133	0.0612764	0.228079	0.35388	0.379068	0.426379	0.0254924	0.196756	0.0907694	0.00778471	-0.00237176	-0.0667454	
0.321346	0.152021	0.106237	0.0954307	0.00385474	0.12266	-0.0501875	0.174365	0.0199928	0.0779377	0.0178475	0.322997	-0.0635706	0.0228734	0.336135	0.0134637	-0.0447068	0.051897	0.0619461	0.30379	0.354397	0.42161	0.406068	0.0260099	0.211322	0.0907694	0.00778471	-0.0103177	
0.324343	0.198202	0.107501	0.070725	0.03616	0.263375	-0.0501875	0.174365	0.0116538	0.0897779	0.00597854	0.179449	-0.0635706	0.0216095	0.459197	0.0110726	-0.0704945	0.051897	0.0619461	0.30265	0.354397	0.42161	0.406068	0.0260099	0.212008	0.0907694	0.0325074	-0.0103177	0	
0.350152	0.197547	0.117335	0.10179	0.0190194	0.0489722	-0.0495322	0.139514	0.0116538	0.112913	0.00556978	0.199489	-0.0690096	0.0216095	0.302634	0.0110726	-0.0716202	0.051897	0.0619461	0.287451	0.476347	0.435448	0.297052	0.0253546	0.212008	0.084134	0.0325074	-0.0103177	0	
0.350152	0.224508	0.111373	0.158219	0.0070432	0.128	-0.0495322	0.146139	0.0116538	0.112913	0.00556978	0.0686543	-0.0690096	0.0249322	0.246688	0.0110726	-0.0753694	0.051897	0.0619461	0.304354	0.476347	0.435448	0.219229	0.0253546	0.147603	0.084134	0.0367341	-0.0103177	0.0232933	
0.335571	0.224508	0.111373	0.126258	0.04837	0.168391	-0.0495322	0.148439	0.0116538	0.0880906	0.0169481	0.0287034	-0.066786	0.0249322	0.27964	0.0110726	-0.0607884	0.051897	0.0619461	0.267593	0.493101	0.435448	0.195854	0.0253546	0.0989462	0.0844136	0.0367341	-0.0103177	0.065248	
0.335571	0.224508	0.111373	0.126258	0.0537836	0.230331	-0.0495322	0.175149	0.0116538	0.0901204	0.0169481	0.173314	-0.0710585	0.0249322	0.348577	0.0110726	-0.0692196	0.051897	0.0673597	0.335332	0.499089	0.435448	0.247822	0.0253546	0.0955607	0.0713075	0.0366612	-0.0103177	-0.00211705	
0.356213	0.229174	0.123154	0.129973	0.0613941	0.282513	-0.0493993	0.175149	0.00420136	0.0585114	0.0212937	0.276967	-0.0710585	0.0174963	0.465918	0.0110726	-0.0855165	0.051897	0.0673597	0.259647	0.464936	0.435448	0.247376	0.020876	0.0999063	0.0713075	0.0589957	-0.00597208	
0.356213	0.229174	0.137094	0.129973	0.0476741	0.222688	-0.0493993	0.177232	0.00666986	0.0316223	0.00909958	0.197078	-0.0710585	0.0208399	0.443328	0.00670319	-0.0855165	0.051897	0.0694429	0.259647	0.464936	0.435448	0.157824	0.020876	0.0999063	0.05869	0.0345292	-0.00597208	-0.0250964	
0.354721	0.245351	0.139763	0.129973	0.0381842	0.163644	-0.0493993	0.171464	0.00666986	0.0750132	0.0177082	0.0246153	-0.0742131	0.0166782	0.375691	0.00670319	-0.0855165	0.051897	0.0694429	0.259647	0.480485	0.435448	0.119911	0.0223684	0.136017	0.05869	0.0345292	-0.00746445	-0.0426246	0	
0.384764	0.247789	0.116227	0.129973	0.047151	0.099238	-0.0518377	0.170666	0.00666986	0.0750132	0.0177082	-0.0154985	-0.0748963	0.0166782	0.378129	0.00670319	-0.11556	0.051897	0.0694429	0	0.510356	0.40086	0.119911	0.0248068	0.134539	0.0554228	0.0384287	-0.00746445	-0.00375257	0.00344086	0.265164	
0.384764	0.159422	0.14265	0.119721	0.047151	0.51373	-0.0518377	0.17413	0.00666986	0.0750132	0.0177082	-0.0154985	-0.0761168	0.0166782	0.412729	0.00670319	-0.126643	0.051897	0.0694429	0.0748363	0.505731	0.40086	0.105348	0.0248068	0.144375	0.0554228	0.0604721	-0.00746445	0.09784	0.265164	
0.384764	0.159422	0.123623	0.112987	0.0285318	0.506996	-0.0522643	0.173771	0.00624319	0.0355842	0.0177082	0.0265565	-0.0803465	0.0166782	0.412729	0.0144715	-0.126643	0.0582043	0.0695109	0.072332	0.558629	0.483264	0.105348	0.0248068	0.144375	0.0549962	0.0802121	-0.00746445	0.282107	0.180439	
0.384764	0.142996	0.123623	0.112987	0.0153435	0.268607	-0.0522643	0.173771	0.000441935	0.0354656	0.0170284	0.0265565	-0.0803465	0.0166782	0.387027	0.00340008	-0.126643	0.0582043	0.0695109	0.0571227	0.558629	0.483264	0.0775815	0.0248068	0.144375	0.0549962	0.0860134	-0.00746445	0.282107	0	0.175473	
0.389616	0.147647	0.123623	0.112987	0.0384572	0.251268	-0.0522643	0.176654	0.000441935	0.0633681	0.0133131	0.14326	-0.0803465	0.0166782	0.387027	0.0081206	-0.131495	0.0582043	0.0638268	0.054155	0.558629	0.44331	0.0775815	0.0248068	0.144375	0.0549962	0.0521113	-0.00746445	0.282107	0	0.124377	
0.258806	0.147647	0.135279	0.112987	0.0412261	0.235022	-0.0522643	0.183095	0.000441935	0.0242051	0.0311053	0.0728118	-0.0803465	0.0274848	0.387027	-0.00362919	-0.000684679	0.0582043	0.0622937	0.0282517	0.558629	0.35965	0.0935654	0.0248068	0.144375	0.0661526	-0.000276466	-0.00746445	0.276117	0.271955	
0.258806	0.191095	0.135279	0.118898	0.0706255	0.25645	-0.0522643	0.182953	0.000441935	0.0556528	0.0311053	0.159294	-0.0708969	0.0274848	0.387027	0.00920464	-0.000684679	0.0582043	0.0621517	0.0337171	0.563547	0.343619	0.0920965	0.0248068	0.144375	0.0661526	-0.000276466	-0.00746445	0.26841	0.189023	0.0216488	
0.247194	0.162196	0.105042	0.118898	0.0676579	0.32999	-0.0522643	0.185084	0.000441935	0.0556528	0.024688	0.112722	-0.0708969	0.0274848	0.418653	0.00920464	0.0109282	0.0582043	0.0656862	0.0188972	0.517083	0.389655	0.133557	0.0248068	0.0764827	0.0661526	0.0160343	-0.00178952	0.319395	0.175255	
0.247194	0.162196	0.0623092	0.0892096	0.0844085	0.337536	-0.0522643	0.185084	0.0166107	0.0556528	0.0316182	0.0252554	-0.0656603	0.0274848	0.36278	0.00848687	0.0109282	0.0529677	0.0656862	0	0.517083	0.431041	0.144615	0.0248068	0.106633	0.0507219	-0.000134392	-0.00178952	0.319908	0.136625	0	
0.282236	0.182874	0.0436412	0.0892096	0.0760719	0.270918	-0.0522643	0.182908	0.0166107	0.056734	0.0316182	0.175039	-0.0656603	0.0461528	0.314101	0.00848687	-0.0241139	0.0529677	0.0635103	-0.00443752	0.517083	0.388944	0.175375	0.0248068	0.106633	0.0507219	-0.000134392	-0.00178952	0.310962	0.215869	0.0105599	
0.282236	0.175662	0.0850366	0.0683408	0.0887781	0.227844	-0.0522643	0.182908	0.0249336	0.0542476	0.0269062	0.0218978	-0.0641885	0.0461528	0.457095	0.00848687	-0.0140212	0.0529677	0.0635103	0.215869	0.572693	0.312959	0.137789	0.0248068	0.00884109	0.0507219	-0.00845737	-0.00178952	0.289352	
0.282236	0.175662	0.114215	0.0598978	0.0901781	0.35471	-0.0522643	0.182908	0.0249336	0.0542476	0.0269062	0.00256448	-0.0726315	0.0169742	0.324455	0.000962525	-0.0140212	0.0614107	0.0635103	0.187437	0.496647	0.383735	0.123709	0.0248068	0.0684891	0.0507219	-0.014407	-0.00178952	0.289352	-0.0071638	0	
0.266006	0.173128	0.0539786	0.0598978	0.0796918	0.165326	-0.0522643	0.177671	0.0249336	0.0312865	0.0269062	0.0318372	-0.06221	0.0525019	0.578694	0.000962525	-0.00450458	0.0614107	0.0582732	0.255504	0.446069	0.400876	0.193119	0.0248068	0.121187	0.0454903	-0.0183631	-0.00178952	0.289352	-0.0371054	
0.344091	0.163988	0.0558367	0.0598978	0.0740762	0.312315	-0.0579262	0.177671	0.0192718	0.0312865	0.0269062	0.0352221	-0.06221	0.0555481	0.555948	-0.0046993	-0.0844726	0.0557489	0.063935	0.255504	0.388253	0.396149	0.277233	0.0248068	0.0690747	0.0398284	-0.0183631	0.00293772	0.180678	
0.344091	0.163988	0.0618565	0.0598978	0.0509947	0.281654	-0.0579262	0.177671	0.0192718	0.0315559	0.016866	0.0485151	-0.06221	0.0561849	0.555948	-0.0046993	-0.0570007	0.0557489	0.063935	0.292777	0.328802	0.398058	0.28911	0.0248068	0.12742	0.0398284	-0.0183631	-0.00194366	0.185559	0.00280338	0.153249	
0.344091	0.165709	0.0611798	0.0598978	0.0375272	0.113679	-0.0596474	0.169867	0.00170334	0.0315559	0.016866	0.0346185	-0.06221	0.0561849	0.779369	-0.0046993	-0.0570007	0.0557489	0.063935	0.292777	0.266539	0.398058	0.354904	0.0265281	0.12944	0.0398284	-0.000794667	-0.00194366	0.203235	-0.038718	0.264132	
0.344091	0.165251	0.112061	0.0598978	0.0609753	0.0964027	-0.0591892	0.169867	0.00170334	0.0370327	0.0173251	0.0346185	-0.0631795	-0.040558	0.680354	-0.0046993	-0.0570007	0.0557489	0.063935	0.263648	0.255348	0.467067	0.329989	0.0260699	0.102303	0.0300113	-0.0235418	-0.00194366	0.14119	0.0472362	
0.383894	0.146737	0.0335772	0.0598978	0.0609753	0.304115	-0.0585049	0.169867	0.00238768	0.0285712	0.0253596	0.0909593	0.643312	-0.00401496	-0.0791888	0.0564332	0.0632507	0.27007	0.253494	0.467067	0.342876	0.0260699	0.0736868	0.0306956	-0.00017153	-0.00194366	0.169771	0.0472362	-0.0631795	
0.383894	0.146737	0.0465666	0.0598978	0.0418673	0.162603	-0.0585049	0.162771	0.00238768	0.0439957	0.0198785	0.0575017	0.643312	0.00623108	-0.134108	0.0564332	0.0561547	0.250125	0.281094	0.459062	0.248462	0.0260699	0.0736868	0.0185586	0.0115236	-0.00194366	0.183702	-0.0631795	0.0342468	
0.383894	0.146737	0.0639415	0.024772	0.0615863	0.298484	-0.0585049	0.162771	0.00238768	0.0439957	0.0158038	0.041256	0.456956	0.00623108	-0.134108	0.0564332	0.0561547	0.214237	0.281094	0.45321	0.221728	0.0260699	0.0603488	0.0185586	0.0115236	0.00798857	0.180188	-0.0717842	0.0342468	
0.409724	0.150582	0.0639415	0.0232717	0.0708362	0.299705	-0.0623506	0.172021	0.00238768	0.0486543	0.0188006	0	-0.0199426	0.545852	0.00623108	-0.141475	0.0552118	0.0654045	0.191432	0.290988	0.442148	0.226874	0.0269187	0.0633456	0.0185586	0.0115236	0.0109854	0.201678	0.0398536	-0.0705628	0.0372437	0	
0.409724	0.129293	0.0897796	0.00737577	0.00806261	0.622044	-0.0582997	0.157817	0.00825499	0.0486543	0.0146368	0.02948	0.575011	-0.00212656	-0.141475	0.0552118	0.0512004	0.117913	0.35956	0.442148	0.280937	0.0228679	0.087476	0.0185586	0.0125878	0.0109854	0.180713	0.175418	-0.0705628	0.0372437	
0.415016	0.150164	0.0484902	0.00737577	0.00806261	0.622044	-0.0565859	0.157817	0.00329889	0.0486543	0.0115378	0.0997818	0.552854	-0.00212656	-0.146767	0.0552118	0.0512004	0.117913	0.357846	0.368807	0.280937	0.0211541	0.131042	0.0185586	0.0389294	0.0109854	0.180713	0.340473	-0.0705628	0.0333256	
0.500734	0.157354	0.0484902	0.0300261	0.0679121	0.364518	-0.0626105	0.158813	0.00329889	0.0630749	0.0193769	0.0516593	0.608535	-0.00212656	-0.226761	0.0552118	0.0521969	0.212281	0.363871	0.41509	0.204722	0.0271787	0.160341	0.0185586	0.0389294	0.00679466	0.184904	0.381358	-0.0705628	0.0333256	
0.529372	0.180735	0.0666535	0.0286842	0.0605261	0.486823	-0.0586554	0.151427	-0.0160566	0.0601053	0.0193769	0.468641	-0.00304972	-0.264631	0.0556304	0.0457341	0.277522	0.328208	0.413952	0.321457	0.0223004	0.138793	0.0176354	0.0573617	0.00793283	0.167583	0.202674	-0.0719046	0.0333256	
0.529954	0.180735	0.10447	0.0383491	0.0630615	0.513116	-0.0586554	0.138088	-0.00900616	0.0460062	0.02199	0.0620749	0	0.598674	-0.00304972	-0.264631	0.0459656	0.0482695	0.219397	0.356077	0.413952	0.172899	0.0217193	0.140942	0.0176354	0.0225582	0.00851401	0.176784	0.195278	-0.0656075	0.0339068	
0.529954	0.178782	0.0671555	0.0486494	0.0285992	0.486468	-0.0567024	0.138088	-0.00900616	0.0421815	0.0233147	0.0620749	0.590826	-0.00304972	-0.264631	0.0356653	0.0482695	0.241888	0.354124	0.413952	0.202312	0.0197662	0.129272	0.00731617	0.0225582	0.00851401	0.128199	0.190018	-0.0553072	0.0288055	
0.529954	0.178782	0.0599816	0.0486494	0.0387492	0.639168	-0.0567024	0.148238	-0.00900616	0.0405625	0.0233147	0.0432055	0.58452	-0.00304972	-0.264631	0.0356653	0.0584195	0.241888	0.354124	0.423902	0.202312	0.0197662	0.120877	0.00731617	0.0225582	0.0104399	0.177768	0.190018	-0.0619127	0.0359794	0.0211436	
0.529954	0.178782	0.0882576	0.0486494	0.00562074	0.639168	-0.0567024	0.154208	-0.00900616	0.0491297	0.0268088	0	0.397553	0.00240377	-0.264631	0.0356653	0.051946	0.241888	0.357725	0.357951	0.143302	0.0197662	0.143874	0.00731617	0.0401102	0.00449191	0.20703	0.128469	-0.060814	0.0300437	0.0432055	
0.565185	0.178782	0.141701	0.02944	0.0268662	0.638487	-0.0567024	0.158313	0.00375665	0.0491297	0.0193429	0.05612	0.334658	-0.003491	-0.299862	0.0356653	0.0560511	0.201328	0.380534	0.355736	0.084776	0.0197662	0.108838	0.00731617	0.0166432	0.00670622	0.204816	0.131954	-0.060814	0.0300437	0.0860525	
0.506511	0.179578	0.0924801	0.0344041	0.0181064	0.654643	-0.0520656	0.158313	-0.000685431	0.0532297	0.0193429	0.159581	0.0479137	0.344106	0.00194165	-0.22474	0.041098	0.0506184	0.194612	0.331737	0.390787	0.084776	0.0205621	0.108838	0.00635757	0.026518	0.00790889	0.160312	0.237985	-0.0539785	0.0300437	
0.493669	0.179578	0.0491559	0.0344041	-0.0110883	0.715188	-0.0495034	0.158313	0.00187675	0.0372035	0.0193429	0.0479137	0.590723	0.00450383	-0.211897	0.0436601	0.0480562	0.218703	0.330762	0.377419	0.159837	0.0205621	0.0768345	0.000249194	0.0104141	0.00780705	0.148872	0.00351816	-0.0538379	0.03229	0.020384	
0.493669	0.179578	0.0457617	0.0257439	-0.000843629	0.715188	-0.0495034	0.158313	0.00187675	0.0441434	0.0218696	0.0441434	0.0479137	0.590723	0.0201309	-0.206097	0.0436601	0.0480562	0.196853	0.350536	0.420362	0.24902	0.0205621	0.0951154	5.22856e-05	-0.00810253	0.00780705	0.148872	0.0683781	-0.0538379	0.03229	-0.0320948	
0.493669	0.163784	0.0453112	0.0257439	0.0211577	0.415225	-0.0495034	0.130442	0.00187675	0.0537948	0.00238617	0.035068	0.640042	0.0201309	-0.213075	0.0436601	0.0480562	0.282224	0.413011	0.365468	0.238228	0.0205621	0.0951154	-0.00418708	-0.00810253	0.00780705	0.162862	0.0152761	-0.0538379	0.0327404	
0.470116	0.163784	0.0443649	0.0263491	0.0438397	0.511674	-0.0495034	0.131561	0.00913895	0.0560233	0.00628953	0.00222852	0.0468671	0.640042	0.0201309	-0.187294	0.0436601	0.0491747	0.211166	0.419437	0.367623	0.177573	0.0183336	0.097344	-0.00271676	-0.0316965	0.0123469	0.221926	-0.00906092	-0.0538379	0.034969	0.0452062	0	0	
0.460885	0.172052	0.0497948	0.0263491	0.0456532	0.441835	-0.0577715	0.131561	-0.00338376	0.0570844	0.0105682	-0.0449838	0.476879	0.0118628	-0.177001	0.0353921	0.0574428	0.236775	0.419437	0.367623	0.15631	0.0172724	0.0984051	-0.0194016	-0.0274418	0.013408	0.175601	0.00666968	-0.0538379	0.0394043	0.103338	0.0479282	-0.0102988	-0.0380271	
0.467934	0.211263	0.0546609	0.0263491	0.0435006	0.244699	-0.0577715	0.133408	-0.00338376	0.0412707	0.0254752	0.0264277	0.476879	0.00470593	-0.18405	0.0353921	0.0640247	0.222216	0.386852	0.339593	0.185198	0.0172724	0.0647997	-0.0194016	-0.0285586	0.013408	0.175601	0.140494	-0.0576691	0.0403194	0.103338	
0.467934	0.22055	0.0994364	0.0263491	0.061945	0.16853	-0.0562524	0.131858	0.00622542	0.0395049	0.0300939	0.0264277	0.47536	0.00470593	-0.184846	0.0353921	0.0624747	0.296365	0.385333	0.339593	0.178539	0.0157533	0.0647997	-0.0194016	-0.0265752	0.013408	0.175601	0.120018	-0.0576691	0.0271108	0.0853933	
0.50778	0.146794	0.0818467	0.0248047	0.0806551	0.0774135	-0.0562524	0.138694	0.0183643	0.0491737	0.0300939	0.026269	0.0853933	0.607878	0.00470593	-0.224692	0.0353921	0.0624747	0.151648	0.382523	0.339593	0.145574	0.0157533	0.0647997	-0.0194016	-0.0608295	0.013408	0.140358	0.0860423	-0.0576691	0.0447005	0	
0.541134	0.210755	0.0818467	0.0248047	0.0333471	0.0256226	-0.0562524	0.139926	0.0183643	0.0491737	0.0148378	0.026269	0.0872343	0.419822	0.00470593	-0.264286	0.0353921	0.0637075	0.152362	0.327247	0.339593	0.145574	0.0157533	0.0803369	-0.0194016	-0.043194	0.013408	0.129067	0.0913919	-0.0576691	0.0447005	0.0221944	0	0.0173207	
0.449777	0.210755	0.0818467	0.00881867	0.00827478	0.0256226	-0.0562524	0.180738	0.0183643	0.0491737	0.0148378	0.0160561	0.073735	0.674182	0.00470593	-0.21763	0.0353921	0.0637075	0.152362	0.325392	0.364017	0.157088	0.0157533	0.0979178	-0.0194016	-0.0732834	0.0167685	0.125707	0.108174	-0.062004	0.0447005	-0.0463104	
0.468314	0.210755	0.0802675	0.021616	0.00710732	0.172529	-0.0599717	0.132705	0.014645	0.0491737	0.0146924	0.0297808	0.111935	0.597524	0.000986629	-0.191466	0.0316728	0.0660767	0.201965	0.325392	0.364017	0.145199	0.0157533	0.139812	-0.0231209	-0.0505228	0.0167685	0.162176	0.202062	-0.062004	0.0447005	-0.00752042	-0.00437888	-0.0037193	0	
0.451016	0.201538	0.0639458	0.0167795	0.0121178	0.298726	-0.0568766	0.108626	0.014645	0.0472628	0.023188	0.0297808	0.111935	0.530776	0.000986629	-0.174169	0.0316728	0.0660767	0.297612	0.322297	0.364017	0.27951	0.0126583	0.133592	-0.0216527	-0.0505228	0.0167685	0.162176	0.238824	-0.062004	0.0379098	0	-0.0232864	
0.451016	0.201538	0.0624732	0.0167795	0.0433771	0.184314	-0.0568766	0.108626	0.00356131	0.0472628	0.023188	0.0297808	0.183231	0.666668	0.000986629	-0.174169	0.0316728	0.0660767	0.215405	0.273338	0.358882	0.154921	0.0126583	0.142718	-0.0216527	-0.0557833	0.0167685	0.162176	0.252481	-0.062004	0.0399842	
0.411134	0.211116	0.0646053	0.0167795	0.0146749	0.243753	-0.0627236	0.172227	0.00410858	0.0472628	0.023188	0.00655611	0.187608	0.451201	0.00369464	-0.121338	0.0354031	0.0623463	0.16381	0.27385	0.362671	0.113951	0.0222356	0.142718	-0.00136113	-0.0582741	0.0129802	0.165965	0.226558	-0.0598202	0.0399842	0	
0.38937	0.21669	0.0998844	-0.00214078	0.027518	0.186068	-0.0650418	0.172227	-0.00220932	0.0472628	0.023188	0.00655611	0.187608	0.358278	0.00137647	-0.099574	0.0330849	0.0646645	0.275965	0.305537	0.362671	0.211269	0.0222356	0.146975	0.00604668	-0.0557287	0.0129802	0.183172	0.321423	-0.0598202	0.0399842	0.00688716	-0.0116255	0	
0.375985	0.21669	0.0967584	-0.00214078	0.0440742	0.157489	-0.0650418	0.202767	-0.00220932	0.0493088	0.0188215	0.00655611	0.193504	0.335992	-0.00456048	-0.0861894	0.0330849	0.0646645	0.320968	0.321835	0.362671	0.139206	0.0222356	0.143223	0.00604668	-0.0471047	0.0129802	0.182039	0.220625	-0.0640107	0.0431102	
0.379037	0.225988	0.0630371	-0.00214078	0.0453668	0.250471	-0.0650418	0.145519	-0.00220932	0.0523608	0.0218734	0.0142622	0.196556	0.436783	-0.00456048	-0.113473	0.0330849	0.0627409	0.306039	0.235169	0.362671	0.313769	0.0191837	0.146274	0.00604668	-0.0471047	0.0160321	0.255453	0.074005	-0.0640107	0.0461621	0	
0.379037	0.225988	0.109465	0.0142013	0.0489128	0.188854	-0.0650418	0.143998	-0.00220932	0.0400237	0.0075668	0.0231115	0.225918	0.419334	0.014999	-0.113473	0.0330849	0.0612199	0.348147	0.314363	0.350187	0.313769	0.0191837	0.159722	0.00604668	-0.0371828	0.0160321	0.269601	0.0453477	-0.0651185	0.0461621	0.034182	0.0208816	
0.369834	0.274886	0.108731	0.0099043	0.0428272	0.184557	-0.0653952	0.133623	-0.00220932	0.0421461	0.0075668	0.022433	0.152177	0.465871	0.014999	-0.10427	0.037382	0.0612199	0.266951	0.302786	0.350187	0.148112	0.0195371	0.179272	0.00604668	-0.0558323	0.0160321	0.155768	0.0653076	-0.0711484	0.0468961	-0.0351928	
0.33736	0.274886	0.0751554	0.012702	0.0200157	0.307147	-0.0653952	0.131367	-0.00220932	0.0535357	0.00198031	0.0264672	0.138884	0.286384	0.014999	-0.0717959	0.0342582	0.058964	0.193524	0.251974	0.331191	0.151057	0.0195371	0.222213	0.0149604	-0.0648084	0.0160321	0.165595	-0.0181625	-0.0680246	0.0468961	-0.0473216	0	
0.33736	0.28834	0.0977558	0.012702	0.0200157	0.321668	-0.0672179	0.161228	-0.00403197	0.0520012	0.00944896	0.020628	0.208201	0.612923	0.0131764	-0.0202293	0.0324355	0.0607867	0.239943	0.323876	0.334865	0.14442	0.0195371	0.222213	0.0131377	-0.0386584	0.0152359	0.208685	0.0236193	-0.0680246	0.0468961	0.00463588	
0.33736	0.275285	0.0946702	0.00172938	0.0334152	0.22125	-0.0671792	0.161535	-0.00039722	0.0520012	0.0356958	0.020628	0.21105	0.413497	-0.00376734	-0.0202293	0.0324355	0.0652738	0.230757	0.247783	0.334865	0.224002	0.0194984	0.161871	0.0131377	-0.0422932	0.0152359	0.208685	0.0236193	-0.0680246	0.0499817	-0.0713581	-0.024209	
0.237511	0.305005	0.0946702	0.00172938	0.0556933	0.357839	-0.0671792	0.17297	-0.00039722	0.0520012	0.0356958	0.020628	0.167913	0.482576	0.000578246	0.0796197	0.0324355	0.0708436	0.28947	0.29834	0.366398	0.211715	0.0194984	0.171486	0.0131377	-0.0422932	0.0145483	0.205264	0.0334713	-0.0680246	0.0499817	0	
0.288054	0.305005	0.0787814	0.000861919	0.0296646	0.0343549	-0.0671792	0.17297	-0.00039722	0.0556804	0.0149139	0.020628	0.167913	0.398374	0.000578246	0.0309289	0.0324355	0.0708436	0.28947	0.29834	0.363826	0.0922197	0.0194984	0.171486	0.0131377	-0.0422932	0.0145483	0.205264	0.0550725	-0.0680246	0.0658705	
0.209663	0.356953	0.0539254	0.00266518	0.0270929	0.0695238	-0.064057	0.169515	-0.00039722	0.0666647	0.0149139	0.0213442	0.23291	0.47598	0.000578246	0.069197	0.0324355	0.0714172	0.184768	0.211233	0.393765	0.0954463	0.0163762	0.198734	0.0131377	-0.0422932	0.0145483	0.172662	0.0315956	-0.0680246	0.0658705	-0.0109183	
0.209663	0.357548	0.050695	0.00266518	0.0545986	0.251105	-0.0646521	0.127755	-0.00039722	0.0666647	0.0226433	0.0255798	0.180066	0.331754	-0.00228503	0.069197	0.0324355	0.0714172	0.166952	0.290836	0.393765	0.107518	0.0169714	0.212128	0.0188716	-0.0390809	0.0145483	0.173762	0.0315956	-0.0680246	0.0691009	0.127561	0.148951	
0.208167	0.363163	0.0706181	0.0188702	0.0545986	0.0544573	-0.0702665	0.138876	-0.00039722	0.0651692	0.0215752	0.0240843	0.165335	0.246693	-0.00228503	0.069197	0.0324355	0.0714172	0.282249	0.228668	0.393765	0.149452	0.0240812	0.210632	0.0188716	-0.053116	0.0130528	0.195545	0.0298354	-0.0680246	0.0476823	0.194578	
0.126019	0.361693	0.0975155	0.0130619	0.0713655	0.0871082	-0.0687972	0.138876	-0.00039722	0.0664216	0.0228276	0.0253367	0.164242	0.324643	-0.00228503	0.182271	0.0324355	0.0714172	0.287431	0.275021	0.331299	0.202102	0.0213596	0.211884	0.0188716	-0.048195	0.0146845	0.165299	-0.0468491	-0.0680246	0.0489347	0.135992	
0.17769	0.361693	0.0888688	0.0130619	0.0764633	0.0852851	-0.0687972	0.153098	-0.00039722	0.0665253	0.0166048	0.0253367	0.164134	0.548752	-0.00228503	0.123344	0.0324355	0.0714172	0.287431	0.245173	0.339356	0.244488	0.0213596	0.211884	0.0188716	-0.0388538	0.0146845	0.165299	-0.0468491	-0.0684674	0.0575814	0.115107	0.0709218	
0.147538	0.361693	0.0992821	-0.00309705	0.0684466	0.00912853	-0.0687972	0.153098	0.00116411	0.0659478	0.0166048	0.0253367	0.113228	0.386028	0.00224629	0.12886	0.0324355	0.0714172	0.278672	0.246545	0.339356	0.145544	0.0213596	0.23137	0.0238194	-0.0404151	0.0146845	0.225587	-0.0380225	-0.0684674	0.0491927	0.116815	0.041296	0.0029715	
0.147538	0.354383	0.0994201	0.00858487	0.052385	0.151851	-0.0687972	0.184027	0.00116411	0.0659478	0.010873	0.0253367	0.14343	0.376412	0.00224629	0.144108	0.0324355	0.0714172	0.230734	0.271007	0.339356	0.220485	0.0213596	0.255937	0.0238194	-0.0412696	0.0146845	0.225587	-0.0422234	-0.0684674	0.0490547	0.145473	0.00746468	-0.0302103	0	
0.135647	0.283718	0.0711573	0.00858487	0.0262711	0.26295	-0.0687972	0.184027	0.00116411	0.0659478	0.0255635	0.0320064	0.14343	0.351059	0.00224629	0.180711	0.0324355	0.0714172	0.335653	0.271007	0.400855	0.227546	0.0213596	0.255937	0.0238194	-0.0197997	0.00776349	0.232508	-0.00642432	-0.0684674	0.0490547	0.129275	-0.00263395	0	
0.155408	0.283718	0.0950264	0.0222122	0.0381097	0.0524497	-0.0687972	0.158423	-0.0110756	0.0685405	0.0316375	0.0317268	0.127354	0.351059	0.00224629	0.148869	0.0324355	0.0714172	0.224259	0.271007	0.382176	0.128867	0.0213596	0.255937	0.0238194	0.000552477	0.00776349	0.232508	0.0216117	-0.0704257	0.0490547	0.131234	0.0397491	
0.157778	0.284608	0.0978987	0.0222122	0.0673975	0.102326	-0.0617815	0.158423	-0.0110756	0.0685405	0.0156161	0.0316033	0.105654	0.378354	-0.00936199	0.146499	0.0324355	0.0714172	0.224259	0.272425	0.379464	0.221553	0.0143439	0.255937	0.00738131	0.0159433	0.0104748	0.244879	0.0120197	-0.0704257	0.0490547	0.120327	0.0397491	0	
0.260489	0.311077	0.0784454	0.00682664	0.00760726	0.172065	-0.0617815	0.165787	-0.0134278	0.0685405	0.0253195	0.0316033	0.0809478	0.440414	-0.00728177	0.0280729	0.0324355	0.0714172	0.197488	0.330535	0.379464	0.194828	0.0143439	0.220112	0.00738131	-0.0266815	0.0104748	0.244879	0.0438167	-0.0659305	0.0490547	0.1419	0.0421013	-0.066085	
0.222913	0.311077	0.0627285	0.00682664	0.0179961	0.172065	-0.0617815	0.204979	-0.0134278	0.0872936	0.0253195	0.0316033	0.144703	0.320545	-0.00728177	0.058906	0.0324355	0.0754445	0.302057	0.319864	0.379424	0.194828	0.0143439	0.220112	0.00761272	-0.0266815	0.0104748	0.244879	0.0357205	-0.0659305	0.0490547	0.1419	0.0421013	
0.222913	0.311077	0.0887623	0.0165553	0.00349489	0.0620952	-0.0617815	0.174533	-0.0134278	0.057718	0.0253195	0.04402	0.0771751	0.296857	-0.00728177	0.058906	0.0324355	0.0754445	0.315399	0.257312	0.351123	0.156437	0.0143439	0.220112	0.0209559	-0.014577	0.0104748	0.244879	0.0487809	-0.0694744	0.0490547	0.132634	0.0429141	
0.226739	0.302164	0.0887623	0.0165553	0.0326521	0.413122	-0.0617815	0.137393	-0.0289584	0.11605	0.0291456	0.0354084	0.109704	0.376158	-0.00564282	0.058906	0.0324355	0.0754445	0.34544	0.270081	0.351123	0.160263	0.0105178	0.190934	0.0209559	-0.00550625	0.0143009	0.244879	0.101879	-0.0694744	0.0528808	0.132634	0.123906	
0.287568	0.2838	0.0714013	0.0165553	0.0280625	0.274603	-0.0617815	0.145076	-0.0289584	0.0977514	0.0276327	0.0529518	0.108192	0.321089	-0.00564282	0.00626939	0.0324355	0.0831273	0.184612	0.256177	0.397268	0.169137	0.0120306	0.189421	0.0248137	-0.00550625	0.0127881	0.26286	0.0651031	-0.068487	0.051368	0.135679	0.123906	
0.287568	0.2838	0.0756597	0.0145198	0.0452842	0.359827	-0.0617815	0.181624	-0.0354471	0.0977514	0.0288327	0.0529518	0.108192	0.357916	-0.000364545	-0.019151	0.034471	0.0840866	0.184612	0.243854	0.406648	0.0932776	0.0120306	0.189421	0.0248137	0.000982439	0.0127881	0.22841	0.174203	-0.0782536	0.0525344	0.157859	0.130395	
0.323271	0.2838	0.0756597	0.0145198	0.0355618	0.383521	-0.0668873	0.140432	-0.0405528	0.10718	0.0288327	0.030653	0.0842476	0.566462	-0.0142761	-0.0548542	0.0293653	0.0925054	0.146032	0.243854	0.406648	0.137354	0.0120306	0.189421	0.019708	0.0224276	0.0127881	0.22841	0.256706	-0.0782536	0.0525344	0.159389	0.192454	0	-0.00368943	
0.302129	0.28589	0.0801553	0.0179414	0.0661527	0.616516	-0.0689767	0.133768	-0.0405528	0.0597874	0.0288327	0.0176374	0.0629132	0.616446	-0.00465912	-0.0419347	0.0293653	0.0946564	0.213513	0.245943	0.406648	0.206113	0.01412	0.189421	0.019708	0.00360944	0.0127881	0.297776	0.167476	-0.0782536	0.0525344	0.159389	0.192454	
0.266092	0.249116	0.0801553	0.0376384	0.0711073	0.397009	-0.0673538	0.126072	-0.03893	0.0597874	0.0295581	0.0176374	0.101987	0.505706	-0.00303625	-0.00589695	0.0112911	0.0979881	0.280909	0.363256	0.406648	0.140778	0.01412	0.151857	0.0213308	-0.0105887	0.0127881	0.29359	0.163765	-0.0585565	0.0525344	0.13975	0.253537	0	
0.246902	0.249116	0.0813205	0.0376384	0.0487002	0.389521	-0.0673538	0.142006	-0.0447391	0.0616403	0.0211225	0.0176374	0.118591	0.51965	-0.00562365	0.0178639	0.0112911	0.0999093	0.201574	0.363256	0.395484	0.199792	0.01412	0.147094	0.0213308	-0.0097467	0.0239519	0.280619	0.100894	-0.0585565	0.0513692	0.1131	0.259346	0	0	
0.246902	0.249116	0.0840906	0.0191435	0.0487002	0.446921	-0.0673538	0.142006	-0.0401487	0.0616403	0.0211225	0.0209294	0.0735989	0.538994	-0.00562365	0.0166254	0.0134531	0.0999093	0.149114	0.363256	0.395484	0.199792	0.01412	0.112939	0.0202464	-0.000892309	0.0239519	0.251206	0.233257	-0.0539113	0.0485991	0.198069	0.254756	-0.00296013	-0.0719866	
0.25682	0.249116	0.086965	0.0324674	0.0655989	0.130152	-0.0673538	0.148669	-0.0460116	0.0607126	0.0201948	0.0193127	0.065739	0.510285	-0.00620715	0.00577981	0.0134531	0.102904	0.248326	0.363256	0.40983	0.17308	0.0150478	0.190915	0.0199645	0.0128562	0.0230306	0.214327	0.147251	-0.0539113	0.0476714	0.169826	0.230125	-0.0292985	
0.240779	0.262919	0.0819109	0.0296343	0.0568924	0.175583	-0.0673538	0.148669	-0.0502467	0.0607126	0.0114997	0.0156176	0.065739	0.385198	-0.00620715	0.021821	0.0162863	0.102904	0.299907	0.363256	0.477247	0.17308	0.0150478	0.194851	0.0199645	0.00593441	0.0230306	0.214327	0.147765	-0.0567444	0.0527255	0.169826	0.18502	
0.276347	0.262919	0.0819109	0.0296343	0.0620538	0.387904	-0.0673538	0.172018	-0.0420436	0.0566008	0.0206893	0.0156316	0.065739	0.344647	-0.00620715	-0.0137473	0.0162863	0.108065	0.286291	0.363256	0.294181	0.15864	0.0150478	0.194851	0.0199645	0.0218449	0.02535	0.218582	0.134762	-0.0567444	0.0527255	0.169826	0.148931	
0.276347	0.368367	0.0858808	0.0267888	0.0598634	0.305388	-0.0673538	0.188385	-0.0420436	0.0566008	0.0206893	0.0183076	0.065739	0.498468	-0.00620715	-0.0137473	0.0162863	0.108104	0.182979	0.382953	0.312456	0.15864	0.0150478	0.194851	0.0199645	0.0134993	0.02535	0.193069	0.0379551	-0.0567444	0.0487556	0.240705	0.148931	0	-0.0297794	
0.260835	0.359723	0.0784974	0.0172837	0.0528711	0.0839116	-0.0673538	0.188385	-0.0420436	0.0819409	0.0206893	0.0150588	0.0795787	0.407889	-0.00756187	0.0276963	0.0162863	0.108104	0.150019	0.382953	0.338892	0.205397	0.0150478	0.132655	0.0199645	0.00791302	0.02535	0.193069	0.0789515	-0.0541413	0.0421814	0.238102	0.148931	0.0233684	-0.099083	0.00998435	0	
0.333941	0.387727	0.079195	0.0172837	0.0528711	0.138289	-0.0668003	0.181104	-0.0420436	0.0819409	0.0206893	0.0150588	0.0917693	0.407336	-0.00998678	-0.045409	0.0162863	0.108104	0.150019	0.359272	0.342042	0.163951	0.0144942	0.132655	0.0236938	0.030856	0.02535	0.196243	0.0820814	-0.0541413	0.0432699	0.238102	0.141997	-0.0959903	0	0.210234	
0.297969	0.320319	0.0839749	0.0398242	0.051944	0.138289	-0.0604221	0.193687	-0.0356655	0.0339174	0.0206893	0.0153832	0.153375	0.485626	-0.00328887	0.0397428	0.0226644	0.100799	0.189681	0.444486	0.342042	0.163951	0.0144942	0.127115	0.0388245	0.0410096	0.02535	0.167732	0.160407	-0.0567178	0.0447525	0.240679	0.141997	-0.0706921	0.250719	
0.297969	0.437462	0.0839749	0.038778	0.0510002	0.0453007	-0.0717804	0.192743	-0.0388701	0.0339174	0.0138707	0.0153832	0.1135	0.616108	-0.0146472	-0.00483389	0.0113061	0.111214	0.134243	0.377202	0.346437	0.23291	0.0144942	0.125794	0.0274662	0.0523448	0.0209547	0.210086	0.0317973	-0.0629032	0.0447525	0.246864	0.0121365	0.133843	
0.283296	0.330123	0.0938061	0.0383063	0.0520518	0.119207	-0.0687202	0.193794	-0.0390176	0.0467621	0.0506043	0.0162997	0.137744	0.509384	-0.011587	-0.0106293	0.0143663	0.109205	0.171831	0.377202	0.353149	0.266446	0.0144942	0.108443	0.0326537	0.0787856	0.0209547	0.197273	0.137108	-0.0629032	0.0583371	0.286134	0.0897843	
0.283296	0.329566	0.0872479	0.032642	0.0718868	0.134739	-0.0687202	0.227797	-0.0213652	0.0536939	0.0231625	0.0162997	0.122482	0.590625	-0.011587	-0.0106293	0.0143663	0.112956	0.264455	0.404546	0.358074	0.266446	0.0144942	0.108443	0.0326537	0.0611333	0.0160298	0.202198	0.0790771	-0.0629032	0.0648953	0.192035	0.0912672	0	
0.298342	0.320169	0.0513699	0.032642	0.0502936	0.143725	-0.0724778	0.161221	-0.0213652	0.0536939	0.0185009	0.0136846	0.122482	0.545384	-0.0209783	-0.0256762	0.0143663	0.11735	0.298697	0.408304	0.358074	0.322625	0.0182518	0.108093	0.0289768	0.021804	0.0160298	0.222619	0.0389636	-0.0583212	0.0648953	0.187453	0.112061	
0.303398	0.317497	0.0513699	0.068874	0.0519644	0.247122	-0.0724778	0.186962	-0.0213652	0.0591142	0.0344998	0.0169092	0.202739	0.428323	-0.0209783	-0.0784215	0.0143663	0.119021	0.222821	0.408304	0.358074	0.233782	0.0182518	0.15688	0.0289768	0.0073774	0.0160298	0.226696	0.139079	-0.0583212	0.0648953	0.190094	0.0972301	
0.306043	0.317497	0.0212988	0.0213023	0.0527378	0.311945	-0.0724778	0.186962	-0.0172316	0.0591142	0.0194819	0.0169092	0.217642	0.535084	-0.0209783	-0.075866	0.0143663	0.119021	0.222821	0.319298	0.355854	0.217993	0.0182518	0.163812	0.0289768	-0.000691369	0.0182501	0.171806	0.200554	-0.0563037	0.0949664	0.16635	0.0865856	-0.0221697	0	
0.246456	0.315178	0.0212988	0.0213023	0.0689958	0.311945	-0.0726631	0.19029	-0.0172316	0.0591142	0.0399707	0.0169092	0.106496	0.649067	-0.0213792	-0.0260604	0.0143663	0.119021	0.222821	0.319483	0.30889	0.336256	0.0184371	0.169818	0.0289768	-0.0166204	0.0182501	0.171806	0.174779	-0.0557357	0.0949664	0.165782	0.075342	
0.197069	0.315178	0.027973	0.0480728	0.0739247	0.247111	-0.0726631	0.210742	-0.0172316	0.0593856	0.040242	0.0242687	0.104502	0.646276	-0.0213792	0.112447	0.0143663	0.125324	0.315666	0.319483	0.288847	0.336527	0.0181658	0.0903039	0.0289768	-0.0127841	0.0185214	0.182781	0.129119	-0.0557357	0.0958793	0.191478	0.0543285	
0.207921	0.321329	0.0357004	0.0480728	0.0625337	0.0914218	-0.0726631	0.245837	-0.011681	0.0593856	0.040242	0.0180413	0.104502	0.560356	-0.0213792	0.038516	0.0143663	0.123098	0.194447	0.319483	0.288847	0.216172	0.0181658	0.0903039	0.0289768	-0.0122552	0.0185214	0.182781	0.0356433	-0.0557357	0.088152	0.184722	0.0697403	
