0.214486	-0.0757825	-0.0750426	-0.0887729	-0.0251307	0.297641	-0.0963843	0	0	0	0	0	0	0	0	0	0	0	0	0	0	0	0	0	0	0	0	0	0	0	0	0	0	0	0	0	0	0	0	0	0	0	0	0	0	0	0	0	0	0	0	0	0	0	0	0	0	0	0	0	0	0	0	0	0	0	0	0	0	0	0	0	0	0	0	0	0	0	
0.191533	-0.0567486	-0.0750426	-0.0887729	-0.0257996	0.294034	0.00630632	0	-0.0469477	-0.0171023	0	0.0522746	0.0695288	0	-0.0185096	0.0167496	-0.0106313	0.0393078	0.0778419	0.0940973	0	0.0438787	0.329924	-0.0233061	-0.0270381	0.0719455	0	0.00136178	0.0462901	0.0465657	-0.0458763	0.0867308	-0.0381419	0.00845706	-0.0963843	0	0.0330175	0	0.0241913	-0.0032703	-0.0307947	-0.00188029	0	0.0773099	
0.191533	-0.0774386	-0.0750426	-0.089116	-0.0257996	0.441323	0.0106616	0.0181537	0.0167496	-0.0419594	0.0537293	0.0917519	0.0842933	0.00025859	-0.0185096	0	0	0	-0.0307947	0.115456	-0.0273489	0.0230861	0.117501	0.00343793	0.034549	-0.0227513	-0.0210102	-0.0963843	-0.0176439	0.0101153	-0.00747482	-0.0111361	-0.00771505	
0.191533	-0.0803678	-0.0750426	-0.0821558	-0.0256614	0.38879	0.0643018	0.0159185	-0.042048	0.0302606	0.145946	0.0316411	-0.0158975	0.00651623	0.0217092	0.0167496	0.0773884	-0.0366378	-0.0101969	0.115456	0.00229986	0.0897586	0.104254	0.0674496	0.034549	-0.0227513	-0.104602	0.00917995	-0.0356449	-0.00177218	0.0132499	
0.191533	-0.0803678	-0.0750426	-0.0847228	-0.0173169	0.38879	0.0016074	0.0159185	0.0302606	0.141173	0.00628577	-0.0378862	0.0513367	-0.0464254	0.0167496	0.163683	-0.0366378	-0.0107325	0.115456	-0.0351312	0.220371	0.0529442	0.0980414	0.034549	-0.104602	0	0.0562345	-0.0635391	-0.00424919	-0.0683647	
0.18836	-0.0803678	-0.0750426	-0.0847228	-0.0173169	0.372278	0.0573426	0.029134	0.0406091	0.0979085	-0.0404139	-0.0953774	-0.00366014	-0.0606542	0.034549	0.337297	-0.0374155	-0.0301905	0.11191	-0.0129776	0.361466	0.0807452	0.061651	-0.0951257	0	0.213219	-0.0313261	-0.00424919	-0.0277658	
0.200474	-0.0697023	-0.0719171	-0.0826082	-0.0231359	0.354575	0.0422669	0.0281231	0.0493648	0.0909902	-0.00529624	-0.10055	0.0137132	-0.0945734	0.029644	0.339411	-0.0353008	-0.0419533	0.114025	-0.023996	0.208042	0.0694769	0.0897259	-0.104124	0	0.176508	-0.0392761	0.00131373	-0.0372036	
0.200272	-0.0697023	-0.0719171	-0.0826082	0.4136	0.063254	0.00211117	-0.0473024	0.133708	-0.0577184	-0.10055	0.0963425	-0.089328	0.0607955	0.279463	-0.01799	-0.0270988	0.114025	0.00472166	0.0231414	0.0796673	0.078267	-0.104124	0.0981707	-0.0231359	0.00484179	-0.0923249	-0.00879444	
0.038688	-0.0705417	-0.0679768	-0.0826082	0.124336	-0.0511056	0.0170541	0.279463	-0.0644989	0.102857	-0.0577184	0.200272	0.22933	0.0618477	-0.115244	-0.01799	-0.0513772	0.0980705	-0.00864677	0.0589057	-0.00102016	0.0705279	-0.104666	0.344161	-0.0253976	-0.0127955	
0.0506325	-0.0752067	-0.0679768	-0.0812947	0.169121	0.0141683	0.337971	-0.0350006	0.0455498	-0.00131347	0.0752067	-0.0253214	0.218244	0.432441	0.00662628	0.0980705	0.0618477	-0.105325	-0.01799	-0.052186	-0.0320484	0.130494	0.0782793	0.10832	-0.0977111	0.286087	-0.0253976	0	
0.125316	-0.0536894	-0.0679768	-0.0812947	0.0901893	0.10832	0.0141683	0.24699	-0.0536346	0.0455498	-0.0319392	0.231219	0.28657	-0.00128698	0.0941021	0.0576797	-0.109639	-0.0220241	-0.052186	-0.032379	0.0294875	0.0273271	-0.0977111	0.265677	-0.0175811	
0.10191	-0.0669367	-0.0683845	-0.0811703	0.1477	0.0221231	0.260851	-0.0536346	0.0639037	-0.067954	0.00713369	0	0.231219	0.191125	-0.00321146	0.0749513	0.0126361	-0.0911975	-0.0103576	-0.0587999	0.13787	0.00430937	0.0187111	-0.0247147	-0.0395329	-0.096694	0.218509	
0.281361	-0.0715101	-0.0679738	-0.0811703	0.171405	-0.015179	0.337615	-0.0682274	0.0950088	-0.0607236	-0.0278157	0.218509	0.0722806	0.239776	0.229247	0.00062198	0.0749513	0.0165098	-0.0911975	-0.0553362	0.140941	0.00462217	0.0347919	-0.0238333	-0.045619	-0.0926073	
0.182179	-0.0709846	-0.0674483	-0.080685	-0.0170635	-0.00649766	0.337655	-0.0785515	0.0856015	-0.0352085	-0.0394526	0.176952	-0.0889127	0.240302	0.160259	0.0220998	0.0754768	0.00807033	-0.114588	-0.0460835	0.101251	0.0138481	-0.0202246	-0.0233077	-0.034252	
0.151908	-0.0897856	-0.0674483	-0.080685	0.0213292	0.307487	-0.0522165	-0.0550259	-0.0299708	0.325914	0.229527	0.216434	-0.0207959	0.059196	0.00807033	-0.119018	-0.0329038	-0.0889127	-0.0564922	0.0680169	0.0513899	0.0846966	-0.0233077	
0.16655	-0.0655732	-0.0639778	-0.0798953	-0.0175393	0.322564	-0.065767	-0.0448602	-0.0291811	0.286262	0.22044	-0.0225181	0	0.214929	-0.00925124	0.0771323	0.01375	-0.113876	-0.0101398	-0.088123	-0.0557025	0.150651	-0.00226088	0.0817319	
0.232826	-0.0655732	-0.0639778	-0.0798953	0.0160659	0.225799	-0.0629866	-0.0448602	0.0750319	-0.0512165	0.34086	0.252269	-0.0225181	-0.00538993	-0.0323312	0.3364	0.0111436	0.0836924	0.00353622	-0.116941	-0.03049	-0.088123	-0.0557025	0.0958885	
-0.0653205	-0.0639778	-0.0798953	0.0217414	0.218641	-0.0629866	0.00742907	0.0821833	-0.0605132	0.34086	0.274131	-0.0225181	-0.0231756	0.154975	0	-0.0306086	0	0.253089	0.00146822	0.0856277	0.0160444	-0.0982481	-0.039456	-0.0892595	-0.0557025	
0.193136	-0.0653205	-0.0639778	-0.0798953	-0.00823548	0.286263	-0.0629866	0.018679	0.0745696	-0.0605132	0.262103	0.274131	-0.0225181	0.0186948	0	0.253089	-0.00111419	0.0973258	0.0160444	-0.121457	-0.0390315	-0.0902503	-0.0529818	
0.172475	-0.0706785	-0.0639778	-0.0798953	-0.0112787	0.298846	-0.0712892	-0.0420448	0.111298	-0.0809526	0.351329	0.274131	-0.0225181	0.0251225	0.352225	-0.00111419	0.0877421	0.0251916	-0.116326	-0.0460141	-0.0834853	-0.0529818	
0.128773	-0.0725461	-0.0639778	-0.0798953	-0.0228137	0.341635	-0.044072	-0.0198028	0.0942297	-0.0830774	0.351329	0.276822	-0.0225181	0.0294727	0.377392	-0.0255151	0.0702295	-0.0548329	0.00211738	-0.117224	0.00200857	-0.0916875	
0.116705	-0.0725461	-0.0639778	-0.079957	-0.0154347	0.317936	-0.0467807	0.0217359	0.0790143	-0.0966356	0.481386	0.225619	-0.0261222	0.0106059	0.22827	-0.0356737	0.0731855	-0.0519998	0.0151933	-0.0984438	0	-0.0415286	0	0	-0.129993	
0.123582	-0.0694281	-0.0708549	-0.079957	0.00987527	0.34028	-0.0467807	0.0217359	0.14917	-0.0768841	0.481386	0.225619	-0.0134458	0.0187536	0.260201	-0.0332646	0.0731855	-0.0598059	0.0220705	-0.0984438	0.0525304	-0.0204235	-0.12536	0.0375621	
0.176722	-0.0681517	-0.0708549	-0.0774191	0.00946623	0.240679	-0.0634469	0.000748457	0.109215	-0.0549318	0.523106	0.249367	-0.0183204	0.0134089	0.142489	-0.0117667	0.0748484	-0.0576949	0.0220705	-0.108153	0.0249321	-0.0133586	-0.047659	-0.104191	0.0467794	0	
0.0666908	-0.0681517	-0.0708549	-0.0774191	0.00804842	0.257708	-0.0634469	-0.0385868	0.128093	-0.0593133	0.463062	0.249367	-0.0183204	0.00909595	0.238031	-0.0218277	0.0748484	-0.0576949	0.0181549	-0.104819	0.0150724	0.00494362	0	-0.118954	0.0410957	
0.20333	-0.0548715	-0.0708549	-0.0774191	-0.0258778	0.234135	-0.0552794	-0.00469796	0.136146	-0.0620638	0.463062	0.249367	-0.0183204	0.0714957	0.187781	-0.0520302	0.0426558	-0.0456309	0.0465639	-0.105331	0.059155	-0.00203506	0.0543827	-0.124876	
0.137545	-0.0725603	-0.0730525	-0.0781263	-0.0183496	0.283914	-0.0501888	0.000910747	0.169351	-0.0642614	0.344266	0.238607	-0.0205179	0.0896026	0.121695	-0.0433991	0.0294427	-0.0488749	0.0266166	-0.102325	0.040108	-0.0240193	0.0624145	-0.134921	
0.124443	-0.0687457	-0.0727789	-0.0787463	0.00663972	0.284187	-0.0482773	-0.0202941	0.0875144	-0.0639878	0.363005	0.19549	-0.0202443	0.0561581	0.165034	-0.0431708	0.0256955	-0.0570417	0.0266166	-0.109358	0.056444	-0.0240193	0.0370628	-0.136774	-0.0232492	0	
0.205442	-0.0791229	-0.0727789	-0.0787463	-0.0180926	0.281858	-0.041835	-0.0202941	0.143576	-0.0877416	0.382072	0.19549	-0.0202443	0.0527153	0.211637	-0.025815	0.0116063	-0.0658775	0.0172897	-0.109358	0.0533624	-0.0163764	0.0518632	-0.130057	0	0.0727789	
0.198202	-0.0791229	-0.0727789	-0.0787463	-0.0190554	0.281858	-0.0572094	-0.0125977	0.143576	-0.0877416	0.417874	0.192695	-0.00888362	0.0499782	0.120735	-0.0181032	0.0116063	-0.0443049	0.0266442	-0.10888	-0.0268517	0.0269966	-0.136537	-0.00346368	
-0.0443049	-0.0791229	-0.0727789	-0.0787463	-0.0154021	0.33847	-0.0743357	0.0190742	0.143576	0.117144	0.318729	0.227511	-0.00888362	0.0499782	0.139289	-0.0290881	0.00982095	-0.0262653	0.0351776	-0.112362	-0.128183	-0.0365124	-0.0671665	0.0277913	
-0.0513006	-0.0856783	-0.0727789	-0.0777954	0	-0.0197912	0.305314	-0.0841758	-0.00467628	0.115294	0.234497	0.204608	0.227511	-0.0161864	0.0499782	0.155962	-0.00140951	0.0320958	0.0776073	0.031274	-0.11489	-0.126295	-0.0155868	-0.0669478	
-0.0649428	-0.0869465	-0.0757495	-0.0777954	-0.00761797	0.00846911	0.297596	-0.075912	0.0120616	0.155926	0.202922	0.185086	0.236237	-0.0161864	0.0670483	0.141098	0.0320958	0.0433406	0.0264292	-0.109667	-0.114688	0.0105227	-0.0669478	0	
-0.0522649	-0.106765	-0.0757495	-0.0777255	-0.00961561	-0.0043076	0.252944	-0.091365	0.0120616	0.155926	0.147536	0.215802	0.236237	-0.0161864	0.051464	0.201677	-0.00190798	0.0528215	0.0168106	-0.114948	-0.127158	0.04957	-0.0764164	0.000617002	-0.0757495	
-0.0554937	-0.0967386	-0.0757495	-0.0777255	-0.031243	-0.0144951	0.252944	-0.091365	0.00433511	0.173641	0.129374	0.1634	0.236237	-0.0161864	0.0707636	0.0941353	-0.00159647	0.058187	0.0244875	-0.114948	-0.119687	0.0617823	-0.0932059	0	
-0.0558529	-0.0967386	-0.0757495	-0.0777255	-0.0515632	-0.00160205	0.285385	-0.0616115	0.00433511	0.116945	0.191503	0.156463	0.207194	-0.0161864	0.0707636	0.108376	0.000209193	0.0735179	0.0440327	-0.118763	-0.117946	0.0617823	-0.0814507	
-0.0558529	-0.0967386	-0.0757495	-0.0777255	-0.0353308	-0.0250073	0.338728	-0.0572452	-0.00142467	0.116945	0.221625	0.213532	0.207194	-0.0161864	0.0932641	0.128817	0.000209193	0.0600592	0.0351654	-0.116503	-0.10102	0.0344705	-0.0849302	0	-0.042852	0.0132742	
-0.0456969	-0.102946	-0.0751963	-0.0777255	-0.015492	-0.019133	0.338728	-0.0807403	-0.00142467	0.125175	0.206974	0.191061	0.206247	-0.0161864	0.0691526	0.0521848	0.00517495	0.0595061	0.0346122	-0.107593	-0.10102	0.0399925	-0.0890286	0.0853661	
-0.0535919	-0.110347	-0.0776456	-0.0857301	-0.0199246	0.0117027	0.291459	-0.0714364	-0.00847846	0.125175	0.161792	0.191061	0.198514	-0.0161864	0.0940313	0.138549	-0.00846086	0.0701935	0.0370615	-0.10722	-0.10441	0.0285439	-0.0890286	
-0.0573862	-0.120395	-0.0776456	-0.0854738	-0.00842736	-0.0111371	0.291459	-0.08584	-0.0116993	0.115316	0.256355	0.162839	0.198514	-0.0161864	0.088987	0.247379	0.0138023	0.0488683	0.0370615	-0.109162	-0.115478	0.0150363	-0.072517	0.0177033	
-0.0558367	-0.118845	-0.0755496	-0.0839243	0.0117631	-0.00987099	0.27647	-0.0535049	-0.0124867	0.114915	0.147234	0.156077	0.167381	-0.0146369	0.0905365	0.134524	0.0153518	0.0541793	0.0440537	-0.107612	-0.113833	0.026714	-0.070464	
-0.0558367	-0.110739	-0.0755496	-0.0839243	0.0104235	-0.0114582	0.290997	-0.0709544	-0.00482128	0.114915	0.236024	0.203197	0.167381	-0.0146369	0.126513	0.154128	0.0179231	0.0611432	0.0324421	-0.099283	-0.115788	0.0618733	-0.0775006	-0.0290034	
-0.0477712	-0.111166	-0.0755496	-0.0768704	-0.0320698	0.0192715	0.290997	-0.0953654	-0.0452123	0.0907426	0.246896	0.136916	0.154498	-0.0148635	0.126513	0.172058	0.0179231	0.058111	0.025817	-0.104785	-0.1132	0.0618733	-0.0784928	0	
-0.0318168	-0.111043	-0.0755496	-0.0789978	-0.0516278	0.0095586	0.276145	-0.0659913	0.0027849	0.114237	0.200209	0.152006	0.189648	-0.0148635	0.126513	0.172058	0.0191908	0.0481611	0.025817	-0.104785	-0.120301	0.0674627	-0.0743287	0.0414117	
-0.0589628	-0.083288	-0.0755496	-0.0782727	0.0204717	0.269691	-0.0726997	-0.024504	0.148274	0.200209	0.206547	0.165053	-0.0148635	0.126513	0.199582	0.0201363	0.0428282	0.0255814	-0.110931	-0.124547	0.0785146	-0.0710578	-0.086356	
-0.0589628	-0.0878169	-0.0755496	-0.0782727	-0.00617083	0.269691	-0.0764567	-0.0373602	0.124215	0.253073	0.126348	0.167693	-0.0148635	0.126513	0.149801	0.0146349	0.0465574	0.0255814	-0.106263	-0.129523	0.0876113	-0.0569885	
-0.0589628	-0.0980867	-0.0721039	-0.0839528	0.0058181	0.341866	-0.0764567	-0.01428	0.122867	0.146402	0.147049	0.167693	-0.0148635	0.120933	0.112504	0.00444576	0.0317227	0.0608315	-0.106263	-0.108353	0.0404285	-0.050166	
-0.0448402	-0.0993723	-0.0721039	-0.0809339	-0.00288587	0.374933	-0.0515709	-0.0117226	0.135047	0.18551	0.124124	0.16055	-0.0148635	0.175634	0.200391	0.00550339	0.0240253	0.0462577	-0.0954121	-0.124598	0.0407291	-0.050166	0	
-0.0448402	-0.101274	-0.0721039	-0.0809339	0.00660831	0.323349	-0.0445137	0.0341772	0.128544	0.117429	0.16926	0.170056	-0.0148635	0.190684	0.10373	0.00550339	0.0240253	-0.103426	-0.129892	0.0308668	-0.0558689	0.186581	
-0.0618402	-0.0840528	-0.0721039	-0.0809339	0.0128888	0.281579	-0.0648144	-0.0232877	0.216694	0.127676	0.197691	0.170056	-0.0153464	0.187295	0.110972	0.00619488	0.0240253	0.210585	-0.100256	-0.110523	0.0567265	-0.0300312	-0.00138943	
-0.0562375	-0.104538	-0.0665012	-0.0753312	0.00325689	0.287182	-0.070617	0.00288386	0.222296	0.127676	0.247012	0.175659	-0.00974372	0.192898	0.183024	0.0117976	0.0240253	0.186703	-0.0981805	-0.111672	0.031856	-0.016253	-0.00839124	
-0.0494043	-0.104538	-0.0665012	-0.0736344	-0.0308236	0.287182	-0.0639612	-0.0482136	0.204393	0.223781	0.202744	0.175659	-0.00713561	0.194088	0.12497	0.0335129	0.0197103	0.186703	-0.0945404	-0.118854	-0.0181545	-0.0163043	0.0665012	
-0.0494043	-0.100714	-0.0665012	-0.0736344	-0.0161278	0.299748	-0.0471398	-0.0619916	0.176751	0.162552	0.490984	0.161304	-0.0148334	0.184801	0.144444	0.022939	0.0512385	0.178021	-0.0945404	-0.119637	-0.025219	-0.0149816	0.0659204	0	
-0.0388976	-0.0895396	-0.0665012	-0.0699518	-0.0184925	0.307289	-0.0525	-0.0305663	0.162481	0.162552	0.202834	0.207935	-0.0110265	0.181206	0.144444	0.00330621	0.0512385	0.250591	-0.0940882	-0.0922826	-0.015685	-0.0149816	0.0720828	
-0.0594156	-0.0895396	-0.0711483	-0.0631016	0.0075288	0.294474	-0.0478133	-0.0402861	0.112556	0.309696	0.247931	0.191534	-0.0110265	0.181206	0.266765	0.00794836	0.0179376	0.234373	-0.0940882	-0.113847	-0.0110379	-0.0246297	0.108081	-0.00616861	0	
-0.0372694	-0.0908415	-0.0711483	-0.0631016	0.00137811	0.294474	-0.0433802	-0.0250576	0.112556	0.318952	0.148593	0.191534	-0.0110265	0.181206	0.242026	0.0199093	0.0179376	0.19193	-0.0922479	-0.0891138	-0.0239327	-0.00901553	0.093172	0.0571544	0	
-0.0569873	-0.0899628	-0.0716639	-0.0621743	0.00282104	0.295401	-0.0592403	-0.0361963	0.146994	0.2057	0.303764	0.169054	-0.0159857	0.182133	0.219075	0.0157939	0.0326984	0.192857	-0.0927504	-0.110677	-0.0261557	0.00500057	0.0764384	0.0624998	
-0.0569873	-0.0887607	-0.0716639	-0.0621743	0.00177222	0.335297	-0.0592403	-0.0305779	0.112749	0.294281	0.303764	0.169054	-0.0159494	0.182133	0.173403	0.0183907	0.0349356	0.247553	-0.0982217	-0.0968237	-0.0298846	-0.00815209	0.0764384	0.046263	
-0.0419163	-0.0887607	-0.0712648	-0.058553	0.0358764	0.31493	-0.0393539	-0.00763929	0.108201	0.283681	0.223926	0.184472	-0.0158018	0.182133	0.201954	0.0143665	0.0510072	0.247553	-0.0943996	-0.111328	-0.0288798	-0.00553331	0.0770876	0.0360851	
-0.0461717	-0.078733	-0.0712648	-0.058553	0.0258258	0.268553	-0.0445689	-0.00763929	0.0814111	0.269029	0.309019	0.189669	-0.0188968	0.196996	0.156235	0.00329898	0.0334217	0.247553	-0.0995033	-0.104623	-0.0203367	-0.0305628	0.0939638	0.0488059	0.0239112	0	
-0.0461717	-0.0758389	-0.069732	-0.0634355	0.0181519	0.268553	-0.0573612	-0.0342282	0.126701	0.278347	0.266155	0.189669	-0.0188968	0.18918	0.112915	-0.0146926	0.0318889	0.193876	-0.0997682	-0.0975546	-0.00279404	-0.0317652	0.0910785	0.0488059	0	
-0.0539646	-0.0813018	-0.0705115	-0.0634355	0.0235842	0.356292	-0.0312347	-0.0432942	0.061806	0.186763	0.247134	0.189669	-0.0188968	0.18918	0.199717	0.00225847	0.040945	0.295601	-0.0929306	-0.117532	-0.0119566	-0.0283037	0.0918581	0.0488059	
-0.0382719	-0.0813018	-0.0705115	-0.0634355	0.0467293	0.356292	-0.0312347	-0.0210046	0.10007	0.237764	0.289775	0.216947	-0.0188968	0.18918	0.168154	0.00857581	0.0360065	0.298827	-0.0949816	-0.101881	-0.0201029	-0.0283037	0.0918581	0.0488059	0	0	0	
-0.0413836	-0.0877403	-0.0705115	-0.0634355	0.0712891	0.307481	-0.0383433	-0.0298634	0.103616	0.169285	0.289775	0.165141	-0.0188968	0.185977	0.149983	0.00857581	0.0471225	0.298827	-0.0897012	-0.101881	0.0193375	-0.0283037	0.0918581	0.0488059	0	
-0.0413836	-0.0751744	-0.0705115	-0.0634355	0.0712891	0.280131	-0.063148	-0.0136143	0.110812	0.252326	0.291899	0.218781	-0.011007	0.191181	0.113217	0.0165663	0.0348624	0.296619	-0.0979613	-0.101881	-0.00519071	0.00392353	0.0908613	0.0488059	
-0.0529701	-0.0751744	-0.0705115	-0.0630609	0.0591049	0.280131	-0.063148	0.0093074	0.0804088	0.295565	0.287081	0.237058	-0.0164111	0.240083	0.0347017	-0.000486488	0.0359804	0.296619	-0.104762	-0.108937	-0.00519071	-0.0125231	0.0908613	0.0682102	0	
-0.0529701	-0.0803993	-0.0705115	-0.0630609	0.0591049	0.328697	-0.0697604	0.00406227	0.152275	0.298989	0.401864	0.192785	-0.0164111	0.240083	0.0332939	-0.0252113	0.0359804	0.296619	-0.101055	-0.111115	0.0143377	-0.0125231	0.0779194	0.0682102	
-0.0533196	-0.0683203	-0.0705115	-0.0630609	0.00638052	0.368385	-0.0572006	-0.00144994	0.126523	0.285726	0.292721	0.170257	-0.0164111	0.220968	0.079927	0.028691	0.0199032	0.243698	-0.103852	-0.109243	0.0266582	-0.0140446	0.0767091	0.0666553	
-0.0533196	-0.0683203	-0.0705115	-0.0657399	0.0210409	0.31895	-0.0321026	-0.00905876	0.15497	0.273335	0.285642	0.170257	-0.0164111	0.220968	0.115517	0.028691	0.0381544	0.273442	-0.104182	-0.109496	0.00131569	-0.0206962	0.0767091	0.0666553	0.0887532	0	
-0.0386516	-0.0678785	-0.0700697	-0.0596844	-0.00388989	0.362318	-0.0113966	-0.0155362	0.164067	0.169651	0.33423	0.182152	-0.0159693	0.22335	0.0974215	0.0330475	0.0463488	0.242908	-0.103741	-0.113325	-0.00180685	-0.0190974	0.0654594	0.0670971	0.127526	
-0.0439474	-0.064608	-0.0700697	-0.0611167	-0.0156395	0.324881	-0.0382421	0.0317143	0.164067	0.205839	0.360913	0.182152	-0.0153175	0.22335	0.246421	0.0330475	0.049303	0.27406	-0.102612	-0.114309	3.9168e-05	-0.0190974	0.0654594	0.109571	0.127674	0.0475606	
-0.0404222	-0.0649258	-0.0700697	-0.0611167	0.0123211	0.324881	-0.0572767	0.0270737	0.131621	0.236533	0.402238	0.182152	-0.0123714	0.192352	0.0779441	0.00978896	0.0539413	0.27406	-0.110211	-0.105035	3.9168e-05	-0.015268	0.0595048	0.109571	0.127674	0	
-0.0404222	-0.0815233	-0.0700697	-0.0611167	0.014678	0.284356	-0.0700729	0.0304821	0.125284	0.165875	0.402238	0.19827	-0.0123714	0.192352	0.155922	0.00978896	0.0487946	0.319585	-0.101526	-0.10307	-0.00530459	-0.0273327	0.0595048	0.110771	0.127674	-0.0202331	0	0	
-0.0404222	-0.0776052	-0.0666753	-0.0627781	0.00470083	0.221862	-0.0636944	0.0891217	0.125284	0.126637	0.342566	0.168242	-0.0123714	0.206743	0.152528	0.00978896	0.0177659	0.320462	-0.104208	-0.105509	0.00427182	-0.0348394	0.0561104	0.103553	0.134182	-0.0697061	0.00576261	
-0.0350516	-0.10768	-0.0666753	-0.0627781	-0.018592	0.308564	-0.0416953	0.0891217	0.145266	0.1613	0.342566	0.168242	-0.00799269	0.196009	0.140733	0.00978896	0.0166928	0.309548	-0.0981569	-0.111683	0.035047	0.103553	0.0561104	0.0729208	0.134182	-0.0886655	0.0265004	
-0.0443218	-0.105938	-0.0666753	-0.0627781	0.0168401	0.285737	-0.0510135	0.0795343	0.145266	0.0780701	0.342566	0.168242	-0.00540079	0.0561104	0.140733	0.00978896	0.0553674	0.309548	0.196009	-0.0981569	-0.122176	0.0103992	0.09836	0.134182	0.00150573	
-0.0540555	-0.103716	-0.0649005	-0.0627781	0.0150653	0.258902	-0.0695619	0.0795343	0.129031	0.27254	0.342566	0.190845	-0.00890782	0.0543355	0.181543	0.00978896	0.0330118	0.278964	0.180681	-0.0981569	-0.10176	0.0184305	0.0756832	0.134182	0.00150573	0	
-0.0543357	-0.103716	-0.0649005	-0.0627781	-0.0104549	0.285461	-0.0581994	0.10185	0.14876	0.37265	0.342566	0.184158	-0.00890782	0.115613	0.0847548	0.00978896	0.0339818	0.414761	0.157236	-0.0981569	-0.101756	-0.0328038	0.0945959	0.134182	0.00656431	
-0.0397726	-0.101588	-0.0649005	-0.0627781	0.0082321	0.328986	-0.072724	0.144417	0.14876	0.233844	0.312238	0.178024	-0.00890782	0.229248	0.1282	0.016928	0.0339818	0.414761	0.200469	-0.0887353	-0.103395	-0.0301166	0.106131	0.0727453	0.00656431	
-0.0397726	-0.0789684	-0.0649005	-0.0627781	-0.00921317	0.294969	-0.0678109	0.0760438	0.1448	0.271457	0.312238	0.176915	-0.00890782	0.248868	0.148055	-0.00448229	0.0253284	0.48488	0.220326	-0.100118	-0.0664847	-0.0101475	0.0740058	0.085336	-0.0105965	0	
-0.0636377	-0.0786744	-0.0646065	-0.06168	-0.00975666	0.251031	-0.0705527	0.0474365	0.11727	0.134091	0.386289	0.163772	-0.0100995	0.360189	0.0988315	0.0103427	0.0253284	0.485174	0.240197	-0.0998241	-0.079609	-0.00661831	0.0742997	0.08563	-0.0232112	-0.0520473	
-0.0324017	-0.0734478	-0.0620957	-0.0595125	-0.010045	0.253542	-0.0592913	0.0114312	0.119111	0.190578	0.409455	0.166283	-0.00758876	0.333788	0.0976683	0.0218804	0.0253284	0.487685	0.235596	-0.0973134	-0.0751059	-0.00774463	0.0507419	0.0881408	-0.00174162	
-0.0324017	-0.0734478	-0.0620957	-0.059548	0.00114205	0.322014	-0.0672324	-0.0303502	0.128105	0.19599	0.399951	0.166283	-0.00758876	0.553565	0.164732	0.046862	0.0255152	0.532205	0.232025	-0.104121	-0.0685055	-0.0287239	0.0453793	0.0878838	-0.00174162	-0.0193196	0	
-0.0558853	-0.055695	-0.0620957	-0.0653087	-0.00533006	0.322014	-0.0672324	-0.0353183	0.129528	0.198253	0.313325	0.201816	-0.00849341	0.872307	0.0866202	0.046862	0.0362635	0.532205	0.236835	-0.104121	-0.0717808	-0.022952	0.0832534	0.0666737	0	-0.00142308	
-0.0468057	-0.0680077	-0.0661974	-0.0653087	0.00844386	0.296969	-0.04858	-0.0294988	0.124945	0.270476	0.313325	0.188275	-0.00849341	0.865553	0.0628482	0.0398412	0.0403652	0.532205	0.248905	-0.0960716	-0.0527198	-0.019329	0.0957902	0.0925935	-0.00142308	
-0.052169	-0.0580097	-0.0661974	-0.0653087	0.0190927	0.331408	-0.0567937	-0.0177601	0.150309	0.186737	0.345385	0.188275	-0.00849341	0.686927	0.0593337	-0.00210652	0.0398595	0.514305	0.239553	-0.0996091	-0.0732425	0.00190329	0.0696765	0.0925935	-0.00142308	
-0.0406561	-0.0637302	-0.0661974	-0.0653087	0.0129926	0.331408	-0.0567937	-0.0267477	0.255711	0.253635	0.345385	0.183951	-0.00849341	0.638115	0.109957	0.00474091	0.0221985	0.5096	0.236765	-0.106444	-0.0859933	-0.0146508	0.0696765	0.0966032	-0.00142308	
-0.0406561	-0.0728856	-0.0663024	-0.0653087	0.00096385	0.281486	-0.0714295	-0.0361485	0.255316	0.302323	0.345385	0.183951	-0.00888848	0.63822	0.217637	0.0159176	0.0254302	0.5096	0.219593	-0.105278	-0.0955145	-0.0226464	0.0692814	0.0966032	-0.00102801	-0.0307597	
-0.0410709	-0.07513	-0.0667172	-0.0657235	0.00629974	0.281071	-0.0668456	-0.0365632	0.32358	0.186823	0.377713	0.183536	-0.00888848	0.570353	0.218325	0.0155028	0.0341853	0.509185	0.226317	-0.105692	-0.0959292	0.0166025	0.0365245	0.105336	-0.00144277	0.000417595	
-0.0522627	-0.0703953	-0.0667172	-0.0619384	0.0183137	0.302118	-0.0598559	-0.0708884	0.267624	0.186823	0.405009	0.201341	-0.00888848	0.630789	0.0844396	0.0212086	0.0341853	0.505576	0.226317	-0.104456	-0.105584	-0.0138075	0.0365245	0.105336	-0.00144277	-0.0382939	0	
-0.0604667	-0.0703953	-0.0667172	-0.0619384	0.0157724	0.2763	-0.0528616	-0.021807	0.267624	0.240839	0.405009	0.214576	-0.00888848	0.630789	0.106386	0.0212086	0.0158357	0.554982	0.228088	-0.100003	-0.0878063	-0.0161854	0.0485822	0.105336	-0.00144277	
-0.0495001	-0.0780118	-0.0667172	-0.0619384	0.0162622	0.311506	-0.0494972	-0.021807	0.27989	0.198908	0.405009	0.219467	-0.00888848	0.72248	0.115399	0.0421127	0.0345228	0.554982	0.228088	-0.100003	-0.107923	0.0176607	0.0485822	0.105336	-0.00144277	-0.0531482	
-0.0495001	-0.0685061	-0.0653994	-0.0702933	0.571858	0.426023	-0.0618519	-0.0501795	0.27989	0.120844	0.353177	0.179409	-0.00888848	0.519867	0.137056	0.0421127	0.0349499	0.154095	-0.00144277	-0.0937521	-0.109	0.00511879	0.0485822	0.105336	0	
-0.0495001	-0.0721457	-0.0653994	-0.0702933	0.571858	0.326702	-0.0590735	-0.0606041	0.256888	0.229985	0.393038	0.198112	-0.00464986	0.533126	0.0817801	0.0421127	0.0274061	0.154095	-0.00144277	-0.102857	-0.116443	0.00458236	0.0694725	0.0773634	0	0.0132417	0	
-0.0495001	-0.0725574	-0.0653994	-0.0706538	0.571858	0.297664	-0.0574173	-0.0266949	0.152526	0.229985	0.469553	0.183764	-0.00436628	0.650745	0.0714343	0.0286385	0.0274061	0.154379	-0.00172636	-0.102857	-0.118738	0.0278882	0.080319	0.0773634	-0.0114432	
-0.0507854	-0.0725574	-0.0659652	-0.0706538	0.571858	0.32162	-0.0470899	-0.0546484	0.119578	0.237442	0.433614	0.183764	-0.00331765	0.553827	0.125795	0.0286385	0.0175925	0.154379	-0.00172636	-0.102857	-0.107633	0.016749	0.0686872	0.0773634	
-0.0522009	-0.0739729	-0.0673807	-0.0720693	0.572844	0.294687	-0.0779047	-0.0558247	0.143349	0.178887	0.432198	0.182348	-0.00524512	0.519565	0.106864	0.0342852	0.027855	0.154379	-0.00314189	-0.102194	-0.113126	0.0184166	0.0950079	0.0669348	0.0931606	
-0.0378977	-0.0601531	-0.0673807	-0.0720693	0.572844	0.294687	-0.0768152	-0.0558247	0.249735	0.281025	0.311896	0.182348	-0.00447898	0.623685	0.179903	0.0104656	0.027855	0.155145	-0.00390803	-0.102194	-0.10413	0.00175418	0.0840144	0.0773879	-0.00318061	
-0.0416965	-0.0665529	-0.0673807	-0.0720693	0.572844	0.294687	-0.0365791	-0.037396	0.225604	0.0888895	0.311896	0.182348	-0.00411315	0.573703	0.197112	0.0104656	0.027855	0.153777	-0.00390803	-0.102194	-0.120008	-0.00434377	0.0772695	0.0569899	
-0.051702	-0.09118	-0.0639238	-0.0740739	0.470554	0.296811	-0.029225	-0.0358825	0.306436	0.119429	0.395621	0.184472	-0.00411315	0.479358	0.220138	0.000989357	0.0370589	0.142782	-0.00178421	-0.0973723	-0.108307	-0.021542	0.0772695	0.0591137	
-0.0444244	-0.0729509	-0.0628462	-0.0720567	0.562174	0.296811	-0.0244003	-0.0228461	0.30925	0.249871	0.343185	0.189013	-0.00949783	0.48982	0.146518	0.000989357	0.0154513	0.145596	-0.00459789	-0.102147	-0.102674	-0.000221566	0.0909197	0.0672062	
-0.0472265	-0.0757531	-0.0656483	-0.0737563	0.559372	0.291759	-0.0272025	-0.0592107	0.308978	0.207062	0.340383	0.186211	-0.00977045	0.536354	0.144478	-0.0018128	0.0334346	0.145323	-0.00712743	-0.105916	-0.108245	0.0040669	0.0906471	0.107182	-0.109925	0.00473739	-0.00531463	
-0.039037	-0.0898847	-0.0637945	-0.0763626	0.494629	0.428535	-0.0217874	-0.0424122	0.307993	0.185479	0.337187	0.18595	-0.010755	0.534239	0.15354	7.90807e-05	0.0313194	0.144339	-0.00640414	-0.104034	-0.115645	-0.0179953	0.0896626	0.10692	-0.0217874	
-0.0509277	-0.090611	-0.0664235	-0.0763626	0.494629	0.428535	-0.0301875	-0.0419045	0.264378	0.0334701	0.333644	0.18595	-0.010755	0.354105	0.182445	-0.0244772	0.0254412	0.126738	-0.00640414	-0.105057	-0.115601	-0.0209574	0.0896626	0.10692	0	
-0.0509277	-0.090611	-0.0664235	-0.0785132	0.494629	0.428535	-0.0108927	-0.0377913	0.264378	0.0646414	0.30702	0.18595	-0.000966509	0.358638	0.182445	-0.00181333	0.0302593	0.126738	-0.00640414	-0.105057	-0.128091	-0.031275	0.0812782	0.109969	0.165314	-0.0279347	
-0.0444495	-0.0872587	-0.0664235	-0.0749978	0.478565	0.439857	-0.0108927	-0.0461051	0.242868	0.110799	0.281247	0.18595	-0.000966509	0.330701	0.19196	-0.00575083	0.0278428	0.114107	-0.00640414	-0.107792	-0.125822	-0.0216345	0.0752695	0.109969	0.134222	
-0.0466496	-0.0872587	-0.0664235	-0.0749978	0.478565	0.439857	-0.0108927	-0.0225436	0.243874	0.164038	0.284178	0.18595	3.9745e-05	0.467496	0.199979	-0.00913145	0.0246436	0.0944964	-0.00741039	-0.105546	-0.109028	-0.0216345	0.0762758	0.148171	0.134222	0.0316524	
-0.0466496	-0.107414	-0.0698681	-0.0749978	0.432479	0.439857	-0.00188866	-0.045825	0.215029	0.156431	0.331926	0.222204	3.9745e-05	0.476767	0.199979	-0.00167695	0.0336089	0.0944964	-0.00741039	-0.102558	-0.098281	0.0204794	0.0831719	0.119486	0.119198	0.22375	
-0.0448727	-0.0963323	-0.0680912	-0.0686478	0.434255	0.349089	-0.00187794	-0.0573646	0.215029	0.109094	0.330839	0.223981	3.9745e-05	0.418123	0.162973	0.00876092	0.0255008	0.141108	-0.0056335	-0.0985782	-0.0905754	-0.00777755	0.0588146	0.133742	0.165319	
-0.0448727	-0.108854	-0.0680912	-0.0686478	0.402763	0.349089	-0.00412296	-0.0623354	0.140977	0.186228	0.30663	0.223981	0.000136711	0.545941	0.200643	0.00109898	0.0363221	0.141108	-0.0056335	-0.0985782	-0.0905754	-0.0456487	0.0588146	0.133742	0.250165	
-0.0447464	-0.112392	-0.0680912	-0.0643492	0.402763	0.315081	-0.0384555	-0.0368745	0.144936	0.191861	0.357575	0.223981	0.00409643	0.435814	0.200643	0.00109898	0.0363221	0.145068	-0.00959321	-0.102656	-0.105995	-0.0315744	0.0627743	0.0946994	0.213823	0	-0.000803178	
-0.0447464	-0.110302	-0.0680912	-0.0643492	0.402763	0.357452	-0.0290789	-0.0368745	0.148895	0.191861	0.357575	0.257331	0.00409643	0.763134	0.210048	0.012993	0.0363221	0.145068	-0.00959321	-0.0984503	-0.114624	0.0144411	0.0627743	0.0946994	0.214901	0.0769514	
-0.0447464	-0.116379	-0.0680912	-0.0643492	0.402763	0.351495	-0.0524555	-0.0238616	0.148895	0.191861	0.19067	0.257331	0.00539482	0.812955	0.241675	0.012993	0.0363221	0.165711	-0.00959321	-0.0921336	-0.113019	-0.0254805	0.0641946	0.0946994	0.213144	0.0680912	0	
-0.0447464	-0.111765	-0.0680912	-0.0643492	0.431263	0.351495	-0.0524555	-0.0238616	0.107286	0.176028	0.253362	0.257331	0.0018988	0.570259	0.208835	-0.0040274	0.0257523	0.139206	-0.00959321	-0.0921949	-0.116863	-0.0135009	0.0641946	0.0807163	0.23684	0	
-0.044247	-0.113099	-0.0680912	-0.0643492	0.431263	0.454915	-0.060535	-0.0277803	0.121087	0.158267	0.253362	0.210244	0.00100633	0.647907	0.212414	-0.0108	0.0284674	0.139206	-0.00959321	-0.0921949	-0.126878	0.0107065	0.0747558	0.0807163	0.268782	0.0430413	
-0.0486148	-0.119442	-0.0680912	-0.0643492	0.431263	0.339453	-0.0687868	-0.00423772	0.103551	0.158267	0.253362	0.210244	0.00100633	0.820003	0.224593	0.0021403	0.0341715	0.149298	-0.00959321	-0.0921949	-0.12321	0.00300151	0.0747558	0.112008	0.289805	0.0836973	-0.0108424	0	0	
-0.0285953	-0.116158	-0.0680912	-0.0643492	0.375067	0.38802	-0.0737408	-0.0284244	0.111101	0.158267	0.206622	0.220833	-0.00356342	0.820003	0.24978	-0.00467338	0.029486	0.145743	-0.00959321	-0.0928199	-0.113008	0.00809548	0.0696291	0.101882	0.320082	
-0.0437964	-0.100467	-0.0707559	-0.0641466	0.480888	0.38802	-0.0581598	-0.00242496	0.0948478	0.160931	0.206622	0.225298	-0.00356342	0.609724	0.26243	0.0181813	0.0321507	0.145743	-0.00959321	-0.0948813	-0.106036	-0.0341285	0.0584238	0.0696863	0.313111	-0.0811329	0.0736501	
-0.0458828	-0.100881	-0.0704874	-0.0644598	0.480575	0.52723	-0.0457925	0.00553395	0.0916534	0.229723	0.192001	0.224984	-0.00427909	0.619483	0.363023	0.00436407	0.0231525	0.145743	-0.00990644	-0.105468	-0.108979	-0.0197888	0.0798953	0.0693731	0.304036	0	
-0.0389966	-0.0849385	-0.0758034	-0.0683103	0.480575	0.52723	-0.0692701	0.00213161	0.105967	0.288535	0.192001	0.224984	0.00480212	0.53814	0.363023	0.00436407	0.0310718	0.168393	-0.00990644	-0.105468	-0.106887	-0.0174176	0.0529866	0.0693731	0.289719	0.276379	0	
-0.0433829	-0.0961565	-0.0758034	-0.0652393	0.433707	0.340523	-0.0665255	-0.0233846	0.101087	0.204021	0.106479	0.212091	0.00480212	0.699018	0.363023	0.00436407	0.041236	0.16142	-0.00990644	-0.10083	-0.107685	-0.0201758	0.0529866	0.0809147	0.282391	0	0.130592	
-0.0500534	-0.111211	-0.0781265	-0.0652393	0.279314	0.364155	-0.0665255	-0.0666729	0.170404	0.291121	0.20681	0.213965	0.00926125	0.837646	0.363023	-0.00243307	0.0309048	0.178372	-0.0143656	-0.0999115	-0.10956	-0.0260173	0.0763656	0.0796352	0.270704	
-0.0538744	-0.108104	-0.0781265	-0.0629678	0.266206	0.293481	-0.0654847	-0.0598304	0.135225	0.26787	0.228485	0.213965	0.00926125	0.925795	0.39294	-0.00243307	0.0251522	0.190831	-0.0143656	-0.0999115	-0.12109	-0.0116539	0.0763656	0.0522699	0.33676	
-0.0538744	-0.108104	-0.0781265	-0.0629678	0.266206	0.300474	-0.0654847	-0.0073857	0.133901	0.252996	0.212961	0.213965	0.00862473	0.925795	0.372892	-0.0127808	0.0381954	0.190195	-0.013729	-0.102411	-0.105024	0.00368001	0.0680412	0.0690996	0.320693	-0.0874059	-0.00537888	
-0.0538744	-0.113221	-0.0779861	-0.0629678	0.340541	0.379717	-0.040626	-0.0304343	0.10134	0.252856	0.207454	0.250444	0.00787767	0.903959	0.404757	-0.0127808	0.0450768	0.221138	-0.013729	-0.101576	-0.11206	-0.0154438	0.0806996	0.0690996	0.368632	0	
-0.0487768	-0.103057	-0.0771065	-0.0679614	0.188425	0.387981	-0.0733931	-0.0147154	0.068013	0.334766	0.207454	0.250444	0.00787767	0.90308	0.404757	-0.0127808	0.0269664	0.221138	-0.013729	-0.0999864	-0.120246	-0.0177048	0.100353	0.0853933	0.363705	
-0.0446673	-0.101088	-0.072997	-0.0638519	0.305036	0.365108	-0.0589525	-0.0162759	0.135521	0.281824	0.197123	0.223684	0.00787767	0.921341	0.408867	0.00339425	0.0346888	0.221138	-0.00961955	-0.0960654	-0.111201	-0.0217073	0.100353	0.0895028	0.373358	
-0.0346316	-0.106746	-0.0718127	-0.0626677	0.30622	0.366292	-0.0587186	-0.0108947	0.135521	0.433142	0.1598	0.224868	-0.000253293	1.08377	0.429191	0.02083	0.0346888	0.221138	-0.00843525	-0.0948811	-0.117633	-0.0117317	0.086428	0.0808576	0.405132	
-0.0346316	-0.101673	-0.0718127	-0.0626677	0.319635	0.368141	-0.058092	0.0155823	0.144591	0.252142	0.152187	0.17273	-2.56613e-05	1.08377	0.330359	0.02083	0.0419353	0.226999	-0.00843525	-0.0999937	-0.115766	-0.0226251	0.086428	0.0808576	0.403265	-0.0607003	
-0.0504817	-0.101673	-0.0718127	-0.0626677	0.243052	0.29782	-0.0590386	0.0155823	0.144591	0.181613	0.189728	0.200797	-2.56613e-05	0.59584	0.340972	0.00390969	0.0338399	0.234537	-0.00843525	-0.0999937	-0.115701	-0.0261873	0.0699367	0.0808576	0.405266	
-0.0504817	-0.106688	-0.0718127	-0.0614061	0.243052	0.407905	-0.0619566	0.0339768	0.144591	0.200145	0.19135	0.200797	-2.56613e-05	0.599237	0.289182	0.00390969	0.0338399	0.234537	-0.00843525	-0.0880752	-0.111244	-0.0103888	0.0699367	0.0768057	0.370143	-0.0396664	
0.0229928	-0.113252	-0.0718127	-0.0579654	0.342539	0.538344	-0.065877	-0.0080565	0.152824	0.154325	0.181859	0.212247	-2.56613e-05	0.599237	0.288422	-0.00184151	0.0258719	0.237249	-0.00843525	-0.100349	-0.107289	0.00775102	0.0683044	0.0768057	0.366189	0	
0.0195133	-0.108126	-0.0662303	0.00826489	0.336957	0.470053	-0.00222341	0.0530688	0.117644	0.174744	0.176704	0.277133	0.00993591	0.593655	0.323937	0.0647817	0.0234986	0.242938	-0.0141241	-0.0939838	-0.124225	0.0128923	0.0863795	0.143036	0.383125	0	0	
0.0234145	-0.102692	-0.0662303	0.00826489	0.268664	0.406633	0.00922645	0.0589977	0.146976	0.180701	0.18288	0.270094	0.01891	0.869052	0.323937	0.0501194	0.0263302	0.254306	-0.0141241	-0.0939838	-0.12591	0.0209275	0.0850686	0.143036	0.392273	
0.0234145	-0.111459	-0.0675031	0.00826489	0.286902	0.406633	0.0211351	0.0714557	0.155074	0.318461	0.181607	0.258119	0.01891	0.46284	0.323937	0.0686931	0.0263302	0.254306	-0.0153969	-0.0982419	-0.123531	-0.017944	0.0850686	0.139187	0.414142	-0.0176754	-0.00320986	-0.00474182	
0.0173616	-0.104604	-0.0675031	0.00826489	0.344062	0.399219	0.013028	0.0206795	0.129457	0.152077	0.237607	0.258119	0.01891	0.902334	0.323937	0.0718558	0.0496384	0.253894	-0.0153969	-0.0997077	-0.128194	-0.0273157	0.062664	0.139509	0.418806	-0.035382	0	
0.0173616	-0.10152	-0.0675031	0.00826489	0.344062	0.399219	0.0254253	0.0550044	0.11567	0.268829	0.1758	0.258119	0.01891	0.669297	0.323937	0.0718558	0.0506478	0.253426	-0.0153969	-0.0959626	-0.124047	-0.0135917	0.0729353	0.13488	0.39682	
0.016292	-0.0849079	-0.0675031	0.00826489	0.344062	0.351594	0.0277981	0.0590914	0.11567	0.143856	0.169924	0.244828	0.01891	0.436955	0.323937	0.0590615	0.0582857	0.253426	-0.0153969	-0.0959626	-0.119254	-0.0468853	0.0729353	0.159365	0.385658	0.0329047	
0.016292	-0.0849079	-0.0675031	0.00826489	0.347562	0.351594	0.0216191	0.0401731	0.134506	0.143856	0.228672	0.261696	0.0268314	0.699248	0.323937	0.0578981	0.0629238	0.253426	-0.0153969	-0.0959626	-0.119301	-0.0243766	0.0729353	0.166678	0.385705	
0.0221814	-0.0689497	-0.0675031	0.00826489	0.347562	0.432296	0.0314646	0.0306288	0.148976	0.233501	0.12044	0.261696	0.030132	0.651728	0.323937	0.0600212	0.0485132	0.255021	-0.025995	-0.0945145	-0.119301	-0.0311201	0.0837915	0.149751	0.385705	-0.00921572	
0.0262322	-0.0760305	-0.0675031	0.00826489	0.357604	0.426382	0.0151594	0.0166616	0.161444	0.204171	0.0983749	0.261696	0.030132	0.661516	0.308347	0.0710142	0.0485132	0.255021	-0.025995	-0.0945145	-0.119301	-0.0451129	0.0744666	0.15606	0.385705	
0.0169675	-0.0662889	0.00705068	0.35639	0.449148	0.0103911	0.0319565	0.162203	0.139726	0.211907	0.260482	0.0324161	0.654234	0.307133	0.0654431	0.047299	0.255915	-0.0282791	-0.0975536	-0.124401	-0.031881	0.0767507	0.154846	0.390805	
0.0282069	-0.0282791	-0.0657267	-0.00208957	0.355828	0.372527	-0.00164397	0.0313943	0.220665	0.23079	0.211907	0.247045	0.0236676	0.75441	0.306571	0.0534106	0.0415318	0.255915	-0.095704	-0.115744	-0.0313568	0.0767507	0.122	0.382147	
0.0152584	-0.0282791	0.403863	-0.0630926	-0.00687866	0.30962	0.369893	0.0173408	0.0203729	0.221685	0.172687	0.207413	0.244411	0.0236676	0.918404	0.303937	0.0537852	0.0388977	0.255915	-0.0936849	-0.106897	-0.0302899	0.0937304	0.190921	0	
0.019433	-0.0282791	0.410124	-0.0630926	0.000955021	0.354365	0.378568	-0.0149805	0.0203729	0.271299	0.0957676	0.210961	0.244411	0.02153	0.785917	0.303937	0.0537852	0.0388977	0.250767	-0.100333	-0.113157	-0.0362356	0.0937304	0.149781	
0.019433	-0.0284114	0.404009	-0.063225	0.000955021	0.354365	0.398292	0.0205821	0.0286043	0.274031	0.222592	0.233705	0.244411	0.0271408	0.640697	0.312384	0.0736202	0.0292813	0.237958	-0.0945969	-0.107175	-0.0425562	0.109468	0.164791	
0.0189288	-0.0284114	0.395754	-0.063225	0.000955021	0.306151	0.398292	0.00759908	0.0286043	0.174787	0.227044	0.116095	0.244411	0.0271408	0.79701	0.312384	0.101172	0.0376209	0.258657	-0.0949522	-0.0989196	-0.031081	0.109468	0.143667	
0.0189288	-0.0284114	0.358738	-0.063225	0.00212726	0.346588	0.425659	0.00313508	0.00528128	0.1811	0.175234	0.238067	0.244411	0.0218883	0.76657	0.293679	0.101172	0.0284551	0.258657	-0.0917206	-0.113265	-0.0248614	0.0989402	0.170741	-0.0293737	0.0107723	
0.0189288	-0.0236671	0.30981	-0.063225	0.00212726	0.290609	0.425659	0.000769399	0.054468	0.181676	0.165761	0.238067	0.264144	0.017144	0.722993	0.293679	0.096861	0.0315503	0.253913	-0.0898943	-0.112937	-0.0264784	0.0941958	0.179509	0.010868	0	0	
0.0189288	-0.0236671	0.308957	-0.063225	0.00594029	0.374992	0.425659	0.00319117	0.0743486	0.199789	0.245597	0.135847	0.264144	0.0180671	0.548521	0.293679	0.0860376	0.0324227	0.293674	-0.0900115	-0.112084	-0.0422303	0.0941958	0.13673	0.0299401	-0.0353923	
0.0188254	-0.0236671	0.304063	-0.0631217	0.00583694	0.252761	0.369723	0.00114194	0.0339373	0.149843	0.143059	0.169402	0.264041	0.0180671	0.622178	0.293576	0.0859342	0.0219054	0.280822	-0.0900115	-0.112392	-0.0292954	0.0777417	0.138012	0.0365152	
0.0188254	-0.0236671	0.299155	-0.0631217	0.00583694	0.196275	0.379243	0.00114194	0.0266452	0.149843	0.172013	0.169402	0.264041	0.0180671	0.55281	0.293576	0.0885081	0.0283843	0.255526	-0.0896217	-0.0998356	-0.00313443	0.0859144	0.142866	0	-0.00030552	0	0	
0.0139435	-0.0236671	0.31397	-0.0629159	0.00563123	0.269124	0.511155	0.036881	0.0246891	0.195735	0.134162	0.169402	0.271086	0.0155413	0.659115	0.29337	0.0883024	0.0256492	0.255526	-0.0930989	-0.114651	-0.0253415	0.0859144	0.115919	
0.0314756	-0.0236671	0.311203	-0.0629159	0.0128289	0.316776	0.521883	0.0241004	0.0246891	0.241086	0.157493	0.127154	0.271086	0.0155413	0.595221	0.29337	0.0818809	0.0244555	0.201529	-0.0833423	-0.111884	-0.0115086	0.124787	0.115919	0	
0.035252	-0.0331673	0.31793	-0.0641328	0.0128289	0.272536	0.521883	0.00183522	0.0207817	0.245566	0.301522	0.108375	0.271086	0.0265332	0.637438	0.29337	0.108811	0.0320506	0.209848	-0.0876682	-0.119828	0.00234868	0.13307	0.140833	-0.0353023	0.011144	0	
0.0253117	-0.0331673	0.311164	-0.0595775	0.00827352	0.230764	0.517328	0.0141406	0.0170684	0.260291	0.296966	0.117252	0.277062	0.0265332	0.626021	0.293961	0.104256	0.0385435	0.210783	-0.0939538	-0.113061	0.00850003	0.135855	0.124478	0	0	
0.0253117	-0.0331673	0.311211	-0.0595775	0.00827352	0.230764	0.472844	0.027232	0.0173432	0.260291	0.1636	0.100141	0.277062	0.0291043	0.931915	0.300567	0.0683217	0.0271654	0.205401	-0.091958	-0.113109	0.00803098	0.135855	0.127421	
0.0253117	-0.0331673	0.320691	-0.0595775	0.00827352	0.23978	0.444649	-0.00717391	0.0345415	0.21662	0.217661	0.109155	0.242605	0.0236268	0.918302	0.28087	0.0727058	0.0271654	0.205401	-0.0982724	-0.122589	-0.016766	0.135855	0.127421	0.00491505	0	
0.0131331	-0.0331673	0.377005	-0.0595775	0.00686394	0.215219	0.444649	0.02573	0.0341086	0.24719	0.18965	0.186088	0.261236	0.0288902	0.963386	0.28087	0.0874058	0.031252	0.205401	-0.0982724	-0.119405	-0.0019349	0.141934	0.135945	
0.0127672	-0.0331673	0.36615	-0.0595775	0.00686394	0.296545	0.55441	0.0539281	0.0443598	0.304895	0.202885	0.148593	0.267892	0.0288902	1.04655	0.28087	0.0874058	0.0372617	0.201804	-0.0982724	-0.108551	-0.015511	0.149328	0.140421	0.0123468	
0.00800119	-0.0309242	0.378813	-0.0569101	0.00419657	0.227148	0.502942	0.0416723	0.0026646	0.329173	0.287586	0.10373	0.229757	0.0266471	0.876296	0.272147	0.0847384	0.0338451	0.199561	-0.0923355	-0.121213	0.0102457	0.147085	0.137753	
0.00599401	-0.0309242	0.378895	-0.0549029	0.00119512	0.304165	0.421441	0.0546734	0.0090675	0.290128	0.286675	0.186684	0.256171	0.0266471	0.991187	0.256131	0.0890127	0.031838	0.199561	-0.0944448	-0.121295	0.0402973	0.198777	0.121656	0.0306428	
0.0129914	-0.0309242	0.444106	-0.0549029	0.00119512	0.294613	0.419834	0.0316758	0.026013	0.261951	0.19279	0.186684	0.256171	0.0266471	0.840035	0.256131	0.0806582	0.031838	0.173336	-0.0998147	-0.114756	0.0698732	0.232098	0.106107	-0.0370846	0.0239787	
0.00412294	-0.0354857	0.453755	-0.0549029	0.00119512	0.367927	0.474266	0.0358997	0.026013	0.256904	0.320299	0.155313	0.242971	0.0312087	0.81141	0.239867	0.0806582	0.0287622	0.18014	-0.100224	-0.124404	0.0644709	0.22116	0.125044	
0.00424961	-0.0339643	0.445368	-0.0549029	0.00119512	0.39397	0.474266	0.0341006	0.0178013	0.237372	0.320299	0.225389	0.234914	0.0296873	0.793133	0.256492	0.12566	0.0266601	0.158947	-0.0940808	-0.116017	0.0644709	0.191554	0.0946293	-0.00152141	
0.00632015	-0.0330194	0.453083	-0.0539579	0.000479412	0.39397	0.527091	0.0341006	0.0365908	0.198349	0.320299	0.165997	0.234914	0.0296873	0.792015	0.260772	0.110322	0.0154261	0.186712	-0.100057	-0.122787	0.00856074	0.191554	0.0813698	
0.023783	-0.0274459	0.451705	-0.0539579	0.000479412	0.308305	0.527091	0.0341006	0.0529259	0.192775	0.277918	0.208494	0.24816	0.0202284	0.723398	0.216781	0.110322	0.0280383	0.193321	-0.100057	-0.121409	-0.00184959	0.209958	0.0985216	-0.042301	
0.0395809	-0.0254846	0.446418	-0.0519966	0.000479412	0.258286	0.529744	0.018792	0.0501062	0.192775	0.221493	0.173534	0.24816	0.0226774	0.782356	0.238019	0.071603	0.0280383	0.208623	-0.0953844	-0.114161	0.00483695	0.209958	0.0985216	
0.0116249	-0.0254846	0.457252	-0.0519966	0.000479412	0.24145	0.474243	0.0661043	0.0592598	0.192775	0.100655	0.166653	0.24816	0.0226774	0.545113	0.247331	0.071603	0.0157784	0.244868	-0.0932879	-0.11834	0.0315334	0.209958	0.0890073	0.0855024	
0.00800742	-0.0230072	0.461932	-0.0519966	0.0032929	0.24145	0.474243	0.0661043	0.0511239	0.205163	0.230783	0.259319	0.23771	0.0202	0.752073	0.247331	0.0781265	0.0320977	0.242391	-0.0905935	-0.12302	0.0403886	0.210164	0.0890073	
0.00800742	-0.0230072	0.392903	-0.0519966	0.00168743	0.245687	0.422711	0.0661043	0.0284707	0.184993	0.24813	0.214146	0.246908	0.0195958	0.657957	0.239957	0.070057	0.0317024	0.242391	-0.0914259	-0.121751	0.0279459	0.210164	0.0890073	0.0274391	
0.0168985	-0.0230072	0.358141	-0.0519966	0.00656704	0.237373	0.435689	0.0623119	0.0259275	0.158129	0.227328	0.18377	0.236332	0.0196124	0.811896	0.220024	0.0572389	0.0149323	0.242391	-0.0930944	-0.116003	0.0175774	0.213112	0.0890073	-0.0207957	0.021374	
0.0168985	-0.0266527	0.369624	-0.0519966	0.00656704	0.254799	0.419005	0.0723185	0.0290427	0.161774	0.113393	0.185074	0.236332	0.0227133	0.808978	0.220024	0.0706541	0.0149323	0.246037	-0.0957277	-0.115254	-8.89439e-05	0.216758	0.109883	
0.0168985	-0.0299306	0.329087	-0.0519966	0.00656704	0.188016	0.470014	0.067418	0.00476129	0.180344	0.212773	0.192514	0.242996	0.0304983	0.481525	0.220472	0.0706541	0.0234025	0.249314	-0.097563	-0.106507	0.0111785	0.220189	0.109883	
0.0231236	-0.0299306	0.341121	-0.0519966	0.00376422	0.187707	0.470014	0.0562247	0.0350861	0.179857	0.184369	0.203458	0.242996	0.0304983	0.475435	0.215546	0.0706541	0.0122679	0.249314	-0.0903671	-0.11854	0.0111785	0.221534	0.0980359	
0.012945	-0.0299306	0.344118	-0.0519966	-0.0049135	0.187707	0.470014	0.0392828	0.0387511	0.171308	0.115515	0.25283	0.242996	0.0304983	0.558764	0.207102	0.0706541	0.00388539	0.260954	-0.0901937	-0.121538	0.0111785	0.219193	0.116188	0.0348994	
0.00885541	-0.0299306	0.345821	-0.0519966	-0.00645788	0.191041	0.470014	0.0361957	0.0162431	0.148697	0.190262	0.189304	0.242996	0.0180664	0.474312	0.241949	0.0648314	0.00388539	0.247424	-0.0901937	-0.122602	-0.0328757	0.219193	0.123595	0.0236783	
0.0218646	-0.0298738	0.353053	-0.0519004	-0.0132669	0.22597	0.465627	0.0530577	0.0253553	0.14864	0.206545	0.248187	0.2429	0.0180096	0.591838	0.241853	0.0647352	0.00413395	0.247367	-0.0901937	-0.11992	-0.00484409	0.219137	0.123499	
0.0250124	-0.0298738	0.378179	-0.0519004	-0.0132669	0.225292	0.465627	0.0448246	0.03731	0.14864	0.218751	0.403968	0.2429	0.0364878	0.536714	0.236808	0.0647352	0.0294365	0.250766	-0.0945707	-0.121216	0.00813777	0.215985	0.120425	-0.0336313	0	
0.01043	-0.0298738	0.334941	-0.0519004	-0.0132669	0.225292	0.504143	0.0357237	0.0375891	0.108707	0.199651	0.277725	0.2429	0.0364878	0.646641	0.236808	0.0688344	0.0294365	0.242341	-0.0951682	-0.112184	0.00272006	0.204986	0.121472	0.0137708	
0.00355432	-0.0298738	0.316103	-0.0510327	-0.0141347	0.224424	0.579361	0.0079119	0.0269221	0.111496	0.0839216	0.243489	0.242032	0.0298029	0.640717	0.220259	0.0443782	0.00462638	0.242341	-0.105598	-0.100029	0.0302061	0.204986	0.133502	
0.000376443	-0.0298738	0.310311	-0.0512094	-0.020067	0.224601	0.579537	0.0157691	0.0878809	0.0917893	0.128427	0.177816	0.253294	0.0298029	0.396003	0.220436	0.0489818	0.00697866	0.222885	-0.0939385	-0.0942364	0.0158959	0.195926	0.12559	
0.000376443	-0.0298738	0.311161	-0.0512094	-0.020067	0.234391	0.579537	0.0411132	0.0878809	0.144148	0.224793	0.177816	0.247554	0.0298029	0.582696	0.220436	0.0685856	-0.00178783	0.222885	-0.095942	-0.0950871	0.0228305	0.167304	0.12559	
-0.000439294	-0.0292157	0.282305	-0.0503937	-0.0183473	0.186314	0.558554	0.0182273	0.0346111	0.132543	0.175159	0.201951	0.21019	0.0263182	0.669904	0.192155	0.0677698	0.0414974	0.204371	-0.095942	-0.101836	0.0220147	0.166645	0.124775	0	0	
0.0189631	-0.0292157	0.301705	-0.0500447	-0.0186963	0.177004	0.558205	-0.00247979	0.0327586	0.147871	0.204324	0.27994	0.227153	0.0257848	0.669122	0.206156	0.0850291	0.0228904	0.228739	-0.095942	-0.101573	0.0181612	0.166645	0.109826	0	-0.0185102	
0.0189631	-0.0309389	0.299867	-0.0500447	-0.0186963	0.177004	0.558205	0.017127	0.0727888	0.132048	0.289808	0.303905	0.250054	0.0226714	0.669122	0.209727	0.0472406	0.00864908	0.203397	-0.101044	-0.0997348	0.0518122	0.168369	0.107706	
0.0190124	-0.0309389	0.308488	-0.050094	-0.0186471	0.143273	0.556648	0.000282969	0.072838	0.132048	0.188092	0.27152	0.250103	0.0226714	0.547931	0.209776	0.0550792	0.00869836	0.203397	-0.0997483	-0.0987834	0.046747	0.168369	0.107755	-0.137079	
0.0196122	-0.0292033	0.306462	-0.0545984	-0.0171807	0.176451	0.558114	-0.00324177	0.0440513	0.141428	0.168894	0.221222	0.252631	0.0178978	0.570894	0.211242	0.0565456	0.0206004	0.190574	-0.102786	-0.0997959	0.0283645	0.199996	0.106822	
0.00962585	-0.0292033	0.21147	-0.0545984	-0.0171807	0.176451	0.392415	0.000576444	0.0440513	0.141428	0.20305	0.196477	0.222604	0.0266306	0.345795	0.211242	0.0521303	0.00166591	0.20864	-0.0970278	-0.101771	0.0139591	0.196426	0.137045	-0.0240622	
0.0218575	-0.0292033	0.261928	-0.0545984	-0.0171601	0.176451	0.518021	0.022063	0.0410723	0.125908	0.188427	0.187614	0.232651	0.0266306	0.31056	0.211242	0.0591699	0.0328648	0.20864	-0.0998857	-0.107604	0.0139591	0.185122	0.0890039	0	
0.0130494	-0.0292033	0.288831	-0.0545984	-0.0171601	0.219302	0.518021	0.0331958	0.0626305	0.126121	0.188427	0.252918	0.232651	0.0202124	0.580661	0.21956	0.079672	0.0058556	0.180165	-0.0998857	-0.106966	0.018204	0.185122	0.0890039	
0.0130494	-0.0292033	0.262131	-0.0545984	-0.0147271	0.225768	0.450749	0.0216656	0.0666471	0.172432	0.234223	0.217084	0.232651	0.0277795	0.543192	0.21956	0.0789838	0.0285018	0.180165	-0.0998857	-0.11585	-0.0450888	0.185122	0.0890039	-0.00228483	0	0	
0.0122306	-0.0212232	0.251716	-0.0457995	-0.0190014	0.225829	0.404176	0.0191013	0.0836472	0.17914	0.229578	0.271125	0.227831	0.0277795	0.766487	0.218742	0.060833	0.0315499	0.197003	-0.0890703	-0.105798	-0.0332198	0.185122	0.0881851	
0.00604752	-0.0212232	0.250967	-0.0457995	-0.0202883	0.229133	0.376462	0.0242874	0.0446208	0.17914	0.188071	0.20188	0.2288	0.0121624	0.643069	0.218742	0.0576711	0.0351319	0.197003	-0.096973	-0.103659	-0.00345321	0.185122	0.0809786	0.00112148	
0.00395811	-0.0212232	0.257204	-0.0457995	-0.0202883	0.297758	0.337919	-0.0027557	0.0446208	0.166165	0.151713	0.235719	0.216294	0.0146579	0.993151	0.222744	0.0576711	0.0143821	0.197003	-0.0968381	-0.109897	-0.0135106	0.185122	0.0962627	0	0	
0.00395811	-0.0212232	0.189388	-0.0457995	-0.0202883	0.256882	0.337919	-0.0131467	0.0867701	0.150088	0.141875	0.187496	0.23488	0.0146579	1.02076	0.235252	0.0576711	0.0143821	0.157471	-0.0932318	-0.107042	-0.00466267	0.185122	0.0989464	
0.00395811	-0.0250388	0.190567	-0.0457995	-0.0225286	0.256882	0.410778	-0.00294092	0.0600049	0.153904	0.233917	0.170883	0.237432	0.0325475	0.947834	0.220207	0.0627695	0.0176339	0.184489	-0.0932318	-0.108221	-0.00808285	0.188938	0.086052	-0.00195041	
0.000896253	-0.0330289	0.197024	-0.0530774	-0.0103478	0.256833	0.350052	-0.00173733	0.0443219	0.154566	0.199581	0.163555	0.237383	0.0234879	0.830007	0.229062	0.0430371	0.0155187	0.190304	-0.102654	-0.122005	-0.0140925	0.1896	0.0860025	0.000662745	
0.0034462	-0.0330289	0.202214	-0.0517758	-0.0116495	0.23672	0.376158	-0.010013	0.0321202	0.154566	0.1353	0.155708	0.236081	0.0229377	1.14047	0.22776	0.0661085	0.0122076	0.190304	-0.100782	-0.127195	-0.0334582	0.1896	0.0847008	0.027981	
0.00600781	-0.0322801	0.199609	-0.0510269	-0.0103513	0.248185	0.376158	-0.0168488	0.0354407	0.175272	0.156148	0.189012	0.236081	0.0347588	1.28555	0.204926	0.0610613	0.0236821	0.190304	-0.100033	-0.12417	-0.0334582	0.173524	0.0941696	0.0999132	
