-0.0844435	0.200313	0.14233	0.117644	0.189292	0.0426263	0.110336	0.0244631	0.322318	0.223171	0.0450202	0	-0.0208593	0	0	0	0	0	0	0	0	0	0	0	0	0	0	0	0	0	0	0	0	0	0	0	0	0	0	0	0	0	0	0	0	0	0	0	0	0	0	0	0	0	0	0	0	0	0	0	0	0	0	0	0	0	0	0	0	0	0	0	0	0	0	0	0	0	0	0	0	0	0	
-0.0844435	0.200313	0.189292	0.0426263	0.0777416	0.0244631	0.322318	0.196851	0	-0.00726979	-0.0410174	0	0.022288	-0.0219161	-0.0057231	0.0236187	0.0077815	-0.029779	0.0327032	0	0.0184474	-0.0131334	0.02632	0	0	0	0.0692586	0	0	-0.0383759	0.0171001	0	0.117644	0.00590903	-0.00626457	0.0354094	0	0	0.0216313	-0.0617318	-0.0140692	0.0193424	0	
-0.0636029	0.200313	0.117644	0.150162	0.0228127	0.330093	0.178033	-0.0323366	0.0800391	0.192509	-0.00799842	-0.0246229	0.02632	0.0426263	0.0171001	-0.0352814	0.0133352	0.00590903	0.0283079	-0.0300108	
-0.0780575	0.244775	0.0281609	0.32739	0.11539	0.159473	0.0245378	0.0447313	0.161713	0.190255	0.0172749	-0.0584169	-0.0183607	0.0185024	-0.0187038	0.0115939	0.079373	-0.0469752	
0.222655	0.0281609	0.360874	0.118943	0.0741539	0.0324247	0.0382078	0.169236	0.190255	0.0172749	-0.0718325	0.0273769	0.0333909	-0.0163833	0	0.0961068	-0.0469752	-0.0802091	-0.00108825	
0.118982	0.191869	0.0272882	0.29467	0.116618	0.0932557	0.0296547	0.0200101	0.184984	0.0536765	-0.0728403	-0.00157349	0.0325182	-0.0333853	-0.0810819	0.0965678	-0.051544	0.0076042	0.019277	
0.137611	0.217248	0.0272882	0.322978	0.116618	0.0787988	0.0277538	0.0373503	0.180857	0.0212913	-0.0709707	0.220251	0.0852577	0.0030842	-0.0773009	0.165122	-0.0535707	0.019277	-0.0190376	
0.099203	0.197112	0.0277017	0.216999	0.0231982	0.136656	0.0281673	0.0224723	0.213736	0.0312246	-0.0600594	0.315993	0.0126996	0.00349771	-0.0717069	0.149489	-0.0557458	0.117032	
0.11982	0.207185	0.0254924	0.216833	-0.0487302	0.146408	0.119666	0.0281673	0.0224723	-0.0105549	0.0171481	0.213736	-0.0320692	0.00571102	0	-0.0894977	0.149489	-0.0460491	0.131794	0	0	0	
0.128678	0.207185	0.0254924	0.236864	-0.0501003	0.133668	0.137423	0.0312665	0.0248672	-0.0129638	0.0660378	0.213736	-0.0385223	0.0119278	0	-0.00478633	0.165814	-0.0452193	0.141933	
0.14846	0.214507	0.0254924	0.293516	-0.042173	0.085122	0.168375	0.0347741	0.0293042	0.0250321	0.0660378	0.213736	-0.00974993	0.0148979	0	0.165814	-0.0523281	0.141933	
0.163975	0.267496	0.0254924	0.293516	-0.0186346	0.205288	0.336953	0.0276468	0.0293042	0.0257043	0.0358114	0.213736	-0.0492779	0.0541768	0	0.165814	-0.0481821	0.141914	-0.0360026	
0.188389	0.247052	0.0246825	0.292706	-0.0216513	0.133394	0.16293	0.026837	0.0284944	-0.0109403	0.036973	0.202541	-0.0418296	0.0489605	0.000809845	0.165182	0.141104	-0.0568667	
0.200847	0.252907	0.0247888	0.292812	0.000664259	0.1335	0.410401	0.0269432	0.0185858	0.12376	0.0552703	0.1762	-0.0503485	0.0357449	0.000703594	0.136863	0.14121	-0.0499622	0.0277871	-0.0118818	0.0321018	0	
0.108257	0.252907	0.0247888	0.292812	0.0163859	0.180315	0.105392	0.0269432	0.0104054	0.0831126	0.0552703	0.1762	-0.0498197	0.0161041	0.000703594	0.216465	0.14121	-0.0499622	0	-0.00435455	
0.165884	0.252907	0.0269315	0.280853	-0.0146823	0.158156	-0.044786	0.0269432	0.0106992	0.0691776	0.0508341	0.15944	-0.0279111	0.0161041	0.000703594	0.180184	0.142971	-0.0528982	
0.216062	0.252907	0.0253017	0.268269	-0.00780678	0.214692	-0.0748417	0.0298565	0.0241869	0.0865939	0.0359055	0.15944	-0.0461589	0.0161041	0.000703594	0.180436	0.142525	-0.0496454	
0.204323	0.229052	0.0253967	0.192181	-0.0198789	0.214787	0.0285676	0.0141193	0.0737891	0.0360004	0.159535	-0.0344891	0.0161991	0.000608652	0.156731	0.14262	-0.034103	-0.0209541	
0.200723	0.248779	0.0289964	0.192181	-0.0397969	0.214787	0.0268632	0.0285676	0.0326182	0.0699103	-0.0151138	0.159535	-0.0103945	0.0563474	0.000608652	0.188347	0.14262	-0.0437799	
0.237125	0.257811	0.031412	0.194597	-0.0177925	-0.0413642	0.258583	0.0309833	0.0253726	0.0688895	0.0321592	0.13252	-0.0412681	0.017341	-0.001807	0.128796	0.142362	0	0	
0.237125	0.228741	0.0309686	0.194153	-0.00764244	-0.0353351	0.272392	0.0169119	0.0249292	0.0467895	0.0489249	0.130138	-0.0586314	0.00395365	-0.0013636	0.175739	0.141918	
0.150161	0.257037	0.0309686	0.200703	-0.00934834	-0.025432	0.272392	0.0189137	0.00997094	0.0291065	0.0260844	0.1498	-0.0654054	0.0429548	-0.0013636	0.210631	0.141918	
0.108037	0.213991	0.0309686	0.199568	-0.055551	-0.0443383	0.272392	0.0262564	0.0210863	0.0291065	0.028401	0.1498	-0.0080081	0.0429548	-0.0013636	0.234923	0.142517	0	
0.0917053	0.243955	0.0309686	0.173342	-0.0331752	-0.0575584	0.272392	0.0140227	0.0210863	0.0556887	0.0371918	0.1283	-0.00158681	0.0842506	-0.0013636	0.234923	0.142517	-0.000705838	
0.111373	0.261005	0.0286475	0.18613	-0.0384406	-0.0445772	0.338602	0.0247922	0.0210863	0.0816251	0.0349082	0.120757	-0.0127822	0.072706	-0.0013636	0.186183	0.142517	-0.0192523	
0.0936074	0.238358	0.0286475	0.236711	-0.0384406	-0.0445772	0.379869	0.0231204	0.0210863	0.0387307	0.0480615	0.120757	-0.00414084	0.0747801	-0.00196351	0.134613	0.141514	-0.0192523	0	0.049024	
0.175656	0.238358	0.0252043	0.195775	-0.0335885	-0.0445772	0.329488	0.0205375	0.0210863	0.00227645	0.0475549	0.124324	-0.00404746	0.0587496	-0.00196351	0.129488	0.141514	0.00820095	
0.122062	0.217523	0.0258918	0.217375	-0.0455498	-0.0500728	0.244725	0.0126307	0.022485	-0.000114917	0.0475549	0.124324	0.0104743	0.118159	-0.00196351	0.127012	0.141514	0.00751453	-0.0491068	
0.167284	0.217523	0.0253719	0.217375	-0.0487158	-0.0357258	0.279862	0.0284061	0.022485	-0.0206332	0.0333039	0.124324	0.0104743	0.0786416	-0.00662665	0.13421	0.141514	-0.0148589	-0.03652	
0.169543	0.217523	0.0253719	0.233824	-0.0643041	-0.0567074	0.286391	0.0284061	0.022485	-0.0295437	0.0272967	0.123771	0.000840718	0.0479941	0.00820939	0.174683	0.142656	-0.0149141	0.0204887	
0.134502	0.178882	0.0333065	0.229828	-0.0400135	-0.0400008	0.274355	0.0225803	0.0241539	-0.0238124	-0.0139245	0.150048	-0.0055446	0.067732	0.00820939	0.162373	0.142656	-0.0149141	0.0143758	0.0228195	0	
0.125526	0.155437	0.0333065	0.220952	-0.0464515	-0.0400008	0.269532	0.0265016	0.0151841	-0.0289108	0.00195709	0.135757	-0.00420675	0.0251652	0.00820939	0.179753	0.13683	-0.0149141	0.0378208	0.0644443	
0.143532	0.236528	0.0305069	0.163611	-0.0405748	-0.0518225	0.233144	0.0265016	0.0342554	-0.0289108	-0.0172356	0.132115	-0.0296514	0.0177959	0.00820939	0.188689	0.13683	-0.0109404	0.0350529	0	
0.106187	0.212735	0.0305069	0.240605	-0.0405748	-0.0378365	0.245127	0.0265016	0.00154307	-0.0324281	-0.00802271	0.139821	-0.0329695	0.0512809	0.00820939	0.185547	0.13683	-0.0106497	0.0469422	-0.0406816	0.0412736	0	
0.106187	0.213161	0.0305069	0.190346	-0.00260288	-0.0378365	0.238039	0.0308957	0.0192267	-0.0358137	-0.0185171	0.139821	-0.0329695	0.00242805	0.00749012	0.199184	0.147932	-0.0114247	0.0645407	
0.141612	0.213161	0.0305069	0.159845	-0.0344872	-0.0496032	0.238039	0.0308957	0.0167465	-0.0367471	0.0196667	0.139821	-0.0273666	0.0443802	0.00429009	0.15502	0.147932	-0.00967573	0.0866985	0	
0.141612	0.189397	0.0305069	0.177182	-0.0517072	-0.041702	0.215154	0.0308957	0.0183871	-0.0252242	0.00981784	0.110112	-0.00509091	0.0466154	0.00761241	0.217564	0.12405	-0.0236187	0.0955505	0	
0.144045	0.222168	0.0331806	0.176021	-0.054381	-0.0659326	0.215154	0.0308957	0.0185068	-0.0366665	-0.00870132	0.110112	-0.00509091	0.0116134	-0.00254129	0.219073	0.12405	-0.0236187	0.122178	0	
0.103706	0.222168	0.0331806	0.225218	-0.0289311	-0.0585791	0.215154	0.018234	0.0185068	-0.055562	-0.0109642	0.127794	-0.0369402	0.0425915	-0.00254129	0.142948	0.127412	-0.0143074	0.132059	
0.123252	0.190773	0.0331806	0.209347	-0.0150353	-0.0399972	0.345407	0.018234	0.0185068	-0.0197057	-0.0156794	0.127794	-0.0501453	0.027915	-0.000797671	0.203233	0.127412	-0.0129564	0.132059	0.0696596	
0.139359	0.220129	0.0331806	0.190323	-0.0294095	-0.0578612	0.333695	0.018234	0.0361663	-0.0489899	0.000381375	0.0967163	-0.0246527	0.0166715	-0.000797671	0.126286	0.127412	-0.0104983	0.121204	
0.14146	0.219332	0.0310797	0.247569	0.0134692	-0.0394885	0.337419	0.018234	0.0247338	-0.0277871	-0.00408288	0.0967163	-0.0246527	0.0232566	-0.00265257	0.154524	0.127412	-0.0187763	0.10936	
0.192575	0.223392	0.0310797	0.247569	-0.0251103	-0.0446804	0.337419	0.018234	0.0329116	-0.0209939	-0.00275405	0.0967163	-0.0246527	0.00232988	0.00340281	0.201834	0.127412	0.00369157	0.0954962	-0.051278	0.105039	0	
0.147396	0.223392	0.0289743	0.223865	-0.0541724	-0.0568112	0.321675	0.018234	0.0428077	0.0202926	-0.00275405	0.0731113	-0.0182635	0.0112313	-0.00252144	0.201834	0.127412	-0.0126613	0.100855	0	0	
0.177654	0.189496	0.0289743	0.223865	-0.0541724	-0.0428863	0.414154	0.018234	0.0611838	0.029165	-0.00860819	0.110239	-0.0456432	0.00783191	-0.00252144	0.233547	0.127412	-0.00291927	0.100855	0	0	
0.177654	0.189496	0.0289743	0.239146	-0.0574062	-0.0428863	0.421985	0.018234	0.0330974	0.0495559	0.0433363	0.110239	-0.0611936	0.00379655	-0.00620503	0.297048	0.127475	-0.00291927	0.100855	
0.186195	0.240523	0.0176414	0.118277	-0.04123	-0.0428863	0.41723	0.0178521	0.0224775	-0.00991238	0.0126086	0.106386	-0.0777584	-0.00475783	-0.00505332	0.383347	0.127475	-0.00183101	0.152297	
0.153304	0.240523	0.0176414	0.11725	-0.0531068	-0.0580036	0.460482	0.0178521	0.0222099	-0.00991238	0.0281176	0.11356	-0.0560424	0.0128616	-0.00505332	0.361953	0.128271	-0.00439048	0.124138	-0.0178521	-0.0131367	0	
0.153304	0.223746	0.0176414	0.166015	-0.0508744	-0.0580036	0.582778	0.0178521	0.037314	-0.0347133	0.0252716	0.130881	-0.0525614	-0.0253898	-0.00505332	0.26425	0.128271	-0.00439048	0.151383	0.0121953	
0.175454	0.223746	0.0176414	0.136786	-0.052601	-0.0634398	0.525453	0.0178521	0.0422952	-0.0524066	0.022309	0.147394	-0.0388125	-0.017309	-0.00505332	0.229582	0.130733	-0.00219107	0.142794	
0.137977	0.224595	0.0191715	0.136786	-0.0559002	-0.05995	0.521819	0.0178521	0.0422952	-0.058176	-0.0130683	0.147394	-0.0528336	0.00838885	-0.00901282	0.194354	0.130733	0.14954	
0.133366	0.224595	0.0182362	0.136786	-0.0590014	-0.0550954	0.521819	0.0178521	0.0422952	-0.0576398	0.0173677	0.162969	-0.0650026	-0.0207686	-0.00425859	0.194354	0.130733	0.152355	
0.0962543	0.224595	0.0264076	0.147445	-0.0551189	-0.0559682	0.521819	0.0180785	0.0422952	-0.0618673	0.0173677	0.170181	-0.0678444	0.00890027	-0.00425859	0.147953	0.130733	0.181619	
0.100796	0.224595	0.0264076	0.147445	-0.0658792	-0.0458428	0.586378	0.0180785	0.0416082	-0.0632226	0.0727983	0.158545	-0.0697727	0.0362989	-0.0026567	0.157204	0.116274	0.181619	
0.143388	0.206957	0.0264076	0.147445	-0.037977	-0.0497855	0.566467	0.0180785	0.0133108	-0.0440838	0.0565999	0.165859	-0.0596038	-0.00190943	8.72821e-05	0.141191	0.124503	0.181619	0	0.0877375	
0.16939	0.206957	0.0264076	0.124777	-0.0421552	-0.0574367	0.551693	0.0197991	0.0133108	-0.0651676	0.0379938	0.165859	-0.066699	-0.0158087	-0.00428429	0.130477	0.117077	0.175922	0	0.174255	0	
0.16939	0.206957	0.0264076	0.195494	-0.0691545	-0.0583925	0.542415	0.0316316	0.0262719	-0.0614428	0.041596	0.18692	-0.0659792	-0.018001	-0.00428429	0.151714	0.117077	0.145562	0	
0.132259	0.206957	0.0264076	0.103723	-0.0778012	-0.0557591	0.542415	0.0152724	0.0454044	-0.0497321	0.0216606	0.239952	-0.0713761	-0.0173032	-0.00428429	0.242944	0.117077	0.117565	0	
0.13776	0.194959	0.0264076	0.144613	-0.0510764	-0.055448	0.542415	0.0152724	0.0399977	-0.0346649	-0.00712837	0.239952	-0.0700097	-0.021005	-0.00428429	0.20706	0.117077	0.136166	0	0.00294556	
0.132019	0.209218	0.0264076	0.144613	-0.0523104	-0.0545027	0.542415	0.0153174	0.0312506	-0.0591046	0.0359339	0.239952	-0.0732304	-0.00700475	-0.00428429	0.213867	0.117805	0.136166	
0.12599	0.210066	0.0185082	0.151179	-0.0192086	-0.0481353	0.542415	0.0153174	0.0247607	-0.0320101	0.0643469	0.239952	-0.0495519	-0.0127455	-0.00428429	0.175023	0.117805	0.17219	-0.0274254	
0.059889	0.209678	0.0181203	0.102986	-0.0192086	-0.0438676	0.520752	0.0243437	0.00594864	-0.0578425	0.0699147	0.229511	-0.0238684	-0.0243123	-0.00786645	0.171689	0.117417	0.171802	0.190853	
0.0626362	0.221921	0.0130197	0.116665	-0.0141079	-0.0583885	0.520752	0.0243437	0.031244	-0.0363071	0.0759567	0.215716	-0.0564369	-0.0165977	-0.00786645	0.151053	0.117417	0.171802	0.290001	-0.0336152	
0.0946315	0.21799	0.0130197	0.164657	-0.0292167	-0.0645913	0.520752	0.0243437	0.0143066	-0.0649419	0.113939	0.215716	-0.064159	-0.018145	-0.00497146	0.255082	0.117417	0.159572	0.218778	0.0388588	
0.10011	0.195767	0.00754151	0.161064	-0.0349269	-0.053703	0.485976	0.0243437	0.0143066	-0.0630526	0.154822	0.215716	-0.0697911	-0.0415805	-0.00870356	0.126782	0.117417	0.108095	0.159337	
0.142272	0.150251	0.00137925	0.196222	-0.0306317	-0.0590968	0.485976	0.011111	0.0143066	-0.0633362	0.18237	0.221542	-0.0546519	0.00556527	-0.00271176	0.161549	0.117417	0.0983708	0.298557	0.228502	0.0230138	
0.122219	0.150251	0.00137925	0.196566	-0.00649436	-0.0694929	0.485976	0.0162087	0.0314012	-0.0432979	0.162216	0.242768	-0.0271146	-0.0256058	-0.00271176	0.153154	0.131356	0.118	0.247256	0.240939	-0.0199342	
0.199721	0.150251	0.00742833	0.207663	-0.00339608	-0.0552739	0.485976	0.0155464	0.0314012	-0.0515714	0.161018	0.228775	-0.0271146	-0.0256058	0.0052614	0.178928	0.131356	0.121808	0.370808	0.301604	0.0757453	
0.166511	0.150251	0.00811334	0.208238	-0.0238496	-0.0585045	0.46746	0.0155464	0.0164623	-0.0455645	0.103734	0.240148	-0.0404993	-0.00704611	0.0051252	0.156139	0.131356	0.111197	0.33171	0.237666	
0.186507	0.195497	0.0090917	0.199074	-0.0571937	-0.0603298	0.468438	0.0154244	0.0401955	-0.0799157	0.0860976	0.232476	-0.0553356	-0.0163753	0.00414685	0.148335	0.131569	0.112175	0.23478	0.193399	-0.0311737	
0.156428	0.158415	0.0090917	0.208639	-0.043354	-0.0473764	0.511866	0.0154244	0.0401955	-0.0510393	0.127224	0.232476	-0.0461062	-0.00669907	0.0082068	0.136174	0.140661	0.0951415	0.307034	0.328597	0	
0.156428	0.175523	0.0090917	0.208639	-0.043354	-0.0523488	0.511866	0.0272243	0.0507852	-0.0529035	0.0490009	0.232476	-0.0176854	-0.0186131	0.0153159	0.074048	0.140661	0.0951415	0.307034	0.311488	0.0322333	
0.156428	0.194128	0.0090917	0.208639	0.0136368	-0.0479173	0.511866	0.0272243	0.0133301	-0.054678	0.0380318	0.244607	-0.0272857	-0.0288429	0.0153159	0.0481878	0.140661	0.127736	0.311384	0.292883	0	0	0.0296053	
0.177559	0.194128	0.0090917	0.239847	-0.0535579	-0.038722	0.511866	0.0272243	0.0239626	-0.0561987	0.0215393	0.244607	-0.000499412	-0.0189344	0.0153159	0.0814016	0.122689	0.127736	0.175	0.292883	
0.177559	0.190306	0.0090917	0.239847	-0.0180304	-0.0614268	0.506132	0.0178943	0.013434	-0.0609389	0.0215393	0.244607	0.0176138	-0.0189344	0.0153159	0.0909184	0.122689	0.127736	0.254997	0.296706	
0.177559	0.1897	0.00848625	0.146168	-0.0238499	-0.046368	0.556856	0.0172889	0.0515895	-0.0637879	0.0209339	0.230695	0.0126484	-0.0195399	0.0204917	0.096412	0.124341	0.106984	0.307172	0.287891	
0.177559	0.197488	0.00956169	0.21094	-0.0214503	-0.0359297	0.557931	0.0166181	0.0338175	-0.010485	0.00743567	0.231771	0.0108721	-0.0184644	0.0190943	0.0674965	0.125416	0.108059	0.22584	0.294189	
0.15315	0.201555	0.00710393	0.147487	-0.0573336	-0.0603785	0.535404	0.0206903	0.0164386	-0.0133123	0.00224153	0.231546	0.00846528	-0.0160378	0.0190943	0.0738529	0.124914	0.108059	0.211516	0.364245	
0.203504	0.216431	0.00710393	0.154912	-0.0459228	-0.0558238	0.531627	0.0206903	0.0164386	-0.00248817	0.0279286	0.231546	0.00846528	-0.0160378	0.0190943	0.113305	0.124914	0.136032	0.204692	0.30842	0	0.00932324	
0.163994	0.216431	0.00586395	0.209466	-0.0512271	-0.0470244	0.531627	0.0203271	0.0164386	-0.0438446	0.0279286	0.240281	-0.0216229	0.0119398	0.0190943	0.162862	0.118693	0.135424	0.209955	
0.194548	0.187738	0.00586395	0.132751	-0.0290036	-0.0352698	0.493555	0.0203271	0.0498968	-0.0438446	0.0345201	0.227767	-0.0253074	0.0119398	0.0190943	0.162862	0.118693	0.135424	0.21825	0.0496258	0.0135495	0	
0.186379	0.187738	0.00586395	0.201188	-0.0130163	-0.0438046	0.493764	0.0203271	0.0374377	-0.0231867	0.0345201	0.232544	-0.00346628	0.0119398	0.0190943	0.181321	0.121997	0.121326	0.144891	0.116408	-0.0405992	-0.0419895	
0.146373	0.187738	0.0163779	0.21798	-0.0239916	-0.0516484	0.548293	0.0217771	0.0374377	-0.0353136	0.00497351	0.267315	-0.0228071	0.0135927	0.0190943	0.146879	0.121997	0.169654	0.115608	0	
0.14597	0.206542	0.0167814	0.213915	-0.0189327	-0.0433421	0.548293	0.0217771	0.0374377	-0.017353	0.0129112	0.245811	-0.0201194	0.0172119	0.0190943	0.130793	0.12887	0.176552	0.185783	
0.148653	0.203498	0.0167814	0.311464	-0.0270466	-0.0575384	0.542713	0.0245792	0.0392918	-0.0017031	0.0165104	0.245811	-0.0126282	-0.00233973	0.0190943	0.196475	0.12887	0.145012	0.221879	0.052364	
0.148653	0.200209	0.0167814	0.311464	-0.0448883	-0.0535904	0.567082	0.0216811	0.0344771	-0.0482001	0.0104383	0.245811	-0.0397321	0.0154843	0.0157972	0.128134	0.12887	0.1231	0.257106	0	
0.115137	0.200209	0.0161393	0.306827	-0.0697556	-0.0436376	0.520645	0.0216811	0.0383276	-0.034497	0.0410881	0.245811	-0.0569271	0.0154843	0.00971482	0.150915	0.135169	0.1231	0.321471	
0.137316	0.255058	0.0174549	0.236997	-0.0587527	-0.0578348	0.52196	0.0340222	0.0406998	-0.0393362	0.0321604	0.244942	-0.0386519	0.00554234	0.00839926	0.14291	0.136484	0.124415	0.277454	0.00131556	0.00131556	
0.141337	0.255058	0.0134338	0.240293	-0.0302444	-0.0485238	0.52196	0.0340222	0.0189972	-0.000652551	0.00580447	0.244942	-0.0443014	0.00188132	0.00771688	0.225107	0.136484	0.135897	0.161476	
0.141337	0.240907	0.0128219	0.159689	-0.0440905	-0.0491357	0.521349	0.0267411	0.00967455	-0.0182428	0.0162249	0.267176	-0.0251364	0.00598565	0.0103207	0.184743	0.135872	0.135285	0.150544	
0.115601	0.253795	0.0128219	0.204398	-0.0371952	-0.0446053	0.570902	0.0267411	0.0197382	-0.0222334	-0.013665	0.263188	-0.0177281	0.0240932	0.0103207	0.201446	0.135872	0.12292	0.157095	
0.135876	0.253795	0.0128219	0.214289	-0.0702203	-0.0632835	0.570902	0.0267411	0.0276556	-0.0335627	-0.00807845	0.263188	-0.0432899	0.0240932	0.0103207	0.226587	0.130545	0.116969	0.236637	-0.0371397	-0.0204477	
0.151447	0.222602	0.0128219	0.177813	-0.044112	-0.0406821	0.570902	0.0267411	0.0276556	-0.0302778	-0.00807845	0.301649	-0.0211895	0.0240932	0.0154868	0.215329	0.130545	0.121579	0.143666	0.00610747	0.00667271	0	
0.127085	0.222602	0.00865247	0.177813	-0.0341577	-0.0513505	0.491841	0.0222359	0.0276556	-0.0600275	-0.0125423	0.286918	-0.0247724	0.0240932	0.0154868	0.215329	0.130545	0.123329	0.173736	-0.00188186	-0.0342553	
0.168338	0.248724	0.00865247	0.177813	-0.0247851	-0.0500097	0.55103	0.0182991	0.0276556	-0.0284564	0.0102361	0.286918	-0.00968904	0.0240932	0.0139845	0.215329	0.130545	0.113854	0.173736	-0.0879109	
0.116975	0.248724	0.00865247	0.221838	-0.0471646	-0.0599562	0.587743	0.0182991	0.0304582	-0.0143231	-0.0125843	0.286918	-0.0458484	0.0240932	0.0139845	0.273979	0.137704	0.130025	0.182494	
0.175506	0.248724	0.0143176	0.226981	-0.0408285	-0.0485541	0.559367	0.0182991	0.028507	-0.0123343	-0.00401253	0.232905	-0.0420962	-0.00155626	0.0139845	0.162223	0.139759	0.112803	0.141052	-0.00446882	
0.156996	0.215442	0.0143176	0.226981	-0.0169679	-0.0485541	0.480394	0.0182991	0.028507	0.00310216	0.0221754	0.232905	-0.056877	-0.00155626	0.0139845	0.186318	0.139759	0.101576	0.237075	0	0	0	
0.15701	0.239639	0.0143039	0.192389	-0.017141	-0.0597093	0.480394	0.0104298	0.0228815	0.00658903	-0.00166168	0.237641	-0.0429868	-0.000190102	0.0142979	0.163841	0.139065	0.101576	0.16171	0	0.0939457	0	
0.180099	0.231511	0.0143039	0.221273	-0.017141	-0.0579117	0.428815	0.0276462	0.0453026	-0.0194738	-0.00257953	0.240363	-0.0422702	-0.00897849	0.00761993	0.191747	0.139065	0.118553	0.205097	0	
0.14113	0.231511	0.0143039	0.231275	-0.0151462	-0.0594835	0.459431	0.0149685	0.0388702	0.0102313	-0.0181291	0.240363	-0.0501231	0.00181459	0.0157214	0.199238	0.139065	0.118553	0.183211	
0.14169	0.231511	0.0137439	0.234718	-0.0145862	-0.0664752	0.474051	0.0186582	0.0703675	0.032693	-0.016806	0.240363	-0.0557828	-0.0196795	0.017286	0.223768	0.139065	0.118553	0.169404	0	
0.174156	0.23776	0.0137439	0.220465	-0.0113488	-0.0515301	0.456966	0.0186582	0.0822887	0.0386494	0.00863306	0.248969	-0.00299738	-0.00625959	0.0138788	0.144263	0.139065	0.103794	0.222335	-0.00648336	-0.0350524	0	
0.144491	0.261643	0.0137439	0.220465	0.00426025	-0.0393614	0.456966	0.0186582	0.0590167	0.0633038	-0.0302912	0.248969	0.010623	-0.00868391	0.0197916	0.150943	0.139065	0.0856763	0.149436	-0.00465887	0	
0.165532	0.225655	0.0137439	0.227219	-0.017424	-0.0393614	0.456966	0.0186582	0.0590167	0.0633038	0.00339781	0.278521	0.00490995	-0.00868391	0.0197916	0.285755	0.139065	0.0856763	0.224082	
0.155128	0.23485	0.0137439	0.227219	0.00592405	-0.0570394	0.456966	0.0142174	0.0755292	0.0633038	0.0109827	0.278521	0.0442999	-0.00868391	0.0266329	0.131006	0.139065	0.0928033	0.187023	0.0204524	
0.148137	0.243061	0.00979274	0.232772	-0.0158872	-0.047603	0.37726	0.0142174	0.0563708	0.0747845	-0.00954293	0.278521	0.0319804	-0.0151244	0.0266329	0.131006	0.144358	0.0928033	0.190759	-0.0289814	0.00164354	0.0563771	0.0297632	
0.150528	0.23393	0.00740113	0.258639	-0.037137	-0.0481644	0.421873	0.0142174	0.0610316	0.0690168	0.00454188	0.278521	0.0319804	-0.0151244	0.0266329	0.106034	0.144358	0.0976727	0.159415	-0.0349918	0.00164354	0.0889743	0	
0.162576	0.23393	0.00740113	0.218275	-0.0425487	-0.0481644	0.438682	0.0257314	0.0760335	0.0855996	0.0343274	0.278521	0.0319804	-0.0151244	0.0295486	0.165479	0.144358	0.0793485	0.13942	0.0018445	-0.00746242	
0.167572	0.206212	0.0108049	0.286737	-0.0519441	-0.0455442	0.442086	0.0291352	0.071547	0.0890034	0.0377311	0.281925	0.0353841	-0.00544053	0.0261448	0.1604	0.147761	0.0806115	0.170253	0.00524823	
0.179655	0.206212	0.0112823	0.206357	-0.0533052	-0.0455442	0.421758	0.0301594	0.0727513	0.0890034	0.0982091	0.238022	0.0353841	-0.00486912	0.0179074	0.1604	0.147761	0.0806115	0.201872	0.00524823	
0.229177	0.252184	0.00630565	0.206357	-0.0416776	-0.0417137	0.465078	0.0301594	0.0727513	0.0652572	0.0694612	0.239883	0.0586044	-0.0266879	0.0179074	0.1053	0.142449	0.0806115	0.201872	0.0116463	0	0.000765286	0.0233801	0.0456388	
0.169942	0.23364	0.0049458	0.182408	-0.0221357	-0.0552238	0.382197	0.0275639	0.0727513	0.0411159	0.0633686	0.239883	0.0480569	-0.011494	0.0179074	0.0536301	0.142449	0.0891423	0.251196	-0.0105914	0.0363067	
0.202174	0.239071	0.00960937	0.225199	-0.0267993	-0.0434129	0.382197	0.0275639	0.0727513	0.0508046	0.0633686	0.239883	0.0480569	-0.031646	0.0177632	0.0536301	0.142449	0.0891423	0.219912	-0.00621194	0	-0.0332646	
0.106826	0.205862	0.0123625	0.203898	-0.0297652	-0.0368385	0.381984	0.0273511	0.0650787	0.0505918	0.0771201	0.207564	0.0478441	-0.0318588	0.0193799	0.0468668	0.142236	0.10757	0.197373	-0.00612669	
0.138713	0.293331	0.0123625	0.203898	-0.0288827	-0.0426422	0.419038	0.0187567	0.0600772	0.0505918	0.0632477	0.207564	-0.00308464	-0.0238121	0.0238553	0.0779023	0.142236	0.159863	0.197373	-0.0107987	0.0382158	0	
0.151287	0.246347	0.0123625	0.195481	-0.00188711	-0.0629373	0.419038	0.0187567	0.0386387	0.0630262	0.0721873	0.196	-0.000386067	-0.0238121	0.0195898	0.0971389	0.157014	0.213094	0.197373	-0.0168894	0.0185511	
0.175673	0.274032	0.0119223	0.184772	-0.00704238	-0.0354063	0.39555	0.0183165	0.0633921	0.0786732	0.0837631	0.19556	0.00454339	-0.0242523	0.0172912	0.0642505	0.156574	0.145873	0.230078	-0.00336532	-0.0438955	
0.215718	0.26272	0.0119223	0.25803	-0.0159018	-0.0535551	0.413081	0.0221271	0.0569956	0.097877	0.0837631	0.192539	-0.0114753	-0.0242523	0.0172912	0.0774067	0.136619	0.14664	0.232835	-0.0078097	0	0	
0.19882	0.26272	0.0119223	0.280101	-0.000454786	-0.0584707	0.357968	0.0221271	0.0682204	0.0966565	0.0837631	0.197961	-0.0114753	-0.00826589	0.0172912	0.160893	0.136619	0.10897	0.193548	-0.0045891	
0.146724	0.26272	0.0119223	0.288112	0.0108198	-0.0488628	0.357968	0.0217128	0.052006	0.0966565	0.0837631	0.20457	-0.0433399	-0.039965	0.0186711	0.176972	0.136619	0.116036	0.250383	0.0135869	0.0512696	
0.147992	0.26272	0.0106547	0.288112	-0.0200184	-0.0564912	0.33434	0.0217128	0.0533528	0.0693022	0.102789	0.146604	-0.0334976	-0.0362469	0.0186711	0.184583	0.143538	0.107643	0.248243	0.0135869	0.00149894	
0.0835838	0.263059	0.0109941	0.314248	0.00263326	-0.0491772	0.363739	0.0220522	0.0387811	0.0696416	0.118982	0.143672	-0.0237713	-0.0269307	0.0183318	0.152381	0.147604	0.111704	0.206417	0.0182659	
0.150359	0.263059	0.0109941	0.276467	0.00263326	-0.0514988	0.363739	0.0220522	0.0217256	0.090492	0.117088	0.143672	-0.0374256	-0.0269307	0.0146232	0.147269	0.141322	0.120594	0.308194	0.0182659	0	
0.150359	0.262481	0.010416	0.296772	0.000909323	-0.0576845	0.409672	0.0224703	0.0162488	0.103715	0.11651	0.153744	-0.0299093	-0.0275088	0.0152013	0.138022	0.140744	0.126619	0.238884	0.00623474	-0.000578093	
0.195844	0.279908	0.010416	0.258016	-0.01788	-0.0576845	0.454722	0.0275451	0.0178213	0.0722177	0.0962722	0.153744	-0.00463402	-0.0275088	0.0138618	0.137489	0.140744	0.145236	0.137408	-0.00204515	0	
0.169263	0.272942	0.00837051	0.258016	-0.00434031	-0.0530743	0.392247	0.0275451	0.0272418	0.039311	0.118022	0.153744	-0.030134	-0.0152792	0.0138618	0.199357	0.140744	0.145236	0.198802	-0.00158146	0.0692606	0	
0.202592	0.272942	-0.00553005	0.258016	-0.0181625	-0.0574391	0.458031	0.0242664	0.0272418	0.0253724	0.0694215	0.143481	-0.0270384	-0.0371716	0.0267458	0.261986	0.137158	0.139216	0.25496	0.0130626	0	
0.202592	0.263056	-0.00553005	0.291765	-0.0108189	-0.0543813	0.351221	0.0230296	0.0192602	0.0863334	0.0817191	0.138156	-0.0217789	-0.0241265	0.0325182	0.261986	0.141651	0.13235	0.210274	0.000421875	-0.0510213	0	
0.146335	0.263056	-0.00711078	0.291765	0.0140743	-0.0551671	0.351221	0.0230296	0.0192602	0.102629	0.0817191	0.154282	-0.0406842	-0.0241265	0.0325182	0.283417	0.141651	0.161578	0.210274	0.000421875	0.0431588	
0.119119	0.257027	-0.010479	0.291765	0.0174425	-0.0602296	0.50329	0.0230296	0.0209669	0.0978682	0.039721	0.154282	-0.0454787	-0.0212565	0.0325182	0.229039	0.141651	0.161578	0.23301	0.000421875	0.0584847	0	
0.134311	0.253269	-0.00408566	0.291765	-0.00574716	-0.0653988	0.433691	0.0230296	0.0209669	0.0978682	0.0476402	0.17436	-0.0147774	-0.0141878	0.0297875	0.162604	0.141651	0.161578	0.207047	-0.000991929	
0.14255	0.253269	-0.00408566	0.294764	-0.0171479	-0.0408503	0.433691	0.0230296	0.0209669	0.0726526	0.0231479	0.161787	0.00389105	-0.00482432	0.0297875	0.155938	0.140166	0.145568	0.207047	0.00283851	0.137124	-0.037968	0	
0.183244	0.20892	0.00318558	0.354224	0.0201943	-0.0486002	0.389898	0.0242626	0.0221999	0.123714	0.053092	0.137067	0.005124	-0.0176672	0.0246931	0.227309	0.141399	0.151088	0.277809	0.00407146	0.176993	0.0245478	
0.161114	0.209445	0.00371033	0.299325	0.0427565	-0.0564239	0.390422	0.0247873	0.0355973	0.111792	0.0788205	0.137592	0.00564875	-0.0236842	0.0241683	0.179004	0.141924	0.151612	0.240541	0.00247861	0.177517	
0.183345	0.202665	-0.000680045	0.310512	0.0464017	-0.0392498	0.349859	0.0247873	0.0255071	0.0578585	0.0658179	0.137592	0.0385731	-0.0236842	0.0241683	0.179004	0.141924	0.0996588	0.289605	0.00247861	0.0877022	-0.0135874	
0.181679	0.233135	0.000986775	0.240691	0.0237819	-0.0534063	0.342189	0.0247873	0.023586	0.0861547	0.0359246	0.108488	0.0562225	-0.0171733	0.0241683	0.151693	0.141924	0.0996588	0.174381	0.00525081	0.0968867	-0.126263	0	
0.183198	0.215109	0.000986775	0.240691	0.000677133	-0.0582031	0.294684	0.0247873	0.023586	0.06957	0.0359246	0.119473	0.0562225	0.00687439	-0.0119005	0.151693	0.140064	0.0996588	0.119204	0.00525081	0.101951	-0.00937313	0.000986775	0.0241683	
0.227968	0.229052	0.00329744	0.186338	0.0137598	-0.0492945	0.28838	0.033598	0.0218577	0.053779	0.0334569	0.115632	0.0783228	-0.0231012	0.0444961	0.154003	0.142374	0.11752	0.201939	0.0140286	0.112776	-0.0384478	0.0348187	0.0352609	0	
0.165813	0.217678	0.00329744	0.236605	0.0133032	-0.0448183	0.28838	0.033576	0.0248026	0.0865862	0.0194019	0.115632	0.0783228	-0.0189126	0.0361675	0.154003	0.142374	0.129603	0.212597	0.0140286	0.126245	
0.165813	0.22408	0.00329744	0.257241	-0.00845517	-0.053957	0.269566	0.033576	0.027395	0.0691149	0.0166344	0.14127	0.0786355	-0.0175331	0.0361675	0.154003	0.12362	0.129603	0.283533	-0.00678455	0.12262	
0.167092	0.22408	0.00201856	0.280895	-0.0265046	-0.0491497	0.270379	0.0282377	0.0269726	0.0592752	0.0524186	0.14127	0.0960784	-0.0126659	0.0361675	0.243266	0.136387	0.132453	0.422812	0.00930146	0.145738	0	
0.161167	0.226042	0.00201856	0.280895	-0.0112313	-0.0537792	0.270379	0.0282377	0.0320313	0.0910266	0.0484552	0.118957	0.00597251	-0.0156844	0.0189556	0.205179	0.136387	0.130609	0.35409	0.0119108	0.145738	0	0	0	
0.208595	0.226042	0.00201856	0.239632	-0.00762682	-0.0585141	0.270379	0.0220046	0.0331206	0.115774	0.00466507	0.125984	0.00176841	-0.00697253	0.0450631	0.263956	0.136387	0.117394	0.298447	0.0119108	0.187007	0.0578151	
0.218145	0.226042	-0.00753172	0.257087	0.0309978	-0.0381666	0.252104	0.0222564	0.0331206	0.0804302	0.00911717	0.125984	0.00176841	-0.014082	0.0297648	0.308316	0.136387	0.117758	0.260593	0.0149271	0.187007	0.046964	0.092018	0.0848014	0	
0.219302	0.274243	0.00376332	0.253956	0.0197028	-0.0463939	0.231405	0.0286231	0.0331206	0.0790843	-0.00765737	0.154079	0.00397086	-0.014082	0.0305247	0.27475	0.136387	0.128909	0.256004	0.0120808	0.21097	0.138221	
0.225802	0.274243	-0.00273671	0.253956	0.0376296	-0.0371183	0.230342	0.0350698	0.0498401	0.0793995	0.0102012	0.160327	0.00397086	-0.018471	0.0124442	0.299179	0.141512	0.117665	0.139084	0.0100923	0.150341	0.0973691	0.0624604	
0.226756	0.270972	-0.00273671	0.261256	0.0376296	-0.0476949	0.230342	0.0350698	0.0498401	0.0508037	0.0398939	0.156247	0.0183583	-0.0230601	0.0124442	0.29382	0.141512	0.117665	0.167458	0.0100923	0.146653	0.0943424	
0.161146	0.268916	-0.00251944	0.313499	0.0374123	-0.0485824	0.309435	0.0350698	0.0362053	0.065755	0.0021806	0.125486	0.0183583	-0.0156994	0.0285639	0.303402	0.141512	0.140421	0.227912	0.0100923	0.129772	0.12889	0	0.0307613	
0.213316	0.267853	-0.00251944	0.298165	0.0504562	-0.0467478	0.34029	0.0350698	0.0385011	0.0562177	-0.00374047	0.125486	0.00160434	-0.0174037	0.0285639	0.40346	0.141512	0.138163	0.227912	0.0100923	0.131395	0.113348	0.0307613	
0.218767	0.267853	-0.00251944	0.312974	0.0707918	-0.0467796	0.34029	0.0274972	0.0336822	0.104267	0.00332175	0.125486	0.00160434	-0.0181011	0.0285639	0.369537	0.141512	0.138163	0.227912	0.00471551	0.170298	0.0818888	0.0307613	
0.218767	0.244885	-0.00251944	0.321718	0.0622605	-0.0317458	0.375732	0.0225994	0.0336822	0.104267	0.0402034	0.134884	0.00160434	-0.0188462	0.0247048	0.369537	0.141512	0.138163	0.227912	-0.0100268	0.161964	0.0588545	0.0213634	0	-0.0360466	
0.218767	0.266483	-0.0038341	0.345113	0.0186907	-0.0240189	0.358171	0.0212847	0.0349969	0.102952	0.0441868	0.134884	0.0144494	0.00115522	0.0233901	0.321161	0.140197	0.13029	0.249897	-0.000936973	0.154693	0.123898	0.0200488	0.0851505	
0.230688	0.237514	-0.0038341	0.32642	-0.00893284	-0.0335425	0.388313	0.0212847	0.0349969	0.10578	0.0441868	0.148079	0.0211472	0.00115522	0.0346577	0.323318	0.140197	0.157555	0.241994	-0.00245102	0.154693	0.0342082	0.00685364	-0.0312492	
0.253969	0.237514	-0.0038341	0.32642	0.00388956	-0.0232736	0.388313	0.0228571	0.0349969	0.114052	0.0614219	0.16237	0.01335	-0.00329178	0.026815	0.289854	0.140197	0.181822	0.494808	-0.00245102	0.128339	0.0275707	0.00685364	0	0.0148242	
0.263897	0.231662	-0.0038341	0.327513	0.0151795	-0.0249031	0.383049	0.021811	0.0231801	0.0981399	0.0407127	0.131612	-0.010733	-0.00329178	0.0278018	0.365272	0.140197	0.114893	0.268023	0.00417132	0.0944627	-0.0120175	0.00685364	0.0102121	0	
0.288741	0.239705	-0.0038341	0.341337	0.0151795	-0.0246674	0.383049	0.023477	0.0364524	0.0981399	0.100362	0.131612	-0.00930839	0.0285193	0.0328633	0.365272	0.136581	0.110759	0.306067	-0.00103612	0.115191	0.00685364	0.179651	
0.282781	0.239705	0.00212564	0.273753	0.00921978	-0.0505469	0.408194	0.02257	0.0438508	0.0930958	0.138667	0.12272	-0.0265502	0.0133016	0.0591492	0.256038	0.136581	0.139671	0.306067	0.0133597	0.13944	0.0167374	0	
0.282781	0.239705	0.00212564	0.249071	0.0357284	-0.0545078	0.487461	0.02257	0.044237	0.104481	0.0734021	0.12272	-0.0203824	0.0133016	0.0457932	0.256038	0.134395	0.139671	0.233551	0.0133597	0.13944	0.0167374	0	0.00387723	
0.268474	0.239705	0.00354128	0.353388	0.0171675	-0.0430752	0.405297	0.020116	0.0445504	0.0207435	0.0898696	0.126831	-0.0420291	0.0133016	0.0457932	0.213428	0.134395	0.139671	0.253045	0.00678275	0.0898469	0.00576949	
0.232681	0.239705	0.0118333	0.353388	0.0136814	-0.0430752	0.37371	0.020116	0.0445504	0.0207435	0.0898696	0.115942	-0.033682	-0.00248513	0.0457932	0.228262	0.127185	0.125471	0.223272	0.00678275	0.0898469	0.00576949	
0.232681	0.239705	0.0118333	0.353388	0.0127238	-0.0469391	0.340198	0.0311286	0.0408433	0.0243233	0.103813	0.116473	-0.03325	0.0108871	0.0457932	0.228262	0.123667	0.125471	0.25258	0.00842247	0.121996	0.00576949	0.0510495	
0.238321	0.239705	0.00619382	0.347506	0.013469	-0.0469391	0.324908	0.0264518	0.0407898	-0.00655924	0.0579566	0.127177	-0.0522288	0.0108871	0.0515184	0.282874	0.123667	0.134505	0.369965	0.00842247	0.121996	0.0056715	
0.273643	0.23623	0.00619382	0.348851	0.0286695	-0.03139	0.274093	0.0264518	0.0407898	-0.0123738	0.0522201	0.127177	-0.0426661	0.00737488	0.0297881	0.264842	0.123667	0.115206	0.182861	0.00391808	0.138823	0.0056715	-0.0376212	
0.286546	0.23623	0.00619382	0.348851	0.0168024	-0.0462193	0.280644	0.0270851	0.039292	-0.0180367	0.0235012	0.157967	-0.0584539	0.0241506	0.0297881	0.316127	0.123667	0.106827	0.302187	0.00391808	0.134809	0.0056715	-0.0583903	
0.175649	0.23623	0.0125183	0.348851	-0.0149585	-0.0471302	0.280644	0.0311211	0.0509314	0.00081768	0.0235012	0.157967	-0.0614724	0.0394024	0.034639	0.316127	0.123667	0.106827	0.372908	0.00391808	0.134809	0.0056715	0.0729869	-0.0056715	
0.207084	0.221672	0.0137799	0.413982	-0.00818465	-0.0467125	0.24195	0.0225761	0.0404624	-0.0317563	0.0528155	0.156328	-0.0629684	0.0266008	0.0339356	0.317388	0.124929	0.108089	0.346753	-0.00571259	0.111256	0.00693315	0.166119	
0.19448	0.234314	0.0137799	0.413982	0.000208449	-0.0467125	0.24195	0.0262936	0.0416492	-0.0264445	0.0234106	0.153855	-0.0665083	0.0316908	0.0238179	0.395539	0.124929	0.108089	0.369211	-0.00571259	0.111256	0.00940579	0.0976362	
0.180012	0.234314	0.0113969	0.413982	0.00566123	-0.0362172	0.307217	0.0262936	0.0358667	-0.0387554	0.00262789	0.160773	-0.0608379	0.05567	0.0437327	0.366388	0.124929	0.108089	0.294229	-0.0125236	0.0983033	0.00248841	0.0728606	
0.180012	0.187573	0.0113969	0.413982	-0.00612455	-0.045878	0.291139	0.0234145	0.0358667	-0.020837	0.0256785	0.134237	-0.0535774	0.0338246	0.0437327	0.349766	0.127718	0.088773	0.353995	0.0159782	0.126425	0.00248841	0.0762042	0	
0.181327	0.203402	0.0100812	0.413982	0.0132632	-0.041769	0.247537	0.0261593	0.0388146	0.00109949	0.0262272	0.121548	-0.0767725	0.0132474	0.0433257	0.324981	0.127718	0.0805803	0.400225	-0.0106847	0.114193	0.015177	0.041119	0	
0.201443	0.203402	0.0100812	0.355137	0.0132632	-0.0158434	0.197445	0.0261593	0.0413493	-0.0537253	0.0361331	0.183887	-0.0625163	0.00767775	0.0433257	0.324981	0.127718	0.0904769	0.392157	-0.00818255	0.106749	0.0078919	0.0536242	0	0	
0.138116	0.233656	0.0164182	0.373654	-0.0115101	-0.0170922	0.197445	0.0261593	0.0361848	-0.0525846	0.0651386	0.19914	-0.0708505	-0.013714	0.0342577	0.305779	0.123888	0.0458146	0.445335	0.00137644	0.156454	0.0078919	0.0590182	-0.0178794	
0.064339	0.211788	0.0164182	0.311051	-0.0221768	-0.0170922	0.190201	0.0261593	0.0361848	-0.0238943	0.0193883	0.165484	-0.0601179	-0.00897377	0.0325195	0.338837	0.123888	0.0888978	0.37092	0.00137644	0.189555	0.0078919	0.0595699	
0.183799	0.212601	0.017232	0.311865	-0.0218044	-0.0141412	0.151917	0.0342958	0.035371	-0.0253167	0.0200978	0.161291	-0.0389491	-0.0192336	0.0475202	0.378009	0.124701	0.0482336	0.340075	0.00219028	0.210352	0.00870574	0.0858666	
0.138666	0.212601	0.017232	0.311865	-0.029662	-0.0131555	0.189729	0.0261195	0.043732	-0.0244573	-0.00180824	0.168708	-0.0325148	-0.0113594	0.0402857	0.378009	0.124701	0.087347	0.33832	0.000522512	0.174743	0.00128919	0.0863814	0.017232	
0.133824	0.195149	0.0220733	0.311865	-0.00777693	-0.0131555	0.191122	0.0261195	0.043732	-0.0183402	0.037989	0.164169	-0.0355204	-4.04971e-05	0.0402857	0.378009	0.124701	0.0781553	0.231252	0.0101051	0.165546	0.00985123	0.109259	
0.0712762	0.211161	0.0220733	0.311865	-0.00604697	-0.0131555	0.191122	0.0211844	0.043732	-0.0170322	0.0126953	0.139841	-0.05439	-4.04971e-05	0.0402857	0.378009	0.0886628	0.0992629	0.313321	0.0101051	0.113542	0.00985123	0.121936	-0.00599708	0.00928	
0.196083	0.223222	0.0220733	0.291279	-0.00543293	-0.0249042	0.217669	0.035656	0.0423221	-0.0222657	-0.00831437	0.141294	-0.0444384	-0.0204034	0.025813	0.305339	0.0886628	0.101922	0.228262	0.0101051	0.150217	0.00985123	0.101798	0.0495442	
0.128434	0.203811	0.0220733	0.281135	-0.0335406	-0.0412085	0.217669	0.035656	0.0407678	-0.0472826	-0.000245564	0.137141	-0.0497291	-0.019209	0.0343583	0.309055	0.0886628	0.101922	0.168027	0.0101051	0.155717	0.0140036	0.0666549	0	
0.182217	0.215944	0.0218618	0.280924	-0.0284379	-0.0414199	0.271813	0.0315045	0.0364665	-0.0464106	-0.0103406	0.136709	-0.0300257	-0.00224314	0.031184	0.308844	0.099325	0.0904053	0.163564	0.0226421	0.18389	0.0142241	0.0924852	
0.174251	0.208832	0.0223629	0.287246	-0.00147738	-0.0379327	0.271813	0.0315045	0.0364665	-0.0328032	0.00832148	0.148663	-0.0358678	-0.0206452	0.0432427	0.361039	0.099325	0.0904053	0.169121	0.0226421	0.128842	-0.00669905	0.0840093	0	0	
0.13385	0.252752	0.0223629	0.287246	-0.00147738	-0.0379327	0.271813	0.0315045	0.0356334	-0.0373291	0.0216014	0.15338	-0.0261678	-0.0206452	0.0432427	0.517449	0.099325	0.0855355	0.208397	0.0226421	0.130248	-0.0010119	0.07613	-0.0589304	
0.181848	0.210898	0.0223629	0.296347	-0.00614168	-0.0415467	0.250765	0.0315045	0.0311758	-0.0375119	0.0256012	0.175864	-0.0245863	-0.0227765	0.0438537	0.353981	0.103683	0.0855355	0.245375	0.0226421	0.130248	0.00359446	0.12134	
0.181848	0.20528	0.0223629	0.296347	0.00468925	-0.0413189	0.250765	0.0315045	0.0347266	-0.00322366	0.0192782	0.209841	0.000505557	-0.0227765	0.0348476	0.32556	0.103683	0.0855355	0.203294	0.0226421	0.200437	-0.000267279	0.0635707	
0.171226	0.223221	0.0223629	0.296347	0.0681252	-0.0416317	0.229767	0.0315045	0.0290249	-0.00918928	-0.00446582	0.225509	-0.0147429	-0.0187119	0.0667029	0.198282	0.103683	0.0887522	0.198608	0.0262533	0.223927	0.0043017	0.0632202	
0.171226	0.260759	0.0223629	0.296347	0.0366587	-0.0389816	0.283094	0.0315045	0.0335547	-0.0133003	-0.00446582	0.217868	0.00212882	-0.0165342	0.0580328	0.200907	0.103683	0.124517	0.235654	0.00515552	0.223927	0.0119422	0.0438355	
0.165697	0.260759	0.0223629	0.222471	0.000404527	-0.0389533	0.207689	0.0315045	0.0345503	-0.0284445	-0.000802984	0.217868	0.00620853	-0.00857176	0.0580328	0.250689	0.103683	0.122013	0.127523	0.0173699	0.139508	0.0119422	0.0667984	
0.108298	0.260759	0.0238694	0.290602	-0.00110201	-0.0153657	0.199402	0.0315045	0.0345503	-0.0224515	0.0254916	0.225262	0.0280751	-0.0110061	0.0580328	0.187426	0.103683	0.132434	0.177067	0.0110602	0.109951	-0.000884306	0.08673	-0.0379157	
0.108726	0.260759	0.026822	0.290602	0.0120375	-0.0263015	0.236093	0.0315045	0.0345503	-0.0286007	0.0254916	0.235739	0.0287825	-0.0110061	0.0580328	0.204866	0.103683	0.146267	0.177067	0.0110602	0.146744	-0.000884306	0.0949634	0.00744648	
0.156111	0.260759	0.026822	0.291429	0.0120375	-0.0263015	0.211086	0.0315045	0.029387	-0.0340489	0.0730919	0.217196	0.0280542	-0.0127595	0.0580328	0.226495	0.103683	0.126831	0.169189	0.00443789	0.0952738	0.000778369	0.085451	
0.156111	0.263493	0.026822	0.291429	0.0216381	-0.0239813	0.17983	0.0315045	0.0362161	-0.0118879	0.0170986	0.225863	0.0280542	-0.0224328	0.0580328	0.216737	0.103683	0.126831	0.234024	0.00762393	0.0955613	0.000778369	0.160974	
0.0762164	0.337172	0.026822	0.275638	-0.000817016	-0.0170554	0.252325	0.0326212	0.0362161	-0.030715	0.0334087	0.225863	0.0212405	-0.0289873	0.0580328	0.292854	0.103683	0.122667	0.296382	0.00762393	0.104005	0.000778369	0.232838	
0.104015	0.337172	0.0271076	0.275638	-0.012666	-0.0170554	0.252325	0.0326212	0.0362161	-0.0198278	0.0334087	0.225863	0.011048	-0.0141652	0.0503003	0.235157	0.103683	0.134489	0.333484	-0.00288029	0.0579246	0.000778369	0.162784	0.0385147	-0.00340303	
0.082725	0.337172	0.0271076	0.275638	0.000514974	-0.0382827	0.260465	0.0326212	0.0492166	-0.0225068	0.030324	0.221979	-0.00458194	-0.0141652	0.0339792	0.181882	0.100379	0.16015	0.248872	-0.00288029	0.102756	-0.00590339	0.262087	0	
0.12283	0.308896	0.0271076	0.269218	0.000514974	-0.0284248	0.276641	0.0326212	0.0424288	-0.0552927	0.0336996	0.227287	-0.00458194	-0.0157637	0.0339792	0.243158	0.100379	0.16015	0.171601	-0.00278874	0.0881158	-0.011211	0.13548	0	0	
0.143537	0.308896	0.0271076	0.240442	-0.00430261	-0.0508137	0.275325	0.0411719	0.050623	-0.0496061	0.0636273	0.22602	-0.0157071	-0.00848534	0.0351483	0.243158	0.100379	0.198131	0.169583	-0.00278874	0.0825119	-0.011211	0.181543	-0.0106772	0.0412279	
0.112694	0.308896	0.0251327	0.233036	-0.0133369	-0.0508137	0.296194	0.0411719	0.0642484	-0.0496061	0.0636273	0.22602	-0.0164054	-0.0106336	0.0351483	0.184688	0.100379	0.198131	0.151583	-0.00278874	0.131051	-0.011211	0.143089	-0.0144946	
0.0874731	0.309251	0.0254881	0.281698	-0.0464343	-0.0364834	0.334615	0.0415272	0.063238	-0.0462808	0.0533369	0.219075	-0.0476574	-0.0187859	0.0355036	0.185043	0.0913031	0.176742	0.239693	-0.0102079	0.149142	-0.00391067	0.118568	
0.156143	0.309251	0.0254881	0.299998	-0.0289568	-0.0441737	0.402111	0.0183363	0.0674053	-0.0418553	0.0429847	0.208234	-0.0174278	-0.00582768	0.0355036	0.212753	0.0913031	0.176742	0.227686	-0.0102079	0.149142	0.00700372	0.162544	0.0446647	0	
