-0.0569875	-0.0425986	0.042169	0.0912564	0.128076	0.388737	-0.0226216	0.131652	0.0767633	0.349209	0.0279646	0	0.056015	0	0	0	0	0	0	0	0	0	0	0	0	0	0	0	0	0	0	0	0	0	0	0	0	0	0	0	0	0	0	0	0	0	0	0	0	0	0	0	0	0	0	0	0	0	0	0	0	0	0	0	0	0	0	0	0	0	0	0	0	0	0	0	0	0	0	0	0	0	
-0.0558929	-0.0578964	0.131652	0.0794258	0.128076	0.388737	-0.0229245	0	0.0767633	0.0702199	0.0242738	0.0633182	-0.055706	-0.00279625	0.11667	0.0211946	-0.00762921	0.349209	-0.00137098	0.0345426	-0.00136276	-0.0227119	0.0546673	0.0161302	0.212292	0.0793757	0.0507971	-0.0144887	0	0	-0.0180661	-0.00618676	-0.00200685	-0.0207724	0.061791	-0.00183787	0	0.0440311	0	0.100198	0.0879053	0.0590311	-0.0454506	-0.0150447	0	-0.0398179	
-0.00139235	-0.0552138	0.131652	-0.0558929	0.0254701	0.388737	0.0423826	0.0767633	0.107506	0.0307781	0.0695375	-0.00682151	0.0296192	0.189307	0.0861303	-0.0293558	0.0211946	0.0296511	-0.0144887	0.116096	-0.0236735	0.0861303	0.444892	0.0852787	0	0.00501535	0.18314	-0.048109	-0.00711991	
0.00633938	-0.0552138	0.131652	-0.0622216	0.0225056	0.388737	-0.0251732	0.0437757	0.0767633	0.0758614	0.0219559	0.110517	-0.0500784	0.206591	0.0212743	-0.0612935	-0.0293558	0.0351397	0.00213944	0.16298	0	0.0497226	0.154427	-0.0138113	0.180728	0.286012	0.131276	-0.0410224	
-0.0538383	0.131652	-0.0622216	0.0591141	0.388737	-0.0445888	0.0437757	0.0777206	0.0605339	0.197927	0.1132	-0.0510357	0.105954	-0.0612935	-0.0277395	-0.00182724	-0.011	0.103158	0	0.27873	-0.0196915	0.0517243	0.110729	0.352245	-0.0416426	0.131276	0	
0.0517243	-0.0538383	0.131652	-0.0527149	0.0457336	0.388737	-0.0298722	0.0437757	0.0773375	0.047674	0.347995	0.0913705	-0.0999327	0.126286	-0.023652	-0.0409367	0.0545596	-0.011	0.185393	0	0.0632684	0.332243	-0.0134492	0.103158	-0.00259966	0.352245	-0.0211114	
0.031712	-0.0557083	0.106892	-0.0605001	0.0574288	0.388737	-0.0535831	0.00647009	0.0700511	0.0628763	0.24096	0.186907	-0.0926463	0.118366	-0.0124884	-0.0262596	-0.058138	0.0589181	-0.0251802	0.174805	0.0832602	0.0764634	0.254176	0.417732	0	0.103158	-0.0140307	-0.00722424	
0.0413361	-0.0557083	0.0707492	-0.0573751	0.0141432	0.43337	-0.0397222	-0.00299986	0.0863227	0.0466943	0.24096	0.0708191	-0.139882	0.118366	0.00571248	-0.0456242	-0.0406027	0.0215197	-0.0239716	-0.0167193	0.111487	0.0839585	0.109175	0.254176	0.430434	0.0793037	0	
0.0273198	-0.0590066	0.0707492	-0.0538042	0.0428551	0.43337	-0.0470364	-0.00299986	0.0863227	0.0634761	0.252398	0.136449	-0.107034	0.122739	-0.00160172	-0.0346817	-0.0448577	0.0280578	-0.0163593	-0.0167193	0.111487	0.0931524	0.0982324	0.287548	0.430434	0.0940492	0.0863227	
0.0273198	-0.0590066	0.126834	-0.0457438	-0.00238294	0.43337	-0.0231226	-0.00403685	0.0863227	0.0891108	0.376077	0.136449	-0.0501074	0.0416069	0.0103573	-0.0343798	-0.0464747	0.0412222	-0.0177549	-0.0145721	0.209661	0.0720039	0.0979305	0.322224	0.437476	0.118963	0.124108	-0.0381656	-0.0429035	
0.0273198	-0.0590066	0.0801618	-0.0457438	-0.00238294	0.43337	-0.0310037	-0.000215922	0.0856338	0.0259413	0.256358	0.0854419	-0.00217344	0.0803409	0.00379388	-0.0387023	-0.0559527	0.0160909	-0.0177549	-0.0086601	0.306129	0.120325	0.084782	0.226113	0.39937	0.150454	0.122909	
0.0273198	-0.0598623	0.096136	-0.0568617	-0.00238294	0.423731	-0.0526994	-0.00275051	0.0981181	0.0292253	0.210351	0.137382	0.0735916	0.0922039	0.00379388	-0.0387023	-0.0519645	0.0375068	-0.0344053	-0.00670149	0.415995	0.122859	0.084782	0.226113	0.39937	0.193226	
0.0302775	-0.0598623	0.096136	-0.0524228	-0.00473186	0.433533	-0.0456614	0.00336506	0.0981181	0.0292253	0.240816	0.107593	-0.0271929	0.0718854	0.00379388	-0.0228852	-0.0703477	0.0574068	-0.0344053	-0.0096089	0.452587	0.0650332	0.0689649	0.226113	0.455793	0.128955	-0.0196864	
0.0347308	-0.0598623	0.0829417	-0.0710452	-0.00473186	0.405984	-0.0446314	-0.00959998	0.0981181	0.0292253	0.257047	0.106063	-0.0711974	0.0719762	0.00357216	0.0308905	-0.0710661	0.0265675	-0.0344053	-0.0096089	0.317815	0.0779983	0.00795655	0.261214	0.455793	0.128955	
0.0235385	-0.056211	0.130564	-0.067014	-0.0161314	0.406213	0.0983466	0.0213302	0.194602	0.114213	-0.0801611	0.0291585	0.00455548	0.031119	-0.0767779	0.0525723	-0.0341768	-0.0155236	0.283164	0.064888	0.0352254	0.202796	0.408828	0.0999729	0.00373877	
0.0201612	-0.0692991	0.130564	-0.0723248	-0.0767779	0.406213	0.0983466	-0.0149861	-0.00257363	0.158397	-0.135867	0.0924465	-0.00304385	0.0218511	0.194602	0.0413235	-0.0355177	-0.0320444	0.27649	0.080415	0.0444932	0.202796	0.408828	0.0999729	
0.0201612	-0.0658491	0.130564	0.0926731	-0.062665	-0.0767779	0.417201	0.112713	0.215828	-0.00766504	0.138402	0.0290773	0.00211475	0.0218511	0.0587381	0.0413235	-0.0355177	-0.0298769	0.262245	-0.0650128	0	0.17279	0.426269	
0.0201612	-0.0671485	0.1363	0.108261	-0.0159844	-0.0553845	0.394822	0.111156	0.208088	0.037827	-0.0676375	0	-0.00183638	0.0081599	0.0338126	-0.0446295	-0.0224506	0.138402	0.282639	-0.0634561	-0.0151864	0.189393	0.38284	
0.0229452	-0.0761431	0.169572	0.0876818	0.00366457	-0.0674095	0.415229	0.111156	0.196709	0.0235686	-0.0691237	-0.0215903	0.000696985	-0.023011	0.0649835	-0.0446295	-0.0224506	0.106936	0.2281	-0.118324	-0.0098037	0.252646	0.409265	
0.0317892	-0.0760467	0.201917	0.0875487	0.058385	0.393449	0.415229	0.111156	0.196709	0.013733	-0.0691237	-0.0855219	0.000696985	0.00989498	0.0546444	-0.0532091	-0.0231536	0.149199	0.129733	-0.145943	-0.00967061	0.240534	
0.0317892	-0.0581104	0.169151	0.0859071	0.063763	0.403306	0.415229	0.111156	0.202577	-0.0319591	0	0.0219534	-0.0667061	-0.0708238	0.003154	-0.0134914	0.0711816	-0.0566649	-0.0231536	0.149199	0.241468	-0.0836452	-0.00802899	0.206233	0	
0.0318776	-0.0656948	0.169239	0.109014	0.0334903	0.403394	0.415317	0.111245	0.183033	-0.0409028	0.00900812	-0.0534341	-0.0815787	0.00306565	0.00638623	0.0748245	-0.0565765	-0.0300475	0.130836	0.145529	0.0647872	-0.00511123	0.268945	
0.0319346	-0.0656948	0.211411	0.104149	0.0680281	0.46801	-0.0533762	0.111245	0.170322	0.415317	0.0344043	-0.0613889	-0.0740366	0.00306565	-0.0320323	0.0746359	-0.0305705	0	0.147267	0.198834	-0.0169293	-0.00511123	0.198191	
0.0319346	-0.0656948	0.204186	0.0969562	0.0346942	0.359096	-0.0498215	0.14954	0.0811448	0.363732	-0.0633791	-0.0754382	-0.000884125	-0.0438115	0.101781	-0.0125533	0	0.147267	0.183469	-0.0542779	-0.00511123	0.136987	
0.0310377	-0.0505099	0.158964	0.116032	0.0282733	0.359096	-0.0465952	-0.0704824	0.151494	0.0811448	0.363732	-0.0200728	-0.0736145	-0.00383182	-0.0526713	0.120965	-0.0169787	-0.0470815	0.158894	0.173144	-0.0323504	-0.00263163	0.273543	-0.0123303	
0.0297214	-0.0486855	0.133818	0.127654	0.0459026	0.359096	-0.0440895	-0.0726851	0.151494	0.0836221	0.363732	0.0350682	-0.0797974	-0.00383182	-0.0353177	0.103612	-0.0158182	-0.0601938	0.148405	0.129639	-0.119666	-0.0157829	0.155786	
0.0265506	-0.0456276	0.133818	0.108192	0.0596172	0.408451	-0.0439874	-0.0712015	0.111142	0.345492	-0.0832718	0.0836221	-0.00383182	-0.0370942	0.104349	-0.0357918	0.133735	0.134212	-0.126364	-0.0164034	0.114725	
0.0313798	-0.0456276	0.135899	0.130209	0.0596172	0.453488	-0.0433251	-0.0642935	0.163936	0.358229	-0.0801103	0.0881112	0.000909224	-0.0394539	0.106708	-0.0357918	0.112581	0.107461	-0.136456	-0.0164034	0.106094	0.00664888	
0.0286763	-0.0450503	0.135899	0.123283	0.0596172	0.42945	-0.0404618	-0.0684614	0.154368	0.361334	-0.0602959	0.0924572	0.000909224	-0.029246	0.0965004	-0.0484517	0.0903747	0.194232	-0.0913285	-0.00947752	0.200209	-0.0506306	
0.0286763	-0.0409075	0.114976	0.122163	0.0596172	0.475915	-0.0450315	-0.0675776	0.157475	0.361334	-0.106613	-0.0570027	0.0728576	0.00340955	-0.00942747	0.0766818	-0.0484517	0.0903747	0.149618	-0.00835733	0.18183	
0.0319852	-0.0385636	0.114976	0.101249	0.0596172	0.522908	-0.0499187	-0.0675776	0.169069	0.242441	0.000641594	0.384061	-0.0595781	-0.0570027	0.0728576	0.00596879	-0.00868684	0.0556512	-0.0305915	0.0903747	0.147223	0	
0.0319852	-0.0330058	0.114976	0.151147	0.0478144	0.330497	-0.0499187	-0.0675776	0.169069	0.240176	0.000641594	0.384061	-0.139284	-0.0506908	0.0728576	0.0104258	-0.0107099	0.0576742	-0.0305915	0.110841	0.0866439	0	0	
0.0355429	-0.0357943	0.104442	0.151147	0.0342185	0.30684	-0.0491634	-0.0702533	0.169069	0.179424	0.000641594	0.384061	-0.1429	-0.0609816	0.0728576	0.0256232	-0.0527192	0.107719	-0.0305915	0.117438	-0.0104376	0	-0.0380481	
0.0447182	-0.0488849	0.117313	0.183021	0.0342185	0.31559	-0.0526019	-0.0751792	0.15937	0.24607	-0.0125849	0.384061	-0.00442508	-0.069526	0.0635078	0.0232826	-0.0563052	0.111305	-0.0399772	0.11247	0.0635338	-0.0423104	
0.0469193	-0.0466838	0.119514	0.221418	0.0611276	0.317791	-0.0534486	-0.0755731	0.161571	0.132685	-0.0122324	0.386262	0.0206938	-0.0599397	0.0578896	0.0195511	-0.0466228	0.114126	-0.0279462	0.119478	0.0532315	-0.0472032	
0.0421712	-0.0466838	0.121	0.190206	0.0455625	0.285067	-0.0435891	-0.0755731	0.194028	0.14448	-0.0122324	0.386262	-0.0122154	-0.0727782	0.0625871	0.0195511	-0.0614678	0.141808	-0.0279462	0.0825877	0.0403951	-0.0390891	-0.0474915	
0.0262236	-0.055224	0.0999474	0.207084	0.0249228	0.28197	-0.0473154	-0.0822625	0.190931	0.194576	-0.0153296	0.394338	-0.0700123	-0.0670464	0.0611432	0.0226484	-0.078195	0.157451	-0.035502	0.139064	0.020179	
0.0304028	-0.0608135	0.106607	0.215484	0.0224336	0.282599	-0.0466857	-0.0856813	0.191561	0.126347	-0.0147951	0.394968	-0.0227361	-0.0681244	0.042399	0.0220186	-0.0583852	0.138271	-0.0280501	0.133534	0.0573223	
0.0304028	-0.0599676	0.119939	0.217403	0.0647624	0.288185	-0.0513047	-0.0744704	0.153562	0.18413	-0.0167141	0.394968	-0.131986	-0.0833498	0.0460899	0.0220186	-0.0654193	0.168895	-0.0280408	0.171362	-0.0290438	0	
0.0354298	-0.0599676	0.119939	0.21638	0.0454182	0.282004	-0.0513047	-0.0851067	0.179356	0.209301	-0.015691	0.351521	-0.0932575	-0.0800968	0.0447283	0.0220186	-0.0437822	0.17039	-0.0388213	0.176393	0.0208219	-0.00860056	0.0359328	
0.0354298	-0.0550197	0.119939	0.21011	0.0174854	0.357063	-0.0646463	-0.0784041	0.149663	0.169846	-0.015691	0.362396	-0.121718	-0.0777048	0.0376667	0.0220186	-0.055944	0.182552	-0.0278063	0.176393	0.0545942	
0.0354298	-0.0550197	0.125597	0.209989	0.0588609	0.357063	-0.0576723	-0.0754196	0.101325	0.24878	-0.0155707	0.362396	-0.119329	-0.0870518	0.0442757	0.0315708	-0.0633012	0.189909	-0.0278063	0.153163	-0.00711441	0	
0.0354298	-0.0558892	0.125597	0.212134	0.0353611	0.381975	-0.05047	-0.0797515	0.125781	0.269947	-0.00849656	0.362396	-0.116014	-0.0847841	0.0442757	0.0298343	-0.0530982	0.179706	-0.0278063	0.175105	0.0106989	0	-0.0354298	
0.033716	-0.0621357	0.149313	0.199507	0.0353611	0.338175	-0.055439	-0.0797515	0.165004	0.181104	-0.00849656	0.362396	-0.0697163	-0.0753825	0.0442757	0.0457008	-0.0435782	0.144258	-0.0337369	0.137045	0.0366276	-0.0346713	
0.0325359	-0.0621357	0.118642	0.227431	0.0495943	0.338175	-0.0586754	-0.0793994	0.180697	0.196098	-0.00388281	0.362396	-0.0860665	-0.0644122	0.0442757	0.0457008	-0.0403357	0.139003	-0.0183106	0.119097	0.0542538	
0.0342385	-0.0580177	0.105774	0.216641	0.0539235	0.283919	-0.0465425	-0.0768269	0.183129	0.176225	-0.00744376	0.359269	-0.0763228	-0.0595383	0.0442757	0.0457008	-0.00546221	0.0801773	-0.0372981	0.0891907	0.0782061	0	0	0.0255808	
0.0342385	-0.0652431	0.117174	0.212833	0.0638996	0.361402	-0.0444244	-0.0734358	0.187094	0.208805	-0.00363561	0.293179	-0.0892106	-0.0833311	0.0442757	0.0547236	-0.0211299	0.0958451	-0.0281411	0.0969909	0.0141381	0	
0.0342385	-0.0473674	0.10179	0.214698	0.0638996	0.361402	-0.0444244	-0.0639635	0.187094	0.266572	-0.0135254	0.317165	-0.0678454	-0.0814365	0.048374	0.0547236	-0.0422167	0.116932	-0.0281411	0.123085	0.0303715	
0.0342385	-0.0655812	0.133719	0.214698	0.02588	0.333729	-0.0444244	-0.0639635	0.187094	0.285766	-0.0135254	0.317165	0.0604259	-0.0901543	0.0341732	0.05652	-0.0652077	0.138423	-0.0298492	0.123085	0.0318711	-0.0482109	-0.0716218	
0.0342385	-0.0608094	0.11902	0.214698	0.0671406	0.39737	-0.0513199	-0.0639635	0.187094	0.285766	-0.0135254	0.317165	0.00250403	-0.0901543	0.0492089	0.05652	-0.0761912	0.149407	-0.0386082	0.136765	0.0538539	-0.0636699	0.0416168	
0.0342385	-0.0610578	0.11902	0.188938	0.0550256	0.39737	-0.0513199	-0.0688987	0.193362	0.358134	-0.00238852	0.34668	-0.0203009	-0.0867182	0.0479388	0.067474	-0.0761912	0.125262	-0.0250464	0.110535	0.0736721	
0.0278016	-0.0610578	0.11902	0.181389	0.0287434	0.282213	-0.0495517	-0.0717819	0.190539	0.398767	0.00515991	0.321915	-0.0701232	-0.0867182	0.0479388	0.067474	-0.057485	0.126078	-0.0339103	0.106972	0.0541494	-0.0672937	
0.0278016	-0.065549	0.12537	0.181389	0.0374487	0.396599	-0.0426076	-0.0719672	0.170577	0.396355	0.00515991	0.321915	-0.0705473	-0.0839141	0.0555609	0.0549327	-0.0668106	0.112334	-0.0339103	0.130439	0.0257338	0.0181679	
0.0278016	-0.058281	0.12537	0.181389	0.00814193	0.336328	-0.0596132	-0.0704522	0.127156	0.304343	0.00515991	0.321915	-0.0876144	-0.0676617	0.0536274	0.0549327	-0.0770897	0.138637	-0.0329716	0.140932	0.0647146	-0.0124399	-0.017476	0	0	0	
0.0314999	-0.058281	0.140139	0.181389	0.0525807	0.336328	-0.0432545	-0.0617543	0.119723	0.218869	0.00515991	0.321915	-0.040689	-0.0751362	0.0536274	0.0550225	-0.0592844	0.135764	-0.021291	0.121072	0.049782	0.11353	0	0	0.014115	
0.0256341	-0.0692062	0.0930238	0.181389	0.0525807	0.336328	-0.0605006	-0.0646479	0.183837	0.251376	0.00515991	0.321915	-0.0304781	-0.0719248	0.044678	0.0473486	-0.0529628	0.128689	-0.027152	0.109778	0.0100788	0	
0.0256341	-0.0692062	0.133496	0.181389	0.0276602	0.346785	-0.0383566	-0.0618573	0.183837	0.36336	0.00515991	0.309691	0.0183163	-0.0719248	0.044678	0.0422782	-0.0496733	0.1254	-0.000687019	0.102031	0.044007	-0.0706245	
0.0256341	-0.0692062	0.133496	0.193969	0.0279269	0.399872	-0.0335045	-0.0657458	0.190749	0.280819	-0.00741933	0.309691	0.0732011	-0.0725726	0.044678	0.0488134	-0.0405341	0.113099	0.0252848	0.0921535	0.0706027	
0.0254509	-0.0692062	0.133496	0.193969	0.0352708	0.399872	-0.0299056	-0.0639389	0.187291	0.286327	-0.00741933	0.352989	-0.0445968	-0.0686492	0.0519594	0.0560046	-0.0271568	0.105713	0.0252848	0.0921535	0.0646105	
0.0190339	-0.0658304	0.133478	0.203114	0.0324591	0.32586	-0.0225892	-0.0641347	0.195773	0.211979	-0.0165821	0.352971	-0.0254363	-0.0763056	0.0631676	0.0551617	-0.0229614	0.0908315	0.0140602	0.0707697	0.0843459	0.0065064	0.000171663	
0.0190339	-0.0658304	0.133478	0.213572	0.0324591	0.496703	-0.0436503	-0.0723542	0.195773	0.197838	-0.00592913	0.352971	0.0446542	-0.0715991	0.0631676	0.0558965	-0.00985791	0.0777281	0.00566141	0.0758467	0.0847688	0	
0.0190339	-0.0623482	0.13754	0.22786	0.0229294	0.391478	-0.0448113	-0.0527486	0.195773	0.202686	-0.0202167	0.340847	-0.0101578	-0.0839206	0.0438937	0.0589595	-0.0494155	0.140509	-0.016459	0.0762309	0.0583587	-0.0248731	0	-0.00100098	
0.0190339	-0.0681222	0.118615	0.209873	0.0660749	0.444428	-0.0405688	-0.0609791	0.299535	0.174081	-0.0202167	0.313979	-0.0666066	-0.0780209	0.0702675	0.06116	-0.00744428	0.0985378	-0.00807268	0.0762309	0.0166658	-0.0704291	0	
0.0161373	-0.0681222	0.118615	0.198066	0.0351116	0.491955	-0.0420094	-0.0709399	0.18775	0.119537	-0.00959003	0.306663	0.00740451	-0.0743999	0.0661739	0.0476756	-0.0607529	0.118939	-0.0428492	0.127763	0.0684517	-0.0309045	0.0300661	
0.0161373	-0.0676459	0.118615	0.234979	0.0464513	0.424323	-0.0475383	-0.0650171	0.190911	0.168161	-0.0225433	0.293284	0.0150699	-0.0636461	0.0661739	0.0476756	-0.031052	0.0800189	-0.0257333	0.0984347	0.0270604	0	0.0220844	
0.0206908	-0.0640583	0.118615	0.228117	0.0649858	0.424323	-0.0456094	-0.0734437	0.147869	0.269485	-0.0225433	0.357754	0.149139	-0.0767081	0.0661739	0.0535877	-0.031052	0.0759427	-0.0257333	0.111904	0.136074	0.0221104	
0.0206908	-0.0640583	0.115589	0.225757	0.02179	0.384114	-0.0456094	-0.0778678	0.131016	0.16082	-0.0201829	0.286907	-0.0614203	-0.0707139	0.0689752	0.0428714	-0.031052	0.0759427	-0.0257333	0.123138	0.117029	
0.0206908	-0.0592568	0.119607	0.205341	0.0353476	0.414029	-0.0505606	-0.0782658	0.143041	0.254255	-0.0201829	0.286907	-0.00153784	-0.0729085	0.0763445	0.0448535	-0.031052	0.0902505	-0.0218877	0.123138	0.0579625	
0.0371119	-0.0575154	0.119607	0.197497	0.0265549	0.377382	-0.0607796	-0.0792671	0.114981	0.352892	-0.0123393	0.286907	-0.0288398	-0.066799	0.0761364	0.0458638	0.0285211	0.0274357	-0.0215873	0.136685	0.021932	
0.0371119	-0.0593203	0.119607	0.217973	0.0231651	0.377382	-0.0459298	-0.0848766	0.183876	0.317002	-0.00842176	0.283536	0.0155685	-0.0718281	0.0543172	0.0492853	0.0624733	-0.00651648	-0.0215873	0.146538	0.0818705	
0.0412285	-0.0541097	0.119113	0.27238	0.0239041	0.339379	-0.0511689	-0.0808453	0.21106	0.307455	-0.00688111	0.284275	0.00410044	-0.0755492	0.0550562	0.047935	0.0632124	-0.00651648	-0.0316709	0.147277	0.1671	0	0.12367	
0.0390059	-0.061385	0.105031	0.202566	0.0316805	0.422246	-0.0642171	-0.0711143	0.0672023	0.180536	-0.0035848	0.284275	-0.0229665	-0.059504	0.0550562	0.0478394	0.0466957	0.00666325	-0.0281997	0.114014	0.180615	
0.0390059	-0.061385	0.101857	0.214698	0.0273817	0.4421	-0.0474268	-0.0716579	0.157522	0.244156	-0.0182464	0.284275	-0.0397757	-0.0506427	0.0524389	0.0486126	0.0467201	0.00663887	-0.0281997	0.13759	0.158146	0.0188257	
0.0332871	-0.059367	0.101857	0.179537	0.0338063	0.380899	-0.0558647	-0.0655732	0.179441	0.19474	-0.0182464	0.284275	-0.0667638	-0.0673025	0.0647268	0.0486126	0.0576154	0.0100902	-0.0438323	0.148866	0.171613	-0.00608467	
0.0263548	-0.059367	0.101857	0.217301	0.0247595	0.363774	-0.0544873	-0.0717748	0.129607	0.233071	-0.0182464	0.284275	-0.0140467	-0.071944	0.0647268	0.0468256	0.0718043	0.00459964	-0.0269746	0.148866	0.0965116	-0.00734759	
0.0263548	-0.059367	0.101857	0.178078	0.0163516	0.316214	-0.0504158	-0.0729119	0.149229	0.262228	-0.0114246	0.326283	-0.0940572	-0.071944	0.0647268	0.0475842	0.0323434	0.0623429	-0.0320366	0.122427	0.133641	
0.0332225	-0.059367	0.114338	0.199088	0.0244651	0.384973	-0.0540493	-0.070764	0.116317	0.253086	-0.0114246	0.299924	-0.0448072	-0.0759529	0.0633851	0.0550399	0.0323434	0.100356	-0.0320366	0.160142	0.06706	
0.0332225	-0.0637889	0.114338	0.199088	0.0238659	0.251921	-0.0540493	-0.070764	0.15669	0.259786	-0.0114246	0.339981	-0.10988	-0.0736294	0.0633851	0.0617474	0.0514607	0.0467864	-0.0205089	0.141558	0.101513	0.0117213	0.121122	0	
0.034282	-0.0627529	0.0947001	0.194797	0.0222977	0.178361	-0.0444268	-0.070764	0.162439	0.435155	-0.0114246	0.397369	-0.0907265	-0.0626707	0.0709479	0.0617474	0.0514607	0.0467864	-0.0420153	0.0818313	0.101513	0.321482	
0.034282	-0.0538266	0.140412	0.21056	0.039563	0.161134	-0.0444268	-0.0702983	0.15075	0.435155	-0.0196196	0.458188	-0.106014	-0.0725886	0.0709479	0.0617474	0.0514607	0.112561	-0.0214668	0.0830359	0.0114293	0.202245	
0.034282	-0.0538266	0.124293	0.187013	0.0432653	0.168377	-0.0496593	-0.0734527	0.109113	0.435155	-0.0159849	0.458188	-0.0834338	-0.0662613	0.0634489	0.0706636	0.0791016	0.0849201	-0.0402345	0.0830359	0.0233471	0	0.050584	0.195002	
0.034282	-0.0554283	0.124293	0.187013	0.0400854	0.11416	-0.0511423	-0.0734527	0.116039	0.435155	-0.0159849	0.458188	0.185564	-0.0673674	0.0708507	0.0706636	0.0810359	0.0730085	-0.0391864	0.10209	0.00146991	-0.0244269	0.367878	0	0	
0.0364335	-0.0528675	0.126445	0.171496	0.0342927	0.176563	-0.0537682	-0.0745554	0.175325	0.444313	-0.00876265	0.43679	0.0163958	-0.060702	0.0730021	0.0685121	0.0749042	0.0807483	-0.027202	0.103546	0.104439	0.0141322	0.370065	
0.0364335	-0.0514748	0.126445	0.170245	0.0273737	0.30869	-0.0537682	-0.0756129	0.185492	0.262264	-0.0075119	0.43679	0.0454473	-0.0514703	0.0730021	0.065776	0.0749042	0.0807483	-0.0449343	0.0992033	0.126882	0.169733	
0.0364335	-0.0496624	0.14175	0.150155	0.0372153	0.139777	-0.0492785	-0.0748207	0.168328	0.279367	0.0125782	0.43679	-0.0185393	-0.0723038	0.0739698	0.0548861	0.0724313	0.0989006	-0.0261883	0.130282	0.0457362	0.299582	
0.0364335	-0.0571937	0.100241	0.182201	0.0372153	0.142688	-0.0514628	-0.0748207	0.122853	0.251365	-0.00828467	0.43679	-0.0694825	-0.056258	0.0739698	0.0548861	0.0724313	0.0989006	-0.018013	0.130282	-0.0587727	0.327864	
0.0412069	-0.0568163	0.14346	0.181892	0.0345066	0.188019	-0.0370762	-0.0748207	0.122853	0.302277	-0.00797582	0.428839	-0.11425	-0.0771962	0.0763761	0.0545848	0.0361171	0.159991	-0.0327385	0.137301	-0.0609994	0.300276	0.0297218	0	0.0149517	
0.0412069	-0.0646759	0.14346	0.181892	0.0292773	0.231822	-0.0405129	-0.0748207	0.166194	0.302277	-0.00797582	0.428839	-0.0298241	-0.0829659	0.0763761	0.053648	0.0182241	0.177884	-0.0327385	0.109902	-0.0609994	0.214899	
0.0355779	-0.0594749	0.127973	0.200593	0.0612974	0.256982	-0.0471186	-0.0641311	0.144537	0.38975	-0.00797582	0.428839	-0.0409685	-0.0836286	0.0763761	0.053648	0.0663948	0.129714	-0.0327385	0.107447	-0.0303991	0.189739	
0.0355779	-0.0600974	0.132036	0.200593	0.0152969	0.244198	-0.0394324	-0.0585802	0.185719	0.301185	-0.00797582	0.428839	-0.0515273	-0.0885804	0.0763761	0.0504159	0.0663948	0.129714	-0.034666	0.107447	0.0477188	0.202523	-0.0287993	0	0	0	0	
0.0332216	-0.0560491	0.143935	0.200593	0.0184672	0.256365	-0.0166119	-0.0518708	0.0991704	0.446649	-0.00797582	0.428839	-0.0878738	-0.0833922	0.0763761	0.0497418	0.0663948	0.129714	-0.0300158	0.0918343	-0.0227759	0.190356	
0.0312837	-0.0625299	0.143935	0.208897	0.0184672	0.132869	-0.0267587	-0.0584133	0.103974	0.241968	-0.00643167	0.424735	0.00665119	-0.0833922	0.0763761	0.0497418	0.0663948	0.124834	-0.0398328	0.0940538	-0.0318567	0.307799	-0.0414199	
0.0312837	-0.0691186	0.138599	0.205611	0.016036	0.169626	-0.0319813	-0.059734	0.103546	0.329555	-0.00314522	0.424735	-0.0687298	-0.0855668	0.0763761	0.0497418	0.0301927	0.12388	-0.0245012	0.0732493	-0.0156161	0.304614	0.0393871	
0.0327978	-0.0635767	0.123036	0.175453	0.016036	0.169626	-0.0319813	-0.0476127	0.156727	0.329555	-0.00794177	0.424735	-0.119939	-0.0899692	0.0763761	0.0539082	0.044534	0.109539	-0.0245012	0.0812816	-0.0407944	0.304614	0.0633282	
0.0450908	-0.0549996	0.161999	0.175453	0.0239356	0.0102059	-0.0308083	-0.0498643	0.179798	0.264565	-0.00794177	0.413103	-0.135002	-0.0778688	0.0727246	0.0539082	0.0540206	0.116225	-0.0245012	0.104734	-0.02683	0.496594	0.0844875	0.067517	
0.0342707	-0.0546503	0.12857	0.20171	0.0267751	0.0708724	-0.0273939	-0.0495151	0.166217	0.319773	-0.0153279	0.413453	-0.149694	-0.0762589	0.0747136	0.0517228	0.0543699	0.116225	-0.0202186	0.105084	-0.00979903	0.407826	0.0848367	0	
0.0484176	-0.0546503	0.115906	0.20171	0.0191437	0.0713979	-0.0260215	-0.0495151	0.125059	0.319773	-0.0153279	0.413453	-0.154821	-0.0696422	0.067829	0.0510815	0.0695786	0.101016	-0.049215	0.0849151	-0.00979903	0.359723	0.0550455	0.0461117	0	0	
0.0484176	-0.0546503	0.162622	0.196848	0.0518102	0.227393	-0.0173608	-0.0418164	0.127725	0.319773	-0.0104657	0.413453	-0.0899069	-0.0657733	0.067829	0.0545922	0.0752002	0.0953944	-0.049215	0.0859445	0.022101	0.203727	0.0550455	0.0922676	
0.0484176	-0.0625226	0.1819	0.231361	0.0144454	0.227393	-0.0173608	-0.0418164	0.127725	0.216408	-0.0104657	0.413453	-0.063734	-0.0675612	0.0649774	0.0629085	0.0752002	0.0953944	-0.0236363	0.0997912	-0.0304022	0.203727	0.0471053	
0.0137967	-0.0591182	0.166792	0.230647	0.0222211	0.165348	-0.0173608	-0.0480565	0.132469	0.216408	-0.0104657	0.413453	-0.0609405	-0.0712728	0.0649774	0.053565	0.0832899	0.0870876	-0.0236363	0.0994503	-0.0497717	0.26077	0.0346209	0.0387636	0	
0.0332996	-0.0555485	0.159627	0.201226	0.0323978	0.105412	-0.0061337	-0.0514086	0.152617	0.219013	-0.0126018	0.417366	-0.0872938	-0.0867436	0.0674543	0.0638236	0.127239	0.0447592	-0.0281883	0.155335	-0.00576675	0.269795	0.00183416	-0.0177023	
0.0312543	-0.0573368	0.120105	0.201226	0.0198616	0.144196	-0.0061337	-0.0514293	0.140941	0.235255	-0.0126018	0.39254	-0.0716499	-0.0774106	0.086689	0.0638183	0.0960916	0.0554783	-0.0288758	0.188806	-0.0611636	0.323372	0.00841535	0	
0.0523046	-0.0573368	0.140206	0.179375	0.0198616	0.176542	-0.011389	-0.0486345	0.175493	0.36412	-0.0126018	0.39254	-0.101783	-0.069086	0.0990739	0.0767344	0.0960916	0.0227374	-0.0234619	0.162744	-0.0284227	0.377279	-0.012635	
0.0392188	-0.0660978	0.131339	0.203337	0.018369	0.149322	-0.0253027	-0.0512385	0.109632	0.324194	-0.0126018	0.39254	0.0494875	-0.0537393	0.0583692	0.0767344	0.0960916	0.0227374	-0.017477	0.111035	-0.0636292	0.222611	0.000450833	0	
0.0385781	-0.0689604	0.131339	0.201465	0.0617206	0.188215	-0.0253027	-0.0661329	0.109632	0.341996	-0.01073	0.386486	0.043085	-0.0496798	0.0567072	0.0726726	0.0960916	-0.0244526	-0.0327265	0.117071	-0.0173204	0.177025	0.00813583	0	
0.0134484	-0.0560315	0.104308	0.201465	0.0301534	0.171824	-0.0253027	-0.0686602	0.163591	0.173031	-0.01073	0.386486	0.00628213	-0.0578113	0.0497211	0.0788899	0.0951742	-0.00931998	-0.0329925	0.107091	0.00919497	0.193416	0.00813583	-0.0235134	
0.0397526	-0.0643573	0.10112	0.220598	0.0301534	0.160292	-0.0323452	-0.07075	0.117706	0.224179	-0.01073	0.386486	0.0187467	-0.0578113	0.0568627	0.0790279	0.0951742	-0.0185945	-0.0313832	0.107091	0.0184695	0.259015	-0.00221285	-0.0228785	
0.0348055	-0.0643573	0.113286	0.213195	0.0037417	0.289506	-0.0323452	-0.0707193	0.117706	0.265897	-0.01073	0.400538	0.111421	-0.0746566	0.0568627	0.0759545	0.0951742	-0.0197638	-0.0339766	0.107091	0.0381373	0.219786	0.00273427	
0.048306	-0.0602556	0.113286	0.163473	0.00266826	0.152758	-0.0323452	-0.064039	0.116075	0.265897	-0.0106626	0.367502	0.0631934	-0.0746566	0.0568627	0.0834774	0.0923174	-0.016907	-0.0333956	0.113168	0.0118978	0.368363	-0.0107663	
0.048306	-0.055044	0.101033	0.14908	0.017959	0.226051	-0.0323452	-0.0753529	0.159333	0.265897	-0.0106626	0.331383	-0.041083	-0.0746566	0.0812731	0.0840062	0.0612014	0.0233395	-0.0356436	0.113168	0.00276732	0.29507	-0.0107663	
0.0425234	-0.0689341	0.0967794	0.14908	0.017959	0.213869	-0.0323452	-0.0753529	0.159333	0.191886	-0.0106626	0.331383	0.0226477	-0.0802887	0.0812731	0.0800439	0.0280587	0.0723697	-0.0363743	0.0760579	0.0261177	0.309973	-0.00513582	0	
0.0399616	-0.0667567	0.13146	0.147669	0.0135287	0.382555	-0.0190838	-0.0731755	0.16151	0.252923	-0.0084852	0.380387	-0.0409695	-0.0729705	0.0834505	0.0813939	0.0567386	0.0458672	-0.0350255	0.0782353	0.030251	0.143464	-0.00295841	
0.0601472	-0.0537486	0.130838	0.147669	0.0330534	0.389193	-0.0210585	-0.0590872	0.101902	0.322628	-0.0084852	0.345337	-0.0972901	-0.0763212	0.0834505	0.076217	0.0370464	0.0655594	0.00124551	0.116277	-0.0108293	0.0608199	-0.023144	0.0878156	0	
0.0399457	-0.0555926	0.152525	0.148294	0.0190119	0.193242	-0.02847	-0.0487056	0.120232	0.266274	-0.00911075	0.350639	-0.107614	-0.0772184	0.0834505	0.076217	0.0370464	0.0655594	-0.00720351	0.0945593	0.0136918	0.292956	-0.00294253	-0.038714	
0.0399457	-0.0586721	0.129014	0.127637	0.0278759	0.192185	-0.02847	-0.0479447	0.120486	0.226189	-0.00550202	0.350639	-0.121707	-0.0712797	0.0904477	0.0864956	0.0370464	0.0655594	-0.00720351	0.0998681	0.0602442	0.188176	-0.00294253	
0.045128	-0.0586721	0.149786	0.125889	0.0227171	0.0774984	-0.0349123	-0.0479447	0.134625	0.278793	-0.00550202	0.350639	-0.085714	-0.0672019	0.0904477	0.0826816	-0.00468078	0.124406	-0.0128755	0.0746275	0.0550224	0.383018	-0.00812485	
0.0501091	-0.0621997	0.113238	0.128522	0.0289454	-0.00946342	-0.0349123	-0.0550283	0.178284	0.223957	-0.00813559	0.350639	0.0523438	-0.0617069	0.0904477	0.0766908	0.0245793	0.0998883	-0.0195984	0.0746275	0.0159841	0.395357	-0.013106	
0.0499814	-0.0621997	0.116684	0.168327	0.0082607	0	-0.0308421	-0.0562274	0.16751	0.198531	-0.00813559	0.350639	-0.0063044	-0.0603418	0.0897458	0.079708	0.0299332	0.0847206	0.00295473	0.0844535	0.0229646	0.311563	-0.0129782	-0.0410115	
0.0623247	-0.0621997	0.103122	0.186965	0.013786	0.155167	-0.0264048	-0.0562274	0.159064	0.171459	-0.0123087	0.350639	-0.0509975	-0.0638205	0.0857651	0.0735511	0.0457866	0.0326319	-0.00478883	0.0953553	0.0638928	0.323788	-0.0253215	
0.0629453	-0.0621997	0.13947	0.185498	0.0214626	0.0735506	-0.0264048	-0.06008	0.0774041	0.244327	-0.0108417	0.350639	0.0935342	-0.0725843	0.0901626	0.0700633	0.0663965	0.00637841	-0.00478883	0.0953553	0.0550779	0.350951	-0.0212979	
0.053144	-0.0645573	0.13137	0.175345	0.0429569	-0.0221873	-0.0385733	-0.0604259	0.0765146	0.171038	-0.00157764	0.359824	0.196712	-0.0786731	0.0892731	0.0709528	0.0683307	0.00816438	-0.019637	0.0977054	0.102175	0.392584	0.00422734	
0.0417742	-0.0662551	0.112148	0.188071	0.0434901	-0.0108176	-0.0385733	-0.0618584	0.143394	0.203622	-0.0143042	0.359824	0.153156	-0.0834181	0.0891951	0.0618657	0.0683307	0.0443803	-0.0194546	0.0857567	0.0659591	0.386619	
0.0417742	-0.0662551	0.138331	0.185177	0.0395678	-0.0108176	-0.0418585	-0.0620677	0.143394	0.244413	-0.0114093	0.365349	-0.00189668	-0.0794041	0.0891951	0.0638311	0.0553166	0.0573944	-0.0194546	0.10765	0.0240493	0.325673	
0.0428533	-0.0664649	0.138331	0.187347	0.0395678	-0.0118967	-0.0418585	-0.0829242	0.143394	0.388419	-0.00293789	0.365349	-0.0160962	-0.0642393	0.0813272	0.0638311	0.0553166	0.0504514	-0.00515274	0.0929927	0.0380216	0.325673	
0.0375572	-0.0613337	0.164384	0.187347	0.0395678	-0.013672	-0.0354388	-0.0793958	0.159501	0.259219	-0.00293789	0.365349	-0.115165	-0.0643424	0.0813272	0.0644604	0.0570654	0.0487025	-0.00515274	0.100809	0.0052428	0.360762	
0.0375572	-0.0613337	0.140438	0.208042	0.0241842	-0.013672	-0.0354388	-0.0732952	0.179271	0.264835	-0.00293789	0.399521	-0.122376	-0.0574378	0.0795245	0.0644604	0.0323883	0.0551983	-0.00979487	0.100809	-0.00487167	0.360762	0	0.0108805	
0.0448953	-0.0668464	0.140438	0.2068	0.0241842	-0.0152738	-0.0284869	-0.0756807	0.126866	0.202655	-0.00169559	0.399521	-0.130039	-0.0574378	0.100261	0.0645023	0.0249195	0.0626671	-0.00551809	0.100809	0.0153299	0.38916	0.0291632	
0.0555984	-0.0498407	0.109559	0.2068	-0.00200187	-0.0198219	-0.0291918	-0.0714701	0.153749	0.201951	-0.00240047	0.399969	-0.0420654	-0.0581427	0.0979366	0.0656949	0.0503839	-0.000955252	-0.00482561	0.132972	0.065065	0.413562	
0.0559451	-0.0529483	0.123384	0.20045	0.0426471	-0.0198219	-0.0290077	-0.0780648	0.150781	0.191549	-0.00240047	0.427271	0.0283053	-0.0731161	0.0979366	0.0784499	0.0247294	0.0557325	-0.0198644	0.119673	0.0512683	0.430302	
0.0559451	-0.0560726	0.177321	0.231598	0.0418956	-0.0205734	-0.0336491	-0.0803666	0.150029	0.277916	-0.00880359	0.441077	0.0615862	-0.0738676	0.0971851	0.0676975	0.0239779	0.0557325	0.000727919	0.121341	-0.00357501	0.417642	0.0175818	-0.0254503	0.0382078	
0.0559451	-0.0702986	0.177321	0.231598	0.0418956	-0.0205734	-0.0348008	-0.0688938	0.150029	0.335658	-0.00880359	0.441077	0.14278	-0.0671876	0.0971851	0.0676975	0.0239779	-0.0606286	-0.0266725	0.158667	0.086426	0.344516	0	0	0.0382078	0.0612827	0.0443934	
0.0392931	-0.0643236	0.167247	0.246282	0.0418956	-0.00814715	-0.0348008	-0.0801647	0.0995932	0.335658	-0.016346	0.47169	-0.0282936	-0.0639789	0.0971851	0.0767223	0.0253968	0.0243785	-0.0295961	0.112159	0.0830232	0.355638	0.0316751	0.0204052	
0.0426111	-0.0643197	0.167247	0.250764	-0.0048489	-0.0191109	-0.0348008	-0.0829077	0.0681534	0.207808	-0.0127521	0.47169	-0.110728	-0.0639789	0.116798	0.0767223	-0.0374372	0.0816694	-0.0295961	0.125552	0.114182	0.46315	0.0316751	0	0.0118187	
0.023171	-0.0565222	0.153739	0.250764	0.00128589	-0.00120882	-0.0236803	-0.0678569	0.0697827	0.146734	-0.0127521	0.443782	-0.136189	-0.0730945	0.116798	0.0767223	-0.0329373	0.0967054	-0.0352526	0.125552	0.0875066	0.46315	0.0244071	0	
0.0431955	-0.0538655	0.138352	0.216689	-0.00532989	-0.000675685	-0.0210236	-0.0722345	0.0762595	0.213688	-0.0100954	0.466531	-0.111752	-0.0556008	0.119455	0.0730095	-0.0333378	0.0660244	-0.0325959	0.128209	0.143365	0.464992	0.0270638	
0.048056	-0.0573574	0.138352	0.226227	-0.00532989	-0.00864597	-0.0210236	-0.073119	0.157917	0.215627	-0.0100954	0.466531	-0.0909241	-0.0556008	0.111881	0.0730095	-0.0607322	0.15632	-0.0325959	0.119142	0.170759	0.464992	0.0270638	-0.0267178	0	0	
0.0387839	-0.0573574	0.138352	0.198728	0.00408449	-0.0103515	-0.0210236	-0.0765716	0.112255	0.228394	-0.0107258	0.466531	-0.0920267	-0.0610075	0.111881	0.0730095	-0.0693893	0.164977	-0.0152402	0.112208	0.179416	0.525562	0.0270638	-0.0128765	-0.0497786	
0.029565	-0.0637738	0.134092	0.211477	0.0243282	-0.00383764	-0.0211358	-0.0734832	0.156149	0.228281	-0.00923322	0.466418	0.0612042	-0.0611197	0.111768	0.0731217	-0.0693893	0.116142	-0.0153524	0.112096	0.179416	0.371853	0.0269516	0	0.0387842	0	
0.029565	-0.0637738	0.136932	0.211477	0.0228608	-0.00383764	-0.0348181	-0.0754146	0.149938	0.176429	-0.00923322	0.480606	0.0441392	-0.0662816	0.0908138	0.0618054	-0.0635467	0.110299	-0.0153524	0.112096	0.17644	0.383004	0.0269516	
0.0282005	-0.0625331	0.135351	0.221515	0.0144093	-0.0040542	-0.0262609	-0.0628173	0.156573	0.242793	-0.0108143	0.462392	0.12288	-0.06381	0.0805994	0.0638931	-0.0212378	0.0832047	-0.0169335	0.123557	0.159502	0.367946	0.143042	0.0594534	
0.0282005	-0.0580796	0.109864	0.20549	0.0420205	-0.0040542	-0.0262609	-0.0628173	0.19177	0.0843577	-0.0108143	0.462392	0.168443	-0.083159	0.0805994	0.0567096	-0.0563593	0.118326	-0.0352825	0.123557	0.194623	0.379276	0.143042	0	0.0242286	0.00826145	0.00377914	
0.030843	-0.0596724	0.109864	0.204128	0.0250588	-0.0040542	-0.0262609	-0.045986	0.169139	0.0939253	-0.00621577	0.471405	0.057024	-0.0716102	0.070525	0.0567096	-0.0527671	0.131275	-0.0352825	0.218545	0.191031	0.474	0.17669	-0.00485248	
0.0479191	-0.0575208	0.109864	0.204246	0.0515377	-0.0119399	-0.0262609	-0.045986	0.138956	0.156817	-0.00639015	0.471405	0.0520165	-0.0716102	0.070525	0.0567096	-0.0509334	0.158954	-0.0154124	0.150357	0.176768	0.46098	0.177141	-0.0134408	0	
0.0379275	-0.0575208	0.100796	0.204246	0.0509932	-0.00194834	-0.0327911	-0.0486278	0.180252	0.234754	-0.00639015	0.508893	0.212092	-0.0690979	0.070525	0.0437519	-0.0335768	0.104799	-0.0258	0.236264	0.159411	0.373978	0.177141	-0.0126309	
0.0379275	-0.0601296	0.109217	0.234199	0.0405991	-0.00194834	-0.0327911	-0.0436077	0.150058	0.234754	-0.00639015	0.508893	0.133983	-0.0694994	0.070525	0.0573873	-0.0453489	0.11927	-0.0258	0.268675	0.151963	0.373978	0.207309	0	0.0609781	
0.0347572	-0.0596745	0.12362	0.188553	0.0410542	0.00167707	-0.0377552	-0.0431527	0.15018	0.142481	-0.00593508	0.509348	0.13305	-0.0561011	0.0852589	0.0531655	-0.0221225	0.0976486	-0.0253449	0.26913	0.149858	0.352182	0.207764	
0.0360033	-0.0557803	0.0662758	0.188371	0.0381243	-0.00180436	-0.0377552	-0.0431527	0.15018	0.329383	-0.00575314	0.531532	-0.0179298	-0.0562323	0.0910096	0.0415787	-0.0561239	0.177293	-0.0253449	0.259649	0.221286	0.327731	0.207764	
0.03674	-0.0493575	0.0860984	0.188371	0.0465849	-0.00595642	-0.0419208	-0.0246522	0.15018	0.172019	-0.00575314	0.531532	-0.0470016	-0.0562323	0.0910096	0.0391356	-0.042005	0.173432	-0.027915	0.306174	0.215015	0.327731	0.197087	
0.03674	-0.0493575	0.122222	0.166117	0.0355413	-0.00595642	-0.0419208	-0.0343835	0.151198	0.236905	-0.00575314	0.531532	0.0112776	-0.0598554	0.0910096	0.0309201	-0.0614531	0.215289	-0.0264258	0.290556	0.23508	0.346838	0.232969	0	0	0	
0.032188	-0.0374757	0.091157	0.160476	0.0378799	-0.00140439	-0.0423375	-0.0343835	0.164104	0.288599	-0.000112601	0.516713	0.0487666	-0.0598554	0.0910096	0.0309201	-0.0531191	0.194099	-0.0264441	0.219476	0.228046	0.41481	0.232969	
0.0463402	-0.0521541	0.116443	0.160476	0.0378799	-0.0052081	-0.0347191	-0.0336748	0.164104	0.374381	-0.000112601	0.516713	0.0479988	-0.0598554	0.105433	0.0309201	-0.0685233	0.145824	-0.0331529	0.219476	0.255051	0.377993	0.232969	
0.0405733	-0.0528925	0.126741	0.186407	0.0378799	-0.0129635	-0.0250563	-0.0336748	0.131299	0.259577	-0.000112601	0.516713	0.133307	-0.0624886	0.105433	0.0309201	-0.0455305	0.173016	-0.0372393	0.219476	0.231949	0.377993	0.232969	0.000738474	-0.0350247	-0.00667182	
0.0421711	-0.0528925	0.126741	0.179848	0.0431408	-0.0145613	-0.0250563	-0.0336748	0.185738	0.174939	0.00298246	0.492888	0.0341013	-0.0624886	0.10382	0.0251103	-0.061555	0.169541	-0.025161	0.231155	0.247973	0.354952	0.226294	0	0	
0.0319658	-0.0606879	0.126741	0.179848	0.036893	-0.00873885	-0.0351178	-0.0361769	0.148932	0.174939	0.00298246	0.51791	0.0566818	-0.0400747	0.10382	0.0251103	-0.0593528	0.167339	-0.0257554	0.177975	0.245771	0.346376	0.226294	
0.0503903	-0.0606879	0.126741	0.178392	0.0121298	-0.0173035	-0.0294558	-0.0406663	0.130164	0.190009	-0.00877622	0.503373	0.0761628	-0.0499644	0.10382	0.0254447	-0.0593528	0.133038	-0.0335816	0.177975	0.258075	0.353401	0.261305	-0.0104893	-0.126826	
0.0445194	-0.0573031	0.0861547	0.218598	0.0456297	-0.0115145	-0.0294558	-0.041579	0.132171	0.187717	-0.010597	0.462968	-0.0181968	-0.0635868	0.10382	0.0334015	-0.0762411	0.149927	-0.0351953	0.264564	0.278505	0.406405	0.26009	-0.0400798	
0.0491364	-0.0573031	0.13442	0.203947	0.0233166	-0.00149713	-0.0149607	-0.041579	0.112703	0.187717	0.00405386	0.462968	0.0927201	-0.0789922	0.10382	0.0301179	-0.0496628	0.155118	-0.0251834	0.237748	0.182128	0.520006	0.26009	0.0514542	
0.0254842	-0.0597472	0.076064	0.203947	0.025548	0.00322378	-0.0149607	-0.041579	0.139433	0.191702	0.00405386	0.506519	-0.0512192	-0.0813708	0.10382	0.0421202	-0.0687413	0.174196	-0.0261178	0.229468	0.24827	0.549905	0.26009	0.0634908	
0.0323543	-0.0597472	0.0693935	0.234666	0.025548	0.00326569	-0.0149607	-0.0364847	0.139433	0.265647	0.00405386	0.518371	0.197237	-0.0860905	0.116117	0.0430014	-0.0431361	0.135949	-0.0402915	0.291471	0.222665	0.549905	0.224868	
0.0190182	-0.0578799	0.0936417	0.234666	0.0165196	0.00504219	-0.00516135	-0.0364847	0.158723	0.160739	0.00405386	0.521998	0.124257	-0.0553402	0.107093	0.0447948	-0.0451294	0.127677	-0.0171045	0.291471	0.224659	0.549905	0.224868	0.182263	0	
0.0332006	-0.047496	0.143812	0.158207	0.0165196	-0.00914027	-0.0205801	-0.0364847	0.0819288	0.265565	0.00405386	0.521998	0.136861	-0.0778412	0.107093	0.0368568	-0.0213964	0.124673	-0.0171045	0.345154	0.200926	0.549905	0.224747	-0.0342236	0.108978	
0.0332006	-0.0427639	0.0998148	0.157109	0.0325973	-0.00914027	-0.0205801	-0.0357949	0.0819288	0.124779	0.00515232	0.521011	-0.0524099	-0.0759485	0.0939366	0.0420616	-0.0351411	0.112726	-0.0343569	0.345154	0.188199	0.493072	0.224747	
0.0191315	-0.0390109	0.0998148	0.153087	0.0467566	0.0049289	-0.0435141	-0.0464576	0.17239	0.225169	0.00917449	0.521011	0.0198425	-0.0834192	0.0939366	0.031568	-0.0351411	-0.0518188	-0.0326531	0.317317	0.188199	0.358146	0.190323	0.00119083	0.0961408	
0.0191315	-0.0396576	0.115176	0.153476	0.0351558	0.0049289	-0.0435141	-0.0594176	0.17239	0.225895	0.00878499	0.521011	-0.0260275	-0.0703395	0.0939366	0.031568	-0.040896	-0.00692697	-0.0306517	0.317317	0.149062	0.36106	0.212378	-0.0549142	0.131025	0	
0.0191315	-0.0412012	0.131153	0.161205	0.0384037	0.0049289	-0.0342155	-0.0549175	0.135265	0.244694	0.00878499	0.521011	0.112583	-0.0702536	0.0939366	0.023876	-0.0173199	0.0428342	-0.0296681	0.317317	0.139477	0.375808	0.212378	-0.0584947	
0.0191315	-0.0412012	0.135119	0.161205	0.0281698	-0.0342155	-0.0620709	0.144598	0.222925	0.00878499	0.521011	0.268729	-0.0564192	0.0939366	0.0302095	-0.0334636	0.0049289	-0.0170014	0.317317	0.110016	0.446685	0.262331	
0.0276387	-0.0412012	0.124876	0.149322	0.0281698	-0.0278057	-0.0645968	0.187132	0.187584	0.0136378	0.583297	-0.0101039	-0.0762188	0.0939366	0.0281133	-0.0218204	0.0049289	-0.0170014	0.317317	0.0983726	0.400048	0.262331	
0.0276387	-0.0403527	0.126469	0.149322	0.0281698	0	-0.0337122	-0.0684447	0.188291	0.272252	0.0136378	0.538353	-0.0962951	-0.0737735	0.0939366	0.025636	-0.00758877	0.0049289	-0.0170014	0.174316	0.0613622	0.42084	0.262331	-0.0413645	-0.0305853	
0.0470962	-0.0403527	0.126469	0.164698	0.0260422	-0.0381911	-0.0684447	0.214878	0.275391	-0.00173746	0.584204	-0.12138	-0.0854122	0.0989967	0.0331705	-0.0167711	-0.0188493	-0.0252137	0.198867	0.0829661	0.42084	0.281719	
0.0450551	-0.0364745	0.130347	0.163926	0.029813	0.285598	-0.033545	-0.0569048	0.163409	0.240298	0.00291273	0.538751	-0.0265264	-0.0740462	0.102875	0.0292923	-0.0115546	-0.0049671	-0.00872853	0.168027	0.0962175	0.424718	0	0	0	
0.0378507	-0.0364745	0.145544	0.172319	0.017171	0.265091	-0.0251449	-0.0644392	0.188349	0.239876	-0.00548059	0.538751	0.0989299	-0.0760528	0.0910263	0.0167195	0.0209509	-0.0049671	-0.00822118	0.116211	0.0590433	0.424718	-0.00954642	
0.0380745	-0.0364745	0.104285	0.172319	0.0275523	0.262035	-0.0251449	-0.0631261	0.198879	0.208495	-0.00548059	0.538751	-0.0586584	-0.0666684	0.0910263	0.0048223	0.0403248	-0.00372094	0.00251653	0.134738	0.0396694	0.424718	0.0651093	0.0604447	0.0175689	
0.0380745	-0.0451702	0.104285	0.15856	0.0378485	0.224205	-0.0295865	-0.067252	0.153799	0.22033	-0.00127866	0.538751	-0.040298	-0.0666684	0.0708087	0.0105939	0.0403248	-0.00372094	-0.0101794	0.151369	0.0464574	0.453213	
0.0402712	-0.045211	0.104285	0.162478	0.0378485	0.224205	-0.0166869	-0.067252	0.190497	0.268208	-0.00519717	0.538751	-0.1243	-0.0666684	0.0735319	0.0105939	0.0403248	-0.00591767	-0.00278445	0.156955	0.0367022	0.431594	0	
0.0401794	-0.0424166	0.122666	0.156265	0.0648143	0.207162	-0.0340178	-0.0696851	0.189764	0.28181	-0.00592995	0.533044	-0.0925426	-0.0661856	0.0727991	0.0113267	0.0600289	-0.00472338	-0.00867649	0.0878249	0.0263767	0.430862	-0.00923529	
0.0351883	-0.0424166	0.122666	0.137701	0.0332574	0.207162	-0.0411697	-0.0665118	0.189764	0.286078	-0.00105923	0.533044	-0.109715	-0.0658534	0.0727991	0.0113267	0.087406	-0.00840245	-0.00867649	0.0878249	-0.00100046	0.406146	0.00465942	0	
0.031457	-0.0655904	0.136247	0.137701	0.0332574	0.1861	-0.040405	-0.0724967	0.177175	0.259126	-0.00105923	0.533044	-0.0953372	-0.0739893	0.0779623	0.00841571	0.0835742	-0.00236695	-0.0179048	0.0878249	0.0142663	0.401431	-0.0229959	
0.0337046	-0.0564622	0.0928261	0.161656	0.0332574	0.235693	-0.0370201	-0.0704303	0.250649	0.328924	-0.00270849	0.52848	-0.0257847	-0.0739893	0.0779623	0.00841571	0.0980273	-0.00236695	-0.0377623	0.1335	-0.0293769	0.365214	
0.0272435	-0.0633363	0.10347	0.163549	0.0193051	0.235693	-0.0370201	-0.0725925	0.184811	0.306862	-0.00533325	0.492405	-0.0863471	-0.084049	0.0773291	0.0025778	0.129387	0.00426688	-0.0251767	0.1335	-0.0484444	0.365214	
0.0386288	-0.0568239	0.10347	0.183263	0.0326423	0.235693	-0.0417116	-0.0585438	0.184811	0.234826	-0.00533325	0.492405	-0.10175	-0.0764628	0.0773291	0.0025778	0.129387	-0.00711841	-0.0334873	0.150494	-0.0484444	0.348462	0.25258	0	0	
0.0471325	-0.0597239	0.139796	0.183263	0.0326423	0.252908	-0.0436912	-0.0647998	0.184811	0.234826	-0.00533325	0.513341	-0.102421	-0.0684383	0.0726894	0.0044304	0.151339	-0.00711841	-0.0349557	0.134821	-0.0703968	0.334904	
0.0573204	-0.0597239	0.12256	0.179552	0.0343169	0.252908	-0.0430067	-0.0647998	0.182363	0.223676	-0.00162159	0.513341	-0.0472361	-0.0603123	0.0866879	0.0044304	0.151339	-0.0173063	-0.0203052	0.158598	-0.0640247	0.406362	
0.0573204	-0.0542085	0.106021	0.179552	0.0366495	0.252908	-0.0413396	-0.0647998	0.142154	0.223676	-0.00162159	0.513341	-0.112863	-0.0591099	0.0917206	-0.000374468	0.100047	-0.0173063	-0.00442513	0.16641	-0.0127326	0.357496	-0.0756358	0	
0.0522969	-0.0664069	0.125348	0.179552	0.0406936	0.252908	-0.0390877	-0.0730887	0.168957	0.231022	-0.00162159	0.514917	0.00315594	-0.0638257	0.0929964	0.000818522	0.0653658	-0.0122829	-0.0119141	0.157975	0.0449418	0.454644	-0.106092	0.00082705	
0.0410123	-0.0641275	0.121544	0.135522	0.0406936	0.229553	-0.0505792	-0.0709604	0.123611	0.311499	0.00709266	0.518383	-0.0337671	-0.0734766	0.0884454	0.00597301	0.107804	-0.000998214	0.00381781	0.144792	-0.00327464	0.454644	0	
0.0551677	-0.0641275	0.120947	0.135522	0.0469939	0.229709	-0.0505792	-0.0664434	0.151937	0.232999	0.00709266	0.518383	0.164371	-0.0597189	0.0884454	0.00776528	0.0768637	-0.0151536	0.00381781	0.103163	0.029255	0.454644	-0.0783379	
0.0477964	-0.0612487	0.111498	0.142236	0.0469939	0.229709	-0.0506861	-0.070174	0.168034	0.232999	0.000378344	0.518383	-0.0571552	-0.0789327	0.0884454	0.00776528	0.0768637	-0.0077823	-0.00837333	0.108056	0.029255	0.454644	
0.0367701	-0.0612487	0.0874447	0.153961	0.0640311	0.229709	-0.0506861	-0.070174	0.168034	0.201303	-0.0113468	0.519871	0.0380592	-0.0649797	0.0789606	0.0010006	0.0458422	0.00683394	-0.0114311	0.108056	0.0799744	0.454644	0.0218533	
0.048866	-0.0533305	0.0874447	0.145836	0.0640311	0.241629	-0.050338	-0.070174	0.192142	0.370075	-0.00322132	0.519871	0.0143149	-0.059829	0.0679721	0.0010006	0.0371477	0.00436552	-0.0203004	0.114309	0.0738192	0.423893	0.000407782	
0.053911	-0.0533305	0.0852972	0.154254	0.0648818	0.221051	-0.050338	-0.070174	0.192142	0.251527	-0.0116394	0.519871	0.226005	-0.0735299	0.0679721	0.00269147	0.028433	-0.000679479	-0.0104326	0.115807	0.0825339	0.386923	0.0343557	
0.0542782	-0.0692002	0.136229	0.150775	0.0491741	0.209863	-0.0502482	-0.07058	0.14752	0.20868	-0.0116394	0.519871	0.00689036	-0.0735299	0.0754459	0.00269147	0.0273589	-0.0118551	-0.0244893	0.143982	0.0650678	0.351821	-0.041344	
0.0563817	-0.0511917	0.11151	0.123887	0.0518793	0.209863	-0.0482513	-0.0700068	0.131782	0.297654	-0.00215076	0.519871	0.129722	-0.0475593	0.0754459	-0.000620935	0.0283842	-0.0139586	-0.0227568	0.125608	0.0376421	0.330473	0.045171	0.133626	0	0	
0.0410039	-0.0629118	0.144531	0.123887	0.0475396	0.21019	-0.0479239	-0.0696794	0.101735	0.178793	-0.0018233	0.547914	0.120956	-0.0311288	0.0757733	-0.000948397	0.0287117	0.0017467	-0.0200723	0.125935	0.046955	0.3308	
0.0599219	-0.0629118	0.0876537	0.123906	0.0475396	0.223375	-0.0372302	-0.0697926	0.0801942	0.159486	-0.00258706	0.547914	-0.0523823	-0.0397797	0.0757733	-0.000948397	0.0106512	-0.0148112	-0.0219175	0.171786	0.0713633	0.402884	0	-0.0189629	
0.0351422	-0.0599717	0.0895445	0.126528	0.0438305	0.254924	-0.0302186	-0.0721434	0.118769	0.187107	-0.00520858	0.547914	-0.0335191	-0.0394386	0.0757733	0.000410326	-0.00502431	0.00996851	-0.0136068	0.154998	0.0683261	0.371667	-0.0293698	
0.0329883	-0.052826	0.0986166	0.126528	0.0642556	0.215868	-0.0453748	-0.0721434	0.102035	0.146341	-0.00520858	0.541795	-0.115067	-0.0421684	0.0940629	0.000410326	0.0145563	0.00996851	-0.0158618	0.0842441	0.0487455	0.371667	-0.0320098	
0.053497	-0.052826	0.159068	0.106903	0.0642556	0.200677	-0.0453748	-0.0675303	0.135519	0.198751	-0.00520858	0.541795	-0.0942155	-0.0619866	0.0940629	0.00133984	0.0145563	-0.0105401	-0.0282797	0.0904445	0.0472218	0.36559	0.123676	
0.0673313	-0.0575225	0.107196	0.107949	0.0642556	0.200677	-0.0548632	-0.067438	0.12708	0.142878	-0.00520858	0.575302	-0.0694261	-0.0738919	0.0892885	0.00133984	0.00669167	-0.00865591	-0.0102661	0.0904445	0.06163	0.36559	0	0.05784	
0.0673313	-0.0481663	0.124153	0.115336	0.0442141	0.200677	-0.0397467	-0.0695583	0.147165	0.104291	-0.00520858	0.572738	-0.132725	-0.0685759	0.0892885	-0.000329565	0.00669167	-0.00865591	-0.0102661	0.0904445	0.06163	0.36559	
0.0789325	-0.0446753	0.119244	0.115336	0.0347274	0.238154	-0.0450804	-0.0667684	0.152165	0.185252	-0.000207889	0.577739	-0.158117	-0.0548774	0.0896112	-0.00533026	0.0105133	-0.0152564	-0.0210066	0.0954452	0.0494219	0.369499	0.059957	
