0.0203386	0.674916	0.055672	-0.0590559	0.0110848	0.0133705	0.319047	-0.0503827	0.0168466	0.101718	0	0	0	0	0	0	0	0	0	0	0	0	0	0	0	0	0	0	0	0	0	0	0	0	0	0	0	0	0	0	0	0	0	0	0	0	0	0	0	0	0	0	0	0	0	0	0	0	0	0	0	0	0	0	0	0	0	0	0	0	0	0	0	0	0	0	0	0	0	0	
0.0203386	0.674916	0.055672	-0.0511245	0.0110848	0.0133705	0.383711	-0.0503827	0.0077276	-0.00847047	-0.0126973	0.0103784	0.116969	0.0178303	0	0	0.0274848	-0.00747	0.0126263	0.103118	0.176819	0.0321061	0.00313855	-0.0186576	0	0	0	0.164097	0	-0.0157164	0	0	-0.0368376	0.00607733	0	0	0	-0.00447197	0.00248665	-0.00074734	-0.0181527	0.0420672	-0.0026701	0.00631005	-0.0101579	0	0.0162946	0	0.00280973	0.0145461	0	0.0216504	
0.0203386	0.689333	0.0491834	-0.00373345	0.0110848	0.00296578	0.383711	-0.0648002	0.031357	-0.00847047	-0.0242041	0.0801233	0.116969	0.0385016	0.055443	-0.0345744	0.0291222	0.305104	0	-0.0505663	0.00634478	0.0946581	0.0144937	0.0250798	0.0960737	0	0.0147138	0.0451486	0.164097	0.0599713	-0.0288723	0.0583047	0.178571	0	-0.00447197	0.0559581	0.0475894	0.151378	-0.0119123	-0.0369158	-0.0101579	0.049521	0.0102522	-0.00761798	-0.0511245	
0.0171662	0.685145	0.0491834	-0.00373345	0.0110848	0.00296578	0.362231	0.0166323	-0.0606118	-0.0242041	0.010153	0.0755933	0.0328773	0.0144937	0.00972023	0.112457	0.0101308	-0.00661403	0.00634478	0.0793496	0.134589	-0.0603939	0.0126689	0.173151	0.0975925	0.0226035	0.0254486	0.178571	0.0227202	0.0102522	0.00910858	0.0823792	0.305104	-0.0545567	0.049521	-0.00761798	-0.0583179	
0.0171662	0.685145	0.0491834	-0.00373345	0.0110848	0.00296578	0.369728	0.0240123	-0.0606118	0.012184	0.145781	0.0457195	-0.0322975	0.026541	0.0101308	-0.0660378	0.145021	0.146282	0.0516397	-0.0220852	0.0126689	0.00470246	0.0975925	0.0254486	0.178571	-0.00761798	0.0487265	0.0663122	-0.00472297	0.0312057	0.0272887	0.28801	-0.0240475	0	0.145289	-0.031682	
0.0171662	0.691717	0.0491834	-0.00373345	0.0110848	0.00980855	0.3118	0.00981636	-0.0671838	0.012184	0.193979	0.114993	-0.0308978	0.124517	0.146282	0.116133	0.0196537	-0.03606	0.0126689	0.166547	-0.0151773	-0.0150067	0.0722178	0.260101	-0.0124146	0.155002	-0.0300974	-0.00790457	0.0599367	0.0682833	
0.0171662	0.698841	0.0483637	-0.0321138	0.0110848	0.00980855	0.381896	0.0237755	-0.0743081	-0.00831297	0.212435	0	0.155002	0.12556	0.116133	0.124517	-0.0379274	0.0802674	0	0.00231627	0.0196537	-0.0234794	0.0126689	0.167367	-0.0344426	0.00967177	0.0624149	0.132905	0.017691	-0.00522078	0.115397	-0.0514399	0.0271307	
0.0209934	0.688971	0.0483637	-0.0121438	0.0110848	0.0112674	0.3343	0.0170564	-0.0644377	-0.00462112	0.188976	-0.0356365	0.19507	0.116133	0.0784777	0.051803	-0.0344426	-0.000123125	-0.043095	0.0196537	0.0138763	0.0126689	0.00967177	0.0364587	0.0515092	0.0189575	0.14764	0.0552058	0.101752	
0.0209934	0.692941	0.0423019	-0.0273792	0.00995878	0.0112674	0.376463	0.00976172	0.116133	-0.0715059	-0.00462112	0.13816	-0.0356365	0.194635	0.109382	0.181076	-0.0167701	0.0419994	-0.0376944	0.0785976	0.000147002	0.0126689	0.00967177	0.00824431	0.0405677	0.0192669	0.284988	0.0783611	0.0667358	
0.0209934	0.735943	0.0376889	-0.0239833	0.00995878	0.0112674	0.376463	-0.0441279	0.144437	-0.0715059	0.0171274	0.13816	-0.00992158	0.22734	0.0998012	0.101672	-0.0167701	0.12586	0.00976172	-0.00685187	0.0471325	-0.00858341	0.0126689	0.0256686	0.123673	0	0.0372333	-0.00240348	0.0605449	-0.0105917	0.289601	0.0274152	0.0977619	
0.0209934	0.690569	0.0376889	-0.0239833	0.120457	0.0112674	0.0255508	0.457939	0.18691	-0.0715059	0.0171274	0.245308	-0.00684353	0.256046	0.11043	-0.0167701	-0.0265642	0.00123853	-0.0512876	0.0237834	0.0323418	0.0126689	-0.0153163	0.00252787	0.115477	0	-0.0132705	0.00280523	-0.0275087	0.16175	-0.0123844	
0.0209934	0.706526	0.0376889	-0.0239833	0.155496	0.0112674	0.0615662	0.337284	0.153286	-0.066077	-0.000862617	0.120673	-0.0177788	0.256046	0.124953	-0.0273768	0.0730312	0.00333945	-0.0133402	0.0665724	0.0323418	0.0126689	-0.00916283	0.00252787	0.216776	0.0926948	-0.0421998	0.108621	-0.0142724	
0.0237842	0.706526	0.0376889	-0.0281435	0.109033	0.0112674	0.0735583	0.337284	0.148166	-0.066077	-0.000862617	0.0200604	-0.0776307	0.256046	0.124953	-0.0183628	-0.0174655	0.00235037	-0.00632287	0.0354136	-0.0311065	0.00723827	-0.00603596	0.00252787	0.272274	0.00982937	-0.053088	0.101752	0.0422685	
0.0237842	0.706526	0.0376889	-0.0319224	0.109033	0.0112674	0.0830195	0.350453	0.119201	-0.066077	-0.000862617	0.206654	-0.0353838	0.0570563	-0.0292388	0.0240349	0.00524413	-0.00857656	0.0132901	0.0344416	0.0118447	-0.00418132	0.00252787	0.248201	0.0495694	-0.0162026	0.116781	0.197154	0.0602489	
0.0237842	0.706526	0.0595568	-0.0213433	0.116699	0.0112674	0.0839932	0.413314	0.179494	-0.066077	-0.0136315	0.306274	-0.057173	0.0387605	0.0770983	0.183115	-0.0292388	0.0109252	-0.00241815	-0.0309323	0.0147184	0.0511371	0.0118447	-0.00418132	0.00252787	0.143127	0.00959039	-0.0585436	0.116781	
0.0289049	0.708766	0.0595568	-0.0213433	0.112185	0.0112674	0.0099755	0.413314	0.135138	-0.0683162	0.00823238	0.0881957	0.0643865	0.222015	0.115516	0.30701	0.187898	0	-0.0298199	0.0508114	0.0112641	-0.0559131	0.0147184	0.0287232	0.0301098	-0.00418132	0.00813682	0.143127	-0.000435143	-0.0585436	
0.0289049	0.70823	0.0604263	-0.0280711	0.144467	0.0112674	-0.00284617	0.396025	0.169916	-0.0683162	-0.0128604	0.161015	-0.0199916	0.25646	0.202573	0.306141	0.283684	-0.0482725	-0.000835189	-0.0158011	0.0469931	0.00229295	-0.0272956	-0.0169416	0.0477376	0.0301098	-0.00418132	0.00813682	0.0608558	-0.0334026	
0.0289049	0.70823	0.0568908	-0.042231	0.176363	0.021196	-0.0116123	0.42001	0.171688	-0.0683162	-0.0177776	0.272885	0.08879	0.165189	0.202573	0.309676	0.114066	-0.0482725	-0.000835189	0.104887	-0.0427571	0.0783788	-0.0229061	0.094811	0.00229295	-0.0476949	-0.0172656	0.0587501	0.0301098	-0.00418132	0.00813682	0.107087	
0.0245085	0.70823	0.0568908	-0.0279115	0.176363	0.0264609	0.0107975	0.426808	0.171688	-0.0683162	0.00186828	0.0826471	0.156618	0.19929	0.230757	0.318222	0.0912846	-0.0482725	0.0203442	0.142218	-0.0240333	0.0208169	0.0169885	-0.0263733	-0.00386099	0.00936076	0.0301098	-0.00894387	0.00813682	0.0652349	
0.0294589	0.704727	0.0568908	-0.0279115	0.145316	0.0813441	0.0713901	0.426808	0.170712	-0.0648129	0.00186828	0.164402	0.248664	0.128354	0.170354	0.364442	0.085207	-0.061899	0.00526563	0.111607	-0.0240333	0	0.0169885	-0.0331827	0.0317271	0.00687172	0.0215934	0.0301098	-0.0154591	0.0786978	
0.0278353	0.704724	0.0588417	-0.0248962	0.179427	0.0670428	-0.00575359	0.336472	0.142078	-0.0631867	0.0426552	0.299782	0.142875	0.227395	0.309002	0.410533	0.0535878	-0.0459742	0.105068	0.0601257	-0.0252015	-0.0343959	0.0114601	-0.042318	0.146191	-0.0201115	0	0	0	-0.0121036	0.00805608	0.0317334	0.000809312	0.0643966	
0.0278353	0.704724	0.0588417	-0.0248962	0.179427	0.0613235	0.0280421	0.357891	0.148419	-0.0631867	0.0444517	0.340592	0.164151	0.0992456	0.117606	0.436873	0.202874	-0.0402549	0.229305	0.0114601	-0.039567	-0.0657751	0.185872	-0.0290908	0.0326258	0.0317334	0.000809312	0.0586772	
0.0278353	0.706207	0.0588417	-0.0248962	0.179427	0.0613235	0.022356	0.337459	0.148419	-0.0646698	0.0400023	0.340592	0.187425	0.181678	0.0697868	0.297677	0.0114601	-0.0402549	0.167563	-0.0458302	-0.010246	0.0536594	-0.0355163	0.0925293	0.04204	0.0317334	-0.0218056	
0.0278353	0.704461	0.0588417	-0.0248962	0.169267	0.069646	0.396456	0.148419	-0.0629231	0.0467933	0.28571	0.299496	0.0969806	0.0936569	0.344132	0.00463765	-0.0433686	-0.00907146	0	-0.010246	0.0567731	-0.0182993	0.0529595	-0.0188371	-0.00969062	0.262192	0.0434163	0.0317334	-0.0218056	
0.0319121	0.696477	0.05683	-0.0248962	0.146026	0.0681704	-0.0208099	0.396456	0.148419	-0.0549398	0.0467933	0.28571	0.146343	-0.0156394	0.0176839	0.190683	0.00463765	-0.041893	0.125035	-0.0218538	-0.00692316	0.0522164	0.0771704	0.0918455	-0.025653	0.265114	0.126142	0.0333893	
0.0319121	0.696477	0.0643001	-0.0157264	0.113262	0.0704928	-0.012738	0.396456	0.148419	-0.0549398	0.0467933	0.406947	0.206174	-0.0156394	-0.0183188	0.183212	0.00452505	-0.0442154	0.0951528	-0.02558	-0.0115246	0.0545389	0.0493229	0.000861463	-0.025653	0.39867	0.204211	0.0227632	
0.0319121	0.696477	0.0588573	-0.0345373	0.113262	0.0632921	-0.012738	0.396456	0.0976742	-0.0549398	0.0467933	0.333197	0.0645821	-0.0498422	-0.0183188	0.17525	0.0812567	-0.0442154	0.057672	-0.0205432	-0.00538765	0.0545389	0.272995	0.00844238	0.142886	-0.0260898	0.00452505	0.0227632	-0.0512199	0.31936	
0.0319121	0.696477	0.0588573	-0.0294848	0.113262	0.0632921	-0.012738	0.396456	0.113717	-0.0549398	0.051864	0.338176	0.0623246	0.0742917	0.0534414	0.231883	0.0664644	-0.0442154	0.057672	-0.0275483	-0.00538765	0.0468672	0.19679	-0.0169283	-0.0595842	0.0168053	0.0227632	0.199032	
0.0241134	0.690987	0.0614745	-0.0268676	0.211806	0.0552229	-0.0283901	0.399073	0.102257	-0.0551145	0.0412239	0.688699	-0.00726222	0.0826955	0.0809129	0.13899	0.0288983	-0.033529	0.0608469	-0.00406298	-0.00666725	0.038798	0.25043	0.00165816	-0.0222051	0.0194225	0.0589094	0.00526897	0.290555	
0.0241134	0.690987	0.0592883	-0.0268676	0.211354	0.0710704	-0.0305621	0.366139	0.0773664	-0.0551145	0.0338608	0.658179	0.0563789	0.110169	0.0375482	0.154203	0.0375744	-0.033529	0.0635231	-0.0269355	0.0259014	0.038798	0.122742	0.0141623	-0.0475056	0.0194225	0.0589094	0.35968	
0.0241134	0.690987	0.059335	-0.0268676	0.225104	0.0578663	-0.0305621	0.502068	0.0773664	-0.0551145	0.0326576	0.415871	0.0911306	0.0902627	0.10866	0.0526144	0.282817	-0.033529	0.126774	-0.0269355	-0.00393753	0.0543383	0.196956	-0.0136537	-0.0614846	0.0194225	0.0589094	0.399314	
0.0241134	0.70464	0.0414115	-0.0268676	0.262556	0.0509269	-0.0532898	0.502068	0.125403	-0.0551145	0.0490653	0.557366	0.0614143	0.0902627	-0.0177471	0.155674	-0.028696	0.0586244	-0.0354913	0.0397594	0.0356638	0.253987	-0.0136537	-0.0549262	-0.00230982	0.0655253	0.10686	
0.0109068	0.70464	0.0489803	-0.0301111	0.310154	0.0530268	-0.0525489	0.502068	0.156182	-0.0551145	0.0436582	0.577407	0.0614143	0.0581672	0.0888177	-0.0363726	-0.0307958	0.0791012	-0.00830361	0.055344	0.0377637	0.183813	0.0364146	-0.0768319	-0.000613748	0.0785018	0.0475739	
0.0217395	0.70464	0.0598865	-0.0318861	0.281541	0.049884	-0.0525489	0.502068	0.156182	-0.0551145	-0.0109856	0.437769	0.0209152	0.0757434	0.0837763	0.0449832	0.0607565	-0.027653	-0.0197994	0.110952	0.0678003	0.0327495	0.242028	0.0364146	-0.0759	-0.00699374	0.075359	
0.0217395	0.70464	0.0598865	-0.0256476	0.321568	0.0429068	-0.0443839	0.502068	0.153413	-0.0551145	0.0241304	0.251236	0.0297019	0.0282598	0.0767991	0.108391	0.112685	-0.0206759	-0.0197994	0.117652	0.0559303	0.0257723	0.0761294	0.0640743	-0.0681807	-0.00699374	0.0683818	
0.0211675	0.704959	0.0598865	-0.021441	0.268219	0.0429068	-0.0254035	0.503587	0.122366	-0.0554328	0.0223755	0.291604	0.00133902	-0.0335104	0.0767991	0.119665	0.0123698	-0.0206759	-0.0197994	0.0969262	0.0609159	0.025956	-0.00227811	-0.00150739	-0.08137	0.0247933	0.0683818	-0.0247964	0	
0.0168612	0.739761	0.0539491	-0.0196396	0.2154	0.0308863	-0.0254035	0.503587	0.159302	-0.0554328	-0.0157083	0.225538	0.0320573	0.122768	0.110306	0.140955	0.146272	-0.0206759	-0.0242578	0.246927	0.0466372	0.025956	0.0316852	0.0114479	-0.09834	-0.00703552	0.0683818	-0.0259613	
0.0168612	0.739761	0.0539491	-0.0155275	0.174764	0.0259916	-0.0254035	0.503587	0.202493	-0.0554328	-0.0389458	0.347626	-0.0241496	0.0615581	0.051083	0.116906	0.13716	-0.0157812	-0.0348844	0.200322	0.0384717	0.0210613	0.227884	0.00116204	-0.0988885	0.0147335	0.0634871	-0.0179843	0.05996	0	
0.0168612	0.736549	0.0511888	-0.0155275	0.338139	0.0243332	-0.0127594	0.503587	0.310272	-0.0554328	-0.0258902	0.281035	-0.0572044	0.0495249	0.0754626	0.212718	0.192107	-0.0157812	-0.0399482	0.240688	0.0518063	0.0309553	0.088717	0.0315356	-0.0988885	0.0165567	0.0634871	-0.0611705	0.205462	0.0572595	0	
0.0168612	0.738998	0.0715006	-0.0307676	0.470181	0.0243332	0.00559049	0.503587	0.310272	-0.0578817	-0.0320956	0.370784	-0.0404519	0.0305077	0.0766454	0.281874	0.231454	-0.0157812	-0.000312965	0.220376	0.0173308	0.0325385	0.118604	0.0914546	-0.0956509	0.00419246	0.0634871	
0.0168612	0.733679	0.0715006	-0.025359	0.374302	0.0243332	0.0261803	0.482588	0.310272	-0.0578817	-0.0341898	0.418691	0.00213961	0.0287389	0.0765289	0.253198	0.264876	-0.0157812	-0.0286152	0.220376	0.0358996	0.0325385	0.259026	0.063099	-0.0981438	0.00770909	0.0634871	
0.0168612	0.734657	0.0715006	-0.0215774	0.344134	0.0243195	0.0576307	0.482588	0.28812	-0.0588604	-0.045523	0.65067	0.0214187	0.104257	-0.00232467	0.086145	0.284432	-0.0157812	-0.00141599	0.326718	0.0464042	0.0268677	0.15671	0.0944221	-0.0732337	0.0180118	0.0634871	
0.0168612	0.76295	0.0748492	-0.0215774	0.349135	0.0243195	0.0748786	0.482588	0.28812	-0.0659962	-0.0181402	0.602654	0.0792212	0.0534437	-0.00229282	0.282741	-0.0629304	-0.0157812	-0.0239329	0.323369	0.0338954	0.0268677	0.520178	0.0681951	-0.0732337	-0.00565193	0.0634553	-0.118739	0.0165223	0	
0.0168612	0.709109	0.0748492	-0.0198357	0.0552008	0.0243195	0.0748786	0.489976	0.28812	-0.0653078	-0.0377227	0.409349	0.151686	0.0467092	0.000183528	0.487611	-0.0798356	-0.0157812	-0.0239329	0.39144	0.0354779	0.0268677	0.232984	0.0735293	-0.0549299	0.0137165	0.0634553	0.0658731	
0.0228738	0.725366	0.0748492	-0.0255324	0.113269	0.0243195	0.0748786	0.489976	0.30209	-0.0653078	-0.0377227	0.295292	0.15904	0.0755974	-0.0256203	0.247339	-0.0848103	-0.0157812	-0.015499	0.320314	0.0410843	0.0260454	0.269493	0.0735293	-0.0847759	0.0107539	0.0634553	-0.0421777	0	
0.0296925	0.745245	0.0748492	-0.0255324	0.137115	0.0243195	0.128941	0.573653	0.307434	-0.0653078	-0.017346	0.310316	0.15904	0.26906	-0.00657675	0.251562	-0.0848103	-0.0157812	-0.000272197	0.320314	0.052938	0.0205096	0.355344	0.07894	-0.0812634	0.0117702	0.0634553	
0.0308228	0.754472	0.0754704	-0.025178	0.162134	0.0340883	0.0957847	0.533895	0.298633	-0.0745345	-0.0426979	0.589421	0.122337	0.26906	-0.0165936	0.198837	0.00562235	-0.0157812	-0.000272197	0.320294	0.0835424	0.0205096	0.255105	0.0546348	-0.0639292	0.00696493	0.0634553	0	0	
0.0366341	0.74485	0.0570085	-0.025178	0.128177	0.0340883	0.0957847	0.346414	0.224768	-0.0649128	-0.041933	0.507616	-0.00647475	0.137276	-0.0165936	0.265625	-0.0249735	-0.0157812	-0.000272197	0.447238	0.0715896	0.0234765	0.119379	-0.00102607	-0.0352861	0.0181832	0.0634553	0	
0.0366341	0.725632	0.0441489	-0.0081967	0.128177	0.0340883	0.0864209	0.33878	0.224768	-0.0657936	-0.0632152	0.489531	0.0123076	0.0988122	-0.0122848	0.321098	-0.0512652	-0.0157812	0.0113663	0.460098	0.0280972	0.0245845	0.2718	0.0295966	-0.0199277	0.0181832	0.0642754	0.0309366	
0.035938	0.727708	0.0552624	-0.0204999	0.315032	0.0166865	0.0864209	0.33878	0.224768	-0.0678695	-0.0418372	0.423985	-0.00937077	0.107451	-0.0162637	0.074867	0.0798064	-0.0157812	0.0113663	0.251451	-0.0115556	0.0210885	0.209145	-0.0175814	-0.0471782	0.0210857	0.0642754	0	
0.0292522	0.727805	0.0566833	-0.0204999	0.248304	0.0438229	0.0864209	0.399063	0.234656	-0.0678695	-0.0489425	0.284875	0.115337	0.192989	0.0021391	0.157285	0.112909	-0.0169883	0.00279577	0.25003	0.0028428	0.0252445	0.0735346	-0.0250322	-0.0638508	0.0136992	0.0470798	
0.0263563	0.727805	0.0566833	-0.0204999	0.171123	0.0438665	0.085483	0.399063	0.220114	-0.0678695	-0.0349944	0.284875	0.0666548	0.091658	0.189526	0.211085	-0.0169883	-0.00886284	0.25003	-8.69455e-05	0.0252445	0.19775	-0.017367	-0.0372417	0.0136992	0.0470798	
0.0263563	0.727805	0.0566833	-0.0204999	0.171123	0.0450111	0.0801424	0.406129	0.220114	-0.0678695	-0.0349944	0.349657	-0.0128987	0.0881872	0.344396	0.22476	-0.0181329	-0.00749839	0.299509	-0.0066052	0.026389	0.0895534	-0.0208225	-0.0522978	0.0136992	0.0482243	
0.0262413	0.731059	0.0645706	-0.0204999	0.0890851	0.0450111	0.0801424	0.350515	0.220114	-0.0711235	-0.0150031	0.0783102	-0.0029101	0.174846	0.256447	-0.0279514	0.0606868	-0.0181329	-0.00749839	0.291622	0.0108619	0.024845	0.0577734	-0.0570453	-0.0689892	0.0348119	0.0482243	
0.0230579	0.731373	0.0669388	-0.0111088	0.018777	0.0339604	0.0801424	0.378525	0.235155	-0.0714374	-0.0150031	0.150487	-0.00444323	0.184934	0.222045	0.0143251	-0.013727	-0.00541556	0.157408	-0.00630192	0.0204392	0.0572496	-0.0422473	-0.0618305	0.0235804	0.0438185	-0.0267482	
0.0325925	0.703369	0.0669388	-0.0111088	-0.00166976	0.0433548	0.0801424	0.378525	0.158763	-0.071763	0.000124872	0.139088	-0.0397375	0.342284	0.158292	0.131804	0.0256635	-0.0163038	-0.00976147	0.168906	0.00319771	0.023016	0.278756	-0.0652155	-0.0602923	0.0297414	0.0492777	
0.0325925	0.701218	0.0669388	-0.0174625	-0.0406184	0.0363081	0.0801424	0.378525	0.242701	-0.0696119	0.00884812	0.181028	0.0189132	0.0526397	0.204711	0.190018	-0.0092572	-0.0114442	0.188252	0.0245748	0.0194107	0.184895	-0.0668924	-0.072789	0.0317754	0.042231	
0.0250515	0.697333	0.0669388	-0.0174625	0.0190783	0.0363081	0.0524936	0.460767	0.249193	-0.0721443	0.00584558	0.073857	0.00511197	0.227054	0.213075	0.177446	-0.0092572	0.0775977	0.0173215	0.125433	0.0196968	0.0194107	0.143098	-0.0162293	-0.0789503	0.0317754	0.0385701	0.138981	
0.030637	0.697333	0.0669388	-0.0174625	-0.0111976	0.0364974	0.0524936	0.460767	0.237767	-0.0721443	0.00584558	0.334803	-0.0350533	0.174827	0.276181	0.16067	-0.00944641	0.155485	0.0394929	0.133776	0.0118627	0.0195999	0.160138	0.0293644	-0.0658283	0.0167088	0.0387593	
0.0240685	0.697784	0.0552535	-0.0297816	-0.0272364	0.0395294	0.047739	0.427093	0.228669	-0.0725949	0.0235177	0.234112	-0.0730548	0.174827	0.0863561	0.0148968	-0.0124784	0.0417913	0.0753265	0.201963	0.0120945	0.0175284	0.0679503	-0.0230513	-0.0744505	0.0476222	
0.0276103	0.697784	0.0552535	-0.0272021	0.00992329	0.0453525	0.0419465	0.426833	0.228669	-0.0725949	0.0235177	0.0921871	-0.0639258	0.244725	0.0938222	0.138082	-0.0124784	0.0417913	0.0753265	0.249454	0.0058966	0.0119269	-0.00901396	-0.031026	-0.0797336	0.0511466	0.157963	
0.0309542	0.697784	0.0552535	-0.031574	0.0279738	0.0453525	0.0472007	0.426833	0.210098	-0.0725949	0.0206681	0.0960228	-0.0737468	0.256617	0.156406	0.165201	-0.0124784	0.0379076	0.0536828	0.131767	0.0537503	0.0132343	0.0890523	-0.0176773	-0.0935288	0.0650441	0.0391221	
0.0309542	0.695433	0.0552535	-0.0240198	0.0369243	0.0453525	0.0304605	0.426833	0.257679	-0.0702437	0.0288949	0.168108	-0.0881294	0.256617	0.0363152	0.174753	-0.0124784	0.0379076	0.0536828	0.162954	0.0597825	0.0132343	-0.00645613	0.012941	-0.0854752	0.0403662	0.118287	-0.0153369	
0.0256897	0.695433	0.0562544	-0.0310448	0.0556285	0.0414966	0.0593844	0.426833	0.153853	-0.0702437	0.0418582	0.185225	-0.0720972	0.290698	0.168616	0.584696	-0.00862251	0.0340517	0.032068	0.161953	0.0578129	0.0093784	0.0448103	0.0900556	-0.0703604	0.0403662	0.0647628	
0.0263215	0.695433	0.0634328	-0.0375803	0.0532108	0.0414966	0.037317	0.426833	0.142997	-0.0702437	0.0418582	0.198787	-0.0332778	0.484004	0.143001	0.665851	-0.00862251	0.0332234	0.0328662	0.147479	0.0578129	0.0093784	0.0632566	0.0709578	-0.0699169	0.0347167	0.0892424	
0.0263215	0.693966	0.0634328	-0.0375803	0.0920639	0.0414966	0.0350449	0.426833	0.142997	-0.0687765	0.0627873	0.260651	-0.00719942	0.754139	0.339887	0.517117	-0.00862251	0.0332234	0.0328662	0.262681	0.0578129	0.0093784	0.186178	0.084124	-0.0776406	0.0347167	0.114515	0	0	
0.0366893	0.677258	0.0681276	-0.0300309	0.0875125	0.0314292	0.0441975	0.296421	0.132629	-0.0624367	0.0396808	0.289459	-0.0340708	0.723456	0.214387	0.828689	-0.00892294	0.023156	0.0283147	0.20196	0.0532614	-0.0125299	0.159991	0.0436881	-0.0929998	0.0301653	0.115408	-0.00581642	0.0796984	0.0223916	0	
0.0258644	0.782033	0.0681276	-0.0300309	0.0380783	0.0314292	0.0442965	0.362309	0.138834	-0.0562315	0.0229859	0.295509	-0.00983485	0.598342	0.0783489	0.285654	-0.00271767	0.023156	0.0184934	0.216884	0.0532614	0.000638769	0.0292723	0.0669113	-0.0931262	0.0301653	0.0964419	0.000388851	
0.0258644	0.706128	0.048535	-0.0131452	0.124685	0.0314292	0.0177102	0.362309	0.138834	-0.0562315	0.0224562	0.333009	-0.038727	0.728092	0.0339902	0.330362	-0.00271767	0.0207026	0.0184934	0.236476	0.0765691	-0.00379755	0.098018	0.0569403	-0.0855296	0.0478315	0.100878	0.000388851	0.0113441	
0.0258644	0.724446	0.0715714	-0.030996	0.135851	0.0314292	0.0184644	0.331742	0.163287	-0.0562315	0.0247082	0.242726	-0.0543518	0.884029	0.086939	0.413943	-0.00271767	0.0207026	0.0289302	0.214255	0.0788212	-0.00678648	0.0895197	0.0633325	-0.0836793	0.0312507	0.0965217	-0.00186322	0.00974076	0.0271996	
0.0258644	0.724446	0.0839602	-0.030996	0.060227	0.0332283	0.0184644	0.401175	0.191202	-0.0562315	0.0247082	0.194836	-0.046488	0.884029	0.0578802	0.394007	-0.00271767	0.0207026	0.0414092	0.201866	0.095096	-0.0076814	0.112683	-0.0191996	-0.0836793	0.0367448	0.0974167	-0.00186322	0	
0.0386155	0.72348	0.0839602	-0.0284533	0.0608592	0.0306463	0.0184644	0.385267	0.17568	-0.0551185	0.0107256	0.483749	0.0295529	0.80989	0.177888	0.465843	-0.000135604	0.0181205	0.0414092	0.201866	0.100997	-0.0102635	0.0370874	0.0599558	-0.067613	0.0367448	0.0974167	-0.00186322	0.0420598	
0.0386155	0.728549	0.0839602	-0.0231121	0.0130937	0.0306463	0.0320085	0.399591	0.183118	-0.0601871	0.0107256	0.235504	0.0281762	0.59506	0.113824	0.15833	-0.000135604	0.0181205	0.0414092	0.290937	0.0880062	-0.0102635	0.142467	0.0950422	-0.0758288	0.0367448	0.0974167	-0.00186322	0.0866366	
0.0386155	0.77836	0.0626476	-0.0299328	0.00381823	0.0320883	0.0320143	0.399591	0.183118	-0.0601871	0.0107256	0.136305	0.0589399	0.637185	0.195264	0.20168	-0.00157761	0.0195625	0.0315287	0.283795	0.0736458	-0.00882146	0.148294	0.0950422	-0.0878957	0.0243557	0.0748413	-0.00186322	0.201749	0	-0.0483074	
0.0363034	0.77836	0.0626476	-0.0258537	-0.0197619	0.0320883	0.0320143	0.399591	0.200606	-0.057875	0.0237271	0.121962	0.00667024	0.637185	0.18246	0.148476	0.000734478	0.0195625	-0.0140666	0.34353	0.0682338	-0.00882146	0.114209	0.134873	-0.0794874	0.0373727	0.0748413	0.000448873	0.134725	
0.0437125	0.77836	0.0626476	-0.0221122	-0.0367964	0.03533	0.044448	0.399591	0.207133	-0.057875	0.014748	0.379661	0.0106002	0.637185	0.153611	0.0177583	-0.00104174	0.0213387	0.00349741	0.51746	0.0746773	-0.00704524	0.0342774	0.161821	-0.0461966	0.0121059	0.115293	0.000448873	0.199309	0.0107469	-0.0331618	
0.0402519	0.779684	0.0626476	-0.0368421	-0.034834	0.0480497	0.044448	0.399591	0.188927	-0.0599685	0.014748	0.388311	-0.0418455	0.637185	0.106047	0.0847905	-0.0145308	0.0340584	0.0295228	0.51746	0.0437034	0.0175977	0.0602241	0.0780726	-0.0794212	0.0293812	0.0598145	-0.000320553	0.136493	0	
0.0402519	0.771159	0.0626476	-0.0282382	0.0400602	0.0480497	0.044448	0.370535	0.188927	-0.0514431	0.0155538	0.388311	0.0656292	0.637185	0.115268	0.0726098	-0.0145308	0.0340584	0.00177441	0.501682	0.0825389	0.00789505	0.0165683	0.0780726	-0.009911	0.0293812	0.07728	-0.000320553	0.136493	0.0303562	0	0.0527849	0	
0.0443767	0.770753	0.0680549	-0.0228309	0.0723306	0.0609717	0.0658797	0.375943	0.178531	-0.0551623	0.0354412	0.609836	0.0657571	0.529254	0.0585501	0.0642067	-0.0175429	0.0329456	0.00718174	0.551153	0.0674631	0.00999694	0.0527886	0.0834799	-0.033761	0.0347886	0.0631132	-0.00985269	0.117178	0.0878762	0	
0.0443767	0.768647	0.0705778	-0.0254435	0.0532485	0.0543312	0.0632671	0.37333	0.175989	-0.0530563	0.0130376	0.554214	-0.0281565	0.523209	0.055307	0.169198	-0.0175429	0.0268462	0.00721511	0.546017	0.0624328	0.00999694	0.0875597	0.0475815	-0.0640507	0.0152895	0.102133	-0.00724011	0.153835	0.619572	0.0165435	
0.0506645	0.769231	0.0705778	-0.0186336	0.108344	0.0543312	0.0621851	0.346877	0.175433	-0.0541951	0.0130376	0.492418	-0.0948154	0.31118	0.1082	-0.0274807	-0.0180983	0.0203662	0.0012864	0.542072	0.0624328	0.00999694	0.049758	0.0793307	-0.0614825	0.0152895	0.0864649	-0.00779555	
0.0476055	0.769231	0.071441	-0.0400578	0.0892017	0.0592382	0.0606349	0.345326	0.22858	-0.0511361	-0.0141484	0.357994	-0.0899946	0.23052	0.234929	-0.00381124	-0.0199463	0.0252732	-0.000263715	0.539659	0.0845665	0.0149039	0.137463	0.000253915	-0.0557531	0.0204874	0.0761467	-0.00318645	
0.0295272	0.77274	0.071441	-0.0400578	0.055699	0.0465938	0.0606349	0.404105	0.22858	-0.0546453	-0.0300264	0.387669	0.0268311	0.315003	0.143759	-0.00273181	-0.0190426	0.0353377	-0.00999682	0.539659	0.0962096	0.0140002	0.0529066	0.00795017	-0.0543346	0.0330704	0.0707761	-0.00318645	
0.0287696	0.77274	0.071441	-0.0180002	-0.0253899	0.0319425	0.0511889	0.404105	0.254597	-0.0546453	-0.0300264	0.247784	0.0399929	0.2696	0.16143	0.0380327	-0.0190426	0.0353377	-0.0222536	0.504384	0.166174	0.0140002	0.191612	0.0844702	-0.0797206	0.00644642	0.0771433	-0.00318645	
0.0287696	0.77274	0.0830694	-0.0180002	0.0190965	0.0319425	0.0733073	0.42393	0.174071	-0.0546453	-0.0128591	0.328286	0.0379824	0.291535	0.0152408	-0.0304026	-0.0190426	0.0407057	0.00883734	0.492755	0.185402	0.0140002	0.400153	0.0844702	-0.093931	0.0286526	0.0771433	-0.00318645	
0.0287696	0.77274	0.0830694	-0.0249528	-0.00266072	0.0354712	0.0733073	0.35695	0.218531	-0.0546453	-0.00387604	0.419364	0.0172091	0.339805	0.143937	-0.0491299	-0.0225713	0.0430083	-0.00631906	0.51764	0.185402	0.0210631	0.258163	0.0356253	-0.0838141	0.0179283	0.0794608	-0.00318645	-0.036801	
0.0287696	0.78066	0.0830694	-0.0278413	0.0582022	0.0354712	0.0733073	0.35695	0.201214	-0.057298	-0.00387604	0.123577	-0.0152965	0.292271	0.21139	-0.0768201	-0.0225713	0.0430083	0.00391683	0.496859	0.187395	0.0210631	0.333562	-0.00791225	-0.0801147	0.023964	0.0631735	-0.00318645	0.0649709	-0.0232629	-0.0808957	
0.0267992	0.78417	0.0830694	-0.0263507	0.0582022	0.0354712	0.0938061	0.35695	0.175418	-0.0588376	-0.0226752	0.152745	0.0517496	0.253817	0.0982972	-0.0768589	-0.0206009	0.0398173	0.00692333	0.496859	0.162179	0.0194367	0.15367	-0.0466888	-0.104881	0.0132799	0.0783315	-0.00121607	0.0718789	-0.0343124	0.160999	-0.0622447	
0.0267992	0.789026	0.085044	-0.0263507	0.0582022	0.0376108	0.0938061	0.33721	0.236011	-0.0588376	-0.0344467	0.352127	0.0102044	0.303912	0.0833665	-0.0535241	-0.0206009	0.0439514	0.00692333	0.494885	0.162179	0.0194367	0.133648	-0.0138529	-0.0888881	0.0132799	0.0635307	-0.00121607	
0.0161893	0.789026	0.085044	-0.0263507	0.196247	0.0376108	0.0938061	0.36567	0.237714	-0.0571345	-0.0481939	0.169876	0.0710447	0.307418	0.0354991	-0.0444333	-0.0188978	0.0439514	-0.0152479	0.454789	0.163757	0.0194367	0.140966	0.0284738	-0.0272907	0.00737995	0.0635307	0.000487017	
0.0161893	0.789026	0.085044	-0.0131574	0.14466	0.0415546	0.0938061	0.36567	0.236981	-0.0571345	-0.0426327	0.195265	0.0261544	0.307418	0.0476555	-0.0444333	-0.0188978	0.0439514	-0.00195919	0.482127	0.166984	0.00599939	0.0971801	0.021454	-0.0404592	0.00737995	0.076968	0.000487017	0	
0.0161893	0.785835	0.085044	-0.026512	0.157366	0.0289758	0.105169	0.340911	0.236981	-0.0571345	-0.0429576	0.0998664	0.0717125	0.410688	-0.0135073	-0.024751	-0.0188978	0.0439514	0.00284339	0.371915	0.186275	0.0129761	0.0971801	0.0663391	-0.0406337	0.000242461	0.108596	0.000487017	
0.0188241	0.802013	0.085044	-0.0230783	0.0373827	0.0316083	0.105169	0.340911	0.234346	-0.062631	-0.0326822	0.176752	0.0359547	0.659743	0.0220339	0.0791169	-0.0245968	0.0406658	-0.00598304	0.371915	0.238447	0.0160403	0.0495024	0.0425259	-0.00128292	0.0182758	0.108596	-0.00214782	
0.0252188	0.802013	0.085044	-0.0145313	0.0565711	0.0292494	0.105566	0.340911	0.196723	-0.062631	-0.0326822	0.247051	0.120342	0.415558	0.0513979	0.0242411	-0.0245968	0.0406658	-0.00598304	0.371915	0.165062	0.0258721	0.155294	0.00600967	-0.0282167	0.0189227	0.098764	-0.00214782	0	
0.0252188	0.802013	0.085044	-0.040771	0.013785	0.0292494	0.105566	0.340911	0.190269	-0.062631	-0.0477506	0.0535989	-0.019421	0.305465	0.0646486	-0.000284685	-0.0245968	0.0406658	-0.0181681	0.390402	0.165062	0.0163079	0.17254	0.0623824	-0.0417168	0.0189227	0.100434	-0.00214782	
0.0252188	0.802013	0.085044	-0.0371243	0.077522	0.0322838	0.104482	0.340911	0.171614	-0.062631	-0.0477506	-0.0128515	0.0238004	0.371078	0.0505284	-0.0251909	-0.0245968	0.0406658	-0.0325963	0.390402	0.165062	0.0163079	0.203919	0.0933936	-0.0390377	0.0160804	0.0665574	-0.00214782	
0.0252188	0.802013	0.085044	-0.0187927	0.0498434	0.0409565	0.104482	0.360861	0.193401	-0.062631	-0.0549138	0.0899449	0.0563188	0.380814	0.118209	0.142453	-0.0289218	0.0449908	-0.0325963	0.344922	0.165062	0.0266258	0.245015	0.0481107	-0.0337945	0.0160804	0.0516869	-0.00214782	
0.0271672	0.742616	0.0850088	-0.0337798	0.0898606	0.0347796	0.107989	0.360826	0.193401	-0.0641203	-0.039935	-0.0168621	0.102737	0.380779	0.0856423	-0.00891866	-0.0227449	0.0388139	-0.00519394	0.289656	0.184704	0.0209557	0.32975	0.106136	-0.0337945	0.0160452	0.0590746	-0.00211258	-0.0192387	
0.0271672	0.752454	0.0850088	-0.0337798	0.123539	0.0347796	0.107989	0.360826	0.110842	-0.0739585	-0.039935	-0.068654	0.0662151	0.36143	0.0495718	-0.00713666	-0.0227449	0.0388139	0.00705739	0.289656	0.150661	0.0262069	0.174643	0.0681537	-0.0484091	0.0168037	0.0538233	-0.00211258	0.0544483	
0.0271672	0.748484	0.0850088	-0.0337798	0.120106	0.0388057	0.112556	0.388239	0.110842	-0.0699887	0.00901867	-0.0472127	0.040976	0.440682	0.0379889	-0.0122949	-0.0227449	0.0442193	-0.00421041	0.312969	0.225364	0.0262069	0.494861	0.0381554	-0.0691229	0.0308526	0.0538233	-0.00211258	
0.023425	0.748484	0.0805997	-0.0337798	0.0843878	0.0388057	0.124752	0.290619	0.110842	-0.0699887	0.00490046	-0.0113838	0.040976	0.440682	0.248626	-0.0145545	-0.0227449	0.0442193	-0.00421041	0.307133	0.225364	0.0262069	0.308895	0.0881188	-0.050546	0.0308526	0.0821085	-0.00211258	
0.0357204	0.7385	0.0800553	-0.0166438	0.221145	0.0388057	0.127301	0.306006	0.126846	-0.0600047	0.00490046	0.0172093	0.112901	0.440121	0.224168	0.0248383	-0.0227449	0.0463045	0.0200709	0.338094	0.227913	0.0262069	0.174494	0.090668	-0.0496301	0.0392278	0.0821085	-0.00466177	0.114967	-0.0011427	
0.0313501	0.752538	0.0965917	-0.0225279	0.221145	0.0388057	0.127301	0.306006	0.127824	-0.0730641	0.0141419	0.0172093	0.056392	0.444368	0.248696	-0.0104229	-0.0217662	0.0463045	0.0200709	0.397605	0.227913	0.0262069	0.266007	0.0860839	-0.0180789	0.0397125	0.0888521	-0.00368304	0	
0.0239418	0.789584	0.0891273	-0.0209467	0.398357	0.026659	0.125763	0.366065	0.127824	-0.0730641	0.0150497	0.128635	0.059212	0.360565	0.26115	0.0329529	-0.0135257	0.0315205	0.0451476	0.347276	0.227913	0.0179665	0.257767	0.125732	-0.0561292	0.0397125	0.0888521	-0.00368304	-0.0920602	
0.0239418	0.789584	0.0891273	-0.0223901	0.36714	0.021878	0.125763	0.366065	0.0938284	-0.0730641	-0.00149416	0.144948	0.200644	0.452645	0.159184	-0.0695975	-0.0135257	0.0315205	0.0451476	0.347276	0.227913	0.00800926	0.28077	0.0716825	-0.0514273	0.0423013	0.0966031	-0.00368304	-0.00198731	0.0222363	
0.0190475	0.774111	0.100252	-0.0223901	0.36714	0.0189913	0.125763	0.372317	0.111701	-0.0743566	-0.00647132	0.0992601	0.210703	0.243821	0.0836538	-0.0445206	-0.0135257	0.0315205	-0.00126438	0.401706	0.225758	0.00643318	0.101378	0.0372882	-0.00936096	0.0423013	0.0864796	-0.00368304	0.0255193	0	
0.0190475	0.765533	0.100252	-0.0136128	0.322013	0.0194493	0.125763	0.400311	0.0954985	-0.0743566	-0.0391367	0.223392	0.0781241	0.214672	0.0949786	-0.0547722	-0.0135257	0.0315205	-0.00126438	0.408368	0.262865	0.00643318	0.0640019	0.0710329	-0.0581405	0.0424555	0.0864796	-0.00368304	
0.0190475	0.75961	0.100252	-0.0248305	0.343824	0.0277672	0.125763	0.400311	0.100526	-0.0684329	-0.0352434	0.150878	0.144467	0.214672	0.102829	-0.0433468	-0.0116053	0.0296001	-0.00126438	0.408909	0.253319	0.0055376	0.0636685	0.0652221	-0.0209274	0.0410111	0.0854548	-0.00368304	-0.0193819	
0.0130142	0.760398	0.100252	-0.0248305	0.10391	0.0301313	0.125763	0.400311	0.149302	-0.0692215	0.00579415	0.0603536	0.166886	0.106638	0.175589	-0.0815947	-0.0139695	0.0319642	-0.00253087	0.408909	0.257309	0.00443083	0.0639812	0.0797937	-0.0209274	0.0410111	0.109713	-0.00368304	
0.0211928	0.760398	0.100252	-0.012669	0.0483364	0.0352907	0.129396	0.305455	0.10394	-0.0692215	0.00955069	0.0612606	0.0973171	0.107523	0.132318	-0.067847	-0.0130892	0.0310839	-0.000842582	0.408909	0.235445	0.00355054	0.0161075	0.111267	-0.06069	0.0410111	0.0895447	-0.00368304	
0.0211928	0.738128	0.100252	-0.00721427	-0.0324006	0.0275558	0.0960232	0.420389	0.10394	-0.0692215	0.0196908	0.0964275	0.0645277	0.0637867	0.132318	-0.0451644	-0.0130892	0.0310839	-0.00200506	0.394077	0.235445	0.00866262	-0.0162565	0.111267	-0.0628154	0.0235344	0.108429	-0.00368304	-0.00246513	-0.00195144	0.0474424	
0.0211928	0.664558	0.103243	-0.00721427	0.0476368	0.0275558	0.0781096	0.420389	0.10394	-0.0689989	0.0196908	0.0404857	0.121971	0.104054	0.106568	-0.0628128	-0.0130892	0.0310839	-0.00493388	0.34839	0.235445	0.00866262	0.108754	0.0891519	-0.0568778	0.0235344	0.0921901	-0.00368304	0	0.0380955	
0.0211928	0.671958	0.103564	-0.00721427	0.0220681	0.0275558	0.0781096	0.420389	0.10394	-0.0763988	0.0249184	0.102833	0.100162	0.0575227	0.0696165	-0.0496264	-0.0130892	0.0310839	-0.00928055	0.29601	0.208411	0.0114449	0.0214702	0.0830162	-0.0631737	0.0313079	0.0894078	-0.00368304	0	
0.0211928	0.614955	0.0996638	-0.0238844	0.130891	0.0275558	0.0781096	0.397062	0.10394	-0.0763988	0.00382681	0.316082	0.187147	0.0369537	0.187847	0.0277635	-0.0130892	0.0310839	-0.000344699	0.269943	0.132267	0.0147245	0.111056	0.118134	-0.0331808	0.025525	0.0861282	-0.00368304	
0.0211928	0.61157	0.0996638	-0.0238844	0.0617591	0.0155685	0.110665	0.38765	0.0650226	-0.0730131	-0.0305266	0.22518	0.0657385	0.101711	0.0907176	-0.00333908	-0.0130892	0.0310839	-0.000344699	0.373576	0.11376	0.00094949	0.0441993	0.117393	-0.0611996	0.025525	0.101493	-0.00368304	
0.0171327	0.616699	0.0996638	-0.00987664	0.111416	0.0245197	0.112742	0.344756	0.108711	-0.0735999	-0.0246002	0.0896853	0.00213941	0.0928837	0.0126557	-0.0101825	-0.00854606	0.0310839	-0.00362284	0.373576	0.114711	0.00094949	0.0892647	0.0307368	-0.04335	0.025525	0.127037	0.000860094	0	0.112025	
0.0228423	0.625502	0.0749061	-0.0324885	0.0782392	0.0245197	0.110096	0.398133	0.104632	-0.0701495	-0.0165437	0.160016	0.014492	-0.0131391	0.00918196	-0.0322893	-0.012625	0.0247592	-0.00569667	0.398154	0.157132	0.00094949	0.0881854	0.02258	-0.0566679	0.0403428	0.127037	-0.00321887	
0.0228423	0.632263	0.0749061	-0.0324885	0.0250836	0.0186916	0.118603	0.398133	0.104632	-0.0700877	-0.0400539	0.0836932	0.0925392	-0.0144911	0.0631108	-0.000945149	-0.012625	0.0179127	-0.00204541	0.398154	0.114493	0.0126102	0.0315618	0.02258	-0.080964	0.0355838	0.105166	-0.00321887	-0.0623239	
0.0228423	0.6431	0.085792	-0.0228772	0.0727961	0.0148803	0.118603	0.333981	0.0856678	-0.0700877	-0.0462808	0.118499	0.0922688	0.0288067	0.0817883	0.14643	-0.00881375	0.0141014	-0.00204541	0.387268	0.114493	0.00894962	0.0627362	0.0618114	-0.0659608	0.0355838	0.0380638	-0.00321887	0.120848	
0.0222948	0.644723	0.079901	-0.0315887	-0.00118915	0.0225405	0.118603	0.333981	0.105246	-0.0717112	-0.002121	0.231037	0.0444858	-0.0078655	0.0817883	0.461963	-0.0164739	0.0217616	0.00753293	0.406381	0.111738	0.0166098	0.0735132	0.150407	-0.00667873	0.0355838	0.00714832	-0.00321887	0.127396	0	
0.0222948	0.635755	0.082826	-0.0152464	0.0579872	0.0314627	0.118603	0.335525	0.116663	-0.0627436	0.0159808	0.128329	-0.0393926	0.0211181	0.0637561	0.250615	-0.0164739	0.0217616	-0.00312594	0.492764	0.111738	0.0166098	0.0965897	0.174554	-0.0405417	0.0521846	0.135097	-0.00321887	
0.0176368	0.630366	0.0968474	-0.0232824	-0.00956662	0.0437102	0.118603	0.335525	0.118311	-0.0557061	0.00650834	0.00816671	-0.00284404	0.0765856	0.00895116	0.250615	-0.0148258	0.0217616	0.00377956	0.478743	0.111738	0.0166098	0.0965897	0.204483	-0.0443118	0.0521846	0.135097	-0.00157072	0	
0.0176368	0.62484	0.0968474	-0.0232824	-0.0151464	0.050746	0.118603	0.338011	0.0466494	-0.0507008	-0.0103891	-0.0212749	-0.0441259	0.0433602	0.00375182	0.200645	-0.0148258	0.0217616	0.0116716	0.27221	0.116964	0.0172659	0.121029	0.196186	-0.0582897	0.0521846	0.134441	-0.00157072	
0.0145907	0.630371	0.0966017	-0.0337654	-0.0297967	0.050746	0.113216	0.337765	0.113503	-0.0531857	-0.0027431	0.0106036	-0.0726035	0.174844	0.0790198	0.337275	-0.0117796	0.0176645	0.0459503	0.322491	0.116718	0.0172659	0.274048	0.206451	-0.0552435	0.0519389	0.134441	0.00172118	
0.0153633	0.616318	0.107377	-0.024989	-0.0298407	0.050746	0.113216	0.353253	0.0774733	-0.0539583	-0.00689693	0.0375573	-0.0666831	0.0813109	0.056702	0.198057	-0.0125522	0.0176645	0.0459503	0.342731	0.116718	0.0172659	0.210783	0.116767	-0.030126	0.0550314	0.116319	0.000948522	-0.0144742	
0.0153633	0.61543	0.107377	-0.024989	0.0820967	0.050746	0.121182	0.353253	0.102689	-0.0530695	0.0260316	0.123915	-0.0570876	0.235992	0.044756	0.345312	-0.0125522	0.0176645	0.0231804	0.342731	0.141164	0.0172659	0.210783	0.114158	-0.0537294	0.0550314	0.095426	0.000948522	0	0	
0.0131195	0.612989	0.107377	-0.0211871	0.0485794	0.0572773	0.121182	0.353253	0.112245	-0.0483853	0.0180667	0.123915	-0.0456168	0.281599	0.157587	0.223314	-0.0103084	0.0176645	0.0248303	0.342731	0.141164	0.0158616	0.122599	0.114158	-0.0628908	0.0550314	0.0968302	0.00319237	
0.0131195	0.61862	0.107377	-0.0211871	0.04932	0.0637061	0.121182	0.386517	0.127515	-0.0540163	-0.0168288	0.0983846	-0.0264359	0.240772	0.0815186	0.336047	-0.0149728	0.0267398	0.0100992	0.347956	0.141164	0.020526	0.127264	0.114158	-0.0512419	0.0344219	0.0968302	0.00319237	-0.014003	
0.0131195	0.61862	0.0982405	-0.0211871	0.0215715	0.0587932	0.121182	0.293383	0.106666	-0.0540163	-0.0168288	0.175932	-0.0289938	0.197397	0.0322875	0.195446	-0.0100599	0.0218269	0.0149635	0.388823	0.125141	0.0156131	0.148863	0.130799	-0.0668749	0.0421312	0.0980762	0.00319237	
0.0121362	0.597591	0.0999006	-0.00989829	0.0195483	0.0587932	0.121182	0.336896	0.10765	-0.0530331	-0.030007	0.10452	-0.0108872	0.301903	0.013247	0.165169	-0.00907662	0.0215148	0.0149635	0.387163	0.142202	0.0156131	0.28061	0.0750291	-0.0714726	0.0421312	0.0980762	0.00417561	
0.0199924	0.597591	0.0999006	-0.0181719	-0.0109077	0.0587932	0.121182	0.336896	0.126204	-0.0530331	-0.030007	0.188519	-0.0416089	0.277925	0.129289	0.234528	-0.00907662	0.0229069	0.0162139	0.311019	0.117669	0.0156131	0.151487	0.0945546	-0.0695799	0.0427841	0.0897971	0.00417561	0	
0.0199924	0.597591	0.0999006	-0.0299175	-0.0279195	0.0587932	0.11399	0.298615	0.126204	-0.0530331	-0.0202485	0.0652939	-0.00675105	0.0939531	0.0404896	0.0576521	-0.00907662	0.0229069	0.01811	0.303459	0.14653	0.0124469	0.157071	0.0521139	-0.0834598	0.0260641	0.085872	0.00417561	-0.0668634	0	
0.0267003	0.55767	0.0999006	-0.0174706	0.00617226	0.0587932	0.124986	0.403863	0.107279	-0.051663	-0.026009	0.0740988	0.104113	0.134432	0.121708	0.0576521	-0.00770649	0.0229069	0.00338798	0.24077	0.14653	0.0183746	0.120674	0.0394632	-0.0826791	0.040181	0.0799443	0.00554575	-0.0302163	
0.0267003	0.55767	0.0999006	-0.00940677	-0.0437945	0.0612215	0.124986	0.330428	0.107279	-0.051663	-0.026009	0.0740988	-0.00577206	0.0507708	0.00590695	0.07218	-0.00770649	0.0229069	0.0100938	0.273945	0.14653	0.0183746	0.260078	0.0598464	-0.0917729	0.0404384	0.0903376	0.00554575	0.00908688	0.0836461	0	
0.0267003	0.563241	0.0999006	-0.0113633	-0.0494256	0.0612215	0.124986	0.329757	0.0948735	-0.0572343	-0.000783119	0.176015	-0.0195744	0.109053	-0.0186665	0.0271355	-0.00770649	0.0229069	0.0100938	0.286348	0.14751	0.0183746	0.143651	-0.00811383	-0.0591604	0.0404384	0.0903376	0.00554575	0	0.172895	-0.00554575	
0.0234509	0.563241	0.0921536	-0.00326175	0.0279107	0.0618533	0.124986	0.437796	0.128914	-0.0578306	-0.00903516	0.50972	-0.0499257	0.0518774	0.064971	0.0542361	-0.0083028	0.0229069	-0.0225326	0.294095	0.14751	0.0183746	0.0537999	0.0130542	-0.0294175	0.0339759	0.10695	0.00494944	-0.0486259	0.172895	0.0295617	
0.023413	0.563241	0.0921536	-0.00326175	0.11898	0.0618533	0.124986	0.333844	0.110287	-0.0578306	-0.00357418	0.394757	-0.0297158	0.113234	0.126895	0.0336932	-0.0083028	0.0324949	-0.0225326	0.294095	0.163143	0.0183746	0.1066	0.00140665	-0.0538398	0.0295034	0.106909	0.00494944	0.172895	0.0295617	
0.0236962	0.563241	0.0921536	-0.00326175	0.0724452	0.0618533	0.145569	0.413896	0.0514951	-0.05799	0.0380965	0.275619	-0.066253	0.166938	0.27794	-0.0147862	-0.00846215	0.0324949	-0.0289339	0.361826	0.186826	0.0156834	0.0930206	0.0130401	-0.058154	0.0238367	0.105148	0.00479008	0.172895	0.0698965	0	
0.0229707	0.542271	0.0921536	-0.0314555	0.115134	0.0566618	0.145569	0.36932	0.11569	-0.0592842	-0.0017571	0.556626	-0.0723565	0.188276	0.255915	0.0518849	-0.00365507	0.0273034	0.00801225	0.327517	0.186826	0.0136303	0.171502	0.0486392	-0.0698131	0.0238367	0.133961	0.00440564	0.201212	0	
0.0229707	0.545499	0.0873569	-0.00785554	0.1402	0.0566618	0.148694	0.318609	0.129119	-0.062513	-0.0017571	0.472182	0.0492728	0.183755	0.14702	0.0518849	-0.00365507	0.0273034	-0.0192797	0.366392	0.186826	0.0136303	0.171502	0.0437631	-0.0585296	0.0238367	0.091026	0.00440564	0.201212	0.0168474	0.0530067	
0.0207357	0.549791	0.0873569	-0.0166425	0.0558315	0.0612973	0.150923	0.338479	0.129119	-0.066805	0.0013484	0.453632	0.0202188	0.194536	0.225932	0.0687687	-0.00829059	0.0319389	-0.00746143	0.374132	0.197119	0.0157393	0.224105	0.0674027	-0.0564071	0.0238367	0.0992625	0.00440564	0.201212	0.0674494	
0.0205817	0.55044	0.0873569	-0.0166425	0.0912585	0.0614795	0.159743	0.37891	0.14547	-0.066805	0.0217991	0.453632	0.0533807	0.121235	0.517959	0.137541	-0.00847284	0.0321211	-0.00746143	0.424376	0.205324	0.0781609	0.0206795	0.0426628	-0.0716105	0.0238367	0.0983541	0.00440564	0.0159215	0.00152422	0.20478	
0.0157141	0.55044	0.0873569	-0.00306918	0.0835338	0.0689246	0.159743	0.351684	0.106023	-0.0695416	0.0190625	0.453632	0.0314831	0.344334	0.651261	0.221804	-0.0112095	0.0321211	-0.0172839	0.339044	0.205324	-0.0141314	0.0759526	0.0426628	-0.0525254	0.0261737	0.117662	0.001669	0.0169155	0	0.247196	
0.0233097	0.546598	0.0873569	0.0689246	0.159743	0.462442	0.134488	-0.0656997	-0.0330579	0.344609	0.137657	0.243154	0.492868	0.114674	-0.0112095	0.0321211	0.00835197	0.458712	0.168854	-0.0141314	0.117656	0.0537681	-0.0291938	0.0261737	0.0979102	0.001669	0.0169155	0.0831669	0.247196	
0.0233097	0.549287	0.0230776	0.272187	0.086512	0.0689246	0.159374	0.42185	0.13254	-0.0683889	-0.0158801	0.234181	0.0835405	0.148357	0.297412	0.136172	-0.0112095	0.026174	-0.0311602	0.459557	0.168854	-0.0141314	0.117656	0.0832735	-0.0571809	0.0238543	0.0979102	0.001669	0.0169155	0.0493568	0.0349089	
0.0196796	0.549287	0.272187	0.0904916	0.0475097	0.179941	0.42185	0.140813	-0.0683889	-0.0200649	0.210642	0.150236	0.0318014	0.304129	-0.00848867	-0.0112095	0.0291183	-0.0285193	0.455577	0.172561	-0.00897651	0.0040331	0.0796266	-0.0445038	0.0238543	0.125724	0.001669	0.0113386	0.0547809	
0.0196796	0.549287	0.275699	0.112081	0.0393724	0.183453	0.500867	0.140813	-0.0683889	-0.0200649	0.366159	0.406877	0.0398257	0.307641	-0.0253965	-0.00564083	0.0235496	-0.0200588	0.4375	0.197871	-0.00546487	0.0372918	0.0831383	-0.0814174	0.019844	0.125724	-0.00184264	0.00576999	0.0260511	
0.0196796	0.550782	0.26269	0.112081	0.0153092	0.038811	0.183453	0.500867	0.140813	-0.0660362	-0.011539	0.33556	0.40595	0.0430515	0.104922	-0.0348965	-0.00508209	0.0229909	-0.0131907	0.4375	0.197871	-0.0215247	0.0937764	0.163895	-0.0727472	0.019844	0.125724	-0.00184264	0.00521125	0.0403412	0	
0.0196796	0.550246	0.263257	0.107849	0.0365367	0.1725	0.501434	0.152865	-0.0655	-0.0235362	0.285678	0.384854	0.0806714	0.130724	-0.0566993	-0.0028078	0.0207166	0.00650339	0.518091	0.198438	-0.0209575	0.112311	0.151847	-0.0496011	0.00576456	0.0784546	-0.0024098	0.0066416	0.134942	
0.0196796	0.597133	0.298908	0.113259	0.0408703	0.17047	0.501434	0.152865	-0.0655	-0.021872	0.285678	0.273348	0.0725982	0.086038	-0.0630722	-0.00714135	0.0250501	-0.00581879	0.579776	0.198438	-0.0209575	0.202347	0.189053	-0.0389711	0.00576456	0.0877731	-0.0024098	0.00165667	0.0310602	
0.0213062	0.603516	0.298908	0.113259	0.0408703	0.17047	0.501434	0.151238	-0.0735096	-0.0256286	0.283644	0.273348	0.0920642	0.0202929	-0.0515031	-0.00876789	0.0250501	0.0180006	0.579776	0.198438	-0.0209575	0.225131	0.189053	0.019648	0.00576456	0.096412	-0.00403634	0.00165667	0.064573	-0.00161044	
0.0213062	0.536739	0.267269	0.107789	0.0408703	0.17047	0.501434	0.10178	-0.0687242	-0.0418811	0.312935	0.196107	0.0386329	0.0332617	-0.0522991	-0.00876789	0.0246434	0.0142438	0.585246	0.20391	-0.0211132	0.104054	0.217607	-0.000891839	0.0246557	0.0956899	-0.00403634	0.00237879	0.206519	
0.0227408	0.534562	0.258174	0.109821	0.0408703	0.00010834	0.17047	0.418712	0.123615	-0.066438	-0.040087	0.16213	0.221509	0.136801	0.0989119	-0.0326416	-0.00865955	0.0246434	0.0268745	0.583214	0.201427	-0.0167557	0.318234	0.168046	-3.15922e-05	0.020717	0.107377	-0.003928	0.00237879	0.228171	
0.016657	0.539238	0.258174	0.123361	0.0433468	0.1953	0.418712	0.123615	-0.066438	-0.0312253	0.176869	0.080884	0.227479	0.0400712	0.0493707	-0.00865955	0.0274739	0.0268745	0.531875	0.201427	-0.0167557	0.146905	0.120584	-0.00540336	0.0158062	0.107377	-0.003928	0.00237879	0.228171	
0.016657	0.536424	0.289749	0.12438	0.0433468	0.210663	0.41973	0.123615	-0.0636244	-0.016117	0.172553	0.0466447	0.250964	0.0410893	0.156346	-0.00865955	0.0274739	0.0278825	0.610334	0.223879	-0.00776193	0.167724	0.212158	-0.00389874	0.0284459	0.107377	-0.00494606	0.00237879	0.316688	
0.016657	0.527628	0.289749	0.113318	0.0433468	0.210663	0.430733	-0.027086	0.123615	-0.0548287	-0.016117	0.048421	0.179956	0.1331	-0.00532323	0.111641	-0.00865955	0.027346	0.0584035	0.621396	0.223879	-0.00744005	0.367671	0.19427	0.0242823	0.0284459	0.107377	-0.00494606	0.00237879	0.305117	-0.0147692	0	
0.016657	0.527628	0.289749	0.113318	0.0355333	0.209284	0.430733	0.123615	-0.0548287	-0.016117	0.0868999	0.0541674	0.024161	0.10041	-0.0351033	-0.0144143	0.0331007	0.0716777	0.621396	0.223879	-0.0160958	0.427658	0.204069	0.0559404	0.0248598	0.0819161	-0.00494606	0.0081335	0.162229	
0.0106042	0.527182	0.266585	0.113318	0.0538599	0.186843	0.430733	0.132712	0	-0.0548287	-0.00708154	0.168379	0.0632409	0.154254	-0.0202054	-0.0640842	-0.0144143	0.0331007	0.0898967	0.621396	0.223879	-0.0168228	0.274672	0.183865	0.0507259	0.0268433	0.113609	-0.00494606	0.0081335	0.223383	0.0531948	
0.00929766	0.534843	0.266585	0.113318	0.0549578	0.186843	0.328897	0.132712	-0.0624892	0.0213707	0.188267	0.253013	0.174569	0.0558561	0.0314247	-0.0155122	0.0312878	0.0898967	0.677894	0.223879	-0.0168228	0.275699	0.183865	0.0717355	0.00358218	0.0949388	-0.00494606	0.00923145	0.276686	0.0542927	
0.00941323	0.534843	0.257641	0.113572	0.0586561	0.187098	0.307056	0.132712	-0.0624892	0.0222146	0.133085	0.365899	0.174569	0.0590445	0.0761697	-0.0227984	0.0385741	0.0898967	0.677641	0.241392	-0.0168228	0.0827396	0.237833	0.0206173	0.00358218	0.0811506	-0.00494606	0.0168319	0.160371	0.0865525	
0.0196006	0.529906	0.262545	0.118476	0.0631233	0.192002	0.352549	0.168554	-0.0613062	0.0593579	0.012536	0.0925153	0.282884	0.169546	0.0580392	-0.0437282	-0.0260826	0.0430412	0.0949877	0.572933	0.246296	-0.0119188	0.343531	0.259197	-0.0330529	0.0488114	0.0784535	-0.00866707	0.0212991	0.105388	0.0439255	0	
0.0173675	0.520747	0.258384	0.0921868	0.0603435	0.192002	0.495398	0.170787	-0.0591044	0.0612441	0.00706189	0.370194	0.323019	0.210901	0.135217	-0.0181077	-0.0238495	0.0430412	0.0949877	0.599222	0.231524	-0.00307436	0.633812	0.294416	-0.0401689	0.0269305	0.053328	-0.00643397	0.025096	0.139299	0	
0.0267465	0.520747	0.258384	0.0932831	0.0603435	0.194353	0.466191	0.110628	-0.0591044	0.0629964	0.0639768	0.371214	0.23513	0.0980652	0.152851	-0.0356999	-0.0238495	0.0430412	0.0819676	0.598126	0.231524	-0.00307436	0.604823	0.262007	-0.0457753	0.0240518	0.053328	-0.00643397	0.025096	0.130491	
0.0277288	0.544974	0.258384	0.0969826	0.0639996	0.191658	0.534113	0.10758	-0.0597196	0.0725849	0.082698	0.284859	0.363806	0.147414	0.0787698	-0.0657444	-0.0238495	0.0430412	0.086601	0.594426	0.234797	-0.0158423	0.400665	0.331396	-0.0143505	0.0230974	0.091309	-0.00643397	0.0262896	0.0602492	
0.0186134	0.506382	0.24338	0.0969826	0.0639996	0.191658	0.449991	0.109477	-0.0597196	0.0725849	0.179516	0.170369	0.299804	0.179446	0.21738	-0.0393889	-0.0238495	0.0430412	0.082991	0.673401	0.234797	-0.0217387	0.260008	0.33289	0.0302246	0.0258219	0.105248	-0.00643397	0.0262896	0.0677771	0.0205008	
0.024428	0.507679	0.244448	0.0969826	0.0678403	0.191658	0.398041	0.0815239	-0.0610168	0.0826093	0.130792	0.208132	0.432059	0.16198	0.118653	-0.0393889	-0.0238495	0.0430412	0.102489	0.746808	0.256369	-0.0217387	0.201299	0.217156	-0.0428017	0.029181	0.0957797	-0.00643397	0.0262896	0.0652594	
0.024428	0.484758	0.22995	0.0969826	0.0824201	0.191658	0.404319	0.128713	-0.0610168	0.104202	0.130792	0.148144	0.396538	0.16198	0.0371158	-0.0362092	-0.0286642	0.0478559	0.0878835	0.703052	0.256369	0.000410645	0.243438	0.252488	-0.0747538	0.029181	0.0957797	-0.00643397	0.0311043	0.0553497	
0.024428	0.506785	0.22995	0.0974972	0.0824201	0.191658	0.404319	0.128713	-0.0639766	0.181966	0.107944	0.463521	0.454004	0.167735	0.0371158	-0.00646395	-0.0286642	0.0478559	0.10983	0.702537	0.256369	0.000410645	0.389525	0.25964	-0.0729556	0.029181	0.0957797	-0.00643397	0.0311043	0.132761	0	-0.00892887	
0.024428	0.51998	0.22995	0.0916087	0.0824201	0.191658	0.404319	0.0972251	-0.0639766	0.143649	0.122992	0.339327	0.546803	0.259581	0.0108999	-0.0209666	-0.0286642	0.0471753	0.10983	0.675933	0.268201	-0.0132136	0.235259	0.286032	-0.0676667	0.029181	0.0950933	-0.00643397	0.0317906	0.0734091	-0.0574384	0.0111462	0	
0.024428	0.51998	0.22995	0.0872647	0.07927	0.191658	0.404319	0.116896	-0.0639766	0.195833	0.122992	0.172413	0.546803	0.27922	0.0920806	0.0207955	-0.0335697	0.0495717	0.10983	0.76518	0.209427	-0.0196598	0.293377	0.214393	-0.0492275	0.029181	0.0950933	-0.00643397	0.0366962	0.0155649	
0.0283564	0.51998	0.237064	0.0872647	0.07927	0.191658	0.404319	0.114426	-0.067905	0.173101	0.107318	0.212118	0.546803	0.242973	0.0808189	0.0596093	-0.0374982	0.0495717	0.10983	0.764419	0.219989	-0.0196598	0.0823738	0.214393	-0.069588	0.0542596	0.0943574	-0.0103624	0.0374322	0.0521852	
0.034264	0.51998	0.237064	0.0872437	0.081064	0.191658	0.404319	0.105662	-0.067905	0.180699	0.0994511	0.263328	0.390953	0.18738	0.207622	0.0188239	-0.0392921	0.0513657	0.10983	0.76444	0.219989	-0.0121929	0.153165	0.173136	-0.0704915	0.0599828	0.0943574	-0.0103624	0.0392261	0.0820288	
0.034264	0.51998	0.237064	0.0872437	0.0622286	0.191658	0.40024	0.130965	-0.067905	0.278961	0.115529	0.0717402	0.342997	0.113232	0.192711	0.0703923	-0.0392921	0.0504373	0.109392	0.76444	0.205706	-0.0142399	0.128935	0.192817	-0.0738231	0.0577691	0.0943574	-0.0103624	0.0392261	0.057277	0	-0.0249211	
0.0488401	0.515433	0.237064	0.0872437	0.0580676	0.191658	0.40024	0.130965	-0.0633578	0.201917	0.115529	0.0475526	0.342997	0.0239632	0.122552	0.0491868	-0.0392921	0.0504373	0.136296	0.82233	0.146444	-0.0132314	0.163843	0.257739	-0.0669201	0.0577691	0.0924689	-0.0103624	0.0411146	0.057277	0	-0.0074878	-0.0525044	-0.0347439	0	
0.0450591	0.518366	0.244176	0.0872437	0.06855	0.191658	0.343241	0.14754	-0.0662911	0.193784	0.140289	0.0473625	0.315922	0.0495804	0.0552114	0.0575341	-0.0421012	0.0532464	0.136296	0.82233	0.185771	-0.0132314	0.243514	0.257739	-0.0871979	0.0557263	0.0924689	-0.0103624	0.0439236	0.0882325	0.16851	0.0195101	0.0292934	
0.0446373	0.536499	0.256391	0.0891739	0.0712043	0.187283	0.450931	0.14754	-0.0662911	0.193784	0.140289	0.225895	0.285862	0.0294862	0.0583601	0.196014	-0.0421012	0.0555085	0.131316	0.820399	0.180229	-0.0132314	0.29087	0.2456	-0.0884143	0.0293149	0.102297	-0.0103624	0.0439236	0.0777434	0.00234725	
0.0421325	0.536499	0.246585	0.0891739	0.0712043	0.187283	0.279539	0.148993	-0.0648372	0.143359	0.153113	0.270321	0.112931	0.00416454	0.0490452	0.335514	-0.0406474	0.0528789	0.131316	0.819522	0.21057	-0.00339957	0.314275	0.2456	-0.0726158	0.0293149	0.102297	-0.00890852	0.0439236	0.00325839	-0.0110979	
0.0421325	0.536499	0.246585	0.0934673	0.0705262	0.187283	0.294682	0.16799	-0.0648372	0.164764	0.153113	0.18204	0.114785	0.0669314	0.0104776	0.0893352	-0.0406474	0.0528789	0.160673	0.925055	0.21057	-0.0246048	0.226503	0.2456	-0.0615603	0.0293149	0.102297	-0.00890852	0.0439236	0.0133146	-0.0110979	
0.0357669	0.536499	0.246585	0.0934673	0.0705262	0.195453	0.287202	0.153428	-0.0648372	0.233339	0.145189	0.285984	0.312947	-0.00615432	0.229728	0.142546	-0.0406474	0.0528789	0.160673	0.925055	0.212727	-0.00861831	0.0922701	0.2456	-0.0692636	0.0500552	0.102297	-0.00890852	0.0439236	-0.042549	-0.0100023	
0.0288135	0.592126	0.246585	0.078957	0.0749875	0.195453	0.399067	0.108502	-0.0648372	0.234491	0.141342	0.154416	0.0796433	0.0538896	0.196026	0.188789	-0.0417996	0.0540311	0.160673	0.791867	0.229388	-0.0190821	0.185936	0.228701	-0.0619532	0.0500552	0.137207	-0.00890852	0.0450759	-0.0471996	-0.00193005	
0.0300698	0.592126	0.246585	0.078957	0.0787571	0.204265	0.291898	0.165697	-0.0621714	0.207468	0.16599	0.193291	0.160946	0.00565733	0.120947	0.233755	-0.0391338	0.0540311	0.134155	0.791867	0.229388	-0.0106429	0.126914	0.156568	-0.0504954	0.0500552	0.137207	-0.00624268	0.0450759	-0.0608881	0.0103157	
0.0300698	0.600072	0.256972	0.078957	0.0812067	0.204921	0.369059	0.244589	-0.0701172	0.221542	0.16599	0.364632	0.0630846	0.0167833	0.207318	0.291984	-0.0378567	0.0527541	0.155991	0.657772	0.229388	-0.0106429	0.0599196	0.117146	-0.075551	0.0500552	0.13002	-0.00624268	0.0437989	0.0726275	-0.00567245	
0.0300698	0.599043	0.254903	0.078957	0.0812067	0.175285	0.361429	0.16783	-0.0690889	0.285427	0.223877	0.29455	0.229165	0.0167833	0.0484088	0.0701199	-0.0378567	0.0527541	0.154181	0.657772	0.221808	-0.0106429	0.160263	0.0568681	-0.0744607	0.056597	0.147513	-0.00624268	0.0437989	0.0459434	-0.0441723	
0.0300698	0.599043	0.272861	0.0798186	0.0812067	0.175285	0.363241	0.223997	-0.0690889	0.198106	0.224527	0.15537	0.158943	-0.015459	0.08233	0.0772968	-0.0378567	0.0527541	0.154181	0.656911	0.221808	-0.0106429	0.065341	0.0578996	-0.0751384	0.056597	0.147513	-0.00624268	0.0437989	0.019026	-0.0254075	-0.00398094	
0.0300698	0.599043	0.272861	0.0697148	0.0812067	0.175855	0.310155	0.223997	-0.0690889	0.220629	0.224527	0.18273	0.121922	0.0419888	0.0609437	0.110851	-0.0378567	0.0527541	0.154181	0.73754	0.222748	-0.0106429	0.065341	0.174184	-0.0681097	0.0833134	0.147513	-0.00624268	0.0437989	0.0633798	-0.0254075	-0.0314949	
0.0347995	0.598189	0.272861	0.0697148	0.0778931	0.175855	0.310155	0.274167	-0.0682347	0.270942	0.187268	0.173323	0.205081	-0.0212011	0.0578895	0.208633	-0.0378567	0.0527541	0.1217	0.73754	0.222748	-0.0106429	0.145575	0.174184	-0.048939	0.062944	0.0831846	-0.00624268	0.0437989	0.0625113	-0.0232071	0	
0.0347995	0.593725	0.285148	0.0697148	0.070928	0.175855	0.344799	0.274167	-0.0637706	0.266289	0.14934	0.0756268	0.299169	0.0373344	0.043438	0.120227	-0.0308916	0.045789	0.141457	0.662248	0.229088	-0.0106429	0.065234	0.138368	-0.0234442	0.0443459	0.0870775	-0.00624268	0.0368338	0.0625113	-0.0605635	0	
0.0345533	0.599964	0.285148	0.0697148	0.070928	0.175855	0.376037	0.274167	-0.0609278	0.320282	0.145417	0.204669	0.194786	0.154076	0.189641	0.0956386	-0.0308916	0.045789	0.141457	0.686968	0.256641	-0.00955198	0.158564	0.207392	-0.0429951	0.0443459	0.0883972	-0.00624268	0.035514	-0.00782845	-0.0301017	0.0324487	-0.0137523	
0.0371144	0.573721	0.285148	0.0697148	0.0737679	0.175855	0.305834	0.274167	-0.0642697	0.303965	0.134268	0.0916966	0.167159	0.201921	0.189641	0.0238626	-0.0308916	0.0515227	0.153062	0.645927	0.256641	-0.00955198	0.111977	0.207392	-0.0418933	0.0443459	0.0763088	-0.00624268	0.035514	0.017369	
0.0373178	0.573721	0.285148	0.0768174	0.0650586	0.175855	0.364033	0.274167	-0.0642697	0.303965	0.132843	0.14012	0.0555622	0.0389862	0.148576	0.0641308	-0.0308916	0.0515227	0.110791	0.484501	0.27335	-0.0134314	0.162444	0.213533	-0.0386985	0.0443459	0.0672931	-0.00624268	0.0445297	-0.00277008	
0.0446027	0.573721	0.285148	0.0768174	0.0742707	0.175855	0.364033	0.287945	-0.0642697	0.303965	0.132843	0.0376538	0.0887026	0.0980468	0.14036	0.129247	-0.0308916	0.0515227	0.110791	0.484501	0.27335	-0.00820839	0.158616	0.150663	-0.0841465	0.044515	0.0672931	-0.00624268	0.0445297	0.0827294	0.123914	
0.0446027	0.573721	0.280998	0.0704474	0.0390476	0.175855	0.333412	0.302867	-0.0642697	0.288778	0.132843	0.221335	0.0686506	0.0864208	0.10038	0.0188294	-0.0157052	0.0363363	0.110791	0.490871	0.281818	-0.00354776	0.205331	0.0847298	-0.0695206	0.044515	0.0969172	-0.00624268	0.0293433	0.0481117	0.154663	8.67808e-05	
0.0431892	0.571687	0.286852	0.0740661	0.0354489	0.175855	0.333412	0.285307	-0.0622356	0.285179	0.132843	0.276343	0.0042122	0.0877597	0.179528	-0.00570727	-0.0121066	0.0327376	0.0583245	0.550243	0.226921	-0.0150344	0.149831	0.0723286	-0.0695206	0.044515	0.0856345	-0.00624268	0.0192643	-0.00625784	0	0.212073	0	
0.0363207	0.584617	0.286852	0.074887	0.0354489	0.134407	0.333412	0.28278	-0.0622356	0.327696	0.122815	0.0957612	-0.0327756	0.0231529	0.153391	0.0492659	-0.0121066	0.0327376	0.0521551	0.557633	0.226921	-0.00941464	0.118357	0.0723286	-0.0695206	0.0363994	0.091963	-0.00624268	0.0129358	-0.00625784	
0.0363207	0.584617	0.286852	0.074887	0.0354489	0.171437	0.312606	0.24429	-0.0622356	0.327696	0.122815	0.187705	-0.033746	0.0351523	0.153391	0.0268814	-0.0121066	0.0327376	0.0509583	0.557633	0.288886	-0.00941464	0.0977411	0.0723286	-0.0450457	0.0362302	0.091963	-0.00624268	0.0129358	0.00772947	0.0623804	
0.0195817	0.587082	0.286852	0.074887	0.0314195	0.168592	0.311473	0.24429	-0.0647007	0.323667	0.122815	0.112753	-0.00984816	0.0141782	0.147669	0.0332059	-0.00807716	0.0174948	0.0458669	0.48035	0.288886	-0.00941464	0.0947805	0.0870462	-0.0735877	0.0362302	0.0973632	-0.00624268	0.00890638	0.0115168	0.0076541	
0.0171339	0.587082	0.286852	0.0740734	0.043183	0.168592	0.372137	0.181259	-0.0622528	0.33543	0.100165	0.112753	0.0287353	0.0287987	0.116731	0.0128941	-0.0173928	0.0292583	0.0458669	0.481163	0.264127	-0.0215261	0.0616618	0.0451065	-0.0711398	0.0206744	0.0987594	-0.00379483	0.0206699	0.161705	
0.0171339	0.584159	0.286852	0.0740734	0.043183	0.156626	0.338838	0.189944	-0.0593298	0.352249	0.100165	0.0987614	-0.0218821	-0.00961892	0.0835481	0.149232	-0.0173928	0.0292583	0.0158145	0.522349	0.242545	-0.0218905	0.154651	0.0721009	-0.0461888	0.028228	0.0996805	-0.00379483	0.016002	0.116958	
0.00717974	0.590116	0.288513	0.0875099	0.0483796	0.142338	0.340499	0.126048	-0.0652867	0.381137	0.107079	0.023688	-0.0577831	0.00354617	0.192163	0.182969	-0.0225894	0.0344549	-0.0248014	0.510574	0.244207	-0.0180549	0.179028	0.0737625	-0.061319	0.0298896	0.0996805	-0.00545641	0.0211986	0.0981917	
0.00408273	0.590278	0.278915	0.0881348	0.0593005	0.142963	0.341124	0.126048	-0.065449	0.381122	0.107079	-0.0465418	-0.0394409	0.0708887	0.140454	0.291541	-0.0225894	0.0404418	-0.00526932	0.510574	0.249771	-0.00620789	0.334474	0.0296878	-0.0394249	0.0305144	0.0911615	-0.00608122	0.0297177	0.0233072	
