0.0163254	0.241837	0.187708	0.0978157	0.018642	0.186798	0.0492769	-0.0112569	0.150945	0.145907	0	0	0	0	0	0	0	0	0	0	0	0	0	0	0	0	0	0	0	0	0	0	0	0	0	0	0	0	0	0	0	0	0	0	0	0	0	0	0	0	0	0	0	0	0	0	0	0	0	0	0	0	0	0	0	0	0	0	0	0	0	0	0	0	0	0	0	0	0	0	
0.0163254	0.241837	0.187708	0.0978157	0.018642	0.186798	0	-0.0159979	0.150945	0.0648789	0.00885045	0.0316649	0.014647	-0.0594832	0	0	-0.0158452	0.131476	-0.00441401	-0.0532667	-0.0280351	0.0445881	0.0543132	-0.0168567	0	0.0324799	-0.0483468	0	0	0.0581275	0.0676823	-0.0282518	0.0239348	0.145907	0.0118204	0.0819543	
0.0163254	0.187708	0.0978157	0.018642	0.186798	0.0385771	-0.0159979	0.168983	0.0648789	-0.0281638	0.0171124	0.0402894	0.0081992	0	0.136163	-0.0501752	0	-0.0282518	-0.0084286	0.044774	0.0409156	0.323349	0.0444319	0.0340379	-0.079672	0.0543132	-0.0629998	-0.0209743	0.241837	0	-0.058145	0.0372294	
0.0166047	0.205633	0.187987	0.0980949	0.0183627	0.0506496	0.179178	-0.0157186	0.160013	0.127877	-0.0180643	0.0403214	0.187078	-0.0655785	-0.000552725	0.0286957	0	0.261395	0.052625	-0.0554016	0.000279244	0.0112838	0.0403719	-0.00623113	0.0127953	-0.0586462	0.0279769	-0.020507	
0.019028	0.259291	0.203008	0.0980949	0.0183627	0.104997	0.157899	-0.0157186	0.168693	0.0738275	-0.0301162	0.0209938	0.0990819	-0.0412339	0.0353689	0.0200478	-0.011551	0.258652	0.0648639	0.163501	-0.010959	0.0557137	0.000279244	-0.0265681	0.0756731	0.0485237	-0.0398326	
0.0236509	0.259291	0.203008	0.0980949	0.0203851	0.0875048	0.394456	-0.0167617	0.136262	0.0773024	-0.00335744	0.0635864	0.109531	-0.0936816	0.0648639	0.0200478	0.00268161	0.149228	-0.0487325	0.0727444	-0.0162635	0.0936325	0.000279244	0.0165209	0.0756731	0.0527902	0.0973458	
0.0172843	0.250927	0.203008	0.0980949	0.0209136	0.053744	0.573091	-0.0210881	0.15246	0.109318	-0.0259705	0.160397	0.124298	-0.0812057	0.0323558	0.0200478	-0.0202626	0.104012	0.166433	-0.0112225	0.101401	0.0138706	0.00314465	0.121666	0.0471553	0.0329128	
0.0209927	0.250927	0.19796	0.0980949	0.0223148	0.074228	0.573091	-0.0210881	0.155451	0.258949	-0.0424163	0.10296	0.169476	0.0301633	0.0794301	0.134847	0	-0.00570015	-0.026824	0.0196854	0.0306061	0.0138706	0.0126849	0.121666	0.0496175	
0.0209927	0.245844	0.20572	0.0926823	0.012797	0.0555726	0.578503	-0.0288093	0.159367	-0.0196452	0.0499753	0.134211	-0.00773485	0.175069	0.0128304	0.0817065	-0.017362	0.0291982	0.0373896	0.0894358	-0.0545354	-0.0483443	
0.0209927	0.245844	0.212077	0.0923966	0.012797	0.0646557	0.563417	-0.0288093	0.159367	0.134211	-0.0391947	0.0534452	0.134126	0.0128304	0.0306231	-0.00692884	0.0122669	0.0373896	0.306436	-0.0507753	
0.0176736	0.245844	0.221003	0.0923966	0.0240191	0.12581	0.485261	-0.0288093	0.159367	0.0715409	-0.0237536	0.114402	0.0128304	0.0379435	-0.0190201	0.0280645	0.0468913	0.302276	0	0	0.0203028	-0.0379848	
0.0156646	0.224842	0.218535	0.0923966	0.0240191	0.167332	0.159156	0.0128304	0.184698	0.13976	-0.027282	0.178451	0.0649655	0.0180495	-0.0267729	0.0814719	0.0541781	0.0135822	-0.0199182	0.0467757	0	0.0273732	
0.0232827	0.225254	0.218947	0.0928086	0.0236071	0.0881443	0.100227	0.0132424	0.128983	0.100979	-0.0430005	-0.00405308	0.0806189	0.0870624	0.183745	0.0264831	0.0288944	-0.0263609	0.0149081	0.065585	-0.000598602	-0.0155707	0.0519683	
0.0232827	0.225254	0.226229	0.0883659	0.0236071	0.135093	-0.0263609	0.00183889	0.138651	0.0690526	-0.040635	0.245476	0.22487	0.181998	0.0975987	0.0408884	0.181843	0.065585	0	-0.0348247	0.0787155	
0.0232827	0.225254	0.226229	0.0710411	0.0205	0.122379	-0.0263609	0.00183889	0.138651	0.0514009	-0.0206283	0.329585	0.183737	0.119261	0.0344884	0.0493997	0.0836386	0.0418634	0.181998	-0.0271496	
0.0161658	0.225254	0.226229	0.06643	0.0269439	0.123913	-0.0237584	-0.00958963	0.138651	0.137838	-0.0358499	0.329701	0	-0.0390506	0.0157096	0.00718445	0.115601	0.513644	0.044302	0.133772	
0.0110215	0.22717	0.214791	0.0783527	0.0225607	0.132417	-0.0218426	-0.00652104	0.143517	0.084454	-0.0298753	0.465659	-0.0387716	0.0441894	0.0444512	-0.0322428	0.0665049	0.117517	0.678267	0.0578519	0.16181	
0.0097352	0.24209	0.214791	0.0784525	0.0187281	0.166006	-0.0218426	-0.000842587	0.168294	0.0490563	-0.0598606	0.354558	-0.0387716	0.125854	0.0137409	0.0758532	0.164483	0.477378	0.115043	0	0.0578519	
0.00818092	0.25744	0.238324	0.0784525	0.0187281	0.101364	-0.0372918	-0.000842587	0.168294	0.239985	-0.055331	0.274476	-0.0430962	0.0984638	0.196466	0.0252889	0.340935	0.0122138	0.0396978	0.0558112	
0.00637325	0.25744	0.218263	0.0790069	0.0178254	0.169185	-0.039391	-0.00857965	0.168294	0.161015	-0.062504	0.273922	-0.0416252	0.123383	0.158407	0.0866728	0.58969	0.0198097	-0.0133897	0	0.0558112	
0.00637325	0.25744	0.218263	0.0808979	0.0171976	0.099161	-0.0311331	-0.00857965	0.137064	0.136711	-0.0149243	0.235015	0.0464386	0.123383	0.158407	0.629978	0.110198	-0.0531305	0.0558112	
0.00637325	0.264271	0.224025	0.0808979	0.0171976	0.149315	-0.0456945	-0.0165785	0.135956	0.130472	-0.019615	0.235015	-0.0449391	0.121886	0.11409	0.779855	0.0540152	0.181915	0.0558112	
0.0124375	0.264271	0.21859	0.090098	0.0171976	0.162117	-0.0456945	-0.0165785	0.135956	0.108246	0.00683069	0.347404	-0.0449391	0.123122	0.151333	0.981266	0.0779484	0.069349	0.0470447	
0.00969857	0.277226	0.21859	0.090098	0.0171976	0.187058	-0.0456945	-0.020447	0.143106	0.0657407	-0.0340518	0.258677	-0.0534019	0.0464805	0.11493	1.08626	0.0985084	0.185497	0.0368243	0	0	
0.00969857	0.277226	0.231471	0.0857484	0.0171976	0.120705	-0.0456945	-0.0286389	0.141704	0.180687	-0.0253741	0.219951	-0.0453239	0.067686	0.137685	0.723959	0.0715907	0.21832	0.0368243	
0.0078095	0.269888	0.19031	0.0722352	0.0317009	0.0503398	-0.0456945	-0.0238578	0.183706	0.124576	-0.0332767	0.341754	-0.0445124	0.00518845	0.0987575	1.46171	0.0685676	0.144869	0.0364633	-0.0435762	
0.0078095	0.263689	0.19031	0.0722352	0.0457114	0.114598	-0.0423186	-0.0170472	0.162171	0.12305	-0.0332767	0.341754	-0.0252456	0.0232861	0.095703	0.594316	0.0728098	0.142416	0.0322211	-0.0215353	
0.0078095	0.263689	0.161296	0.0722352	0.049955	0.147095	-0.0450573	-0.0195162	0.162171	0.100784	-0.0575792	0.272624	-0.0276539	-0.0163163	0.0892626	0.925637	0.154702	0.202146	
0.00731903	0.263198	0.165857	0.0717448	0.047393	0.145695	-0.0451815	-0.0198714	0.15825	0.177438	0.0859761	0.430803	-0.000609536	-0.0107724	0.111564	0.932633	0.15165	-0.00882719	
0.0113778	0.277864	0.142136	0.0717448	0.047393	0.225738	-0.0493466	-0.0223414	0.15825	0.111617	0.241791	0.377893	0.030174	-0.0266825	0.106119	0.709276	0.15165	0.0166929	0.0232186	
0.00979907	0.254789	0.124917	0.0899653	0.0517981	0.22416	-0.0416062	-0.0153105	0.160016	0.21781	0.12999	0.582911	0.0285952	-0.0074088	0.0993109	0.639935	0.154476	0.128736	
0.00979907	0.258309	0.13811	0.0934859	0.0613066	0.152946	-0.0403532	-0.0374422	0.136526	0.1585	0.134334	0.346168	0.000955017	0.0294082	0.146061	0.198448	0.163984	0	
0.0106264	0.24012	0.138938	0.0943133	0.0539722	0.274178	-0.0395259	-0.0330792	0.137354	0.140836	0.166175	0.426004	0.0130506	-0.0156258	0.0956076	0.438223	0.149207	0.00576451	
0.0106264	0.24012	0.140986	0.0943133	0.0532057	0.274178	-0.0395259	-0.0344564	0.137619	0.198935	0.166175	0.48507	-0.00672235	0.00966809	0.139036	0.0309698	0.167868	-0.0277762	0	
0.0106264	0.24012	0.140986	0.08274	0.0626457	0.274178	-0.0395259	-0.0344564	0.15367	0.101919	0.194694	0.491629	-0.0362551	0.103271	0.135804	0.251188	0.177308	0.021956	
0.0122997	0.252437	0.143081	0.08274	0.055341	0.275132	-0.0395259	-0.02497	0.161812	0.0565897	0.0617961	0.405698	-0.0190215	0.0669629	0.135804	0.0621983	0.270395	0	0	
0.0136028	0.25374	0.125285	0.0803627	0.0540379	0.249173	-0.0407973	-0.0214583	0.158996	0.244685	-0.0257393	0.409379	0.0157541	0.0114475	0.181445	0.0524669	0.362677	-0.0139101	
0.008534	0.254749	0.125285	0.0803627	0.0635826	0.277603	-0.0464747	-0.0223379	0.158996	0.206818	-0.0129004	0.486874	0.0157541	-0.0312896	0.16632	0.295113	0.398309	
0.0141922	0.272478	0.0898947	0.0803627	0.0616264	0.267846	-0.0427026	-0.0246921	0.158996	0.418255	-0.0179494	0.444381	0.0167646	0.0424142	0.176385	-0.0256921	0.36354	
0.0133737	0.271659	0.0890761	0.0751703	0.0600421	0.287239	-0.0435212	-0.0136443	0.148056	0.267031	0.0917573	0.448755	0.0266735	0.0319664	0.263729	-0.0391474	0.402226	-0.0432907	0	0	
0.00578911	0.271659	0.107594	0.0751703	0.0571857	0.280956	-0.0435212	-0.0136443	0.160004	0.36915	0.0125834	0.319602	0.0319181	0.0591026	0.228006	-0.0581433	0.39937	0	0.00236598	
0.00578911	0.306148	0.112209	0.0770447	0.0571857	0.250862	-0.0390784	-0.0210964	0.167241	0.460398	0.0286917	0.292307	0.0319181	0.0438577	0.305188	-0.00182427	0.39937	0	-0.028127	
0.00578911	0.306148	0.112209	0.0807373	0.0571857	0.274969	-0.0385162	-0.0127305	0.180326	0.299747	0.121084	0.294028	0.035562	0.0495223	0.362836	0.0859458	0.429086	0	-0.0362248	
0.00578911	0.306148	0.113405	0.0800451	0.0511157	0.177858	-0.0385162	-0.0123464	0.232554	0.398517	0.0736967	0.414877	0.0267585	0.0602538	0.30074	0.108388	0.397907	
0.00578911	0.298306	0.0952663	0.0706271	0.0463784	0.240524	-0.0441884	-0.029763	0.232554	0.151402	0.146106	0.117143	0.0347895	0.0893168	0.250897	0.450586	0.39317	
0.00578911	0.298306	0.145902	0.0845551	0.0510662	0.284323	-0.0441884	-0.0305115	0.232554	0.173151	0.15959	0.223247	0.0347895	0.0457212	0.258122	0.247468	0.377395	0.00990137	0	
0.00578911	0.298306	0.145902	0.0845551	0.0489572	0.299813	-0.046941	-0.0305115	0.211553	0.110911	0.163002	0.158421	0.0360213	0.0401793	0.258122	0.11421	0.354904	
0.00559117	0.298306	0.137714	0.0845551	0.0486622	0.219359	-0.046941	-0.0309265	0.212664	0.233369	0.187633	0.228749	-0.0251073	0.0665436	0.216708	0.0756704	0.354609	-0.0429146	-0.0293494	
0.00559117	0.28309	0.10581	0.0845551	0.0562198	0.170084	-0.0492432	-0.0249005	0.211947	0.124438	0.203937	0.202228	-0.0118029	0.0232343	0.200955	0.362166	0	
0.00559117	0.271192	0.10581	0.0845551	0.0596114	0.199226	-0.0459581	-0.0236049	0.212459	0.0936416	0.0484435	0.210486	-0.0139111	0.0540271	0.200955	0.365558	
0.00285321	0.271192	0.0751611	0.0912554	0.062334	0.170396	-0.0459581	-0.0236049	0.212459	0.249398	0.208028	0.444149	-0.019573	0.0717494	0.244367	0.371146	
0.00285321	0.271192	0.0721497	0.0912554	0.0558912	0.317899	-0.0320674	-0.022993	0.194009	0.378246	0.191552	0.291278	0.00908604	0.140957	0.194065	0.405443	0.0495654	
0.00324677	0.288551	0.105578	0.0912554	0.0558912	0.268076	-0.0320674	-0.0350515	0.228148	0.552361	0.0743318	0.313112	0.0085048	0.140957	0.205526	0.379886	0.0397831	0.00457386	-0.0279729	
0.00324677	0.288551	0.0968617	0.0912554	0.0603782	0.272323	-0.0275418	-0.0350515	0.216894	0.439243	0.0934846	0.261317	0.0152668	0.0997068	0.182156	0.384373	-0.00786118	
-0.0039183	0.288551	0.099044	0.0912554	0.064078	0.207745	-0.0275418	-0.024115	0.225261	0.36161	0.168963	0.131174	-0.00882804	0.0748343	0.149232	0.382301	0.0725194	
-0.0039183	0.283961	0.101206	0.0806325	0.064078	0.331221	-0.0192528	-0.0152477	0.20516	0.244417	0.0816863	0.384834	-0.0289575	0.0699791	0.213005	0.382301	0.0725194	0	
-0.00175566	0.243759	0.0954086	0.0806325	0.066929	0.271075	-0.0145979	-0.0185421	0.197474	0.420216	0.124205	0.352744	-0.0405602	0.0680015	0.232027	0.385152	0.0620736	-0.249017	0	
-0.00325006	0.243759	0.0894138	0.0826184	0.066929	0.277046	-0.0145979	-0.03156	0.197988	0.19728	0.169861	0.310272	-0.0495022	0.0969183	0.209364	0.385152	-0.042081	-0.00844905	0.0525339	0	
-0.00325006	0.243759	0.0999816	0.0826184	0.0651395	0.225034	-0.0145979	-0.0359938	0.221568	0.445974	0.140218	0.668878	-0.0450798	0.149058	0.120148	0.384839	0	0.0928757	0	-0.0302761	0	
-0.00408104	0.217163	0.0991506	0.072243	0.0659704	0.235167	-0.0154289	-0.0350535	0.165583	0.440916	0.342599	0.678423	-0.0335712	0.144418	0.14407	0.325267	0.0920447	
-0.000797702	0.217163	0.084863	0.0738355	0.0719507	0.191099	-0.0158409	-0.0350535	0.165583	0.114916	0.345844	0.684638	-0.0298748	0.061473	0.201072	0.354206	0.114968	0.166006	
0.0148209	0.219698	0.113589	0.06684	0.0645583	0.231625	-0.0133062	-0.0239866	0.152474	0.148252	0.411253	0.796268	-0.013598	0.0640078	0.199318	0.388136	0.153018	
0.0148209	0.243865	0.120621	0.06684	0.0645583	0.15122	-0.0133062	-0.0253062	0.173474	0.15348	0.274565	0.825052	-0.00511534	0.151746	0.199318	0.388136	0.220138	0	
0.0148209	0.256568	0.120621	0.0682787	0.0768857	0.11646	-0.0165485	-0.0198594	0.160318	0.110654	0.222174	0.61414	0.00799278	0.0910525	0.187043	0.400464	0.228547	0	
0.00687891	0.240556	0.127045	0.0679131	0.0736234	0.115193	-0.0168197	-0.0198594	0.177447	0.158669	0.282652	0.566668	-0.0015545	0.149685	0.156567	0.389814	0.228547	
0.00687891	0.234491	0.107856	0.0657872	0.0648843	0.18924	-0.0168197	-0.0222155	0.233969	0.189716	0.567507	0.269519	-0.0015545	0.147865	0.125673	0.396967	0.221599	0.00277855	-0.0427495	
0.00687891	0.217132	0.120388	0.0657872	0.0701488	0.136265	-0.0168197	-0.0192578	0.185765	0.24626	0.235271	0.160712	-0.00471354	0.140471	0.175103	0.405129	0.22561	
0.00687891	0.217132	0.133095	0.0657872	0.0629026	0.116104	-0.0168197	-0.00562812	0.185765	0.185431	0.460907	0.297784	-0.0111993	0.260739	0.143422	0.397883	0.212944	0.0229188	0.00461164	
0.00749309	0.217746	0.133709	0.0651164	0.0696817	0.033073	-0.0162055	-0.00501394	0.186379	0.0584447	0.364551	0.221751	-0.0199446	0.228356	0.144037	0.368348	0.200688	0	
0.00653275	0.217746	0.13363	0.0651164	0.0670513	0.0373916	-0.00565895	-0.00501394	0.186379	0.148677	0.504945	0.183926	-0.0252271	0.228356	0.159344	0.426592	0.202128	
0.00653275	0.208099	0.13363	0.0641581	0.0670513	0.0738512	-0.0164977	-0.00371371	0.186379	0.346086	0.692661	0.59749	-0.0228231	0.257203	0.179036	0.397711	0.198711	0.0522133	0	
0.00634444	0.207911	0.154959	0.0639698	0.0605337	0.0693086	-0.016686	-0.00390201	0.204666	0.166313	0.732931	0.651114	-0.0224511	0.231249	0.178848	0.338288	0.217412	
0.00634444	0.207911	0.157944	0.0731958	0.0674902	0.0621408	-0.0183733	-0.00546615	0.204666	0.125041	0.116807	0.525522	-0.0134935	0.259693	0.195008	0.400628	0.215107	0	0.00244759	
0.00444598	0.207911	0.157944	0.0731958	0.0544281	0.0589121	-0.00779321	-0.00546615	0.166318	0.141617	0.0805756	0.316324	-0.0329913	0.25005	0.153493	0.391047	0.177432	0	0.0542026	
-0.00287726	0.207911	0.154178	0.0731958	0.0540104	0.0756895	-0.00799429	-0.00499388	0.162453	0.271827	0.115169	0.221914	-0.034163	0.231557	0.192323	0.390629	0.177432	0	
-3.17109e-05	0.229207	0.157252	0.0798262	0.0540104	0.12375	-0.0113891	-0.0193455	0.139705	0.307234	0.214789	0.372388	-0.0216001	0.292323	0.192323	0.390629	0.224345	0	
0.00180621	0.221933	0.170297	0.081388	0.0561415	0.152513	-0.00938511	-0.0193455	0.139705	0.181971	0.227054	0.318648	-0.0121946	0.320094	0.218499	0.425937	0.224345	
0.00180621	0.190701	0.180089	0.081388	0.0589684	0.0950189	-0.00938511	-0.0192016	0.15364	0.168152	0.169034	0.380939	-0.0137924	0.261133	0.190155	0.404588	0.214643	0	
0.00180621	0.194248	0.171109	0.0809795	0.0589684	0.0695895	-0.00938511	-0.0194467	0.15364	0.156155	-0.00368326	0.306229	-0.0137924	0.262111	0.190155	0.404588	0.211245	-0.0526055	-0.00354664	
0.00255379	0.222205	0.171109	0.0809795	0.0574977	0.112698	-0.00924723	-0.00912246	0.15364	0.164967	0.117125	0.456505	-0.00866708	0.30233	0.101986	0.386511	0.250633	0	
0.00209566	0.21863	0.171109	0.0809795	0.059383	0.0663858	-0.00683504	-0.00912246	0.15364	0.169566	0.227373	0.397428	0.00769961	0.30233	0.173233	0.388396	0.250633	0	
0.000841875	0.21863	0.171109	0.0897609	0.0618074	0.103846	-0.00660528	-0.00912246	0.122845	0.277554	0.346913	0.562985	-0.00267722	0.283545	0.215114	0.390821	0.285609	0	
0.000841875	0.21863	0.171109	0.0971368	0.0618074	0.0881699	-0.00721821	-0.00912246	0.122845	0.190667	0.260771	0.341859	-0.00509162	0.300071	0.251239	0.341283	0.285609	0	0	
-0.00311525	0.229159	0.170833	0.0968604	0.0611421	0.0711836	-0.00749466	0.01338	0.145498	0.0910211	0.614158	0.477811	-0.0227137	0.299794	0.245517	0.397287	0.288458	-0.0031254	
-0.00311525	0.252763	0.158015	0.0978687	0.0594799	0.0256731	-0.00827452	0.01338	0.145498	0.128348	0.724167	0.31124	-0.0186063	0.268918	0.252955	0.423428	0.287874	-0.0031254	
-0.00907274	0.251998	0.136612	0.0987591	0.0543678	0.0587104	-0.00738409	0.0410949	0.172248	0.199996	0.759433	0.523457	-0.0318259	0.269808	0.253846	0.34373	0.287874	-0.00223497	0	0.0243808	
-0.00181281	0.225404	0.135133	0.0972804	0.0563892	0.0475854	-0.00395935	0.0293572	0.170769	0.125279	1.43265	0.492819	-0.0343777	0.268329	0.252367	0.402721	0.383722	-0.00371368	
-0.000500068	0.226717	0.136446	0.0985932	0.0551311	0.057203	-0.00264661	0.0306699	0.172082	0.22286	0.460322	0.411168	-0.0330649	0.135885	0.238298	0.436235	0.388676	-0.00735508	-0.0269549	
0.00516863	0.232264	0.122136	0.0985932	0.0551311	0.102726	-0.00264661	0.0157752	0.226368	0.142771	0.603748	0.550872	0.00164981	0.163974	0.261722	0.439646	0.388676	-0.00735508	0	-0.0386799	0	
0.00516863	0.232264	0.122136	0.0985932	0.0445813	0.156371	-0.00109407	0.0157752	0.226368	0.295849	0.299151	0.550872	0.0269642	0.163974	0.218343	0.431492	0.370479	-0.00735508	0.01589	
0.00290848	0.267686	0.125079	0.0985932	0.0562739	0.121635	-0.00109407	0.0245246	0.246608	0.29449	0.269855	0.643934	0.00791515	0.200556	0.31923	0.443184	0.370479	-0.00735508	
-0.00463284	0.275594	0.106873	0.0976406	0.0562739	0.14659	-0.00109407	0.039287	0.247142	0.171163	0.179592	0.644887	0.00791515	0.223924	0.31923	0.391286	0.460067	-0.00709318	0	
-0.00463284	0.275594	0.0792372	0.107479	0.0562739	0.121771	-0.00109407	0.0406056	0.247142	0.263064	0.0925905	0.446588	0.0104267	0.223429	0.300098	0.314502	0.460067	-0.00709318	
-0.00524985	0.289558	0.0750407	0.0871405	0.0463473	0.114871	-0.00109407	0.0406056	0.248866	0.341158	0.156959	0.427484	0.00964302	0.190379	0.254155	0.307411	0.494293	-0.00709318	
-0.000698756	0.294395	0.0750407	0.0871405	0.0463473	0.166764	-0.00109407	0.0450852	0.248866	0.285918	0.384857	0.310757	0.00964302	0.238897	0.245973	0.335964	0.494293	-0.00709318	0.00832788	0	0	
0.00651888	0.285485	0.0566295	0.0727362	0.0463473	0.0885772	-0.00109407	0.0368009	0.208475	0.295244	0.320365	0.489622	-0.0069895	0.159531	0.22594	0.367151	0.487782	-0.000581554	
0.00516196	0.285485	0.0549301	0.0714696	0.0527014	0.106803	-0.00109407	0.0368009	0.212506	0.425499	-0.00518415	0.339671	0.000942265	0.159531	0.19889	0.343048	0.473749	-0.000581554	0.0137936	
0.00516196	0.285485	0.0782234	0.0745655	0.0432555	0.152274	-0.000333731	0.0368009	0.212506	0.276186	0.0237051	0.261673	-0.00790829	0.109328	0.211713	0.337452	0.495915	-6.89279e-06	0.0426844	
0.00516196	0.238963	0.0720695	0.0745655	0.0509849	0.118837	-0.000333731	0.0479838	0.199686	0.165988	-0.0312795	0.24365	-0.0262774	0.0696631	0.211713	0.345181	0.503139	-0.00723068	0	
0.00516196	0.233448	0.0525279	0.0745655	0.0529909	0.0933409	-0.00110533	0.0479838	0.195071	0.179684	-0.0618148	0.233373	-0.0154756	0.102819	0.211713	0.364653	0.548729	-0.00723068	0.0224983	-0.0146831	
0.00155336	0.242084	0.0525279	0.075533	0.0530763	0.159472	-0.00110533	0.0427107	0.195071	0.124071	-0.0393706	0.28159	-0.027353	0.0484713	0.220445	0.320887	0.512078	-0.0146718	
0.00155336	0.242084	0.0802612	0.075533	0.0483904	0.132213	-0.00110533	0.0427107	0.215217	0.162161	0.0330867	0.261172	-0.027353	0.0314498	0.245032	0.265055	0.522527	-0.025121	0	0	
-0.00243014	0.213008	0.0683772	0.0729999	0.056307	0.134964	-0.00110533	0.0399939	0.26346	0.189339	0.0165776	0.125729	-0.0246448	0.0496122	0.217294	0.280426	0.548578	-0.025121	
-0.00243014	0.254024	0.0636505	0.0867473	0.0586361	0.164551	0.00279762	0.0516827	0.26346	0.161431	0.122523	0.306363	-0.0322722	0.0335606	0.204924	0.31324	0.548578	-0.025121	
-0.003834	0.205263	0.0636505	0.0826456	0.057808	0.13524	0.00279762	0.0469285	0.266634	0.211929	0.192623	0.227519	-0.0454239	0.012317	0.168897	0.312412	0.548578	-0.025121	-0.00814792	
-0.00180711	0.236235	0.0545406	0.0826456	0.065175	0.112814	0.00279762	0.063559	0.257206	0.154157	0.185102	-0.0168726	0.017201	0.138457	0.319779	0.50688	-0.0263041	-0.00471674	0.0178446	
-0.00132832	0.252098	0.0541304	0.0831244	0.0587597	0.102587	0.00296473	0.0640378	0.257684	0.212468	0.185102	-0.0468201	0.012853	0.175284	0.306177	0.552087	-0.0243486	
-0.00132832	0.201894	0.0718792	0.0736781	0.0594106	0.200868	0.00296473	0.0534012	0.257684	0.0344227	0.240483	0.282921	-0.0459114	0.00669124	0.205701	0.338382	0.468828	-0.0243486	0	
-0.00402035	0.243102	0.0906444	0.0741276	0.048178	0.164834	0.00296473	0.0534012	0.240331	-0.0388355	0.149064	0.23572	-0.0373166	0.0060217	0.201011	0.309954	0.495876	-0.0243486	
-0.00402035	0.224215	0.0661989	0.07586	0.048178	0.126949	0.00305838	0.0534012	0.237724	-0.0527513	0.177003	0.222996	-0.0290688	0.0588335	0.227397	0.309954	0.480334	-0.024591	-0.0224632	
0.00243949	0.224215	0.0661989	0.07586	0.048178	0.135669	0.00305838	0.0684594	0.283658	0.0847794	0.105638	0.247518	-0.0333182	-0.0082633	0.183703	0.276673	0.481806	-0.0260627	
0.00562907	0.220887	0.0998056	0.102803	0.042147	0.0406886	0.0077468	0.0684594	0.283658	0	0.186128	0.227547	-0.0195227	-0.0398641	0.211181	0.270642	0.50181	-0.0254322	
0.00600871	0.217973	0.100185	0.103183	0.0452192	0.0804967	0.00339739	0.0624534	0.282761	0.188522	0.184229	-0.0203468	0.00179489	0.211561	0.300596	0.43601	-0.0188273	
0.0128207	0.217973	0.119895	0.130383	0.0409977	0.117789	0.00339739	0.0913786	0.281383	0.0235095	0.259604	0.160477	-0.0303666	-0.0166095	0.211561	0.316774	0.427334	-0.0188273	-0.0169412	
0.0131586	0.202938	0.119895	0.106299	0.0409977	0.122407	0.000430599	0.0642004	0.281383	0.335559	0.175672	-0.0369706	-0.0102621	0.211561	0.316774	0.42952	-0.021013	
0.013917	0.226688	0.1136	0.106299	0.0456633	0.0519383	0.000430599	0.0528862	0.268369	0.214209	0.275188	-0.0462286	-0.0454904	0.243387	0.307927	0.510478	-0.0197601	0.013512	
0.0102438	0.226688	0.098352	0.102123	0.040188	0.100201	0.000430599	0.0634258	0.268369	0.362539	0.274529	-0.0471436	-0.0228962	0.231356	0.324972	0.457153	-0.0197601	
0.0102438	0.228604	0.0952527	0.102123	0.040188	0.133553	0.0116465	0.0634258	0.268369	0.299194	0.107226	-0.0544103	-0.0346388	0.236814	0.314741	0.493733	-0.0197601	0.0447746	
0.0102438	0.228604	0.0897784	0.0870523	0.040188	0.139363	0.0182968	0.0634258	0.27753	0.00801573	0.217614	0.250652	-0.0181735	0.00373352	0.194537	0.314741	0.484278	-0.0173871	
0.0122671	0.264353	0.111812	0.0777624	0.040188	0.156787	0.0238528	0.0634258	0.27753	0	0.141124	0.406942	-0.0474394	-0.000208373	0.143103	0.302332	0.484278	-0.0173871	-0.0198263	
0.0122671	0.212786	0.0580207	0.0777624	0.040188	0.0902332	0.0238528	0.0634258	0.285595	-0.0427446	0.105663	0.25202	-0.0453142	0.0284031	0.121768	0.314741	0.504246	-0.0173871	0.0641574	
0.0122671	0.209065	0.0676634	0.0777624	0.0402254	0.0899111	0.0238528	0.0634258	0.268456	0.00698383	0.195845	0.198623	-0.030518	0.0328775	0.107155	0.314778	0.514972	-0.0281131	
0.0122671	0.195765	0.0676634	0.0831125	0.0358328	0.0460748	0.0238528	0.0777824	0.230837	0.0747574	0.241588	0.242716	-0.037834	0.0328775	0.192391	0.304271	0.480257	-0.0346439	
0.020389	0.191608	0.0600189	0.0831125	0.0408547	0.0460748	0.0238528	0.053635	0.21611	0	0.107272	0.290661	-0.0204612	0.0423323	0.149774	0.309292	0.480257	-0.0346439	-0.0311107	0	
0.0183722	0.204348	0.0755455	0.0688509	0.0425744	0.122693	0.0264249	0.0562071	0.225193	0.141494	0.144036	-0.0482425	0.022107	0.145745	0.313584	0.480257	-0.0320718	
0.0183722	0.209088	0.0617957	0.0462477	0.0452282	0.0932096	0.0229066	0.0581546	0.23174	0.217027	0.17988	-0.0541979	0.0163232	0.145745	0.26114	0.509202	-0.0358528	
0.020942	0.219996	0.0643805	0.0408839	0.0418303	0.16743	0.016459	0.0684524	0.235161	0.139407	0.350067	-0.041329	0.014815	0.212488	0.225253	0.511169	-0.0378204	
0.0181492	0.219996	0.0643805	0.0450925	0.0418303	0.108082	0.016459	0.0668551	0.235161	-0.00349295	0.237129	0.115108	-0.0477957	0.104139	0.159992	0.181242	0.503182	-0.0298334	0	
0.0181492	0.219996	0.0676882	0.0425382	0.0418303	0.11012	0.019687	0.0696022	0.263013	0.102365	0.282504	-0.0326602	0.0380834	0.110378	0.279418	0.532736	-0.0351845	
0.0174746	0.248557	0.0536641	0.0580076	0.0415153	0.0839054	0.0126289	0.0606087	0.261745	0.152115	0.341244	-0.00671097	0.0463913	0.125393	0.298286	0.532736	-0.035859	
0.00605954	0.246393	0.0752704	0.0558439	0.0436789	0.0501046	0.0136694	0.0746639	0.196185	0.234733	0.387652	-0.00887462	0.0529346	0.116381	0.278968	0.532736	-0.0380227	
0.00605954	0.256212	0.0595536	0.0631687	0.0436789	0.155317	0.0136694	0.0746639	0.196185	0.281776	0.314936	-0.00887462	0.0656068	0.0916188	0.310355	0.532944	-0.0382307	
0.00605954	0.247952	0.0594507	0.0649104	0.0436789	0.0902197	0.0123251	0.0763758	0.196185	0.374107	0.358177	-0.0304191	0.0177963	0.12026	0.304657	0.532944	-0.0382307	
0.00605954	0.200415	0.054402	0.0649104	0.0466413	0.0697756	0.0145718	0.0883455	0.196185	0.222459	0.421398	-0.0184877	0.0469364	0.13927	0.307619	0.532944	-0.0382307	
0.00605954	0.222241	0.0767358	0.066351	0.051527	0.113572	0.0145718	0.0743784	0.196185	0	0.340963	0.261211	-0.0291618	0.0569234	0.139325	0.311	0.50747	-0.032939	0	
0.00605954	0.222241	0.0592196	0.0871945	0.0553532	0.128924	0.0145718	0.0743784	0.196185	0.0285292	0.136605	0.240367	-0.0105971	0.0855496	0.135126	0.324805	0.512079	-0.0375482	-0.0486697	
0.0062672	0.262761	0.0645195	0.0870535	0.0464597	0.0234771	0.0145718	0.0780954	0.190929	0.0285292	0.17323	0.240508	-0.0345466	0.075096	0.132817	0.345035	0.512079	-0.0375482	
0.0062672	0.23792	0.0645195	0.100732	0.0440139	0.0554187	0.0120941	0.0770336	0.190929	0.0276364	0.353676	0.255002	-0.0405254	0.112509	0.130676	0.378941	0.507998	-0.0334671	
0.0078638	0.23792	0.0682792	0.100732	0.0443085	0.130908	0.0120941	0.0770336	0.175052	0.0276364	0.196938	0.422499	-0.0391102	0.166241	0.0900507	0.370995	0.503133	-0.03578	0	0	
0.00931906	0.23792	0.0999906	0.0823518	0.0443085	0.121614	0.0222067	0.0770336	0.175052	0.0276364	0.314817	0.159844	-0.0393788	0.144035	0.0912934	0.398534	0.457239	-0.03578	0.312337	
0.00435405	0.23866	0.100731	0.0830917	0.0435686	0.185321	0.0229467	0.0656603	0.209707	0.0343214	0.10717	0.175123	-0.0386389	0.155168	0.115398	0.377182	0.464173	-0.0419747	
0.00435405	0.23866	0.100731	0.0830917	0.0479583	0.200111	0.0229467	0.0656603	0.220693	0.0343214	0.0643579	0.32898	-0.0386389	0.124775	0.141746	0.407999	0.412267	-0.038491	-0.040778	
0.00435405	0.23866	0.0911671	0.0857813	0.0479583	0.229667	0.0232743	0.0620752	0.220693	0.0343214	0.124974	0.238766	-0.0386389	0.178749	0.13825	0.448017	0.412162	-0.0383861	-0.0113134	
8.60068e-05	0.239451	0.0920134	0.0865722	0.0471674	0.230306	0.0240653	0.0628661	0.206923	0.0351123	0.277952	0.0640018	-0.0378479	0.166275	0.169788	0.467506	0.416555	-0.0419882	
8.60068e-05	0.217466	0.0920134	0.0516575	0.0471674	0.258907	0.0240653	0.0589674	0.206923	0.0351123	0.0812447	0.191231	-0.0174124	0.111776	0.167869	0.48894	0.432894	-0.0419882	
-0.00109488	0.217466	0.0684768	0.0543113	0.0471674	0.249023	0.0236117	0.044115	0.206923	0.0351123	0.175746	0.397014	-0.0322949	0.111776	0.162739	0.48894	0.47387	-0.0429293	0.0805691	
-0.00109488	0.244188	0.0786882	0.0543113	0.0471674	0.381487	0.0204294	0.044115	0.188853	0.0351123	0.254837	0.44116	-0.0407502	0.102986	0.162739	0.476267	0.424307	-0.0429293	-0.000729944	0	
-0.00117966	0.274019	0.0693974	0.0542265	0.0459384	0.381402	0.0238645	0.0440302	0.188768	0.0350275	0.177242	0.451085	-0.040835	-0.0331822	0.227073	0.474953	0.447091	-0.0510575	
-0.000841479	0.2514	0.0613605	0.0545647	0.0391753	0.205708	0.0353667	0.0458603	0.24134	0.0353657	0.196325	0.741407	-0.00559682	-0.0586141	0.226098	0.501063	0.447091	-0.0507193	0	
-0.00796527	0.2514	0.0613605	0.0592713	0.0391753	0.174825	0.0353667	0.0298311	0.254386	0.0353657	0.15509	0.740288	-0.0221597	-0.0283632	0.184773	0.501063	0.445014	-0.0486418	0.00592984	-0.0343111	0	
-0.00796527	0.231896	0.0613605	0.0514071	0.0298134	0.204835	0.0344934	0.0590572	0.254386	0.0353657	0.327973	0.503507	-0.0221597	-0.0207829	0.167128	0.467499	0.445014	-0.0486418	0	
-0.00262362	0.233085	0.0937743	0.0521235	0.0363343	0.152694	0.0380697	0.0597735	0.255102	0.0409205	0.337899	0.542116	-0.0214434	-0.0366219	0.167844	0.474736	0.486167	-0.0482426	0	-0.00702508	0.00888185	0.0365385	
-0.00237969	0.234465	0.0951538	0.0696494	0.0306514	0.118743	0.0394493	0.0611531	0.256482	0.0423	0.229907	0.567587	-0.0166885	-0.0364462	0.1848	0.432826	0.486167	-0.0468631	0.0920522	0.0397322	0	
-0.00237969	0.234465	0.0959484	0.068077	0.0299163	0.125069	0.0438339	0.0736258	0.256482	0.0423	0.31821	0.606985	-0.0215484	-0.051794	0.195923	0.400705	0.517974	-0.042392	0.102584	
-0.00237969	0.269784	0.0959484	0.0781337	0.0394925	0.110735	0.0438339	0.071105	0.256482	0.0423	0.273696	0.507975	-0.0302672	-0.0601373	0.190575	0.359713	0.518529	-0.0462979	0.118643	
-0.00237969	0.254875	0.0919545	0.0781337	0.0394925	0.141761	0.0438339	0.056357	0.256482	0.0423	0.152072	0.652321	-0.0302672	-0.0713189	0.194674	0.363814	0.495018	-0.0424022	0.130777	-0.0119016	
-0.00608836	0.268123	0.0923092	0.0698525	0.0479139	0.188389	0.0441886	0.0567117	0.256837	0.0426548	0.10815	0.660957	-0.0306065	-0.0646273	0.180945	0.37259	0.478757	-0.0420475	0.131132	0	
-0.00710425	0.267107	0.0733893	0.0688366	0.0438295	0.138609	0.0352329	0.0556958	0.230853	0.0416389	0.166088	0.545175	-0.0317374	-0.048799	0.184467	0.362233	0.479678	-0.0456063	0.130116	
-0.00599903	0.272508	0.0692571	0.0756756	0.0427242	0.0819224	0.0470193	0.056801	0.231958	0.0639714	0.126942	0.412114	-0.037108	-0.00891309	0.154983	0.361488	0.479678	-0.0445011	0.13929	
-0.00162224	0.255194	0.0738023	0.0808957	0.0427242	0.136471	0.0470193	0.056801	0.231958	0.0548552	0.246905	0.409942	-0.038729	-0.0221274	0.129777	0.371698	0.489024	-0.0445011	0.1206	
0.00039133	0.197485	0.0738023	0.0808957	0.0420464	0.173609	0.0470193	0.0648771	0.213931	0.0548552	0.218403	0.699898	-0.0393387	-0.0465905	0.138236	0.371021	0.513372	-0.0421401	0.143811	
0.00039133	0.248589	0.0753934	0.0808957	0.0420464	0.215662	0.0470193	0.0648771	0.224379	0.0496073	0.0832806	0.699898	-0.0135014	-0.036738	0.159019	0.371021	0.506682	-0.0354503	0.143811	0.0630267	
0.00039133	0.248589	0.0639201	0.0808957	0.0420464	0.24181	0.0529589	0.0648771	0.224379	0.0496073	0.111444	0.494692	-0.0135014	0.00018642	0.202087	0.371021	0.552084	-0.0354503	0.143981	0.0631389	-0.0449251	
0.00039133	0.205008	0.0664602	0.0808957	0.0478228	0.32178	0.0529589	0.0822626	0.22313	0.0496073	0.237646	0.582963	-0.0492901	-0.036573	0.113137	0.376797	0.552084	-0.0354503	0.143981	0.0876895	-0.0570671	0.0428035	0	0	0	
-0.00179365	0.238388	0.0681541	0.0808957	0.0478228	0.32741	0.0529589	0.0768768	0.22313	0.0496073	0.287387	0.536369	-0.0228066	-0.0322939	0.120642	0.410685	0.552084	-0.0354503	0.143981	0.0590355	
0.00300084	0.238388	0.0730734	0.077459	0.0452825	0.239235	0.0518653	0.0738369	0.22313	0.0496073	0.178677	0.32708	-0.0371973	-0.0197306	0.120642	0.392551	0.552084	-0.0354503	0.178973	0.0925411	-0.0166495	
0.00300084	0.236189	0.0730734	0.0786543	0.0435183	0.142222	0.0518653	0.0738369	0.22313	0.0496073	0.195232	0.329223	-0.0351743	-0.0264207	0.12896	0.390787	0.552084	-0.0354503	0.150296	0.118543	0	0	
0.00300084	0.236189	0.060939	0.0841217	0.0435183	0.220873	0.0456854	0.0741845	0.260933	0.065935	0.362973	0.348045	-0.0363372	-0.0398503	0.174017	0.385781	0.546483	-0.0298487	0.118461	0.131213	-0.0140006	
0.0073889	0.236189	0.060939	0.0841217	0.0475958	0.267686	0.0456854	0.0721058	0.260933	0.0767104	0.394915	0.124971	-0.0267306	-0.0279189	0.149969	0.389858	0.53861	-0.0219759	0.102476	0.0745534	0.0171053	0	
0.0073889	0.236189	0.0604617	0.0841217	0.044157	0.229501	0.0404268	0.0817482	0.233681	0.0767104	0.19887	0.351961	-0.0267306	-0.0489284	0.149969	0.386419	0.545242	-0.0286079	0.102476	0.0745534	
0.0073889	0.234975	0.0746645	0.0841217	0.040153	0.0760931	0.0446028	0.0869082	0.219839	0.0914822	0.360591	0.54661	-0.0267306	-0.0286661	0.149969	0.37717	0.545117	-0.0284829	0.0988481	0.0745534	
0.0073889	0.234975	0.0565069	0.0699143	0.0357907	0.0273705	0.0459436	0.0869082	0.219839	0.0914822	0.354645	0.466516	-0.0261002	-0.0444029	0.119938	0.375164	0.548193	-0.0315588	0.121205	0.0608667	
0.0073889	0.234975	0.0740735	0.0699143	0.035903	0.0918446	0.0459436	0.0869082	0.219839	0.0914822	0.18938	0.590666	-0.0261002	-0.0310819	0.119938	0.375277	0.548076	-0.0314422	0.121205	0.0614716	
-0.00172156	0.235206	0.0666061	0.0762251	0.035903	0.0631571	0.0483533	0.0869082	0.201441	0.0914822	0.359037	0.439963	0.00568919	0.00580537	0.11323	0.376138	0.551436	-0.0348024	0.119107	0.108544	
-0.00172156	0.20619	0.081317	0.0789159	0.0289165	0.0697567	0.055611	0.0802688	0.198737	0.0914822	0.243318	0.444245	0.0336635	0.0013436	0.1139	0.342029	0.561713	-0.0348024	0.106484	0.124508	0.0208295	-0.0354593	
-0.00239109	0.249664	0.081317	0.0854143	0.0289165	0.0766511	0.055611	0.0802688	0.198737	0.0914822	0.37644	0.595706	0.0336635	-0.0383208	0.131473	0.340265	0.561713	-0.0348024	0.12249	0.164098	0.01733	
-0.00265553	0.248217	0.0775831	0.0907001	0.0300786	0.121062	0.0553465	0.085861	0.202536	0.0912177	0.281288	0.358271	0.0491002	-0.0277584	0.131209	0.38095	0.572242	-0.0342451	0.0873971	0.209644	0	0.0600999	
-0.00265553	0.249084	0.072933	0.0864059	0.0300786	0.174216	0.0553465	0.0807661	0.173467	0.0912177	0.325306	0.289702	0.0461266	0.000628853	0.144242	0.333421	0.572242	-0.0342451	0.109869	0.140646	0	0	
-0.00265553	0.202168	0.0966923	0.0864059	0.0300786	0.183609	0.0553465	0.0807661	0.182195	0.0912177	0.332188	0.203663	0.0552274	-0.0453816	0.172245	0.331424	0.572242	-0.0342451	0.095093	0.140646	0.0709705	
-0.00265553	0.238224	0.0934833	0.0864059	0.0300786	0.0936729	0.0553465	0.0807661	0.16095	0.0897736	0.208919	0.259969	0.0376637	-0.0369845	0.144726	0.306787	0.572242	-0.0342451	0.095093	0.212539	0.0777935	
-0.00265553	0.208243	0.0934833	0.0864059	0.0300786	0.103323	0.0559972	0.0807661	0.196226	0.0858039	0.195442	0.259969	0.0376637	-0.00915801	0.144726	0.346112	0.576038	-0.038041	0.095093	0.180164	0.0469573	0.0190669	
-0.00265553	0.208243	0.0890905	0.0706797	0.0265621	0.0707332	0.0615651	0.0807661	0.186678	0.0858039	0.183602	0.227168	0.0376637	-0.0123416	0.165892	0.248599	0.591949	-0.0369888	0.095093	0.220524	0.213093	0.0495343	0.0656004	0.0263054	
-6.0327e-05	0.208243	0.0833638	0.0706797	0.0320892	0.104218	0.0467208	0.0807661	0.186678	0.0885269	0.390176	0.222171	0.0376637	-0.0351146	0.177651	0.254126	0.591949	-0.0369888	0.0722348	0.18234	0.125349	0.0371268	
-6.0327e-05	0.208243	0.0835204	0.0758876	0.0349495	0.102816	0.0467208	0.0908278	0.186678	0.0885269	0.225182	0.150685	0.0521105	-0.0605042	0.174244	0.216632	0.58735	-0.0369888	0.0985839	0.18234	0.127267	0.0290243	0	
-6.0327e-05	0.2024	0.0835204	0.0667321	0.0349495	0.132947	0.0553051	0.0908278	0.212125	0.0885269	0.0964679	0.272004	0.0961965	-0.0451158	0.143767	0.197293	0.57278	-0.0369888	0.0985839	0.18234	0.131394	0.0339465	
0.00053129	0.2024	0.100048	0.0667321	0.0349495	0.237951	0.0553051	0.0908278	0.215243	0.0885269	0.288147	0.267659	0.0961965	-0.0384511	0.0950497	0.260916	0.573699	-0.0379075	0.11654	0.172256	0.174983	0.0283249	
0.00053129	0.2024	0.0970537	0.0667321	0.0349495	0.1606	0.0553051	0.0851103	0.235031	0.0940281	0.271108	0.361349	0.0961965	-0.0234452	0.1475	0.195635	0.6006	-0.0396569	0.128114	0.172256	0.221457	0.0293615	0.0517886	
0.00053129	0.2024	0.13675	0.251717	0.038016	0.153859	0.0553051	0.0846561	0.235031	0.0826064	0.172679	0.131517	0.0961965	-0.0240532	0.0989028	0.245329	0.628793	-0.0396569	0.139972	0.172256	0.221457	0.0242799	
-0.00354058	0.21205	0.13675	0.22536	0.038016	0.153859	0.0553051	0.0846561	0.227556	0.0823378	0.238948	0.123585	0.0961965	0.00636957	0.121347	0.245329	0.625565	-0.0364296	0.139972	0.210489	0.221457	0.0263705	-0.0823378	
-0.00380334	0.211787	0.0988094	0.237499	0.0406343	0.147915	0.0550424	0.0847963	0.227294	0.0820751	0.117566	0.190117	0.0959021	0.026196	0.122412	0.267555	0.625565	-0.0366923	0.139709	0.338702	0.214285	0.0161042	
-0.00442648	0.211787	0.0988094	0.222408	0.0385789	0.147915	0.0550424	0.0847963	0.219634	0.0820751	0.189423	0.203615	0.0959021	-0.0115939	0.123598	0.236209	0.625565	-0.0366923	0.133486	0.346614	0.194239	0.050442	0	
-0.00275824	0.211787	0.0877259	0.222408	0.0385789	0.142194	0.0604785	0.0767845	0.219634	0.0820751	0.16672	0.405039	0.0959021	0.0336057	0.183283	0.247602	0.621583	-0.0327104	0.133486	0.35284	0.285546	0.0556022	
-0.00186267	0.25327	0.0886214	0.223304	0.0364033	0.144291	0.061374	0.0776801	0.22053	0.0763554	0.217619	0.561925	0.0967976	0.0161284	0.110821	0.258625	0.597487	-0.0318148	0.129001	0.433904	0.330325	0.0283045	-0.0176956	
-0.00186267	0.274653	0.0885269	0.286147	0.0332889	0.107837	0.061374	0.079756	0.22053	0.0763554	0.206594	0.442031	0.0967976	0.0347317	0.142761	0.269795	0.603276	-0.0376045	0.124842	0.446358	0.330325	0.0476819	
-0.00186267	0.244234	0.102558	0.286147	0.0354499	0.107837	0.061374	0.079756	0.226178	0.0763554	0.398423	0.597621	0.105066	-0.0117204	0.176655	0.271956	0.601704	-0.036032	0.117391	0.451512	0.304783	0.0461094	
0.000940961	0.244234	0.102558	0.335539	0.0354499	0.128588	0.0657	0.079756	0.23059	0.0763554	0.278873	0.582728	0.102093	-0.0064624	0.142443	0.296203	0.604482	-0.0388098	0.117391	0.451512	0.278947	0.0369986	-0.0358965	0	
0.000708103	0.24772	0.110724	0.335306	0.039036	0.11291	0.0654671	0.0692131	0.230357	0.0761225	0.178462	0.595839	0.10186	-0.0154552	0.14221	0.299556	0.60707	-0.041631	0.117159	0.439589	0.277892	0.0349976	
0.000708103	0.235599	0.121592	0.335306	0.039036	0.0765157	0.058159	0.0692131	0.230357	0.0761225	0.22958	0.595839	0.10186	-0.03515	0.185782	0.303392	0.60707	-0.041631	0.117159	0.439589	0.277892	0.0250706	0	0.0117375	0	
0.000708103	0.235599	0.151634	0.320531	0.0399081	0.123744	0.058159	0.0692131	0.216567	0.0761225	0.20618	0.862795	0.0836301	-0.0587984	0.218225	0.304264	0.605795	-0.0395068	0.117159	0.393382	0.281593	0.0229465	0.0126096	
0.000708103	0.255158	0.151634	0.320531	0.0423649	0.0774492	0.0574157	0.0692131	0.211832	0.0755455	0.287524	0.923454	0.0836301	-0.0307613	0.20664	0.307082	0.607075	-0.0407873	0.138571	0.393382	0.249908	0.0175174	0.0249639	0	
