0.028247	0.0561564	0.0111822	0.231564	-0.0569683	0.188179	0.150961	0.398767	0.0388829	0	0	0	0	0	0	0	0	0	0	0	0	0	0	0	0	0	0	0	0	0	0	0	0	0	0	0	0	0	0	0	0	0	0	0	0	0	0	0	0	0	0	0	0	0	0	0	0	0	0	0	0	0	0	0	0	0	0	0	0	0	0	0	0	0	0	0	0	0	0	
0.028247	0.0561564	0.0111822	0.231564	-0.0569683	0.188179	0.150961	0.406856	0.0388829	0.0595901	-0.0181269	0.0210284	0.0457275	0	0	0.0926446	-0.0118506	0.0388596	0.0547031	0.10119	-0.0808829	0.116743	0	0	0.0591065	0	0.0278136	0.0152508	-0.0178989	0.0909552	0.0203609	0.0427501	-0.0191373	0.0315852	0	0.0733512	0	-0.0172671	0.00624359	0	0	0.00987898	0	0	
0.028247	0.128441	0.0111822	0.231564	-0.0569683	0.188179	0.0160975	0.458239	0.0388829	0.0465101	-0.0175628	0.0616516	0.0176583	0.0179118	0.0388596	0.0571606	0.14585	0.049269	0.0734278	0	0.00636205	0.0531729	0.0315852	0	0.0680245	-0.0808829	0.0742283	0.072113	-0.0108905	0.133993	0	0.0546445	0.0347078	0.010146	
0.0328013	0.132995	0.00662792	0.231564	-0.0651335	0.18174	0.0271026	0.466404	0.0518104	0.0975801	0.133993	-0.0183366	-0.0360793	-0.0431583	0.00356323	-0.00321395	0.010658	0.00636205	0.0387092	0.0466314	0.00455427	0.0631561	0.0388596	0.072113	0.0690683	0.114625	0.0248738	0.0787826	0.00286991	-0.0154295	
0.0309797	0.102574	0.00884199	0.231957	-0.064741	0.182132	0.0271026	0.476259	0.0499888	0.0509255	0.134385	-0.00725666	0.0345408	-0.0162953	-0.0154782	-0.0189857	-0.0434087	-2.6716e-05	0.0368876	0.0712505	0.0100014	0.0350347	0.119982	0.0551943	0.0381574	0.00883646	0.0252663	0.0413214	
0.0309797	0.11512	0.00884199	0.25412	-0.0707334	0.148559	0.0411599	0.482252	0.0512056	0.0825755	0.121334	0.0436785	-0.00859167	-0.018081	-0.0190124	-0.0142229	-0.0319319	0.0457748	-0.00138228	0.0103017	0.0599381	-0.0427844	0.0651399	0.0330822	-0.00685658	0.0719348	0.0138688	
0.0405998	0.0983229	0.00884199	0.25412	-0.0769852	0.147234	0.042956	0.488504	0.0835067	0.0471016	0.154647	0.0269421	0.102588	-0.0142229	-0.00138228	-0.0420634	0.0338804	0.00766519	0.0103017	0.0557768	-0.017878	0.076161	-0.0128534	-0.0211368	-0.0272469	0.0719348	
0.0405998	0.147862	0.00843928	0.255818	-0.0763291	0.202823	0.0250037	0.487445	-0.0044179	0.0749049	0.039401	0.128866	-0.0456686	0.0269627	0.0254595	-0.0086087	-0.045448	0	0.0286206	0.0432547	-0.00925885	0.0541105	-0.0222968	-0.0134727	-0.0361785	0.0651701	
0.0405998	0.147862	0.00843928	0.255818	-0.0788137	0.14374	0.0348301	0.489929	0.00413997	0.0462584	0.0580479	0.161198	-0.0600631	0.0260429	0.0251553	0	-0.0430616	0.0162945	-0.0086087	0.0688935	0.00568014	0.130698	-0.0166258	-0.037789	-0.0287094	0.0447405	
0.0405998	0.123737	0.00843928	0.255818	-0.0745608	0.14374	0.0460369	0.485676	0.00413997	0.00451789	0.053795	0.164966	-0.0493309	0.0789253	0.121271	0.0379205	-0.0357542	-0.0216027	-0.0086087	0.151273	0.0638668	0.140594	-0.0331492	-0.0461277	0.0125789	
0.0405998	0.109691	0.00843928	0.255818	-0.0716714	0.14374	0.0182942	0.482787	0.00413997	4.90602e-05	0.0720607	0.109046	-0.0488238	0.150742	0.0104738	0.0424889	-0.0367639	0.0206774	-0.00759904	0.151273	0.0446383	0.0300439	-0.0227601	-0.00742849	-0.0582912	-0.00363086	
0.0425002	0.15691	0.00638225	0.253761	-0.0756705	0.141683	0.0184684	0.413144	0.00208294	0.059547	0.0711075	0.139731	-0.0465242	0.0901581	-0.0117114	0.0314226	-0.0422764	-0.00410064	-0.00965607	0.149216	0.0446383	-0.016522	-0.0197835	-0.0101177	-0.0642343	
0.0376244	0.13736	0.0071805	0.253761	-0.0756705	0.131346	0.013982	0.413144	-0.00204744	0.0845319	0.0920296	0.139731	-0.0477961	0.239788	-0.00680642	0.0546059	-0.0356418	-0.00671058	-0.00965607	0.149216	0.0680512	0.118195	-0.0145212	0.00503216	-0.0410047	0	-0.000798246	
0.0380647	0.13736	0.0071805	0.263809	-0.0756705	0.14573	0.0466883	0.411535	0.00134578	0.0273795	0.115605	0.148423	0.0324029	0.300122	0.0343898	0.0720463	-0.0326747	0.00313024	-0.0126231	0.132997	0.0311212	0.0819408	-0.0033414	-0.0179568	-0.0731951	-0.0349772	0	
0.0141796	0.135908	0.00863268	0.253828	-0.0726827	0.144807	0.0498657	0.434441	0.00134578	0.027176	0.0763266	0.154696	0.365709	0	0.021352	0.0705941	-0.0308673	0.0368964	-0.0159451	0.156581	0.0461318	0.0566709	0.0317552	-0.019409	-0.0553619	-0.0240701	0.179033	
0.0141796	0.181554	0.00863268	0.24285	-0.0733798	-0.0515268	0.022586	0.435138	0.00134578	0.0922099	0.113875	0.11214	0.372004	0.265679	0.021352	0.0455726	-0.0351333	-0.0115123	-0.0159451	0.156581	0.0436536	0.0594061	0.00150253	-0.0169211	-0.0404556	-0.0240701	
0.0169514	0.10982	0.00953841	0.250635	-0.072474	0.114373	0.044802	0.435138	0.00225151	0.0928773	0.0967502	0	0.207051	0.268913	0.041431	0.0585822	-0.030675	-0.00838062	-0.0150393	0.168165	0.0353393	-0.00301674	0.0219965	-0.0169211	-0.0551087	-0.00295722	
0.0169514	0.189779	0.00953841	0.217166	-0.0711748	0.113074	0.0353695	0.433839	0.0153083	0.0515502	0.0955677	-0.00295722	0.243916	0.227824	0.114856	0.071958	-0.030675	-0.0102277	-0.0150393	0.133262	0.0353393	0.00492881	0.0219965	0.00318772	-0.0343593	0	
0.0195481	0.13618	0.00953841	0.217166	-0.0686846	0.0525558	0.0386829	0.431348	0.0153083	0.0723773	0.094148	0.01927	0.434168	0.141389	0.0799817	0.071958	-0.0389329	-0.0149292	-0.0150393	0.133262	0.0688013	0.0212524	-0.0381557	0.0159437	-0.0293979	-0.0119627	
0.0232943	0.129578	0.00953841	0.217166	-0.065842	0.0384354	0.0390874	0.428506	0.024076	0.145282	0.094148	0.01927	0.242545	0.169399	0.0668768	0.071958	-0.0322851	0.0172744	-0.0201886	0.116621	0.0677693	-0.0660288	0.0159437	0	-0.0376444	
0.0232943	0.118055	0.00953841	0.213398	-0.0714913	0.0871756	0.0208537	0.434155	0.0315363	0.0766697	0.0855292	-0.00854941	0.274259	0.113867	0.0233165	0.071958	-0.0249732	0.0361288	-0.0201886	0.116621	0.0280561	-0.0353479	-0.0139133	-0.0160293	
0.0218116	0.14374	0.0061972	0.213398	-0.0746775	0.0614325	0.0399372	0.437341	-0.0100649	0.0673599	0.0855292	0.00058124	0.628849	0.0996787	0.0690912	0.108945	-0.0277071	0.0142911	-0.0201886	0.103672	0.0303153	-0.0524863	0.00594592	0.00512289	
0.0218116	0.14374	0.0061972	0.213398	-0.0711286	0.0529798	0.0554595	0.453774	0.0224646	0.063492	0.0855292	-0.0211399	0.847689	0.100855	0.0718197	0.105682	-0.0371116	0.0123928	-0.010784	0.103672	0.0381531	-0.0278007	0.0544657	0.0043281	
0.0218116	0.0993382	0.0061972	0.240011	-0.0758072	0.0405915	0.0188329	0.465784	0.0455542	0.0685571	0.0855292	-0.0480614	0.587247	0.100855	0.065771	0.105682	-0.0351634	0.0243445	-0.00882613	0.107725	0.0438414	-0.0205442	0.0544657	
0.027953	0.121824	-0.000690306	0.240011	-0.0694354	0.058098	0.0443438	0.459412	0.00949093	0.0424934	0.073799	-0.0514918	0.697829	0.12064	0.0604029	0.113199	-0.0368553	-0.0196993	-0.0167494	0.107725	0.0463999	-0.0340079	0.0464103	0	
0.027953	0.12959	-0.000690306	0.240011	-0.0704726	0.00999516	0.00915821	0.46045	-0.0212937	0.0570958	0.073799	0.00325422	0.92947	0.171549	0.0384555	0.0858212	-0.0426985	-0.033643	-0.0167494	0.117676	0.0373746	-0.0318142	0.0696214	
0.0330768	0.14559	0.00243788	0.257425	-0.0669325	0.0398186	0.0371683	0.464077	0.00198828	0.138271	0.103505	0.0264184	0.926342	0.0998242	0.0800316	0.082693	-0.0489551	-0.033643	-0.0167494	0.104241	0.0447409	-0.0259318	0.0229607	0	
0.0330768	0.129674	0.00243788	0.224446	-0.0669325	0.0545792	0.0366079	0.464077	0.0102704	0.0842192	0.103505	-0.00795551	1.15013	0.135871	0.0712244	0.082693	-0.0400924	-0.00270991	-0.0167494	0.103332	0.0409036	-0.0201503	0.0401581	0	
0.0312412	0.129674	0.00243788	0.224446	-0.0676283	0.0338248	0.0551396	0.464773	0.00311898	0.0959454	0.0923377	-0.0158519	0.489822	0.0863867	0.127158	0.082693	-0.0186329	-0.0126255	-0.0311378	0.103332	0.0409036	-0.0185087	0.0288981	0.0015675	0	
0.0312412	0.14525	0.00243788	0.238434	-0.0676283	0.041002	0.0176312	0.461647	-0.00858067	0.0630787	0.0923377	0.00142169	0.54997	0.102609	0.107113	0.0831972	-0.0208451	-0.0126255	-0.0311378	0.0817995	0.0641939	-0.0185087	0.0427138	-0.0345292	
0.0403068	0.169602	0.00243788	0.255989	-0.0656796	0.0288297	0.0390248	0.459698	0.0121847	0.051934	0.0685207	0.00142169	0.229046	0.102609	0.0664353	0.0831972	-0.0212337	-0.00837758	-0.0311378	0.0817995	0.0336664	0.0224355	0.0490413	
0.0389313	0.164106	0.00243788	0.255989	-0.0656796	0.0534008	0.0331866	0.521501	0.0180272	0.0789931	0.0685207	0.0123061	0.444766	0.124137	0.0210239	0.0655675	-0.0238843	-0.0451407	-0.0311378	0.0772666	0.0288483	-0.0336006	0.0744478	
0.0288214	0.135333	0.00243788	0.28243	-0.0632237	0.0675624	0.0280927	0.532178	-0.00320924	0.0724728	0.0600119	0.0123061	0.437299	0.103569	0.0534869	0.0624677	-0.0226381	-0.00525806	-0.0311378	0.0765413	0.0571647	0.0744478	0.0479009	-0.00512981	0.0376862	-0.0165443	
0.0288214	0.135333	0.00243788	0.284649	-0.0652002	0.0762076	0.0375615	0.441807	0.0090494	0.0620828	0.0758376	0.00786054	0.459675	0.103569	0.0658062	0.0515802	-0.020899	-0.0170134	-0.0328769	0.0958613	0.0955022	0.0252736	0.0478853	
0.0241699	0.18252	0.00446486	0.284649	-0.0698399	0.0942317	0.0330617	0.447756	0.0308934	0.0600558	0.0715138	0.0494709	0.616734	0.044408	0.0479511	-0.0137401	-0.0215713	-0.0133017	-0.0328769	0.0958613	0.0401797	0.171342	0.0901873	-0.0263175	0	0	
0.0291789	0.177439	0.00954625	0.242169	-0.0698399	0.0379175	0.0228796	0.424125	0.0320011	0.00707809	0.0512429	0.0443895	0.576499	0.0596717	0.0479511	0.0851059	-0.0206334	-0.018538	-0.0328769	0.0958613	0.0154512	0.274396	0.0719616	0.0377663	
0.0236808	0.177836	0.00914967	0.23768	-0.0644808	0.0653298	0.00386893	0.418766	0.0126632	0.0381469	0.0512429	0.031303	0.33258	0.0334265	0.0479511	0.0306225	-0.0161477	0.00924141	-0.0328769	0.0958613	0.012914	0.225519	
0.0236808	0.199828	0.00914967	0.23768	-0.0712567	0.0611214	0.0106449	0.425542	0.0641379	0.0731483	0.0512429	0.0162891	0.542418	0.0334265	0.0558605	0.0690698	-0.0147893	0.0414435	-0.035966	0.0980208	0.012914	0.225519	0	0	
0.0146604	0.199828	0.00914967	0.23768	-0.0732111	0.0483231	0.0450208	0.395372	0.0431942	0.0405742	0.0555135	0.0101642	0.200392	0.0334265	0.0617189	0.0562213	-0.0202967	0.0249942	-0.0326631	0.0753369	0.0438664	0.222256	0	
0.0226635	0.284486	0.00999512	0.264267	-0.0734634	0.0641629	0.0215531	0.395255	0.0204124	0.0617164	0.0591856	0.0191347	0.284652	0.034272	0.071001	0.0569928	-0.019353	0.0430564	-0.0310095	0.0366497	0.0207957	0.295557	0	
0.0226635	0.219391	0.00999512	0.264267	-0.0734634	0.058233	0.027636	0.395255	-0.0078513	0.0823248	0.0642103	-0.00505202	0.370289	0.034272	0.094863	0.0455294	-0.0241012	0.105385	-0.0233755	0.00860298	0.0207957	0.295557	-0.00944051	
0.0226635	0.152402	0.00999512	0.264267	-0.0734634	0.0392241	0.0126239	0.395255	0.0203823	0.0944343	0.0693871	-0.00505202	0.132139	0.0607747	0.094863	0.0674646	-0.0251387	0.0610689	-0.0233755	0.00396882	0.0431322	0.298269	-0.0422624	0	0.0414581	
0.0226635	0.186925	0.00999512	0.261283	-0.075707	0.0505558	0.0108898	0.397498	0.0203823	0.174105	0.0643672	0.00484123	0.184208	0.0607747	0.094863	0.0674646	-0.0166377	0.040726	-0.0318765	-0.00101984	0.0431322	0.298269	
0.0226635	0.186925	0.00999512	0.288896	-0.075707	0.0582982	0.0124654	0.423865	0.0281669	0.11428	0.0579784	0.0561775	0.329197	0.101949	0.094863	0.0587063	-0.0346342	0.056497	-0.0206918	0.0146398	0.0431322	0.320504	-0.0554727	
0.0226635	0.20801	0.00999512	0.288896	-0.0672576	0.0534583	0.0187712	0.428215	0.00371424	0.133416	0.0605159	0.0123132	0.240756	0.0358554	0.094863	0.0589353	-0.0375802	0.106543	-0.0206918	-0.00538125	0.0599961	0.320504	0	0	
0.0226635	0.207612	0.00999512	0.293021	-0.0690703	0.0745193	0.0183777	0.421188	0.00371424	0.0806297	0.0625845	0.0321488	0.300974	0.0675119	0.0712387	0.0530658	-0.0414999	0.141861	-0.0204015	-0.0138771	0.0255192	0.305692	0	
0.0427766	0.223281	0.00529214	0.278385	-0.0690703	0.0618722	0.0217551	0.468252	0.00371424	0.0726812	0.0567142	0.016	0.545192	0.0864482	0.0585511	0.0340124	-0.0321251	0.0920541	-0.0234111	-0.00675096	0.0302222	0.28107	0	
0.0301937	0.199879	0.00382584	0.278385	-0.0690703	0.11677	0.0190513	0.468252	0.0449072	0.128358	0.0567142	0.0350572	0.607912	0.124863	0.0597103	0.0397704	-0.0312098	0.0487583	-0.0250961	-0.0227307	0.0316885	0.29206	0	-0.0675903	0	0	0	
0.0340688	0.217188	0.00382584	0.272209	-0.0690703	0.102478	0.0388789	0.473221	0.00848422	0.0950889	0.0628241	0.0350572	0.552012	0.132168	0.0517423	0.0307001	-0.0313367	0.0603392	-0.0249692	-0.0227307	0.0522432	0.302539	-0.0031612	0.0112732	
0.0340688	0.202769	0.00382584	0.272209	-0.0690703	0.0914764	0.0422011	0.473221	0.010229	0.0555889	0.0588023	0.0350572	0.569067	0.0926516	0.0501089	0.029569	-0.0313367	0.108369	-0.0249692	0.0182315	0.0345484	0.00467211	0.0470694	0	0.302539	
0.0273117	0.195884	0.00382584	0.272209	-0.0711663	0.151199	0.044297	0.475317	0.010229	0.0392726	0.0505012	0.0576958	0.31093	0.0839929	0.043802	0.0133014	-0.0296021	0.18203	-0.0267039	0.00600887	0.0455356	0.00144395	0.0710912	0.291651	0.101257	
0.0269166	0.158892	0.00422095	0.272209	-0.0711663	0.139661	0.00795035	0.49245	0.0159252	0.111302	0.0587848	0.0860404	0.283409	0.0777985	-0.00187316	-0.00985064	-0.0223543	0.302757	-0.0369492	0.0123146	0.0619016	0.00144395	0.069031	0.272311	-0.0349054	
0.0256248	0.140032	0.0107327	0.199175	-0.0632428	0.138249	0.045946	0.491038	0.0142948	0.0819233	0.0783659	0.0860404	0.283409	0.0613468	0.00463864	0.02099	-0.0223543	0.299494	-0.0304374	0.0148098	0.075373	0.00529504	0.069031	-0.0392595	0.257046	
0.0361264	0.126437	0.0153802	0.216619	-0.0640684	0.158162	0.0441143	0.491864	0.0142948	0.0415395	0.109329	0.0797093	0.369973	0.048098	0.0195748	-0.0167834	-0.0289797	0.0790784	-0.0270031	0.0171743	0.0359173	0.00529504	0.0643836	0.257046	
0.0361264	0.158608	0.0153802	0.211174	-0.0588825	0.152845	0.0441143	0.486678	0.0116136	0.0581038	0.0823359	0.0716547	0.12141	0.0671554	-0.00642389	-0.0305832	-0.0268449	0.159279	-0.0270031	0.0218233	0.0359173	0.010456	0.0601415	0.138617	
0.028356	0.144196	0.0153802	0.211174	-0.0588825	0.144251	0.0484409	0.479354	0.00746908	0.0632665	0.0887023	0.0410401	0.214301	0.128784	-0.004817	-0.0118607	-0.0155951	0.113362	-0.0270031	0.0321385	0.0359173	0.000375932	0.0605381	0.146511	0	
0.028356	0.189744	0.0221831	0.246684	-0.0520796	0.144251	0.0552438	0.511051	0.0387765	0.0590907	0.115774	0.0238943	0.236589	0.109961	-0.00473791	-0.0118607	-0.0264316	0.152675	-0.0202002	0.0546675	0.0293328	0.00717888	0.0631386	0.146338	
0.028356	0.189744	0.0221831	0.244313	-0.0640662	0.156238	0.0518202	0.523037	0.0112713	0.0894656	0.115656	0.022967	0.657133	0.127914	-0.00473791	-0.0298395	-0.0264316	0.0760903	-0.0202002	0.0853472	0.0293328	0.0184936	0.063259	0.165949	
0.0275369	0.151739	0.0221831	0.260232	-0.0640662	0.0854205	0.060468	0.523037	0.0206524	0.0299104	0.105938	0.0288338	0.342713	0.153913	-0.00473791	-0.0167754	-0.0264316	0.023623	-0.0202002	0.0801841	0.0294934	0.0184936	0.0845595	0.18755	0.0340767	
0.0270931	0.121072	0.0221831	0.260232	-0.0640662	0.0633158	0.065057	0.523037	0.00395625	0.0901078	0.105938	0.0161124	0.768692	0.0954629	0.00924362	-0.0167754	-0.0193274	0.0302354	-0.0202002	0.0801841	0.0562701	0.0184936	0.0685656	0.348623	-0.0445236	-0.0270225	0	
0.0270931	0.121072	0.0221831	0.260232	-0.0541957	0.059572	0.065057	0.513167	0.00395625	0.0738165	0.104265	-0.0108119	0.538609	0.209354	-0.0126339	-0.0345621	-0.0273342	-0.000107477	-0.0202002	0.0625843	0.0387131	0.0184936	0.0708223	0.317403	-0.00887958	0.0703129	
0.0270931	0.151194	0.0221831	0.253366	-0.0485421	0.0816733	0.065057	0.507513	0.00674472	0.0558958	0.104265	0.0113948	0.397304	0.209354	-0.0126339	-0.00833141	-0.0355684	0.0367295	-0.0204127	0.0703444	0.0206864	0.0118866	0.0972699	0.397129	
0.0189439	0.164446	0.0221831	0.253366	-0.0518391	0.0467861	0.065057	0.51081	0.0468239	0.068529	0.0900818	0.0394339	0.235568	0.286531	0.0193424	-0.0125876	-0.0306022	0.0265813	-0.0204127	0.0350392	0.0206864	0.0061576	0.0837174	0.464575	0	0.0167399	0	0	
0.0164001	0.164446	0.0221831	0.303177	-0.0518391	0.0698631	0.065057	0.51081	0.0173594	0.0314314	0.0799321	0.00666328	0.966369	0.286531	0.0136517	0.0072956	-0.0240231	0.143151	-0.0239545	0.0517861	0.0388388	0.0061576	0.0837174	0.401182	0	-0.0350149	
0.0164001	0.185669	0.0254101	0.321487	-0.0565604	0.0754785	0.088449	0.518758	0.043375	0.0748347	0.0788842	0.0108617	1.45847	0.2889	0.0236883	-0.0198665	-0.0110305	0.0578886	-0.0207275	0.0970147	0.0388388	0.00938458	0.0690031	0.404409	0	-0.0983722	-0.0190995	
0.0168499	0.194145	0.0249603	0.321487	-0.0565604	0.107777	0.0755117	0.518758	0.0332912	0.0189497	0.0788842	-0.00322396	1.00672	0.145619	0.0236883	0.00224343	-0.0200109	0.00202823	-0.0145905	0.0970147	0.0506681	0.00938458	0.0647775	0.404409	-0.036654	0	
0.0168499	0.155249	0.0249603	0.321487	-0.0548243	0.0807307	0.0755117	0.517022	0.0469121	0.09111	0.0834296	-0.00322396	0.803678	0.145619	-0.00917183	-0.0195899	-0.0192887	0.0481753	-0.0153127	0.0970147	0.0195777	0.00938458	0.0647775	0.366573	0	
0.0168499	0.19998	0.0242156	0.320742	-0.055227	0.0635923	0.0755764	0.520237	0.0143143	0.0622753	0.0826849	0.0172423	0.334341	0.142674	-0.031485	-0.0326463	-0.0233905	-0.0316664	-0.0160574	0.0872432	0.0474604	0.0012686	0.0534944	0.365828	0.0398284	
0.0168499	0.19998	0.0242156	0.320742	-0.0560226	0.0399678	0.0623637	0.535793	0.0143143	0.047105	0.0826849	0.0194083	0.419851	0.127288	-0.01847	-0.0112584	-0.0286385	-0.031724	-0.0108093	0.0872432	0.0474604	0.0100063	0.0534944	0.392532	-0.0233891	
0.0168499	0.179093	0.0242156	0.320742	-0.0566916	0.0635011	0.0623637	0.536462	0.0237501	0.0298886	0.0827634	-0.00620167	0.610168	0.125306	-0.0270233	-0.0112584	-0.0311773	-0.0019463	-0.0108093	0.0751452	0.0582419	0.0100063	0.0600618	0.392532	-0.0138941	
0.0168499	0.153153	0.0278661	0.309438	-0.0511284	0.0615883	0.0638912	0.534549	0.0162565	0.0694351	0.0800319	-0.00538698	0.444016	0.115461	-0.0302802	0.012229	-0.0148515	-0.001639	-0.014499	0.0887046	0.0402532	0.00864009	0.0708185	0.307028	
0.016468	0.115732	0.0282481	0.309438	-0.0462691	0.0499224	0.0506041	0.52969	0.0283555	0.0276201	0.0800319	-0.00576894	0.417137	0.0681045	-0.00572235	0.0061901	-0.0248523	0.0848555	-0.014499	0.147502	0.0398713	0.00864009	0.0686394	0.390556	
0.016468	0.109093	0.0282481	0.309438	-0.0459607	0.0621404	0.0506041	0.503791	0.035532	0.0287372	0.0800319	-0.00576894	0.460229	0.118931	-0.0028305	0.00269723	-0.0350759	0.0848555	-0.00427542	0.126815	0.0398713	0.00518357	0.0649612	0.390556	
0.0274211	0.164784	0.0282481	0.309438	-0.0489375	0.0535123	0.0489258	0.53167	0.0187468	0.0169976	0.0800319	-0.00738087	0.271203	0.118931	-0.00557597	-0.0167467	-0.0406143	0.0317607	-0.00427542	0.130513	0.0335601	0.00518357	0.0615331	0.390556	0.0578752	
0.0272803	0.0856818	0.0282481	0.238115	-0.0489375	0.0535123	0.0489258	0.576624	0.0348584	0.017019	0.0800319	0.0159324	0.301493	0.118931	-0.0234639	-0.0113962	-0.0406143	-0.0142584	-0.00427542	0.137083	0.0516899	0.00518357	0.0536991	0.36066	0	
0.0281786	0.129605	0.0282481	0.238115	-0.0509907	0.0288789	0.0420963	0.580759	0.0215826	0.0681025	0.0800319	-0.00348139	0.274071	0.0884047	-0.0245618	-0.0482291	-0.0401587	0.00490181	-0.00427542	0.137083	0.0475507	0.00239429	0.0418517	0.384741	
0.0281786	0.129605	0.0282481	0.238115	-0.0509907	0.0718816	0.0420963	0.580759	0.0143765	0.0743168	0.0800319	0.0272472	0.218202	0.0884047	-0.0234367	-0.022246	-0.0322491	0.0376182	-0.00589911	0.137083	0.0442123	0.0230054	0.0418517	0.384741	
0.0161877	0.15144	0.0282481	0.238115	-0.0528265	0.0559216	0.044732	0.582595	0.0430664	0.063662	0.0800319	0.0272472	0.378511	0.0869812	0.014377	-0.022246	-0.0280765	0.0322635	-0.0100718	0.137083	0.0442123	0.0230054	0.0418517	0.49784	0	
0.030253	0.144581	0.0211475	0.238115	-0.0524887	0.0555838	0.044732	0.582257	0.0290574	0.0832499	0.098013	0.0343478	0.666037	0.0848945	0.00960287	-0.00793874	-0.0280765	0.0331416	-0.0100718	0.149661	0.0251757	0.0258413	0.0323106	0.319613	0.00968002	
0.0283564	0.124782	0.0168551	0.262882	-0.0540113	0.0415521	0.0432093	0.582257	0.0307326	0.0860197	0.0964904	0.0371176	0.383281	0.108509	0.0457045	0.0202155	-0.0280765	-0.00263307	-0.0115944	0.148139	0.0279454	0.0100149	0.0449415	0.445409	
0.0306509	0.124782	0.0168551	0.262882	-0.0540113	0.0465909	0.0432093	0.575747	0.028315	0.0977862	0.129664	0.0317146	0.231501	0.0699355	0.0135584	0.0202155	-0.0280637	0.0145187	-0.0115944	0.148139	0.0255065	0.0113295	0.0641584	0.441304	0	
0.0306509	0.124782	0.0168551	0.282117	-0.0515324	0.0269057	0.0432093	0.573268	0.0388382	0.0905313	0.0944371	0.0916492	0.0787819	0.0538382	0.0545227	0.0202155	-0.0216572	-0.0297975	-0.0220397	0.148139	0.0454087	0.0237941	0.0764092	0.443541	
0.0324136	0.124782	0.0168551	0.250866	-0.056927	0.052493	0.0432093	0.604067	0.021679	0.077272	0.0968672	0.0855548	0.362649	0.0821379	0.0670652	-0.0260104	-0.0335709	-0.064373	-0.0173952	0.113167	0.052086	0.0237941	0.0764092	0.407188	0.0290544	
0.0278554	0.138931	0.0193743	0.253385	-0.0476546	0.0475713	0.0461199	0.597314	0.0277259	0.00923226	0.0993865	0.0583558	0.221442	0.132612	0.0780507	0.00216057	-0.0364772	-0.0213025	-0.0148759	0.114721	0.0615749	0.0263134	0.0764092	0.388082	-0.0312482	
0.0278554	0.206632	0.0167111	0.213104	-0.0534987	0.0263935	0.0434567	0.572921	0.0269637	0.0721785	0.12991	0.0583558	0.128629	0.0918255	0.0713281	-0.0167321	-0.0209459	-0.00406436	-0.0175392	0.122052	0.0546319	0.0293264	0.0749463	0.380738	
0.0374276	0.196423	0.015528	0.213104	-0.0444468	0.0435404	0.0533058	0.563869	0.0269637	0.122615	0.143207	0.0312572	0.333477	0.0830246	0.0595571	-0.0177352	-0.0199657	0.00221924	-0.0175392	0.193847	0.0396643	0.0113097	0.0761294	0.388716	
0.0374276	0.213709	0.015528	0.236949	-0.0444468	0.0554942	0.0498064	0.579997	0.0240166	0.117666	0.132943	0.0312572	0.0842406	0.065792	0.0450871	-0.0238665	-0.0199253	0.00583441	-0.0175392	0.113691	0.0396643	0.0113097	0.0643634	0.388716	0	
0.0374276	0.272277	0.015528	0.236949	-0.0444468	0.0276353	0.0580913	0.579997	0.0240166	0.103493	0.128133	0.0312572	0.18961	0.0941274	0.0450871	-0.0113451	-0.0189919	0.0886764	-0.0175392	0.115503	0.0488712	0.0113097	0.0643634	0.317797	0	0.0188421	0	
0.0374276	0.243934	0.015528	0.22434	-0.0484593	0.0370334	0.0782197	0.58401	0.00981557	0.103071	0.14549	0.0312572	0.270913	0.0590624	0.0450871	-0.00657813	-0.0245023	0.00574179	-0.0151793	0.132298	0.0399461	0.0113097	0.0643634	0.328242	
0.0409241	0.199991	0.015528	0.22434	-0.0369648	0.00588959	0.0703292	0.572515	0.071278	0.0605767	0.137011	0.0312572	0.369013	0.0949412	0.0372749	-0.0230928	-0.0210406	0.0214695	-0.0125452	0.131812	0.0354049	0.0177536	0.0643634	0.30769	
0.0409241	0.187279	0.015528	0.241182	-0.0369648	-0.00913907	0.0574032	0.558464	0.00976444	0.0605767	0.137011	0.0302645	0.371961	0.140836	0.0372749	-0.0123848	-0.0261676	-0.0171706	-0.0125452	0.0671851	0.0354049	0.013909	0.0514524	0.364192	-0.0157945	-0.0152736	
0.0409241	0.186618	0.015528	0.248451	-0.0369648	0.0995459	0.0677041	0.558464	0.0296523	0.101889	0.129237	0.0302645	0.526859	0.140836	0.0307954	0.0120773	-0.0181744	-0.0171706	-0.00968052	0.0555369	0.0671681	0.013909	0.0479055	0.364192	0	
0.0409241	0.186618	0.015528	0.247787	-0.0369648	0.0718767	0.0647305	0.558464	0.0296523	0.0627397	0.129237	0.0524823	0.541973	0.148056	0.0585398	-0.0174301	-0.0195517	0.0164999	-0.00968052	0.038509	0.0356988	0.013909	0.0479055	0.353851	
0.0370235	0.182718	0.0194285	0.265531	-0.0457391	0.098556	0.0671239	0.567238	0.0296523	0.0695272	0.165874	-0.00226117	0.581214	0.137278	0.0585398	-0.0494423	-0.0158044	-0.0302837	-0.0134278	0.0770157	0.0472714	0.00792167	0.0757869	0.410092	0	
0.0284348	0.203671	0.0198272	0.26593	-0.0453404	0.0779052	0.054981	0.567238	0.0293913	0.097634	0.179186	0.0263003	0.967842	0.111376	0.0512337	-0.0497245	-0.0128182	-0.00822866	-0.0144679	0.0616147	0.0389676	0.00832031	0.0757869	0.41049	-0.0381507	0.0911564	
0.0284348	0.203671	0.0198272	0.26593	-0.0439825	0.0416179	0.054981	0.56588	0.0437564	0.0713868	0.179186	0.0288485	0.926684	0.0622958	0.0258369	-0.0042654	-0.012625	0.00863097	-0.0144679	0.0383322	0.0424318	0.00832031	0.0757869	0.359037	
0.0437673	0.18582	0.0198272	0.254868	-0.0439825	0.0279934	0.0654283	0.539177	0.022031	0.0757229	0.181848	0.0505893	1.51051	0.0622958	0.0183067	-0.0159188	-0.0129242	-0.0121621	-0.0222552	0.0383322	0.0424318	0.00832031	0.0414415	0.359037	0	
0.0437673	0.110822	0.0190035	0.254044	-0.0448061	0.0602997	0.0667318	0.539177	0.0454487	0.0744015	0.181024	0.0505893	1.77932	0.0603306	0.0328928	-0.0159188	-0.00669813	-0.0424654	-0.0230789	0.0375086	0.0429466	0.0074967	0.0488242	0.349394	0.0241298	
0.0413501	0.116166	0.0190035	0.254044	-0.0389159	0.0455164	0.0667318	0.533287	0.0361693	0.0542057	0.154126	0.0554123	1.02902	0.0354012	0.0328928	-0.0137113	-0.0107313	-0.03413	-0.0261778	0.0374977	0.0539568	0.0074967	0.0727624	0.355982	0.0355347	0	0	-0.0277602	
0.0430909	0.153062	0.0190035	0.265271	-0.0424816	0.0513395	0.0620745	0.505863	0.0361693	0.0542057	0.179188	0.111391	1.43503	0.0354012	0.0218069	0.0175411	-0.0107313	-0.0252045	-0.0261778	0.0374977	0.0562691	0.0164837	0.0752883	0.355982	0	
0.0430909	0.153041	0.0190035	0.236866	-0.0424816	0.0513395	0.0620745	0.505863	0.027423	0.0542057	0.194327	0.111391	1.32578	0.142966	0.066836	0.0077997	-0.00718535	0.0103761	-0.0261778	0.0374977	0.0482406	0.00309834	0.0636911	0.320053	
0.0301013	0.192492	0.0190035	0.236866	-0.0424816	0.0516784	0.083718	0.505863	0.027423	0.136552	0.174402	0.127111	1.32578	0.142966	0.0863343	0.0234745	-0.00277311	0.027302	-0.027001	0.0158075	0.0482406	0.00406607	0.0636911	0.320053	
0.0304471	0.118832	0.0190035	0.236866	-0.0379038	0.104189	0.0866986	0.501286	0.027423	0.074946	0.165841	0.127111	1.32578	0.0685466	0.0254068	0.0144207	-0.00953523	-0.0146313	-0.0269333	0.00210103	0.0538341	0.0032119	0.0636911	0.400165	
0.0304359	0.118832	0.0190035	0.221868	-0.0354565	0.0149641	0.0866986	0.505687	0.0354861	0.074946	0.16015	0.142844	1.08555	0.0760576	0.0254068	0.0144207	-0.0148956	-0.0195717	-0.0215729	0.0118049	0.0262397	0.00232121	0.0636911	0.400165	
0.0296351	0.136107	0.0198044	0.221868	-0.0344167	0.0171419	0.103015	0.504647	0.0535104	0.0275409	0.16015	0.142044	1.06875	0.112366	0.0141763	-0.0210229	0.00512581	-0.0204946	-0.0215729	-8.90386e-05	0.0190264	0.00232121	0.0417147	0.362895	-0.0341247	
0.0296351	0.136107	0.0198044	0.221868	-0.0336838	0.0172909	0.086554	0.503914	0.00293019	0.0275409	0.16015	0.122873	0.763989	0.131474	0.0903158	0.0134449	0.00569739	-0.0204946	-0.0215729	0.0476674	0.0630746	0.009862	0.0451276	0.345499	-0.002033	0	
0.0296351	0.173121	0.0198044	0.223098	-0.0271646	0.0313914	0.0813102	0.497395	0.0135171	0.0699026	0.127816	0.117674	0.612457	0.142606	0.0903158	-0.00940748	0.0111047	0.0633412	-0.0269802	0.0444381	0.0313854	0.009862	0.0451276	0.527564	
0.0332231	0.173121	0.0198044	0.196641	-0.0279084	-0.00704586	0.0813102	0.498139	0.0146215	0.092301	0.127816	0.134031	0.601137	0.083817	0.0903158	-0.0375189	0.0111047	0.0412677	-0.0269802	0.110464	0.00811497	0.009862	0.047641	0.431395	-0.0406259	
0.0332231	0.173121	0.0198044	0.196641	-0.0279084	0.0316162	0.0809563	0.498139	0.0221446	0.0334357	0.130751	0.149862	0.270567	0.0394854	0.0698698	-0.0249673	0.0166228	0.0649966	-0.0339415	0.110464	0.0354174	0.0095348	0.0728796	0.431395	0	0.0119221	0	
0.0347785	0.161292	0.0187009	0.199756	-0.0274565	0.0550804	0.0802185	0.421823	0.0322978	0.0837986	0.12061	0.151417	0.146266	0.0827133	0.039272	-0.0225704	-0.00649234	0.012465	-0.020911	0.15021	0.0584054	0.0106636	0.074435	0.380532	-0.0047876	-0.00735379	-0.0187009	0	
0.0347785	0.134968	0.0187009	0.269239	-0.0284436	0.0245635	0.0802185	0.42281	0.0235473	0.07863	0.12061	0.151417	0.197366	0.0827133	0.0554031	-0.0256053	-0.00649234	0.0323204	-0.020911	0.144852	0.0341662	0.0106636	0.0470528	0.400657	
0.0316229	0.128507	0.0187009	0.241656	-0.0404078	0.10298	0.0802185	0.434774	0.0354388	0.0590609	0.133339	0.138873	0.150158	0.0667733	0.00233436	-0.0215002	-0.0202349	0.00282743	-0.020911	0.171979	0.052832	0.0106636	0.0470528	0.400657	-0.0396173	
0.0316229	0.128507	0.0187009	0.19925	-0.0442145	0.0594299	0.0812164	0.439605	0.0420472	0.102662	0.155644	0.138873	0.303854	0.0774949	-0.0111048	-0.0161285	-0.00253327	0.0430181	-0.0206483	0.171979	0.0447891	0.00902576	0.0470528	0.404988	
0.0316229	0.142234	0.0187009	0.247428	-0.0442145	0.076546	0.0764417	0.407739	0.0445724	0.0515127	0.155644	0.138873	0.0438572	0.117072	0.00186564	-0.0328527	-0.0064614	0.00176158	-0.0167202	0.172546	0.0384479	0.0195712	0.0641068	0.393589	
0.0373736	0.137549	0.0158014	0.23567	-0.0467371	0.15428	0.0719044	0.395844	0.0166257	0.0592727	0.122652	0.154998	0.0647957	0.0902682	0.000863367	-0.0232236	-0.0291975	0.0313021	-0.00316149	0.172546	0.10075	0.0195712	0.0638606	0.410332	
0.0375191	0.162448	0.0158014	0.262801	-0.0516309	0.155429	0.0633814	0.400738	0.0166257	0.099112	0.145034	0.156486	0.32178	0.0903098	-0.0252623	-0.0232236	-0.0291975	0.0226947	-0.00316149	0.172106	0.0594032	0.0162209	0.0456507	0.396495	
0.0375191	0.158052	0.0158014	0.243739	-0.0516309	0.118716	0.0633814	0.400738	0.00765725	0.102885	0.145034	0.180807	0.432668	0.0447783	-0.0353827	-0.0232236	-0.0256955	0.024361	-0.00666351	0.147581	0.0594032	0.0162209	0.0672533	0.423123	
0.0375191	0.121384	0.0165051	0.245848	-0.0530391	0.0959755	0.0724655	0.40285	0.00836093	0.145223	0.131228	0.180807	0.198853	0.0446551	-0.0155567	-0.0170128	-0.0405714	0.082092	0.000144416	0.148285	0.0594032	0.0169246	0.0499091	0.416059	
0.035259	0.148293	0.0189323	0.246016	-0.0543823	0.132847	0.0726326	0.40436	0.00852807	0.0657441	0.131396	0.100873	0.186627	0.0448222	-0.0141149	-0.0192729	-0.0405714	0.0358927	0.000311552	0.142062	0.0571431	0.0170917	0.0573566	0.344596	0	
0.035259	0.157209	0.0189323	0.246016	-0.0516325	0.151305	0.0726326	0.40161	0.0525888	0.0830067	0.131396	0.0991129	0.0703777	0.0500441	-0.0440394	-0.0133054	-0.0397018	0.0358927	0.000311552	0.142062	0.0500629	0.0170917	0.0573566	0.366155	0.0241576	
0.035259	0.108173	0.0189323	0.246016	-0.0481239	0.101801	0.0726326	0.426114	0.0402615	0.0773031	0.143502	0.0863598	-0.0109509	0.0409988	-0.0225141	-0.0182041	-0.0260545	0.0730979	0.000311552	0.124238	0.0500629	0.0148636	0.0573566	0.364947	0.00335616	
0.0399433	0.15461	0.014248	0.23826	-0.0505142	0.104191	0.0839161	0.428505	0.0171863	0.0560809	0.143502	0.0910441	-0.00626662	0.0409988	-0.0369651	-0.025456	-0.0403584	0.0435178	0.000311552	0.120052	0.0450493	0.00898214	0.0675013	0.310623	
0.0343431	0.119162	0.0184385	0.258515	-0.0495627	0.133641	0.0825063	0.456863	0.0660524	0.077185	0.142092	0.0816785	0.16822	0.0671168	-0.0245657	-0.0290474	-0.0412207	0.0227469	-0.000235871	0.136044	0.0473504	0.00757236	0.0610738	0.309213	
0.0343431	0.119162	0.0184385	0.258515	-0.0495627	0.0782138	0.0825063	0.456863	0.0660524	0.0318835	0.142092	0.0867592	0.13399	0.0606088	-0.0483067	-0.0379992	-0.0465864	0.00190501	0.000136073	0.104108	0.0473504	0.0108841	0.0588455	0.309213	0	0.0385071	
0.0343431	0.174382	0.0184385	0.258515	-0.0482627	0.0769139	0.0811662	0.459616	0.0569094	0.0587261	0.12202	0.104777	0.116802	0.0628346	-0.0285212	0.00322424	-0.0465864	0.0639914	0.000136073	0.119246	0.0803355	0.0086334	0.0588455	0.364849	
0.0365519	0.174382	0.0184385	0.272139	-0.0477802	0.057661	0.0811662	0.459133	0.0569094	0.0587261	0.112437	0.066787	0.178604	0.0310056	-0.0125211	-0.00641186	-0.0194797	0.0677594	-0.00671524	0.10536	0.0550604	0.0086334	0.0588455	0.364849	
0.0365519	0.179301	0.0184385	0.294785	-0.0481397	0.0842342	0.0811662	0.459493	0.0544666	0.0587261	0.14557	0.066787	0.346044	0.0742929	-0.0279581	-0.00641186	-0.0194797	0.0793018	-0.00671524	0.0930571	0.0550604	-0.00504026	0.0578016	0.412704	
0.0316823	0.14013	0.0184385	0.329416	-0.0506683	0.0855467	0.0811662	0.44306	0.0544666	0.0140578	0.14557	0.064197	0.509161	0.0732578	-0.0102213	-0.0472651	-0.0184703	0.084489	-0.00772461	0.0939114	0.0392781	0.0137981	0.0578016	0.435291	0	0	0	
0.0316823	0.14013	0.0184385	0.329416	-0.0579953	0.0405655	0.0985838	0.450387	0.048965	0.0859075	0.131737	0.0581364	0.309895	0.0732578	-0.0237938	-0.0139992	-0.0184558	0.0368148	-0.00772461	0.083591	0.0392781	-0.00154919	0.0410757	0.406828	0.0146884	0.0162576	0.0438786	
0.0303136	0.140552	0.0198072	0.329416	-0.05338	0.0705353	0.0985838	0.461051	0.0486693	0.0963644	0.119062	0.0567677	0.387322	0.0415947	-0.0111274	-0.0116501	-0.0338029	0.138757	0.000596439	0.052674	0.0712908	-0.00154919	0.0414639	0.396182	0.0109813	0	
0.0303136	0.199533	0.0198072	0.332623	-0.0563448	0.0570033	0.0985838	0.472974	0.0486693	0.108157	0.119062	0.0626936	0.433418	0.107787	0.0111442	0.0118111	-0.0338029	0.0514647	0.000596439	0.0369304	0.0614642	-0.00154919	0.0414639	0.396182	0.0447617	0.0507065	
0.0303136	0.199533	0.0198072	0.310555	-0.0572785	0.0430974	0.0985838	0.473908	0.0534577	0.112349	0.112467	0.0614618	0.879396	0.0721676	0.04373	-0.00500723	-0.0365134	0.0740744	0.000596439	0.0369304	0.0530042	0.0037544	0.0713918	0.346267	0.0456954	
0.0354414	0.165561	0.0198072	0.310555	-0.0572785	0.076467	0.0985838	0.473908	0.0433744	0.112349	0.104735	0.0614618	0.634993	0.0721676	0.0188136	-0.00964333	-0.0319566	-0.00187778	0.000596439	0.0441714	0.050163	0.00802941	0.0689198	0.444145	0.0676831	0	
0.0354414	0.12491	0.0198072	0.326651	-0.0572785	0.0778487	0.0985838	0.476676	0.0218234	0.107373	0.125299	0.0614618	0.5078	0.0494649	0.0503903	-0.0172718	-0.0338924	0.0561101	0.000596439	0.0478351	0.0607964	0.00802941	0.0930201	0.46243	0.0676831	0.0805707	0	
0.0312809	0.143559	0.0198072	0.326651	-0.0572785	0.0426223	0.0985838	0.488427	0.0118071	0.0364265	0.139579	0.0614618	0.541099	0.0668757	0.044934	-0.00735744	-0.0264848	0.0210282	0.000596439	0.052718	0.0423067	0.00813419	0.072714	0.375522	0.0543477	
0.027363	0.214729	0.0198072	0.326651	-0.0594189	0.0135742	0.0985838	0.490567	0.0413259	0.0467743	0.139579	0.0577117	0.334527	0.0511269	0.0483469	-0.0123097	-0.0296856	-0.0103708	0.0031842	0.0429699	0.0440406	0.00813419	0.0582405	0.433042	0.0483443	
0.0287558	0.128043	0.0198072	0.292619	-0.0561781	0.0110375	0.105981	0.487326	0.0413259	0.0620826	0.125941	0.052051	0.171133	0.0771497	0.062103	-0.0177814	-0.0400388	0.0338391	0.0031842	0.0429699	0.0440406	0.0212146	0.0684557	0.433042	0.0477063	0	
0.0263193	0.146728	0.0222437	0.351477	-0.0561781	0.0647359	0.105981	0.487326	0.0413259	0.0596461	0.182904	0.0496145	0.160147	0.104249	0.0304501	-0.0202216	-0.0345836	-0.00232172	0.0031842	0.0457154	0.0493989	0.0313865	0.124822	0.433042	0.0464092	0.0560317	0	
0.0279844	0.139874	0.0248756	0.349811	-0.0581141	0.0314496	0.104316	0.48084	0.0396607	0.0265418	0.0901443	0.0453173	0.198103	0.0949963	-0.00215987	-0.0234968	-0.0317217	-0.0125661	-0.00134297	0.0581167	0.0520771	0.0121238	0.120525	0.349176	0.0352646	0	
0.0279844	0.141752	0.024923	0.308216	-0.0585908	0.0157599	0.104364	0.481364	0.0206158	0.123641	0.131251	0.0453173	0.367269	0.0281862	-0.0248505	-0.0155172	-0.031896	-0.0125187	-0.0187935	0.0632494	0.0520771	0.0121712	0.110392	0.397125	0.0357887	0	-0.024923	
0.0231525	0.141752	0.0256527	0.298213	-0.0578611	0.0621043	0.105093	0.501554	0.0213454	0.0597365	0.131981	0.0549177	0.843249	0.0908422	0.0495445	0.00303444	-0.0270765	0.0142948	-0.00588514	0.0639791	0.04795	0.0129008	0.119803	0.501354	0.0400175	0.00466994	0	-0.0356273	
0.0231525	0.141752	0.0264858	0.299046	-0.0592915	0.0524457	0.105926	0.503818	0.00287802	0.0538918	0.18901	0.0549177	0.374675	0.0916753	0.0249819	-0.0133782	-0.0307395	0.0157181	-0.00505201	0.0648122	0.04795	0.0253329	0.119803	0.380678	0.0365268	
0.0345074	0.109989	0.0264858	0.327628	-0.0557336	0.0570326	0.103602	0.50026	0.0436501	0.0755251	0.158086	0.0535251	0.222222	0.0916753	-0.0267284	-0.0280205	-0.0329982	0.0635537	-0.00505201	0.0771344	0.0887475	0.0253329	0.106979	0.435285	0.0177421	0	
0.0345074	0.15542	0.0264858	0.309172	-0.0557336	0.0468275	0.0954577	0.509501	0.0238737	0.0755251	0.169435	0.0535251	0.101941	0.109722	-0.0334651	-0.0280205	-0.0425019	0.112554	0.000626784	0.0771344	0.0435342	0.0253329	0.106979	0.409682	0.0416352	0.0428599	-0.0437703	
0.0248977	0.16839	0.0264858	0.315321	-0.0600132	0.0383147	0.0954577	0.513781	0.0238737	0.105613	0.169435	0.0764519	0.0904622	0.129631	0.00170691	-0.0231672	-0.0201766	0.106125	-0.00152716	0.0771344	0.0379433	0.00964654	0.106979	0.466603	0.0619985	0.038724	-0.00830469	0	
0.0333297	0.16493	0.023686	0.314262	-0.063801	0.0588164	0.0943988	0.560146	0.0304559	0.0769783	0.168376	0.0781927	0.155357	0.174998	-0.00751265	-0.00440476	-0.0115587	0.0885995	-0.0161703	0.147748	0.0753645	-0.00161167	0.0692101	0.442715	0.0607425	0	0.0191812	
0.0327938	0.229005	0.023686	0.314262	-0.0673828	0.0768662	0.0943988	0.563727	0.0132877	0.0114534	0.168376	0.0967985	0.253233	0.193718	-0.0417234	0.00710356	-0.0122829	0.0967759	-0.0161703	0.147748	0.0780856	0.00490158	0.0782904	0.371223	0.063969	0.00670812	
0.0338526	0.25662	0.0226272	0.314262	-0.0644339	0.0755489	0.0993622	0.560778	0.0523758	0.0165375	0.154401	0.0751666	0.367169	0.167783	0.0011256	0.00816237	-0.00884693	0.0784357	-0.0229557	0.147748	0.0540974	0.00490158	0.0793492	0.493954	0.0581463	
0.026662	0.276795	0.0226272	0.314262	-0.0629338	0.0712097	0.0993622	0.559278	0.00982718	0.128836	0.140762	0.0751666	0.258965	0.153793	0.00971624	-0.0141808	0.00161129	0.0680686	-0.0254784	0.147748	0.0655792	0.00490158	0.0755221	0.515035	0.0436057	
0.026662	0.255205	0.0218597	0.296068	-0.0618392	0.10392	0.0899947	0.557416	0.0157406	0.0899128	0.139995	0.0751666	0.125773	0.153026	0.0152585	0.0111933	-0.00363659	0.170234	-0.0209979	0.147146	0.0655792	0.0226168	0.0755221	0.514267	0.0417437	
0.0260726	0.276032	0.0218597	0.296068	-0.0618392	0.109395	0.0899947	0.557416	0.0661171	0.0891562	0.139995	0.0677215	0.201181	0.153026	0.0273308	0.0067633	0.000772337	0.0876077	-0.0234161	0.133728	0.0431	0.0329587	0.0571978	0.4508	0.0437833	
0.0189065	0.282849	0.0211694	0.295377	-0.0686719	0.0649931	0.081883	0.562142	0.0654267	0.0891562	0.132272	0.0579435	0.371218	0.225513	-0.00436484	0.00558293	0.00162243	0.0905231	-0.0249565	0.152657	0.0500535	0.0426628	0.0987193	0.450109	0.0512769	-0.00432979	0.0230385	
0.0230256	0.257535	0.0211694	0.295377	-0.0687116	0.0544565	0.081883	0.562182	0.0654267	0.0996055	0.139273	0.0542282	0.454177	0.313464	0.0142459	0.00558293	0.00559722	0.0299154	-0.0277896	0.152657	0.0500535	0.03084	0.0935229	0.420278	0.0513166	-0.0483033	
0.0323452	0.257535	0.0211694	0.263995	-0.0701752	0.0559201	0.0819486	0.563645	0.0474196	0.0177418	0.141074	0.0542282	0.704637	0.160165	-0.00723559	0.00255968	-0.0179087	0.0299786	-0.0216533	0.142362	0.083337	0.0535128	0.109128	0.378833	0.0527802	-0.0170107	-0.0252337	
0.0323452	0.257535	0.0211694	0.263995	-0.0622605	0.0649258	0.0752555	0.575544	0.0474196	0.0881097	0.141074	0.00590883	0.704637	0.082704	0.0106309	0.00255968	-0.0137313	0.0299786	-0.0223323	0.161967	0.0694176	0.0535128	0.10318	0.45733	0.0526986	
0.0331622	0.188234	0.0211694	0.238676	-0.0668312	0.077261	0.0752555	0.580115	0.0463856	0.040444	0.127053	0.063989	0.382311	0.146887	-0.00722736	0.0295703	-0.0158511	0.0536448	-0.0223323	0.208329	0.096083	0.0491104	0.10318	0.323372	0.0602241	
0.0375477	0.188234	0.0211694	0.238676	-0.0654879	0.0695607	0.081465	0.578772	0.0535687	0.000299534	0.150673	0.063989	0.787485	0.0533764	-0.0395854	0.0100262	-0.0067252	0.149972	-0.0223323	0.208329	0.0428457	0.0857883	0.10318	0.363005	0.0614291	0.0500654	
0.0247016	0.145129	0.0214203	0.26282	-0.0613221	0.0411424	0.081465	0.574606	0.0574495	-0.00395861	0.177658	0.0512649	0.918674	0.0543012	-0.0395854	0.00219209	-0.0171225	0.259533	-0.0223323	0.208329	0.0459755	0.0807205	0.102929	0.363005	0.0572633	0	
0.0247016	0.132522	0.0214203	0.250177	-0.0600509	0.0587135	0.081465	0.605479	0.0416083	0.0280298	0.177658	0.0309732	0.179998	0.0543012	-0.0395854	0.00219209	-0.00318256	0.254041	-0.0267721	0.156382	0.0602389	0.0809882	0.102929	0.37707	0.0514275	0	0.0585976	0	
0.0413305	0.167703	0.0214203	0.250789	-0.0583099	0.0428316	0.081465	0.603738	0.0416083	0.0475447	0.130838	0.0174882	0.914444	0.0465408	-0.0395854	-0.00719156	-0.0188279	0.279072	-0.0267721	0.0948799	0.0602389	0.034353	0.082259	0.37707	0.0382951	
0.0100178	0.167703	0.0214203	0.250789	-0.0583099	0.0527082	0.0713433	0.603738	0.0348722	0.10353	0.130838	0.00617114	0.976774	0.0421232	-0.0443897	-0.00719156	-0.0144097	0.279072	-0.0311903	0.0748628	0.0847573	0.034353	0.0648081	0.331367	0.0382951	
0.013681	0.110944	0.0206783	0.276078	-0.0590519	0.0556228	0.0919716	0.56736	0.0377155	0.10353	0.148362	0.0157887	0.741798	0.0355623	-0.0451317	0.0112603	-0.0139143	0.114763	-0.0266677	0.0251989	0.0231369	0.018236	0.0648081	0.378466	0.0382951	0	
0.013681	0.176181	0.0206783	0.276078	-0.0594553	0.0452294	0.0919716	0.567764	-0.00215518	0.0103475	0.171566	0.0904718	0.499572	0.0593341	-0.0199893	-0.0100244	-0.0208127	0.121301	-0.0266677	0.049418	0.054933	0.0339954	0.0768384	0.372792	0.050904	0.0412316	0.0455106	0	0.0862423	
0.0211052	0.178349	0.0206783	0.276078	-0.0656265	0.0464691	0.0919716	0.573935	0.017684	0.0229754	0.129426	0.0929263	0.371873	0.0564433	-0.0242073	-0.0234891	-0.0153249	0.0602648	-0.0266677	0.0188111	0.00863349	0.0196364	0.0768384	0.344227	0.0597748	-0.000394108	
0.0211052	0.168098	0.0206783	0.282634	-0.0656265	0.0523712	0.0919716	0.570518	0.00444917	0.0515073	0.149256	0.0438072	0.472285	0.0564433	0.00238369	-0.0207111	-0.0153249	0.0830152	-0.0266677	-0.0209789	-0.00216711	0.0247443	0.0800432	0.344227	0.0597748	0.0706018	0	
0.0355711	0.230948	0.0206783	0.282634	-0.0656265	0.0384536	0.0953655	0.567531	0.0162899	0.0694182	0.13063	0.070754	0.61581	0.129399	-0.0251387	-0.0165901	-0.0218586	0.0395147	-0.0266677	0.0129024	0.0687857	0.0247443	0.0614108	0.347506	0.0649325	0.0040807	
0.0198567	0.194769	0.0206783	0.282634	-0.0656265	0.0809431	0.0953655	0.567531	0.0455109	0.0913985	0.13063	0.070754	0.554229	0.0719281	-0.0412471	0.00318722	-0.0218586	0.103402	-0.0266677	0.0376411	0.0592413	0.0156184	0.107461	0.34072	0.0649325	
0.0198567	0.194769	0.0206783	0.282634	-0.0657374	0.0890499	0.0921178	0.517001	0.0455109	0.123797	0.13063	0.0749005	0.43511	0.071724	-0.0361172	-0.0310298	-0.0132869	0.103583	-0.0266677	0.0606606	0.0592413	0.0202894	0.107461	0.34072	0.0616393	
0.0198567	0.194769	0.0206783	0.282634	-0.0617736	0.0750924	0.10315	0.513037	0.0477304	0.0690258	0.122691	0.0749005	0.52171	0.0676923	-0.0361172	-0.0222446	-0.00728736	0.0602385	-0.0326672	0.0567139	0.0592413	1.94055e-05	0.141975	0.353158	0.0476706	0	
0.0198567	0.220078	0.0206783	0.282634	-0.0617736	0.0794438	0.0914466	0.512902	0.0113863	0.0690258	0.164921	0.0749005	0.273397	0.06733	-0.0136864	0.00566481	-0.0187709	0.0404318	-0.0274407	0.0287377	0.0686452	-0.00188306	0.113896	0.418333	0.0476706	0.0194433	
0.0373105	0.219089	0.0206783	0.260305	-0.0625797	0.0729656	0.0910036	0.513708	0.0113863	0.0614268	0.164921	0.0987302	0.406058	0.0406581	-0.0122897	-0.0184683	-0.0132613	0.0787178	-0.0274407	0.0287377	0.0181652	0.0123208	0.139824	0.4743	0.0408372	-0.0103785	
0.0395017	0.219089	0.0206783	0.260305	-0.0625797	0.118542	0.0910036	0.513708	0.0078868	0.0697159	0.144029	0.0782246	0.572157	0.0568097	-0.020418	-0.0084225	-0.00816604	0.0431543	-0.0256928	0.0300418	0.0642963	0.020495	0.117466	0.4743	0.0450237	
0.0249014	0.169725	0.0196813	0.259308	-0.0637943	0.102689	0.0900065	0.513925	-0.00148605	0.0903037	0.143032	0.0607649	0.346002	0.0739171	-0.0250293	-0.0084225	-0.00281341	0.122242	-0.0320425	0.0529546	0.0307965	0.0195985	0.117466	0.487123	0.0452412	-0.0547693	
0.0277308	0.169725	0.0196813	0.280502	-0.0673344	0.123939	0.100189	0.518267	-0.0140203	0.0384602	0.143032	0.0372188	0.288822	0.0606365	-0.038204	-0.0231526	-0.00638138	0.0866754	-0.0330957	0.105277	0.0307965	0.00201243	0.117466	0.419046	0.0487814	
0.0277308	0.19802	0.0205997	0.273984	-0.066416	0.123939	0.0943245	0.556784	-0.00761749	0.0384602	0.147533	-0.00568544	0.355569	0.0916235	-0.013238	-7.09565e-05	-0.0245482	0.125807	-0.0257044	0.071766	0.0255739	0.0029309	0.117466	0.38008	0.0468471	-0.0277308	0	0	
0.0277308	0.162356	0.0205997	0.273984	-0.0668383	0.105696	0.0943245	0.521118	0.00838338	0.0384602	0.159313	0.0112095	0.361316	0.0717275	-0.033554	-0.0385679	-0.00942768	-0.00689688	-0.0253587	0.0343461	0.0636689	0.0144624	0.117466	0.384958	0.0472694	0.0766863	
0.0277308	0.162356	0.0205997	0.2618	-0.0690521	0.126816	0.0943245	0.53953	0.00253859	0.0384602	0.159313	-0.018483	0.202099	0.0717275	-0.0389528	-0.0206737	-0.0208593	0.0545577	-0.0253587	0.0343461	0.0339977	0.00896242	0.127354	0.384958	0.0461222	-0.0635002	
0.0299907	0.162356	0.0205997	0.274117	-0.0686343	0.0590276	0.0943245	0.523153	-0.00363581	0.0976718	0.159313	-0.029307	0.203699	0.0828111	-0.0389528	-0.00514407	-0.0154538	0.0647763	-0.0184972	0.0343461	0.0605735	0.0192378	0.127354	0.384958	0.0604307	-0.0242363	-0.0749098	
0.0299907	0.121042	0.0205997	0.268129	-0.0686343	0.0814879	0.0943245	0.523153	0.0190113	0.0892963	0.159313	-0.0114834	0.315055	0.0547408	-0.0389528	-0.00331898	-0.0337037	0.0502767	-0.0184972	0.0720063	0.0294984	-0.00433561	0.124779	0.372333	0.0604307	
0.0268181	0.140478	0.0205997	0.268129	-0.0686343	0.0354737	0.0943245	0.551342	0.0190113	0.0565915	0.168936	-0.00952553	0.43788	0.0547408	-0.0310185	-0.013055	-0.034786	0.0541567	-0.0184972	0.0872921	0.0657907	0.000255535	0.134371	0.372333	0.0916214	
0.0268181	0.129926	0.0205997	0.268129	-0.0712157	0.0773573	0.102361	0.533077	0.0190113	0.0528163	0.168936	-0.0109914	0.147176	0.0576033	-0.0364757	-0.023359	-0.0350017	0.06247	-0.00977421	0.0900393	0.040275	0.00781335	0.13093	0.381463	0.0757154	0	0	0	
0.0330179	0.110846	0.0214224	0.252516	-0.0693137	0.0907099	0.103183	0.531998	0.0532569	0.0205753	0.138753	-0.00580275	0.302467	0.058426	-0.0423835	-0.023359	-0.0294425	0.122695	-0.0089515	0.138344	0.0342582	-0.00179053	0.117484	0.440688	0.0652547	-0.0245661	-0.0519219	0.0715067	
0.0322697	0.177214	0.0214224	0.252516	-0.0693137	0.0940025	0.103183	0.531998	0.0170119	0.0872155	0.133207	-0.00590135	0.266669	0.0571702	-0.0229664	-0.013125	-0.0295206	0.0566029	-0.0089515	0.138344	0.0695546	-0.00920327	0.117484	0.424371	0.0542314	0.0939641	
0.0322697	0.180708	0.0214224	0.252516	-0.0693137	0.0775552	0.103183	0.531998	0.0228914	0.0653846	0.20944	0.00195863	0.220412	0.088495	-0.0513053	-0.03207	-0.0442741	0.129501	-0.0089515	0.0993339	0.0466994	-0.000456843	0.0977438	0.354185	0.108177	0.0542314	0	0	0	
0.0322697	0.125397	0.0214224	0.252516	-0.0637767	0.106424	0.103183	0.526461	0.0232318	0.0222388	0.20944	-0.0181827	0.280883	0.0960279	-0.0341496	-0.0210243	-0.0321342	0.336156	-0.0089515	0.123849	0.0634046	0.0074648	0.0651787	0.462666	0.0812964	0.0542314	0.0136366	-0.00201973	
0.0322697	0.125397	0.0214224	0.252516	-0.067475	0.0887664	0.103183	0.530159	0.00953424	0.0564932	0.1862	0.0261688	0.283662	0.0894465	-0.0298415	-0.00423989	-0.0320669	0.396732	-0.00706337	0.103297	0.0407861	0.00326604	0.075327	0.452948	0.0799052	0.0819412	-0.0198454	0.0807668	0.00631913	0	
0.0319108	0.158227	0.0214224	0.252516	-0.066209	0.0875004	0.103183	0.519092	0.0353746	0.0230831	0.1862	0.0507298	0.22637	0.0413883	-0.0307011	-0.00423989	-0.0320669	0.316522	-0.00706337	0.104153	0.0407861	0.00326604	0.0701625	0.452948	0.0784843	0.0819412	0.0351616	
0.0486533	0.158227	0.0214224	0.23411	-0.066209	0.106124	0.103183	0.519092	0.0141303	0.0564143	0.204028	-0.00209961	0.245332	0.0566445	-0.0278401	-0.0187855	-0.0111948	0.236245	-0.0162966	0.104153	0.0457662	0.00807354	0.0701625	0.452948	0.0666098	0.0819412	0	
0.0486533	0.211366	0.0214224	0.23411	-0.066209	0.0966981	0.103183	0.49503	0.0421543	0.0330974	0.169677	-0.0247997	0.900282	0.0837027	-0.0449782	0.0116853	-0.0114142	0.0240232	-0.0160772	0.0812342	0.0457662	0.00681482	0.0701625	0.520284	0.0611008	0.0819412	0.00851141	
0.0538085	0.14003	0.019973	0.23411	-0.066209	0.0658836	0.103183	0.498563	0.0181834	0.0345469	0.169677	-0.0147409	0.666278	0.0471633	-0.0157167	0.0131347	-0.0421646	0.0890325	-0.00745937	0.0604319	0.0472157	0.00681482	0.0716119	0.451486	0.0669487	0.0803983	-0.0174849	-0.0387972	
0.0541477	0.10985	0.019973	0.263476	-0.0669272	0.0245393	0.103183	0.499281	-0.01099	0.0345469	0.180509	-0.0136607	0.798123	0.0486993	-0.0370093	0.0140564	-0.0201209	0.0832286	-0.0154939	0.0604319	0.0472157	0.00681482	0.0716119	0.451486	0.0536256	0.102424	
0.0261451	0.10985	0.019973	0.243862	-0.061291	0.0641803	0.0981369	0.493645	0.0178494	0.039206	0.180509	-0.0317158	0.925835	0.0486993	-0.0270291	0.0140564	-0.0155337	0.148237	-0.0200811	0.0748533	0.044115	0.00681482	0.0792445	0.38752	0.042152	0.102424	
0.0261451	0.1314	0.019973	0.224438	-0.0661748	0.0664868	0.0981369	0.498528	0.0134416	0.0276618	0.180509	-0.00447904	0.754546	0.0486993	-0.00617914	-0.0205295	-0.0155337	0.283196	-0.0200811	0.0710459	0.0571104	0.00681482	0.0953299	0.38752	0.0586143	0.102424	
0.0336925	0.113464	0.0155884	0.224438	-0.0661748	0.0635498	0.094886	0.476641	0.0210959	0.0228217	0.129057	-9.44876e-05	0.758931	0.0218604	0.0162964	-0.016145	-0.0192131	0.185837	-0.0170845	0.0710459	0.0381137	-0.000558172	0.102494	0.391891	0.0586143	0.0977837	-0.0362358	
0.0364961	0.128605	0.0127849	0.224438	-0.0675053	0.0940533	0.094886	0.477971	0.0210959	0.0644306	0.161261	0.0254838	0.537719	0.0748396	-0.0270525	-0.012212	-0.0284399	-0.0153273	-0.0170845	0.0625878	0.086628	-0.000558172	0.105298	0.391891	0.0563772	0.0977837	-0.0367252	
0.0364961	0.128605	0.0127849	0.224438	-0.0675053	0.0832767	0.094886	0.477971	0.00282412	0.144768	0.161261	0.00871838	0.346439	0.0297268	-0.0207007	-0.0100791	-0.0320238	-0.0045956	-0.0135006	0.0241325	0.0920472	0.0182409	0.105298	0.365297	0.0592116	0.111341	-0.0367252	0	
0.0463501	0.136517	0.0127849	0.224438	-0.07016	0.0762794	0.103154	0.480626	0.00282412	0.0659777	0.161261	0.0285707	0.329001	0.0560914	-0.0132311	-0.0028607	-0.0239665	0.0409362	-0.00667583	0.0294715	0.0243092	0.00909923	0.105298	0.365297	0.0464068	0.110589	
0.050328	0.0931898	0.0127849	0.23509	-0.0659246	0.0743024	0.103154	0.427358	0.0098963	0.0577418	0.156614	0.0285707	0.443234	0.0386754	-0.00311865	-0.0201213	-0.013339	0.0883711	-0.0123169	0.0294715	0.0806523	0.00909923	0.105585	0.365297	0.0701792	0.140361	-0.00494677	0	
0.0470544	0.106026	0.0132119	0.23509	-0.0663716	0.113549	0.114822	0.427805	0.0294732	0.0248485	0.147386	0.0281437	0.581836	0.0386754	0.0203935	-0.0149127	-0.013339	0.070953	-0.0123169	0.0192134	0.0583606	0.00909923	0.0821099	0.431208	0.0425555	0.15033	0	
0.0471094	0.102653	0.0131569	0.229253	-0.0656084	0.111628	0.114822	0.455131	0.0441951	0.0840667	0.150265	0.00481392	0.2486	0.0507666	0.000722213	-0.028955	-0.0264084	0.0854123	-0.0153175	0.00433467	0.0560317	0.00273481	0.0788864	0.431208	0.0569728	0.15459	
