0.414973	0.202244	0.293779	0.253484	0.070814	-0.0834949	-0.0213395	0.112381	-0.00509893	0.0105171	0.176119	0	0	0	0	0	0	0	0	0	0	0	0	0	0	0	0	0	0	0	0	0	0	0	0	0	0	0	0	0	0	0	0	0	0	0	0	0	0	0	0	0	0	0	0	0	0	0	0	0	0	0	0	0	0	0	0	0	0	0	0	0	0	0	0	0	0	0	0	0	0	0	0	
0.427835	0.218687	0.293779	0.262339	0.00631436	0	-0.0213395	0.159337	-0.00509893	0	0.176119	0.070814	0.0836863	-0.0143342	-0.0220722	-0.0325185	-0.00631436	0.0439662	-0.0117741	-0.0491936	-0.00522515	0.0696092	0.0105171	0	0	-0.0137314	0.0196853	0.0151925	-0.0252396	0.0194035	0.0552817	0	0	0	-0.0151925	-0.0093124	-0.0435579	-0.00143866	-0.0284146	0.00739046	-0.0834949	
0.480627	0.220534	0.256019	0.235493	0.0152376	0	-0.0250919	0.140341	-0.00509893	0.0962248	0.176119	0.174781	0.0204967	0.070814	-0.0545723	0.0216052	-0.00144539	-0.0855037	-0.0233494	0.0348024	0.0310712	-0.0239403	-0.00699987	-0.0488013	-0.0139988	0.008087	
0.480627	0.156546	0.256019	0.235493	0.00642034	0	-0.0250919	0.119492	-0.00130442	0.0962248	0.156613	0.119629	0.0397484	0.0742288	-0.0690351	-0.00144539	-0.0983462	0.0110898	-0.00528141	0.209065	-0.0709072	-0.0274515	-0.00953116	-0.0318643	-0.0139988	0.00417648	
0.740989	0.183377	0.241323	0.240936	0.00959987	0	-0.0250919	0.166162	-0.00636812	0.140662	0.0751833	0.0742288	-0.0157923	-0.0955073	0.0146459	-0.011635	0.0335479	-0.0575477	-0.0169763	0.121945	-0.0258034	0.106751	-0.0111792	-0.0222286	
0.591762	0.193995	0.320482	0.215314	0.0150244	0	-0.0250919	0.159426	-0.00636812	0.117929	0.175967	-0.0208748	-0.0157923	0.0822261	-0.0222286	-0.0924208	0.0135659	-0.011635	0.172873	-0.0746441	-0.0281453	0.116843	0.0178598	0.0812133	0	
-0.101048	0.0856845	0.250113	0.216185	0.0432428	0.00248619	-0.0191401	0.134166	-0.00640787	0.107616	0.104404	-0.0200042	-0.0264463	0.0830966	0.0144364	0.546044	-0.00993492	-0.00573955	-0.0786363	-0.00226739	-0.0242214	0.117753	0.126884	0.0641871	
-0.097056	0.141368	0.240031	0.203932	0.0156005	0.00248619	-0.0241963	0.134166	-0.00450436	0.134782	0.359082	-0.0200042	-0.0264463	0.0830966	0.00522098	0.596862	-0.0159053	0.289448	-0.0812236	-0.0166612	-0.0299681	0.180913	0.0966545	
-0.0950188	0.209692	0.27415	0.203932	0.00807579	0.00248619	-0.01562	0.134166	-0.00450436	0.12471	0.196344	-0.018229	-0.0380268	0.0785427	0.00522098	0.449043	-0.0159053	0.117239	0.352102	0.170999	-0.0896518	0.00409192	-0.00884065	-0.0373522	0.180913	
-0.0952162	0.183113	0.253565	0.192479	0.013908	0.00248619	-0.0319612	0.164628	-0.00450436	0	0.123665	-0.018229	-0.0380268	0.0821987	0.00522098	0.449043	-0.00991047	0.109539	0.346107	-0.0826593	-0.00291948	-0.0373522	0.166885	
-0.0952771	0.183113	0.253565	0.160342	0.0157736	-0.0255157	0.150294	0.00203834	0.0240607	0.13184	-0.018229	-0.0549788	0.0801363	0.00522098	0.578644	0.192479	0.0389865	0.278369	-0.0777189	0.000795649	-0.00767261	0.00495249	-0.0233819	-0.0397632	
-0.0896028	0.185785	0.179774	0.0157736	-0.0444555	0.118675	0.00203834	0.0336412	0.216596	-0.0101261	-0.0501184	0.0801363	0.00522098	0.525045	0.191576	0.0680508	0.0594889	-0.0833999	-0.00011474	0.168882	-0.0154313	
-0.0820651	0.144896	0.179774	0.0850351	-0.0871491	0.0157736	0.104559	0.148132	0.00203834	0.0418847	0.145267	-0.0487474	-0.0472184	0.0801363	0.00467324	0.571367	0.191576	0.0601665	-0.00951869	0.00614157	0.168882	-0.0272626	
-0.0927353	0.172984	0.211735	-0.0894806	0.0285352	0.0137887	0.201253	0.121249	0.00209115	0.0643053	0.255906	-0.0607077	-0.0574205	0.0799951	0.00432258	0.609851	0.218632	0.12254	-0.00951869	0.0103593	0.156538	-0.0158446	0	
-0.0983347	0.209514	0.276743	-0.0642467	-0.0158446	-0.0015456	0.0148799	0.143695	0.0893906	0.0505614	0.68634	-0.0607077	-0.0732656	0.0929759	0.00432258	0.37891	0.25341	0.0717375	-0.00951869	0.0103593	0.150597	
-0.100395	0.2082	0.276743	-0.0621711	-0.0271726	0.160333	-0.00362119	0.262407	0.12104	0.0470525	0.453749	-0.0607077	-0.0687929	0.0928787	0.00432258	0.384256	0.230729	0.0304258	-0.00787293	0.0103593	0.0125679	
-0.0918413	0.30158	0.199049	-0.0774854	-0.0118719	0.121759	-0.00362119	0.101363	0.0918713	0.0516917	0.26469	-0.0561474	-0.0657485	0.0928787	0.00631942	0.384343	0.230729	0.0492983	-0.00787293	0.00111712	0.0125679	
-0.0892392	0.295103	0.158897	-0.0841787	0.00123951	0.139543	-0.00253896	-0.0053496	0.0951805	0.135653	0.274956	-0.0564107	-0.0840082	0.0933401	0.0142206	0.375353	0.23119	0.0422525	-0.00741148	0.00157857	0.0130294	0.0651153	
-0.102531	0.178853	0.160114	-0.0786522	-0.0202421	0.128772	-0.00253896	0.0108999	0.0951805	0.0772175	0.197979	0.0130294	-0.0564107	-0.0831131	0.0933401	0.0142206	0.65741	0.231114	0.0664582	-0.00741148	0.00157857	0.0307441	
-0.106293	0.25082	0	-0.0789725	-0.0139975	0.128772	-0.00253896	0.0497195	0.0951805	0.105776	0.0130294	0.196911	-0.0568328	-0.0780328	0.0933401	0.0109231	0.386564	0.240137	0.114005	-0.00741148	0.00157857	0.0308735	
-0.10188	0.228947	-0.0731472	-0.022641	0.128772	-0.00253896	0.0648751	0.128711	0.141696	0.0130294	0.196049	-0.0542504	-0.0724029	0.0933401	0.0138869	0.48463	0.258163	-0.00443704	-0.00741148	0.00157857	0.00967724	
-0.0958247	0.0802899	-0.0551851	-0.0240395	0.176681	0.000742522	0.00550313	0.128711	0.0902177	0.00147496	0.240804	-0.0502512	-0.0741874	0.0933401	0.0138869	0.48463	0.258163	0.0366395	-0.0100249	-0.00200742	-0.000692198	
-0.0903264	0.204812	-0.0842427	-0.0282385	0.102641	-0.00195598	0.0588429	0.179791	0.125588	0.00147496	0.2252	-0.0502512	-0.0759714	0.0860442	0.0138869	0.598605	0.258163	-0.0270579	-0.0193454	-0.0170498	
-0.08805	0.234378	-0.0715187	-0.00431481	0.120304	-0.00195598	-0.033024	0.155091	0.131796	0.00893154	0.234331	-0.0502512	-0.072521	0.0978356	0.0138869	0.418801	0.189023	0.0423544	-0.0192471	-0.00138359	0.00195598	
-0.093637	0.124671	-0.062341	-0.0198926	0.106878	-0.00195598	-0.0467176	0.155091	0.105788	0.00244098	0.209267	-0.0502512	-0.0717668	0.0978356	0.0138869	0.416668	0.23081	0.0713746	-0.0192471	-0.0022505	0.0137656	-0.0504458	
-0.102921	0.116695	-0.0998811	-0.0198926	0.0801918	-0.00195598	0.0859157	0.11526	-0.0470158	0.151902	0.0237539	0.19001	-0.0747056	0.0899223	0.0138869	0.690478	0.178741	0.0306498	-0.0225177	-0.00765016	0.0307653	
-0.089978	0.135283	-0.0762933	-0.0229108	0.142713	-0.00650264	0.00404333	0.113634	-0.0523362	0.0737111	0.0207063	0.19001	-0.0767331	0.0986727	0.0138869	0.379359	0.180203	-0.0146554	-0.0167647	-0.00765016	0	
-0.0942123	0.106967	-0.0692989	-0.0229108	0.124802	-0.00650264	0.0890373	0.130624	-0.0523362	0.0654863	0.00889787	0.19833	-0.0808381	0.0986727	0.0138869	0.292734	-0.0197515	0.180203	0.054292	-0.0136005	
-0.0961639	0.136305	-0.0414538	-0.0141932	0.124802	-0.00650264	0.0835772	0.120221	-0.0584682	0.104368	-0.000336398	0.311552	-0.0808381	0.0986727	0.0113847	0.367436	-0.0197515	0.215696	0.0378024	-0.0136005	0.0388196	
-0.0863742	0.175991	-0.0463891	-0.0166564	0.124802	-0.00667238	0.0945846	0.141533	-0.058638	0.0924646	-0.00379275	0.234554	-0.0765467	0.0985029	0.0112149	0.542789	-0.0241294	0.215526	-0.0482756	-0.0137703	0.0619358	
-0.0866838	0.175991	-0.0690889	-0.0116062	0.124476	-0.00634623	0.0614927	0.141534	-0.0661172	0.120383	-0.0080621	0.308158	-0.0800757	0.0985029	0.00141569	0.394073	-0.0241294	0.215526	0.0116382	0.0292347	0	-0.0137703	0.0350066	
-0.0896265	0.11539	-0.0625675	-0.00318608	0.0890038	0.000242035	0.0203208	0.0995595	-0.0661172	0.134206	-0.0080621	0.308158	-0.0819403	0.0985029	0.00141569	0.389069	-0.0197168	0.26206	-0.0200644	-0.0137703	-0.0890387	0.0350066	
-0.0896265	0.18581	-0.0423341	-0.00318608	0.134592	0.000242035	0.076438	0.141216	-0.0584353	0.0797284	-0.0080621	0.229505	-0.0796524	0.0894379	0.00450443	0.389069	-0.00979158	0.209507	-0.0203328	-0.0126467	0.0277695	
-0.0767499	0.156187	-0.0361514	-0.00857508	0.136878	0.000242035	0.0320351	0.110214	-0.0652997	0.0786981	-0.00876392	0.221784	-0.0630726	0.0894379	0.00305319	0.464096	-0.0125549	0.209507	0.0500777	-0.0180719	0.0368578	-0.000128548	
-0.0781157	0.0819595	-0.0754565	-0.0130636	0.136878	0.000242035	0.0387465	0.154232	-0.074285	0.0899908	-0.0056484	0.289678	-0.0630726	0.0894379	0.00305319	0.437904	-0.0125549	0.213023	0.0749589	-0.0180719	0.0259041	0	
-0.0736965	0.0819595	-0.0843027	-0.0130636	0.112852	0.000242035	0.0352665	0.154232	-0.0641535	0.0591154	4.21192e-05	0.212325	-0.0756239	0.0810643	0.0170295	0.49735	-0.0127685	0.213023	-0.0453309	-0.0180719	0.0135723	-0.0571455	
-0.085187	0.0973693	-0.0841336	-0.00822241	0.156258	0.00630304	0.0253288	0.162189	-0.0641535	0.0723565	-0.0179094	0.310502	-0.0776072	0.0810643	0.0170295	0.198153	-0.0127685	0.187975	-0.00989423	-0.02992	-0.000945446	
-0.0853067	0.0586721	-0.0570743	-0.0323662	0.0871143	0.00630304	-0.01547	0.166253	-0.0564502	0.0332792	-0.00760389	0.301432	-0.0671585	0.0823509	0.0179493	0.539163	-0.0171966	0.225448	-0.0299794	-0.0514482	0.0198885	-0.0495859	-0.0706634	
-0.0852563	0.0512324	-0.0682915	-0.0250726	0.0871143	0.00630304	0.0924987	0.151744	-0.057566	0.0509521	0.00245124	0.248643	-0.0703688	0.0823509	0.0179493	0.754381	-0.0181431	0.225448	0.0129707	-0.0514482	0.0177845	-0.0409459	
-0.098362	0.0405859	-0.0910836	-0.0157201	0.105952	0.00630304	0.0105544	0.162822	-0.057566	0.0716323	0.00245124	0.248643	-0.0703688	0.0823509	0.0179493	0.43458	-0.0218128	0.225448	0.0129707	-0.0514482	0.0202258	-0.0269603	0.074915	0.0265994	0	
-0.097559	0.0295055	-0.108793	-0.0137043	0.101831	0.0104238	0.0497264	0.162822	-0.057566	0.0578718	0.00855947	0.25023	-0.0686415	0.0723932	0.0179493	0.557981	-0.0277917	0.222661	0.0212457	-0.0601504	0.0195669	-0.0344981	-0.0619246	
-0.0924555	0.0295055	-0.0904346	-0.0288869	0.0994543	0.0104238	-0.034696	0.162822	-0.0582041	0.0300365	0.00855947	0.288801	-0.0687812	0.0723932	0.0111961	0.215484	-0.0274998	0.211404	0.11925	-0.0578499	0.023782	-0.0441076	0	0	
-0.0851161	0.0295055	-0.09062	-0.0125421	0.182589	0.0110186	-0.0278003	0.162822	-0.0582041	0.0599539	0.000939298	0.288801	-0.0687812	0.0723932	0.0111961	0.405006	-0.0273784	0.203371	0.111757	-0.0676727	0.0105684	-0.0131701	0	
-0.0829288	0.0295055	-0.0769951	-0.0329003	0.176245	0.0110186	0.0289309	0.162822	-0.0592662	0.0503573	-0.0202644	0.221741	-0.0591846	0.0833911	0.0111961	0.264782	-0.0258441	0.226806	0.0505031	-0.064839	0.0105684	-0.0131701	-0.0256667	0	
-0.0827809	0.0236239	-0.0791007	-0.0248391	0.176245	0.0110186	0.0227121	0.162471	-0.0653979	0.0525313	-0.0437337	0.201718	-0.0612689	0.0806869	0.0111961	0.306979	-0.023221	0.226806	0.0617002	-0.064573	0.0105684	-0.00771665	0	0	
-0.0952599	0.0576853	-0.106524	-0.0248391	0.16878	0.0184837	-0.0011784	0.162471	-0.066183	0.0904471	-0.0303378	0.201718	-0.0680556	0.0768245	0.0061308	0.624176	-0.0146178	0.228844	0.0682654	-0.064573	0.0105684	0.00367625	0.037738	0	
-0.0921139	0.0622693	-0.104965	-0.0248391	0.177544	0.0205979	-0.01278	0.162471	-0.0631041	0.072448	-0.0303378	0.201718	-0.0680556	0.0768245	0.0061308	0.466487	-0.0146178	0.228844	0.0277871	-0.064573	0.0105684	0.00624368	0	
-0.103269	0.0353882	-0.108584	-0.017475	0.0945224	0.0205979	-0.0400728	0.157092	-0.0631041	0.0325919	-0.0171595	0.201718	-0.0654212	0.0768245	0.00895104	0.539895	-0.0150707	0.214223	0.0884793	-0.064573	0.0105684	0.0216354	
-0.0824695	0.0802458	-0.118404	-0.0282233	0.137047	0.0205979	-0.0507066	0.157092	-0.0668658	0.0609455	-0.0171595	0.210232	-0.0646508	0.0768245	0.00895104	0.693332	-0.0172506	0.209661	0.00862043	-0.0533304	0.0105684	0.0203636	
-0.0964582	0.0925638	-0.109768	-0.010711	0.161094	0.0119617	-0.0486071	0.157092	-0.0667348	0.0595115	-0.0171595	0.23349	-0.0654553	0.0767078	0.00895104	0.518823	-0.0172506	0.211083	0.00862043	-0.0494146	0.0105684	0.0203636	-0.069858	0	
-0.0850034	0.191648	-0.110591	-0.0178904	0.0925693	0.0119617	-0.0537139	0.157092	-0.0656939	0.0578421	-0.0171595	0.23349	-0.0581054	0.0767078	0.00895104	0.550542	-0.0201204	0.251896	-0.0118658	-0.0494146	0.0105684	0.0321542	-0.0899019	
-0.0927907	0.188236	-0.0949609	-0.024069	0.166548	0.0122431	-0.0354818	0.157092	-0.0724449	0.129383	-0.0228219	0.23349	-0.0720917	0.0767078	0.00895104	0.433165	-0.0201204	0.24377	0.0794939	-0.0545334	0.0105684	0.0294948	0	
-0.0906561	0.137358	-0.0790595	-0.0129755	0.131147	0.00457588	-0.0630644	0.157092	-0.0680551	0.0930078	-0.0198651	0.150946	-0.0720917	0.0767078	0.00895104	0.880199	-0.0241584	0.279488	0.0444464	-0.0545334	0.0105684	0.0341334	0	
-0.105027	0.137358	-0.0820309	-0.0129755	0.11644	0.00457588	-0.0296103	0.192833	-0.0727876	0.0811803	-0.0328498	0.203041	-0.0699187	0.0757767	0.0203341	0.687758	-0.0280154	0.301429	0.0167592	-0.0545334	0.0140876	0.0341334	0	-0.0545334	
-0.0940763	0.16372	-0.0779944	-0.0237674	0.117221	0.00457588	-0.0677564	-0.0727876	0.0627905	0.203041	0.15501	-0.0699187	0.0757767	0.0203341	0.941775	-0.0132816	0.293928	-0.0123858	-0.0535999	0.00493864	0.0300702	0.0499862	0.104013	
-0.101369	0.0638422	-0.0846863	-0.0191053	0.0959719	0.00457588	0.0267705	-0.0727876	0	0.0748033	0.229543	0.122173	-0.0751045	0.0757767	0.0260471	0.484941	-0.0167204	0.293928	0.029317	-0.0535999	0.00493864	0.0297214	0.0564182	0.0453935	0.043213	
-0.0891838	0.0992929	-0.0646741	-0.0179236	0.121471	0.0057576	0.313237	-0.0694793	0.0797591	0.230725	0.0900814	-0.0739228	0.0769584	0.0296773	0.577522	-0.0175406	0.29511	0.0304987	-0.0545142	0.0124081	0.0207989	0.0653199	0.0570725	0.152081	
-0.0935077	0.142322	-0.077259	-0.0179236	0.142382	0.0057576	0.195117	-0.0738425	0	0.253082	0.0848066	-0.0761213	0.0769584	0.0296773	0.833564	-0.0175406	0.29511	0.0112297	-0.0608541	0.0124081	0.0897296	0	0.0528536	
-0.0855876	0.183529	-0.0806965	-0.0175874	0.116197	0.00609375	0.232175	-0.0604672	-0.0252106	0.0531897	0.176459	0.161722	-0.0693548	0.0772946	0.0350108	0.94857	-0.00930799	0.298993	0.0436498	-0.0656241	0.00713372	0.0832993	0.0732931	-0.0207316	
-0.0881368	0.120646	-0.0402678	-0.023132	0.0929812	0.00609375	0.259647	-0.0648056	0.0344382	0.175192	0.121594	-0.0757307	0.0772946	0.0283449	1.02924	-0.00930799	0.300063	0.0236286	-0.0620407	0.00713372	0.0959967	
-0.0849834	0.140728	-0.0715216	-0.0259294	0.162155	0.00412556	0.116188	-0.0634253	0.100176	0.0306947	0.180086	0.121594	-0.0728899	0.0794919	0.0368731	1.02924	-0.00930799	0.300063	0.00326309	-0.0481557	0.00713372	0	
-0.0933403	0.189391	-0.0614909	-0.0259294	0.158482	0.00412556	0.191692	-0.0651836	0.128698	0.039897	0.190659	0.118217	-0.0758884	0.0794919	0.0368731	0.858486	-0.028365	0.300063	-0.0142405	-0.0481557	0.0105921	
-0.0973173	0.185367	-0.0549282	-0.034411	0.198562	0.00340026	0.150144	-0.0682295	0.12428	0.0565265	0.171517	0.141805	-0.0785545	0.0787666	0.0361478	0.804649	-0.0208337	0.299338	0.00919052	-0.0469501	0.00986675	-0.006224	
-0.0915442	0.140314	-0.0712081	-0.034411	0.143058	0.00340026	0.0675435	-0.0682295	0.120842	0.0659414	0.14427	0.174555	-0.0696648	0.0787666	0.0361478	0.804649	-0.0100397	0.298489	0.0316685	-0.0400034	0.00986675	-0.00332876	
-0.100554	0.167867	-0.0691186	-0.0176065	0.204813	0.00131077	0.0554872	-0.0682295	0.0920247	0.0577996	0.14427	0.143724	-0.0696648	0.0787666	0.0361478	0.92824	-0.0190394	0.298489	0.0567137	-0.0501505	0.00911973	0.00841222	
-0.100554	0.167867	-0.0698038	-0.0176065	0.204813	0.00131077	0.0463874	-0.0682295	0.115013	0.0577996	0.169764	0.157314	-0.0671961	0.0805404	0.0361478	1.00087	-0.0151234	0.298489	0.00484023	-0.058378	0.0119078	-0.00861553	-0.050163	
-0.0891788	0.167867	-0.0874851	-0.0194431	0.194289	0.00131077	0.0749903	-0.0718921	0.0868156	0.0170321	0.155772	0.122616	-0.0734564	0.0856339	0.0361478	0.653095	-0.0204382	0.298489	0.128209	-0.0479588	0.0128271	-0.0409873	
-0.0819132	0.134652	-0.088075	-0.0106572	0.158017	0.00131077	0.149816	-0.0718921	0.0531768	0.0423822	0.156986	0.121041	-0.0760206	0.0856339	0.0402535	0.575497	-0.0219526	0.248766	0.128209	-0.0382245	0.0128271	0.120642	
-0.0684214	0.132576	-0.072848	-0.0171346	0.178067	0.00131077	0.0974736	-0.0655011	0.0747513	0.0423822	0.130667	0.106652	-0.0704402	0.0856339	0.0402535	0.830221	-0.0243362	0.339244	0.0463371	-0.0382245	0.011602	0.137654	0.0225502	
-0.0851224	0.132576	-0.0611945	-0.0218909	0.178067	0.00131077	0.0561506	-0.0655011	0.0459217	0.0720413	0.169176	0.106652	-0.0704402	0.0856339	0.0343521	0.904865	-0.0243362	0.339244	0.00391233	-0.0382245	0.011602	0.137654	
-0.0963403	0.120565	-0.0678928	-0.0233834	0.154738	0.00697061	0.0806753	-0.0698441	0.0448502	0.0475899	0.0846811	0.0781855	-0.0656167	0.0848531	0.0343521	0.904865	-0.0243362	0.339244	-0.0220501	-0.0382245	0.0118582	0.137654	
-0.0937749	0.0564134	-0.0786471	-0.0342441	0.138614	0.00841155	0.178032	-0.0718507	0.0725795	0.0710296	0.141953	0.161222	-0.067464	0.0833134	0.0343521	0.955601	-0.0243362	0.339244	0.0355345	-0.0559104	0.021867	0.139984	0	
-0.0954883	0.0564134	-0.0758953	-0.0342441	0.135814	0.00649233	0.308036	-0.0753348	0.0715203	0.0203151	0.191973	0.144149	-0.0721864	0.0833134	0.0343521	1.05123	-0.0243362	0.336774	0.00939579	-0.0585598	0.021867	0.139984	0.00037698	-0.0197414	
-0.101128	0.14052	-0.0686033	-0.0165493	0.158782	0.00649233	0.444533	-0.0753348	0.0884732	0.0475271	0.191973	0.0976961	-0.0816179	0.0833134	0.0343521	1.05123	-0.0260616	0.336774	0.00724643	-0.0585598	0.021867	0.139984	0.00302055	
-0.0937035	0.0687024	-0.0542769	-0.0165493	0.13274	0.00649233	0.675752	-0.0684934	0.0716887	0.03454	0.20172	0.155173	-0.0756668	0.0833134	0.0343521	1.05123	-0.0178013	0.336774	0.088086	-0.0585598	0.021867	0.144292	-0.0397495	
-0.0914119	0.0754705	-0.0291788	-0.0234931	0.158122	0.00369785	0.664753	-0.0667591	0.0474093	0.03454	0.193069	0.154081	-0.0788798	0.069786	0.0167933	1.00055	-0.0178013	0.336774	0.0354704	-0.0589486	0.021867	0.202843	
1.00124	0.0761538	-0.0524274	-0.00933728	0.169321	0.00495803	0.490058	-0.0683011	0.108417	0.0466897	0.224844	0.115795	-0.0781964	0.0704694	0.0292835	-0.0171179	0.337457	0.11633	-0.0582652	0.0225504	0.203526	-0.0405123	-0.0507169	
1.00124	0.0761538	-0.0685282	-0.0156394	0.174291	-1.26596e-05	0.670213	-0.0683011	0.059843	0.0466897	0.14851	0.115795	-0.0765021	0.0741484	0.0292835	0.085433	-0.0171179	0.337457	0.0636269	-0.0582652	0.0225504	0.203526	-0.00893239	0	
1.00124	0.0791238	-0.0756774	-0.0156206	0.202367	-1.26596e-05	0.433953	-0.0610083	0.0458208	0.0387586	0.169273	0.115795	-0.0751798	0.07588	0.0292835	0.085433	-0.0171179	0.364577	-0.0107764	-0.0572442	0.0225504	0.209236	
0.923626	0.0791238	-0.0633247	-0.00804278	0.170062	-0.00759343	0.529512	-0.0699943	0.0437333	0.0413954	0.213448	0.115795	-0.0751798	0.07588	0.0292835	0.18227	-0.0235253	0.356187	-0.0506621	-0.0573574	0.0182885	0.209236	
1.30907	0.0709777	-0.0582062	-0.026589	0.20794	-0.00759343	0.303804	-0.0650762	0.0590749	0.0752052	0.213448	0.133003	-0.0665853	0.0674776	0.0292835	0.238474	-0.0217126	0.342601	-0.00810506	-0.0568288	0.012115	0.187106	0	
1.30522	0.0949442	-0.065297	-0.0326544	0.188822	-0.00759343	0.186517	-0.0696528	0.0565777	0.0317292	0.213448	0.133003	-0.0732897	0.0674776	0.0292835	0.150145	-0.00715043	0.29305	0.0307759	-0.0635856	0.0182728	0.220434	0	
1.11034	0.0875948	-0.0780852	-0.0326544	0.186103	-0.00759343	0.246139	-0.0696528	0.0638037	0.0237893	0.213448	0.105676	-0.0766595	0.0674776	0.0248934	0.156579	-0.0103799	0.290609	0.0480252	-0.0692569	0.0182728	0.215476	0	
0.817036	0.160191	-0.0786455	-0.0276433	0.188198	-0.0096878	0.119952	-0.0696528	0.119006	0.0300632	0.312026	0.15233	-0.0766595	0.0674776	0.0283705	0.156143	-0.0289502	0.290609	0.0480252	-0.0601361	0.0182728	0.256098	0	
1.36297	0.1613	-0.0697481	-0.0276433	0.142165	-0.00102547	0.186717	-0.0682874	0.112535	0.0390159	0.227073	0.127847	-0.0773594	0.0674776	0.0283705	0.21372	-0.02814	0.290609	0.0667661	-0.0610394	0.0138212	0.258771	0.0670351	0.18329	0	
1.28652	0.100471	-0.0764698	-0.0276433	0.186894	-0.00102547	0.184543	-0.0719261	0.0822089	0.0603633	0.242234	0.127847	-0.0748008	0.0674776	0.0283705	0.208109	-0.025966	0.28194	-0.00446709	-0.0553265	0.0171571	0.258771	0.164984	-0.0114714	
1.04189	0.100471	-0.0716015	-0.0276433	0.15235	-0.00102547	0.0248107	-0.0686461	0.107676	0.0458527	0.250311	0.100229	-0.0769991	0.0674776	0.0283705	0.228726	-0.011017	0.279031	-0.0376072	-0.0397802	0.0165721	0.218824	
0.697035	0.112739	-0.0826072	-0.00720982	0.158433	-0.00102547	0.054354	-0.072117	0.063233	0.0458527	0.220682	0.086545	-0.0741053	0.0560292	0.0283705	0.0994632	-0.0158541	0.279031	0.00997453	-0.0359764	0.019962	0.22101	
0.635987	0.156349	-0.0991871	-0.00851912	0.125726	0.00354365	0.137106	-0.0667779	0.0948881	0.0331906	0.173296	0.119393	-0.0780297	0.0560292	0.0283705	0.0815339	-0.0158541	0.279031	0.015465	-0.0291575	0.0275872	0.185805	
0.656852	0.0752314	-0.100554	-0.0269427	0.140097	0.00491097	0.252524	-0.0667779	0.150941	0.0456177	0.174644	0.101303	-0.0817164	0.0560292	0.0283705	0.0596595	-0.0166176	0.28281	0.0261731	-0.0291575	0.0275872	0.153298	0	
0.828619	0.119287	-0.0983164	-0.0192765	0.179162	0.00491097	0.129799	-0.0676822	0.105569	0.0405154	0.158544	0.0963192	-0.0736925	0.0560292	0.0398047	0.0648682	-0.0175066	0.28281	0.0031973	-0.0320324	0.0275872	0.142365	0.00246224	0	
0.828619	0.11894	-0.0842596	-0.0187877	0.180262	0.00917373	0.0431626	-0.0653687	0.0726149	0.0623523	0.14987	0.116121	-0.0736925	0.0548179	0.0501523	0.0818861	-0.0175066	0.28818	-0.00680924	-0.0320324	0.0275872	0.142229	
0.606155	0.175903	-0.0931134	-0.0167139	0.144538	0.00917373	0.038441	-0.065672	0.108942	0.0717889	0.203484	0.107739	-0.0686207	0.0425943	0.0501523	0.0345022	-0.0245065	0.28818	0.00682711	-0.0320324	0.00969452	0.16164	0.0165593	
0.693384	0.131675	-0.0876362	-0.0167139	0.163693	0.0115948	0.0341245	-0.065672	0.140489	0.0672251	0.207878	0.107739	-0.0789294	0.0425943	0.0501523	0.126512	-0.0245065	0.28818	0.0278748	-0.0320324	0.00969452	0.16164	0.0841471	0.0115948	0	
0.738968	0.126256	-0.108226	-0.0250258	0.14434	0.0115948	0.0819325	-0.065672	0.123137	0.0966024	0.137637	0.107739	-0.0736461	0.0425943	0.0399493	0.126512	-0.00507875	0.28818	0.00170022	-0.0457135	0.0234821	0.155748	
0.779959	0.126256	-0.10699	-0.0271302	0.0963894	0.0135715	0.129703	-0.0666518	0.136352	0.086668	0.139164	0.107739	-0.0715502	0.0412116	0.0399493	0.0942123	-0.00507875	0.28818	0.0503975	-0.0384636	0.0139983	0.157507	
0.779959	0.13067	-0.101266	-0.0255429	0.0963894	0.0135715	0.0887798	-0.0694903	0.131677	0.086668	0.150748	0.130362	-0.0623447	0.0412116	0.0399493	0.110915	-0.00923666	0.28818	0.0271023	-0.037799	0.00981419	0.0959303	
0.973837	0.164364	-0.0917229	-0.0108774	0.0553158	0.0142528	0.0529671	-0.0621652	0.133326	0.0873493	0.147085	0.131043	-0.063312	0.0418929	0.0406307	0.102074	-0.0104651	0.288861	0.0266424	-0.0304445	0.0104955	0.0825334	
0.973837	0.121847	-0.094335	-0.0127755	0.15426	0.0142528	0.0704993	-0.0621652	0.0865155	0.0535762	0.176116	0.114683	-0.0684549	0.0418929	0.036077	0.165749	-0.0104651	0.253087	0.000601429	-0.0392098	0.0104955	0.119077	0.049146	
0.973837	0.119153	-0.0996283	-0.0127755	0.154044	0.0142528	0.0682601	-0.0698866	0.10051	0.0437179	0.216838	0.117619	-0.0741709	0.0579537	0.036077	0.0742364	-0.0154656	0.234263	-0.0268323	-0.0444071	0.0195186	0.100528	-0.0399646	
0.805753	0.0968557	-0.106923	-0.0127755	0.116479	0.0142528	0.233645	-0.0688053	0.0592752	0.0437179	0.216838	0.129872	-0.075273	0.0579537	0.0276698	-0.0134123	0.234263	-0.032965	-0.0442706	0.0195186	0.100528	
0.805753	0.0798565	-0.0840069	-0.0265625	0.113112	0.0142528	0.12959	-0.0688053	0.0271441	0.0437179	0.213455	0.129872	-0.0771237	0.0555619	0.0131835	0.100528	-0.0134123	0.250271	-0.014976	-0.04333	0.0195186	0	0	
0.995672	0.104428	-0.083064	-0.0237826	0.138635	0.0142528	0.010785	-0.0688053	0.0353802	0.0734918	0.226998	0.14225	-0.0727716	0.0596665	0.0131835	0.129788	-0.0134123	0.251284	-0.0474845	-0.0498819	0.0195186	
1.11795	0.1502	-0.106935	-0.0139292	0.135309	0.0214039	0.0245905	-0.0688053	0.0782553	0.0734918	0.199454	0.155627	-0.0740536	0.0575537	0.0131835	0.120032	-0.0127755	0.251284	-0.0241381	-0.0509157	0.0195186	0	
0.871411	0.134506	-0.105706	-0.0139292	0.0828454	0.0214039	-0.000493179	-0.0721824	0.0517764	0.0734918	0.289899	0.130654	-0.0790631	0.0578403	0.0131835	0.186829	-0.0127755	0.258846	-0.00775384	-0.0499896	0.0195186	
0.958509	0.228259	-0.102368	-0.0139292	0.135242	0.0222398	0.136894	-0.0721205	0.0692605	0.0734918	0.275024	0.130654	-0.0714717	0.0578403	0.0131835	0.121062	-0.00628075	0.235214	-0.0404996	-0.0481883	0.0195186	0	
1.10233	0.128096	-0.0926854	-0.0139292	0.134915	0.0222398	0.0890141	-0.0721205	0.0562566	0.0734918	0.296218	0.128302	-0.0629509	0.0578403	0.0131835	0.141004	-0.000927008	0.231135	-0.02065	-0.054495	0.0149774	-0.0469851	
1.12065	0.201691	-0.102845	-0.0293455	0.132215	0.0249398	0.208756	-0.078213	0.0867446	0.0734918	0.296218	0.153915	-0.0680707	0.0578403	0.0131835	0.174807	-0.00628523	0.231135	-0.0345044	-0.0538866	0.0149774	-0.0280547	0	
0.798118	0.19738	-0.086798	-0.0150741	0.132215	0.0323081	0.12777	0.0254749	0.0872321	0.296218	0.0996169	-0.0741035	0.0073683	0.0205518	0.187156	-0.00628523	0.231135	0.000153913	-0.0548691	0.0252193	
1.10245	0.215381	-0.0931592	-0.0117696	0.146875	0.0323081	0.195982	0.0644468	0.0723241	0.239569	0.146633	-0.0742447	0.0073683	0.0245667	0.183453	-0.000965381	0.231135	-0.0100622	-0.0532076	0.0163835	
1.17703	0.256405	-0.105124	-0.0200835	0.145152	0.0324969	-0.0114655	0.045475	0.0765375	0.0233658	0.24332	0.172826	-0.0711166	0.0073683	0.0245667	0.20933	-0.000965381	0.255331	0.0462962	-0.0532076	0	
0.786096	0.227721	-0.0879969	-0.0168649	0.201218	0.0324969	0.0295364	0.0601244	0.0657794	0.296662	0.13449	-0.0687216	0.0073683	0.0245667	0.174387	-0.000965381	0.272911	0.144357	-0.0532076	0.0218786	0.0160435	
0.84893	0.271285	-0.0918952	-0.0198345	0.182849	0.0316379	0.134913	0.0499603	0.108988	0.248331	0.0218786	0.13449	-0.0713155	0.0073683	0.0245667	0.147012	-0.000965381	0.234152	0.0826311	-0.0617184	0	0	
1.00128	0.28014	-0.0591006	-0.00911594	0.147417	0.0338195	0.152985	0.046129	0.0486415	0.271297	0.0240602	0.13449	-0.0691186	0.00954987	0.0345156	0.185059	-0.00214842	0.234152	0.0172073	-0.0535755	0.0928447	-0.0490416	0.00218158	
1.00128	0.308092	-0.062503	-0.026032	0.153028	0.0293606	0.0745253	0.105857	0.0454057	0.277676	0.0217554	0.13449	-0.0695521	0.00724503	0.0322108	0.107901	-0.00260843	0.234152	0.0712793	-0.0602673	0.107337	
0.751485	0.353331	-0.076443	-0.0294959	0.141286	0.0293606	0.164274	0.0868175	0.00724503	0.243806	0.0214871	0.111304	-0.0639224	0.00724503	0.048755	0.115004	-0.00260843	0.234152	0.0631012	-0.0602673	0.0874969	0.0293189	
0.751485	0.450841	-0.0529874	-0.0294959	0.16883	0.0293606	0.204302	0.0377514	0.274636	0.0355157	0	0.111304	-0.0639224	0.00724503	0.048755	0.139403	-0.0163446	0.209405	-0.0159553	-0.0602673	0.0379083	0.0346975	
0.622138	0.450841	-0.0792678	-0.0279991	0.171435	0.0267558	0.105962	0.083665	0.292964	0.0222141	0.114649	-0.0618882	0.00575678	0.0556958	0.155386	-0.00813609	0.226546	0.0638939	-0.0615591	0.00492646	0.0401782	0	0	0	
0.617905	0.450841	-0.0884335	-0.0312785	0.247523	0.0267558	0.0793232	0.0660985	0.272317	0.0222141	-0.0651676	0.111369	0.00903623	0.0556958	0.155386	-0.00719055	0.21636	-0.0324863	-0.0616201	0.129351	0.0189993	
0.610845	0.450841	-0.0985318	-0.0312785	0.185439	0.0267558	0.0403156	0.0222141	0.317258	-0.0642047	0.121098	0.164711	0.00903623	-0.0648038	-0.0126984	0.0963818	0.21636	0.0212465	0.00903623	0.0556958	0.0335513	
0.472208	-0.108797	-0.0313805	0.186829	0.0267558	0.0334375	0.0222141	0.254143	-0.0643068	-0.0128005	0.0124579	0.189316	0.00913825	-0.055524	0.896344	0.114318	0.227016	0.00840329	0.133444	0.0556958	
0.522308	-0.0977853	-0.0060086	0.164662	0.0267558	0.10582	0.0166358	0.349312	-0.0656834	-0.0128005	0.053965	0.0556958	0.189316	0.00913825	-0.055524	0.896344	0.115695	0.262845	0.0835933	0.133444	-0.0128034	
0.372186	-0.0780263	-0.0276635	0.184371	0.0204708	0.13304	0.0146834	0.365427	-0.0656834	-0.0171212	0.0544649	0.0556958	0.126604	0.00913825	-0.055524	1.1857	0.134001	0.262845	-0.00364993	0.127049	0.0707941	
0.37542	-0.0870835	-0.00151443	0.185144	0.0237046	0.122513	0.0179173	0.352624	-0.0630806	-0.0192571	0.0457608	0.0613076	0.160458	0.0123721	-0.055524	1.0221	0.144153	0.262362	0.0413444	0.127049	
0.318497	-0.0936243	-0.0129305	0.188909	0.023638	0.0711578	0.0179173	0.308486	-0.0687621	-0.0241433	0.0457608	0.0613076	0.160458	0.0123721	-0.0585285	0.783437	0.150724	0.262362	0.0386186	0.13999	
0.300147	-0.090174	-0.0271139	0.188909	0.023638	0.192729	0.0210821	0.308486	-0.0687621	-0.0114819	0.0365173	0.0577311	0.163123	0.0123721	-0.0618442	0.535388	0.115341	0.216654	0.0580076	0.113091	0.0400578	
0.315082	-0.0984771	-0.00748556	0.214655	0.0202184	0.192793	0.0210821	0.322905	-0.0762207	-0.0178958	0.00151105	0.0577311	0.133843	0.0123721	-0.058232	0.961959	0.118807	0.208307	0.0482876	0.113091	0.0273324	
0.272081	-0.0875018	-0.0237239	0.18891	0.0202184	0.240418	0.0210821	0.254863	-0.0792519	-0.0178958	0.038627	0.0214108	0.15612	0.0123721	-0.0618403	0.658978	0.110107	0.208307	0.128185	0.0999247	0.0102117	-0.0274923	
0.243558	-0.0502304	-0.0247586	0.18891	0.0203722	0.0133067	0.0212358	0.259879	-0.076435	-0.0153784	0.0337924	0.0288746	0.156274	0.0125258	-0.0659035	0.393614	0.0656363	0.183462	0.139116	0.11906	0.0185712	
0.243558	-0.0865433	-0.0247586	0.173815	0.0203722	-0.0155991	0.0163713	0.273066	-0.0656209	-0.0153784	0.0122803	0.0288746	0.0993118	0.0125258	-0.0642655	0.438671	0.0664873	0.247538	0.179763	0.106885	
0.255762	-0.0961784	-0.0172354	0.173815	0.0203722	0.134819	0.01616	0.154606	0.195045	-0.0656209	-0.00493751	0.0266495	0.0288746	0.0125258	-0.0642655	0.346358	0.0899574	0.232727	0.106885	
0.198277	-0.0916518	-0.0281954	0.163881	0.0203722	0.126283	0.01616	0.136601	0.160336	-0.0633213	-0.00493751	0.0178963	0.0251416	0.0125258	-0.067164	0.398681	0.0260968	0.232727	0	0.100896	
0.122222	-0.0826026	-0.015346	0.163881	0.0212545	0.0160819	0.0167992	0.157701	0.160336	-0.0766496	-0.000456746	0.0189477	0.0260239	0.0134081	-0.0613951	0.54276	0.0549651	0.221716	0.111636	
0.122183	-0.0739729	-0.015346	0.146825	0.0212545	-0.0455111	0.0167992	0.125907	0.205761	-0.0782881	-0.00879657	0.0166189	0.0260239	0.0134081	-0.0621667	0.857426	0.0858311	0.221716	0.117301	
0.117621	-0.0725297	-0.0143756	0.144821	0.0212545	0.024982	0.0186075	0.120363	0.246336	-0.0594618	-0.0291385	0.0486871	0.0260239	0.0134081	-0.0592623	0.842311	0.0638366	0.238568	0.117301	
0.117621	-0.062203	-0.012089	0.148051	0.0180239	0.0459883	0.023591	0.112072	0.246336	-0.0762955	-0.0280159	0.0241813	0.0351614	0.0134081	-0.0572992	0.74023	0.0585	0.211536	0.104282	
0.0760562	-0.0752925	-0.00510803	0.148051	0.0180239	0.161504	0.0259376	0.121284	0.251367	-0.0752074	-0.030737	0.0267425	0.0512463	0.0122922	-0.0599932	0.80349	0.0778883	0.246757	0.0952686	
0.0945993	-0.0940953	-0.00510803	0.139623	0.0180239	0.123578	0.0259376	0.117569	0.277565	-0.0752074	-0.0348508	0.0149194	0.0292766	0.0122922	-0.0591874	0.515087	0.0518113	0.246757	0.0952686	0	
0.0909974	-0.0919404	-0.0243796	0.165555	0.017641	0.0585129	0.0259382	0.125921	0.300516	-0.0744239	-0.0189297	0.0149194	0.0292772	0.0122927	-0.0606299	0.405697	0.0984929	0.246757	0.081899	5.38617e-07	0	0	
0.1463	-0.0994307	0.00754395	0.105009	0.023592	0.170097	0.0259382	0.125921	0.35548	-0.0746555	-0.0193381	-0.00110412	0.0292772	0.0127012	-0.0422088	0.491112	0.0910474	0.246349	0.10545	0.0363	0.0717634	-0.0402192	
0.160279	-0.0880248	0.00427669	0.105009	0.023592	0.182877	0.0259382	0.120963	0.432812	-0.0746225	-0.0280891	0.041429	0.0292772	0.0127012	-0.06178	0.430409	0.145674	0.162307	0.10545	0.05381	
0.179083	-0.081828	-0.00659386	0.112319	0.023592	0.280259	0.0220374	0.14774	0.432812	-0.0746225	-0.0219571	0.0412325	0.0292772	0.0127012	-0.0629079	0.772308	0.151222	0.227042	0.105651	0.00499416	
0.0732795	-0.0974972	-0.0106684	0.14392	0.023592	0.242318	0.0220374	0.124949	0.432812	-0.066032	-0.0235438	0.00294364	0.022427	0.0127012	-0.0628213	0.500169	0.139211	0.232885	0.141434	
0.0792123	-0.0843371	-0.0106684	0.125347	0.021431	0.390579	0.0174598	0.124161	0.449789	-0.0627586	-0.0235442	0.0125561	0.0152457	0.0127012	-0.0622858	0.59081	0.108885	0.232885	0.119699	0.016241	-0.0427611	0.0502768	
0.104702	-0.097516	-0.0149887	0.101088	0.023914	0.484493	0.0270634	0.158199	0.401457	-0.0627586	-0.0184344	0.0313906	0.0239334	0.0127012	-0.0622858	0.560169	0.0907722	0.232885	0.0920514	0	
0.108599	-0.0963715	-0.0119879	0.0898414	0.0246921	0.497588	0.0270634	0.144222	0.469012	-0.0656477	-0.0184344	0.0347311	0.024959	0.0127012	-0.0660776	0.411545	0.183914	0.223975	0.0920514	0.0740825	
0.114668	-0.0957944	-0.0119879	0.101446	0.0250043	0.503231	0.0270634	0.149167	0.396802	-0.0656477	-0.0192341	0.0347311	0.024959	0.0127012	-0.0660776	0.431683	0.19874	0.238565	0.0911544	0.118764	0	0	
0.0997465	-0.0939656	-0.0119879	0.162118	0.0223891	0.748995	0.0270634	0.130798	0.396802	-0.0702454	-0.0192341	0.0383848	0.024959	0.0127012	-0.0660776	0.669501	0.200303	0.238565	0.111408	0.0194249	0.00501368	0	
0.134186	-0.0985486	-0.0180404	0.152537	0.0248994	0.531174	0.0270634	0.127917	0.461104	-0.071082	-0.0192341	0.0365751	0.02283	0.0127012	-0.0646297	0.766362	0.13747	0.243505	0.111408	0	0	0	
0.13261	-0.106481	-0.0180404	0.163867	0.0263312	0.309774	0.0270951	0.129349	0.364932	-0.071082	-0.0192341	0.0489253	0.0361295	0.014133	-0.0691532	0.69628	0.167982	0.195799	0.139029	0	
0.128051	-0.0895618	-0.0114493	0.176866	0.0263312	0.255064	0.0248548	0.129349	0.380811	-0.071082	-0.0230313	0.0489253	0.0361295	0.014133	-0.0691532	0.592367	0.157496	0.195799	0.114107	
0.153578	-0.0730988	-0.0114493	0.154661	0.0218232	0.0750027	0.0405671	0.129349	0.411705	-0.071082	-0.0230313	0.0361295	0.014133	-0.0560113	0.455303	0.0909877	0.209111	0.09359	
0.159304	-0.079647	-0.0121907	0.114763	0.0240354	0.0558113	0.0258784	0.106046	0.408628	-0.0751514	-0.0195716	0.0383417	0.0163452	-0.0622783	0.500155	0.119069	0.209111	0.138009	
0.154318	-0.0927617	-0.00702771	0.174539	0.0223801	0.193224	0.0258784	0.074456	0.338881	-0.0684961	-0.0204045	0.0331494	0.0160514	-0.0619845	0.634714	0.108769	0.220879	0.0781314	-0.021446	
0.137382	-0.0741685	-0.0111073	0.176172	0.0207348	0.145585	0.0353916	0.0741869	0.36757	-0.0724669	-0.00254833	0.0315041	0.0139458	-0.0695356	0.519531	0.0903205	0.221339	0.0785917	0.0408525	
0.140143	-0.00675512	-0.0110903	0.186012	0.0207348	0.108321	0.0299585	0.0741869	0.36757	-0.0706879	-0.00356537	0.0475315	0.0139458	-0.0559934	0.597153	0.0885414	0.253613	0.123387	0.0283726	
0.166959	-0.0690542	-0.0110903	0.141973	0.0207348	0.100487	0.0299585	0.0741869	0.314157	-0.0633876	-0.00356537	0.0461831	0.0139458	-0.0695289	0.471418	0.0572787	0.219118	0.110208	0	0.108669	
0.14984	-0.0673293	-0.0222688	0.260866	0.0190099	0.120211	0.0299585	0.137989	0.260741	-0.0699108	-0.00356537	0.0396508	0.0139458	-0.0678267	0.530236	0.0471061	0.219118	0.0554337	0.00641513	0	
0.14984	-0.0688729	-0.0121565	0.255395	0.0244812	0.0666582	0.0336193	0.140061	0.275183	-0.0822557	0.000436095	0.0497372	0.0139458	-0.0678267	0.386788	0.0667953	0.219118	0.118561	0	
0.125738	-0.0963487	-0.0149314	0.214605	0.0244779	0.01508	0.0336159	0.123795	0.215573	-0.0659849	0.00692608	0.0497339	0.0139425	-0.0652375	0.40254	0.0915171	0.193104	0.094494	0.0188002	0.0105354	
0.124849	-0.0973765	-0.0136327	0.214692	0.0244779	-0.0408103	0.0336159	0.123795	0.189179	-0.0737516	-0.00408937	0.0463993	0.0139425	-0.0670889	0.47803	0.125743	0.227385	0.0973078	0.0188002	
0.124849	-0.093646	-0.023174	0.169115	0.0267188	0.0415571	0.0275533	0.195052	0.189179	-0.0728692	-0.00408937	0.0463993	0.0139425	-0.0630408	0.637356	0.16478	0.227385	0.162552	0.0266436	
0.18257	-0.0851836	-0.0337264	0.169115	0.0267188	0.0125025	0.0296874	0.195052	0.174795	-0.0641181	-0.00408937	0.0435789	0.0139425	-0.0585928	0.514779	0.139738	0.227385	0.162552	0.0260714	
0.198428	-0.0791913	-0.0183935	0.125663	0.0267188	-0.00013278	0.0311921	0.195052	0.175599	-0.0718602	-0.0085334	0.0435789	0.013139	-0.0603695	0.624254	0.116645	0.242767	0.163355	0.0315011	0	
0.213468	-0.0835133	-0.00880379	0.171174	0.022576	0.0119979	0.0311921	0.233506	0.175599	-0.0722694	-0.0138246	0.049404	0.013139	-0.0622006	0.624254	0.133071	0.200583	0.163355	0.0502824	
0.20725	-0.08453	-0.00801668	0.166178	0.0275719	0.0477061	0.0257615	0.202169	0.163862	-0.0654808	-0.0264464	0.0457242	0.0123519	-0.0655333	0.71938	0.12707	0.261958	0.195356	0.0338067	
0.20725	-0.100848	-0.00801668	0.132214	0.0275719	0.133125	0.0257615	0.183221	0.193086	-0.0661919	-0.00207901	0.0365845	0.0123519	-0.0655333	0.566437	0.105294	0.234887	0.127398	0.0641392	
0.208831	-0.0851326	-0.00500095	0.139325	0.028321	0.0551543	0.02871	0.266285	0.222717	-0.0686646	0.00137572	0.0381658	0.0104785	-0.0516866	0.591137	0.0692168	0.238342	0.132733	0.067594	
0.208831	-0.0869251	-0.00393694	0.130101	0.0343559	0.099947	0.02871	0.205098	0.170803	-0.0753157	0.00137572	0.0381658	0.0104785	-0.0556322	0.573492	0.0909558	0.224526	0.124929	0.0629177	
0.208831	-0.077931	0.00439812	0.139539	0.0249182	-0.0364058	0.0299583	0.148842	0.139789	-0.0619085	0.00137572	0.0187876	0.0104785	-0.0556322	0.812118	0.0337863	0.225141	0.13204	0.0579321	
0.208831	-0.0583786	0.00634816	0.114269	0.0249182	-0.0288531	0.0299583	0.148842	0.148703	-0.0599585	0.00688518	0.0371999	0.00852846	-0.0532395	0.841147	0.0388178	0.227091	0.120554	0.0598821	0	0	
0.208831	-0.0760697	0.00683203	0.166925	0.0249182	-0.0767982	0.0299583	0.193019	0.150921	-0.0512258	0.00718086	0.0371999	0.00631017	-0.0540825	0.574077	0.0296726	0.209149	0.176225	0.0346141	0.0539815	
0.208831	-0.0571534	-0.00172304	0.219297	0.0199965	-0.0711223	0.0321619	0.193019	0.15323	-0.0657581	0.0128269	0.0589164	0.00631017	-0.0481964	0.553213	0.113578	0.214443	0.142817	0.0294417	0	
0.201417	-0.0645443	0.0128485	0.148526	0.0199965	-0.0403741	0.0338673	0.212806	0.187735	-0.0602567	0.0155513	0.0589164	0.00496447	-0.0528767	0.445814	0.109423	0.232984	0.144669	0.030237	0	0	
0.175287	-0.0730837	0.0128485	0.209778	0.0163736	0.139699	0.0302445	0.157334	0.19059	-0.0664235	0.0155513	0.0552936	0.00134164	-0.0512328	0.592238	0.0591041	0.207634	0.144669	0.0221098	
0.200352	-0.0777252	-0.00701346	0.179247	0.0201035	0.0782855	0.0339744	0.120381	0.317832	-0.0561017	0.00760106	0.0590235	0.00507156	-0.0478484	0.720513	0.104135	0.227325	0.142153	0.0221098	0.061923	0.126732	0	
0.203394	-0.0888692	-0.00562195	0.171046	0.0201035	-0.0452869	0.0397639	0.159551	0.188447	-0.0553217	0.00760106	0.0590235	0.00507156	-0.0528474	0.722056	0.0645998	0.220358	0.142153	0.0221098	0	
0.195729	-0.0636824	-0.00292784	0.170967	0.0201035	-0.032348	0.0383157	0.157567	0.24068	-0.0660484	0.00459836	0.0627322	0.00507156	-0.0528474	0.535009	0.0863364	0.238592	0.142153	0.0221098	
0.195729	-0.0877067	0.00305041	0.165169	0.0201256	0.0421119	0.0383157	0.146807	0.312566	-0.0573157	0.00459836	0.0627322	0.00507156	-0.0486315	0.796867	0.057532	0.238592	0.147759	0.0150407	0.0054958	
0.15325	-0.0869517	0.00305041	0.165169	0.0181664	0.001942	0.0363566	0.152714	0.295379	-0.061091	-0.00725029	0.0607731	0.0031124	-0.0486315	0.578866	0.0613074	0.23233	0.14738	0.0150407	
0.100001	-0.0922218	-0.00775376	0.179071	0.0181664	0.0240399	0.0363566	0.152714	0.270849	-0.0561831	-0.00725029	0.0607731	0.0031124	-0.0486315	0.418058	0.0544173	0.218177	0.142633	0.0574673	
0.107964	-0.0859075	-0.00763335	0.177932	0.019384	-0.0351562	0.0305147	0.142067	0.254911	-0.0492607	-0.00725029	0.0685762	0.00349001	-0.03493	0.683702	0.0682313	0.245857	0.116987	0.0530404	-0.0292264	
0.123975	-0.0963058	-0.00156003	0.0892839	0.019384	-0.0572339	0.0305147	0.153834	0.254911	-0.0492607	-0.00244408	0.0492348	0.00349001	-0.0323567	0.613618	0.0286476	0.245857	0.163863	0.0540901	0	0.0117253	
0.129476	-0.0890585	-0.0118186	0.144435	0.019384	-0.0140168	0.0305147	0.207404	0.254911	-0.0547433	-0.00627472	0.0492348	0.00349001	-0.0462118	0.527358	0.0609305	0.245857	0.125787	0.0500653	-0.0124932	0.0665406	
0.129476	-0.0863559	-0.0118186	0.117011	0.019384	0.106896	0.0200219	0.198738	0.303669	-0.0547433	0.000472944	0.0492348	0.00349001	-0.0522603	0.605803	0.0296534	0.245857	0.144359	0.0550244	
0.105813	-0.0833509	-0.0118186	0.171469	0.0204209	0.323077	0.0365705	0.202691	0.266271	-0.0645741	-0.00848691	0.0531876	0.00744288	-0.0533576	0.628368	0.0406268	0.245857	0.144359	0.0468632	
0.125504	-0.081094	-0.00712103	0.189312	0.0204209	0.341537	0.0313185	0.178523	0.22656	-0.0684717	-0.00961034	0.0537682	0.00744288	-0.0516138	0.624818	0.0445244	0.23805	0.174035	0.0509989	0.0112639	0	
0.111594	-0.0722298	-0.00712103	0.0877316	0.0204209	0.125062	0.0331855	0.178523	0.246136	-0.0679404	-0.00961034	0.044362	0.00744288	-0.0516138	0.638286	0.100161	0.247041	0.174035	0.044456	
0.123562	-0.0751481	-0.00712103	0.124606	0.0204209	0.144501	0.0331855	0.224483	0.230461	-0.0640859	-0.00961034	0.044362	0.00744288	-0.0523092	0.539346	0.0647123	0.254062	0.146514	0.0792935	0	0.0286198	
0.135696	-0.0741904	-0.00783564	0.124606	0.0204209	0.188572	0.0331855	0.133117	0.24187	-0.0508181	-0.0113053	0.044362	0.00719887	-0.0520652	0.53959	0.0482421	0.254306	0.157255	0.0640563	0.00401536	
0.134985	-0.0747663	-0.0160092	0.105536	0.01971	0.331458	0.0324746	0.128471	0.239027	-0.0508181	-0.021196	0.0436512	0.006488	-0.0520652	0.48131	0.0514059	0.254306	0.157255	0.0393517	
0.11285	-0.0666523	-0.0146854	0.119177	0.01971	0.582387	0.032784	0.166155	0.201247	-0.0412126	-0.00512876	0.0304773	0.006488	-0.0627522	0.430938	0.0832779	0.263455	0.142132	0.0754101	0	
0.104068	-0.0931392	-0.00513124	0.128941	0.01971	0.685216	0.032784	0.149905	0.19482	-0.0417164	-0.000809309	0.0304773	0.006488	-0.0579673	0.449609	0.117568	0.263455	0.142132	0.0300877	0.00726909	0.017194	
0.128272	-0.0773561	-0.00351503	0.146268	0.0245423	0.509949	0.0381265	0.157684	0.168157	-0.0456681	0.00197627	0.0325799	0.00901124	-0.0538188	0.583015	0.0739717	0.236719	0.148565	0.0236284	
0.121424	-0.0717626	-0.00210444	0.143461	0.0269577	0.616574	0.0332667	0.140728	0.148556	-0.0465992	0.00197627	0.0234407	0.00901124	-0.0540499	0.469693	0.111135	0.222212	0.148565	0.0236284	-0.0401675	
0.0745185	-0.0580765	-0.00210444	0.143461	0.0269577	0.356878	0.0332667	0.140728	0.296045	-0.049662	0.00450983	0.032558	0.00901124	-0.048074	0.571846	0.158292	0.234178	0.14377	0.0271948	
0.0919241	-0.0613408	-0.00191641	0.138816	0.0279672	0.517768	0.026419	0.124196	0.279406	-0.0559774	0.00900413	0.0272585	0.00901124	-0.0422294	0.513195	0.164608	0.234178	0.14377	0.0308062	
0.0780903	-0.0539075	0.00126121	0.126427	0.0279672	0.776746	0.0338203	0.122102	0.279406	-0.0632168	0.00900413	0.0429201	0.00901124	-0.0354261	0.527255	0.174035	0.219865	0.144556	0.0301738	
0.195694	-0.0412406	0.00126121	0.187768	0.0279672	0.13998	0.0278267	0.235749	0.206399	-0.066303	0.0206229	0.0429201	0.00901124	-0.0354261	0.531004	0.199222	0.230459	0.173715	0.0497891	0	0	
0.225662	-0.0717732	-0.0158588	0.160446	0.0266712	0.141667	0.0352581	0.182791	0.15268	-0.0654361	0.0318229	0.0429635	0.00664884	-0.0340611	0.555799	0.200718	0.232822	0.176078	0.0521515	
