-0.0247328	0.234714	0.168773	0.507679	-0.0136864	0.131546	0.223005	0.230668	0.210229	0.0250383	-0.0159202	0	0	0	0	0	0	0	0	0	0	0	0	0	0	0	0	0	0	0	0	0	0	0	0	0	0	0	0	0	0	0	0	0	0	0	0	0	0	0	0	0	0	0	0	0	0	0	0	0	0	0	0	0	0	0	0	0	0	0	0	0	0	0	0	0	0	0	0	0	0	0	
-0.0247328	0.234714	0.168773	0.524554	-0.0136864	0.131546	0.223005	0.230668	0.198917	0.0258925	-0.0159202	0.102248	-0.0267985	0.0527195	0.0250751	0.0385455	0	0	-0.0569159	0.00231651	-0.0124975	0	-0.0377484	0	-0.0140812	0.0268663	0	-0.0719264	0.489646	0	-0.0305889	0.00853313	0	-0.0234903	0.116621	0.00186987	-0.0180363	0.0161702	-0.0402004	-0.0018329	0.0243234	-0.0321858	0.0542905	0.0123221	-0.00806164	0	0.00612853	0.0196842	-0.0130418	-0.00649849	0	
-0.0431653	0.222882	0.14106	0.49122	0.00474614	0.167681	0.223005	0.195764	-0.00255022	0.0227098	-0.0207073	0.0725686	0.0274761	0.0731101	-0.00728272	-0.0384834	-0.0121244	-0.0355915	0.0384462	0.0256007	-0.0656265	-0.0722582	0.0017426	0.0385455	0.020749	-0.0234903	0.00743601	0.0241378	0.0373287	0.0184325	0.470929	0.078604	0.198917	-0.0365496	0	0.0319973	
-0.0431653	0.155218	0.14106	0.551486	0.00474614	0.167681	0.223005	0.0184325	-0.0282977	0.0227098	-0.012348	0.324048	0.0361201	-0.00776778	0.115045	0.0312067	-0.0384834	0.00331077	-0.0363327	0.0443307	0.0651254	0.073718	-0.00210465	-0.0689887	0.0210353	0.020749	-0.041614	0.00743601	0.195602	-0.0128649	0.195764	-0.0209662	0.0852686	
-0.036475	0.143909	0.158127	0.551486	0.00474614	0.127702	0.223005	0.0184325	-0.0621106	0.0227098	-0.0223246	0.572593	0.112965	0.210369	-0.00776778	0.0273457	0.00866698	-0.0458467	-0.0420381	-0.0260419	-0.0627	0.045617	0.0718158	0.119193	0.0603225	-0.00210465	0	-0.0637125	0.112539	0.147654	0	-0.0352184	0.0989958	
-0.036475	0.160807	0.158127	0.551486	0.00474614	0.127702	0.223005	0.0184325	-0.0378785	0.0227098	-0.0384284	0.460215	0.137431	0.174153	-0.0204408	-0.00972769	0.0327181	0.0129762	-0.0514848	-0.00656878	-0.0709365	0.083727	0.0919923	0.0538265	-0.0458467	0.0376355	0.066951	-0.0637125	0.0554956	0.147968	-0.0352184	
-0.036475	0.170808	0.119423	0.499488	0.00474614	0.121068	0.224671	0.0184325	-0.022145	0.0227098	-0.0405642	0.412714	0.15285	0.174153	-0.0398945	-0.0226992	-0.036285	-0.0293771	0.0535356	-0.0827456	0.0338395	0.0914174	0.0455285	-0.0174537	0.0742754	-0.070574	0	0.0327181	0.0282846	0.156924	-0.0260746	
-0.0358617	0.170194	0.17987	0.499488	0.00413289	0.121068	0.208364	0.0178193	0.0318952	0.0295971	-0.0405642	0.59599	0.195423	-0.0232009	-0.0226992	-0.0480751	-0.0293771	-0.00670083	-0.0827456	0.0306923	0.107414	0.0892838	-0.018067	0.0742754	0.169484	-0.0567497	0.105254	0.0321049	0	0.156924	-0.0337715	
-0.0358617	0.16596	0.126966	0.53247	0.00413289	0.121068	0.220771	0.0178193	0.0556464	0.0241687	-0.0212713	0.59599	0.163831	-0.0470273	0.0851092	0.0607884	-0.00309053	-0.0725037	0.0306923	0.0921257	-0.0227959	0.074362	-0.00814878	0.0523632	0.19938	-0.0505211	0.234744	0.0357024	-0.00560208	
-0.0358617	0.146936	0.18212	0.429592	0.00413289	0.121068	0.226644	0.0178193	0.0782595	0.0241687	-0.0212713	0.674986	0	-0.0489407	0.0851092	0.0499698	0.0190915	0.0357024	0	-0.0778204	0.0306923	0.139712	-0.0216425	0.10416	0.00102968	0.0579746	0.19938	-0.0567319	0.274383	
-0.0358617	0.146936	0.200527	0.429592	0.00413289	0.133121	0.201216	0.0178193	-0.0455068	0.0289965	-0.029999	0.725025	0.0261295	-0.0872412	-0.0540038	0.0591603	0.0512321	0.0150901	-0.00413289	0.00174944	0.0741461	0.141931	0.0243157	0.0858026	0.00102968	0.0540809	0.173204	-0.059033	0.327932	
-0.0358617	0.146936	0.283132	0.379958	0.00413289	0.133121	0.201216	0.0178193	-0.0118986	0.0289965	-0.0192795	0.832932	0.026771	-0.0872461	-0.051206	0.0591603	0.0530458	0.0602144	0.0512321	0.149265	0.254624	-0.0628032	-0.0213284	-0.00585476	0.0540809	0.143215	
-0.0358617	0.15345	0.15302	0.335092	0.00413289	0.146063	0.21084	0.0178193	0.00214223	0.0289965	-0.0259303	0.786353	0.026771	-0.0498733	-0.0239792	0.0636267	0.0205956	0.0699402	0.0831174	0.149265	0.118587	-0.0678297	0.058256	-0.00585476	0.0274743	0.14054	
-0.0361522	0.165432	0.232827	0.335092	0.00442341	0.141756	0.209343	0.0181098	0.0279925	0.0308574	-0.0320125	0.598176	0.0164069	-0.051968	-0.02174	0.0477783	0.0301064	0.0699402	0.0831174	0.149265	0.243176	-0.0660794	0.0599097	-0.0189405	0.0350995	0.14054	
-0.0361522	0.165432	0.232827	0.342728	0.00442341	0.141756	0.217345	0.0168628	0.221108	0.0321044	-0.0230539	0.474852	0.0164069	-0.0148356	0.0241676	0.051443	0.0752458	0.0699402	0.17384	0.122197	0.308615	-0.0695516	0.0377108	0.00859206	0.10907	0.0363465	
-0.0361522	0.165432	0.232827	0.388392	0.00442341	0.156303	0.233784	0.0168628	0.104783	0.0321044	-0.0230539	0.408206	0.0164069	-0.0270214	0.0437672	0.0507606	0.0305266	0.0630439	0.10401	0.166596	0.28726	-0.0707485	0.0290009	-0.0308745	0.0858644	0.0363465	
-0.034916	0.165432	0.244056	0.463642	0.00442341	0.202261	0.18777	0.0168628	0.279379	0.0288721	-0.0246473	0.519822	0.00482347	-0.0419791	-0.046612	0.0423805	0.0449758	0.0529546	0.102183	0.166596	0.105561	-0.0643633	0.0775179	-0.0308745	0.150284	0.0228094	
-0.0368075	0.167323	0.239033	0.3982	0.0113373	0.212802	0.18777	0.0187543	0.387449	0.0288721	-0.0171205	0.46743	-0.000634235	-0.0831587	-0.0576373	0.0615187	0.0717755	0.0561132	0.0217444	0.148203	0.0723548	-0.070104	-0.000330808	-0.0433782	0.204149	0.0388545	0.0164499	
-0.0368075	0.167323	0.166657	0.3982	0.0113373	0.16533	0.18777	0.0187543	0.692437	0.0337615	-0.0171205	0.307704	0.0154367	-0.0705067	-0.0778781	0.127484	0.0878749	0.122011	0.045081	0.15539	0.163572	-0.070104	0.0784351	-0.0347091	0.203734	0.0454508	
-0.0368075	0.105944	0.20949	0.3982	0.0116042	0.181889	0.18777	0.0187543	0.646868	0.0521851	-0.0171205	0.288827	0.00839041	-0.0334779	-0.078145	0.161098	0.038684	0.0809101	0.0621417	0.119927	0.163572	-0.059108	0.114141	-0.0259939	0.176233	0.0454508	0.0533752	
-0.0368075	0.153062	0.227161	0.381275	0.0129303	0.178415	0.18777	0.0187543	1.05756	0.0521851	-0.0247249	0.421927	0.00259721	-0.0800712	-0.0731825	0.161098	0.0577419	0.134555	0.120533	0.148745	0.163572	-0.0586813	0.070168	-0.031189	0.174907	0.0386255	0.0848703	
-0.0368075	0.158173	0.214184	0.407151	0.0148494	0.153004	0.225755	0.0187543	0.674242	0.0521851	-0.021595	0.548743	-0.00189006	-0.0509487	-0.0856197	0.180184	-0.00521758	0.128976	0.0940161	0.146826	0.163572	-0.0648199	0.0359776	-0.0491336	0.172988	0.0421848	0.000304391	0	0	
-0.0368075	0.16199	0.261705	0.363605	0.0114824	0.153722	0.225755	0.0187543	0.330646	0.0521851	-0.0334907	0.642746	-0.00582674	-0.01752	-0.0851977	0.20681	0.00965539	0.0792612	0.127557	0.120583	0.163572	-0.0519217	0.0288488	-0.050521	0.198679	0.0421848	-0.00163132	
-0.0368075	0.119851	0.261705	0.402664	0.0114824	0.137286	0.219429	0.0187543	0.553166	0.0495403	-0.0217829	0.369896	-0.0109342	-0.0294567	-0.0710373	0.20681	0.0216919	0.0294889	0.0606114	0.166688	0.125044	-0.0786092	0.0288488	-0.0224373	0.228931	0.0340823	-0.0389477	
-0.0310469	0.0930552	0.289704	0.303627	0.0114824	0.137286	0.228059	0.0187543	0.197194	0.0495403	-0.0217829	0.403005	-0.0109342	-0.0387164	0.117045	0.202247	0.0635379	0.0294889	0.115621	0.166688	0.138028	-0.0754813	0.0133103	-0.037248	0.228931	0.0340823	
-0.0332116	0.103505	0.287895	0.380159	0.0132914	0.135477	0.230282	0.0187543	0.304503	0.0495403	-0.0217829	0.334085	0.0188611	-0.052504	0.160952	0.171766	0.0162371	0.0257217	0.0784941	0.164879	0.138028	-0.0751797	0.0445511	-0.037248	0.227122	0.0340823	-0.00552717	0.0130121	
-0.0332116	0.127554	0.262046	0.386859	0.0132914	0.115522	0.230282	0.0187543	0.545496	0.0636231	-0.0148279	0.422471	0.00299367	-0.0621476	0.00270004	0.148153	0.0985499	0.0308216	0.0158911	0.181903	0.147612	-0.0751797	-0.00496715	-0.021823	0.227901	0.034189	-0.00119466	-0.0455276	-0.139186	-0.058631	
-0.0332116	0.0877514	0.290434	0.386859	0.0132914	0.122382	0.230282	0.0187543	0.968188	0.0700971	-0.0148279	0.341936	0.00299367	-0.0762963	-0.0188	0.14679	0.0884621	0.114419	0.0860161	0.174806	0.151446	-0.0715653	-0.00496715	-0.0206595	0.245909	0.0290325	0	-0.0414875	
-0.0312041	0.0877514	0.220978	0.415567	0.0151807	0.134993	0.230282	0.0187543	2.05757	0.0700971	-0.0148279	0.391928	0.00253202	-0.0849522	0.00442446	0.230264	0.0865728	0.11253	0.138266	0.122328	0.139277	-0.0675417	0.0154259	-0.0253152	0.254516	0.0187617	
-0.0312041	0.0877514	0.259205	0.367647	0.0151807	0.134993	0.230282	0.0187543	2.32691	0.06779	-0.0148279	0.559383	0.00253202	-0.0983345	-0.00409328	0.229989	0.166831	0.108321	0.0851044	0.123054	0.17615	-0.0686359	-0.00534928	-0.033439	0.232457	0.0187617	
-0.02279	0.0877514	0.199742	0.269535	0.0151807	0.139689	0.244489	0.0187543	1.70062	0.06779	-0.0148279	0.634031	0.00303423	-0.0877887	0.0282213	0.238403	0.111289	0.184466	0.118292	0.123054	0.180825	-0.0686359	0.0148914	-0.00922519	0.225087	0.0263836	
-0.02279	0.0878019	0.199742	0.325178	0.0151807	0.166967	0.244489	0.0187543	1.38242	0.06779	-0.0193334	0.468971	0.00648541	-0.0820301	-0.0222314	0.238403	0.108713	0.166919	0.251845	0.136276	0.160177	-0.0686359	-0.009515	-0.0225062	0.209226	0.0263836	0.0163735	
-0.0233609	0.113839	0.226228	0.341327	0.0157516	0.166967	0.244877	0.018937	1.65095	0.0681782	-0.0226327	0.387102	0.0435076	-0.0801489	0.0045341	0.253496	0.0300929	0.166919	0.127479	0.189683	0.160565	-0.0775308	0.0114791	-0.00334991	0.209226	0.0175838	0.0255557	
-0.0146438	0.123683	0.226228	0.341327	0.0164073	0.156871	0.244877	0.0195927	1.61569	0.0681782	-0.00550242	0.396585	0.0441633	-0.0902506	-0.0445753	0.262869	0.0374873	0.133889	0.127479	0.144671	0.160565	-0.0785439	0.00790885	-0.0264586	0.209226	0.0416113	
-0.012057	0.121096	0.259881	0.355205	0.0124414	0.173036	0.232209	0.0170059	1.14295	0.0681782	-0.0132874	0.707134	0.0587583	-0.0564727	0.136785	0.263009	0.113695	0.238819	0.182237	0.14605	0.160565	-0.0667032	0.0254291	0.0148298	0.210606	0.0416113	0.0013791	
-0.012057	0.121096	0.191233	0.355205	0.0124414	0.176817	0.251736	0.0170059	1.27557	0.084428	-0.0164325	0.382081	0.0587583	-0.0786288	0.283722	0.280277	0.251375	0.251092	0.0773127	0.14605	0.163488	-0.0637327	-0.0464744	0.0148298	0.210606	0.0559233	
-0.0244718	0.121096	0.161882	0.355205	0.00970908	0.178335	0.245816	0.0170059	0.813565	0.084428	-0.0164325	0.541355	0.0587583	-0.083847	0.37549	0.267862	0.228307	0.153165	0.165239	0.154443	0.133622	-0.0691519	-0.00096572	0.0115822	0.213338	0.0199855	
-0.0269666	0.165727	0.161882	0.355205	0.00970908	0.178335	0.245816	0.0170059	0.944241	0.084428	-0.0141281	0.50865	0.0587583	-0.0868312	0.205792	0.265368	0.228307	0.153165	0.0952178	0.154443	0.133622	-0.0715107	0.0555571	-0.0207896	0.213338	0.0351503	
-0.0243789	0.163139	0.16703	0.355928	0.00712141	0.162781	0.267365	0.0144182	0.418712	0.084428	-0.0141281	0.30352	0.0479441	-0.0515352	0.156051	0.263802	0.142963	0.133311	0.357726	0.165909	0.133622	-0.0829882	0.0253612	-0.0452342	0.197594	0.0305037	
-0.00914559	0.163139	0.11911	0.403657	0.00712141	0.162781	0.220749	0.0144182	0.216179	0.0855667	-0.0212595	0.324301	0.0479441	-0.046954	0.156051	0.279035	0.177995	0.09039	0.310456	0.167311	0.147128	-0.0704971	0.0187177	-0.0427812	0.197594	0.0305037	0.0215546	0	0	
-0.00596975	0.185243	0.127165	0.403657	0.00575752	0.164145	0.220749	0.0144182	0.290562	0.0855667	-0.0250191	0.54276	0.0506936	-0.0462198	0.187678	0.282211	0.147255	0.124401	0.16384	0.168675	0.147128	-0.0664211	0.0244638	-0.0142311	0.198958	0.00808296	0.026081	0.0400846	0.0279737	-0.0139472	0	
-0.00596975	0.185243	0.16773	0.403657	0.00575752	0.164145	0.220749	0.0144182	0.870172	0.0855667	-0.0184582	0.448011	0.035892	-0.0472519	0.149322	0.282211	0.123649	0.0773027	0.16384	0.176118	0.13566	-0.0664211	0.0244638	-0.00968849	0.165495	0.0375351	0.0587638	
-0.00596975	0.185243	0.149987	0.347407	0.00575752	0.164145	0.213456	0.0144182	0.77217	0.0868175	-0.0184582	0.504344	0.0231872	-0.0599004	0.287978	0.282211	0.174941	0.104108	0.233966	0.176118	0.13566	-0.0664211	-0.00718279	0.165495	0.0287898	-0.00416448	
-0.0117062	0.185243	0.14237	0.347407	0.00575752	0.164145	0.213456	0.0144182	1.11147	0.0868175	0.641305	0.0177811	-0.0802218	0.152289	0.276475	0.279563	0.104108	-0.0142066	0.177141	0.117934	-0.0704633	-0.0427846	0.209991	0.0402047	
-0.0117062	0.155105	0.208509	0.347407	0.00674878	0.163154	0.213456	0.0144182	1.25663	0.0868175	0.203724	0.524675	0.00414348	-0.0862151	0.334481	0.205496	0.278571	0.0291084	-0.0184679	0.208693	0.0997153	-0.0727289	0.0178114	0.0645381	-0.0419214	
-0.0117062	0.149385	0.207636	0.347407	0.0111897	0.166974	0.213456	0.0144182	0.598785	0.0868175	0.204767	0.643549	0.00168333	-0.0719224	0.219791	0.226896	0.283495	0.164166	-0.0184679	0.171096	0.0997153	-0.0719445	0.031363	0.0115588	-0.0337043	
-0.00845494	0.137854	0.145334	0.322539	0.0111897	0.166974	0.213456	0.0144182	0.775081	0.0868175	0.238228	0.468547	-0.00204401	-0.0554622	0.219791	0.230148	0.322855	0.114077	-0.0297061	0.172172	0.0863995	-0.0700414	0.0180864	-0.0337043	0	0	
-0.0118355	0.137854	0.21076	0.380743	0.0111897	0.140211	0.213456	0.0144182	0.40967	0.0868175	0.243989	0.739254	-0.00812785	-0.0437215	0.106094	0.191069	0.217179	0.127431	-0.0271514	0.172172	0.0767391	-0.0700414	0.0659914	0.0180864	0.0253194	
-0.0136045	0.124838	0.141265	0.380743	0.0146159	0.193364	0.220505	0.0161872	0.285737	0.0868175	0.216422	0.887777	-0.00635884	-0.032593	0.0343205	0.209144	0.154063	0.125774	-0.0261801	0.15365	0.0767391	-0.0557894	0.0322865	-0.0327177	0.0187334	
-0.0136045	0.151552	0.194547	0.285777	0.0124382	0.195541	0.22681	0.0161872	0.239155	0.0875648	0.222259	0.824018	0.0385928	-0.0524586	0.110876	0.25827	0.172437	0.127952	-0.0155348	0.177261	0.0841842	-0.0781288	0.0288302	0.0124626	-0.038916	0.0117201	
-0.0136045	0.151552	0.218945	0.321614	0.0108168	0.197163	0.22681	0.0161872	0.312691	0.0875648	0.223881	0.591844	0.0385928	-0.0439878	0.106706	0.228161	0.200963	0.130912	-0.018376	0.137752	0.0526542	-0.0741722	0.116296	0	0.016592	0.00424885	
-0.0136045	0.151552	0.158927	0.357069	0.0108168	0.197163	0.228326	0.0161872	0.830505	0.0875648	0.223881	0.679056	0.0302836	-0.0400049	0.0280523	0.250577	0.134495	0.143597	-0.0184473	0.208619	0.0970447	-0.0741722	0.0886637	0.0228468	-0.0438678	0	
-0.0136045	0.137973	0.259855	0.415053	0.0108168	0.197163	0.224448	0.0161872	0.46461	0.100467	0.679056	0.0346437	-0.0623354	0.0764404	0.250577	0.102683	0.143597	-0.018966	0.126375	0.074639	-0.0772306	0.0988091	0	0.223881	0.0228468	
-0.00765176	0.137973	0.244054	0.329121	0.0109728	0.197007	0.224448	0.0161872	0.279122	0.100467	0.752596	0.0346437	-0.0826464	0.0550578	0.261452	0.0800612	0.236752	-0.018966	0.107747	0.074639	-0.0641387	0.0984824	0.0111404	0.232747	
-0.00898451	0.152932	0.184773	0.329121	0.0123056	0.20831	0.210552	0.01752	0.10716	0.0870222	1.19531	0.0359765	-0.0715706	0.18993	0.258339	0.179684	-0.0158397	0.100905	0.0566275	-0.0531584	0.10647	0.0111404	0.042481	0.217812	0	
-0.00898451	0.167503	0.188497	0.322713	0.0123056	0.20831	0.213356	0.01752	0.156966	0.0870222	1.23052	0.010651	-0.0273659	0.200406	0.191774	0.171021	-0.00435717	0.191495	0.0758867	-0.0483507	0.099586	0.0301447	0.0479785	0.224531	0	0	
-0.0117201	0.161215	0.196223	0.322713	0.0123056	0.20831	0.213356	0.01752	0.40612	0.0870222	0.765601	0.010651	-0.0300316	0.330626	0.189038	0.150933	-0.00435717	0.138293	0.0651731	-0.0718632	0.187453	0.011288	-0.0110952	0.224531	
0.00599167	0.161368	0.222465	0.319195	0.0124584	0.20831	0.213356	0.0176728	0.209451	0.0870222	0.516674	0.00385529	-0.0797289	0.274715	0.206903	0.110046	-0.00653049	0.138293	0.061534	-0.0574562	0.162041	0.0245755	-0.0135081	0.216478	-0.0345592	0.0261563	-0.0333047	
0.00599167	0.188887	0.169917	0.352634	0.0124584	0.20831	0.213356	0.0176728	0.194567	0.0978924	0.431232	0.00385529	-0.0985776	0.0922963	0.199524	0.19366	-0.0264101	0.185294	0.061534	-0.0735097	0.243843	0.0245755	0.0504165	0.227516	0.0115754	-0.0241641	
0.00986482	0.186377	0.18219	0.295756	0.00994848	0.203109	0.218318	0.0102009	0.212273	0.102854	0.232704	0.00134538	-0.0879625	0.102034	0.200888	0.19366	-0.00110575	0.133199	0.071636	-0.0598465	0.220475	0.0253589	-0.00833945	0.227516	0	-0.0369429	0	
0.00590856	0.201707	0.227158	0.325452	0.0102998	0.211994	0.218318	0.0102009	0.0395488	0.0987989	0.145362	0.00134538	-0.05345	0.0149181	0.219991	0.193309	0.00867219	0.200302	0.0650586	-0.0703277	0.153551	0.0128379	-0.0293402	0.225202	
0.00262659	0.156008	0.166022	0.329625	0.0102998	0.2245	0.226513	0.0102009	0.0855603	0.0987989	0.492609	-0.0190299	-0.0574361	0.0727782	0.213823	0.162375	-0.0154331	0.11765	0.0656015	-0.0683168	0.111261	0.0359362	0.00181133	0.225202	0	0	-0.034701	
-0.000451296	0.158096	0.194451	0.288854	0.0123885	0.250033	0.22626	0.00964821	0.0652216	0.0924938	0.617541	-0.0169412	-0.0781177	0.074041	0.221623	0.1308	-0.00520162	0.145868	0.0495464	-0.0629471	0.136022	0.0385777	0.0209696	0.203448	-0.026872	
-0.00184779	0.209832	0.194451	0.288854	0.013785	0.250033	0.22626	0.0110447	0.18299	0.0738652	0.309956	-0.00840186	-0.0344451	0.0354668	0.221623	0.0479564	-0.00520162	0.145868	0.0543285	-0.0491749	0.136022	0.0196363	-0.0083819	0.220926	-0.0340038	
0.000397661	0.211463	0.203928	0.335812	0.013785	0.209316	0.22626	0.0110447	0.0733063	0.0997917	0.409211	-0.00840186	-0.0384919	-0.0480684	0.211366	0.138777	-0.00520162	0.145868	0.0438221	0.0627728	0.0196363	-0.0083819	0.152218	-0.00495705	
0.00227948	0.201601	0.224105	0.299069	0.0120359	0.209183	0.210545	0.00916288	0.145579	0.0997917	0.493835	-0.00583784	-0.0929123	-0.0345652	0.206198	0.138644	-0.00813616	0.164138	0.0438221	0.115001	0.0196363	-0.0145242	0.133578	-0.0278923	
0.000468581	0.189077	0.19628	0.292841	0.0138468	0.181832	0.21097	0.0105493	0.166455	0.100216	0.51908	-0.0149617	-0.0906453	-0.0341407	0.206198	0.197993	0.0104917	0.0643483	0.0200608	0.0483059	0.0996765	0.0442466	0.161319	
0.000468581	0.185464	0.189054	0.374177	0.0138468	0.181832	0.21097	0.0105493	0.202442	0.103187	0.927802	-0.00120535	-0.0897116	-0.0341407	0.21944	0.0846494	-0.00149696	0.0694799	0.0173822	0.0446318	0.121098	0.0442466	0.248353	
0.000468581	0.186855	0.189054	0.311676	0.0138468	0.159033	0.21097	0.0105493	0.164064	0.103187	0.928946	-0.0108965	-0.0956663	-0.0359151	0.185047	0.162471	-0.0039179	0.0610596	0.029518	0.129193	0.110535	0.0773776	0.0307137	0.0588044	0.229359	0	
0.000468581	0.191172	0.189054	0.33044	0.0138468	0.171293	0.21097	0.0105493	0.123856	0.103187	0.850719	-0.0205078	-0.0859758	-0.0359151	0.205454	0.157433	-0.00135557	0.200206	0.0224009	0.131465	0.12535	-0.0343467	0.0557389	0.0631768	0.217851	0.00111763	
0.000468581	0.191172	0.189054	0.33044	0.0138468	0.171293	0.219708	0.0105493	0.456233	0.0992348	0.778602	-0.0182998	-0.0889965	-0.0359151	0.205454	0.122911	-0.00135557	0.260426	0.0560964	0.200248	0.14058	0.0916506	0.0389979	0.0631768	0.244395	
0.00495831	0.161589	0.166305	0.317485	0.0145585	0.171293	0.212436	0.0112611	0.293829	0.0992348	0.709415	-0.017588	-0.0911533	-0.0359151	0.210655	0.101211	-0.00405135	0.275043	0.026288	0.204554	0.14058	0.174245	0.0320296	0.0395304	0.0650392	0.186952	0	
0.004515	0.120977	0.166305	0.317485	0.0150018	0.171293	0.188884	0.0117044	0.115069	0.108521	0.717713	-0.0171447	-0.0941612	-0.0458322	0.210655	0.127485	-0.00405135	0.191196	0.0537923	0.213291	0.173692	0.152238	0.0650392	0.171829	
0.004515	0.145519	0.121439	0.317485	0.020124	0.166171	0.188884	0.0117044	-0.0416826	0.108521	0.759236	-0.0171447	-0.0886413	-0.0314718	0.164887	0.0369005	0.00022913	0.186073	0.0431978	0.149662	0.16857	0.180309	-0.0210067	0.0490747	0.200788	
0.0101497	0.14409	0.115631	0.350043	0.0127273	0.191436	0.231356	0.00870312	-0.0354939	0.109057	0.662416	-0.0198206	-0.0816476	-0.0355044	0.177089	0.098146	0.00180193	0.195936	0.0673692	0.0546893	0.174538	0.0457109	0.000991778	0.194884	0.203891	
0.00972244	0.146664	0.157458	0.333291	0.0127273	0.2262	0.231356	0.00870312	-0.00146723	0.0971259	0.952487	-0.0185369	-0.0480254	-0.0302192	0.176662	0.0295486	-0.00156551	0.239439	0.0673692	0.0987582	0.160746	0.0457109	0.194884	0.203891	
0.00972244	0.1445	0.226386	0.333291	0.0127273	0.233263	0.231356	0.00870312	-0.00360733	0.0971259	0.505151	-0.0192896	-0.0696775	-0.0263141	0.176662	0.0679137	-0.00156551	0.211206	0.0242788	0.0972368	0.225307	0.0457109	0.141941	0.251535	0.0522293	
0.00972244	0.146342	0.197368	0.333291	0.0105427	0.235447	0.231356	0.00870312	-0.0238951	0.103293	0.589611	-0.0192896	-0.0550195	-0.0338022	0.20124	0.0570357	-0.00156551	0.213391	0.0378031	0.0788467	0.222127	0.0756856	0.218968	0.120612	
0.00972244	0.146342	0.147223	0.333291	0.0105427	0.235447	0.2351	0.00870312	-0.0561201	0.105329	0.348476	-0.0219378	-0.0595114	-0.0427268	0.184397	0.176509	0.00200273	0.183445	0.0378031	0.0788467	0.222127	0.069537	0.236678	0.140066	
0.00813003	0.177188	0.181426	0.333291	0.0105427	0.206695	0.2351	0.00870312	0.0427235	0.098188	0.460257	-0.0199638	0.00824827	-0.0427268	0.182805	0.229971	0.00333882	0.141896	0.0378031	0.12326	0.222127	0.069537	0.16772	0.142521	-0.0198857	
0.0095669	0.167448	0.181426	0.292506	0.0105427	0.206695	0.2351	0.00870312	0.115321	0.098188	0.380833	-0.0199638	0.00845201	-0.0303552	0.184242	0.278709	0.000628523	0.141896	0.0471768	0.109891	0.259004	0.0765487	0.16772	0.185986	0.0396481	0.0619958	
0.0124234	0.164592	0.181426	0.39044	0.00768613	0.206695	0.237546	0.00340023	0.0647387	0.105904	0.218829	-0.0245404	-0.0453776	-0.055761	0.120396	0.314769	0.00307487	0.193203	0.0809999	0.153	0.260715	0.078995	0.239422	0.223239	0.0042859	0	0.156778	
0.0134809	0.164592	0.177994	0.401088	0.00768613	0.170005	0.237546	0.00340023	0.15377	0.120123	0.369492	-0.00598707	-0.0168183	-0.0543746	0.163159	0.31153	-7.48096e-05	0.156931	0.0630938	0.173901	0.260715	0.0930529	0.202446	0.157334	-0.0102029	0.130724	
0.0134809	0.146973	0.147031	0.342061	0.00768613	0.170005	0.217857	0.00340023	0.180877	0.120123	0.363198	-0.00598707	0.000655188	-0.0521049	0.193435	0.179836	-7.48096e-05	0.105968	0.0707825	0.211625	0.289241	0.0930529	0.176237	0.157334	0	0.102417	0.0302832	
0.0134809	0.156355	0.16597	0.377657	0.00768613	0.170005	0.217857	0.00340023	0.697351	0.120123	0.300669	0.0037371	0.0230528	-0.06351	0.217108	0.113673	0.00340953	0.204561	0.0775583	0.162311	0.289241	0.0930529	0.176237	0.261584	0.102417	0	
0.00649879	0.195289	0.169714	0.316404	0.00768613	0.170005	0.232977	0.00340023	0.30743	0.102717	0.293632	0.0164208	-0.0286852	-0.0570434	0.210126	0.113673	0.0139038	0.106866	0.0827008	0.160912	0.289241	0.0808681	0.176237	0.177209	0.102417	0	0	0	0	
0.00692634	0.160083	0.169714	0.316404	0.00768613	0.170005	0.232977	0.00340023	0.191184	0.0988043	0.619128	0.00813712	-0.0585287	-0.0555413	0.173877	0.113673	-0.00304099	0.12085	0.0827008	0.160912	0.288858	0.117219	0.140621	0.141262	0.114561	-0.0578147	
0.00692634	0.151062	0.169714	0.316404	0.00768613	0.170005	0.232977	0.00340023	0.494186	0.101349	0.711104	0.00813712	-0.0760814	-0.044677	0.193407	0.106895	0.00511685	0.0378774	0.0521356	0.120018	0.288858	0.117219	0.165904	0.141262	-0.00243448	0.109605	0.0202296	
0.00743496	0.150553	0.15013	0.316404	0.00717752	0.205785	0.234905	0.00289161	0.4802	0.113932	0.605098	0.011831	-0.0845338	-0.051566	0.196791	0.106895	0.00511685	0.0399485	0.0427529	0.0918869	0.288858	0.117219	0.138161	0.162829	0	0.123998	0.116261	
0.0181511	0.146328	0.161806	0.316404	0.00717752	0.205785	0.234905	0.00289161	0.713935	0.113932	0.0529981	0.446717	0.011831	-0.0773218	-0.0592627	0.288123	0.0754364	-0.00325123	0.144732	0.0840621	0.31368	0.103833	0.168321	0.162829	0.0764869	0.0588759	0.0299076	
0.0121588	0.146328	0.156072	0.316404	0.00717752	0.196828	0.234905	0.00289161	0.854873	0.11601	0.0529981	0.687388	0.0129459	-0.0676699	-0.0592627	0.282131	0.0790193	0.00683858	0.0635809	0.0590117	0.31368	0.103833	0.207072	0.162829	0.0962332	
0.0113848	0.0931662	0.156072	0.361772	0.00717752	0.196828	0.23142	0.00289161	0.393281	0.118508	0.0529981	0.694394	0.0129459	-0.0171801	-0.0519259	0.180576	0.0731537	-0.00284251	0.0646552	-0.00329646	0.309043	0.103833	0.191563	0.162829	0.0962332	
0.0113848	0.0713637	0.140214	0.361772	0.00717752	0.196828	0.23142	0.00289161	0.611624	0.118508	0.0529981	0.781415	0.0129459	-0.0204643	-0.055919	0.229874	0.117118	0.0137783	0.0637457	0.00500185	0.287828	0.0849877	0.191563	0.188445	0.0822485	-0.0274997	-0.0127939	0.0311205	0.0295634	
0.0113848	0.0632266	0.129509	0.344126	0.00717752	0.214671	0.23142	0.00289161	1.31284	0.126986	0.0529981	1.02413	-0.000839438	0.00756194	-0.0566947	0.242129	0.159621	0.00801419	0.0800004	-0.0160365	0.287828	0.103342	0.164277	0.209327	0.0822485	-0.0247801	0.152053	
0.0113848	0.0632266	0.120218	0.344126	0.00717752	0.214671	0.251222	0.00289161	1.8546	0.126986	0.0346549	1.02413	-0.000839438	-0.0276817	-0.0494965	0.242129	0.159621	0.00016888	0.0363467	0.0176865	0.26242	0.103342	0.17009	0.141014	0.103927	-0.0312	0.0103993	0	0	
0.0113848	0.0826192	0.275258	0.369998	0.0116385	0.181106	0.252218	0.00189583	1.54659	0.127982	0.0356507	1.01967	-0.00923089	0.0338203	-0.0443434	0.220673	0.149971	-0.00496619	0.0489668	0.0166946	0.257959	0.102404	0.181216	0.164497	0.0992992	0.124319	
0.0139342	0.078028	0.282388	0.369998	0.00908907	0.181106	0.241479	-0.000653607	1.29295	0.130606	0.0305403	0.960224	-0.0165882	0.0149118	-0.0430768	0.222761	0.0765852	-0.00078929	0.081499	0.0166946	0.257959	0.11896	0.224762	0.15038	0.0932566	0.151333	0	
0.0128748	0.078028	0.276606	0.462874	0.00908907	0.176351	0.241479	-0.000653607	0.803515	0.130606	0.0305403	1.13163	-0.0236849	0.124498	-0.0473363	0.221701	0.0342687	0.00960858	0.0536335	0.0706811	0.257959	0.097142	0.224762	0.167545	0.0932566	0.157427	-0.0959007	
0.0140597	0.0976352	0.223481	0.428831	0.00790417	0.176351	0.22738	-0.00183851	0.62215	0.130606	0.0280771	0.819841	-0.0248698	0.124981	-0.0544767	0.221701	0.0804072	0.0120154	0.103301	0.0497208	0.256566	0.0870195	0.161757	0.16636	0.0809085	0.157427	-0.0328944	0	
0.0192879	0.0976352	0.212545	0.459255	0.00790417	0.176351	0.22738	-0.00183851	0.371263	0.130606	0.0467501	0.905244	-0.0236586	0.0579821	-0.0581413	0.226929	0.0673545	0.00823651	0.0946265	0.00495237	0.225185	0.0890318	0.161757	0.16118	0.0809085	0.0705795	
0.0192879	0.0761152	0.212545	0.484129	0.00790417	0.176351	0.22738	-0.00183851	0.457357	0.130606	0.047957	0.843845	-0.0236586	0.0512258	-0.0401308	0.226929	0.0973052	0.0112645	0.0474946	0.0495129	0.185095	0.0890318	0.193327	0.173782	0.0809085	0.0705795	0.0304071	0	
0.0192879	0.0844498	0.198099	0.401761	0.00790417	0.176351	0.22738	-0.00183851	0.0667225	0.10535	0.0234178	0.843845	-0.0193418	0.00471655	-0.034673	0.182222	0.112516	0.0112645	0.0276484	0.0432614	0.224665	0.0881815	0.193327	0.139591	0.0747561	0.0714298	0.0405379	
0.0177512	0.124599	0.15522	0.4181	0.00944082	0.176351	0.22738	-0.000301854	0.0534166	0.10535	0.0359542	0.94085	-0.0131302	0.0152879	-0.0071168	0.177777	0.207509	0.0112645	0.116446	0.0132178	0.196364	0.0881815	0.146634	0.265496	0.08145	0.167333	
0.0161837	0.124599	0.314416	0.504035	0.00944082	0.178516	0.222302	-0.000301854	0.0360653	0.10535	0.0311086	0.94085	0.00496322	-0.0247155	-0.00304998	0.17621	0.202913	-0.00870481	0.0378747	-0.0172199	0.196364	0.0649815	0.117881	0.174272	0.08145	0.167333	-0.0259915	-0.0270022	
0.014123	0.142385	0.314416	0.504035	0.0115015	0.178516	0.219296	0.00175883	0.0394965	0.10535	0.0299555	1.42036	0.0186773	-0.0686293	-0.00726085	0.17621	0.235185	0.00327773	0.0378747	-0.0282488	0.196364	0.0859928	0.126572	0.176333	0.0821155	0.167333	0	
0.0140085	0.1227	0.276883	0.496329	0.00929922	0.180959	0.195464	0.00187333	0.0867522	0.104993	0.0299555	1.22431	0.0297558	-0.0285218	-0.0177584	0.17621	0.244229	0.00327773	0.0535171	-0.00153189	0.202478	0.0859928	0.163855	0.176447	0.10107	0.194935	0.0407067	0	0	
0.020843	0.143401	0.276883	0.496329	0.00931986	0.183015	0.230263	0.00189397	0.853607	0.0913041	0.0368967	1.22431	0.0232673	-0.0577867	-0.0177584	0.154043	0.226755	-0.0121419	0.0512502	0.0175083	0.202478	0.0502662	0.163855	0.176468	0.128036	0.171748	0.0541244	0.0897757	0.00832044	
0.020843	0.102428	0.277525	0.496329	0.0086782	0.183656	0.230263	0.00189397	0.163159	0.0913041	0.032155	1.22495	-0.0070658	0.00637675	-0.0177584	0.183287	0.210343	-0.00373403	0.088723	-0.00730325	0.203119	0.103009	0.171088	0.255564	0.128678	0.206487	0.0541244	
0.0259049	0.111772	0.225635	0.489342	0.0086782	0.183656	0.214985	0.00189397	0.180981	0.0913041	0.032155	1.26818	-0.0341091	0.0035911	-0.0177584	0.188349	0.167933	-0.00221781	0.075848	-0.0528553	0.203119	0.129025	0.171088	0.203505	0.122121	0.206487	0.0279482	
0.0261138	0.111563	0.225635	0.489342	0.00846927	0.175654	0.214985	0.00168504	0.802551	0.0913041	0.0298883	1.52656	-0.00448248	-0.0383451	-0.0172442	0.240365	0.140685	-0.000831983	0.0601695	-0.0528553	0.203119	0.126322	0.151194	0.233133	0.130534	0.217358	0.0150187	
0.0272327	0.105962	0.170864	0.512407	0.0108076	0.150015	0.263591	0.00168504	1.85472	0.0913041	0.0298883	1.42188	-0.0239882	-0.0336599	-0.0159223	0.272973	0.146881	-0.000831983	0.0289941	-0.065866	0.200781	0.0999147	0.125435	0.196887	0.128196	0.183248	0.0317546	
0.0272327	0.105962	0.171896	0.512407	0.0108076	0.1411	0.284786	0.00168504	1.02393	0.0905485	0.0373038	1.19837	-0.0162026	-0.0291944	-0.0385692	0.272973	0.0843968	-0.000831983	0.110434	-0.0683668	0.200781	0.0960097	0.136989	0.216744	0.10129	0.183248	0.0212731	-0.00241883	
0.0272327	0.0945817	0.277353	0.512407	0.0108076	0.1411	0.284786	0.00168504	1.13816	0.0905485	0.0345084	1.19837	-0.0162026	-0.0242159	-0.0363124	0.275302	0.0882211	-0.000831983	0.0512208	-0.0495102	0.187726	0.131007	0.136989	0.216744	0.0873217	0.160548	0.0191712	
0.0272327	0.122345	0.277807	0.511918	0.0103529	0.162128	0.284957	0.00151388	0.819587	0.0907196	0.0431257	0.947046	-0.0162026	-0.0307169	-0.0361413	0.275302	0.0886758	-0.000660821	0.110448	-0.031196	0.18818	0.111602	0.180117	0.171615	0.115015	0.189452	
0.0245185	0.11752	0.330901	0.520656	0.0103529	0.162128	0.284957	0.00151388	0.420323	0.0907196	0.0460769	1.01483	-0.0270319	-0.026121	-0.0361413	0.272588	0.0993958	-0.000660821	0.072406	-0.0249755	0.179587	0.153436	0.135896	0.171615	0.0826302	0.185779	0.081827	
0.0378275	0.127179	0.336471	0.596251	0.0103529	0.158108	0.284957	0.00151388	0.584978	0.0907196	0.0395518	0.880051	-0.0135103	-0.0138179	-0.0361413	0.285897	0.171969	-0.0144217	0.103806	0.0320312	0.179587	0.153436	0.148825	0.176129	0.106073	0.18767	
0.0390784	0.127179	0.310746	0.596251	0.0103529	0.163951	0.284957	0.00151388	0.139354	0.0907196	0.0395518	0.94725	-0.00246123	-0.0662835	-0.0508735	0.287147	0.255357	0.00634882	0.136895	0.0315985	0.179587	0.153436	0.189374	0.180094	0.12746	0.18767	0.0198901	0.0432804	-0.0215609	
0.0390784	0.105827	0.218793	0.381342	0.0103529	0.163951	0.284957	0.00151388	0.0449417	0.0853842	0.0435282	0.734532	-0.00354481	-0.0729763	-0.0508735	0.230097	0.203432	0.00634882	0.154582	-0.00361678	0.176505	0.153436	0.121676	0.217831	0.12746	0.143499	
0.0368828	0.13245	0.223569	0.381342	0.0103529	0.163951	0.284957	0.00151388	0.0734376	0.0806145	0.0435282	0.528388	-0.00267212	-0.036207	-0.0450722	0.220523	0.0821989	-0.0032954	0.109514	-0.0200854	0.180912	0.150848	0.096327	0.144766	0.151651	0.1132	
0.0407399	0.104436	0.216473	0.381342	0.0103529	0.143653	0.284957	0.00151388	0.0319656	0.0806145	0.0435282	0.481454	-0.00184753	-0.0158262	-0.0343479	0.17411	0.0493968	-0.0067067	0.0501479	0.049466	0.168773	0.116154	0.176199	0.231197	0.112078	0.127049	
0.035016	0.0753648	0.224091	0.354679	0.0103529	0.162545	0.284657	0.00181467	-0.0279497	0.0921098	0.0356388	0.840203	-0.00184753	-0.0244664	-0.0151605	0.136036	0.0823486	-0.00700749	0.0879608	0.0153077	0.150819	0.174353	0.115445	0.278561	0.112078	-0.0629031	
0.0443029	0.0920853	0.202446	0.377749	0.00684216	0.151338	0.284657	-0.0016961	0.0644848	0.0921098	0.0494348	1.10009	-0.00535829	-0.0107988	-0.0151605	0.111588	0.149439	-0.00700749	0.0879608	-0.0294458	0.159314	0.131041	0.141104	0.255298	0.118273	-0.0382802	
0.047622	0.0995917	0.229789	0.370211	0.00635808	0.139558	0.284657	0.000751981	0.0888048	0.0921098	0.0414451	1.20396	-0.0143915	-0.0428231	-0.0302289	0.117355	0.0933063	-0.00861844	0.100682	0.0420788	0.210903	0.155156	0.191931	0.302697	0.118029	-0.0416978	
0.05313	0.0988104	0.202767	0.370211	0.00635808	0.139558	0.284657	0.000751981	0.248094	0.0984775	0.0414451	0.944676	-0.00697872	-0.0313915	-0.0464438	0.152232	0.115068	-0.00115747	0.0782698	0.0420788	0.210903	0.0934554	0.14749	0.319153	0.120919	0.00589707	0	0	
0.0372089	0.0988104	0.202767	0.370211	0.00635808	0.139558	0.25988	0.000751981	0.679403	0.0984775	0.0396048	1.21723	-0.00744938	-0.0621388	-0.0311977	0.18622	0.173503	-0.0111927	0.115064	-0.013897	0.221063	-0.00496862	0.184687	0.319153	0.101061	0.098424	
0.0372089	0.081523	0.202767	0.381565	0.00635808	0.139558	0.276754	0.000751981	1.06663	0.0984775	0.0596302	1.21723	-0.0200019	-0.0750603	-0.0288101	0.151214	0.173503	0.00824204	0.115064	0.0015354	0.221063	0.0627782	0.18897	0.319153	0.101061	0.10503	0	
0.0333051	0.081523	0.20796	0.381565	0.00116455	0.144752	0.276754	0.000751981	0.857028	0.0984775	0.0596302	1.15142	-0.0200019	-0.0681238	-0.0346167	0.120445	0.0659709	0.00812298	0.120257	0.0119617	0.226256	-0.0458667	0.193354	0.231866	0.106254	0.10503	-0.00512691	
0.0322585	0.113157	0.2755	0.381565	-0.000344205	0.146261	0.288951	0.000751981	0.617787	0.0953006	0.0596302	1.00843	-0.0075111	-0.0142912	-0.0276202	0.124711	0.0694469	-0.0136199	0.120079	-0.0198134	0.227433	0.053022	0.192411	0.210806	0.101059	0.124921	
0.0320946	0.127665	0.312889	0.348468	-0.000344205	0.146261	0.288951	0.000751981	0.139237	0.0953006	0.0596302	0.542588	-0.0176931	-0.0186961	-0.0365568	0.109219	0.13303	-0.0136199	0.228873	-0.033063	0.205411	0.0473215	0.192411	0.283179	0.0946412	0.124921	
0.0393014	0.142286	0.300888	0.355785	-0.0022497	0.170954	0.293482	0.00105764	0.945621	0.094995	0.0615947	0.718715	-0.0130289	-0.0473309	-0.0368624	0.116426	0.125322	-0.00104056	0.123765	0.0722982	0.207316	0.0450643	0.194316	0.283179	0.128955	0.158064	-0.0246735	
0.0563256	0.199209	0.353755	0.425347	-0.0022497	0.170954	0.293482	0.00105764	0.583934	0.094995	0.0572002	0.874326	-0.0130289	-0.0612938	-0.0517734	0.142213	0.119632	-0.0195353	0.187408	0.0722982	0.207316	0.0450643	0.220684	0.298618	0.128955	0.158064	
0.0551955	0.199209	0.372433	0.45431	-0.0022497	0.180529	0.293482	0.00105764	0.310056	0.094995	0.0617797	0.848802	-0.0149093	-0.022443	-0.0277404	0.14768	0.0686454	0.0135237	0.300819	0.0365364	0.207316	0.0721913	0.206796	0.314413	0.118815	0.191097	0.0624403	-0.0290561	
0.041836	0.226552	0.383072	0.399565	-0.0022497	0.180529	0.293482	0.00105764	0.31996	0.094995	0.0518591	1.05732	-0.0119695	-0.0212869	-0.0112496	0.124513	0.0735375	-0.0110819	0.197829	0.0158406	0.129143	0.0721913	0.206796	0.280785	0.118815	0.191097	0.0926416	
0.0489979	0.207623	0.339937	0.460823	0.00234346	0.168508	0.290389	0.0056508	0.45423	0.094995	0.0518591	0.828957	-0.0121795	-0.042318	-0.0197362	0.165554	0.0419702	-0.0100227	0.151772	0.0544662	0.1194	0.0721227	0.20495	0.185867	0.118815	0.191097	0.192906	
0.0539442	0.205108	0.339124	0.401111	0.000640887	0.167695	0.290389	0.00313529	0.440326	0.094995	0.0306691	0.828145	-0.0223568	-0.0465374	-0.0252575	0.167984	0.0915182	-0.0180167	0.150959	0.0536532	0.118587	0.0667608	0.204137	0.281454	0.118002	0.191097	0.284465	0.0255532	
0.050957	0.208095	0.339124	0.455419	0.00362804	0.167695	0.288049	0.00612244	0.713657	0.0773208	0.0345823	0.710718	-0.0193696	-0.0447298	-0.0176084	0.167984	0.149458	-0.00103922	0.150959	0.0404419	0.153338	0.107907	0.188775	0.338733	0.118002	0.178998	0.300292	
0.050957	0.222041	0.311206	0.464942	0.00362804	0.189302	0.288763	0.0054082	0.41176	0.078035	0.0323359	0.779714	-0.00104901	0.00291821	-0.0608985	0.167984	0.0328532	-0.00742556	0.14322	0.059585	0.121876	0.1104	0.208272	0.338733	0.1098	0.179712	0.177019	
0.0531232	0.222041	0.29316	0.43699	0.00510496	0.187825	0.288763	0.0054082	0.388825	0.078035	0.0323359	0.37754	-0.00609353	-0.0523879	-0.0599976	0.170151	0.155855	0.00209177	0.146192	0.0581081	0.120399	0.109025	0.203943	0.338733	0.121102	0.153178	0.110826	-0.0431998	
0.0459967	0.222041	0.29316	0.444398	0.00510496	0.187825	0.331033	0.0054082	1.079	0.078035	0.0323359	0.313609	-0.00504063	-0.0408234	-0.0619571	0.137353	0.13761	-0.0108105	0.146192	0.0224642	0.118321	0.109025	0.203943	0.226992	0.103464	0.153178	0.127483	-0.0630419	-0.036976	0	
0.0541852	0.222041	0.29316	0.444398	0.00510496	0.187825	0.304037	0.0054082	0.739534	0.078035	0.0323359	0.0926063	-0.0187655	-0.0342457	-0.0544991	0.160275	0.114156	-0.0108105	0.0930964	0.017235	0.115748	0.113636	0.203943	0.261677	0.103464	0.165065	0.167207	
0.0510641	0.222229	0.293181	0.425598	0.00933305	0.187825	0.308207	0.00963629	1.00189	0.0841699	0.0331408	0.409795	-0.0170404	-0.0566995	-0.0544991	0.161382	0.154287	-0.0108105	0.103602	0.017235	0.0976025	0.119978	0.169547	0.265905	0.103464	0.165065	0.189978	
0.0466414	0.222229	0.24736	0.404533	0.00933305	0.174408	0.300611	0.00963629	1.32034	0.0841699	0.0391633	0.546783	-0.0170404	-0.0395679	-0.0661	0.154359	0.0875813	-0.00218118	0.18779	0.00703294	0.0976025	0.119978	0.218938	0.301822	0.103464	0.165065	0.312403	
0.0527868	0.254006	0.232773	0.408318	0.0113457	0.175174	0.300611	0.00963629	0.493701	0.0841699	0.0300486	0.641421	-0.0120008	-0.0702686	-0.0575197	0.142248	0.0217614	-0.00218118	0.125468	0.0199152	0.0885679	0.167083	0.216925	0.301822	0.085401	-0.00745393	0.312403	
0.0527868	0.221022	0.250151	0.370438	0.0113457	0.1565	0.283797	0.00963629	0.364463	0.0932031	0.0300486	0.502554	-0.0185757	-0.0610011	-0.0591915	0.145858	0.0564018	-0.00701099	0.148314	0.0596686	0.137688	0.167083	0.216925	0.287377	0.085401	-0.0381797	0.220299	0	0	
0.0565924	0.214119	0.247586	0.370438	0.0113457	0.1565	0.283797	0.00963629	1.60843	0.0932031	0.0300486	0.450515	-0.0183874	-0.0303608	-0.0570677	0.13331	0.0160515	-0.0183772	0.168326	0.0271195	0.137688	0.167083	0.221936	0.217094	0.085401	-0.0404536	0.196123	0.0298677	
0.0545604	0.214119	0.23094	0.461784	0.0113457	0.182047	0.283797	0.00963629	0.626281	0.0932031	0.0300486	0.568272	-0.0156523	-0.0303608	-0.0589353	0.163369	0.0784978	-0.0183772	0.168326	0.0400075	0.111376	0.166832	0.203854	0.172488	0.085401	0.0178277	0.0906997	
0.0545604	0.212496	0.221005	0.526087	0.0113457	0.202869	0.283797	0.00963629	0.279486	0.0932031	0.0300486	0.494786	-0.0221185	-0.053505	-0.0608317	0.145301	0.0655663	-0.00959965	0.134695	0.0565465	0.111376	0.160457	0.189663	0.251127	0.0766509	-0.0292976	0.119719	0.0644901	0.00104274	-0.0124936	0.00504042	
0.0483758	0.18876	0.277958	0.439036	0.0113457	0.202869	0.284383	0.00905039	0.222791	0.093789	0.018489	0.306707	-0.00794837	-0.0705327	-0.050068	0.13446	0.0618785	-0.0129112	0.173698	0.0565465	0.134837	0.126555	0.162752	0.159848	0.0766509	0.0051906	0.140001	
0.0502295	0.179187	0.246103	0.487161	0.00895773	0.219088	0.268875	0.00905039	0.227041	0.093789	0.0207049	0.309095	-0.00794837	-0.054659	-0.0477612	0.136313	0.0401014	-0.0129112	0.329452	0.0369847	0.111993	0.126555	0.196687	0.199848	0.0595626	0.141846	0.120715	-0.0315847	
0.0488619	0.179187	0.24239	0.388067	0.00701353	0.221032	0.268875	0.00905039	0.275504	0.0925907	0.0477558	0.221145	-0.0222326	-0.061538	-0.0555442	0.110865	0.0654998	-0.0129112	0.279101	0.101131	0.144944	0.105931	0.198631	0.177032	0.0615068	0.136032	0.120715	-0.0293272	
0.0508214	0.198015	0.24239	0.351855	0.00589933	0.209759	0.285037	0.00793619	0.385118	0.0925907	0.0267057	0.370822	-0.0233468	-0.0802025	-0.0640775	0.143974	0.0360408	-0.0213764	0.279101	0.0803927	0.144944	0.147911	0.210632	0.215484	0.0639586	-0.00151053	0.081163	-0.0596417	-0.0539302	
0.0508214	0.207392	0.217485	0.424045	0.00589933	0.209759	0.285438	0.00753563	0.674103	0.0929913	0.0271063	0.394863	-0.00908112	-0.0694657	-0.0483199	0.124314	0.0832385	-0.00889815	0.279101	0.073407	0.152369	0.0963962	0.18139	0.269483	0.046141	0.147603	0.0815635	0	
0.0508214	0.203981	0.298382	0.424045	0.00589933	0.209759	0.285438	0.00753563	0.475487	0.0911764	0.0271063	0.372421	-0.00205535	-0.0518916	-0.0521903	0.127987	0.0991923	-0.000418769	0.231231	0.0204301	0.141577	0.0963962	0.18139	0.269483	0.0508581	0.13077	0.0793254	0.0410472	0.0495985	0	0	-0.000310981	
0.0508214	0.149575	0.298382	0.424045	0.00589933	0.21558	0.285438	0.00753563	1.02076	0.0970297	0.0271063	0.33841	-0.0206113	-0.0292677	-0.0508396	0.127987	0.0954159	-0.00597419	0.189121	0.000371052	0.137529	0.135794	0.130061	0.317957	0.0508581	0.180533	0.0793254	0	
0.050751	0.151345	0.35033	0.424045	0.00766875	0.21558	0.285438	0.00930504	0.780246	0.0970297	0.0271063	0.203436	-0.0119073	-0.0184911	-0.0553046	0.138924	0.120902	-0.0106491	0.225171	0.0575423	0.137529	0.070946	0.212167	0.319727	0.0508581	0.182377	0.174138	-0.0115023	
0.0531549	0.183285	0.298942	0.366666	0.0112083	0.212931	0.285438	0.0101956	0.946562	0.0957891	0.0271063	0.313179	-0.00933836	-0.0424196	-0.0553046	0.16135	0.0546936	-0.0106491	0.148814	0.016655	0.13488	0.070946	0.21125	0.346124	0.0616258	0.182377	0.174138	0.00101266	
0.0531549	0.225454	0.377318	0.340568	0.0112083	0.212931	0.285438	0.0101956	0.735728	0.0957891	0.0183559	0.287071	-0.0175532	0.0106034	-0.0652913	0.143674	0.0546936	-0.00200189	0.160021	-0.00991675	0.13488	0.0778895	0.165795	0.317454	0.0536127	0.0777047	0.0886531	0.207804	
0.0474268	0.232538	0.335904	0.340568	0.0123573	0.211333	0.274019	0.00974673	0.826342	0.0957891	0.0441224	0.352365	-0.0223878	-0.0509279	-0.0501425	0.14333	0.107557	-0.00562254	0.179443	-0.0164089	0.155372	0.0778895	0.164197	0.317005	0.0520148	0.0777047	0.0731607	0.207804	
0.0474268	0.245983	0.282711	0.340568	0.0123573	0.211333	0.274019	0.00974673	0.399839	0.0957891	0.0355946	0.352365	-0.0223878	-0.0131069	-0.0580053	0.140885	0.130763	-0.00562254	0.109521	0.0493123	0.160472	0.0778895	0.225028	0.317005	0.0520148	0.0777047	0.119304	0.183794	
0.0494998	0.245983	0.224242	0.344004	0.0123573	0.216155	0.277682	0.00608309	0.922136	0.0994528	0.0261844	0.562068	-0.0127529	-0.0289176	-0.0543416	0.157822	0.102818	-0.003246	0.111425	0.0531296	0.160472	0.0815531	0.245928	0.317005	0.0503474	0.0777047	0	0.170047	0.0443999	
0.0562536	0.245983	0.240886	0.304626	0.0115773	0.216935	0.260147	0.00608309	0.403761	0.10006	0.0171349	0.534763	-0.0127529	-0.0556012	-0.0617632	0.163873	0.0476599	0.0013246	0.257326	0.0558864	0.193647	0.0705221	0.246708	0.380933	0.0542539	0.095012	0.258069	
0.047814	0.27279	0.217866	0.315152	0.0166023	0.216935	0.260383	0.0111081	0.376151	0.10006	0.00870517	0.454944	-0.00756932	-0.0465973	-0.0606979	0.163317	0.0745053	-0.00273356	0.266259	0.0703132	0.193647	0.0705221	0.193045	0.347501	0.0542539	0.095012	0.154705	
0.051989	0.292547	0.21672	0.343139	0.0164519	0.255465	0.260383	0.0109576	0.284012	0.0934045	0.00870517	0.552203	-0.00239948	0.00598937	-0.0475879	0.172601	0.0613186	-0.000458205	0.23531	0.151682	0.170418	0.0705221	0.166442	0.347351	0.0542539	0.095012	0.16136	0.00926416	-0.00968616	
0.046459	0.262656	0.21672	0.351892	0.016626	0.240462	0.260383	0.0111317	0.645873	0.0982367	0.0128973	0.676709	-0.014818	0.00535637	-0.0595167	0.19462	0.0018182	0.00687633	0.280195	0.149127	0.16516	0.116332	0.203469	0.347525	0.0542539	0.0116906	0.182149	-0.0515416	
0.0357282	0.227574	0.191498	0.42504	0.0163201	0.239771	0.260383	0.0111317	0.594437	0.0982367	0.0253469	0.610583	0.00465724	0.0319275	-0.0649341	0.155797	0.0101017	0.00925256	0.258831	0.167573	0.163636	0.116332	0.196977	0.347525	0.0597332	0.0466139	0.150639	
0.0357282	0.205363	0.174232	0.384065	0.0163201	0.239771	0.260383	0.0111317	0.387307	0.0982367	0.0253469	0.59099	0.00037799	0.0221991	-0.0583535	0.148742	-0.00123372	-0.0195755	0.238551	0.176133	0.163636	0.116332	0.196977	0.471876	0.0521795	0.0699336	0.173743	
0.0311627	0.229057	0.174232	0.384065	0.0163201	0.239771	0.267576	0.0111317	0.349032	0.0982367	0.0283345	0.59099	-0.00559295	0.0175961	-0.0578305	0.132266	0.0578512	-0.0195755	0.278898	0.155804	0.16322	0.116332	0.196977	0.471876	0.0521795	0.0675102	0.190249	0.0420202	0.00947288	
0.0311627	0.229057	0.174232	0.342661	0.0163201	0.239771	0.277859	0.0122422	0.218061	0.0971262	0.0434309	0.507611	-0.00829128	0.0132365	-0.0575374	0.132266	0.0331253	-0.0126695	0.273395	0.108201	0.16326	0.115221	0.190367	0.471876	0.0521795	0.146431	0.171144	0.0843456	
0.0311627	0.240276	0.174232	0.366288	0.0163201	0.239771	0.29979	0.0122422	0.125337	0.0971262	0.051931	0.722994	-0.00829128	0.000261777	-0.0639378	0.168628	0.0408251	-0.00771012	0.291151	0.0751727	0.16326	0.14094	0.241279	0.471876	0.0521795	0.00549059	0.171144	-0.051931	
0.0311627	0.131834	0.170749	0.366288	0.0163201	0.196306	0.251314	0.0122422	0.252797	0.0901404	0.051931	0.702858	-0.0131934	0.0638898	-0.0639378	0.192902	0.0464072	-0.00771012	0.349561	0.0415492	0.183908	0.14094	0.230504	0.471876	0.0521795	0.146431	0.17813	0	0.0255941	
0.0359078	0.118071	0.261809	0.397147	0.0163201	0.196306	0.254826	0.0122422	0.132924	0.0901404	0.051931	0.669683	-0.0160197	0.0247183	-0.0594656	0.159962	0.0161743	-0.00771012	0.26942	0.0415492	0.183908	0.14094	0.214832	0.541507	0.0521795	0.139497	0.184749	
0.0349704	0.118071	0.261809	0.394138	0.0163201	0.196306	0.256445	0.0122422	0.220098	0.0865858	0.051931	0.620372	-0.0119321	0.0337053	-0.0503026	0.159024	0.0376293	-0.00467589	0.296828	0.0598579	0.160634	0.110296	0.195081	0.541507	0.0521795	0.0292002	0.172054	0	0	
0.0401006	0.124223	0.147743	0.319187	0.0163201	0.196306	0.218787	0.0122422	0.127897	0.0865858	0.051931	0.477336	-0.0119321	0.0337053	-0.0499788	0.172108	0.0950538	-0.00467589	0.188377	0.0820683	0.160634	0.110296	0.205032	0.541507	0.0521795	0.139497	0.172054	
0.0407608	0.124223	0.186751	0.318613	0.0163201	0.197617	0.218787	0.0122422	0.0748823	0.0617994	0.0638897	0.494622	-0.0119321	0.0654523	-0.0517468	0.160321	0.0198154	-0.00467589	0.211395	0.0299298	0.188761	0.115108	0.153891	0.596165	0.0557742	0.139497	0.176204	0	
0.0522746	0.124223	0.17107	0.309603	0.0163201	0.180152	0.218787	0.0122422	0.0603261	0.0617994	0.0497711	0.454281	-0.00194441	0.127404	-0.0651385	0.162365	0.0311761	-0.0110478	0.225649	0.0510455	0.179776	0.115108	0.150553	0.596165	0.0393467	0.139497	0.176204	0.0494307	0.0586146	
0.0471947	0.124223	0.17107	0.412075	0.0163201	0.195763	0.239206	0.0122422	0.104988	0.0563198	0.0447789	0.284746	-0.00194441	0.263898	-0.0526007	0.174395	0.0311761	0.00781289	0.141759	0.106062	0.179776	0.0702385	0.212529	0.596165	0.0393467	0.102198	0.15931	0.040932	
0.0471947	0.124223	0.17107	0.412075	0.0163201	0.195763	0.262039	0.0122422	0.191651	0.0563198	0.0447789	0.427491	0.0137182	0.308465	-0.0630515	0.163347	-0.00469666	0.00781289	0.234391	-0.00744902	0.179776	0.092944	0.216158	0.596165	0.0393467	0.102198	0.243237	0.0685838	
0.049437	0.132241	0.197446	0.412075	0.0163201	0.195763	0.262039	0.0122422	0.341604	0.0563198	0.032174	0.628367	0.0137182	0.308465	-0.0569158	0.16559	-0.0116007	0.0138343	0.214663	0.00397889	0.183748	0.092944	0.195934	0.596165	0.0364083	0.102198	0.282785	0.0715222	-0.0985491	
0.0456246	0.121206	0.146238	0.412075	0.0163201	0.195763	0.262039	0.0122422	0.33089	0.0415426	0.0459323	0.310682	0.0212154	0.266318	-0.0510596	0.144023	0.00349101	0.0138343	0.166616	0.00426259	0.202588	0.123312	0.195934	0.586069	0.0349358	0.102198	0.167397	0.0744353	
0.0456246	0.121206	0.179291	0.412075	0.0163201	0.195763	0.230504	0.0122422	0.157653	0.0522759	0.0459323	0.332142	0.0385449	0.250368	-0.0549997	0.166412	0.018941	0.0067941	0.166616	0.00594363	0.225993	0.128021	0.228805	0.586069	0.0355756	0.102198	0.219856	0.0801385	-0.0152293	
0.0491999	0.134062	0.179291	0.412075	0.0163201	0.195763	0.230504	0.0122422	0.169025	0.0537372	0.029073	0.501919	0.0385449	0.168322	-0.0524797	0.168678	0.018941	-0.00509865	0.136866	0.0496753	0.213865	0.119273	0.189105	0.586069	0.0355756	0.111412	0.218395	0.0801385	0.00245964	
0.0497599	0.133502	0.179291	0.412075	0.0157601	0.195763	0.240322	0.0116822	0.137281	0.0537372	0.0252174	0.389029	0.0379849	0.261741	-0.0644677	0.13966	0.0253545	0.0228797	0.124566	0.0405683	0.213865	0.119273	0.221101	0.585509	0.0347569	0.154139	0.249406	0.0809573	
0.0497599	0.154485	0.153842	0.412075	0.0157601	0.184903	0.249463	0.0116822	0.0133949	0.0541627	0.0389071	0.42718	0.0437664	0.292752	-0.0644677	0.135567	0.0553309	-0.00562784	0.0712237	0.0297819	0.232275	0.125375	0.167716	0.585509	0.0379064	0.112764	0.328277	0.0778077	0.0829561	0	
0.0497599	0.154485	0.140686	0.412075	0.0157601	0.184903	0.195424	0.0116822	0.0291026	0.0563529	0.0462576	0.363105	0.0437664	0.359496	-0.046346	0.135567	0.0105575	0.00837262	0.0797356	0.0167963	0.207437	0.125375	0.167716	0.585509	0.0379064	-0.022234	0.24616	0.0778077	0.136995	
0.0497599	0.154485	0.189352	0.412075	0.0143955	0.160689	0.204226	0.0116822	-0.0147499	0.0563529	0.043265	0.36447	0.0361431	0.36086	-0.0530526	0.133516	0.0939968	0.00302033	0.0662645	0.0246089	0.233413	0.0908844	0.186827	0.585509	0.0206565	0.116298	0.246428	0.0897033	0.179373	
0.0353549	0.140613	0.125231	0.412075	0.0143955	0.160689	0.204226	0.0116822	0.128554	0.0547844	0.0298228	0.400187	0.0499597	0.36086	-0.0692143	0.180522	0.0193618	0.00117546	0.113913	0.0878081	0.233413	0.0878845	0.171012	0.548151	0.0206565	0.116298	0.314502	0.10594	0.145147	0.145546	0	
0.0488796	0.112387	0.165612	0.448115	0.0152156	0.160689	0.17233	0.0123407	0.0094407	0.054946	0.0299844	0.400187	0.0494569	0.250012	-0.0512559	0.176499	-0.0166284	0.0204017	0.118509	0.0987051	0.233413	0.088046	0.155108	0.548971	0.0233353	0.0284139	0.465748	0.103261	0.182736	0.107175	0	
0.0488796	0.156731	0.170035	0.360175	0.0152156	0.190136	0.153837	0.0554304	0.0419601	0.0297801	0.494799	0.0500038	0.12512	-0.0590233	0.186176	-0.0293993	0.0103294	0.11339	0.0973719	0.233413	0.0123407	0.155108	0.549698	0.0233353	0.11646	0.410749	0.107835	0.201228	0.12016	
0.0488796	0.11775	0.159119	0.366582	0.0104988	0.187771	0.143283	0.110612	0.206258	0.0387042	0.0307533	0.390865	0.0525139	0.0481719	-0.0539382	0.186176	-0.0448839	0.0113025	0.107408	0.114032	0.23813	0.0113676	0.181474	0.56223	0.0324215	0.0960247	0.414979	0.103465	0.212756	
0.0460179	0.11356	0.251998	0.366582	0.0104988	0.187771	0.188482	0.135525	0.0604481	0.0462668	0.0334552	0.69973	0.0142803	0.0452195	-0.0504787	0.213379	-0.00684233	0.0298713	0.0989958	0.114032	0.211668	0.0113676	0.0859537	0.582932	0.0324215	0.112207	0.396778	0.103465	0.167556	
0.0460179	0.0985728	0.25163	0.365558	0.0108663	0.187403	0.209013	0.133329	0.363542	0.0468347	0.0268597	0.464502	0.0142803	0.0516369	-0.0606425	0.168244	0.00834732	0.00789814	0.110948	0.0560652	0.195276	0.0107997	0.0918806	0.582932	0.0320541	0.112775	0.396778	0.0857432	0.147593	0.0572287	
0.0470976	0.166989	0.216696	0.351576	0.0108663	0.187403	0.209013	0.14692	0.21312	0.0468347	0.0178236	0.290236	0.0142803	0.0555824	-0.0616738	0.169324	0.0163401	0.00398525	0.147736	0.111638	0.193902	0.0107997	0.129602	0.591982	0.0320541	0.146061	0.396778	0.0751416	0.147567	
0.0471896	0.160938	0.222747	0.294748	0.0107743	0.191745	0.209013	0.14692	0.252206	0.0468347	0.0178236	0.539935	0.0141884	0.0725434	-0.0517808	0.147709	0.0340228	0.00688661	0.0907838	0.0867161	0.193902	0.0107077	0.124467	0.534171	0.0230707	0.146061	0.396778	0.11844	0.138442	-0.00290136	0.0285675	
0.0370372	0.160938	0.198199	0.448932	0.0107743	0.191745	0.222232	0.203413	0.245708	0.0468347	0.0370199	0.177258	0.0299819	0.0244902	-0.0533774	0.137557	0.0126547	0.00688661	0.14958	0.0517296	0.187681	0.0107077	0.122832	0.534171	0.0230707	0.146061	0.440792	0.125295	0.125223	
0.0378671	0.160938	0.181191	0.359537	0.0109806	0.181879	0.233215	0.185427	-0.0119756	0.0746751	0.0429545	0.217831	0.00678344	-0.00167679	-0.0292782	0.111028	-0.00960994	0.0128212	0.165267	0.0439707	0.196561	0.00477314	0.151811	0.534171	0.0228643	0.153582	0.259537	0.125295	0.117003	
0.0365906	0.166672	0.181191	0.359537	0.0109806	0.167437	0.233215	0.0794062	-0.0248021	0.0746751	0.0495739	0.629339	0.00678344	0.0955292	-0.0347595	0.161592	-0.0261181	0.014603	0.117593	0.029126	0.196561	0.00477314	0.151811	0.534171	0.0228643	0.153582	0.259537	0.125295	0.108775	0.0062075	
0.0365906	0.133285	0.18071	0.373961	0.0109806	0.169414	0.247008	0.0853385	-0.0408468	0.0801644	0.0253911	0.393259	0.00960675	0.0955292	-0.0334305	0.158608	-0.00576178	0.0345577	0.106908	0.0583423	0.185634	0.00477314	0.107712	0.534171	0.019359	0.141915	0.263431	0.1288	0.0949825	0.0334403	
0.0365906	0.133285	0.18071	0.368027	0.0109806	0.121937	0.341649	0.144484	0.0511251	0.0801644	0.0253911	0.909344	0.010553	0.0788119	-0.041595	0.158608	0.0165801	0.0348463	0.0939032	0.0539046	0.156294	0.00477314	0.129949	0.534171	0.0152566	0.108183	0.263431	0.104369	0.000341961	0	0	0	
0.0388227	0.131053	0.243017	0.367114	0.00874848	0.133834	0.341649	0.144484	0.205522	0.0801644	0.0488296	0.983003	0.00832087	0.0839391	-0.041595	0.138473	0.0666608	0.0171593	0.0685218	0.0477749	0.156294	0.00254098	0.154496	0.531939	0.0234326	0.108183	0.208254	0.0961928	0.011243	
0.037841	0.131053	0.243336	0.387113	0.00842859	0.112495	0.341649	-0.0309661	0.132717	0.0801644	0.0273208	0.889466	0.00832087	0.0614225	-0.0495907	0.137492	0.0493202	0.0143353	0.0699772	0.0480948	0.156614	0.00254098	0.155333	0.531939	0.0237525	0.12606	0.331328	0.0961928	-0.0572872	
