0.138538	0.0517883	0.144302	0.290203	-0.00585959	0.0244816	0.154354	-0.00345824	0	0	0	0	0	0	0	0	0	0	0	0	0	0	0	0	0	0	0	0	0	0	0	0	0	0	0	0	0	0	0	0	0	0	0	0	0	0	0	0	0	0	0	0	0	0	0	0	0	0	0	0	0	0	0	0	0	0	0	0	0	0	0	0	0	0	0	0	0	0	
0.126959	0.0517883	0.144302	0.242037	-0.00585959	0.0244816	0.19535	-0.000592593	-0.0142017	0.00326313	-0.00641086	0.0104008	-0.0111654	-0.0380932	0.0471977	-0.0391539	-0.0417384	0.00632994	0	0.0431527	-0.0461953	0.00928942	0.0652761	-0.0023394	-0.0233122	0.0422083	0.0152007	0.0688597	-0.0177334	0	0.0677106	0	0	0	-0.0392654	0.0461564	-0.0293507	-0.018622	0	-0.0424605	0	0.0277897	0.0524638	0	-0.0210823	0.00963142	-0.0827861	0	0.0367966	0.0394878	0	0	0	0.135822	
0.126959	0.0521171	0.141114	0.242037	-0.00618837	0.0740715	0.153955	0	0.0104008	-0.0233122	0.00711385	-0.0568589	0.132653	-0.0198139	0.03742	0.0414385	0	0.0163033	-0.00765449	0.0915358	0	0.0571271	-0.000570591	0.00904929	-0.00922382	0.00324651	0.0829192	-0.0512835	-0.0443978	-0.0458309	0.0474517	0.0277897	0.0524638	0.209261	-0.0365014	0.00260129	
0.139719	0.0541857	0.143182	0.242037	-0.00825697	0.0774053	0.00625042	-0.0235045	-0.00602985	0.015242	-0.0644348	0.112802	-0.019824	-0.000781342	0.0157348	0.059676	0.0424338	-0.0285106	0	0.177383	0.0192785	0.010046	-0.00440437	0.147913	0.0905023	0.0976028	-0.00922382	0.00324651	0.0829192	9.95454e-07	-0.0376802	-0.0339013	0.0524638	0.0274305	0.291144	0.0414385	0.0657732	0.00533233	0.0485894	
0.14895	0.0541857	0.143182	0.242037	-0.00825697	0.109356	0.04431	0.00625042	-0.00569642	0.015242	0.132365	-0.00694758	0.0343145	0.0152347	0.0857733	0.035646	0.0730446	-0.0368939	0.177383	0.0206937	-0.00440437	0.112802	0.02505	0.0797857	-0.00922382	0.00491573	0.0829192	9.95454e-07	-0.020085	-0.0049875	-0.034968	0.115846	-0.0170948	0.0221016	-0.0137879	
0.14895	0.0507305	0.123513	0.242037	-0.00480174	0.0361484	0.00599837	-0.0207145	0.015242	0.0435978	0.0430189	-0.0171225	0.0276733	0.107879	0.0251544	0.134691	0.013791	0.109608	0.179854	0.0181977	0.00247736	0.0813429	0.0473006	-0.0215642	0.00224512	0.0903234	-0.00165223	0.0744031	0.13874	0.0293311	0.0221016	0.0143108	
0.196415	0.0507305	0.123513	0.242037	-0.00480174	0.179854	0.036046	0.00599837	-0.0020723	0.015242	0.0117694	0.0310132	0.0640344	0.128679	0.0404789	0.166442	0.0073119	0.119409	0.074755	0.0737186	0.035555	0.0518723	0.0813429	0.0251544	0.0473006	-0.0331992	0.00224512	0.106647	0.069894	0.0329606	0.00491044	
0.234729	0.0638929	0.162936	0.254991	-0.00480174	0.199969	0.036046	0.00599837	-0.0340927	0.0077505	-0.0102132	0.00592379	0.0691418	0.490276	-0.00654829	-0.0125254	0.0138363	0.0484827	0.081205	0.108906	0.0380615	-0.00413722	0.166195	0.0581355	0	0.0131102	0.147165	-0.0246348	0.00312864	0.113631	0.069894	0.161541	0.0329606	
0.234729	0.0938793	0.124825	0.254991	-0.00480174	0.275589	0.036046	0.00599837	0.0230386	-0.0425688	0.0155483	-0.028962	-0.00479751	0.0691418	0.550999	0.0994308	-0.00337278	0	0.0303755	0.0307535	-0.0350878	0.170633	0.142514	0.0230421	0.0897052	-0.0246348	0.00312864	0.113631	0.10103	0.161541	0.0435045	
0.234729	0.0517641	0.124825	0.254991	-0.00480174	0.200135	0.036046	0.0269177	-0.0272755	0.0145341	0.0270769	0.0797493	0.357874	0.096076	0.0155483	-0.071828	0.0212693	-0.0462865	0.164446	0.075911	0.00599837	0.127723	-0.0413796	0.0132412	0.113631	0.10103	0	0.121267	-0.0150076	
0.221494	0.0517641	0.124825	0.254991	-0.00480174	0.211536	0.0327828	0.0515962	-0.0140431	0.0430946	0.00834562	0.141301	0.357874	0.0691868	0.0155483	-0.0487168	0.00868567	-0.0104599	0.180568	0.075911	0.00599837	-0.0469174	0.192394	-0.0413796	0.0518923	-0.037205	0.0132412	0.113631	0.128517	0.113403	0.0196089	
0.217909	0.0558952	0.124825	0.254991	-0.00480174	0.211536	0.0379483	0.0407677	-0.0346277	0.0103366	0.0250891	0.141301	0.457315	0.0777636	0.0155483	-0.0213334	-0.015296	-0.0692349	0.181881	0.0770302	0.0129814	0.0260566	0	-0.000948317	0.0132412	0.114366	0.128517	-0.051391	0.0181167	0.17038	
0.180431	0.0708686	0.193066	0.254991	-0.00480174	0.211536	0.0379483	0.0232882	-0.050231	-0.0167789	0.0790106	-0.0237225	0	0.0168882	0.161976	0.509415	0.112757	0.0155483	-0.0378998	-0.00043666	-0.0603954	0.215858	0.080859	0.184066	0.057391	0.0238958	0.0110084	0.114366	0.128517	-0.0461271	
0.149041	0.0708686	0.164005	0.318099	-0.00480174	0.219825	0.0436496	-0.0115217	-0.0316121	-0.000250968	0.0110084	0.485341	0.172217	0.0155483	-0.0694051	-0.0149374	0.0609597	-0.032153	0.181924	0.0740704	0.184066	0.161976	0.0367922	0.114366	-0.0490336	0.0683999	0.101181	
0.139837	0.0708686	0.173332	0.157768	-0.00480174	0.219825	0.0468448	-0.0249838	-0.0316121	0.0683999	-0.0456979	0.0101235	0.0110084	0.0229434	-0.0130324	0.108372	0.0185593	-0.049217	0.00372672	0.00314975	-0.0462773	0.181924	0.133151	0.184066	0.168693	0.0367922	0.136843	0.58188	0.101181	
0.139837	0.0905048	0.172479	0.314715	-0.00480174	0.203002	0.0468448	0.0302016	-0.0384128	0.0157675	-0.0417473	0.00947977	-0.00696526	0.0995545	0.147334	0.0105493	-0.0574886	0.0156049	0.0182098	-0.0625644	0.181924	0.140911	0.184066	0.19652	0.0367922	0.146889	0.0969716	
0.140664	0.0905048	0.172587	0.18845	-0.000821171	0.217641	0.0142765	0.117843	0.0350731	0.0197481	0.2005	0.00947977	0.0077091	0.100952	0.150869	-0.0377667	0.134601	0.183995	0.0118493	-0.0547091	0.0195623	-0.0378322	-0.00819374	0.0661581	0.166835	0.154603	0.0407727	
0.157665	0.0890229	0.171105	0.225949	0.00236963	0.223727	0.0199767	0.117843	-0.0373514	0.068817	0.177346	-0.03486	0.00941799	0.187873	0.152578	-0.0360578	0.153657	-0.0817309	0.0424816	0.181972	0.0101404	-0.0481575	0.0212712	-0.0501413	-0.00648485	0.0661581	0.168544	0.156312	
0.11649	0.0890229	0.155136	0.223191	0.00236963	0.276181	0.0199767	0.117843	-0.0419671	0.0328902	0.195156	0.0121123	0.0144754	0.196153	0.152578	-0.0136188	0.150773	0.0424816	0.17307	0.0101404	-0.0609834	0.0251202	-0.0227374	0.0195312	0.131465	0.178027	0.185955	
0.143919	0.0823546	0.155136	0.283741	0.00236963	0.279436	0.0353064	0.117843	-0.0625836	0.011704	0.138047	0.183947	0.152578	-0.0337885	0.150773	0.0424816	0.17307	0.00683338	-0.0118868	-0.0588783	0.0228716	-0.012416	0.0356587	0.0902371	0.236635	0.185955	
0.143919	0.0756812	0.134536	0.214117	0.00236963	0.289436	0.0353064	0.117843	-0.0366935	0.0139497	0.0703494	0.413212	0.156872	-0.0337885	0.150773	0.0424816	0.111894	0.00683338	-0.0118868	-0.0347113	0.00590368	-0.028349	0.102912	0.236635	0.185955	
0.143919	0.0756812	0.146932	0.288421	0.00236963	0.303231	0.0353064	0.109715	-0.0644624	0.0243167	0.0821858	0.413212	0.18988	-0.0478518	0.10078	0.0424816	0.0813715	0.00683338	-0.0143116	-0.0134804	0.00499241	-0.0608022	0.210231	0.118929	0.236635	
0.161614	0.0820235	0.153274	0.276334	-0.00426016	0.31221	0.0416487	0.109715	-0.0371175	0.0240292	0.0649498	0.26935	0.189593	-0.0443193	0.107506	0.0421941	0.118068	0.236347	-0.0421941	0.0102659	-0.0145991	-0.00237561	-0.0238368	-0.0610896	0.209944	0.167634	
0.131986	0.0882704	0.155245	0.276334	-0.00219012	0.183824	0.0313301	0.109715	0.0193263	0.0488458	0.0649498	0.416438	0.198687	-0.035876	0.0206318	0.0421941	0.0561274	0.236347	-0.0212505	0.226294	0.207502	0.00988257	-0.0179729	-0.014704	0.0163135	-0.0426014	
0.131986	0.0983836	0.155245	0.260061	-0.00219012	0.187812	0.0313301	0.115527	-0.0526081	0.0269993	0.171238	0.5811	0.198687	-0.0445363	-0.0141321	0.0447102	0.155989	0.232234	0.283408	0.146968	0.00988257	0.0137094	-0.00808936	-0.0179729	-0.014704	0.00220497	-0.0579166	
0.131986	0.0669668	0.155756	0.284336	-0.00270188	0.187812	0.0318419	0.111072	0.0154022	0.0269993	0.133988	0.201326	-0.0543583	-0.0473547	0.0447102	0.155989	0.197087	0.276582	0.146968	0.000348711	-0.0179729	-0.0448668	0.0109066	-0.0337594	
0.114923	0.071589	0.155756	0.269345	-0.00270188	0.232623	0.0318419	0.0693633	-0.0271706	-0.0241244	0.133988	-0.0240424	0.19513	-0.0543583	-0.0505214	0.0447102	0.155989	0.21534	0.276929	0.228368	0.0124763	0.0425855	-0.0602397	0.0176593	-0.0279735	
0.114923	0.0754185	0.167698	0.289431	-0.00832751	0.233631	0.0488583	0.0588538	-0.0571222	0.0292313	0.208712	-0.0196992	0.19513	-0.0543583	-0.036943	0.0447102	0.230688	0.272451	0.309102	0.118702	0.0548759	0.00509332	0	-0.0237089	-0.0312916	
0.164858	0.0759932	0.168273	0.270869	-0.00890228	0.18491	0.0487405	-0.0235071	-0.0474342	0.00438983	0.171773	-0.0196992	0.19513	-0.0543583	-0.0207149	0.0447102	0.345124	-0.0283461	0.29554	0.309102	0.147557	0.0474328	0	0.0132237	-0.0531217	
0.164858	0.0772264	0.190679	0.210302	-0.0101354	0.191677	0.0499736	-0.0538745	-0.0587028	0.0159915	0.106797	-0.0196992	0.180457	-0.0656544	-0.02834	0.0447102	0.174749	-0.0515707	0.352129	0.255359	0.183364	0.0538323	0.00663849	-0.0535299	
0.169178	0.0843224	0.214145	0.276379	-0.0101354	0.189239	0.0343998	-0.0382612	-0.00228903	0.00650636	0.0938901	-0.0196992	0.181163	-0.0521975	-0.0691524	0.0447102	0.141981	-0.0406687	0.339687	0.200047	0.139391	0.0543237	0.0469925	0.00779026	-0.0539652	0	
0.142584	0.0555741	0.214145	0.27373	-0.0101354	0.189239	0.0343998	-0.0117244	-0.0303946	0.013602	0.0736923	-0.0337598	0.217853	0.159516	-0.0326978	0.0454216	0.0125116	0.31828	0.20241	0.128034	0.0543237	-0.0453293	0.0149461	-0.0539652	
0.119516	0.0555741	0.214145	0.27373	-0.0101354	0.248923	0.0343998	-0.014285	-0.0329655	0.013602	0.0601818	-0.0266652	0.217853	0.39311	-0.0498114	0.0454216	0	0.31828	0.20241	0.0383868	0.0521269	-0.0347003	-0.022827	0.0106574	-0.0340063	
0.201131	0.0555741	0.21053	0.212574	-0.0101354	0.205649	0.0343998	-0.0102176	0.00286749	0.0462225	0.0302349	-0.0266652	0.243937	0.385467	-0.0238249	0.0454216	0.227685	0.180273	0.0720581	0.0493132	-0.0403015	0.0282252	-0.00567051	-0.0030645	
0.182075	0.0757443	0.217059	0.234174	-0.0101354	0.18601	0.0343998	-0.00383243	-0.013248	0.0462225	0.0288412	-0.0321106	0.22933	0.471016	0.000101166	0.0476613	0.388641	0.202459	0.0320264	0.0474482	-0.0474376	-0.00982308	-0.0180583	-0.0176728	
0.167658	0.0436046	0.227317	0.234174	-0.0101354	0.194939	0.0371566	-0.00801818	-0.0450994	0.0449582	-0.015824	-0.0322063	0.22933	0.466852	-0.0296416	0.0476613	-0.0180477	0.418283	0.191726	0.0558249	0.0466132	-0.0474376	0.0203287	0.000267384	-0.0236533	
0.233082	0.0436046	0.227317	0.234174	-0.0101354	0.222301	0.0371566	0.0365615	-0.0450994	0.00282329	0.0209986	-0.0307392	0.22933	0.264355	-0.0341676	0.0476613	0.0118271	0.35032	0.161814	0.0502319	0.0473053	-0.0654132	0.0447052	-0.0058775	-0.0339146	
0.253721	0.0763998	0.22734	0.234174	-0.0101354	0.168681	0.0388254	0.0786899	-0.0396728	0.0188253	0.0253058	-0.0168034	0.22933	0.295417	-0.0341676	0.0476613	-0.031641	0.33373	0.170124	0.0370571	0.04171	-0.0654132	0.0708497	0.00178966	-0.0530348	-0.0648468	
0.225119	0.0763998	0.195113	0.285438	-0.0101354	0.198982	0.0479759	0.121917	-0.0442717	-0.0100696	0.0383178	-0.0248699	0.216741	0.455054	-0.042115	0.0476613	-0.03286	0.317222	0.199532	0.100569	0.04171	-0.057402	0.0225508	-0.0255903	0.0445128	0	
0.185689	0.0763998	0.195113	0.25515	-0.0101354	0.198982	0.0382669	0.0617266	-0.0728255	-0.0100696	-0.0201124	-0.0235725	0.214764	0.395337	-0.042115	0.0476613	0	0.318834	0.162592	0.100569	0.04171	-0.0470794	-0.0114768	0.0152609	-0.0172262	
0.305351	0.0551846	0.195113	0.209563	-0.0101354	0.198982	0.0511986	0.0148516	-0.0520018	-0.0100696	0.0298186	-0.0256453	0.214764	0.395337	-0.042115	0.0476613	0.353681	0.188442	0.0323207	0.04171	-0.0514835	0.00835881	0.0372354	-0.015705	
0.246684	0.0621876	0.195113	0.268856	-0.00823409	0.207241	0.0511986	0.0148516	-0.07138	0.0133324	0.0317199	-0.0223192	0.216665	0.388934	-0.0437422	0.0495627	0.350485	0.100169	-0.00183159	0.0398087	-0.0495821	0.00490458	0.00587194	-0.0114836	
0.236089	0.0621876	0.195113	0.253742	-0.00823409	0.174796	0.0511986	0.0443024	-0.0679165	0.040358	0.0337885	-0.0265162	0.216665	0.301054	-0.0559253	0.0495627	0.362668	0.174819	0.0601605	0.0398087	-0.0402397	0.0171785	0.0317454	-0.0448109	0	
0.20952	0.0621876	0.18725	0.189868	-0.00823409	0.224388	0.0511986	0.0744513	-0.0512709	0.07249	0.0363226	-0.00659964	0.230912	0.301054	-0.0644331	0.0495627	0.371176	0.174819	0.0452072	0.0398087	-0.0501177	0.00426139	0.0717317	-0.0700411	0.151558	
0.177119	0.0571041	0.189867	0.258103	-0.00823409	0.236028	0.0511986	0.116551	-0.0479968	0.0469293	0.0996635	-0.00659964	0.230912	0.228449	-0.0576321	0.0493366	0.364375	0.174819	0.112224	0.0470815	-0.0415513	-0.0133448	0.0366342	-0.0447861	0.000386042	0.260692	0	
0.220889	0.0490599	0.229328	0.242582	-0.00598164	0.279117	0.0511986	0.101064	-0.0523083	0.0665659	0.101916	-0.00434719	0.233164	0.156997	-0.0615428	0.0515891	0.370538	0.196842	0.0412731	0.041337	-0.0440794	0.0292071	0.0388867	-0.0272922	0.155469	
0.170184	0.0364052	0.229328	0.242582	-0.00598164	0.257131	0.0511986	0.0907238	-0.0311941	0.0208593	0.101916	-0.0144589	0.244751	0.216903	-0.0615428	0.0515891	0.351121	0.193104	0.100333	0.041134	-0.0388994	0.018496	0.0388867	-0.0253976	0.396161	
0.179685	0.044556	0.229328	0.251353	-0.0034325	0.25968	0.0511986	0.113278	-0.0455537	0.0560646	0.119328	-0.0119098	0.264244	0.229381	-0.0496027	0.0541382	0.34173	0.20406	0.0416474	0.0458963	-0.0486699	0.0210451	0.0414358	-0.0396741	0.333952	0.0351342	0	
0.156575	0.0543891	0.229328	0.251353	-0.0034325	0.25968	0.0511986	0.113278	-0.0503816	0.0557784	0.119328	-0.0119098	0.264244	0.339654	-0.0561083	0.0541382	0.323456	0.0873271	0.0346716	0.0458963	-0.0486699	0.0037747	0.0356872	-0.0474409	0.330863	
0.156575	0.0525846	0.229328	0.268972	-0.0034325	0.308911	0.0549952	0.0574288	-0.034378	0.0557784	0.131047	0.000259598	0.264244	0.339654	-0.0504901	0.0506296	0.317837	0.222195	0.112915	0.0399308	-0.0584691	0.0037747	0.0332351	-0.0197479	0.320726	
0.156575	0.0618255	0.225231	0.268972	-0.0034325	0.308911	0.0468501	-0.0113407	-0.0416034	0.0267451	0.131047	-0.0209864	0.264244	0.292687	-0.0534072	0.0524874	0.292768	0.179878	0.0779509	0.0399308	-0.0370478	0.0094753	0.0492499	-0.0312185	0.308151	
0.156575	0.067957	0.191003	0.247478	-0.0034325	0.348339	0.0468501	0.0308353	-0.0302825	0.0421412	0.133564	-0.012881	0.264244	0.465794	-0.047998	0.0524874	0.287358	0.207099	0.093486	0.0416848	-0.046033	0.0204239	0.0636179	-0.0312185	0.299501	
0.216475	0.055282	0.191003	0.247478	-0.0034325	0.348339	0.0468501	0.0308353	-0.0302825	0.0421412	0.148359	-0.012881	0.264244	0.465794	-0.0392327	0.0524874	0.278593	0.205903	0.0607746	0.0416848	-0.013945	0.0419246	0.0217098	-0.0312185	0.474582	0	0	0	
0.216475	0.0642214	0.190945	0.291181	-0.00337493	0.280946	0.0467925	0.0308353	-0.0203954	0.0421543	0.181786	-0.0133249	0.2477	0.417191	-0.0446863	0.0524874	0.284047	0.211344	0.0607746	0.0424051	-0.0323583	0.0156706	0.0391086	-0.0127399	0.517051	0	
0.225023	0.0642214	0.190945	0.291181	-0.00337493	0.363152	0.0467925	0.0137295	-0.0371383	0.0232388	0.150696	-0.0133249	0.269732	0.237232	-0.056334	0.0524874	0.295694	0.183652	0.0251638	0.0410237	-0.0011192	0.0407188	-0.0017588	0.0276617	0.42102	
0.225023	0.0642214	0.179328	0.395861	-0.00337493	0.361811	0.037285	0.0137295	0.00547694	0.0232388	0.155484	-0.00266734	0.269732	0.211635	-0.0577662	0.0524874	0.230197	0.15837	0.0716376	0.0202787	-0.00672876	0.0150764	-0.00946022	0.00284963	0.226436	-0.0422176	
0.225023	0.0642214	0.173707	0.329241	-0.00337493	0.167172	0.0417253	0.0280008	-0.0207494	0.0457735	0.113692	-0.0173045	0.269732	0.181294	-0.0664215	0.0524874	0.252504	0.153108	0.103698	0.0170422	-0.0180075	0.0247824	0.0795868	-0.0201894	0.295236	0.0608464	
0.248752	0.0585747	0.19105	0.28486	-0.00337493	0.167172	0.0454334	0.0340027	-0.0380017	0.0390411	0.139283	-0.0110407	0.269732	0.276573	-0.0664215	0.0571774	0.183762	0.238915	0.0743557	0.022977	-0.0180075	0.00899472	-0.00795234	0.0138431	0.355924	
0.215326	0.0521915	0.187994	0.283928	-0.00430745	0.216637	0.0454334	0.015361	-0.060926	0.0774684	0.140431	-0.0119732	0.268799	0.219403	-0.067354	0.0562449	0.20472	0.228041	0.0971182	0.0300681	-0.0407272	0.0374136	0.0320368	0.0211625	0.192126	-0.0269511	-0.0606303	
0.15787	0.0521915	0.187994	0.348609	-0.00430745	0.216637	0.0454334	-0.0247267	-0.0325617	0.0774684	0.140431	-0.00520846	0.267365	0.266101	-0.0757307	0.0562449	0.234192	0.191164	0.0971182	0.0300681	-0.0463465	0.0237807	0.0640332	-0.0205107	0.258179	-0.0367961	
0.15787	0.086534	0.187994	0.348609	-0.00430745	0.24123	0.0376866	-0.0455742	-0.0322497	0.0774684	0.186071	-0.00787163	0.267365	0.1388	-0.0678946	0.0562449	0.263403	0.17362	0.0882644	0.0328271	-0.0463465	0.00758872	0.0822439	-0.0205107	0.337251	-0.0367961	0.0499572	-0.0186265	
0.178762	0.086534	0.182002	0.360381	-0.00430745	0.24123	0.0376866	-0.0269032	-0.0265631	0.102787	0.27133	-0.0186048	0.267365	0.0583077	-0.0682088	0.0562449	0.263717	0.17362	0.0564233	0.0328271	-0.0409854	0.00758872	0.0200294	-0.0306611	0.337251	-0.0522686	0.0113873	-0.262161	
0.180077	0.100518	0.183373	0.372266	-0.00299269	0.226854	0.0375198	-0.0461265	-0.0359351	0.0862575	0.272645	-0.0182184	0.26868	0.0596224	-0.0614073	0.0539966	0.272109	0.174935	0.116942	0.0315124	-0.0487845	0.0357225	0.0492625	-0.0403866	0.214807	-0.0650796	-0.265931	
0.180077	0.11567	0.162326	0.368649	-0.00299269	0.226854	0.0407008	-0.0274862	-0.0289576	0.0830808	0.272645	-0.0136824	0.270858	0.0226216	-0.0648395	0.0539966	0.199623	0.174935	0.116942	0.0430376	-0.0487845	0.0200094	0.0712242	-0.0403866	0.351478	-0.0731914	0	0	
0.17895	0.0933253	0.153541	0.250802	-0.00411965	0.22186	0.0546579	-0.0367707	0.0178807	0.132755	0.274281	-0.0148093	0.278732	0.00123878	-0.0762058	0.0528697	0.20894	0.154668	0.0895155	0.0441645	-0.048729	0.0169805	0.0784168	-0.0132836	0.312904	-0.0804551	
0.173654	0.0933253	0.146462	0.250802	-0.00411965	0.301187	0.0494335	-0.0213827	-0.0344385	0.140387	0.223394	-0.0148093	0.278732	0.0400852	-0.0750263	0.0528697	0.207761	0.184184	0.0223373	0.0441645	-0.0173751	0.0859995	-0.00312277	-0.00419802	0.440699	-0.0912461	0	
0.127872	0.0933253	0.130138	0.252836	-0.00411965	0.235148	0.0494335	-0.0678926	-0.00725332	0.113911	0.246184	-0.00752147	0.278732	0.0400852	-0.0695437	0.0520264	0.202278	0.201905	-0.00582005	0.0372861	-0.0264279	0.103768	-0.0415914	-0.0125792	0.35997	-0.0839971	0	
0.112961	0.0933253	0.130138	0.226513	-0.00411965	0.198415	0.0494335	-0.0554093	-0.00751872	0.113911	0.246184	-0.00752147	0.275305	0.0518505	-0.0689035	0.050449	0.188473	0.203571	-0.017026	0.0371318	-0.0282203	0.103768	-0.0186936	-0.0125792	0.298928	-0.0839971	
0.113341	0.0933253	0.130138	0.226513	-0.00411965	0.257471	0.0494335	-0.017197	-0.029161	0.112684	0.329163	-0.00752147	0.275305	0.0482922	-0.0689035	0.050449	0.188473	0.208659	0.0393446	0.0432739	-0.0463341	0.0598764	0.0365622	-0.0173158	0.230785	-0.0869419	0	
0.106765	0.112202	0.117525	0.244268	-0.00411965	0.265975	0.0369319	-0.0552161	-0.0335846	0.104414	0.311229	-0.013048	0.275305	0.0725712	-0.0803035	0.0519062	0.185823	0.203534	0.0378874	0.0441722	-0.0509232	0.0838179	0.0489845	-0.00539658	0.278823	-0.0858367	0.0232643	
0.113949	0.105831	0.117525	0.251452	0.00306394	0.273159	0.0352367	-0.0509021	-0.0446749	0.126286	0.318413	0.0154796	0.282489	0.119976	-0.0341556	0.0590898	0.18388	0.26856	0.0411102	0.0370218	-0.0217635	0.0457724	0.00294573	-0.0218475	0.319594	-0.0786531	0	0	0	
0.150409	0.0876586	0.107012	0.224779	0.00306394	0.273159	0.0352367	-0.0107648	-0.00627272	0.131714	0.269311	-0.00427502	0.282489	0.120957	-0.039989	0.0590898	0.200491	0.27998	0.0427362	0.0370218	-0.0228987	0.0469318	0.0115093	-0.0308867	0.403967	-0.00728463	0.054722	
0.195854	0.057989	0.109149	0.224779	0.00092663	0.301006	0.037374	-0.00258303	-0.0197985	0.131714	0.220195	0.00250255	0.281789	0.122692	-0.0313789	0.0590898	0.217917	0.279953	0.0577919	0.0370218	-0.0346656	0.00824974	0.0165617	-0.0279496	0.246649	
0.187153	0.057989	0.109149	0.309096	0.00101303	0.27072	0.044121	-0.0381291	-0.0410002	0.1318	0.259672	0.00542728	0.272372	0.0497681	-0.0447708	0.0591762	0.193746	0.36397	0.0567186	0.0369354	-0.0198385	0.0542436	-0.00621565	-0.0494564	0.329823	
0.213357	0.0546802	0.106275	0.189501	0.00388722	0.302172	0.0412468	-0.0102617	-0.0186967	0.1318	0.259794	-0.0187736	0.272372	0.050309	-0.051446	0.0591762	0.222292	0.356926	0.0730742	0.0296001	-0.0302726	0.123743	0.0413957	-0.0349129	0.329823	
0.213357	0.0913122	0.103826	0.187446	0.00388722	0.286115	0.0497782	0.0171025	-0.0055938	0.1318	0.26512	0.0066718	0.272372	0.145849	-0.0541173	0.0591762	0.224963	0.367558	0.0730742	0.0296001	-0.0242462	0.162422	0.0413957	-0.061068	0.329823	
0.198514	0.0897415	0.105607	0.226881	0.00545789	0.265639	0.0482075	-0.0136034	-0.0257835	0.059942	0.26512	-0.0155971	0.272372	0.0432183	-0.0568581	0.0570531	0.231888	0.367558	0.127179	0.0296001	-0.0258138	0.162422	0.034489	-0.0431922	0.288978	0.0263162	
0.140715	0.0933222	0.11418	0.257543	0.00545789	0.317871	0.0482075	0.0386898	-0.0268155	0.0590484	0.341515	-0.00484463	0.272372	0.080715	-0.0608887	0.0570531	0.200902	0.367558	0.143026	0.0227271	-0.0328511	0.162422	0.109841	-0.0526647	0.397502	0	0.0296165	0	
0.113473	0.0933222	0.0881209	0.331402	0.00545789	0.293148	0.0482075	0.0386898	-0.055531	0.0590484	0.341515	-0.0118729	0.272372	0.0488914	-0.0669678	0.0570531	0.255459	0.362788	0.105644	0.0210943	0.0212172	0.199326	0.103669	-0.0526647	0.397502	0.215439	-0.0106002	
0.100107	0.0933222	0.114033	0.3556	0.00545789	0.236261	0.0482075	0.0488717	-0.0275866	0.0425023	0.341515	-0.0118729	0.272372	0.0682043	-0.0529231	0.0570531	0.211034	0.286075	0.144097	0.0210943	-0.0350975	0.212121	0.101311	-0.0535969	0.319591	0.0971818	
0.141211	0.0808722	0.114492	0.3556	0.00499946	0.236261	0.046427	0.0436534	-0.0527951	0.0925703	0.307042	-0.0118729	0.273792	0.00456656	-0.0634874	0.0619759	0.221143	0.251067	0.0856966	0.0269252	-0.0395885	0.15305	0.0563978	-0.03838	0.314668	0	
0.0937382	0.0808722	0.114492	0.29561	0.00415848	0.23542	0.046427	0.0259449	-0.0487847	0.0917294	0.306201	-0.016462	0.278575	0.0111613	-0.0546195	0.0611349	0.238399	0.250226	0.0856966	0.0263433	-0.0290044	0.146678	-0.0141529	-0.0638091	0.220255	0.0404058	
0.0607435	0.0953048	0.114492	0.217351	0.00415848	0.307184	0.046427	-0.0124668	-0.0139765	0.103113	0.306201	0.00571073	0.278575	0.0628144	-0.0536428	0.0611349	0.207709	0.256926	0.0963582	0.0273199	-0.0218865	0.145145	0.00450184	-0.0381123	0.2667	
0.0618302	0.126577	0.114492	0.253457	0.00415848	0.32485	0.046427	-0.0315729	-0.0130155	0.0149456	0.306201	0.00571073	0.284154	-0.00585582	-0.0536428	0.0611349	0.215919	0.17114	0.122093	0.0273199	-0.0263065	0.0910536	-0.0148002	-0.0494429	0.252708	
0.12377	0.12195	0.192082	0.197423	0.00377499	0.278295	0.0308313	-0.0042376	-0.0330791	0.0545387	0.282286	0.00532723	0.28377	-0.0202161	-0.0549024	0.0587415	0.242024	0.244747	0.0784857	0.0277034	-0.0266321	0.0906701	-0.0312362	-0.0650903	0.252753	0	
0.0941602	0.116604	0.192082	0.181715	0.00377499	0.270987	0.0500391	0.085527	-0.0330791	-0.00153579	0.289375	0.00392109	0.28377	-0.0333276	-0.0487212	0.0587415	0.173201	0.228899	0.0784857	0.0277034	-0.0266321	0.116306	0.0420689	-0.0379965	0.256861	0	
0.0857512	0.111923	0.194674	0.271377	0.00377499	0.270987	0.0429751	0.0852884	-0.0530436	-0.0011352	0.303166	0.00392109	0.28377	-0.00202102	-0.0550567	0.0587415	0.243666	0.171089	0.161979	0.0277034	-0.0209491	0.116306	0.102281	-0.0491051	0.253786	-0.0114185	0	-0.0148068	0	
0.127486	0.111923	0.194674	0.261998	0.00377499	0.30604	0.0388092	0.065875	-0.00858227	0.0308081	0.275195	0.00392109	0.28377	-0.0153502	-0.054813	0.0587415	0.224164	0.171089	0.198726	0.0277034	-0.0156171	0.106989	0.0317069	-0.0536095	0.216906	0	
0.107753	0.111923	0.194674	0.299997	0.00377499	0.30604	0.0388092	0.0655209	-0.0335226	0.0165319	0.269569	-0.00214844	0.28377	0.0313136	-0.0511458	0.0587415	0.220497	0.156886	0.162122	0.0277034	-0.0226467	0.0947468	-0.0175455	-0.0316864	0.265306	0.0410283	-0.0232787	0.0241926	
0.107753	0.120487	0.207896	0.299997	0.00377499	0.273766	0.045962	0.0357222	-0.0103875	0.0551954	0.269569	-0.00214844	0.28377	0.0313136	-0.0541772	0.0587415	0.187359	0.237197	0.131282	0.0203735	-0.021886	0.0214391	0.00483085	-0.021269	0.203054	-0.00169842	0	0	
0.189339	0.109678	0.226472	0.286347	0.00377499	0.275269	0.0406602	0.00649623	-0.0261041	0.0407388	0.261579	-0.00214844	0.28377	0.00033739	-0.0475558	0.0587415	0.241759	0.274885	0.172929	0.0237923	-0.0266485	0.0713175	0.050868	-0.0396204	0.222859	0.00209747	
0.107958	0.109678	0.226472	0.221312	0.00377499	0.287786	0.0423598	0.017797	-0.0283789	0.0494327	0.261579	-0.00214844	0.28377	0.0465645	-0.0448949	0.0587415	0.240111	0.174964	0.153625	0.024805	-0.0266485	0.0560369	0.130775	-0.0444574	0.222859	0.0703109	-0.00348629	-0.03342	
0.109018	0.127636	0.22309	0.230125	0.00298805	0.296998	0.0379648	-0.00234872	-0.0164343	0.0486458	0.260792	-0.00293537	0.282983	0.0340247	-0.0384463	0.0668183	0.276178	0.300607	0.0205881	0.0255919	-0.0318657	0.0962403	0.0394901	-0.0280084	0.270645	0.0713545	
0.168983	0.150929	0.22309	0.30243	0.00298805	0.272159	0.0379648	0.0711772	-0.0285058	0.0486458	0.26066	-0.00165425	0.302633	0.0415578	-0.0367791	0.0629882	0.330459	0.300607	0.139816	0.0299445	-0.0318657	0.0818484	0.0284215	-0.045208	0.258976	
0.138256	0.150929	0.228021	0.345027	0.00298805	0.272159	0.0402237	0.0582306	-0.0348907	0.0308779	0.286973	0.0178495	0.302633	0.0274517	-0.0507453	0.0629882	0.340049	0.30124	0.139816	0.0255675	-0.0387871	0.0679108	0.0371583	-0.0376578	0.18714	
0.162217	0.157097	0.228021	0.25884	0.00275507	0.262746	0.0429212	0.0582306	0.0209857	0.0216063	0.28674	0.0176165	0.3024	-0.00782955	-0.0494196	0.0627552	0.369115	0.308601	0.0270177	0.0258005	-0.0495632	0.0956122	0.154123	-0.0524925	0.303116	0.0226521	
0.162217	0.157097	0.228021	0.320372	0.00275507	0.244245	0.0429212	0.0377191	-0.0302287	0.0216063	0.299406	0.0111633	0.303392	-0.0179525	-0.0466376	0.0627552	0.366333	0.392919	0.0156256	0.0258005	-0.0533934	0.0777452	0.100227	-0.0364521	0.211614	
0.162217	0.157097	0.212439	0.332576	0.00275507	0.288401	0.0429212	0.151541	0.0194523	0.0655828	0.299406	0.0111633	0.303392	0.015077	-0.0605987	0.0627552	0.372884	0.47427	0.0262818	0.0183901	-0.0506586	0.0942725	0.0747503	-0.044683	0.181544	0.0242534	
0.130226	0.157097	0.182729	0.332576	0.00275507	0.282115	0.0386981	0.149961	0.0017133	0.0073123	0.299406	-0.00121732	0.303392	0.0286939	-0.0605987	0.0627552	0.396671	0.445292	0.146519	0.0183901	-0.041817	0.0942725	0.0712093	-0.0216426	0.181544	0	
0.0833229	0.157097	0.182729	0.373524	0.00275507	0.24312	0.0417113	0.0376396	0.00328421	0.0219143	0.293061	-0.00121732	0.303392	-0.0483163	-0.0605987	0.0627552	0.396671	0.538979	0.0245406	0.0183901	-0.0373232	0.0422063	0.0554904	-0.0421588	0.229943	0.079486	0.0538051	0.020607	
0.13665	0.181193	0.221629	0.400325	0.00303366	0.253896	0.0384193	0.121383	0.0195859	0.0326596	0.243813	-0.0202072	0.302758	-0.0157647	-0.0568872	0.0627552	0.417435	0.505121	-0.0266911	0.0231533	-0.0509145	0.0682685	0.0653517	-0.0301153	0.240026	
0.13665	0.181193	0.221629	0.273533	0.00303366	0.190831	0.0384193	0.0994966	0.0317025	0.0647206	0.243813	-0.00767156	0.330391	-0.072	-0.0542465	0.0627552	0.416659	0.541422	0.110765	0.0231533	-0.0470488	0.0671628	0.0465228	-0.00912532	0.240026	
0.17195	0.181193	0.221629	0.273533	0.00303366	0.190831	0.0384193	0.100025	0.0314012	0.0647206	0.210796	-0.00767156	0.308216	0.0155279	-0.0583818	0.0622263	0.3808	0.541422	0.0538603	0.0231533	-0.0434764	0.0336381	0.0835305	-0.000670755	0.298523	
0.17195	0.176478	0.220608	0.223184	0.00303366	0.169342	0.0440621	0.0432001	-0.00144551	0.00032555	0.170057	-0.00767156	0.317341	0.0148576	-0.0616981	0.0622263	0.34375	0.547335	0.0575397	0.0177686	-0.0480994	0.0324802	0.10564	0.0253367	0.154974	
0.170456	0.176478	0.220608	0.346879	0.00303366	0.270259	0.0440621	0.0768233	-0.011629	0.0305656	0.174243	-0.00767156	0.313209	0.0134546	-0.0453581	0.0622263	0.333447	0.54591	0.0812245	0.0238051	-0.0405436	0.0324802	0.0963635	0.0253367	0.234505	0.23818	0	0	
0.121922	0.176478	0.217206	0.3461	0.00303366	0.222879	0.039711	-0.00901532	-0.00980367	0.022044	0.174243	-0.0134127	0.313209	0.0328858	-0.0453581	0.0622263	0.306287	0.563312	0.067119	0.0238051	-0.0446093	0.0324802	0.116828	0.0253367	0.104913	
0.121922	0.176478	0.217206	0.3461	0.00303366	0.171273	0.039711	-0.044066	-0.0176079	0.035798	0.174243	-0.0134127	0.313209	-0.0147134	-0.0611072	0.0622263	0.303581	0.587093	0.188194	0.0238051	-0.0381493	0.0524443	0.149991	0.0453755	0.201634	0.0366356	-0.0135512	0	-0.066604	
0.0792398	0.174324	0.215052	0.262525	0.00518734	0.19134	0.0375573	-6.47423e-05	-0.0176079	0.050935	0.132011	-0.010969	0.313209	0.0302389	-0.0463688	0.0622263	0.288842	0.529708	0.0853958	0.0238051	-0.0381493	0.0524443	0.149412	0.0517904	0.156215	0	
0.11224	0.155539	0.215052	0.20856	0.00518734	0.19134	0.0418795	0.115402	0.00381264	-0.00223416	0.132011	-0.0220911	0.314679	-0.00793749	-0.0528993	0.0622263	0.2993	0.46785	0.133227	0.0238051	-0.0453582	0.0291342	0.205792	0.0654945	0.156215	0.0486856	0	
0.11224	0.156585	0.216098	0.224393	0.00414159	0.19134	0.0429252	0.117016	0.0141755	0.00551615	0.0709056	-0.00638537	0.318087	-0.0580702	-0.0550454	0.0606123	0.300267	0.452507	0.0634885	0.0226262	-0.0164933	0.0291342	0.205792	0.0726651	0.255528	0.0886617	0	
0.117003	0.132408	0.187601	0.249176	0.00414159	0.166542	0.0422723	0.117016	-0.0179663	0.0610434	0.11275	-0.0055678	0.318087	-0.0476655	-0.0339412	0.0606123	0.310751	0.442448	0.0634885	0.0359493	-0.0330858	0.0291342	0.242583	0.0877333	0.310543	0.0958787	0	
0.0849208	0.132408	0.187601	0.249176	0.00414159	0.177897	0.0422723	0.251625	-0.0121944	0.0266767	0.0969867	0.0200838	0.313058	-0.0359966	-0.0431748	0.0606123	0.302854	0.442448	0.233465	0.0188182	-0.0487353	0.0819523	0.123203	0.081143	0.163619	0.103537	6.03473e-05	0	0.0336124	
0.140058	0.128822	0.187601	0.210389	0.00787188	0.181628	0.0422723	0.302359	-0.0235849	0.0420856	0.0913205	0.0215092	0.316788	0.020265	-0.0343243	0.0643426	0.272882	0.446178	0.265626	0.0150879	-0.0251232	0.0892791	0.151729	0.0848733	0.176765	0.134781	
0.107332	0.128822	0.186383	0.210389	0.00787188	0.174848	0.0422723	0.302359	-0.0235849	0.0203045	0.166243	0.0215092	0.307276	0.0291913	-0.0348493	0.0643426	0.29946	0.394901	0.226765	0.0150879	-0.0310388	0.0793091	0.0399236	0.0801141	0.192897	0.134781	0.055614	0	0	
0.133293	0.132348	0.190131	0.306489	0.00787188	0.27246	0.0422723	0.27427	-0.0218088	-0.0137557	0.180292	0.027493	0.307276	-0.00461391	0.0643426	0.249823	0.417102	0.240781	0.0150879	-0.0181944	0.0793091	-0.00619459	0.0801141	0.174512	0.134781	0.0152404	
0.126789	0.132348	0.190131	0.355326	0.00787188	0.27246	0.0422723	0.268147	0.0382417	0.0255293	0.141474	0.0440067	0.307276	-0.0130677	-0.00803187	0.0643426	0.254471	0.417102	0.245952	0.0165069	-0.00508421	0.0566433	0.0772321	0.0801141	0.206713	0	
0.126789	0.132348	0.192904	0.24229	0.00787188	0.160646	0.0422723	0.268147	0.0545117	0.0104128	0.205092	0.0440067	0.325546	0.0606521	0.0496267	0.0643426	0.216494	0.346816	0.205596	0.0208341	-0.00508421	0.0668026	0.0772321	0.074366	0.206713	-0.00819022	0	
0.137255	0.132348	0.192904	0.260249	0.00787188	0.210754	0.0422723	0.328731	0.0545117	0.00633727	0.205092	0.0368302	0.35209	0.00273973	0.0330806	0.0668246	0.174182	0.346816	0.327015	0.0104752	-0.0175566	0.0668026	0.115483	0.076902	0.425557	0.0482537	-0.0119124	
0.16699	0.130632	0.19168	0.260249	0.00958725	0.208109	0.0388889	0.261945	0.0903245	0.0067692	0.215941	0.0368302	0.34633	-0.00949935	0.0353303	0.0668246	0.174182	0.342977	0.262388	0.0104752	-0.00756372	0.106114	0.0724237	0.0547352	0.425557	0.101166	-0.0284613	0.0180521	
0.114082	0.130632	0.157734	0.260249	0.00958725	0.268703	0.0465624	0.261945	0.061082	0.00834057	0.215941	0.0389986	0.34633	0.018609	-0.00712594	0.0668246	0.178029	0.342977	0.222363	0.0104752	-0.00756372	0.102139	0.0808065	0.0192369	0.31741	-0.024687	
0.127662	0.131114	0.138444	0.308294	0.00958725	0.179273	0.0471935	0.31809	0.13296	-0.00949907	0.215941	0.0162455	0.361307	0.0277603	-0.00581086	0.0668246	0.177024	0.302939	0.16894	0.0104752	-0.0301198	0.0621636	0.0561765	0.0192369	0.322504	
0.146881	0.126426	0.108895	0.242465	0.0170529	0.189437	0.0340823	0.233701	0.102519	0.0532701	0.218719	0.0313352	0.364085	-0.0218506	-0.01274	0.0694104	0.211054	0.396641	0.0635979	0.00769742	-0.0104859	0.064191	0.0714056	0.0203057	0.202529	
0.139128	0.126426	0.108895	0.251817	0.0170529	0.189437	0.0309705	0.314396	0.0696584	0.0439733	0.236053	0.0271906	0.364085	0.0207585	0.0804119	0.0694104	0.246973	0.396641	0.0895956	0.00769742	-0.016984	0.00578344	0.0669846	0.00257345	0.210413	
0.105479	0.126426	0.133111	0.290641	0.0170529	0.150719	0.0309705	0.276326	0.00587283	0.0285544	0.236053	0.0271906	0.364085	0.0458802	0.123257	0.0694104	0.278262	0.342222	0.0425566	0.00996539	-0.010331	0.0532931	0.0669846	-0.00997667	0.260403	
0.105479	0.126426	0.133111	0.25844	0.0170529	0.192653	0.0282962	0.261742	0.0252831	0.0821147	0.218044	0.019364	0.364085	0.0209014	0.064895	0.0716932	0.278262	0.429993	0.0910876	0.00996539	-0.0111842	0.0210614	0.073961	-0.0311098	0.35725	0.0937935	-0.108579	0	
0.0810759	0.137907	0.133111	0.24855	0.0170529	0.199427	0.0282962	0.348667	0.0591008	0.0758556	0.239756	0.019364	0.364085	0.0734006	0.0106899	0.0716932	0.291295	0.381107	0.0910876	0.00767041	-0.0146142	0.0333041	0.102786	-0.0335349	0.359334	
0.0968342	0.137907	0.133111	0.24855	0.0170529	0.199427	0.0282962	0.353645	0.0410275	0.0718865	0.22783	0.0103273	0.364085	0.0254318	0.0452838	0.0716932	0.291295	0.381107	0.0910876	0.00767041	-0.0208476	0.0333041	0.0867793	-0.0432592	0.316693	
0.0968342	0.131859	0.156295	0.310506	0.0170529	0.210547	0.0282962	0.377259	0.0652626	0.0909027	0.136732	0.000831157	0.343063	0.0522263	0.0525024	0.0716932	0.291295	0.354265	0.0910876	0.00767041	-0.0240072	0.0451152	0.0614777	-0.0460348	0.288982	
0.126184	0.134619	0.186137	0.310506	0.0170529	0.201338	0.0282962	0.378688	0.0453483	0.0909027	0.19032	0.000831157	0.343063	0.185879	-0.00256272	0.0716932	0.287779	0.480542	0.126176	0.00415439	-0.0247446	0.0322953	0.0716489	-0.0402661	0.375271	-0.0514433	
0.112353	0.130519	0.186137	0.262778	0.0148661	0.199151	0.0450742	0.299264	-0.0213605	0.0868603	0.16515	-0.0013557	0.340876	0.196553	-0.0208337	0.0695064	0.287779	0.432167	0.0881016	0.00634124	-0.0266929	0.0210788	0.0536545	-0.0405108	0.45384	
0.0665712	0.130519	0.197953	0.2928	0.0148661	0.199151	0.0450742	0.274778	0.00577825	0.0835696	0.146503	0.00131842	0.348591	0.120328	0.00713101	0.0695064	0.259107	0.409957	0.00339135	0.00634124	-0.0266929	0.00904058	0.0536545	-0.0388885	0.388172	
0.103675	0.130519	0.170127	0.2928	0.0148661	0.236048	0.0450742	0.306268	0.0182485	0.0835696	0.153191	-0.0163985	0.348591	0.0618618	-0.000898114	0.0695064	0.285979	0.409957	0.112078	0.0144639	-0.0133001	0.0240381	0.0536545	-0.0388885	0.382232	-0.00428667	-0.0127348	0.0149087	
0.132043	0.0889635	0.170127	0.315914	0.0148661	0.205176	0.0417723	0.306268	0.00423211	0.0748182	0.153191	-0.00285718	0.357907	0.0686427	-0.0445591	0.0695064	0.285979	0.535315	0.0899173	0.0144639	-0.0305606	0.0553823	0.0683424	-0.0310112	0.404453	-0.0327041	-0.0448683	
0.133894	0.0850106	0.131257	0.305217	0.0167169	0.341037	0.0386295	0.306268	0.00247525	0.0708448	0.169012	-0.00945799	0.34493	0.187076	-0.0427083	0.0713571	0.300796	0.461507	0.0479563	0.0126131	-0.0109787	0.0189764	0.0683424	-0.0333777	0.458192	-0.0115809	0.0628913	-0.00980364	0	
0.133894	0.107567	0.172703	0.305217	0.0167169	0.315235	0.0386295	0.28358	-0.01788	0.0742809	0.169012	-0.00945799	0.34493	0.131887	-0.0496511	0.0713571	0.300796	0.492505	0.0257705	0.0126131	-0.0109563	-0.000698498	0.0768778	-0.0157913	0.254733	0	
0.094991	0.107567	0.172703	0.305217	0.0167169	0.299707	0.0359137	0.28358	-0.0258786	0.0742809	0.199073	0.00893461	0.375886	0.153038	-0.0496511	0.0713571	0.346262	0.492505	0.0655978	0.0130553	-0.00605328	0.00208481	0.0768778	0.0161541	0.254733	0	
0.0945294	0.0966098	0.172703	0.304756	0.0162553	0.299245	0.0346301	0.260519	-0.0495551	0.0635445	0.198611	0.00460477	0.375424	0.0421413	-0.0325435	0.063702	0.351893	0.492043	0.0443964	0.0135169	-0.0328316	0.00380552	0.0840714	0.0211625	0.414274	0.129014	-0.00973129	0.0421836	
0.137135	0.0978601	0.188654	0.304756	0.0150049	0.299245	0.0358805	0.260519	-0.0235127	0.0308692	0.205232	0.00460477	0.415245	0.130455	-0.0466263	0.063702	0.338229	0.492043	0.0490203	0.0135169	-0.0409262	0.00181396	0.0840714	0.010412	0.439018	0.215373	
0.0997534	0.0978601	0.202936	0.254161	0.0150049	0.29903	0.036329	0.215928	-0.0204823	0.00481117	0.205232	0.00464267	0.412525	0.120199	-0.0666982	0.0570662	0.343468	0.492043	0.0556603	0.013356	-0.0291494	0.0106344	0.130516	0.00741683	0.472361	0.160812	0	
0.0997534	0.119989	0.202936	0.272107	0.0150049	0.29903	0.0390033	0.180921	-0.0574466	0.0130494	0.205232	0.00464267	0.395424	0.164777	-0.0577304	0.0512556	0.351431	0.492043	0.066268	0.0213186	-0.0291494	0.00926513	0.120729	-0.00638153	0.422408	0.166623	0.0055517	0	0.00803325	0.0216933	
0.122312	0.119989	0.198533	0.263172	0.0150049	0.21759	0.0390033	0.106883	-0.0574466	0.0279616	0.214566	-0.00600425	0.395424	0.0581264	-0.0406528	0.0505217	0.313306	0.396518	0.029139	0.0165592	-0.0345793	0.00926513	0.121463	-0.0369446	0.436585	0.167357	0.0512556	
0.153808	0.119989	0.198533	0.263172	0.0150049	0.284347	0.0390033	0.209595	-0.0285959	0.0420056	0.214566	0.00581497	0.415997	0.0820246	-0.0358389	0.0494393	0.228404	0.396518	0.0928377	0.0163648	-0.0272033	0.00926513	0.0933008	-0.0031233	0.437667	0.168439	
0.0907913	0.140567	0.20859	0.313427	0.0150049	0.284347	0.0390033	0.209595	-0.0609943	0.0420056	0.2181	-0.00378364	0.415997	0.158187	-0.018007	0.0494393	0.228605	0.360409	0.16872	0.0165659	-0.0247214	0.0310566	0.0865962	-0.00849384	0.396705	0.168439	
0.0907913	0.148514	0.221358	0.335585	0.00705706	0.284347	0.0469512	0.346743	-0.0405754	0.0149764	0.228867	-0.00631028	0.415997	0.158187	-0.0168384	0.0545348	0.260919	0.412442	0.163624	0.0165659	-0.0247214	0.0310566	0.0908955	0.00545583	0.337448	0.146965	0.343406	0.0127319	0.0134356	
0.0907913	0.151538	0.221358	0.300103	0.00705706	0.264179	0.0469512	0.342696	-0.0390565	0.0291534	0.231495	-0.00631028	0.415997	0.135238	-0.0350463	0.0585821	0.248948	0.412442	0.0568471	0.0165659	-0.0383683	0.0310566	0.0868482	-0.0132353	0.333401	0.13733	-0.00405498	0.101925	0.0564797	0.00490353	0.012239	
0.0987442	0.149648	0.238977	0.300103	0.00894658	0.264179	0.0450616	0.342696	-0.029456	0.0337797	0.21843	0.000711939	0.415997	0.157202	-0.0505001	0.0585821	0.272608	0.364466	0.133528	0.0165659	-0.0348807	0.0422155	0.0713347	-0.0429291	0.373837	0.13733	-0.0325231	0.0174711	
0.100207	0.163414	0.239657	0.301566	0.00972918	0.245905	0.0308477	0.48206	0.0157364	0.0795822	0.219894	0.00443084	0.41746	0.242554	-0.0495924	0.0553433	0.278224	0.415131	0.109494	0.0207185	-0.0334174	-0.000470366	0.07182	-0.047565	0.281986	0.142032	-0.0030373	0	
0.100207	0.164931	0.241174	0.341707	0.00821257	0.263244	0.0403352	0.48206	0.0427792	0.0884035	0.219894	0.00443084	0.41746	0.118606	-0.0495924	0.0553433	0.254058	0.385443	0.0953893	0.0207185	-0.0153791	0.0175491	0.0769318	-0.0454877	0.291361	0.142032	0	-0.0144228	0	
0.122539	0.164931	0.218749	0.341707	0.00821257	0.261672	0.0403352	0.464903	0.013078	0.0884035	0.189019	0.00839816	0.41746	0.123871	0.0401923	0.0596073	0.320873	0.372314	0.0833293	0.0207185	-0.0376561	0.0395892	0.100352	-0.0495125	0.285778	0.145771	-0.0164503	
0.122314	0.164931	0.218749	0.328928	0.00798706	0.261446	0.0403352	0.464903	0.0309292	0.0495296	0.191925	0.00817266	0.417235	0.176916	0.0538724	0.0593818	0.302422	0.372089	0.124454	0.0194938	-0.0344527	0.0234612	0.100352	-0.0433304	0.204946	0.145771	-0.194341	
0.0981833	0.147813	0.217155	0.277398	0.00832635	0.176494	0.0399959	0.464903	0.00739208	0.0231884	0.177692	0.0147132	0.419495	0.281904	0.0664612	0.0593818	0.30542	0.309003	0.0505404	0.0159889	-0.0302025	0.0225681	0.106856	-0.0378571	0.27629	0.159537	
0.19467	0.155889	0.219367	0.27285	0.00611491	0.176494	0.0422073	0.530309	-0.0091033	0.0380084	0.177692	0.0145236	0.417706	0.475383	0.0398039	0.0593818	0.313126	0.309003	0.0662288	0.0236952	-0.0428698	0.0220668	0.129192	-0.0185892	0.206802	0.159537	0	0.0532669	0	
0.159371	0.153322	0.2168	0.198349	0.00868194	0.206976	0.0396403	0.502743	-0.0248186	0.0380084	0.1768	-0.00404043	0.419652	0.475383	0.0398039	0.0555619	0.318815	0.284791	0.0634341	0.0236952	-0.0340978	0.0528715	0.123989	-0.0448046	0.210622	0.163357	0	-0.000741178	
0.159371	0.159323	0.2168	0.307888	0.00868194	0.209837	0.0396403	0.505598	-0.0181368	0.10796	0.156396	-0.00962672	0.419652	0.475383	0.0184033	0.0527068	0.318815	0.284791	-0.000984611	0.0236952	-0.0428858	0.0528715	0.0749598	-0.0504044	0.20519	0.166212	0.058325	0	0	
0.174282	0.159323	0.2168	0.318389	0.00868194	0.217196	0.0403402	0.505598	-0.0290485	0.114307	0.0352492	0.0133097	0.435914	0.432939	0.00186097	0.0527068	0.310197	0.284791	-0.00593695	0.0236952	-0.0379376	0.0159359	0.0749598	-0.0504728	0.238017	0.157473	0	
0.130482	0.161265	0.218742	0.221827	0.00673966	0.217196	0.0403451	0.505598	-0.0288745	0.114307	0.0438107	0.0133097	0.419602	0.304277	0.0607308	0.0527068	0.304018	0.28954	0.0521418	0.0217352	-0.0311061	0.0388668	0.0749598	-0.0341249	0.216201	0.157473	0	0	0	
0.131244	0.16234	0.219817	0.275873	0.00566481	0.207184	0.04142	0.537667	-0.0182329	0.114307	0.0435616	0.0133097	0.419602	0.197334	0.0368432	0.0527068	0.304018	0.312255	0.0521418	0.0217352	-0.0315536	0.0191041	0.0907805	-0.0235753	0.18537	0.17659	0.0675032	
0.131389	0.15517	0.220823	0.275873	0.00465855	0.207184	0.0496535	0.698581	0.0296674	0.113539	0.0302085	0.00272921	0.419602	0.197334	0.103921	0.0527068	0.304018	0.312255	0.130107	0.0217352	-0.0232285	0.0387619	0.107542	-0.0235753	0.231084	0.17659	0.108184	
0.0848246	0.15517	0.220823	0.275895	0.00465855	0.207184	0.0517071	0.698581	-0.0049811	0.0665935	0.00966647	0.0146568	0.419602	0.214728	0.0606536	0.0527068	0.310404	0.312255	0.130107	0.0281209	-0.0283176	0.00113798	0.113892	-0.0318566	0.144151	0.17659	0.0312305	
0.0848246	0.180561	0.216529	0.252552	0.0089521	0.266517	0.0474135	0.698581	-0.0114973	0.0888989	0.0153903	0.02021	0.419602	0.145224	0.121175	0.0527068	0.310404	0.308018	0.198451	0.0281209	-0.0269039	0.0475597	0.0997751	-0.0318566	0.253815	0.17659	-0.0527068	0.0478789	0.0703992	0	
0.0848246	0.173912	0.211279	0.25425	0.0089521	0.279395	0.0420363	0.698581	-0.00134892	0.0546626	0.0353656	0.00435945	0.419602	0.0197479	0.158085	0.0527068	0.295549	0.310067	0.125721	0.0281209	-0.0269039	0.0299956	0.0933432	-0.0412168	0.359299	0.166771	0.02668	0	
0.093989	0.173912	0.164106	0.25425	0.0089521	0.303341	0.0420363	0.698581	-0.0289701	0.0546626	0.00445753	0.00652177	0.406173	0.152703	0.158085	0.0527068	0.294108	0.310067	0.107988	0.0266795	-0.0269039	0.0112854	0.0971961	-0.0407483	0.401322	0.166771	
0.103897	0.147332	0.176784	0.259254	0.0089521	0.249542	0.0431799	0.698581	-0.00940153	0.0450085	0.00325675	0.0243972	0.406173	0.0728401	0.158085	0.0527068	0.295198	0.285287	0.069753	0.0277695	-0.0410911	0.029157	0.0926212	-0.0385406	0.244792	0.154639	0.0235372	
0.150139	0.147821	0.177273	0.248206	0.00846358	0.249542	0.0436684	0.698581	-0.050663	0.0388216	0.0094017	0.0167741	0.418306	0.0351305	0.155121	0.0527068	0.295198	0.263101	0.218875	0.0277695	-0.0388108	0.0506422	0.13326	-0.0475956	0.173212	0.184852	
0.150139	0.147821	0.177273	0.248206	0.00846358	0.206449	0.0419882	0.698581	-0.0430841	0.00923027	0.00363547	0.00854501	0.418306	0.0831395	0.070883	0.0527068	0.287842	0.212327	0.151576	0.0443037	-0.0236873	0.0532916	0.0844692	-0.0361284	0.225833	0.184852	
0.149308	0.158612	0.177273	0.248206	0.00846358	0.156541	0.0419882	0.700463	-0.0413969	0.0640727	-0.0177261	0.00854501	0.418306	0.0966266	0.139112	0.0508245	0.318956	0.247596	0.153459	0.0341494	-0.0294869	0.02031	0.0863515	-0.0361284	0.187957	0.186734	0	
0.149308	0.158612	0.177273	0.265714	0.00846358	0.269916	0.0448553	0.745933	-0.0551648	0.00424145	0.0176246	0.00854501	0.423812	0.0774943	0.175217	0.0401552	0.339977	0.278559	0.167662	0.0432777	-0.0294869	0.0287193	0.0970208	-0.0229284	0.198627	0.197404	0.0203466	
0.135088	0.158612	0.153315	0.23866	0.00846358	0.269916	0.0509045	0.745933	-0.0338214	-0.00151161	0.00279502	0.0283812	0.423812	0.0397423	0.178334	0.0401552	0.28669	0.278559	0.113631	0.0432777	-0.0435465	0.0230054	0.101274	-0.0495715	0.198627	0.197404	
0.109601	0.158612	0.16146	0.281153	0.00846358	0.269916	0.0509045	0.752443	-0.0204876	0.0138646	0.0133087	0.0227583	0.423812	0.0356291	0.170418	0.0336446	0.28669	0.31873	0.156947	0.0432777	-0.0435465	0.0417306	0.104933	-0.047776	0.284189	0.203914	-0.0224521	0	
0.109601	0.155764	0.16146	0.317078	0.00846358	0.269916	0.0380311	0.752443	-0.038897	0.0138646	0.00285113	0.0227583	0.589438	0.0897553	0.0715487	0.0336446	0.24558	0.422873	0.189756	0.0432777	-0.0311174	0.023441	0.143874	-0.0350239	0.332134	0.203914	0	
0.109601	0.11642	0.157758	0.297084	0.00846358	0.251135	0.0512409	0.749586	-0.0246345	0.0138646	-0.000685491	0.0205379	0.542644	0.0595268	0.0442217	0.0365017	0.200448	0.454938	0.176607	0.0432777	-0.0311174	0.023441	0.141017	-0.0419369	0.290344	0.201057	0	
0.105275	0.116952	0.15829	0.255696	0.00793146	0.224269	0.0502733	0.749586	-0.0246345	0.029767	0.0743276	0.0172587	0.613075	0.0586495	0.0739622	0.0365017	0.160792	0.446639	0.263396	0.0432777	-0.025419	0.0361606	0.141017	-0.0270205	0.402461	0.185227	0.000985284	-0.0161349	0.00443516	
0.10806	0.116952	0.180304	0.241306	0.00793146	0.252825	0.0550362	0.749586	-0.00690047	0.0291416	0.0480477	0.0172587	0.674628	0.0169555	0.0559195	0.0365017	0.163502	0.446639	0.134277	0.0432777	-0.028606	0.0361606	0.111667	-0.0269912	0.329439	0.185227	
0.150811	0.116952	0.180304	0.241306	0.00793146	0.258695	0.0550362	0.749586	-0.00984587	0.0383872	0.0584092	0.0172587	0.642492	0.0956686	0.0943604	0.0365017	0.180281	0.425578	0.0441711	0.0350466	-0.0356003	0.0272118	0.111667	-0.0295398	0.587994	0.200064	
0.14828	0.116952	0.180304	0.241306	0.00793146	0.258695	0.0550362	0.749586	-0.0541284	0.00368082	0.0584092	0.013386	0.633411	0.0366706	0.13899	0.0365017	0.180281	0.425578	0.0930166	0.0350466	-0.0266907	0.0272118	0.0788948	-0.0342239	0.470808	0.200064	
0.162507	0.124068	0.194699	0.255066	0.00793146	0.310682	0.0550362	0.755466	-0.0431238	0.0280582	0.0649493	-0.0212032	0.633411	0.0168653	0.161096	0.0365017	0.187886	0.395792	0.12521	0.044334	-0.0172403	0.0500038	0.125032	-0.0278827	0.360662	0.173058	
0.162507	0.117546	0.202239	0.285924	0.00793146	0.310682	0.0396476	0.755466	-0.0367972	-0.0122621	0.0571521	-0.0154241	0.633411	0.0312941	0.0703152	0.0365017	0.178343	0.395792	0.0687454	0.044334	-0.0267253	0.0500038	0.0936133	-0.0375875	0.346224	0.219542	0	-0.00658977	0	
0.162507	0.115734	0.200428	0.305182	0.00974279	0.310682	0.0361627	0.755466	-0.037464	-0.0122621	0.0772187	-0.00248926	0.690889	0.00483534	0.167932	0.0365017	0.169622	0.395792	0.120591	0.044334	-0.0267253	-0.000830106	0.0936133	-0.0134643	0.346224	0.219542	0.0488531	
0.129638	0.105109	0.200428	0.297832	0.00974279	0.363745	0.0361627	0.761611	-0.0149695	0.0416641	0.0772187	-0.025704	0.619916	0.0636165	0.167932	0.0303573	0.172229	0.395792	0.00707602	0.044334	-0.0267253	0.0194323	0.0997577	-0.0128937	0.324884	0.225686	
0.129638	0.105109	0.200428	0.326816	0.00974279	0.363745	0.0361627	0.761611	-0.00926969	0.0249079	0.0479176	-0.00700044	0.659826	0.106185	0.255215	0.0303573	0.189413	0.395792	0.0845322	0.044334	-0.0267253	0.0210913	0.109573	-0.031338	0.347456	0.228149	-0.057547	-0.0300811	
0.122301	0.0963687	0.209245	0.392893	0.00974279	0.363745	0.0361627	0.761611	-0.010735	0.0608235	0.0485187	-0.010866	0.587468	0.0856386	0.246204	0.0303573	0.189413	0.395792	0.126579	0.044334	-0.0306248	0.035934	0.0870036	-0.0388591	0.278717	0.212208	0	
0.135369	0.098841	0.211717	0.302701	0.00727051	0.329955	0.0387527	0.761611	-0.007533	0.0483986	0.0607202	-0.0166643	0.65149	0.027256	0.298884	0.0303573	0.188582	0.464198	0.176383	0.044334	-0.0320277	0.0102822	0.122562	-0.037692	0.370643	0.261378	
0.153632	0.098841	0.219719	0.338478	0.00727051	0.267206	0.046791	0.761611	-0.0208765	0.0483986	0.0161505	0.0012575	0.590683	0.00636403	0.298884	0.0303573	0.211348	0.464198	0.297351	0.046637	-0.0387097	0.0420045	0.132096	-0.0265974	0.179681	0.203124	0.0327483	
0.127618	0.07116	0.210721	0.231981	0.00727051	0.267206	0.046791	0.761611	-0.00090616	0.0483986	0.0217531	0.0012575	0.622469	0.0726538	0.275972	0.0303573	0.211348	0.46663	0.243539	0.046637	-0.0387097	0.0478154	0.132096	-0.035554	0.16794	0.203124	0.0100122	0	
0.157468	0.0986756	0.210721	0.203234	0.00727051	0.253262	0.0493355	0.761611	-0.0266485	0.0549032	0.0311132	0.0012575	0.622469	0.0808806	0.295119	0.0303573	0.218651	0.46663	0.0936492	0.0435931	-0.0245581	0.040716	0.132096	-0.035554	0.276332	0.258329	0	0.00434278	
0.157468	0.0870528	0.199118	0.340009	0.00727051	0.253262	0.0493355	0.767716	-0.0412791	0.035089	0.024294	-0.00363625	0.622469	0.0627403	0.244985	0.0242519	0.217897	0.637601	0.04178	0.043791	-0.033233	0.0267518	0.115277	-0.035554	0.156653	0.264435	0	0.0527413	
0.124541	0.0870528	0.181383	0.222888	0.00727051	0.236148	0.0389379	0.767716	-0.0190544	0.0783192	0.00647979	-0.00183279	0.538593	0.105403	0.244985	0.0242519	0.206201	0.642274	0.147068	0.043791	-0.0346546	0.0267518	0.115277	-0.048405	0.151062	0.264435	0	-0.0153042	-0.0215696	
0.145725	0.0870528	0.181383	0.232708	0.00727051	0.281952	0.0408343	0.767716	-0.0226227	0.033439	0.00647979	-0.0136331	0.54741	0.0585589	0.244985	0.0242519	0.229295	0.550591	0.133971	0.043791	-0.0214275	0.0884198	0.115277	-0.0300441	0.151062	0.286562	
0.167727	0.0870528	0.181383	0.31586	0.00727051	0.20791	0.0408343	0.764859	-0.0360062	0.0591821	0.0287006	-0.0136331	0.540815	0.0904435	0.244985	0.0271092	0.303593	0.485329	0.054992	0.043791	-0.0145177	0.0252541	0.0825994	-0.0396535	0.254478	0.283704	
0.178484	0.0674534	0.154464	0.29266	0.00727051	0.160973	0.0548714	0.764859	-0.0124941	0.060174	0.0287006	-0.000967339	0.540815	0.0371033	0.206626	0.0271092	0.209138	0.605772	0.0815412	0.043791	-0.0302092	0.0307779	0.119479	-0.0410217	0.199784	0.301798	0.0423583	
0.178484	0.0674534	0.154464	0.293533	0.00727051	0.190785	0.0548714	0.764859	-0.00173278	0.0704229	0.0287006	-0.0145429	0.575207	0.057925	0.251681	0.0271092	0.212405	0.475778	0.114947	0.0470581	-0.0302092	0.0276597	0.118566	-0.00351479	0.257444	0.301798	
0.151817	0.0674534	0.154464	0.28364	0.00817204	0.23624	0.0548714	0.764859	0.0225937	0.0509393	-0.00569773	-0.00459504	0.576108	0.060245	0.29829	0.0280108	0.212405	0.389126	0.123863	0.0461566	-0.0288989	0.0353895	0.120806	-0.0204175	0.140561	0.301798	
0.153056	0.0786752	0.154464	0.32041	0.00941169	0.371982	0.0332054	0.764859	0.0233616	0.0804939	-0.00445808	0.00641087	0.524662	0.0221644	0.299529	0.0292504	0.204559	0.388772	0.0952638	0.044917	-0.010774	0.0646939	0.0925825	-0.013342	0.228232	0.301798	
0.163827	0.0786752	0.154464	0.408975	0.00941169	0.390694	0.0342828	0.764859	-0.0219295	0.0754582	0.0233861	0.00703952	0.524662	0.0643582	0.313485	0.0292504	0.202016	0.424108	0.0445629	0.0423741	-0.00826744	0.0646939	0.0925825	-0.0429828	0.319971	0.269326	
0.139872	0.0786752	0.198979	0.399186	0.00941169	0.316913	0.0332756	0.770053	-0.0336508	0.0860738	-0.0257758	0.00993233	0.524662	0.0485966	0.263481	0.0240567	0.202016	0.440033	0.0733085	0.0423741	-0.0191914	0.0531721	0.0823795	0.0106307	0.214247	0.266746	
0.139872	0.0786752	0.197364	0.302295	0.00941169	0.316913	0.0332756	0.772592	-0.0336508	0.155375	-0.0453268	-0.00154358	0.521961	0.0852319	0.267828	0.0215168	0.184301	0.477152	0.12588	0.0423085	-0.0261675	0.0430716	0.0923352	0.0106307	0.216787	0.247486	
0.15632	0.0786752	0.197364	0.322158	0.00941169	0.316913	0.0467826	0.809428	-0.0336508	0.149617	-0.0223289	0.0088461	0.477961	0.0787247	0.223474	0.0215168	0.17624	0.457733	0.107058	0.0442459	-0.0261675	0.0430716	0.0923352	0.0033562	0.158068	0.23942	
0.15632	0.0786752	0.197364	0.298348	0.00941169	0.316913	0.0467826	0.798545	-0.010521	0.16484	0.00940752	0.00494523	0.615222	0.0787247	0.212583	0.0215168	0.174405	0.464156	0.0819348	0.0463498	-0.0261675	0.0121856	0.12807	-0.0267353	0.240376	0.282284	-0.0077722	
0.157066	0.0623395	0.204269	0.26868	0.00941169	0.296337	0.0467826	0.765894	-0.0191281	0.151237	0.00235367	0.013686	0.615222	0.0921713	0.178234	0.0263267	0.177334	0.464156	0.044048	0.0461572	-0.00891136	-0.00193998	0.105172	-0.0220734	0.213371	0.277475	
0.191019	0.0623395	0.204987	0.26868	0.00941169	0.239156	0.0457476	0.767881	-0.0271624	0.151237	0.00036663	0.00567266	0.615222	0.0757956	0.189844	0.0243392	0.207719	0.430407	0.047868	0.046445	-0.00891136	0.040187	0.107159	-0.0200651	0.305962	0.279462	0	
