-0.0669243	0.153322	0.00177271	0.00732457	0.176128	0.0545164	0.285138	0	0	0	0.0515903	0	0	0	0	0	0	0	0	0	0	0	0	0	0	0	0	0	0	0	0	0	0	0	0	0	0	0	0	0	0	0	0	0	0	0	0	0	0	0	0	0	0	0	0	0	0	0	0	0	0	0	0	0	0	0	0	0	0	0	0	0	0	0	0	0	0	0	
-0.0661073	0.153322	0.000955754	0.00732457	0.176128	0.0553333	0.309509	0.0122978	-0.00460286	0.000816953	0.0432874	0.00416456	-0.0215659	0.124593	0	-0.0167828	0.00562958	0.056193	0	-0.0485758	-0.0530196	0.0665796	0.0321158	0.0449455	0.000816953	0	-0.00120679	-0.0677	-0.020686	0.00177271	0.0715472	-0.00218682	-0.0477974	-0.0128564	-0.021482	-0.0269484	0.0301662	0	0	-0.00272888	0	-0.0420564	0.000329392	0.108245	0.00338962	0	0.000816953	-0.0472464	0.234926	0.00380955	0.0502477	-0.0140025	0.0571929	
-0.0669322	0.153322	0.000955754	0.00732457	0.176128	0.0553333	0.298218	0.00787093	-0.00263382	0.0521327	-0.0358147	0	-0.0199963	-0.00460286	0.00502277	0.0321158	0.0561799	0.147744	0.00181829	0.0149318	0.0338675	0.00562958	-0.0487958	-0.0530592	-0.00201462	0.155311	-0.000528193	0	0.0429494	0.00146814	0.234926	0.0474677	
-0.0669322	-0.00819249	0.000955754	0.00732457	0.13224	0.0524954	0.298218	0.0284531	-0.0293115	0.0223266	0	0.0430203	0.0429494	0	0.278734	0.0395925	-0.00263382	0.0398599	0.0131134	-0.00135628	0.155311	-0.0425785	0.078476	0.0917277	0.0152574	-0.0443189	0.148079	
-0.0648523	-0.0248019	-0.000708724	0.00732457	0.13224	0.0814433	0.361587	0.0284531	0.0430203	-0.00190066	0.125015	0	0.0446139	0.0436856	0.156975	0.01004	0.0185683	0.00747339	-0.00402412	0.0138689	0.078476	0.0339037	0.31142	0	-0.0443189	0.148079	
-0.0648523	0.00747339	-0.000708724	0.00212331	0.135104	0.0488894	0.274733	-0.0287542	0.0248303	0.0495342	-0.0187852	0.0549436	-0.00883103	-0.0339964	0.0339435	0.156975	0.0677301	0.127864	-0.0213768	0.0797921	0.0196546	0.130216	0.251004	
-0.0626687	0.00747339	-0.000708724	0.00212331	0.127276	0.0488894	0.156975	-0.0613498	0.0157917	0.0588692	0.311208	0.0203126	-0.011135	0.0499282	0.127864	0.0482572	0.0165675	-0.0414694	0.0566136	0.212611	0.181132	0.0312254	
-0.0667215	0.0123997	0.0042176	0.00704964	0.127276	0.0522009	0.184534	-0.0591236	0.0433755	0.0388356	0.0261522	0.26231	0.0342676	-0.0208371	0.0171866	0.0485393	0.0677963	0.126045	-0.0627682	0.230879	0.172382	
-0.0580952	0.0123997	0.000215465	0.00704964	0.154566	0.0277789	0.290448	-0.000795291	0.00952456	0.012808	0.0574079	0.301936	0.0239965	0.0155397	0.0429794	0.0276036	0.0834595	-0.0614201	0.207003	-0.00407839	0.225746	
-0.0581729	0.0130298	0.000845512	0.00767969	0.181048	0.0669636	0.227034	-0.0116402	0.0231174	0.0454552	0.0418055	0.338475	0.0296127	-0.0126482	0.0843407	0.0857732	-0.0398649	0.323884	0.170987	
-0.0581729	0.00488327	0.000845512	0.00767969	0.145762	0.0650989	0.207203	-0.0307968	0.0231174	0.0168939	0.0708466	0.323414	0.0342033	-0.0179362	0.00603117	0.00568277	0.0680405	-0.0304632	0.093498	0.0353027	
-0.0587661	0.00488327	0.000845512	0.00767969	0.145762	0.0440674	0.244536	-0.0793635	0.0572814	0.043808	0.00616197	0.323414	0.0464127	0.00706488	-0.0335536	0.0788716	-0.0492306	0.0970957	0.0312845	0.0412622	
-0.0630002	-0.00152831	0.0549076	0.00978472	0.117608	0.0340913	0.229575	-0.0502239	-0.0694285	0.0326577	0.0281645	0.303425	0.0487865	-0.0440534	0.0367833	0.0103718	0.0657643	0.132886	0.018888	0	
-0.0700434	-0.00152831	0.107153	0.0103474	0.114196	0.0255411	0.205415	-0.0569536	-0.0617015	0.0897206	0.056032	0.305382	0.0591055	-0.0834028	0.0493434	-0.0480202	0.0550544	0.0766245	0	
-0.0616739	0.00169114	0.126209	0.0135669	0.173597	0.0331428	0.237425	-0.0561009	-0.0574894	0.0529051	0.0730678	0.275657	0.0564486	-0.0930818	0.0254039	-0.0357698	0.0888158	0.18978	
-0.059364	0.00169114	0.110825	0.0135669	0.179977	0.0331428	0.237425	-0.0426835	-0.0496385	0.0657514	0.035339	0.285905	0.0564486	-0.0538403	0.0613453	0.0341815	0.0888158	0.194551	0	
-0.059364	0.00169114	0.0962121	0.0135669	0.179977	0.0272056	0.237425	-0.078429	-0.0709386	0.0737622	0.035339	0.385441	0.0598434	-0.0682123	0.0423984	-0.0468031	0.123371	0.274186	0.0646096	0.0062255	
-0.0577531	0.00169114	0.0785968	0.0135669	0.211711	0.0188055	0.237425	-0.0579584	-0.0801795	0.0737622	0.0402441	0.282145	0.0659881	-0.0579598	0.0393286	0.00171069	0.0960532	0.101323	0	0	0.00339538	
-0.0585209	0.00239366	0.105086	0.0142694	0.11619	-0.00464074	0.240274	-0.0459237	-0.0835817	0.083576	0.0421571	0.385697	0.0601441	-0.0577615	0.0883029	-0.021103	0.0992414	0.189632	-0.00818142	-0.0188092	0.0781121	-0.000877642	
-0.0558582	0.00289517	0.0812432	0.0142694	0.177041	0.0216307	0.23705	-0.0507467	-0.0773199	0.0822048	0.0698671	0.392006	0.0601441	-0.0449051	-0.0348986	-0.00601006	0.0999858	0.197377	0	
-0.0671027	0.00289517	0.115057	0.0141504	0.156465	0.0216307	0.23159	-0.0617164	-0.08519	0.0355207	0.0572143	0.399439	0.0601441	-0.0279848	0.021355	-0.0625718	0.101153	0.250054	0.0353006	
-0.0671027	0.00289517	0.0746652	0.0121085	0.148404	0.0216307	0.23159	-0.0213891	0.0534107	0.0826902	0.343625	0.0503032	-0.0295606	0.0660469	-0.0325067	0.106666	0.202173	
-0.0488932	0.00289517	0.0402657	0.0121085	0.137466	0.00344364	0.23159	-0.0312803	0.0494548	0.0351797	0.391969	0.0513901	-0.0498978	0.0907377	-0.0570321	0.0809438	0.58056	-0.0171295	
-0.0427313	0.00124996	0.0465584	0.0121085	0.170121	0.00719841	0.192916	-0.0305431	-0.00423753	0.264497	0.0640934	0.289678	0.0513901	-0.0290711	0.207534	0.0349816	0.0904405	
-0.0485733	0.00124996	-0.00515125	0.0121085	0.170121	0.0164527	0.201682	-0.00296513	0.0407454	0.603933	0.0403347	0.341042	0.0513901	-0.0598806	0.189719	0.173888	0.112281	
-0.0485733	0.00124996	-0.00515125	0.0121085	0.170121	0.0194786	0.214194	0.0337621	0.0574008	0.557932	0.0158371	0.298395	0.0442062	-0.0656414	0.319121	0.0432418	0.124277	
-0.0485733	0.00124996	-0.00637987	0.0121085	0.19171	0.0239806	0.214194	0.0760752	0.0202449	0.500019	0.0595934	0.38716	0.0519272	-0.0502711	0.321742	0.0496715	0.111715	0.0626892	0	0	
-0.0331835	-0.000244387	-0.0167731	0.0119503	0.14784	0.0227159	0.21553	0.0760752	0.0854734	0.340365	0.0877307	0.333901	0.0448478	0.373337	-0.0706767	0	0.0998633	0.0747106	-0.0518057	
-0.0342567	0.000551403	-0.0653077	0.00815274	0.152434	0.0227159	0.21553	0.070008	0.0745852	0.451896	0.0272824	0.327671	0.044052	0.476974	-0.0642326	0.0772754	0.100659	0.0837319	0	
-0.036109	0.000551403	-0.0595234	0.0139781	0.146608	0.0227159	0.219851	0.0573378	0.0361628	0.973484	0.0114564	0.327671	0.044052	0.471149	-0.0749177	0.108895	0.0895608	0.0849387	
-0.0483839	0.000551403	-0.0482251	0.0139781	0.143853	0.0227159	0.198158	0.0436709	0.0162255	0.656243	0.00618297	0.386883	0.0432778	0.471149	-0.0670049	0.183111	0.0895608	0.121731	0	0.0226372	
-0.0483839	0.000551403	-0.058711	0.0139781	0.235894	0.0181959	0.198158	0.0436709	0.0821842	1.27717	0.101413	0.386883	0.0505724	0.471149	-0.0527579	0.122853	0.0945684	0.116129	0.0193872	-0.116129	0.267749	
-0.0553388	0.000551403	-0.0531937	0.0139031	0.182697	0.0239169	0.188572	0.043746	0.0154127	1.06284	0.0796131	0.358648	0.0524988	0.768364	-0.0361263	0.128365	0.113442	0.116204	
-0.0557739	0.00100001	-0.0651071	0.0143517	0.138259	0.0113183	0.188572	0.0330661	0.0249161	0.287211	0.0796131	0.354874	0.0520502	0.519878	-0.054152	0.141904	0.0695738	0.116204	-0.0446313	
-0.0486437	0.00100001	-0.063153	0.0141934	0.122887	0.0282575	0.188572	0.00651837	0.0436886	0.56871	0.0582094	0.331837	0.0540721	0.520036	0.0287925	0.15765	0.0717025	0.096405	
-0.0486437	-0.000242595	-0.0435948	0.0112619	0.144711	0.0202972	0.204414	-0.0278301	0.0557351	0.478927	-0.0091349	0.331837	0.0553147	0.496271	-0.00341223	0.172787	0.0840674	0.0799216	-0.0466036	
-0.0486437	-7.33479e-05	-0.0294746	0.0114312	0.153515	0.0334347	0.204414	0.00276035	0.0858857	0.658006	0.00836699	0.34571	0.0551454	0.466064	-0.034416	0.238394	0.0577303	0.103549	0	
-0.0486437	-7.33479e-05	-0.0294746	0.0114312	0.216458	0.0334347	0.204028	0.00841288	0.07768	0.658006	0.0686178	0.298257	0.0497773	0.4069	-0.0252826	0.0886395	0.112854	0.0353441	
-0.0369714	-7.33479e-05	-0.0298467	0.0114312	0.23394	0.0334347	0.217959	0.00841288	0.0722411	1.01912	0.0950613	0.410305	0.0547156	0.514349	-0.0214632	0.08862	0.114242	
-0.0375305	-7.33479e-05	-0.00716043	0.0114312	0.163299	0.0334347	0.223945	0.000432036	0.0470719	0.893461	0.123582	0.433024	0.0488239	0.608417	-0.0211242	0.0936407	0.114242	0.0276422	-0.0237002	0	
-0.0339427	-0.00209097	0.00235114	0.00941356	0.0556959	0.0363472	0.224313	-0.0312319	0.0173282	0.716743	0.0939901	0.391204	0.0508415	0.61548	0.0371343	0.0623677	0.114242	0.015961	
-0.0477999	-0.00209097	-0.0168992	0.00941356	0.105304	0.0326518	0.224313	-0.0419136	0.0600945	0.75083	0.08485	0.370998	0.0451669	0.726667	0.0486603	0.0985604	0.106383	0	
-0.0400444	-0.00237056	-0.0249956	0.0120047	0.123083	0.0329314	0.22943	-0.0638782	0.0689744	0.447871	0.0822589	0.366838	0.0451669	0.807204	0.0516373	0.0985604	0.103792	
-0.0400444	-0.00320211	0.0164305	0.00968284	0.161975	0.00903397	0.205359	-0.0324977	0.0557105	0.26456	0.0852416	0.296306	0.0445814	0.808695	-0.0275627	0.0977289	0.067768	
-0.0256661	-0.00548308	0.0210935	0.00740187	0.187223	0.00903397	0.21927	-0.0375067	0.0715166	0.281135	0.0865254	0.287848	0.0480313	0.652127	0.0254768	0.100892	0.0871258	0	
-0.0317877	-0.00548308	0.0142503	0.00740187	0.150506	0.0144747	0.240753	-0.0663528	0.0297631	0.0778051	0.116809	0.327403	0.0480313	0.652127	-0.0129822	0.136134	0.110557	0	0.0242687	0	
-0.0431311	-0.00548308	-0.0320228	0.00740187	0.181714	0.0214383	0.221527	-0.0820785	0	0.346287	0.0831922	0.337106	0.0571667	0.685851	0.0587043	0.129702	0.110557	0.0284215	-0.0736736	
-0.0430378	-0.00548308	-0.0334662	0.00740187	0.128996	0.0177791	0.226147	-0.0607757	0.0284215	0.178811	0.139917	0.337715	0.0571667	0.685851	0.0830535	0.214076	0.110557	-0.0565329	
-0.0530799	-0.00548308	-0.0405351	0.00740187	0.128996	0.0235518	0.226118	-0.0297136	0.0440299	0.38044	0.141989	0.382176	0.0571667	0.627411	0.0790709	0.214076	0.081829	0.0289068	-0.0499559	
-0.060687	-0.00548308	-0.0186801	0.00740187	0.137503	0.0161981	0.226118	-0.0536997	0.0286768	0.44987	0.0768359	0.333257	0.0503881	0.725553	0.0367413	0.185177	0.081829	
-0.0622231	-0.00548308	-0.0142873	0.00740187	0.21099	0.0409844	0.226118	-0.0728237	0.0219808	0.786496	0.0181845	0.341842	0.0325433	0.721339	0.0665543	0.185177	0.081829	0.00412217	0	
-0.061322	-0.00548308	-0.0142873	0.0102183	0.208174	0.0288095	0.20313	0.0195025	0.0229878	0.978497	0.0513699	0.341842	0.0325433	0.718523	0.0405859	0.155587	0.0600889	-0.00176853	
-0.0634345	-0.00548308	-0.0150859	0.00955462	0.190166	0.0288095	0.192218	-0.0381369	0.0295983	0.82483	0.0473048	0.287851	0.0323293	0.719187	0.0589523	0.159106	0.0549205	0.052721	-0.00955462	0.0071088	
-0.0645111	-0.00548308	0.00830379	0.00955462	0.18221	0.017895	0.192218	-0.0664664	0.0295983	1.15201	0.0455432	0.372602	0.0374748	0.636437	0.104079	0.161855	0.0583844	
-0.0657031	-0.00548308	0.00178093	0.00955462	0.170966	0.0128379	0.179663	-0.057681	0.023618	0.815124	0.0634655	0.388357	0.0374748	0.410253	0.104079	0.14629	0.0724826	
-0.0624153	-0.00548308	0.0383091	0.00650574	0.180413	0.00701388	0.196262	-0.0838589	0.023618	0.510355	0.070096	0.419079	0.047446	0.413302	0.0452838	0.164282	0.0650795	0.0209126	
-0.0624153	-0.00548308	0.0337316	0.00272835	0.128817	0.0203072	0.224863	-0.0505996	0.0258888	0.514132	0.0738734	0.411183	0.047446	0.472098	0.054502	0.164282	0.0688569	
-0.0505861	-0.00902969	-0.0408312	0.00089767	0.114339	0.0105838	0.227742	-0.0246195	0.0244332	0.416607	0.0569546	0.479271	0.0372055	0.3669	0.0580487	0.146331	0.0630186	
-0.0552566	-0.00902969	-0.0250853	0.00089767	0.125545	0.0196883	0.227742	-0.0319728	0.0244332	0.227232	0.0522808	0.441959	0.0363369	0.175896	0.072003	0.0813078	0.0589774	0.031603	0.0407313	
-0.0552566	-0.00902969	-0.0609261	0.00089767	0.125545	0.0196883	0.208885	-0.0212998	0.0359372	0.545204	0.128972	0.570278	0.0452511	0.127701	0.0756635	0.0847113	0.0589774	0.0810417	
-0.0576106	-0.0112839	-0.0589366	0.00089767	0.19271	0.0010389	0.22031	-0.0194038	0.0510002	0.153339	0.111776	0.440454	0.0467344	0.0969055	0.0731924	0.0934273	0.0587269	0.0779962	0	
-0.0476849	-0.0112839	-0.036192	0.00089767	0.19271	0.0109436	0.252996	-0.00193123	0.0446851	0.177394	0.0585666	0.440454	0.0444547	0.0873117	0.0562916	0.118027	0.0587269	0.0779962	
-0.0498897	-0.0112839	-0.0467772	0.00089767	0.199517	0.032448	0.202026	-0.0627047	0.0852432	0.451493	0.0845579	0.370215	0.0470609	0.205296	0.0770497	0.118027	0.0504864	0.0816862	0	
-0.055051	-0.0112839	-0.0626678	0.00089767	0.143045	0.0219956	0.234913	-0.0665441	0.0852432	0.222149	0.136895	0.370215	0.0470609	0.0936289	0.0407501	0.118027	0.0958992	0.0503199	0.0545753	
-0.0453933	-0.0112839	-0.0571382	0.00089767	0.0858566	0.00558858	0.234913	-0.0385814	0.0852432	0.0918776	0.164704	0.334655	0.0498323	0.0310592	0.0407501	0.130217	0.110928	0.0408436	0.03642	
-0.0544919	-0.0112839	-0.0172861	0.00089767	0.0864006	0.0193466	0.234913	-0.0450412	0.0852432	0.229418	0.137059	0.379595	0.0670314	0.0539257	0.0407501	0.118705	0.1085	0.029472	0.0121816	
-0.0518772	-0.0089857	-0.0137959	0.00319588	0.118076	0.0172035	0.234913	-0.0284566	0.0740844	0.423	0.12929	0.366622	0.0713237	-0.0188502	0.103212	0.141807	0.0920725	0.029472	
-0.0522404	-0.0089857	-0.0333917	0.00463994	0.145857	0.031893	0.234913	-0.0591074	0.0740844	0.323969	0.187483	0.366622	0.0735213	-0.0219288	0.0747295	0.157094	0.0906285	0.028028	0	0	
-0.0482298	-0.0129963	-0.0227427	0.00463994	0.170856	0.0359036	0.250536	-0.0892002	0.078095	0.157595	0.164818	0.426272	0.0740477	-0.0612245	0.107071	0.10892	0.120412	0.028028	0	
-0.0466321	-0.0138776	0.00785499	0.00409192	0.167984	0.0298196	0.287206	-0.0749207	0.078095	0.24345	0.276092	0.445886	0.070737	-0.0701434	0.0929755	0.108039	0.120079	0.0386227	
-0.0463666	-0.0138776	-0.0276546	0.00167632	0.15471	0.0198618	0.287738	-0.0380385	0.0880805	0.165446	0.293589	0.439608	0.063804	-0.108033	0.0943654	0.158662	0.118212	0.0279046	
-0.0432945	-0.0169497	0.0025678	0.00107489	0.11917	0.0229338	0.29081	-0.0273878	0.0944446	0.503171	0.326355	0.496533	0.063804	-0.0869511	0.0974375	0.17774	0.118813	0.0369572	0	
-0.0432945	-0.0167657	0.0306967	0.00125894	0.143511	0.0255323	0.295058	-0.0248325	0.0710639	0.315317	0.326355	0.33545	0.0636199	-0.091019	0.112474	0.174022	0.116126	0.0219781	-0.0125512	
-0.0482124	-0.0165389	0.00176161	0.00125894	0.122192	0.0385765	0.294831	-0.000288732	0.0649393	0.437402	0.290362	0.402816	0.0656458	-0.0810489	0.124189	0.174022	0.118226	0.0219781	
-0.0483307	-0.0164206	-0.00350818	-0.00142274	0.108367	0.0449051	0.286378	-0.0428959	0.0964416	0.688988	0.215804	0.350105	0.0656458	-0.0720336	0.0894637	0.174022	0.120239	0.0246598	0.0456815	0.0204432	
-0.0438624	-0.0208889	0.0049759	-0.00142274	0.129429	0.0493733	0.22067	-0.0150026	0.0763163	0.552664	0.240962	0.381137	0.0712356	-0.0444489	0.0791397	0.148685	0.114396	0.0246598	
-0.0391973	-0.0233614	0.0211124	-0.00207855	0.165245	0.0515155	0.222812	-0.0418841	0.0784585	0.560968	0.249342	0.428946	0.0686324	-0.0138328	0.0926262	0.127273	0.114721	0.0249852	0	-0.0100046	-0.0285928	0	
-0.0385862	-0.0233614	0.00660381	-0.00207855	0.126806	0.0627251	0.243213	-0.0273847	0.0835122	0.239507	0.25872	0.414289	0.0675545	-0.00369475	0.0988246	0.127273	0.0955169	0.0258204	-0.0285489	
-0.0360888	-0.0233614	-0.0147018	-0.00207855	0.143535	0.0527625	0.245952	-0.00763239	0.0857794	0.341981	0.165526	0.372241	0.0675545	-0.0124844	0.0988246	0.104665	0.133943	0.0258204	-0.00207855	
-0.0251672	-0.0233614	-0.0260705	-0.00207855	0.143535	0.0527625	0.245952	-0.0209241	0.0857794	0.485478	0.227522	0.331482	0.0521732	0.00910023	0.102771	0.104665	0.142903	0.0258204	0	
-0.0194435	-0.0232152	-0.0379568	0.000303365	0.180014	0.0568445	0.253894	-0.0611962	0.0856331	0.422222	0.115284	0.388499	0.0534726	0.00961833	0.0642116	0.127909	0.104393	0.0331065	0	
-0.0313767	-0.0232152	-0.0339126	0.000303365	0.227112	0.0568445	0.223494	-0.0241075	0.0768017	0.398294	0.120855	0.447343	0.05924	-0.0963614	0.0526639	0.148023	0.104393	0.0330381	0.0046212	
-0.0327717	-0.0232152	-0.0349161	0.000303365	0.196895	0.0522869	0.223494	-0.0268065	0.0924398	0.333442	0.166941	0.48063	0.0643605	-0.0702573	0.104131	0.171159	0.104393	0.0181449	
-0.03309	-0.0232152	-0.0183418	0.000303365	0.196895	0.0491944	0.223494	-0.0469369	0.0813172	0.44595	0.166941	0.48063	0.0693504	-0.0545401	0.0827273	0.191267	0.104393	0.0181449	0	
-0.0363179	-0.0232152	-0.0188985	0.000303365	0.205263	0.0491944	0.223494	-0.0206008	0.0813172	0.242676	0.179854	0.41712	0.0789798	-0.099801	0.0901444	0.107575	0.0944423	0.0104119	
-0.0393276	-0.0209129	-0.0405936	0.00260564	0.235688	0.0394709	0.223494	-0.0324911	0.0886559	0.364042	0.110296	0.41712	0.0724553	-0.0270048	0.0823335	0.0972702	0.0944423	0.0251715	0.0732885	
-0.0327225	-0.0209129	-0.0362703	0.00260564	0.239656	0.0892842	0.223494	-0.0220226	0.0783668	0.0508526	0.0545216	0.430325	0.0767222	-0.109427	0.0585468	0.163388	0.0697426	0.0239744	-0.0223132	0	0	
-0.0374857	-0.0209129	-0.00854033	0.00474315	0.234668	0.0577027	0.223494	-0.0496438	0.0783668	0.110645	0.111481	0.430325	0.0767222	-0.107494	0.0465982	0.129748	0.0688525	0.0233145	0.00111364	
-0.0368765	-0.0209129	0	0.00606374	0.256852	0.0577027	0.196032	-0.0470242	0.0604435	0.170512	0.138936	0.430325	0.0767645	-0.0933713	0.0527604	0.115206	0.0720565	0.0219939	0.0283804	
-0.0332446	-0.0206747	0.0188565	0.00606374	0.164049	0.0564165	0.215383	-0.00956678	0.456665	0.193836	0.482559	0.0790247	-0.0304507	0.080363	0.130209	0.0720565	0.0720037	0.0410602	
-0.0225873	-0.0206747	0.0155624	0.00606374	0.200026	0.064268	0.215383	-0.00831993	0.028808	0.279024	0.107796	0.380404	0.0724712	-0.0418565	0.080363	0.130209	0.0768565	0.0720037	0.0582797	0	
-0.0225873	-0.0216128	0.0201853	0.00707863	0.126774	0.0780485	0.201459	-0.0474903	0	0.039975	0.0927605	0.342984	0.0734093	-0.0151467	0.0429484	0.193688	0.0331563	0.0720037	0.113892	0	
-0.0293497	-0.0216128	0.0218137	0.00707863	0.16988	0.0780485	0.207592	-0.0728	0.0491843	0.092059	0.46408	0.0710955	0.000599147	0.0933709	0.193688	0.0779387	0.0895641	0.121341	
-0.0362371	-0.0216128	0.0218137	0.00707863	0.131156	0.0780485	0.227359	-0.0654262	0.120129	0.0369072	0.0336056	0.353758	0.0727268	-0.0538289	0.0618647	0.181729	0.0330418	0.0895641	
-0.0316665	-0.0216128	0.0235916	0.00707863	0.138407	0.0780485	0.227359	-0.0863268	0.14335	0.0369072	0.115957	0.394273	0.0712525	-0.0869068	0.0694199	0.146342	0.0433584	0.0895641	
-0.0325944	-0.0216128	0.0235916	0.00707863	0.158813	0.0486969	0.227359	-0.0499277	0.216945	0.0529275	0.0657243	0.361934	0.0712525	-0.0848471	0.0679761	0.146342	0.0381224	0.0895641	0.0235025	
-0.0291134	-0.0226111	0.0292354	0.00702694	0.188623	0.0290938	0.223291	-0.0479612	0.23614	0.00694044	0.0255021	0.407228	0.0789526	-0.0688054	0.0624238	0.131832	0.0381224	0.0988119	
-0.0291134	-0.0226111	0.0215708	0.00702694	0.188623	0.0517265	0.223291	-0.0520241	0.215741	0.0512049	0.104042	0.468827	0.082175	-0.107409	0.0903667	0.137557	0.0367881	0.0988119	-0.00710046	0	0	
-0.0317542	-0.0226111	0.0271439	0.00702694	0.188623	0.0435429	0.223291	-0.0647746	0.215741	0.0473446	0.0610929	0.468827	0.082175	-0.118732	0.109928	0.170837	0.0685472	0.0988119	
-0.0261771	-0.0217704	0.0271439	0.00786767	0.156177	0.0316934	0.245232	-0.0740323	0.204755	0.0709316	0.0677462	0.514284	0.078347	-0.107975	0.168234	0.173825	0.0624776	0.10258	0.0383703	
-0.0200984	-0.0217704	0.0192399	0.00786767	0.156177	0.0359939	0.252643	-0.0781968	0.200543	0.0476494	0.102179	0.462021	0.0841395	-0.0955996	0.155963	0.185939	0.0475636	0.102665	0.0288022	0.0196614	
-0.0200984	-0.0223396	0.0286114	0.00729849	0.156177	0.0680552	0.259467	-0.0305037	0.194127	0.0856634	0.0641576	0.378822	0.0847087	-0.0980539	0.179287	0.161764	0.0609154	0.102665	0.0514955	
-0.0150011	-0.0223396	0.0234897	0.00729849	0.139396	0.0424405	0.238268	-0.0360391	0.21228	0.0223871	0.114183	0.40661	0.085342	-0.0950937	0.185258	0.214067	0.0535143	0.107269	0.0560824	
-0.0173096	-0.0223396	0.0376172	0.00729849	0.142257	0.0372585	0.212995	-0.0360391	0.224715	0.0358803	0.168074	0.40661	0.0822284	-0.0996016	0.258207	0.221269	0.0535143	0.107269	0.0496135	
-0.0345829	-0.0223396	0.0487298	-0.00381415	0.123893	0.0406473	0.212995	-0.0401682	0.229594	0.0337994	0.138423	0.40661	0.0773768	-0.074357	0.258207	0.197772	0.064627	0.107269	0.0333509	
-0.0345829	-0.0223396	0.0180522	-0.00339878	0.123477	0.0406473	0.222801	-0.0410458	0.229594	0.057153	0.164726	0.459724	0.0661074	-0.0920189	0.236369	0.2438	0.0677703	0.107269	0.0214673	-0.0378496	0	
-0.0342742	-0.0226483	0.0231165	-0.00339878	0.123477	0.040956	0.22311	-0.0381461	0.262486	0.0327491	0.164726	0.435088	0.0691436	-0.0976616	0.196868	0.2438	0.0527982	0.107578	0.0162509	0	
-0.0342742	-0.0226483	0.0354739	-0.00339878	0.156347	0.0376942	0.232318	0.00977579	0.262486	0.0378106	0.206093	0.435088	0.0691436	-0.0823292	0.196868	0.233299	0.0595835	0.107578	0	
-0.0342742	-0.0226483	0.0354739	-0.00339878	0.149697	0.0376942	0.232318	0.013529	0.262486	0.0378106	0.202972	0.435088	0.070878	-0.0936071	0.222892	0.139657	0.0667875	0.0932743	0	0.0234612	
-0.0342742	-0.0232528	0.0354739	-0.00400334	0.130012	0.0376942	0.253779	-0.01657	0.261882	0.0329025	0.179477	0.435088	0.0714825	-0.0985063	0.204655	0.0883022	0.0932743	0.204974	
-0.0342742	-0.0232528	0.0328524	-0.00324427	0.109559	0.0349861	0.271803	-0.0187133	0.282405	0.0475798	0.178718	0.435088	0.0785894	-0.0976035	0.313448	0.0875431	0.0932743	0.15054	0	0.0334481	0	
-0.0412546	-0.0232528	0.0284649	-0.00324427	0.188973	0.0349861	0.271803	-0.0335497	0.282405	0.0799386	0.178718	0.435088	0.0751276	-0.0867602	0.294606	0.0875431	0.0932743	0.15054	
-0.0332154	-0.0232528	0.0264279	-0.00324427	0.165366	0.0301241	0.270993	-0.0473755	0.261104	0.0467539	0.182086	0.466527	0.0751276	-0.0460685	0.319469	0.0875431	0.0932743	0.159503	0.0481299	
-0.0441351	-0.0232528	0.0264279	-0.00324427	0.139278	0.0261763	0.248787	0.0131089	0.279736	0.0693716	0.182086	0.42313	0.0799154	0.0176524	0.319469	0.0862729	0.0932743	0.15306	
-0.0434147	-0.0250036	0.0393436	-0.00427464	0.156705	0.0268966	0.215533	0.0633864	0.247207	0.0537042	0.0982563	0.460403	0.0782879	0.0447757	0.319943	0.0920892	0.0939946	0.191463	
-0.0365241	-0.0253891	0.0506681	-0.00466019	0.191528	0.060411	0.208824	0.0764203	0.246821	0.0319116	0.189932	0.460403	0.0641959	-0.0234683	0.295208	0.0920892	0.0939946	0.130548	0.0105386	
-0.0365241	-0.0253891	0.0506681	-0.00466019	0.224138	0.0359821	0.272054	0.143868	0.286602	0.0443645	0.0210943	0.427311	0.0662521	-0.0292632	0.177473	0.0920892	0.0921169	0.130548	0.0358679	
-0.0343171	-0.0253891	0.0424058	-0.00466019	0.295139	0.0400268	0.272054	0.180264	0.303161	0.0540732	0.00553079	0.42201	0.0569063	0.0249699	0.103047	0.0920892	0.0921169	0.130548	0	-0.0136418	0.352805	
-0.0343171	-0.0253891	0.046538	-0.00879245	0.196982	0.0467607	0.272054	0.21943	0.303161	0.0337376	0.0243312	0.442458	0.0552245	-0.0306019	0.103047	0.0726732	0.0921169	0.0530077	
-0.0352054	-0.0201166	0.0424222	-0.00351992	0.134482	0.0593299	0.278851	0.21943	0.346209	0.0262539	0.16072	0.402458	0.049952	-0.0798627	0.145716	0.0726732	0.104802	0.108322	-0.00851533	
-0.0412057	-0.0199795	0.0481027	-0.00282479	0.159246	0.0591929	0.272269	0.226221	0.331722	0.00899176	0.112021	0.402321	0.0557985	-0.0720014	0.125651	0.071978	0.0973314	0.0578411	-0.00586929	-0.0100494	-0.0277046	0.0232657	
-0.0411225	-0.0191886	0.0303585	-0.00203388	0.159246	0.0560182	0.272269	0.25384	0.332513	0.0441889	0.0342576	0.324046	0.0550559	-0.0589524	0.146433	0.0813612	0.0957444	0.0787918	0	0.300559	
-0.0332293	-0.0191886	0.0390716	-0.00203388	0.123406	0.0469715	0.258244	0.201903	0.332513	0.00746642	0.0849178	0.352553	0.0585836	-0.0125343	0.174343	0.0934213	0.0957444	0.104254	0.528412	0	
-0.0434641	-0.0191886	0.0331928	-0.00392723	0.0822973	0.0573282	0.218804	0.0974272	0.347501	0.0185482	0.0838706	0.346939	0.0616791	0.0506233	0.135673	0.0820518	0.0957444	0.0881297	0.360342	0	0.157615	
-0.0311058	-0.0191886	0.0426102	-0.00392723	0.0747024	0.0575299	0.218804	0.0416921	0.347501	0.0226865	0.0946013	0.397086	0.0616791	0.237998	0.176706	0.0820518	0.0926621	0.0881297	0.33663	0.129016	
-0.0312677	-0.0222181	0.0426102	-0.00711865	0.134271	0.0506533	0.218642	0.0271915	0.34431	0.03368	0.0250947	0.348315	0.053189	0.150114	0.223275	0.0850508	0.0925002	0.107016	0.270071	-0.0185573	
-0.0312677	-0.0222181	0.0410176	-0.0140446	0.138446	0.0601341	0.218642	0.0148405	0.34707	0.0556282	0.115091	0.349584	0.0653371	0.217568	0.230229	0.0991383	0.0925002	0.0932445	0.344406	-0.0177484	
-0.0335117	-0.0222181	0.0435307	-0.0134565	0.137858	0.0734628	0.218642	-0.0228229	0.358972	0.0664033	0.0694559	0.383647	0.056885	0.0207537	0.24013	0.0776932	0.0688653	0.0932445	0.661257	
-0.0382616	-0.0249728	0.0435307	-0.0151548	0.131981	0.063423	0.219699	0.000148984	0.353008	0.0664033	0.0929371	0.399496	0.0585833	0.135373	0.214771	0.0858682	0.0717323	0.108735	0.652423	0	
-0.0358548	-0.0270554	0.0405327	-0.0118327	0.129241	0.0658298	0.211107	-0.0162193	0.388384	0.0420738	0.109068	0.324469	0.0511325	0.146884	0.205106	0.0732144	0.0741391	0.14632	0.791095	-0.029366	
-0.0358548	-0.0270554	0.037947	-0.0118327	0.196751	0.0658298	0.220065	0.00142933	0.384149	0.0484122	0.109068	0.422859	0.0516332	0.0169571	0.205434	0.100779	0.076746	0.121536	0.67936	
-0.04187	-0.0270554	0.0456858	-0.0118327	0.165151	0.0658298	0.274248	0.00142933	0.429615	0.0771441	0.108135	0.345453	0.0579502	0.0906107	0.190259	0.0557339	0.076746	0.0978593	0.67936	0	
-0.03995	-0.0270554	0.0456858	-0.0118327	0.165151	0.078316	0.277404	-0.0173826	0.429615	0.0665949	0.079605	0.375428	0.0501483	-0.000726647	0.177646	0.0879639	0.0937347	0.136767	0.603338	
-0.03995	-0.0270554	0.0456858	-0.0118327	0.165151	0.0536826	0.287348	-0.0195854	0.394777	0.0677242	0.05112	0.383276	0.0508802	-0.0603112	0.2138	0.0879639	0.105769	0.136767	0.569841	-0.018201	0.0631106	
-0.03995	-0.0270554	0.0437076	-0.0118327	0.165151	0.0548567	0.287348	-0.00903228	0.39827	0.0683294	0.0400438	0.361419	0.0508802	-0.0158292	0.224439	0.114143	0.105769	0.156236	0.580695	0.0219042	
-0.03995	-0.0270554	0.0518983	-0.0118327	0.143749	0.0675352	0.287348	-0.0422612	0.39827	0.0580301	0.0830375	0.405854	0.0548939	-0.0251194	0.175696	0.104179	0.105769	0.153397	0.595337	0.0276218	
-0.03995	-0.0270554	0.0518983	-0.0118327	0.143749	0.0675352	0.248911	-0.0544108	0.39827	0.0332482	0.074995	0.410827	0.0495292	0.00603917	0.150394	0.0934927	0.105769	0.12671	0.56143	0.0319326	
-0.03995	-0.0270554	0.0554398	-0.0118327	0.197457	0.0629633	0.248911	-0.0377763	0.386809	0.0466552	0.132178	0.39486	0.0495292	0.00169703	0.114934	0.132744	0.105769	0.0918434	0.557917	0.093685	
-0.0369086	-0.0270554	0.0554398	-0.0118327	0.129051	0.0663242	0.248911	-0.0377763	0.365349	0.0628323	0.111618	0.39486	0.0543587	0.000675895	0.0731205	0.132744	0.105769	0.116885	0.557917	-0.0270554	0	
-0.0384945	-0.0270554	0.0542754	-0.0106682	0.169873	0.0627838	0.248911	-0.0494174	0.365349	0.0460939	0.0394808	0.325139	0.0543587	-0.0169567	0.0731205	0.0996229	0.117087	0.0908721	0.702269	0	
-0.0441432	-0.0270554	0.0547685	-0.0111614	0.170367	0.0627838	0.263578	-0.0382349	0.351734	0.0577729	0.157384	0.357564	0.0543587	0.0722132	0.11173	0.100116	0.10826	0.089068	0.512086	0.00631187	-0.0133224	-0.0486586	
-0.0430374	-0.0273067	0.0547685	-0.0111614	0.128791	0.044315	0.260148	-0.0560355	0.351734	0.0629611	0.157384	0.361518	0.0543587	0.0408846	0.147864	0.100116	0.108511	0.102517	0.411111	0.00604385	0.0287959	
-0.0466229	-0.0273843	0.0533699	-0.0111614	0.126419	0.0490432	0.259205	-0.0469775	0.368572	0.0377364	0.195588	0.36964	0.0639446	-0.0264139	0.14568	0.103553	0.100423	0.0602288	0.523838	0.00612142	
-0.0291658	-0.0273843	0.0525418	-0.0103332	0.143499	0.0490432	0.252298	-0.0249556	0.41261	0.0583069	0.160067	0.407591	0.0564043	-0.0225213	0.116575	0.12133	0.0858775	0.0947082	0.448355	0.00612142	0.317454	0	
-0.0365128	-0.0273843	0.0525418	-0.0103332	0.143499	0.04257	0.250786	0.014236	0.402919	0.0554633	0.118858	0.407591	0.0564043	-0.0454607	0.116575	0.12133	0.0858775	0.109922	0.473389	0.00252181	0	0.00995332	
-0.0400179	-0.0273843	0.0452612	-0.0103332	0.164609	0.0557492	0.250786	-0.0156884	0.378222	0.0554633	0.118858	0.407591	0.0534601	-0.021704	0.141861	0.122662	0.0858775	0.0605663	0.582242	0.00274948	
-0.0409017	-0.0256204	0.0366689	-0.00734407	0.13708	0.0376352	0.252011	0.0191424	0.300472	0.0685233	0.128447	0.379775	0.0515119	-0.0214719	0.14485	0.131878	0.0858348	0.136117	0.762426	0.00397476	-0.0366689	
-0.0449635	-0.0256204	0.0394091	-0.00734407	0.156343	0.0368572	0.252011	0.115185	0.339138	0.0518587	0.124463	0.379775	0.0527216	-0.00269935	0.178423	0.101853	0.0947692	0.122727	0.734449	0.00397476	-0.0288258	0	
-0.0350197	-0.0256204	0.0394091	-0.00734407	0.138982	0.060446	0.252011	0.0335068	0.307386	0.0280169	0.122743	0.396617	0.0528026	-0.0377498	0.170185	0.101853	0.0947692	0.122727	0.525791	-0.00418815	0.0238218	0	0.193033	
-0.0355485	-0.0250917	0.0394091	-0.00734407	0.125949	0.0370803	0.252694	0.0315151	0.334953	0.009175	0.126154	0.315159	0.0528026	-0.025183	0.14224	0.0714311	0.0942405	0.0877514	0.682973	-0.0047169	0.00602895	-0.00970577	
-0.0330541	-0.0240151	0.0362168	-0.0065658	0.0984703	0.0489212	0.23015	0.00709348	0.385175	0.0330787	0.081322	0.419973	0.0565678	-0.0326103	0.160772	0.0714311	0.0924005	0.117732	0.700177	0.00546555	0.00573066	0	
-0.0412485	-0.0240151	0.0442611	-0.0065658	0.0816193	0.0481636	0.23015	0.0460034	0.363248	0.0258175	0.123991	0.426453	0.0565678	0.0552099	0.14238	0.0674861	0.112363	0.117732	0.450896	0.00546555	0.00604504	0.0398855	
-0.0352312	-0.0240151	0.0304726	-0.0065658	0.140636	0.0564487	0.23015	0.0606887	0.363248	0.0120093	0.150367	0.426453	0.0586949	0.0234218	0.155754	0.0674861	0.0995557	0.117732	0.469102	-0.00306612	
-0.0385621	-0.0240151	0.0328026	-0.0065658	0.140636	0.0590712	0.236508	0.0606887	0.342232	0.0449985	0.101858	0.412424	0.0549121	0.0483548	0.204749	0.0674247	0.0982065	0.106371	0.594949	0.010866	0.0270648	-0.00599656	0	
-0.0372271	-0.0209829	0.0314829	-0.00221393	0.195465	0.0591415	0.236508	0.0475015	0.345264	0.0161672	0.0694732	0.412424	0.0380955	0.00882144	0.174128	0.0614932	0.0982065	0.113208	0.569293	0.00983734	0.0953611	0.00364596	
-0.0466793	-0.0236784	0.04783	-0.00490943	0.178896	0.0774054	0.215045	0.0559629	0.342569	0.0161672	0.0648772	0.455129	0.040791	0.00404774	0.171432	0.0577628	0.0946884	0.0665106	0.653204	0.0148814	0.200272	-0.00238855	0.033016	
-0.0358474	-0.0236784	0.04783	-0.00490943	0.15846	0.0797462	0.230459	0.0200044	0.342569	0.00406808	0.054002	0.455129	0.040791	0.0282399	0.206714	0.0555854	0.107512	0.1041	0.591878	0.0261908	0.197931	-0.0175258	
-0.0406108	-0.023984	0.0475066	-0.00489174	0.179096	0.0797462	0.230459	0.0085802	0.361673	0.0264087	0.0760529	0.455129	0.0410966	-0.0137388	0.187443	0.055262	0.107512	0.0850324	0.657944	0.0348067	0.267749	-0.039921	
-0.0406108	-0.023984	0.0339491	-0.00489174	0.180931	0.0546613	0.234124	0.000132235	0.331725	0.0198251	0.0987283	0.42458	0.0500873	-0.0575845	0.142202	0.055262	0.113301	0.0850324	0.483751	0.0315402	0.206374	
-0.0406108	-0.023984	0.0339491	-0.00489174	0.117857	0.0637814	0.234124	0.0205208	0.331725	0.0251398	0.132242	0.42458	0.0462723	-0.0402546	0.142202	0.0855216	0.114965	0.122956	0.769607	0.151471	-0.0288722	0	
-0.0360567	-0.023984	0.0319353	-0.00489174	0.145456	0.0595279	0.234124	0.000506707	0.314775	0.024456	0.07119	0.42458	0.0519232	-0.0461158	0.158583	0.0783608	0.114965	0.122956	0.748022	0.207868	0	-0.0587223	
-0.0421162	-0.0228553	0.0319353	-0.00489174	0.208404	0.0522754	0.278538	-0.00410466	0.31381	0.0153248	0.0594942	0.398016	0.0519232	-0.01901	0.176921	0.0783608	0.113836	0.173509	0.601936	0.196691	0.0224967	0.082582	
-0.0344448	-0.0228553	0.0439824	-0.00489174	0.0953813	0.0522754	0.25969	-0.044784	0.314815	0.0756532	0.069494	0.375796	0.0494077	0.102	0.184333	0.0783608	0.113836	0.0694935	0.572914	0.167224	
-0.037355	-0.0228553	0.0439824	-0.00489174	0.1127	0.0536558	0.29771	-0.0230523	0.314815	0.050387	0.069494	0.406325	0.0610059	0.102	0.15564	0.0874778	0.111499	0.099293	0.649668	0.240963	0.0815074	-0.085441	
-0.0399307	-0.0233624	0.0341683	-0.00489174	0.108638	0.0339517	0.298217	-0.0478828	0.362937	0.0803771	0.0678025	0.345544	0.0618681	0.0420585	0.150187	0.0579343	0.0987291	0.0700691	0.51311	0.319709	
-0.0386885	-0.0234539	0.0341683	-0.00489174	0.105927	0.0411807	0.319141	-0.0409047	0.362937	0.0846422	0.0472674	0.416213	0.0532474	0.0839129	0.150187	0.0582896	0.0988207	0.110193	0.491921	0.257408	
-0.0373048	-0.0234539	0.0341683	-0.00489174	0.153996	0.0408407	0.319141	-0.0410564	0.320799	0.103143	0.12919	0.348164	0.0536045	0.133293	0.175843	0.0693991	0.0988207	0.0957657	0.576844	0.251468	-0.0202572	
-0.0446351	-0.0228044	0.0309606	-0.00168407	0.109903	0.0401912	0.319249	-0.0610262	0.224083	0.320799	0.06675	0.347515	0.063559	0.0704497	0.118337	0.0394312	0.0981712	0.0969533	0.576195	0.00770984	
-0.0444187	-0.0206358	0.0456866	-0.00150946	0.159985	0.0353012	0.317255	-0.0170393	0.246559	0.320974	0.110422	0.442704	0.0568382	0.0160798	0.122007	0.0394312	0.0937126	0.0486334	0.574201	-0.00199405	
-0.0467703	-0.0206358	0.0220479	-0.00757594	0.126252	0.0264952	0.317255	0.0213219	0.23614	0.360208	0.0330543	0.387864	0.0685035	-0.0380131	0.122007	0.0883541	0.0784698	0.10217	0.689085	-0.0531307	0.0130598	
-0.0381369	-0.0210946	0.0456604	-0.00803481	0.126252	0.0406652	0.304041	-0.00137415	0.239127	0.386469	0.0551573	0.429935	0.0689624	-0.0160683	0.155126	0.0883541	0.0784698	0.0788675	0.693821	
-0.0370275	-0.0167867	0.0383761	-0.00396719	0.173791	0.0315101	0.303801	-0.0415831	0.27283	0.390536	0.0127103	0.307612	0.0648948	-0.0218708	0.12775	0.0883541	0.0782295	0.0888659	0.650685	-0.0308887	
-0.0370275	-0.0167867	0.0383761	-0.00396719	0.207348	0.0426264	0.303801	-0.0330869	0.249484	0.390536	0.0564097	0.358843	0.0648948	-0.0150341	0.139017	0.0963754	0.0803884	0.0968658	0.915885	-0.00858082	
-0.0406456	-0.0167867	0.0383761	-0.00396719	0.171279	0.0393843	0.303801	0.0165908	0.138273	0.390536	0.0370839	0.339176	0.0596814	-0.0238991	0.134705	0.0837094	0.0785685	0.0769834	1.03078	0.0333868	
-0.0450479	-0.0167867	0.0386002	-0.00396719	0.164276	0.058644	0.303801	-0.0164158	0.284841	0.390536	0.0833552	0.384254	0.0594605	-0.036543	0.145669	0.0931726	0.0688962	0.0621761	0.514066	-0.0323679	
-0.0450479	-0.0164831	0.0386002	-0.00366358	0.164276	0.058644	0.303801	-0.0460415	0.412137	0.39084	0.134177	0.417023	0.0631581	-0.075123	0.134293	0.0931726	0.0606576	0.0624514	0.499672	0.0338689	
-0.0418497	-0.0164831	0.0476854	-0.00169383	0.196616	0.058644	0.287479	-0.0112108	0.450365	0.325272	0.110799	0.388499	0.0686067	-0.0672949	0.134293	0.0681297	0.0606576	0.0854192	0.754972	0	
-0.0450122	-0.0164831	0.0427745	-0.00373668	0.157904	0.053641	0.287479	-0.00118573	0.371419	0.335932	0.133063	0.385872	0.062643	-0.0842903	0.154128	0.0657012	0.0598488	0.0989801	0.547413	
-0.0450122	-0.0164831	0.0415426	-0.00250483	0.104088	0.0357944	0.287479	0.0270726	0.389265	0.335932	0.131831	0.39084	0.0606644	-0.0710283	0.162586	0.0644694	0.0598488	0.0966986	0.789723	0.0899588	
-0.0449975	-0.0164831	0.0415426	-0.00250483	0.087564	0.0243506	0.299796	-0.0164089	0.294156	0.335932	0.113921	0.412137	0.0606644	-0.0521376	0.159839	0.0552668	0.0598488	0.0668011	0.801241	0.0218919	0.0174011	0.00837166	0.335932	0	
-0.0449975	-0.0176113	0.0384869	-0.00363306	0.157643	0.0355433	0.299796	-0.032327	0.397156	0.407795	0.0560333	0.342559	0.0617926	0.0140998	0.142622	0.0923328	0.0598488	0.0521638	0.946789	0.0358437	
-0.0449975	-0.0154299	0.0396299	-0.00172867	0.143425	0.050201	0.299796	-0.0410274	0.0294805	0.365812	0.119798	0.342559	0.0574307	0.126537	0.144803	0.063597	0.0672274	0.0610026	0.843928	0.025834	
-0.0463466	-0.0140809	0.0401537	-0.00260584	0.117757	0.048852	0.298447	-0.0326085	0.843644	0.400896	0.141098	0.327332	0.0641751	-0.0199379	0.152766	0.0873427	0.071476	0.0458061	0.0997625	
-0.0463466	-0.0140809	0.0401537	-0.00260584	0.117757	0.0565566	0.298447	-0.0167463	0.843644	0.376714	0.0812691	0.331301	0.058477	-0.0133272	0.0860332	0.153932	0.133839	0.071476	0.0303291	-0.0185759	0.0754322	
-0.0463466	-0.0140809	0.0499482	-0.00223122	0.125693	0.0801285	0.286222	-0.029667	0.612657	0.37687	0.158951	0.406525	0.061906	-0.0334682	0.0602902	0.160447	0.108839	0.0679779	0.0556778	0	0	0	
-0.0489214	-0.0140809	0.0499482	-0.00223122	0.12955	0.0940939	0.286222	-0.018399	0.790358	0.37687	0.158951	0.349599	0.0604689	-0.0374742	0.0655434	0.136859	0.108839	0.0679779	0.0542489	0	
-0.0524578	-0.0143709	0.0423363	0.00490296	0.114421	0.0645652	0.288802	-0.0382456	0.71565	0.384406	0.199921	0.47448	0.043631	-0.0529806	0.0653557	0.145511	0.101227	0.0482631	0.0641296	
-0.0409966	-0.0101619	0.0423363	0.00911201	0.122449	0.0562308	0.276386	-0.0421042	0.725125	0.388615	0.190135	0.528304	0.0395336	-0.0532728	0.179332	0.135821	0.102246	0.0750697	0.0840532	0	
-0.0530246	-0.0109815	0.0407551	0.00911201	0.1541	0.0570504	0.261125	-0.0515022	0.935953	0.397875	0.190126	0.474773	0.0518102	-0.0499979	0.171932	0.158881	0.102246	0.0634491	0.049052	
-0.0517858	-0.0118442	0.0407551	0.00911201	0.103321	0.0648391	0.261988	-0.0451594	0.793754	0.404177	0.201516	0.475636	0.0518102	-0.0447035	0.14511	0.158881	0.102246	0.058831	0.0913488	-0.0335487	0.0381506	
-0.04736	-0.0118442	0.0354912	0.00911201	0.134188	0.0648391	0.261988	-0.0594487	0.949245	0.37117	0.201516	0.440383	0.053735	-0.0696763	0.129664	0.186489	0.102246	0.058831	0.0587216	0	0.173202	-0.0144246	
-0.0382096	-0.0118442	0.038493	0.00611016	0.210948	0.0648391	0.258052	-0.0312815	0.852613	0.366746	0.136311	0.519382	0.0510552	-0.0557667	0.0971555	0.186489	0.0861462	0.058831	0.0490929	0.0247971	0.130834	
-0.0382096	-0.0118442	0.0418234	0.00611016	0.160355	0.0648391	0.258052	-0.042322	0.903724	0.374994	0.0149813	0.477389	0.0602222	0.0531734	0.121846	0.183501	0.0997036	0.064801	0.0521344	0.0115215	-0.0102218	0	
-0.0381689	-0.0118442	0.0337517	0.00611016	0.127045	0.0648391	0.258052	-0.0576281	0.712961	0.405056	0.0430558	0.54095	0.0602222	0.0928269	0.155094	0.177494	0.109493	0.064801	0.081855	0.0149329	
-0.0258453	-0.00991826	0.0315589	0.00897242	0.135915	0.0648391	0.259346	-0.0401601	0.719201	0.38833	0.0708752	0.54095	0.0632014	0.161697	0.246946	0.179419	0.102097	0.064801	0.0539825	-0.00965113	
-0.0223548	-0.00991826	0.0240767	0.0106284	0.134259	0.054517	0.259346	-0.0458468	0.864384	0.353544	0.0625719	0.528502	0.0547053	0.0639714	0.135286	0.179419	0.100441	0.0736022	0.077892	
-0.0222268	-0.0100463	0.0242488	0.00760837	0.158932	0.0722628	0.259474	-0.0466173	1.03874	0.353544	0.065592	0.532843	0.0596855	0.00753413	0.135414	0.201422	0.103461	0.0737302	0.0829387	0	-0.0415514	
-0.0123034	-0.0100463	0.0193572	0.0125	0.159696	0.0526314	0.259474	-0.0346842	1.00461	0.353544	0.0360767	0.495441	0.0596855	0.0642897	0.132831	0.201422	0.103506	0.0750611	0.091531	
-0.0242432	-0.0100463	0.0286442	0.0131735	0.241188	0.0526314	0.248543	-0.041853	1.02088	0.341903	0.0708192	0.442885	0.0580496	0.00812712	0.0974293	0.201422	0.102832	0.0759401	0.0472754	
-0.0221032	-0.0100463	0.0292655	0.0125522	0.241809	0.0526314	0.240008	-0.0330031	0.778377	0.341903	0.0765511	0.394562	0.0580496	-0.0169953	0.0916386	0.224088	0.0840229	0.0759401	0.0775346	
