-0.0918156	-0.00984375	-0.00174278	0.198887	0.0475756	0.0264176	0.267714	0.0884001	0.0948037	0	0	0	0	0	0	0	0	0	0	0	0	0	0	0	0	0	0	0	0	0	0	0	0	0	0	0	0	0	0	0	0	0	0	0	0	0	0	0	0	0	0	0	0	0	0	0	0	0	0	0	0	0	0	0	0.0948037	0	0	0	0	0	0	0	0	0	0	0	0	0	0	0	
-0.0918156	-0.00984375	0.00284367	0.198887	0.0475756	0.0215346	0.267714	0.0884001	0	0.0414575	0.0099809	0	0.0603319	0.0637226	-0.00743284	0	0.0483966	0	0	0.0128853	0.0105407	-0.0407491	0	0.0494223	-0.020303	0	0.147956	0.00904827	0.00460159	0.0956718	-0.0245539	0	0.023425	0	0.0533728	0	0	-0.0289826	0.00488301	-0.0367754	-0.040769	0.0948037	0.00180098	-0.00904827	-0.00528553	0.0758463	0.0255266	-0.0276447	0	
-0.0988883	-0.00984375	0.10245	0.198887	0.0475756	0.0215346	0.267714	0.0884001	0	0.00498298	-0.0276447	0	-0.00369014	0.0281624	0.117101	0.0163304	0.0303015	0.071849	0.0248354	0.082683	0.114014	0.0377106	-0.0110073	0.061357	0.10239	0.171359	0	-0.0214667	-0.0389322	-0.305194	-0.0265436	0.015455	0.0952667	-0.00366025	0.0948037	
-0.09333	-0.00800613	0.119044	0.198887	0.0475756	0.0215346	0.269552	0	0.0965064	-0.0985992	0.00820368	-0.01643	0.00204498	0.151883	0.102105	0.0461502	0.0736866	0.323834	0.127876	0	-0.00998656	0.0345961	-0.00182263	0.0282368	0.207585	-0.040853	-0.0619388	-0.0164237	0.00309331	0.0902377	
-0.0853642	-0.00800613	0.165338	-0.0354809	0.0375626	-0.0272815	0.0292586	0.123479	-0.0239632	0.207585	0.0367641	0.319203	-0.0075578	0.0171646	0.113719	0.114806	0.198887	0.0863672	0.0475756	-0.0198974	0.0154488	-0.00765588	0.0689116	0.00730422	-0.0405659	0.306964	-0.0583546	0.0902377	
-0.0930341	0.0475756	0.0724486	0.13985	0.0311032	0.172064	-0.0682623	0.0177892	0.0734939	0.123479	0.00450534	0.207585	0.0610111	0.319203	0.00744478	-0.00560233	0.195364	0.0592044	0.198887	0.104754	-0.0606517	0.00174682	-0.00800613	0.00668183	0.00879001	-0.00681111	0.245904	
0.0475756	-0.0951143	0.141505	0.115276	0.0311032	0.104754	0.0798844	0.142788	-0.022152	0.207585	0.0346189	0.274648	0.0316686	-0.0253023	0.18157	-0.0337663	0.123155	0.0972246	-0.0563007	-0.0122167	-0.00800613	0.00837609	0.00879001	0.0150718	0.22717	
0.0426092	-0.0950563	0.11379	0.175744	0.0209888	0.104754	0.0985117	0.148421	-0.0484477	0.173546	0.035476	0.533272	0.168426	-0.0362131	0.166156	-0.0562121	0.118287	0.0972246	0	0.22717	-0.0525585	-0.0699889	-0.00800613	0.048057	0.00370219	0.112389	
0.0522845	-0.0953096	0.159508	0.172703	0.0435435	0.104754	0.129555	0.146283	-0.0561314	0.173546	0.035476	0.329538	0.120092	-0.0253887	0.118799	-0.0368451	0.173468	0.0972246	-0.00852221	0.22223	0.0944929	-0.00420939	-0.0425115	-0.00800613	0.0374373	-0.00448067	
0.0503364	-0.0947354	0.436956	0.0918923	0.22223	0.102914	0.146283	-0.0561314	0.108932	0.0538835	0.227494	0.1134	-0.0252993	-0.0193	-0.00326736	0.140388	0.0963417	0.0435435	0.150909	-0.0377301	0.130878	-0.0237859	0.104754	-0.00800613	0.00741928	-0.000645659	
0.0509527	-0.0966873	0.172703	0.332082	0.147808	0.22223	0.10353	0.146899	-0.0615362	0.0637297	0.0825305	0.252195	0.0680405	-0.0167997	0.104754	-0.0236588	0.149878	0.0963417	0.0580215	-0.0196252	-0.00862242	0.050153	0.00107118	
0.0530374	-0.0872137	0.136027	0.215272	0.149878	0.466887	0.0873141	-0.0370212	0.15827	0.134244	-0.0626954	0.13681	0.063781	0.0921783	0.185284	-0.0228021	0.00107118	0.00488549	0.122131	0.0963417	0.0580215	-0.00862242	0.0724371	
0.0530374	-0.0971693	0.175098	0.210022	0.149878	0.472137	0.0589066	-0.036434	0.13892	0.117103	-0.0535536	0.103964	0.0606026	0.100409	0.185284	-0.0484141	0.00107118	-0.0208893	0.112351	0.110036	0.0580215	-0.00862242	0.0191946	
0.0503352	-0.0964289	0.127461	0.210022	0.149878	0.285874	0.0955252	-0.0515565	0.13892	0.116847	-0.0740462	0.153938	0.0606026	0.153546	0.0707329	-0.0155144	-0.0100781	-0.036052	0.112351	0.110036	0.0580215	-0.00862242	0.0553834	
0.0503352	-0.0830349	0.125015	0.190385	0.117513	0.0953139	0.0795735	0.135584	0.127028	-0.0606483	0.0611135	0.0585357	0.11724	0.185842	-0.0723886	0.00511769	-0.0477613	0.116428	0.115396	0.0526352	-0.00862242	0.0357763	
0.0498955	-0.0777896	0.0970093	0.190385	0.18772	0.0953139	0.0384568	0.121416	0.134043	-0.0683659	0.100642	0.0468477	0.141563	0.127161	-0.0531028	0.00658586	-0.0513348	0.11542	0.0996922	0.0521954	-0.00818269	0.0431571	
0.0498955	-0.0920684	0.115371	0.190385	0.202603	0.252665	0.0115999	0.00898356	0.140716	0.151798	-0.0725812	0.166781	0.0397512	0.244685	0.229915	-0.021063	0.00658586	-0.0539241	0.0960037	0.0996922	0.0521954	-0.00818269	0.0666773	
0.0357675	-0.0918725	0.138547	0.231314	0.202603	0.0365494	0.0739956	0	0.140716	0.193594	-0.0627243	0.223091	0.0617778	0.491297	0.229915	-0.0469398	-0.00934272	-0.0539241	0.0917948	0.0996922	0.0631562	-0.00818269	0.129293	
0.0386519	-0.0921559	0.149381	0.219535	0.191216	0.0102505	0.044733	0.167879	0.193594	-0.0480583	0.215796	0.0715587	0.17614	0.177966	-0.0443615	-0.00682906	-0.0399037	0.0917948	0.0996922	0.0631562	-0.00818269	0.122	
0.0386519	-0.0969234	0.136664	0.219535	0.144715	0.0238474	-0.00303452	0.241401	0.193594	-0.0464272	0.312464	0.0606176	0.285617	-0.053311	0.0113651	-0.0311452	0.0917948	0.105651	0.0431016	-0.00818269	0.174008	
0.0423705	-0.0851865	0.116866	0.188945	0.133421	0.133714	-0.00148882	-0.0197522	0.0160592	0.241401	0.193594	-0.0333933	0.248424	0.0615202	0.268481	-0.00154024	-0.027596	0.0933405	0.107197	0.0418452	-0.00663699	0.181937	
0.0497754	-0.0919315	0.0924448	0.222855	0.109217	-0.0741063	0.10382	-0.0354777	0.2521	0.16993	-0.0477694	0.23828	0.0837368	0.203483	-0.00604438	-0.0487581	0.0801141	0.107197	0.0418452	-0.00663699	0.0748712	
0.0465383	-0.0896547	0.0924448	0.222855	0.149583	-0.0339338	0.0390403	-0.0500824	0.00226467	0.191841	0.177896	-0.0552404	0.139552	0.0627414	0.50977	-0.0388216	-0.0919754	0	0.101026	0.107197	0.0418452	-0.00663699	0.065645	-0.0206465	
0.034193	-0.0757127	0.112828	0.223313	0.212548	0.0651166	0.111909	-0.0468258	0.00351272	0.277622	0.177896	-0.0656325	0.237044	0.0636769	0.519538	-0.0230305	0	0.0962868	0.0978876	0.0395692	-0.00617888	0.0351873	
0.0471978	-0.0909276	0.118518	0.224599	0.125094	-0.0133311	0.0308924	-0.0543854	0.00479861	0.275344	0.175618	-0.0444254	0.227604	0.055412	0.437895	-0.0217446	-0.00437262	0.00968642	0.0975727	0.1121	0.0372908	-0.0026146	0.0412861	
0.0499065	-0.0896437	0.19287	0.224599	0.153192	0.0787266	0.0640066	-0.0322817	-0.000740071	0.266785	0.195767	-0.0444254	0.175085	0.0581207	0.431229	0.137829	-0.0312059	0.1121	0.0399995	-0.00532326	0.00176459	
0.0431793	-0.0739301	0.1693	0.224599	0.10377	-0.0237909	0.0640066	-0.0383928	-0.000740071	0.266785	0.195767	-0.0438922	0.140184	0.0609243	0.149402	0.013299	0.137007	-0.0202923	0.145154	0.0399995	-0.00532326	0.0812487	
0.0445562	-0.0888889	0.163423	0.226076	0.147732	-0.103805	0.0951431	0.0194682	0.00073772	0.268162	0.200901	-0.0426255	0.266628	0.0825538	0.271348	0.121015	-0.00646052	0.146991	0.0422176	-0.00522231	0.0951542	
0.0445562	-0.0888889	0.11885	0.226076	0.139743	0.0375519	0.142892	-0.0186744	-0.00471751	0.244195	0.200901	-0.0200876	0.266628	0.0576429	0.175162	0.121015	-0.0118313	0	0.126491	0.0348817	-0.00522231	0.0493463	
0.0407868	-0.0837363	0.249593	0.236442	0.161073	-0.0399318	0.180087	-0.0196511	-0.00900324	0.244195	0.200901	-0.00571531	0.232223	0.0401495	0.242139	0.116361	-0.0152796	0.143564	0.0348817	-0.00522231	0.0219625	0	
0.0407026	-0.0828824	0.249593	0.236442	0.138683	-0.0605694	0.246254	-0.0218064	0.00915737	0.182988	0.200817	-0.0345628	0.120257	0.0400654	0.452554	0.150532	-0.0152796	0	0.143564	0.0347975	-0.00513816	0.0328764	
0.0391594	-0.0806825	0.186671	0.258304	0.108851	0.0972524	0.26003	-0.0161861	0.0154809	-0.00270865	0.256892	0.16239	-0.0228491	0.0881155	0.0236539	0.540104	0.154778	-0.00803974	0.144451	0.0332543	0	0.0323007	
0.0523269	-0.0770916	0.276437	0.258304	0.108851	0.0557594	0.150402	-0.0161861	0.0154809	-0.00270865	0.257352	0.140874	-0.0404942	0.0976168	0.0578473	0.51003	0.154778	-0.0113408	0.144451	0.0487192	0.0243314	
0.0405804	-0.0711914	0.213869	0.162959	0.109162	0.128774	-0.0344739	0.0175429	-0.00270865	0.257352	0.140874	-0.0331039	0.0611867	0.0521968	0.325279	0.154778	-0.0534202	0.144451	0.00914048	0.00573326	0.0487192	0.0821394	0.221969	0.0243582	
0.0394977	-0.0661663	0.213869	0.0450936	0.125087	0.0496972	0.086883	-0.0209928	0.0153008	0.00091693	0.143656	0.137248	-0.0165999	0.0434216	0.0368494	0.427229	0.154778	-0.0629797	0.142487	0.00800975	0.255767	
0.0394977	-0.0734482	0.215312	0.0528824	0.177809	0.00708177	0.111251	-0.0311057	0.0167443	0.00236044	0.212745	0.134419	-0.0261779	0.155602	0.0368494	0.425234	0.156221	-0.0563761	0.145926	0.0247401	0.247678	
0.0403727	-0.0716676	0.253652	0.0498974	0.166185	0.0736718	0.0892721	-0.0357207	0.0167443	0.00236044	0.230757	0.134419	-0.0522958	0.0908035	0.0230183	0.368739	0.156221	-0.0647403	0.145926	0.0126765	0.0347968	0.252463	-0.0124987	
0.0403727	-0.0741226	0.23013	0.0475185	0.161772	0.0353783	0.0688947	-0.0295322	0.0167443	0.00236044	0.230757	0.134419	-0.040586	0.0820346	0.0286335	0.503638	0.156221	-0.0639076	0.145926	0.0305451	0	0.316853	0.0503185	
0.0454695	-0.0733717	0.23013	0.0337986	0.163076	0.0353783	0.0321782	-0.0452241	0.00768625	0.00236044	0.233175	0.114596	-0.0286422	0.0749548	0.0252536	0.2446	0.171375	-0.0675099	0.145926	0.180905	0.0522001	0.0929582	
0.042693	-0.0728538	0.23013	0.0337986	0.163076	0.0448643	0.00928088	-0.024821	-0.00674288	0.00236044	0.146731	0.098852	-0.0313953	0.152537	0.0156269	0.310542	0.183804	-0.068517	0.145926	0.209155	0.0112314	0	
0.042693	-0.0785619	0.221496	0.0306855	0.155858	0.112894	0.031743	-0.0388146	0.0150074	0.00236044	0.15087	0.098852	-0.00959664	0.184851	0.0282609	0.402703	0.183804	-0.0653466	0.145926	0.156565	0.0171577	
0.0448737	-0.0736767	0.221496	0.0328662	0.136376	0.107252	0.0598394	-0.0465222	0.00769511	0.000179676	0.205918	0.101033	-0.0521255	0.111886	0.0323074	0.247879	0.183017	-0.0604688	0.145926	0	0.0503162	-0.0420366	0.00290419	0.157794	
0.0450542	-0.0682217	0.21475	0.0463448	0.15887	0.0229861	0.0751899	-0.037393	0.00769511	-0.00241753	0.191896	0.128286	-0.0315453	0.106994	0.0349046	0.24286	0.192184	-0.0597263	0.145926	0.0331398	0.1512	0	0	
0.0450542	-0.0715817	0.231639	0.0392628	0.176631	0.138804	0.0359811	-0.0467614	0.0206628	-0.00219673	0.297866	0.123176	-0.0313245	0.123875	0.0284467	0.191547	0.148126	-0.0444694	0.146147	0.0112608	0.160423	
0.0453677	-0.0869134	0.231639	0.0344877	0.152368	0.247028	0.112109	-0.0435758	0.0206628	-0.00219673	0.362532	0.104846	-0.0449051	0.141569	0.0457373	0.282852	0.121394	-0.0356446	0.146147	0.078383	0.141165	0	0.0596915	
0.0433841	-0.0795361	0.245067	0.0201815	0.161287	0.0701415	0.0436762	-0.0509441	0.0206628	-0.000213071	0.253433	0.119674	-0.0517725	0.13402	0.0533835	0.49839	0.117706	-0.0447767	0.153434	0.107332	0.160784	0	
0.0462098	-0.0688589	0.24582	0.0227685	0.177931	0.0464761	0.0893928	-0.0362596	0.0172674	-0.00228524	0.20513	0.1225	-0.0250519	0.0549996	0.0680204	0.528676	0.11846	-0.0613785	0.154187	0.0693544	0.161537	-0.00439686	
0.0462098	-0.0675497	0.263398	0.0286093	0.177931	0.0270118	0.0588333	-0.0397771	0.0163805	-0.00228524	0.258426	0.111635	-0.0494754	0.20564	0.0498239	0.395536	0.11846	-0.0613785	0.154187	0.0985526	0.148582	0	0.0232708	
0.0462098	-0.0728109	0.263398	0.0354163	0.177931	0.0546086	0.0675754	-0.0193861	0.0234396	-0.00228524	0.273572	0.141348	-0.0376174	0.155108	0.0646322	0.395536	0.0857556	-0.065752	0.154187	0.0462876	0.156567	-0.0146736	0.0717068	-0.00631266	0	0	0	0	
0.0462098	-0.068818	0.263398	0.0259352	0.223959	0.092539	0.106273	-0.0361535	0.0190899	-0.00228524	0.273572	0.141348	-0.0131792	0.145854	0.0372405	0.457236	0.0857556	-0.0507798	0.150643	0.0526317	0.197531	0.0717068	0.0629134	
0.046141	0	0.0259352	0.223959	0.456989	0.000623891	-0.0478365	0.0205505	-0.00228524	0.265056	0.144265	-0.00179824	0.132075	0.0372405	0.330675	0.0786471	-0.0578097	0.150643	0.0871066	0.202601	0.0717068	0.287374	-0.0628199	
0.0467188	0.0274441	0.225468	0.32924	0.000248148	-0.0411625	0.0201747	-0.0041699	0.349886	0.105199	-0.00471125	0.120325	0.0520647	0.450498	0.0782713	-0.0478478	0.140143	0.000175663	0.215114	0.0713311	0.286998	-0.057379	-0.000375743	
0.0543599	0.0274441	0.21863	0.406047	-0.057379	0.109656	-0.0323008	0.0106701	-0.0041699	0.349886	0.0869587	0.000706647	0.0867341	0.0536732	0.413179	0.0782713	-0.0694225	0.142087	0.0509558	0.195546	0.0866661	0.286998	
0.0406793	-0.0202961	0.0275222	0.173348	0.244001	-0.0486389	0.0681854	-0.0427263	0.0174274	-0.00424808	0.349964	0.101886	-0.00829656	0.188667	0.0628689	0.25413	0.0782713	-0.0617477	0.142087	0.0964075	0.179291	0.083149	0.286998	
0.0406793	0	0.0275222	0.159072	0.0185475	-0.0425654	0.139481	-0.0427263	0.00891946	-0.00424808	0.349964	0.116337	0.00517534	0.163946	0.0572784	0.264847	0.0723857	-0.0695472	0.122783	0.0218839	0.179291	0.0822851	0.286998	
0.0545128	0.0133797	0.0285707	0.168865	0.25004	-0.0425654	0.138459	-0.0427263	0.0187319	-0.00529655	0.350846	0.112634	0.0266553	0.136386	0.059487	0.27433	0.0723857	-0.0769231	0.122783	0.0675243	0.195616	0.0861309	0.264475	0	
0.0511835	0.0450273	0.179681	-0.0376188	0.0842849	-0.0493939	0.0144681	-0.00646626	0.346715	0.113803	-0.0217462	0.20776	0.0561232	0.308574	0.0723857	-0.0607803	0.122783	0.0548208	0.195616	0.0777742	0.264475	
0.045861	0	0.0512112	0.186258	-0.0423318	0.0842849	-0.0678438	0.0106949	-0.00646626	0.306336	0.113803	-0.0152569	0.163079	0.0400851	0.396426	0.0742347	-0.044591	0.122783	0.0346174	0.152076	0.0777742	0.22716	0.033927	
0.0450715	0.0775861	0.309613	-0.0407834	0.119736	-0.0335196	0.0107843	-0.00567671	0.303831	0.121286	-0.0416321	0.159278	0.0428944	0.514291	0.0821861	-0.059119	0.122783	0.0812608	0.16859	0.0922353	0.233881	0.0388368	
0.0450715	0.0775861	0.110799	-0.0337289	-0.0141043	-0.042684	0.109039	-0.0342052	0.0266188	-0.00567671	0.32037	0.121286	-0.0232743	0.155106	0.0508629	0.37981	0.0821861	-0.0394137	0.122783	0.0248597	0.185108	0.0790645	0.233881	0.0388368	
0.0514897	0.139852	0.03846	0.0483802	0.188324	-0.0419218	0.00673207	-0.0098816	0.301488	0.125491	-0.0232743	0.09663	0.0550678	0.526752	0.0960519	-0.0501574	0.122783	0.0856389	0.185108	0.061884	0.233881	0.0430417	-0.042684	
0.0514897	0.0404098	0.139005	-0.0417371	-0.0281816	0.0114455	-0.0098816	0.318571	0.113248	-0.0232743	0.156364	0.0482284	0.28253	0.0602906	-0.0644963	0.122428	0.12281	0.172133	0.061884	0.227979	0.0405539	
0.0521816	0.0404098	0.127416	-0.0417371	-0.00719976	0.0177103	-0.0098816	0.356632	0.113248	-0.00835661	0.156364	0.0495948	0.41655	0.044725	-0.0611901	0.120285	0.132726	0.172133	0.081696	0.227979	0.0405539	
0.0518556	-0.0190523	0.152472	-0.0417371	0	0	0.0250353	0.0177103	-0.00955566	0.296328	0.112922	0.000900681	0.11405	0.0492688	0.459293	0.0704397	-0.0497237	0.0775412	0.0564661	0.15607	0.064544	0.242198	0.0331553	
0.0607545	-0.0245748	0.0701445	-0.0509879	0.0815705	-0.0110759	0.0117269	-0.00955566	0.226867	0.101956	0.00262257	0.130221	0.0759764	0.377268	0.0704397	-0.06434	0.068417	0.06227	0.180783	0.0588512	0.237065	0.0331553	
0.0578335	0.0538839	0.0500111	-0.0518711	-0.00325247	-0.00341907	0.0216802	-0.00955566	0.248524	0.101601	-0.0233952	0.11621	0.0406672	0.260987	0.0704397	-0.0505885	0.0705481	0.0472838	0.274313	0.0483735	0.237065	0.0331553	
0.0621371	0.167701	0.0352832	-0.0487319	0	0.0157924	0.0216802	-0.012315	0.251283	0.0833116	-0.0465953	0.205714	0.0546319	0.366718	0.0470111	-0.0392983	0.109648	0.0846801	0.323066	0.0483735	0.237065	0.0386823	
0.0621371	0.0904677	0.336171	-0.0410521	0.0201157	0.00803181	-0.012315	0.251283	0.0988	-0.0359928	0.205714	0.046726	0.0544096	-0.0410642	0.109648	0.0303827	0.317862	0.0310421	0.237971	0.0386823	
0.0477794	0.0138132	0.268811	-0.0517907	-0.000338439	0.00803181	-0.00924729	0.185754	0.0828097	-0.0359928	0.202646	0.0692822	0.0544096	-0.0590828	0.130938	0.027315	0.357697	0.0449104	0.237971	0.0356146	
0.054977	0.0234872	0.434999	-0.0661197	-0.0368682	0.00281952	-0.00924729	0.174165	0.0810449	-0.0565311	0.207791	0.0526093	0.0740815	-0.0421992	0.122794	0.0655028	0.378962	0.0569524	0.237971	0.0456836	
0.0493508	0.199958	0.423595	-0.0719011	-0.0358613	0	0	-0.00581231	0.00169999	-0.00362106	0.272566	0.071225	-0.0565311	0.215378	0.0511517	0.0680738	-0.0344895	0.112357	0.0212969	0.35959	0.0569524	0.237971	0.0400573	
0.0493508	0.437113	0.368577	-0.0729821	0.00694721	0.0113139	-0.00362106	0.250267	0.0914244	-0.0231033	0.158346	0.0447004	0.0666058	-0.0231544	0.112357	0	0.0163873	0.35959	0.0569524	0.237971	0.0400573	
0.0481138	0.230945	0.283767	-0.0749709	0.0939594	0	0.00567622	-0.00238402	0.24903	0.0900672	-0.0592078	0.157109	0.0375001	0.0960871	-0.0299709	0.0595842	0.0115762	0.330867	0.0569524	0.229802	0.0388203	
0.0481138	0.15615	0.393209	-0.0567765	0.118516	-0.00238402	0.206171	0.0942011	-0.0656736	0.157109	0.0705105	0.0768203	-0.0371761	0.0763567	0.00636267	0.0828267	0.360596	0.0569524	0.300591	0.0385399	
0.0503738	0.469696	0.25928	-0.0629331	0.118516	-0.00464409	0.296147	0.09646	-0.0502969	0.214109	0.0559819	0.0768203	-0.0458994	0.0666244	0.00658802	0.0521576	0.360596	0.0403722	0.327916	0.0407999	
0.0419383	0.765212	0.260358	-0.0642978	0.098922	-0.00464409	-0.0372943	-0.119922	0	0	0.280484	0.102944	-0.0616899	0.237872	0.0616352	0.0641793	-0.0412207	0.0202654	0.0166479	0.122712	0.360596	0.0463356	0.283773	0.0451498	
0.0419383	0.686442	0.263682	-0.0725528	0.110913	-0.00464409	0.192065	0.0834522	-0.063167	0.223916	0.0467766	0.0636107	-0.0417021	0.0219897	-0.00625735	0.03677	0.360596	0.0463356	0.283773	0.0545585	
0.0450894	0.535894	0.205097	-0.055331	0.0846342	-0.02239	-0.00238565	0.129017	0.0823483	-0.0626516	0.205211	0.0457171	0.0832187	-0.051352	0.0108248	0.0130038	0.0345116	0.360596	0.0239166	0.298135	0.0523001	
0.0470125	0.535894	0.316602	-0.0651203	0.0875977	-0.0043088	0.13094	0.0842714	-0.0649422	0.206614	0.0422535	0.0832187	-0.0167537	0.0208995	-0.00884146	0.0364347	0.360596	0.0500141	0.298135	0.0445727	
0.0414876	0.534044	0.159175	-0.0746605	0.0875977	0.00257322	-0.0371077	0.121444	0.0773894	-0.0424356	0.161831	0.0574239	0.0784053	-0.0510602	0.0249391	-0.00884146	0.0415432	0.360596	0.0220641	0.299986	0.0234652	
0.0414876	0.612539	0.33098	-0.0565177	0.0637481	0.00257322	0.0427741	0.127313	0.0849524	-0.0482969	0.157505	0.0503535	0.0885463	-0.0530795	0.0554718	-0.00896025	0.0486419	0.360596	0.0372713	0.296069	0.0234652	
0.0414876	0.630813	0.361549	-0.0702394	0.0757889	0.00257322	-0.0173071	0.0767698	0.0849524	-0.0286931	0.157505	0.0503535	0.0998921	-0.0618842	0.0583669	-0.00896025	0.0596682	0.3095	0.0316342	0.310848	0.0267778	
0.0444668	0.431814	0.361549	-0.0702394	0.0757889	0.00257322	0.170466	0.0732476	-0.0614199	0.132503	0.0415403	0.079277	-0.0508786	0.0049784	-0.00228608	0.0964769	0.273311	0.0391948	0.30311	0.0324813	
0.0444668	0.234848	0.447118	-0.068571	0.0749719	0.00175615	0.147844	0.0732476	-0.0521908	0.158513	0.0498533	0.07846	-0.0539926	0.00261572	0.0027148	0.0201349	0.256479	0.0530177	0.243345	0.0331707	
0.0521245	0.437811	0.411486	-0.0780995	0.0749719	0.0033538	0.0203128	0	0.1502	0.0801422	-0.0501383	0.119248	0.0651578	0.0947895	-0.0598158	0.0191212	0.0027148	0.054331	0.176661	0.0455464	0.231425	0.0315731	
0.0460149	0.17035	0.607957	-0.0807874	0.0749719	0.0033538	0.173381	0.175353	0.0548662	-0.0691566	0.204944	0.0650838	0.0956894	-0.0547832	0.000767088	0.0027148	0.0159216	0.176661	0.049068	0.231425	0.0255898	
0.0493633	0.247313	0.607957	-0.0887407	0.0749719	5.48387e-06	0.278822	0.15151	0.0510789	-0.0602758	0.208293	0.0539309	0.0800023	-0.04708	-0.0191467	-0.00144102	0.108131	0.176661	0.049068	0.214108	0.0289381	
0.0478754	0.157259	0.861633	-0.0810267	0.0782162	5.48387e-06	0.352666	0.289077	0.0814595	-0.0606432	0.170988	0.0366607	0.0991106	-0.0664633	-0.0509073	-0.00113748	0.00682199	0.290311	0.049068	0.214108	0.0335549	
0.0478754	0.0234689	0.799153	-0.0805672	0.0924822	5.48387e-06	0.332626	0	0	0.197762	0.0758398	-0.0517762	0.160979	0.0309206	0.0888338	-0.042071	-0.0682709	0.00183393	0.0393614	0.296461	0.049068	0.221112	0.0241242	
0.0489772	-0.0459258	0.88425	-0.0780508	0.0903657	5.48387e-06	0.332626	-0.0276279	0.18746	0.0629192	-0.0520527	0.146129	0.0426383	0.0781451	-0.0531601	-0.0515469	0.00338957	0.0322783	0.271949	0.0447205	0.221112	0.0241242	
0.0375466	-0.0218704	0.931542	-0.0883601	0.0903657	0.00177067	0.388325	-0.0228818	-0.0564317	0.192975	0.061154	-0.025461	0.136202	0.032026	0.0981922	-0.0463798	-0.0382273	0.00338957	0.0695679	0.277422	0.0563381	0.221112	0.0511628	
0.0375466	-0.0429924	0.900759	-0.0740693	0.0903657	0.00177067	0.388325	-0.0367665	-0.068502	0.192975	0.061154	-0.0501532	0.136202	0.0362926	0.076775	-0.0314767	-0.033321	0.00146919	0.0292931	0.368927	0.0556293	0.221112	0.0511628	
0.0444023	0.0716552	0.893676	-0.074579	0.0969383	-0.00036822	0.396215	-0.0789055	0.243977	0.0715985	-0.0310393	0.080116	0.0526937	0.0762653	-0.0239269	-0.042388	-0.000411943	0.0817801	0.347766	0.0680822	0.237697	0.0613444	
0.0309938	-0.0232222	0.939494	-0.0780529	0.0969383	0.00360667	0.35397	-0.0808396	-0.07511	0.234075	0.0869079	-0.0376126	0.128004	0.0355155	0.0832993	-0.00637856	-0.0422196	-0.000411943	0.0496022	0.320946	0.0351639	0.237697	0.053574	
0.0467356	-0.178835	0.867149	-0.0713855	0.0943427	0.00566408	0.35397	0	-0.0926131	0.2262	0.0734236	-0.0605319	0.192746	0.0122962	0.100887	-0.0188218	-0.00555754	0.0147915	0.0397762	0.320946	0.0439362	0.237697	0.0574394	
0.0467356	-0.0631005	0.502162	-0.0578551	0.109795	0.00566408	0.382236	-0.0892942	0.210053	0.0734236	-0.0669412	0.166994	0.0220886	0.100887	-0.0242775	-0.00763189	0.000169798	0.0329914	0.245433	0.0439362	0.237697	0.0539064	
0.0440336	-0.0631005	0.52447	-0.0455599	0.109795	0.00566408	0.285731	-0.0613729	-0.135317	0.212132	0.0715059	-0.056711	0.179965	0.0149778	0.0994833	-0.0277021	-0.0138299	0.0129559	0.124214	0.245433	0.042373	0.237697	0.0531599	
0.0440336	0.0988317	0.260186	-0.056361	0.109795	0.00566408	0.354429	-0.0500309	0	0.289216	0.0715059	-0.0604924	0.119229	0.00179505	0.0994833	-0.0196669	-0.0298039	0.0129559	0.108807	0.249826	0.042373	0.237697	0.0370091	
0.0403262	0.0722825	0.308702	-0.0599749	0.109795	0.00616613	0.343876	-0.0358884	-0.0758231	-0.0198649	0.268642	0.0710039	-0.0583319	0.145913	0.0114179	0.0994833	-0.00392568	-0.0277345	0.0226893	0.0398627	0.249826	0.042373	0.198166	0.044577	
0.0435991	-0.0330733	0.413166	-0.0660903	0.109795	0.00289319	0.382559	-0.0454442	0.239145	0.0742768	-0.0565204	0.149186	0.027836	0.103502	-0.0307408	-0.0153989	0.0169455	-0.00645985	0.216146	0.0462518	0.240921	0.0431677	
0.0435991	-0.00396418	0.413166	-0.0612509	0.109795	0.00289319	0.293108	-0.0396313	-0.0675003	0.283926	0.0742768	-0.0461074	0.209407	0.0275562	0.101676	0.0133403	-0.0287921	0.0204376	0.0474528	0.350972	0.0302538	0.240921	0.0431677	
0.0435991	-0.148578	0.331563	-0.0612509	0.115289	0.00289319	0.364321	0	0.0328104	-0.0360557	0.269233	0.0742768	-0.0462974	0.261421	0.0275562	0.101676	0.0190212	-0.00250798	0.0204376	0.0654248	0.344919	0.0302538	0.240921	0.0431677	
0.0435991	-0.0413129	0.286964	-0.0540513	0.115628	0.00289319	0.364321	0.106396	-0.0609097	0.18098	0.0742768	-0.0480219	0.225957	0.054824	0.0833157	-0.00581249	-0.041151	0.0204376	0.0373219	0.344919	0.0204831	0.247845	0.0431677	
0.0375698	0.028133	0.366414	-0.0453792	0.115628	0.00289319	0.292501	-0.0618874	0.139396	0.144355	0.0968969	-0.0378245	0.225957	0.054824	0.0884209	0.031586	-0.0260378	0.0197821	-0.000451464	0.344919	0.0432528	0.247845	0.0443919	
0.0421432	0.0241807	0.225227	-0.0442904	0.115628	0.00228202	0.350819	-0.0592516	0.122033	0.00753724	0.121099	0.0975081	-0.0403226	0.200572	0.0535256	0.104986	0.031586	-0.0317804	0.0197821	0.0241859	0.344919	0.0348432	0.2317	0.0423672	0.0638109	0	0	
0.0421432	-0.0365216	0.131272	-0.059741	0.0968245	0.00228202	0.334594	-0.0501173	0.122033	0.14268	0.0975081	-0.0403993	0.200572	0.0535256	0.0957117	0.0138192	-0.0396435	0.00980531	0.0668599	0.337344	0.0348432	0.2317	0.0463192	-0.0152695	
0.0397185	-0.0178179	0.200814	-0.0492649	0.0968245	0.00470673	0.334594	-0.0639125	0.134516	0.109615	0.105657	-0.0403993	0.274793	0.0424953	0.0679996	-0.0211215	-0.019885	0.00980531	0.0387628	0.337344	0.0631873	0.2317	0.0438945	
0.042055	0.00170641	0.269046	-0.0609545	0.099196	0.00470673	0.32093	-0.0732183	0.134516	0.10413	0.120145	-0.0153358	0.174855	0.0424953	0.0973109	-0.0327836	-0.0350472	0.0107393	0.0306018	0.337344	0.0631873	0.2317	0.0438945	
0.042055	-0.0135619	0.378289	-0.0603619	0.0865916	0.00470673	0.380642	-0.0586111	0.140396	0.135238	-0.010387	0.174855	0.0443854	0.116663	-0.0345384	-0.0350799	0.0154496	0.0394836	0.337344	0.0467454	0.24856	0.0478653	0.109523	0	
0.0412532	-0.0737624	0.247574	-0.0603619	0.0908719	0.0016537	0.327384	-0.0704878	0.105994	0.148634	-0.00902008	0.176088	0.0308131	0.107015	-0.0357088	0.0207336	0.0176016	0.0681426	0.340814	0.0467454	0.24856	0.0681081	0.102976	
0.0412532	-0.0109963	0.264129	-0.0473434	0.0928107	0.00359255	0.329323	-0.0943951	0.0833132	0.148634	-0.00708123	0.183789	0.0308131	0.101736	-0.0517919	-0.00170513	0.0151601	0.0681426	0.342752	0.101888	0.228495	0.0717444	0.0785785	
0.0412532	-0.0251706	0.0449584	-0.0550743	0.0928107	0.00359255	0.358855	-0.0974329	0.0532967	0	0.111902	0.155444	-0.0419576	0.183789	0.0308131	0.077053	-0.0517919	-0.00269025	0.0168278	0.0503683	0.3279	0.079818	0.228495	0.0717444	
0.0412532	0.0318059	0.0269087	-0.0702508	0.0904228	0.00359255	0.31625	-0.107058	0.111917	0	0.183233	0.155444	-0.0390937	0.155825	0.0478826	0.077053	-0.0576843	-0.00235005	0.0168278	0.0960425	0.32766	0.079818	0.228495	0.0793893	-0.0404959	0	
0.0458654	0.168404	0.219719	-0.063573	0.0901394	0.00330916	0.315966	-0.0818778	0.100315	-0.00330916	0.183233	0.155444	-0.0514907	0.155825	0.0533823	0.0756225	-0.0473642	-0.0159922	0.0100838	0.0960425	0.327377	0.0896394	0.242992	0.0775982	-0.0430769	
0.0458654	0.0703175	0.184052	-0.0713612	0.0901394	0.00330916	0.383054	-0.0909697	0.141354	0.168993	0.155444	-0.0339198	0.155825	0.0471489	0.0840548	-0.056977	-0.0131396	0.0100838	0.0303411	0.298866	0.0940465	0.242992	0.0775982	
0.0482107	0.0806587	0.195167	-0.0704361	0.0901394	0.00330916	0.303341	-0.08473	0.139434	0	0.20005	0.156946	-0.0317178	0.19327	0.0196652	0.0613451	-0.0651452	-0.0107918	0.0100838	0.0637051	0.298866	0.101815	0.221333	0.0775982	0.0863678	0	
0.0440634	-0.0871056	0.414026	-0.0704361	0.0901394	0.0074565	0.318653	-0.115961	0.165816	0.166225	-0.042461	0.174305	0.0175971	0.0823667	-0.0489029	0.0183767	0.00263025	0.040903	0.298866	0.0931961	0.221333	0.104682	0.199041	0.08354	
0.0440634	0.0552186	0.500125	-0.0671536	0.0901394	0.0074565	0.343701	-0.0992651	0.237344	0.166225	-0.0224994	0.168826	0.0339911	0.0823667	-0.0425558	-0.017341	0.00384353	0.0530784	0.298866	0.0931961	0.221333	0.0836923	0.242533	0.0759109	
0.0440634	-0.00493734	0.500125	-0.0696465	0.0901394	0.0074565	0.349808	-0.0992651	0.253838	0.155248	-0.026689	0.16215	0.0339911	0.0823667	-0.0438561	-0.017341	0.021376	0.0848488	0.296978	0.071772	0.267435	0.0836923	0.240463	0.0939256	
0.0354073	0.119633	0.344845	-0.074971	0.0910875	0.0170607	0.364104	-0.0946804	0.0447611	0.309769	0.151908	-0.0490439	0.270264	0.0267264	0.113289	-0.0583231	-0.0163929	0.0223241	0.0318098	0.275495	0.0607708	0.268384	0.0703662	0.241411	0.0147023	
0.0343887	0.250008	0.531095	-0.0646461	0.0910875	0.0170607	0.294055	-0.100478	0.0774309	0.298365	0.151908	-0.0326584	0.215427	0.0330255	0.113289	-0.0583231	-0.0207104	0.0238876	0.0273761	0.261005	0.061857	0.268384	0.0703662	0.221147	0	0	0	
0.0296952	0.250008	0.35641	-0.067742	0.0829513	0.0170607	0.417281	-0.100639	0.0690172	0.3035	0.151908	-0.0221267	0.237336	0.018694	0.113289	-0.051337	-0.024631	0.0193087	0.0516231	0.183076	0.061857	0.268384	0.0669167	0.221147	-0.0304748	-0.0118052	
0.0349157	0.124109	0.227214	-0.0692037	0.0883453	0.0170607	0.417281	-0.0889968	0.0633095	0.3035	0.167624	-0.0080531	0.237336	0.0255593	0.100223	-0.04933	-0.0172895	0.0193087	-0.00663262	0.183076	0.061857	0.232544	0.0554706	0.197415	
0.0349157	-0.0441442	0.241581	-0.0689104	0.080168	0.0170607	0.388098	-0.0886871	0.0633095	0.244742	0.167624	0.00317354	0.198726	0.00945808	0.0875767	-0.057215	-0.0297338	0.0175879	-0.0206288	0.234092	0.061857	0.232544	0.0551609	0.197415	
0.0349157	-0.00608588	0.413835	-0.0678108	0.080168	0.0170607	0.388098	-0.075384	0.0131262	0.246518	0.167624	0.0013402	0.21555	0.00668193	0.0875767	-0.0351355	-0.000480984	0.0203479	0.0492144	0.203085	0.0453424	0.194486	0.0461285	0.18925	0.165176	
0.0349157	0.124574	0.434826	-0.0771618	0.080168	0.0170607	0.444257	-0.0607856	0.246518	0.140271	-0.0187045	0.240621	-0.000232437	0.0886922	-0.0412213	-0.00802129	0.0218634	0.0322606	0.203085	0.0453424	0.22324	0.0315301	0.113992	0.238484	
0.0316451	0.0390634	0.44667	-0.083197	0.080168	0.0170607	0.430315	-0.0724817	0	0.215577	0.123191	-0.0187045	0.240621	0.00952544	0.0886922	-0.0555358	0.0245124	0.0218634	-0.00544	0.184374	0.0587352	0.240929	0.0315301	0.185141	0.238484	
0.0396838	0.0205458	0.422586	-0.0793728	0.0815576	0.0170607	0.41158	-0.0662494	0.175372	0.123191	0.00257893	0.240621	0.0026231	0.134388	-0.0615955	0.0143588	0.0218634	0.0288297	0.176823	0.0759094	0.251173	0.0269309	0.185141	0.164109	-0.00488675	
0.0396838	0.00393552	0.418592	-0.0777226	0.085552	0.0170607	0.41158	-0.0540216	0.138192	0.123191	-0.0378183	0.240621	0.0396902	0.134388	-0.0633387	0.00570855	0.0218634	0.00883513	0.176823	0.0814947	0.251173	0.0269309	0.185141	0.164109	
0.039384	0.137208	0.350705	-0.0771815	0.0846613	0.0173604	0.41158	-0.0723412	0.221992	0.120935	0.142192	0.122892	-0.0465747	0.240321	0.0351672	0.134388	-0.0449208	0.0401955	0.0299442	0.0348472	0.176823	0.0814947	0.251173	0.0442092	
0.039384	0.0141657	0.389363	-0.0786301	0.0846613	0.0173604	0.446317	-0.0696799	0.205967	-0.00342093	0.21131	0.122892	-0.0490724	0.271572	0.0262388	0.148344	-0.0282004	0.0401955	0.00773863	0.0272108	0.176823	0.0692781	0.226074	0.0459774	-0.0242384	
0.0377136	0.125766	0.458277	-0.0794842	0.0677973	0.0181768	0.416121	-0.0696799	0.164577	0.0196286	0.20964	0.130938	-0.0280432	0.258873	0.0425229	0.14749	-0.0234598	-0.00225501	0.00950024	0.0255403	0.140276	0.0621646	0.22522	0.0443069	0.0367921	
0.0392913	-0.0222315	0.319356	-0.0809573	0.0677973	0.0165991	0.48229	-0.0822723	0.11365	0.0211218	0.17862	0.132515	-0.0597434	0.247134	0.0434531	0.151536	-0.0378862	0.0592892	0.00520394	0.00551433	0.104372	0.0574479	0.22522	0.0458846	
0.0392913	0.255799	0.259136	-0.0852004	0.0677973	0.0165991	0.488349	-0.0836086	0.249193	0.0169555	0.138842	0.132515	-0.0449131	0.247134	0.0256813	0.151536	-0.0329709	0.027795	0.00520394	0.0703081	0.157839	0.0594609	0.22522	0.0458846	
0.0429888	0.139157	0.415322	-0.0800537	0.0677973	0.0129015	0.488349	-0.0593001	0.249193	0.0279849	0.210967	0.14469	-0.0477727	0.250831	0.0290991	0.151536	-0.029339	0.0848768	0.00254194	0.132159	0.155718	0.0562194	0.22522	0.0495822	0	
0.0339691	0.0804864	0.415322	-0.0770682	0.0677973	0.0129015	0.488349	-0.0708078	0.235665	0.0229125	0.149749	0.14469	-0.053886	0.265598	0.0423841	0.144742	-0.0561583	0.0551069	0.00254194	0.132159	0.173675	0.0549011	0.241956	0.0495822	-0.0353406	
0.0438382	-0.0617045	0.648558	-0.0800627	0.0698604	0.0116377	0.456809	-0.0801729	0.237728	0.0206912	0.153076	0.130284	-0.0346937	0.199302	0.0309526	0.153415	-0.0622303	0.10085	0.00864146	0.0651346	0.174942	0.0569642	0.273553	0.052909	
0.0438382	-0.0800505	0.614872	-0.0775359	0.0842832	0.0116377	0.514492	-0.0626794	0.237728	0.0206912	0.145585	0.130284	-0.0167143	0.159372	0.0314117	0.153415	-0.059611	0.0843213	0.010519	0.043308	0.19185	0.0434332	0.273553	0.052909	-0.0717173	0.0257578	0	0	
0.0438382	-0.0924207	0.49871	-0.0776844	0.0842832	0.0116377	0.514492	-0.080652	0.25864	0.0360133	0.209479	0.130284	-0.031867	0.185652	0.0256204	0.153415	-0.0654206	0.0843213	0.0279278	0.0848261	0.19185	0.0158967	0.273553	0.0599589	0.0570232	0	
0.0441657	-0.0629433	0.52918	-0.0444045	0.0933522	0.0113102	0.446263	-0.0699872	0.271702	0.0355016	0.250022	0.130611	-0.04216	0.18598	0.0133109	0.151781	-0.0646407	0.0867106	0.0274945	0.0693243	0.191184	0.0158967	0.319401	0.0602865	-0.0427759	
0.0440584	-0.121325	0.212223	-0.0799061	0.0901244	0.0118534	0.446263	-0.0699872	0.273133	0.022186	0.249478	0.13326	-0.0281955	0.205206	0.0187559	0.155318	-0.0686886	0.0684347	0.0274945	0.0345968	0.191184	0.0438641	0.280836	0.0597432	
0.0440584	-0.137548	0.275039	-0.0838442	0.0901244	0.0118534	0.453024	-0.0680121	0.251381	0.022186	0.318921	0.13326	-0.0385135	0.189239	0.0291566	0.155318	-0.0630002	0.0684347	0.019468	0.0471438	0.191184	0.0167425	0.296786	0.0595927	0	
0.0380673	-0.148089	0.319981	-0.0838442	0.0901244	0.0118534	0.423443	-0.0680121	0.245504	0.022186	0.343724	0.152933	-0.00871996	0.189239	0.0230032	0.239465	-0.063023	-0.0103218	0.0300954	0.0170178	0.150075	0.0358302	0.296786	0.0595927	-0.00689193	0	
0.0405808	-0.103172	0.206127	-0.0836302	0.0840389	0.0118534	0.423443	-0.0687749	0.245504	0.0235151	0.360158	0.149023	-0.0348916	0.188968	0.0194722	0.239169	-0.0479693	0.00447768	0.00386069	-0.0080096	0.150075	0.0404385	0.286162	0.0595927	-0.00689193	0	0.0116218	-0.00251345	0	
0.0464143	-0.177946	0.353756	-0.0905699	0.0933485	0.0118534	0.316092	-0.0893089	0.138767	0.0156584	0.265105	0.136796	-0.0309067	0.188968	0.0194722	0.239169	-0.0784091	0.0324541	0.0139854	0.0392989	0.150075	0.0343742	0.286162	0.0640499	-0.00689193	
0.060444	-0.138105	0.232862	-0.0888957	0.0933485	0.0118534	0.339218	-0.0934921	0.120151	0.020867	0.256071	0.136796	-0.041917	0.188968	0.0194722	0.239169	-0.0682434	0.0324541	0.0139854	0.06449	0.139665	0.0412955	0.286162	0.0682332	-0.021854	0.0142262	
0.060444	-0.151252	0.345089	-0.0811461	0.0933485	0.0118534	0.339218	-0.0714189	0.120151	0.00599224	0.256479	0.136796	-0.0406495	0.270556	0.00996591	0.239169	-0.0601834	0.0372631	0.0219872	-0.00908779	0.10919	0.030038	0.286162	0.0682332	-0.021854	
0.03859	-0.0538422	0.201454	-0.0755257	0.0910445	0.0118534	0.393389	-0.0757689	0.114222	0.00599224	0.23655	0.161392	-0.0556644	0.268067	0.0407009	0.239169	-0.0718194	0.102771	0.0154942	0.0448459	0.125894	0.0178381	0.286162	0.0738016	0.0407846	
0.0407136	-0.0319279	0.149885	-0.0776724	0.0798458	0.00972981	0.334973	-0.056048	0.144491	-0.00532886	0.259858	0.144426	-0.0445656	0.270191	0.0428244	0.232506	-0.0653139	0.10337	0.00236698	0.0127284	0.125894	0.043589	0.286162	0.0759252	
0.0385811	0.0282435	0.301703	-0.070768	0.0798458	0.0118623	0.393125	-0.0683036	0.144491	-0.00360353	0.219916	0.128271	-0.0155103	0.312379	0.0406919	0.186937	-0.0558869	0.10337	0.00236698	0.0440885	0.125894	0.035308	0.286162	0.0737927	0.0163988	
0.0384429	-0.0616599	0.303743	-0.0806078	0.0778065	0.0118623	0.393125	-0.0607468	0.121076	0.0134132	0.219916	0.128271	-0.0205457	0.271531	0.0465184	0.186937	-0.0500916	0.151206	0.0103191	0.0223454	0.100073	0.0597384	0.286162	0.0611526	-0.00627494	-0.0114543	
0.0371398	0.125714	0.456891	-0.0839698	0.0614712	0.012004	0.393267	-0.0534738	0.121217	0.000500384	0.152729	0.128271	-0.0351449	0.271531	0.0350411	0.14451	-0.0620257	0.131707	0.0104608	-0.0158979	0.100214	0.05988	0.249142	0.0611526	0.0756012	-0.00631065	
0.0371398	-0.108875	0.411914	-0.0900361	0.0614712	0.012004	0.332882	-0.0540737	0.123785	0.00199964	0.171146	0.134892	-0.0375863	0.25882	0.0211855	0.14451	-0.0450982	0.132908	0.0167639	0.00336691	0.100214	0.05988	0.249142	0.0611526	0	0	
0.0371398	-0.142144	0.457392	-0.0871423	0.0614712	0.012004	0.410436	-0.0750621	0.174283	-0.0106295	0.184228	0.143111	-0.0399148	0.25882	0.0661919	0.161038	-0.0598296	0.147174	0.00218672	0.0332545	0.132088	0.0754973	0.275574	0.0611526	0	0	0	-0.0679905	
0.0343536	-0.0871411	0.400534	-0.0804143	0.0873163	0.0131161	0.326727	-0.0522464	0.1445	-0.0101113	0.184228	0.142276	-0.0458994	0.257552	0.0479565	0.143499	-0.0534614	0.148286	0.0142976	-0.0167922	0.1332	0.0549025	0.276686	0.0611526	
0.0366075	0.048079	0.327829	-0.0704995	0.0873163	0.0108621	0.326727	-0.0522464	0.1445	-0.00441911	0.186482	0.122369	-0.0458994	0.259803	0.032549	0.143499	-0.0477799	0.116741	0.0142976	-0.022	0.129026	0.0680194	0.259057	0.0634066	-0.0530983	
0.0366075	-0.0146013	0.442122	-0.0765934	0.0811781	0.0108621	0.37625	-0.0789671	0.122842	-0.00620879	0.220979	0.111533	-0.045141	0.308812	0.032549	0.143499	-0.0391787	0.100432	0.0100607	0.0149894	0.122267	0.0680194	0.260074	0.0634066	
0.0366075	0.011376	0.515074	-0.075642	0.0769091	0.0108621	0.418812	-0.0789671	0.161731	-0.0198896	0.260047	0.0985421	-0.022782	0.362874	0.0383702	0.143499	-0.042995	0.100432	0.0100607	-0.012352	0.169268	0.0649284	0.260074	0.0634066	0.0831326	
0.0366075	0.0427884	0.206817	-0.0721562	0.0769091	0.0108621	0.418812	-0.0789671	0.161731	-0.0198896	0.260699	0.0784189	-0.045802	0.341901	0.0260976	0.143499	-0.0475249	0.125832	0.0100607	0.0358871	0.173494	0.0464613	0.260074	0.0634066	
0.0379444	-0.0744608	0.177827	-0.0606287	0.081587	0.0108621	0.402927	-0.0916589	0.15484	-0.0222419	0.260699	0.110225	-0.0432757	0.237966	0.0621599	0.143499	-0.0394024	0.134614	0.0149732	-0.00675724	0.206864	0.0464613	0.260074	0.0634066	-0.0275551	
0.0420642	0.0281083	0.517155	-0.0606287	0.0764841	0.0108621	0.402927	-0.0969497	0.157113	-0.0222419	0.274662	0.110225	-0.0482626	0.237966	0.0746798	0.146933	-0.0323942	0.185861	0.00614333	0.0597909	0.24623	0.0464613	0.2529	0.0714693	
0.0401963	0.0254556	0.479232	-0.0916638	0.0667408	0.0113177	0.408002	-0.104076	0.164772	0.0689663	0.424729	0.118794	-0.0547236	0.215238	0.043423	0.147389	-0.0539087	0.179026	0.00917798	0.0597909	0.246686	0.0469169	0.207985	0.0785954	0	-0.00602946	
0.0401963	-0.0545034	0.467827	-0.0794364	0.0785786	0.0113177	0.334833	-0.0740002	0.164772	0.0567389	0.307433	0.132073	-0.00887481	0.215238	0.0373135	0.123317	-0.0533772	0.179026	0.0211589	0.0411906	0.246686	0.0469169	0.207985	0.0568385	-0.0286761	
0.0318483	-0.0792068	0.594129	-0.0997766	0.0785786	0.0113177	0.334833	-0.0780357	0.148985	0.0657696	0.346825	0.11413	-0.025601	0.223262	0.0492932	0.118532	-0.0514849	0.160236	0.003195	0.0510714	0.20392	0.0469169	0.232689	0.0609449	0	0.0677418	
0.0347461	-0.0466937	0.835764	-0.101504	0.0796365	0.00947777	0.348828	-0.0890335	0.1476	0.0664387	0.358953	0.136374	-0.0438315	0.150539	0.0333957	0.11959	-0.0373181	0.162252	0.0202532	0.0189487	0.204978	0.0479748	0.233747	0.0678183	0.0644088	
0.0380098	-0.0783004	0.621698	-0.0741845	0.066673	0.00947777	0.452092	-0.0891053	0.1476	0.0664387	0.358953	0.14535	-0.0571413	0.15783	0.0333957	0.11959	-0.0317265	0.162252	0.0202532	0.00532772	0.204978	0.0479748	0.233747	0.0678183	0.0230901	
0.0514553	-0.0810842	0.715069	-0.0861595	0.066673	0.00947777	0.43135	-0.0891053	0.1476	0.0762917	0.438817	0.169957	-0.0541828	0.139985	0.0333957	0.109974	-0.0387276	0.192728	0.00862908	0.0378479	0.215604	0.0514638	0.272264	0.0678183	0.0471939	
0.0541954	-0.0692423	0.740735	-0.0894142	0.0410067	0.00947777	0.299581	-0.0859482	0.152234	0.0795464	0.432921	0.158822	-0.0386897	0.142097	0.0214507	0.109974	-0.0605106	0.151637	-0.000402598	-0.0150558	0.215604	0.0485982	0.260422	0.0685779	0.0134396	
0.0541954	-0.0658904	0.720059	0	0.0496731	0.00947777	0.441384	-0.0794373	0.152234	-0.00495776	0.424434	0.146147	-0.0305526	0.15475	0.0269082	0.109974	-0.0641146	0.0823885	0.00369452	0.00397434	0.207659	0.0383394	0.260422	0.0685779	
0.0472988	-0.0770709	0.923187	0.0726128	0.0481472	0.00795183	0.439858	-0.0849318	0.17055	-0.00463393	0.424434	0.146147	-0.0423008	0.187373	0.0329348	0.108448	-0.0492076	0.0792625	0.0018368	0.0145526	0.209465	0.0270228	0.269904	0.0011777	0.0365311	
0.0615101	-0.0423292	1.08132	0.0726128	0.0481472	0.00795183	0.394697	-0.0849318	0.15618	-0.0162374	0.368877	0.146147	-0.0407184	0.233891	0.024032	0.108448	-0.0583474	0.0792625	0.0018368	0.092754	0.209465	0.0270228	0.200093	
0.0624244	-0.000338619	1.06931	0.0738169	0.0490009	0.00789122	0.433753	-0.0912225	0.157034	-0.0170911	0.375935	0.132436	-0.021014	0.234805	0.0249463	0.0963394	-0.04227	0.0467197	0.0141312	0.0548635	0.289461	0.0412219	0.200946	
0.066336	-0.0909256	0.0764671	0.0512822	0.00789122	0.45971	-0.0868384	0.0823714	-0.0170911	0.344719	0.111093	-0.0418359	0.267001	0.0600529	0.0963394	-0.0439693	0.0467197	0.0141312	0.0680877	0.289461	0.0498231	0.226352	1.00519	
0.0663444	-0.0666368	0	0.0512822	0.00789122	0.45971	-0.0680222	0.149408	-0.0138115	0.269782	0.111093	-0.0195742	0.223684	0.0267994	0.10417	0.0680482	0.0381257	0.0141312	0.048304	0.289461	0.0425736	0.202063	0.803764	
0.0795512	-0.0758935	0.0512822	0.00789122	0.45971	-0.0680222	0.122884	-0.0197325	0.366113	0.111093	-0.0154487	0.199181	0.0271776	0.10417	0.0680482	0.0396507	0.0271094	0.0230494	0.289461	0.0425736	0.202063	0.924427	
0.057738	0.0793881	0.0785783	0	0.00789122	0.45843	-0.0819747	0.150176	-0.0197325	0.392475	0.111093	-0.0298813	0.19751	0.0160104	0.0996534	0.0668015	0.0757687	0.021273	-0.0173259	0.263414	0.0614707	0.22061	0.572449	
0.057738	0.0858039	0.0785783	0.00789122	0.44549	-0.099852	-0.023038	0.163838	-0.0186322	0.392475	0.111093	-0.036606	0.147499	0.0534264	0.0996534	0.0815801	0.0535064	0.0252646	0.0177838	0.302102	0.0599687	0.22061	0.76516	
0.057845	-0.0734641	0.0785783	-0.0043023	0.00789122	0.44549	-0.0906654	0.147936	-0.0175231	0.432404	0.086611	-0.0437698	0.149177	0.0569556	0.0817616	0.0815801	0.0518832	0.0175966	0.0310649	0.380874	0.069458	0.22061	0.76516	-0.0183553	
0.057845	-0.0680334	0.0783911	0.0538037	0.00789122	0.372579	-0.103509	0.147936	-0.0175231	0.432404	0.086611	-0.064572	0.149177	0.0625673	0.0973571	0.0857209	0.0506806	0.0175966	0.0281399	0.39532	0.0622606	0.21518	0.664725	-0.0175231	
0.057845	-0.103044	0.0783911	0.00789122	0.372579	-0.0984369	0.147936	-0.0175231	0.529598	0.086611	-0.064572	0.0988627	0.0625673	0.114575	0.0806486	0.0387701	0.0175966	0.0505298	0.39532	0.0460491	0.21518	0.70717	
0.0537551	0.0229856	0.0783911	0.00789122	0.372579	-0.0931838	0.133508	-0.0175231	0.417306	0.10971	-0.0558442	0.183074	0.0625673	0.114575	0.0806486	-0.0386955	0.0280031	0.0621908	0.476746	0.0302622	0.20999	0.439319	
0.0537551	-0.141771	0.0783911	0	0.00789122	0.372579	-0.0831847	0.0871052	-0.0175231	0.426998	0.108472	-0.046174	0.175258	0.0447902	0.0994908	0.0806486	-0.0153245	0.0408004	0.0200865	0.476746	0.0302622	0.226096	0.461012	0	0	
0.0348992	-0.158693	0.0783911	0	0.00909613	0.333389	-0.10631	0.0879705	-0.00954557	0.483218	0.107267	-0.0574659	0.208867	0.0613354	0.0994908	0.069356	4.98201e-05	0.0317286	0.0637669	0.476746	0.0302622	0.226096	0.449159	
0.0348992	-0.141924	0.0783911	0.00909613	0	0.404004	-0.065068	0.0917819	-0.0220106	0.483218	0.107267	-0.0472395	0.220098	0.043021	0.090715	0.069356	-0.0110711	0.0317286	0.0264956	0.460759	0.0327695	0.250424	0.458907	
0.0348992	-0.152695	0.0944256	0.331167	0.00909613	-0.0918619	0.115484	-0.0169978	0.483218	0.107267	-0.0457531	0.154786	0.0470901	0.0785997	0.069356	-0.00816935	0.029866	0.0274456	0.438989	0.034405	0.246313	0.442873	
0.0365714	-0.0378661	0.0944256	0.394304	0.00742396	-0.0823432	0.0895494	-0.0169978	0.484891	0.117209	-0.0457531	0.205791	0.0508612	0.0785997	0.0679614	-0.0473032	0.00752723	0.067921	0.438989	0.0575737	0.246313	0.442873	0	
0.0365714	0.00470155	0.0781602	0.39666	0.00742396	-0.078632	0.118921	-0.0186895	0.484891	0.130873	-0.0342382	0.205791	0.0605359	0.0964378	0.0642502	-0.00442584	0.0056444	0.0235798	0.438989	0.0575737	0.242155	0.590479	
0.0303881	0.0245597	0.0781602	0.361573	0.0136072	-0.080948	0.154838	-0.00460378	0.461332	0.12469	-0.0314678	0.199607	0.0543526	0.0801072	0.0580669	-0.0216638	0.0109292	0.0173965	0.4462	0.0575737	0.222297	0.469921	
0.0303881	0.0995354	0.0781602	0.369443	0.0136072	-0.0766245	0.154838	-0.0109209	0.462006	0.119416	-0.0314678	0.199607	0.0417575	0.0783443	0.0614312	-0.0275162	0.0109292	0.020717	0.431671	0.0575737	0.246025	0.372943	
0.0368145	0.102391	0.0798384	0.374777	0.0120034	-0.0754402	0.186718	-0.0125992	0.377946	0.122698	-0.0196559	0.165031	0.0407845	0.108388	0.0480317	-0.0361768	0.0126075	0.100179	0.43335	0.059252	0.250021	0.225554	
0.0314796	-0.0211483	0.0807721	0.374777	0.0120034	-0.0856613	0.114688	-0.0148485	-0.0384692	0.377946	0.113724	-0.0461437	0.171926	0.0791123	0.108388	0.0606003	-0.034918	0.0126075	0.124722	0.43335	0.0491916	0.250021	0.219967	0.141758	
0.0352595	-0.0162479	0.0790386	0.33455	0.0120034	-0.102581	0.104538	-0.0056949	-0.00489962	0.377946	0.113724	-0.0400264	0.171926	0.0477399	0.115562	0.0832171	-0.0181636	0.0126075	0.0501899	0.43335	0.0441916	0.270276	0.276665	
0.0407353	-0.0261819	0.0749921	0.335403	0.0128564	-0.0997983	0.128999	-0.00928035	0	0.333197	0.112033	-0.0445225	0.131719	0.0320906	0.116415	0.0832171	-0.0362195	0.0257526	0.0870769	0.434203	0.0293986	0.297	0.329754	
0.0393508	0.146087	0.0749921	0.335403	0.014241	-0.10618	0.105896	-0.00928035	0.331813	0.0804327	-0.0445225	0.130334	0.0371995	0.0803868	0.0818325	-0.0199695	9.91314e-05	0.10573	0.434203	0.0381118	0.269166	0.239529	
0.0393508	0.139193	0.0749921	0.335403	0.014241	-0.123929	0.147956	-0.00928035	0	0.340227	0.0804327	-0.0388257	0.139516	0.0371995	0.0726084	0.0891916	-0.0479286	0.0157905	0.118056	0.434039	0.0304575	0.241786	0.215146	
0.0393508	0.11177	0.0749921	0.41747	0.014241	-0.101639	0.138354	-0.00928035	0.346232	0.0804327	-0.0218169	0.139516	0.049547	0.0783177	0.0843206	-0.0464721	0.00492261	0.0423762	0.392019	0.0351852	0.291695	0.397537	
0.0393508	0.0785457	0.0749921	0.41747	0.014241	-0.0991271	0.138354	-0.00928035	0.0466989	0.403956	0.0804327	-0.0341885	0.142196	0.0286462	0.0858265	0.0896458	-0.0532195	0.0169482	0.0445429	0.396751	0.0474941	0.284355	0.307553	
0.0393508	0.0171645	0.0743799	0.400384	0.0136288	0.137742	-0.118757	-0.0150252	0.38709	0.0804327	-0.0358529	0.168095	0.0286462	0.0852143	0.0896458	-0.0543211	0.0056721	0.0666078	0.35104	0.0327397	0.247767	0.337444	
0.0393508	0.0479907	0.0775682	0.430326	0.0136288	0.14376	-0.110893	-0.0150252	0.38709	0.0865717	-0.0413693	0.144916	0.0286462	0.0852143	0.0896458	-0.0280389	0.0163989	0.0494456	0.258998	0.0462892	0.239071	0.332258	
0.0293954	0.0364923	0.0800645	0.37317	0.0132926	0.14376	-0.100782	-0.0150252	0.0228956	0.372437	0.136476	-0.0413693	0.145252	0.0457515	0.0903977	0.089982	-0.0341457	0.00155771	0.0505669	0.269845	0.0469918	0.322761	0.329762	
