-0.0871944	-0.0652996	-0.0814174	-0.108834	0.574313	0.0963954	0.108729	0.0753995	0.0568244	0.301398	0.0170856	0	0	0	0	0	0	0	0	0	0	0	0	0	0	0	0	0	0	0	0	0	0	0	0	0	0	0	0	0	0	0	0	0	0	0	0	0	0	0	0	0	0	0	0	0	0	0	0	0	0	0	0	0	0	0	0	0	0	0	0	0	0	0	0	0	0	0	0	0	0	0	
-0.0871944	-0.0652996	-0.0814174	-0.108834	0.55989	0.135365	0.108729	0.0920726	0.0568244	0.276299	0.0170856	0	0	0	-0.0278466	0.0512818	0	0	0.0434057	0.0477161	0.00763401	0	0	0.00151202	-0.0547421	-0.0558181	0.0118253	0.0158307	0.0343829	0.0639703	0	0.0670074	-0.00500204	0	0.0196187	0.0223514	0.00037819	0.0712112	0	0.0219316	-0.00315483	0	0.0745919	0	-0.0171484	
-0.0871944	-0.0695535	-0.0814174	-0.113079	-0.0343994	0.135365	0.108729	0.0920726	0.0349977	0.245697	0.0170856	0.00773132	-0.0249708	-0.0146998	-0.0278466	0	0.55989	0.14938	-0.0103308	0.00151202	-0.0289367	0.0398651	0.0287482	0.0142908	-0.0630082	0	0.0160792	-0.00315483	0.0112974	-0.0212255	0.0109464	-0.00432668	0.0209458	0.0518904	0	
-0.0871944	-0.0695535	-0.0814174	-0.100754	-0.0451739	0.132056	0.160671	0.0920726	0.0647375	0.245697	0.00538451	0.00782391	-0.0298655	-0.00156678	-0.0306065	-0.0103308	0.0170856	0.583856	0.267249	-0.0270017	-0.0131005	-0.00848507	0.0160792	0.00400086	-0.0306061	0.0546169	-0.0254378	-0.0189379	0.0397726	0.131582	0.134838	
-0.0939602	-0.068087	-0.0814174	-0.100812	-0.0405261	0.132056	0.160671	0.0920726	0.0657952	0.245697	0.0372021	-0.00572352	0.0284252	0.0146817	0.00782391	0.184556	-0.0575324	0.194719	0.0179241	-0.0524168	0.0170856	-0.0131005	0.0647326	0.0368927	0.00400086	-0.0423445	-0.025232	-0.0142433	0.0397726	0.583856	
-0.0897526	-0.068087	-0.0814174	-0.0889505	-0.0749816	0.125782	0.0381725	0.0920726	0.0602045	0.190572	0.0970359	-0.00914216	0.528589	0.17719	0.0361937	-0.0524168	-0.0105572	0.0671738	0.00400086	0.0170856	-0.011588	0.0635127	0.262227	-0.0700367	-0.061726	-0.0163314	0.0266373	
-0.0937065	-0.0683855	-0.0827041	-0.0902878	-0.0817205	0.125782	0.038471	0.0999767	0.0575625	0.041133	0.0757669	0.00318327	0.529875	0.17719	0.267745	-0.0527998	-0.0124203	0.0446105	0.00981972	-0.0480581	0.0870731	0.100181	-0.0420037	0.00400086	0.0170856	-0.011588	-0.0164912	0.0266373	
-0.0937065	-0.0745498	-0.0768772	-0.0805899	-0.0509688	0.121	0.0575906	0.0999767	0.00264511	-0.023443	0.00318327	0.524048	0.17719	0.248658	-0.0437087	0.00178702	0.0449656	0.00790258	-0.0480581	0.0489495	0.068043	-0.000468621	0.206035	-0.0410352	0.0170856	-0.0267997	
-0.0937065	-0.0762372	-0.0768772	-0.0845438	-0.0802177	0.121	0.0728429	0.0912211	0.0167984	-0.0517672	-0.0043536	0.539578	0.145722	0.248658	-0.0437087	0.0096569	0.0568002	0.0167773	-0.0424514	0.0241064	0.08751	-0.0041836	0.21216	-0.0232141	0.0170856	0.127489	0	-0.020157	
-0.0926211	-0.0807737	-0.0765894	-0.0862398	-0.0651629	0.121	0.091097	0.0962596	0.0160333	0.0593377	-0.0043536	0.550963	0.145722	0.266112	-0.0318656	-0.0176114	0.0280435	0.0206177	-0.0675753	0.0213719	0.152292	-0.00631849	-0.0454662	0.0170856	0.247586	-0.0363742	
-0.0932248	-0.0776333	-0.0765894	-0.0930313	-0.0308208	0.0965731	0.0848617	0.0736697	0.0240999	0.0306109	0.00719977	0.522789	0.145722	0.273008	-0.0334575	-0.0213601	0.0278278	0.0206177	-0.0521688	0.0213719	0.0629036	-0.00631849	0.00301963	-0.0261953	0.0193907	0.130396	
-0.089785	-0.0779116	-0.0765894	-0.0930313	-0.0452902	0.0965731	0.103701	0.0786499	0.0060019	0.103602	-0.00124706	0.500052	0.147453	0.273008	-0.0424213	-0.0247338	0.0281832	-0.00400098	-0.0538021	-0.00642466	0.0629036	-0.039347	-0.0177693	-0.04038	0.200477	0.0181206	
-0.0892763	-0.0779116	-0.073485	-0.105973	-0.0736571	0.0965731	0.0854082	0.0786499	0.0288091	0.164606	-0.00124706	0.496948	0.113628	0.273008	-0.0424213	-0.017697	0.0654386	-0.0251877	-0.078944	-0.00780697	0.0579744	-0.0130345	-0.0257849	-0.0358164	0.18629	0.0181206	
-0.0892255	-0.0717866	-0.070042	-0.110491	-0.0793361	0.100016	0.0796516	0.0820929	0.032252	0.16497	0.00219592	0.541876	0.184619	0.319701	-0.0182863	-0.0218639	0.0688816	-0.0217447	-0.0591598	-0.00436398	0.0827401	-0.00959148	0.0485302	-0.0241581	0.238777	0.0215636	0.0815973	0.0125583	0.0930329	
-0.0895864	-0.0742184	-0.0650026	-0.101044	-0.0815749	0.0975842	0.0796516	0.0937797	0.0243191	0.165007	0.00546868	0.534404	0.181508	0.236453	0.00285756	-0.00742972	0.0664497	-0.025749	-0.0608876	-0.00679585	0.0433195	-0.00912067	0.0146311	-0.0412238	0.124125	0.0191318	
-0.0895864	-0.0653111	-0.0630491	-0.102471	-0.0758004	0.0999094	0.0710497	0.0937797	0.0596753	0.140432	0.00864527	0.532451	0.180375	0.236453	0.00225696	-0.0117586	0.0432597	-0.0350705	-0.0366858	0.0450956	-0.00464069	0.0146311	-0.038403	0.102695	0.0137681	
-0.0858834	-0.0744555	-0.0630491	-0.0938741	-0.0659719	0.0999094	0.0810351	0.0937797	0.0596753	0.252342	0.00864527	0.543095	0.180375	0.252738	-0.0109907	-0.0158013	0.141913	-0.0391541	-0.0517257	0.0514882	-0.00464069	0.0146311	-0.0335236	0.0981655	0.0137681	
-0.093751	-0.0744555	-0.0554757	-0.0944785	-0.0562173	0.0999094	0.0810351	0.0809088	0.0389279	0.315649	-0.00754522	0.551329	0.180375	0.252738	0.0191714	-0.0158013	0.0940678	-0.0391541	-0.0572921	-0.0201178	-0.0146922	0.0223505	0.0947207	-0.0493306	0.0799657	
-0.093751	-0.0744555	-0.0596478	-0.0981862	-0.0505831	0.0999094	0.0830013	0.123373	0.0514261	0.442217	-0.00754522	0.54564	0.0847726	0.218782	0.0181789	-0.0250079	0.148632	-0.0320749	-0.0693514	0.0241594	-0.00622695	0.0197507	0.0947207	-0.0394693	0.108732	-0.0218821	0.00751322	
-0.0948063	-0.0677365	-0.0687479	-0.0981862	-0.0778553	0.141269	0.103776	0.123373	0.0514261	0.459818	-0.00754522	0.599366	0.144556	0.21671	0.0545408	-0.0250079	0.10188	-0.0296644	-0.0719861	0.0600722	-0.00596419	0.0197507	0.0947207	-0.0222944	0.108732	
-0.0169181	-0.0618058	-0.0687479	-0.105703	-0.080945	0.141269	0.0606986	0.123373	0.0581086	0.406267	-0.00754522	0.614119	0.129537	0.178174	-0.0836132	-0.0056189	0.10188	-0.0453045	-0.0653593	0.0535182	-0.0066404	0.0197507	0.0974772	-0.0132628	0.0965647	
-0.0582431	0.0056341	-0.0748617	-0.113906	-0.0830223	0.141269	0.057136	0.107668	0.0313162	0.470681	-0.00754522	0.598029	0.132174	0.16218	-0.0927257	-0.0056189	0.103781	-0.0310553	-0.064586	0.0311813	-0.00244793	0.0197507	0.0089412	0.143861	-0.0493543	
-0.0582431	-0.0681593	-0.0766736	-0.104991	-0.0798221	0.152014	0.0579515	0.107668	-0.00641555	0.272439	-0.00364717	0.622341	0.0858481	0.16218	-0.0913853	-0.0210622	0.0892361	-0.0310553	-0.0787261	0.0298864	-0.012419	0.0941238	0.0124975	-0.0135591	0.129039	-0.0375069	
-0.0582431	-0.0622645	-0.0766188	-0.108511	-0.0537502	0.179502	0.0166615	0.107668	0.0208268	0.136382	-0.0249114	0.629176	0.0519931	0.150101	-0.0882186	-0.0210622	0.169067	-0.0439489	-0.080028	0.0599093	0.0106379	0.187049	0.0124975	-0.0204484	0.129039	
-0.0582431	-0.0621109	-0.0795353	-0.10723	-0.0537502	0.16816	0.030936	0.107668	0.0404834	0.0805871	-0.0249689	0.606067	0.0443499	0.0878071	-0.0908243	0.00501645	0.105753	-0.0427979	-0.0641845	0.0628925	-0.0192066	0.184757	0.00728106	0.00557626	0.164485	
-0.0582431	-0.0623582	-0.0795353	-0.105878	-0.0728682	0.164848	0.030936	0.107668	0.0404834	0.0141898	-0.0330585	0.62845	0.0318856	0.241186	-0.0815498	-0.00763158	0.18478	-0.0514707	-0.0678829	0.0628925	-0.00242711	0.196315	0.00728106	-0.0168062	0.110749	
-0.0582431	-0.0623582	-0.0795353	-0.117383	-0.0379678	0.151868	0.0281252	0.107668	0.0404834	-0.0426568	-0.0330585	0.62342	0.0670562	0.241186	-0.0879033	-0.0161441	0.100603	-0.0424501	-0.0544986	0.0271065	-0.00242711	0.196315	0.0280808	-0.0117765	0.110749	0	0	
-0.0497368	-0.0623582	-0.0795353	-0.111105	-0.0588511	0.151868	0.020893	0.128931	0.000803762	-0.0110057	-0.0313346	0.6249	0.0670562	0.213877	-0.0916987	-0.0229195	0.112071	-0.0424501	-0.0633983	0.0318535	-0.00242711	0.198827	0.0280808	-0.0132567	0.12457	0.0288572	
-0.0483794	-0.0599868	-0.0795353	-0.100758	-0.0540138	0.151868	0.0195355	0.127801	0.0097291	-0.0231901	-0.0313346	0.631465	0.0670562	0.213877	-0.0942275	-0.0229195	0.112071	-0.0424501	-0.0423177	0.0367765	-0.0164939	0.198827	0.0280808	-0.0198213	0.12457	0.0519366	
-0.0491996	-0.060807	-0.0803555	-0.0850183	-0.0745335	0.16306	0.0178631	0.116226	0.0107642	-0.0231901	-0.0321549	0.631465	0.0432673	0.225728	-0.0950478	-0.0251554	0.11856	-0.0314621	-0.0519832	0.0678464	-0.0139438	0.368704	0.0272605	-0.0198213	0.0750022	0.0308	
-0.0491996	-0.060807	-0.0779901	-0.084902	-0.0745335	0.135053	0.0178631	0.116226	0.0107642	0.0803553	-0.0321549	0.635309	0.0432673	0.280531	-0.0976858	-0.0130035	0.142353	-0.0314621	-0.0619736	0.0370743	-0.0267656	0.302847	0.0161349	-0.0260304	0.0750022	-0.0195255	0.0523379	
-0.0502468	-0.060807	-0.0779901	-0.0965952	-0.085854	0.128861	0.0215436	0.11228	0.0363745	0.113291	-0.0321549	0.606663	0.0716177	0.280531	-0.0973391	-0.019882	0.142353	-0.0314621	-0.0619736	0.0215048	-0.0315957	0.312367	0.0161349	0.00261529	0.0844892	0	
-0.0519888	-0.0611136	-0.0590759	-0.0945215	-0.0749566	0.122872	0.0288053	0.111974	0.0040574	0.12771	-0.0324615	0.619044	0.0713111	0.280225	-0.0981896	-0.0201886	0.300732	-0.0317687	-0.0656913	0.0512789	-0.0182144	0.312061	0.0158282	-0.0289863	0.111079	0	
-0.0519888	-0.0618808	-0.0599251	-0.102783	-0.0695999	0.112575	0.0260058	0.111974	-0.00209247	0.104655	-0.0324615	0.630551	0.0679947	0.280225	-0.0892103	-0.0201886	0.313227	-0.0547518	-0.0488414	0.0427914	-0.0186775	0.332121	0.0158282	-0.0271092	0.124405	-0.0200601	0	
-0.0519888	-0.0618808	-0.0599251	-0.0960405	-0.0846311	0.121324	0.0084985	0.114161	0.000678265	-0.0198095	-0.0324615	0.606353	0.0679947	0.206626	-0.0956379	-0.00773363	0.326691	-0.0500603	-0.0352278	0.0427914	-0.0186775	0.330606	0.0211487	-0.0271092	0.167054	
-0.053562	-0.063454	-0.0614983	-0.0976137	-0.0762504	0.131466	0.0161824	0.0934846	0.00926929	0.104177	-0.0340347	0.577146	0.020125	0.1725	-0.0976118	-0.00930685	0.191012	-0.0516335	-0.036801	0.0536799	-0.0202507	0.227208	0.0195755	-0.0288109	0.168707	
-0.053562	-0.063492	-0.072756	-0.0937313	-0.056061	0.0990492	0.0239259	0.102932	-0.00729733	0.0871196	-0.0340347	0.602434	0.0354206	0.212569	-0.0961788	-0.00930685	0.211445	-0.0582528	-0.0279825	0.016626	-0.025736	0.19899	0.0195755	-0.00811584	0.121479	0	0	0	
-0.053562	-0.063492	-0.0728114	-0.10794	-0.0804437	0.0901263	0.0188468	0.102932	0.0171034	0.0678568	-0.0248663	0.609657	0.00965958	0.27149	-0.10658	-0.00835093	0.191509	-0.0582528	-0.0140236	0.0173821	-0.0059671	0.26529	0.0195755	-0.0152834	0.0915805	
-0.053562	-0.063492	-0.0693006	-0.113734	-0.0804437	0.086569	0.00890762	0.102932	0.0171034	0.0141337	-0.0251362	0.604408	0.050788	0.300872	-0.0933424	-0.00937701	0.191509	-0.0582528	-0.0223897	0.0255281	-0.0059671	0.265616	0.0181209	-0.0135459	0.133835	0	
-0.0551429	-0.0635663	-0.0731527	-0.1143	-0.080589	0.0864947	0.0200208	0.102858	0.0170292	0.017561	-0.0486343	0.599644	0.084653	0.300798	-0.0934167	-0.00945126	0.241834	-0.0560379	-0.00662529	-0.00179179	0.00835627	0.288742	0.0180466	-0.00500341	0.0948711	
-0.0581324	-0.0584306	-0.0674118	-0.10098	-0.0739502	0.0864947	0.0230104	0.0714557	0.0153088	0.0425141	-0.0435177	0.608444	0.0482846	0.300798	-0.0989018	-0.00945126	0.20545	-0.0602342	-0.0545845	-0.00462941	0.00835627	0.190865	0.0180466	-0.0195449	0.169585	
-0.0581324	-0.0607523	-0.0674118	-0.0910481	-0.0777959	0.114519	0.0338256	0.075136	0.0153088	0.0212824	-0.0435177	0.595358	0.0559708	0.289049	-0.0944952	-0.0135045	0.139694	-0.0602342	-0.0396495	0.0184165	0.00652878	0.190865	0.00684239	-0.00645834	0.0862435	
-0.0581324	-0.0607523	-0.0672014	-0.111336	-0.0939988	0.101114	0.0616953	0.075136	0.0179476	-0.0285796	-0.0435177	0.610835	0.0921895	0.308704	-0.0944952	-0.0230436	0.168056	-0.0602342	-0.0396495	0.0515288	0.00630765	0.190865	0.00815716	-0.00421302	0.147278	
-0.0581324	-0.0607523	-0.0592546	-0.108326	-0.0534483	0.134686	0.0616953	0.0503027	0.00114951	-0.0641813	-0.0324467	0.644627	0.031142	0.325512	-0.100038	-0.010147	0.173657	-0.0602342	-0.00981556	0.0358475	-0.0036234	0.277606	0.0298403	-0.0272718	0.125453	
-0.0630303	-0.0607523	-0.0567409	-0.114126	-0.0833697	0.175292	0.0665932	0.0503027	0.00114951	-0.0289045	-0.0313126	0.63522	0.0198053	0.31136	-0.0967965	-0.010147	0.165202	-0.0540947	-0.00981556	0.0516415	-0.00230662	0.185907	0.0298859	-0.0203781	0.0871234	0.00143497	
-0.0729713	-0.0565272	-0.0567409	-0.101786	-0.0767733	0.175292	0.0765342	0.0559983	0.00114951	-0.00331747	-0.0340101	0.640018	0.0714215	0.336692	-0.0913109	-0.00936442	0.149332	-0.0647635	-0.0032472	0.0492093	-0.00230662	0.226945	0.00551302	-0.0251761	0.161093	0.0194783	0	
-0.0755964	-0.05711	-0.0573237	-0.108028	-0.0658105	0.174709	0.0785765	0.0554155	0.0005667	-0.0134428	-0.0370718	0.635959	0.0426996	0.405319	-0.0973918	-0.00994724	0.0900491	-0.0538692	0.0130396	0.0559147	-0.00288943	0.172172	0.00493021	-0.0211171	0.128966	0.00421999	0	
-0.0755964	-0.052823	-0.0573237	-0.114134	-0.0764809	0.174709	0.0784932	0.0554155	0.0326429	0.0429556	-0.0370718	0.640228	0.0207035	0.391991	-0.094982	-0.00929952	0.0435457	-0.0538692	-0.00340052	-0.00158494	0.00522989	0.161442	0.00493021	-0.0253861	0.189126	0.0466595	
-0.0755964	-0.052823	-0.0580277	-0.113725	-0.0564531	0.174709	0.0591801	0.0554155	0.0326429	0.0130997	-0.0421002	0.667629	0.0573181	0.366816	-0.094982	-0.0159943	0.0595223	-0.0573154	-0.00340052	0.0259739	-0.0064912	0.138361	0.0177328	-0.0149861	0.126155	-0.019531	
-0.0737233	-0.0509499	-0.0561546	-0.111851	-0.0498599	0.176582	0.0579987	0.0572886	0.034516	0.0574244	-0.038601	0.660858	0.0591912	0.36869	-0.0969003	-0.0167065	0.123671	-0.0554423	0.0118615	0.0482473	0.0186283	0.0833167	0.0196059	-0.0197948	0.165425	
-0.0737233	-0.046674	-0.0555985	-0.1001	-0.0461486	0.176582	0.0735504	0.0768086	0.034516	0.0712736	-0.038601	0.650318	0.0521157	0.296942	-0.0969003	-0.0235141	0.141009	-0.0469406	-0.00421796	0.0482473	0.0171935	0.217751	0.0196059	-0.00454582	0.0827062	
-0.0737233	-0.046674	-0.0589262	-0.107426	-0.0542139	0.176582	0.0824411	0.0768086	0.00363788	-0.0112135	-0.0363206	0.669332	0.0652582	0.296942	-0.0891814	-0.00852064	0.149046	-0.0576948	-0.00479461	0.0453677	0.0171935	0.217751	0.0196059	-0.0202324	0.12017	
-0.0670005	-0.046674	-0.0570876	-0.105089	-0.0589159	0.176582	0.0753439	0.0961406	0.00481156	0.130331	-0.0363206	0.681366	0.0832829	0.28618	-0.0902792	-0.00185382	0.149046	-0.0576948	-0.00579108	0.00359112	0.00201219	0.181363	0.013201	0.00066385	0.18113	0.00441451	-0.0812831	
-0.0702533	-0.0491704	-0.0570876	-0.117791	-0.062237	0.176582	0.100268	0.0961406	0.00481156	0.102342	-0.0363206	0.661381	0.0651949	0.416233	-0.0939163	-0.0120766	0.149046	-0.0576948	0.0175118	0.00359112	-0.00361262	0.238469	0.013201	0.00292051	0.218349	-0.00725969	-0.0748382	-0.0339363	0.0460155	-0.0162915	
-0.0702533	-0.0491704	-0.0570876	-0.116048	-0.067828	0.176582	0.0647982	0.0961406	-0.00549937	0.0885344	-0.0358716	0.639763	0.0413458	0.416233	-0.0914924	-0.0120766	0.164488	-0.0576948	0.0203572	0.0293361	-0.00408064	0.23395	0.013201	0.0245377	0.262929	
-0.0702533	-0.0491704	-0.0781725	-0.109716	-0.0470572	0.176582	0.0518425	0.0961406	0.0189935	0.0467932	-0.0358716	0.63593	0.0492132	0.416233	-0.0914924	-0.0107396	0.179556	-0.0476749	0.0203572	0.0168884	-0.0119752	0.296368	0.013201	0.0494565	0.205908	
-0.0702533	-0.0555983	-0.0704777	-0.107267	-0.0470572	0.176582	0.0444637	0.0961406	0.0189935	0.00162579	-0.0498532	0.677691	0.0670407	0.416233	-0.0924702	-0.0287571	0.151509	-0.0551031	0.0253373	0.016509	-0.0119752	0.356948	0.013201	0.0391019	0.223401	0	-0.0370952	
-0.0678592	-0.0532962	-0.0704777	-0.115147	-0.0634522	0.176582	0.0823562	0.112957	0.0189935	0.0677075	-0.05518	0.677691	0.0768346	0.385279	-0.0875391	0.00490907	0.0969785	-0.0551031	0.0253373	0.0439784	-0.0119752	0.305895	0.0153246	0.0354994	0.254854	0	0	
-0.0780186	-0.0532962	-0.0794201	-0.111839	-0.0672984	0.176582	0.0555273	0.124452	0.0189935	0.0546791	-0.0518943	0.686634	0.0589405	0.385279	-0.0940779	-0.00955954	0.2238	-0.0488529	0.0167881	0.0588383	-0.0119752	0.305895	0.0153246	-0.635725	0.254854	0.0141339	-0.00854552	
-0.0780186	-0.0459102	-0.0794201	-0.107106	-0.0672984	0.198801	0.0465663	0.124452	0.0171106	0.0369995	-0.0518943	0.686634	0.0423994	0.411211	-0.0775042	-0.0102575	0.239484	-0.0490884	-0.0311406	0.00453097	-0.0119752	0.305895	0.0153246	-0.646822	0.18226	
-0.0780186	-0.039463	-0.078834	-0.11907	-0.0696759	0.215733	0.0538175	0.124452	0.04717	0.185894	-0.0442038	0.686048	0.0717238	0.384611	-0.0795521	-0.0102575	0.198119	-0.0490884	-0.0407221	0.0104538	-0.000356221	0.305895	0.0153246	-0.651796	0.18739	
-0.0780186	-0.0396749	-0.0776203	-0.11546	-0.0806247	0.215733	0.0395315	0.124452	0.04717	0.227177	-0.0384944	0.684834	0.0793195	0.345437	-0.0709337	-0.00495602	0.122023	-0.0490884	-0.0330517	0.0341645	-0.00337974	0.305895	0.0240631	-0.656643	0.164503	0	0	
-0.081394	-0.0396749	-0.0776203	-0.100317	-0.0691746	0.215733	0.042907	0.124452	0.0550612	0.143656	-0.0384944	0.684834	0.0763775	0.39917	-0.0709337	0.00245439	0.157785	-0.0582241	-0.0379165	0.0373368	-0.00337974	0.297544	0.0240631	-0.656643	0.164503	0.0398425	
-0.081394	-0.0396749	-0.0776203	-0.110495	-0.0830585	0.215733	0.0577519	0.124452	0.0794315	0.111556	-0.0555776	0.684834	0.0911941	0.370478	-0.0653435	0.00549905	0.157785	-0.0623938	-0.0550831	0.0338022	-0.00337974	0.26403	0.0240631	-0.65271	0.164503	0	
-0.0851623	-0.0411064	-0.0790519	-0.120269	-0.058939	0.195938	0.0665588	0.12302	0.0119011	0.206518	-0.0573978	0.665288	0.0642951	0.386602	-0.0647287	0.00456246	0.156353	-0.0457659	-0.0385023	0.0391322	0.00923126	0.235608	0.0197261	-0.63018	0.18472	0.0232461	
-0.0816616	-0.0411064	-0.0790519	-0.115134	-0.058939	0.213468	0.0347612	0.12302	0.000142313	0.186676	-0.0573978	0.665288	0.0334844	0.238649	-0.0647287	0.00726582	0.215726	-0.0394731	-0.0654147	0.0391322	0.00139094	0.250338	0.0197261	-0.63994	0.18915	
-0.0827037	-0.0411064	-0.0790519	-0.116689	-0.0714746	0.213468	0.0358033	0.12302	0.000142313	0.0702068	-0.0689499	0.619464	0.0528509	0.238649	-0.0647287	-0.000547885	0.258906	-0.0457596	-0.0654147	0.0391322	0.0188699	0.219332	0.00794843	-0.596383	0.114254	0	
-0.0865238	-0.0411064	-0.0701056	-0.113411	-0.0564564	0.213468	0.0372838	0.12302	0.000142313	0.196868	-0.0689499	0.586156	0.0720935	0.317397	-0.0775499	-0.000547885	0.110749	-0.06452	-0.0663517	0.0227816	-0.015326	0.219332	0.0144433	-0.580123	0.108641	0	
-0.0877958	-0.0411064	-0.0796198	-0.11257	-0.0746766	0.213468	0.0360162	0.118558	-0.00575428	0.197801	-0.064235	0.595671	0.0761642	0.317397	-0.0775499	-0.0114261	0.0748134	-0.05334	-0.0365544	0.0346972	-0.00636906	0.194867	0.0144433	0.0317442	0.0722684	0	
-0.0823844	-0.0418952	-0.0715873	-0.11257	-0.0691745	0.235981	0.0194038	0.112855	-0.00975539	0.291274	-0.0634957	0.587638	0.0443793	0.317397	-0.0775499	-0.0241788	0.107035	-0.05334	-0.0606233	0.0334668	0.00657582	0.194867	0.021878	-0.563926	0.20548	
-0.082262	-0.0418952	-0.0715873	-0.107531	-0.049941	0.235981	0.0193751	0.152724	0.0289283	0.518021	-0.0634957	0.587638	0.0872411	0.242841	-0.0769843	-0.0154134	0.107035	-0.0668846	-0.0614683	0.0334668	0.0104272	0.232416	0.00760784	-0.58605	0.206452	
-0.082262	-0.0418952	-0.0739224	-0.113108	-0.0817912	0.24232	0.0325471	0.119622	0.0188513	0.507842	-0.0634957	0.54842	0.140476	0.242841	-0.0769843	-0.0282239	0.122145	-0.0668846	-0.0614683	0.0334668	0.0104272	0.168369	0.0177872	-0.56322	0.116448	
-0.082262	-0.0464819	-0.0739224	-0.118989	-0.0784152	0.24232	0.0170888	0.119622	0.00272403	0.507842	-0.0535146	0.54842	0.140476	0.26227	-0.0769843	0.0457392	0.179796	-0.0713935	-0.0739632	0.0753115	0.0104272	0.184	0.0177872	-0.0160615	0.138174	0.0261791	
-0.082262	-0.0464819	-0.0739224	-0.122082	-0.0698348	0.205966	0.0170888	0.119622	-0.00130988	0.507842	-0.0590838	0.54842	0.146372	0.215263	-0.0662236	0.0474739	0.179796	-0.0698184	-0.0739632	0.0815579	-0.00202445	0.229819	0.0177872	-0.00532181	0.166417	-0.0062763	0	
-0.0918541	-0.0464819	-0.0730208	-0.113466	-0.0647788	0.205966	0.026681	0.123724	0.01986	0.550838	-0.0590838	0.530802	0.146372	0.122361	-0.0689032	0.0523259	0.179796	-0.0755436	-0.0788152	0.0676785	0.0233191	0.285053	0.0177872	0.0095381	0.0925076	
-0.0918077	-0.0464819	-0.0730208	-0.114037	-0.0602383	0.219671	0.0248264	0.123724	-0.00576911	0.398601	-0.0590838	0.527765	0.122893	0.174339	-0.081154	0.0315566	0.112076	-0.0759714	-0.0580459	0.0504415	0.0233191	0.21187	0.0191515	0.0119371	0.127723	-0.031526	-0.146498	
-0.0935807	-0.0479245	-0.0762646	-0.115637	-0.0668186	0.232309	0.0474104	0.122281	-0.00752056	0.250655	-0.0605264	0.518914	0.13733	0.161565	-0.0825967	0.0193365	0.0766617	-0.0723639	-0.0566685	0.0390188	0.0373553	0.210428	0.0177088	0.0112465	0.146225	
-0.0889387	-0.0479245	-0.0752307	-0.106273	-0.0613128	0.232309	0.0463673	0.089005	0.00421681	0.209608	-0.0605264	0.500257	0.13733	0.161565	-0.0855273	0.0298529	0.107413	-0.0723639	-0.0552696	0.0378948	0.0308072	0.210428	0.0177088	0.0136129	0.0958423	0.0042496	-0.0296876	
-0.0886213	-0.0486359	-0.0747091	-0.114242	-0.0841084	0.211763	0.0504324	0.128977	0.00421681	0.209608	-0.0605264	0.5091	0.0918998	0.159651	-0.081962	0.0487655	0.209414	-0.0723639	-0.0753441	0.0270401	0.0344702	0.264062	0.0177088	0.00424834	0.14798	
-0.0867861	-0.0468007	-0.0799718	-0.114062	-0.0630976	0.213598	0.0513615	0.130813	0.0126161	0.211931	-0.0565358	0.496899	0.0742671	0.161486	-0.0816072	0.0373351	0.266841	-0.0513295	-0.0620785	-0.00363601	0.0363054	0.265897	0.0104203	0.0235475	0.0932487	0.00183523	
-0.0867861	-0.0472872	-0.0812539	-0.108799	-0.0801653	0.213598	0.040705	0.127105	0.0103308	0.25252	-0.0553376	0.51243	0.12546	0.19079	-0.0837522	0.0652485	0.25114	-0.0513295	-0.0771971	-0.0157752	0.00160307	0.146006	0.0104203	0.00929843	0.140511	
-0.0915357	-0.0472872	-0.081713	-0.114585	-0.0610819	0.213598	0.0520756	0.0911108	0.00205844	0.227666	-0.0553376	0.492328	0.12546	0.19079	-0.0837522	0.0522131	0.313115	-0.0506878	-0.0641617	-0.00959014	-0.00433343	0.216603	0.00820692	0.0298593	0.228132	-0.00143572	0	
-0.0918841	-0.0472872	-0.0805043	-0.114233	-0.0639876	0.213598	0.052424	0.0911108	0.00249186	0.175067	-0.0584	0.538435	0.116258	0.171196	-0.0838275	0.048755	0.331897	-0.0527238	-0.0719849	0.0163814	-0.00433343	0.241127	0.00820692	0.0167741	0.169172	0.0995499	
-0.0860238	-0.0468775	-0.0805043	-0.112167	-0.0650837	0.213598	0.0531716	0.0960051	-0.0101125	0.303045	-0.0584	0.538435	0.116258	0.173771	-0.0812255	-0.02323	0.322218	-0.0527238	-0.063759	0.0163814	0.00766936	0.241127	0.0106607	0.0167741	0.177677	-0.0619329	
-0.0858206	-0.0468775	-0.0821655	-0.108388	-0.0780103	0.213598	0.0612647	0.0704139	-0.0130182	0.324329	-0.061458	0.563608	0.11158	0.113284	-0.0970029	-0.0115983	0.332059	-0.0663348	-0.0644265	-0.00699334	-0.00161997	0.273876	0.0166316	-0.00673765	0.144192	-0.0879242	0.017724	-0.00641669	
-0.08115	-0.0460452	-0.0821655	-0.111365	-0.0861074	0.2212	0.056594	0.0704139	0.037723	0.424291	-0.0693289	0.563608	0.11158	0.203378	-0.0929225	-0.02912	0.332059	-0.0663348	-0.0644265	0.0272898	-0.00522599	0.234678	0.0166316	-0.00673765	0.180703	-0.0896705	-0.0482197	0.0706336	0	-0.0169184	
-0.08115	-0.0460452	-0.0821655	-0.104783	-0.0812618	0.186807	0.0727176	0.0576552	0.037723	0.507396	-0.0693289	0.569786	0.119099	0.16853	-0.0935201	-0.0154066	0.321858	-0.0663577	-0.0409328	-0.0340399	0.0139521	0.162186	0.0166316	-0.0129148	0.180703	0	
-0.0809708	-0.045866	-0.0872728	-0.099279	-0.0743174	0.186987	0.117411	0.0579087	-0.00921616	0.40694	-0.0689641	0.509954	0.171529	0.194094	-0.0933409	-0.00717306	0.322037	-0.0617917	-0.0286047	0.0202766	0.00428927	0.175249	0.0110408	-0.00351048	0.180883	-0.000179199	0	0.0390787	
-0.0809708	-0.0483417	-0.0872728	-0.101773	-0.0796742	0.186987	0.0848302	0.0579087	0.0426329	0.604237	-0.0689641	0.50356	0.154025	0.237849	-0.0933409	-0.031138	0.279601	-0.0613114	-0.032328	0.0294533	0.00428927	0.202478	0.0147666	0.00288311	0.193574	0.00431368	-0.0016701	
-0.0783105	-0.0456815	-0.0815031	-0.0977612	-0.069796	0.225875	0.066978	0.0605689	0.0153843	0.604237	-0.0697689	0.473865	0.169143	0.240509	-0.093752	-0.0284777	0.380291	-0.0586335	-0.0273132	0.0983105	0.00694953	0.205138	0.0174268	-0.000761804	0.196234	0.00165342	
-0.0880657	-0.0456815	-0.0753861	-0.0905819	-0.069796	0.206882	0.0799818	0.0684073	0.0153843	0.504122	-0.0640179	0.495189	0.169143	0.171236	-0.0780068	-0.0231322	0.380291	-0.0582612	-0.0417275	0.0834387	0.00694953	0.235038	0.0174268	-0.00827135	0.201676	0.00165342	
-0.0880657	-0.0456815	-0.0757429	-0.0984381	-0.0607785	0.206882	0.11518	0.0684073	0.0234771	0.342818	-0.0640179	0.505455	0.120928	0.158214	-0.0782845	-0.0147775	0.407585	-0.0713381	-0.0406249	0.121376	0.00694953	0.227482	0.0174268	0.00638979	0.297059	0.00165342	
-0.0905108	-0.0486198	-0.0757429	-0.0970842	-0.0806871	0.163756	0.111263	0.0371435	0.0136041	0.406779	-0.0640179	0.46285	0.120928	0.184646	-0.08683	-0.0173036	0.407585	-0.0713381	-0.0296812	0.107537	0.0109976	0.214142	0.00946309	0.000185818	0.34149	0.00103042	-0.00405836	
-0.0860155	-0.0492407	-0.0843367	-0.0855569	-0.0832522	0.163756	0.0772601	0.0371435	0.0486408	0.334696	-0.0640179	0.473605	0.120928	0.154399	-0.0726217	-0.0173036	0.377542	-0.0729581	-0.0727251	0.0510596	-0.00813052	0.283167	0.0307883	0.0121518	0.30119	0.00103042	
-0.085603	-0.0492407	-0.0773918	-0.10358	-0.0687949	0.161447	0.0911453	0.0721895	0.023025	0.429315	-0.0628763	0.496757	0.152562	0.205986	-0.0708896	-0.0173036	0.340558	-0.0559685	-0.04882	0.164469	-0.00813052	0.202053	0.013715	-0.0179454	0.323754	0.00103042	
-0.085603	-0.0571411	-0.0773976	-0.103898	-0.0813395	0.161447	0.0956466	0.0533531	0.0140691	0.406897	-0.0670103	0.493049	0.172777	0.216796	-0.084458	-0.0150817	0.346955	-0.0559685	-0.0502249	0.116379	-0.0121496	0.162275	0.013715	-0.0142321	0.379043	0.00103042	0	
-0.0914606	-0.0571411	-0.0728191	-0.0866151	-0.0453599	0.161447	0.0829077	0.0533531	0.0211283	0.416637	-0.0670103	0.550142	0.172777	0.216796	-0.0711038	-0.02512	0.346955	-0.0559685	-0.05212	0.116379	-0.00151025	0.20588	0.0396878	-0.0146879	0.331307	0.00103042	0.136627	
-0.0921798	-0.0571411	-0.066167	-0.0970267	-0.0719049	0.161447	0.0943745	0.0408411	0.0126455	0.416637	-0.0670103	0.4998	0.172777	0.221715	-0.0711038	-0.02512	0.457513	-0.0559685	-0.0631408	0.00103042	-0.0127697	0.194946	0.0396878	-0.0213399	0.331307	-0.508925	0	0.0215744	-0.0121874	0.138251	-0.00825612	
-0.0921798	-0.0571411	-0.066167	-0.0997057	-0.0719049	0.161995	0.101436	0.0526399	0.00482198	0.373463	-0.0696706	0.4998	0.139121	0.130916	-0.0711038	-0.0217571	0.457513	-0.0644058	-0.0553299	0.00103042	-0.00836656	0.194946	0.0396878	-0.0213399	0.331307	-0.0390997	0	0	
-0.0870902	-0.0571411	-0.065567	-0.10824	-0.0739724	0.161995	0.122835	0.0526399	0.0224311	0.31193	-0.0586831	0.474996	0.212011	0.130916	-0.0711038	-0.0227829	0.457513	-0.0578901	-0.0302583	0.00146933	-0.0159997	0.194946	0.0282553	-0.0206807	0.227443	
-0.0870902	-0.0571411	-0.0677262	-0.114968	-0.0425102	0.161995	0.0834786	0.0526399	0.0224311	0.343727	-0.0586831	0.510229	0.195543	0.135807	-0.0711038	-0.0177068	0.458059	-0.0611282	-0.0310799	0.0100557	-0.0113973	0.168812	0.0282553	-0.0330747	0.200955	0.0360155	-0.0198981	
-0.0885543	-0.0552013	-0.0677262	-0.105056	-0.0425102	0.161995	0.113942	0.0533605	0.0219343	0.560997	-0.0586831	0.511251	0.195543	0.135807	-0.0719812	-0.0177068	0.434829	-0.062937	-0.0224849	0.0100557	-0.0113973	0.208981	0.02336	-0.0340967	0.23147	0.0523552	-0.0504395	
-0.0885543	-0.058253	-0.0677262	-0.111844	-0.0704071	0.156174	0.113942	0.0529028	0.0168602	0.560997	-0.0547491	0.515223	0.15199	0.137877	-0.0594988	-0.0288974	0.501298	-0.062937	-0.0342502	0.0100557	-0.0277785	0.257059	0.02336	-0.0380679	0.23147	0.0917141	
-0.086645	-0.0514875	-0.077239	-0.107155	-0.0236509	0.164195	0.149173	0.0529028	0.0128804	0.493248	-0.0569878	0.482999	0.139408	0.137877	-0.0594988	-0.0288974	0.556747	-0.0417445	-0.0366398	0.0117062	-0.0197501	0.257059	0.0161693	-0.0242702	0.23147	0.0917141	0.00117938	
-0.086645	-0.0514875	-0.0742553	-0.109275	-0.0320678	0.164195	0.0909455	0.0729298	0.0128804	0.389331	-0.0444402	0.492123	0.0465108	0.143964	-0.0586181	-0.0144777	0.556747	-0.0439758	-0.0331804	0.0117062	-0.0197501	0.218351	0.0161693	-0.0345752	0.23147	0.0917141	
-0.086223	-0.0532587	-0.0742553	-0.114736	-0.0303237	0.164195	0.107377	0.0492914	0.0128804	0.269295	-0.0444402	0.457548	0.0465108	0.160708	-0.0586181	-0.0193832	0.518913	-0.0439758	-0.0389717	0.0213732	-0.00413966	0.225368	0.0161693	-0.0345752	0.23147	0.113795	
-0.0816515	-0.0559841	-0.0742553	-0.124283	-0.0300794	0.164195	0.108252	0.0629563	0.0423683	0.262118	-0.0576541	0.468036	0.0465108	0.160708	-0.0586181	-0.0193832	0.518913	-0.0439758	-0.0453222	0.0213732	-0.00413966	0.225368	0.0170598	-0.0284489	0.23147	0.075637	0	
-0.0816515	-0.0567146	-0.0742553	-0.124423	-0.0300794	0.164195	0.104839	0.0806817	0.0423683	0.458628	-0.0576541	0.476131	0.0465108	0.138182	-0.0616959	-0.0170166	0.467312	-0.0439758	-0.0214062	0.0430904	-0.0185231	0.205358	0.019698	-0.0314729	0.227837	0.075637	
-0.0816515	-0.0632813	-0.0742553	-0.116286	-0.0309496	0.164195	0.0947186	0.0823284	0.0508337	0.3122	-0.0576541	0.520835	0.0569363	0.138182	-0.0616959	-0.0170166	0.51903	-0.0439758	-0.0283612	0.0575975	-0.0192799	0.194022	0.019698	-0.0270971	0.225963	0.101927	0.0404999	
-0.0818399	-0.0544771	-0.0750042	-0.106993	-0.00817977	0.164195	0.137148	0.0500623	0.0508337	0.251946	-0.052288	0.48876	0.0338375	0.138182	-0.0616959	6.19693e-05	0.51903	-0.0439758	-0.0571997	0.0516555	0.00613031	0.194022	0.019698	-0.0231906	0.292217	0.101927	0	
-0.0804972	-0.0544771	-0.0750042	-0.102347	-0.00398137	0.190322	0.0591031	0.0868083	0.0678309	0.379721	-0.0589001	0.486131	0.0558862	0.138182	-0.0616959	-0.0315949	0.561167	-0.0439758	-0.0572549	0.0516555	0.00944106	0.194022	0.019698	-0.0205612	0.253354	0.0606273	
-0.0804972	-0.0544771	-0.0763021	-0.11349	0.000776226	0.200923	0.0591031	0.0868083	0.0724693	0.452069	-0.0589001	0.48818	0.0558862	0.138182	-0.0616959	-0.0223942	0.634872	-0.0439758	-0.0486664	0.0565374	0.00944106	0.194022	0.0176974	-0.0305272	0.129991	0.0606273	0.0346205	0	
-0.0804972	-0.0544771	-0.0800233	-0.120231	-0.0470977	0.179431	0.072063	0.11299	0.0406398	0.401553	-0.049254	0.493881	0.0558862	0.138182	-0.0616959	-0.0145334	0.600914	-0.0439758	-0.0696081	0.0565374	0.00944106	0.194022	0.0236823	-0.0325072	0.144241	0.0753966	
-0.0779645	-0.0544771	-0.0800233	-0.116013	-0.0286358	0.208969	0.0932491	0.11299	0.0406398	0.220788	-0.0504089	0.472464	0.0558862	0.138182	-0.0816423	-0.0145334	0.600914	-0.0439758	-0.0591463	0.0671335	-0.00517451	0.208303	0.0236823	-0.0288151	0.167702	0.0753966	0.0148217	
-0.0812807	-0.0581311	-0.0811581	-0.109869	-0.0239125	0.196978	0.117138	0.11299	0.0289099	0.421677	-0.0518072	0.473599	0.094341	0.279912	-0.0816423	-0.012753	0.488947	-0.0439758	-0.0544225	0.0671335	-0.00517451	0.183851	0.0236048	-0.0253682	0.117976	0.0753966	0.117838	-0.0173031	
-0.0725772	-0.0562233	-0.0688587	-0.110153	-0.0323777	0.250485	0.0627562	0.11299	0.0289099	0.243766	-0.0591099	0.445372	0.076731	0.230215	-0.0795159	-0.012753	0.484842	-0.0439758	-0.0184679	0.0671335	-0.00236988	0.177847	0.0236048	-0.0385241	0.182566	0.109448	0	
-0.0813572	-0.0562233	-0.0793698	-0.104044	-0.034189	0.202955	0.102042	0.11299	-0.0051459	0.183356	-0.0568516	0.471843	0.0828986	0.190926	-0.0819371	-0.0110168	0.484842	-0.0439758	-0.0477712	0.065631	-0.0100779	0.17473	0.0236048	-0.0219145	0.166479	0.109448	
-0.0813572	-0.0562233	-0.0793698	-0.110199	-0.0430781	0.202955	0.0909427	0.100906	0.00606051	0.148705	-0.0647548	0.471843	0.0451169	0.18593	-0.0769559	-0.0205094	0.456698	-0.0439758	-0.059221	0.065631	-0.0100779	0.126449	0.0236048	-0.0157195	0.166479	0.0893586	
-0.0692523	-0.0671982	-0.0766218	-0.105179	-0.0395243	0.214049	0.0873883	0.100906	0.0152359	0.148705	-0.0612305	0.485852	0.152524	0.131281	-0.0785645	-0.0205094	0.516004	-0.0433729	-0.0371812	0.0654833	-0.0100779	0.284428	0.0236048	-0.0213545	0.18551	0.0519485	
-0.0693347	-0.0671982	-0.0755193	-0.107241	-0.0339325	0.234102	0.0442022	0.0743659	-0.00223641	0.178584	-0.0612305	0.469776	0.14257	0.156745	-0.0822813	-0.022459	0.516004	-0.0433729	-0.0230871	0.0654833	0.00371824	0.282661	0.0236048	-0.00638065	0.169638	0.0722512	-0.0397084	
-0.0644719	-0.0659167	-0.0739115	-0.104055	-0.022968	0.192306	0.0865889	0.0836384	0.0151539	0.0541532	-0.0681932	0.46473	0.118058	0.156745	-0.0755762	-0.0283045	0.526102	-0.0433729	-0.0333831	0.0588922	-0.00220052	0.217307	0.0366244	-0.00294272	0.338773	0.0722512	
-0.0608843	-0.0670825	-0.0743067	-0.110297	-0.0399933	0.212188	0.0619554	0.0836384	0.0198404	0.0864181	-0.0608436	0.418136	0.140176	0.170017	-0.074811	-0.0147431	0.526102	-0.0433729	-0.0342272	0.0687951	0.00010865	0.18701	0.0259702	0.0249206	0.342749	0.0722512	
-0.0608843	-0.0671441	-0.0687634	-0.110508	-0.0162251	0.212188	0.0483599	0.0836384	0.0198404	0.111912	-0.0497761	0.42408	0.114071	0.161467	-0.0834519	-0.0147431	0.553553	-0.0433729	-0.056803	0.0649113	0.00445437	0.27691	0.0209077	0.0134334	0.342749	0.0863891	
-0.0615623	-0.0678221	-0.0694415	-0.105069	-0.0331667	0.21151	0.0548347	0.0829603	0.0103531	0.0836968	-0.0504542	0.404613	0.113393	0.160789	-0.0710565	0.00100046	0.552875	-0.0440509	-0.057481	0.058208	0.00377633	0.276232	0.0202297	0.0329006	0.342071	0.0777536	0	-0.0172125	-0.114996	0.0801364	
-0.0617981	-0.0674872	-0.0693504	-0.107318	-0.0331667	0.211274	0.0859289	0.0609072	0.0045328	0.0302983	-0.0547483	0.399033	0.129702	0.201836	-0.0873344	0.00306228	0.552639	-0.0442867	-0.0392959	0.0712224	0.00246106	0.275996	0.00946964	0.0381536	0.302643	0.0776481	0.00685044	0.000826919	-0.116361	
-0.0648983	-0.0641167	-0.064684	-0.11585	-0.0475499	0.184199	0.0650734	0.119736	0.0045328	0.058985	-0.0636115	0.352802	0.129702	0.201836	-0.0873344	0.00306228	0.552639	-0.0442867	-0.0361109	0.0712224	0.00246106	0.221505	0.00946964	0.0270788	0.310646	0.0888652	0.0830576	
-0.0598073	-0.0641167	-0.064684	-0.11288	-0.0197392	0.158313	0.027814	0.119736	0.0292437	0.058985	-0.0643656	0.348949	0.126941	0.201836	-0.0889644	0.00306228	0.552639	-0.0442867	-0.0518601	0.0739716	0.00246106	0.221505	0.00946964	0.0309321	0.303235	0.0868877	-0.0404403	
-0.0598073	-0.0641167	-0.0604596	-0.109572	-0.0369471	0.158313	0.0598006	0.119736	0.0159743	0.0388927	-0.0643656	0.354806	0.150833	0.20176	-0.0899276	0.00306228	0.490808	-0.0442867	-0.0301836	0.0640766	0.00246106	0.242831	0.00946964	0.02085	0.303235	0.0868877	
-0.0562882	-0.0641167	-0.0604596	-0.116226	-0.0412538	0.158313	0.0491901	0.119736	0.00529452	0.0419505	-0.0598264	0.357938	0.150833	0.174583	-0.0963953	0.00971988	0.386483	-0.0442867	-0.0301836	0.0640766	-0.00905588	0.157716	0.00946964	0.0177185	0.238999	0.109836	0	0	
-0.0737964	-0.0641167	-0.0664731	-0.110067	-0.0371989	0.158313	0.0888946	0.119736	0.0153313	0.024805	-0.0598264	0.399048	0.150833	0.174583	-0.0913679	0.0135691	0.279984	-0.0442867	-0.0114851	0.0640766	0.000998834	0.22206	0.00946964	0.0278081	0.154716	0.0682216	
-0.0737964	-0.0611815	-0.0664731	-0.116212	-0.0466747	0.158313	0.0888946	0.113086	0.0323558	0.0301082	-0.0667365	0.399048	0.147279	0.16151	-0.0918991	0.0194028	0.279984	-0.0442867	0.00383698	0.0640766	0.000998834	0.22206	0.0156902	0.0278081	0.267029	0.0682216	0.0540744	0	0	0	
-0.0649121	-0.0634725	-0.0786504	-0.113186	-0.0453144	0.156022	0.0777192	0.081286	0.0148281	0.0470515	-0.0690276	0.401671	0.177383	0.147771	-0.0942539	0.0108924	0.236173	-0.0465778	0.013636	0.0647357	-0.00129224	0.268893	0.0133991	0.0350716	0.2405	0.0798522	0.0540744	
-0.0614408	-0.0619839	-0.0710879	-0.113136	-0.0272236	0.146024	0.0735126	0.0816717	0.0152138	0.0774878	-0.0666315	0.387828	0.145759	0.215291	-0.105649	0.0148042	0.147899	-0.0461921	0.0323117	0.0643501	-0.000906573	0.243288	0.0233832	0.0417378	0.240886	0.109547	0.145691	0.0144265	
-0.0614408	-0.063923	-0.0683842	-0.111226	-0.0141119	0.156043	0.0887702	0.0470093	0.030984	0.123949	-0.0650213	0.419969	0.107618	0.235603	-0.102979	-0.0127705	0.0978916	-0.0461921	0.0323117	0.0643501	0.00449675	0.288406	0.0233832	-0.00323179	0.238507	0.0932477	-0.0246415	0	0.0160939	
-0.0614408	-0.063923	-0.0683842	-0.107014	-0.00698148	0.156043	0.0712196	0.0548746	0.030984	0.0464477	-0.0613392	0.40135	0.154826	0.212966	-0.0945526	-0.0127705	0.100833	-0.0470529	0.0414826	0.0643501	0.0069752	0.348965	0.015985	0.0153873	0.202736	0.109872	0.122946	
-0.0654719	-0.063923	-0.0683842	-0.114531	-0.0347452	0.156043	0.0926737	0.0454895	0.030984	0.182718	-0.0534866	0.376396	0.164032	0.221053	-0.0900274	-0.0127705	0.0677686	-0.0471317	0.0372135	0.0643501	0.00703091	0.213379	0.015985	0.0403415	0.202736	0.115104	0	
-0.0662761	-0.063923	-0.0683842	-0.109593	-0.0131173	0.156043	0.0997658	0.0540549	0.0326494	0.142785	-0.054111	0.37177	0.162324	0.229354	-0.0901862	-0.0201464	0.0677686	-0.0471317	0.0291123	0.0643501	0.00703091	0.213379	0.015985	0.0449671	0.202736	0.0673233	-0.0477227	
-0.0662761	-0.063923	-0.0683842	-0.122451	-0.0248327	0.143128	0.0997658	0.0546288	0.0162361	0.0772648	-0.052185	0.388515	0.162739	0.229354	-0.0930867	-0.000829462	0.0443849	-0.0471317	0.0474518	0.0643501	-0.0178265	0.203192	0.0140124	0.0577643	0.212223	0.0673233	0.014141	
-0.0696614	-0.0649955	-0.0683842	-0.116449	-0.00265574	0.143128	0.0653911	0.0695655	0.0312551	0.0548748	-0.052185	0.413101	0.145401	0.219568	-0.0886376	-0.000829462	0.0590964	-0.0471317	0.00697931	0.0643501	-0.0163713	0.324395	0.0140124	0.030035	0.180524	0.072122	-0.00573899	
-0.0700904	-0.0639097	-0.0688131	-0.117032	-0.00452881	0.142699	0.0515432	0.0691366	0.0308261	0.0519125	-0.0519081	0.436023	0.185695	0.21914	-0.0962351	-0.0234658	0.0809356	-0.0475607	0.00516845	0.049332	-0.00631539	0.22731	0.0135834	0.0279106	0.280913	0.0574747	0	
-0.0686484	-0.0630438	-0.0563974	-0.124855	0.00209748	0.132387	0.102376	0.0691366	0.00153236	-0.010412	-0.0492125	0.468461	0.183167	0.21914	-0.0955764	-3.49322e-05	0.032565	-0.0475607	0.00456133	0.049332	-0.0210236	0.179759	0.0180994	-0.0123841	0.320343	0.0646904	
-0.0684419	-0.0630438	-0.0509455	-0.123186	-0.00602466	0.132387	0.0942935	0.0905403	0.0111167	-0.0241618	-0.056374	0.481461	0.269566	0.277686	-0.0949629	-3.49322e-05	0.0398803	-0.0480926	-0.00807122	0.0424119	-0.0159128	0.141438	0.0150449	-0.035577	0.310837	0.0950465	0	0	
-0.0684419	-0.0608195	-0.0509455	-0.105631	-0.0213487	0.141456	0.0531327	0.0905403	0.00268319	0.0440236	-0.056374	0.472447	0.275812	0.277686	-0.0949629	-0.00772106	0.0958934	-0.0480926	-0.00807122	0.0424119	0.00214702	0.223604	0.0150449	-0.0265635	0.245266	0.0584139	0.0650731	0.0669105	
-0.0640061	-0.0608195	-0.0524024	-0.101716	-0.0213487	0.141456	0.0486969	0.0905403	0.0130942	0.0883457	-0.047658	0.460422	0.275812	0.277686	-0.0869628	-0.00772106	0.139312	-0.0480926	-0.00807122	0.0424119	-0.0230201	0.223604	0.0150449	-0.0251066	0.206273	0.134345	0	
-0.0640061	-0.0608195	-0.0524024	-0.116954	-0.0192029	0.141456	0.0486969	0.0905403	0.0133307	0.0668685	-0.0578289	0.455148	0.274554	0.219049	-0.0940128	-0.0207478	0.0663485	-0.0480926	-0.00130113	0.0424119	0.00167975	0.223604	0.0150449	-0.0198331	0.164554	0.134345	
-0.0640061	-0.0557923	-0.0551098	-0.115782	-0.014156	0.141456	0.0855992	0.0905403	0.0133307	-0.00706379	-0.0547691	0.444054	0.274554	0.193687	-0.0920606	-0.0172623	0.104048	-0.0480926	-0.00627409	0.0424119	0.0225704	0.166755	0.0150449	-0.00603199	0.164554	0.0957248	
-0.0639984	-0.0563663	-0.0551022	-0.109347	-0.031618	0.141464	0.0833943	0.0905479	0.0133383	0.0259467	-0.0547615	0.432334	0.247243	0.235742	-0.0920529	-0.0350435	0.11669	-0.0480849	0.01325	0.0424043	-0.0206657	0.209165	0.0150525	-0.0119969	0.265379	0.133522	0	
-0.0655059	-0.0618265	-0.0599299	-0.103643	-0.00647948	0.141464	0.102368	0.106102	-0.000278908	0.111468	-0.0547615	0.447757	0.247243	0.212762	-0.0930112	-0.0273932	0.11669	-0.0480849	0.0481418	0.0328877	-0.0281979	0.209165	0.0150525	-0.0225922	0.303956	0.1368	
-0.065572	-0.0618926	-0.0599959	-0.106024	-0.023684	0.122615	0.0604305	0.106036	-0.000344985	0.18441	-0.0401223	0.48016	0.226961	0.173978	-0.0930773	-0.0274593	0.0752925	-0.048151	0.0231985	0.03564	-0.0208007	0.213784	0.0149864	-0.0272776	0.329091	0.136734	
-0.0593977	-0.0618926	-0.0621209	-0.115395	-0.0276729	0.122615	0.0547725	0.106036	0.014934	0.109316	-0.0401223	0.480392	0.146067	0.164935	-0.0930773	-0.0282291	0.0752925	-0.048151	0.0155883	0.03564	0.000406404	0.213784	0.0124737	-0.0253848	0.324262	0.136734	
-0.0666542	-0.0601815	-0.0576334	-0.11718	-0.0260061	0.122615	0.0735348	0.106036	0.014934	0.150211	-0.0401223	0.484024	0.146067	0.170887	-0.096172	-0.0309522	0.0925649	-0.048151	-0.0021167	0.0400137	-0.00409745	0.178645	0.0124737	-0.0221495	0.324262	0.136734	0.0289609	0.109783	
-0.0644534	-0.0580799	-0.0607016	-0.119867	-0.0258753	0.0883686	0.071334	0.106036	0.0344403	0.146441	-0.0401223	0.477287	0.111334	0.187374	-0.0873846	-0.0309522	0.11642	-0.0482818	-0.0021167	0.0400137	-0.0385289	0.183398	0.0152698	-0.0123447	0.339654	0.132843	
-0.0644534	-0.0580799	-0.0633707	-0.120963	-0.0324258	0.0883686	0.071334	0.106036	1.17995e-05	0.19051	-0.0401223	0.472894	0.111334	0.262032	-0.0935106	-0.0318665	0.205971	-0.0482818	-0.0133492	0.0416023	-0.0078129	0.185142	0.0152698	-0.0205982	0.339654	0.117265	
-0.0644534	-0.0580799	-0.0648854	-0.124055	-0.029557	0.0965704	0.074707	0.152007	-0.00133754	0.294077	-0.0386929	0.477532	0.111334	0.247696	-0.0840117	-0.0317477	0.205971	-0.058285	-0.0375887	0.0416023	-0.0078129	0.158965	0.0107889	-0.0281727	0.339654	0.114767	0.168416	
-0.0655693	-0.0580799	-0.0648854	-0.123419	-0.014569	0.111206	0.0758229	0.152007	0.00829204	0.287087	-0.0392704	0.457335	0.112244	0.247696	-0.0849611	-0.0146204	0.17558	-0.058285	-0.0167751	0.0416023	0.00041464	0.204587	0.0177796	-0.00797499	0.341041	0.11506	-0.0220086	
-0.0655693	-0.0580799	-0.0648854	-0.114452	-0.0257783	0.111206	0.111476	0.152007	-0.00842273	0.256006	-0.0392704	0.449835	0.123504	0.235098	-0.0848192	-0.0237	0.127203	-0.058285	-0.0313782	0.0472347	-0.0203794	0.158531	0.0177796	-0.00047535	0.309188	0.11506	
-0.0655693	-0.0555014	-0.0689179	-0.1095	-0.0285338	0.111206	0.0963992	0.152007	0.00462713	0.263104	-0.0359383	0.484383	0.146973	0.205246	-0.0847968	-0.00978769	0.112149	-0.058285	-0.0386459	0.0472347	-0.00368709	0.227906	0.0177796	-0.0153619	0.309188	0.11506	
-0.0677197	-0.0592395	-0.0713372	-0.113859	-0.00925787	0.123318	0.0744937	0.152007	0.00462713	0.269331	-0.0358712	0.481426	0.119941	0.205246	-0.0838953	-0.0157622	0.112149	-0.058285	-0.014938	0.0472347	-0.00368709	0.234125	0.0177796	-0.0109935	0.309188	0.11506	0.022374	
-0.0677197	-0.0592395	-0.0723771	-0.113859	-0.025045	0.123318	0.0839178	0.152007	0.0363003	0.286714	-0.0358712	0.48085	0.119941	0.245613	-0.0895285	-0.0106611	0.112149	-0.058285	-0.014938	0.0472347	0.0168396	0.159956	0.0177796	-0.000892143	0.317572	0.134013	0.0583561	
-0.0667779	-0.0592395	-0.0723771	-0.105124	-0.0235821	0.0867095	0.0697883	0.152007	0.00306359	0.321432	-0.036411	0.482588	0.135869	0.285385	-0.0895285	-0.0106611	0.115325	-0.058285	-0.0141998	0.0432507	-0.0178841	0.22446	0.012237	-0.0077894	0.317572	0.134013	-0.0596773	
-0.0658748	-0.0592395	-0.079808	-0.111003	-0.0135802	0.0823186	0.0688852	0.156246	-0.00430497	0.382004	-0.036411	0.486907	0.150641	0.205347	-0.0876261	-0.0172694	0.168096	-0.060688	-0.026786	0.0432134	-0.0052971	0.22446	0.012237	-0.00467752	0.328319	0.0842747	0.112493	0.00556948	
-0.0658748	-0.0592395	-0.079808	-0.105988	-0.00977002	0.135104	0.140896	0.136388	-0.00113297	0.233784	-0.036411	0.462814	0.150641	0.276608	-0.0870875	-0.0335076	0.146833	-0.060688	-0.0125837	0.0432134	-0.0119747	0.216761	0.0109079	0.0194154	0.325579	0.0853164	0.0909013	-0.0109079	0.000594451	
-0.0656579	-0.0587862	-0.0768392	-0.109717	-0.0141541	0.119536	0.104761	0.136605	-0.000916019	0.259954	-0.036194	0.474807	0.155022	0.17708	-0.0897736	-0.033541	0.225597	-0.0604711	-0.0325632	0.0479538	-0.0117577	0.235912	0.0111248	0.00467075	0.299118	0.0855334	0.15616	
-0.0656579	-0.0614864	-0.0791909	-0.114004	-0.0108634	0.153756	0.0793105	0.136605	0.0133755	0.217815	-0.036194	0.495197	0.155022	0.216144	-0.0829128	-0.0313148	0.280076	-0.0612592	-0.0325632	0.0458746	-0.0117577	0.249888	0.0111248	0.00702245	0.191685	0.0612917	0.0816297	0.0449211	-0.00371451	
-0.0747705	-0.0614864	-0.0791909	-0.110016	-0.00499055	0.135346	0.102574	0.136605	0.0233067	0.211095	-0.036194	0.488331	0.110879	0.216144	-0.0851114	-0.0197144	0.280076	-0.0612592	-0.0325632	0.0458746	-0.0150657	0.242106	0.0178443	0.0138889	0.201708	0.115883	0.108601	0.0645813	
-0.0747705	-0.0583164	-0.0769643	-0.102488	-0.0264102	0.135346	0.102839	0.12969	0.0233067	0.12032	-0.026696	0.500155	0.120186	0.241613	-0.0859333	-0.0272888	0.357036	-0.0612592	-0.0501975	0.0458746	-0.0150657	0.242106	0.0178443	-0.000161778	0.390218	0.0803157	0.0556615	
-0.0696029	-0.0583164	-0.0737973	-0.106912	-0.0199819	0.12165	0.0486444	0.12969	0.0233067	0.14558	-0.0134412	0.511346	0.12442	0.241613	-0.0859333	-0.0162409	0.357036	-0.0612592	-0.0467769	0.0441544	-0.0150657	0.242106	0.0224515	-0.01452	0.30229	0.0803157	0.189697	
-0.0696029	-0.0583164	-0.0737973	-0.107836	-0.014413	0.12165	0.0383768	0.12969	0.0233067	0.22147	-0.0134412	0.516262	0.170164	0.234147	-0.0895607	-0.0162409	0.359198	-0.0605423	-0.0343799	0.0478188	-0.00218004	0.196239	0.0224515	-0.0194353	0.265151	0.0671269	0.0655979	0.0916206	0	-0.0564269	
-0.0714314	-0.0583164	-0.0737973	-0.112677	-0.0246203	0.12165	0.0382306	0.152961	0.0322071	0.430032	-0.0157502	0.529785	0.170164	0.234147	-0.0854382	-0.0162409	0.359198	-0.0598633	-0.0282957	0.0478188	-0.00218004	0.121457	0.0169704	0	0.265151	0.0671269	0.0655979	
-0.0708176	-0.0589558	-0.0744367	-0.11749	-0.00897339	0.121011	0.0823925	0.1367	0.013802	0.465371	-0.0181142	0.529785	0.169524	0.237912	-0.0818107	-0.0168803	0.361561	-0.0605027	-0.0282957	0.0484582	0.0178284	0.222482	0.016331	0.148832	0.227055	0.0753892	-0.00397853	-0.0171308	
-0.0690275	-0.0590473	-0.0761993	-0.106089	-0.0272597	0.121011	0.0781818	0.14278	0.013802	0.211353	-0.0299176	0.506253	0.17876	0.237912	-0.0818107	-0.0168803	0.361561	-0.0605027	-0.0272114	0.0484582	0.00270653	0.156555	0.016331	0.170158	0.0753892	0	
-0.0690275	-0.0590473	-0.0761993	-0.0938021	-0.0166211	0.0967141	0.0828524	0.14278	0.0505936	0.266851	-0.0360767	0.505275	0.17876	0.159164	-0.0719666	-0.0241415	0.342562	-0.0629971	-0.0262328	0.0490339	0.00604494	0.233087	0.016331	0.307404	0	0.0753892	
-0.0690275	-0.0590473	-0.0764052	-0.101858	-0.0217005	0.0972452	0.0828524	0.14278	0.0505936	0.264505	-0.0360767	0.504965	0.120998	0.159164	-0.0618372	-0.0297822	0.342562	-0.0629971	-0.025717	0.0376189	-0.00443331	0.262945	0.0220411	0.201716	0.0710572	0	
-0.0690275	-0.0590473	-0.0764052	-0.105394	-0.0102785	0.0972452	0.0905918	0.120449	0.0505936	0.210905	-0.0360767	0.505433	0.120998	0.275196	-0.0618372	-0.0314197	0.337091	-0.0629971	-0.0275352	0.0370021	-0.0178871	0.325777	0.00897067	0.149159	0.0642279	0	-0.0074913	0	-0.00524713	0.0851028	0.0688256	
-0.0690275	-0.0590473	-0.0764052	-0.108271	-0.0247147	0.102819	0.0947867	0.120449	0.0505936	0.226205	-0.0360767	0.509453	0.119768	0.284382	-0.0659462	-0.0199565	0.302654	-0.0629971	-0.0315556	0.0363792	-0.0148045	0.325777	0.0124102	0.203544	0.0920394	0	0	0.0688256	
-0.0690275	-0.0592825	-0.0764052	-0.101992	-0.0282283	0.089445	0.05813	0.120449	0.099468	-0.0452062	0.511499	0.119768	0.312526	-0.0694926	-0.0332205	0.302654	-0.0594835	-0.0347306	0.0363792	-0.0148045	0.253157	0.0198012	0.0990918	0.0870073	0	
-0.0690275	-0.0523002	-0.0848741	-0.108285	-0.0054749	0.109256	0.0610783	0.120449	0.0658051	0.521035	-0.0395767	0.0981967	0.312526	-0.0830334	-0.0268755	0.302654	-0.0637572	-0.0131833	0.0363792	-0.0172186	0.253157	0.0198012	0.0990918	0.0870073	0	
-0.0690275	-0.0395767	-0.082976	-0.115907	-0.0337441	0.128086	0.0645338	0.110599	0.058241	-0.0523002	-0.0360793	0.162019	0.287684	-0.0942857	0.257881	0.527582	-0.0590839	-0.0216284	0.0363792	-0.0172186	0.234647	0.0183576	0.159851	0.0983033	0	
-0.0684857	-0.0480926	-0.0840618	-0.111849	-0.0377069	0.128086	0.0622763	0.125256	0.0464349	-0.0523002	-0.0215537	0.15861	0.316564	-0.0942857	0.257881	0.531358	-0.0590839	-0.0184599	0.0363792	-0.0172186	0.263883	0.0159433	0.169988	0.0778385	0	0.053256	0.11715	
-0.0684857	-0.0480926	-0.0818073	-0.117078	-0.0256948	0.128086	0.068805	0.129179	0.0971865	-0.0523002	0.0114154	-0.0215537	0.188901	0.282912	-0.0854237	0.1654	0.543234	-0.0590839	-0.0325899	0.0363792	-0.0172186	0.345825	0.0159433	0.262748	0.0778385	0	0.314491	
-0.0684857	-0.0417964	-0.0795575	-0.112401	0.00118485	0.128086	0.0601254	0.129179	0.0971865	-0.0523002	0	-0.0215537	0.188901	0.318853	-0.0854237	0.234784	0.508394	-0.0590839	-0.0376039	0.0363792	0.000973454	0.281568	0.0159433	0.250021	0.0905985	0	
-0.0654922	-0.0349799	-0.0801867	-0.108317	-0.0158134	0.128086	0.0690476	0.126785	0.0895628	-0.0576955	0	-0.027606	0.188901	0.303878	-0.0994175	0.229421	0.534525	-0.0590839	-0.0255021	0.0363792	-0.0125147	0.353853	0.0235669	0.294632	0.0777833	-0.0123971	
-0.0684367	-0.0377433	-0.0801867	-0.116345	-0.0317473	0.128086	0.058933	0.131753	0.027085	-0.0576955	0	-0.0275785	0.193732	0.303878	-0.0853289	0.229421	0.547223	-0.0590839	-0.0381995	0.0363792	-0.0175297	0.347822	0.0160265	0.163695	0.0870959	
-0.0684367	-0.045216	-0.0801867	-0.0972129	-0.0233893	0.128086	0.061226	0.131753	0.0277273	-0.0576955	0	-0.02709	0.193732	0.303878	-0.0866093	0.229421	0.572773	-0.0590839	-0.0381995	0.0453476	-0.00442911	0.327301	0.0160265	0.172555	0.0833282	0.0592037	-0.0410831	
-0.0684367	-0.045216	-0.0749849	-0.105194	-0.0254228	0.129166	0.0929516	0.121139	-0.0465005	-0.0561811	0	-0.0311449	0.193732	0.330587	-0.0866093	0.229421	0.548703	-0.0590839	-0.0193311	0.0390558	-0.00442911	0.296162	0.0160265	0.237422	0.0833282	-0.0483748	-0.084153	
-0.0679789	-0.0516082	-0.0749849	-0.108089	-0.032507	0.131221	0.115224	0.0938041	0.0280849	-0.0561811	0	-0.0184906	0.193732	0.330587	-0.0893874	0.254288	0.569009	-0.0590839	-0.0295842	0.0390558	-0.00442911	0.335387	0.0160265	0.237422	0.0855551	0.0465598	
-0.0679789	-0.048422	-0.0749849	-0.110252	-0.0248	0.131221	0.0782119	0.0938041	0.110929	-0.0561811	0	-0.0184906	0.193732	0.291664	-0.0859573	0.254288	0.569028	-0.0590839	-0.0245623	0.0390558	-0.0175904	0.39604	0.00739806	0.204621	0.102254	0	0	
-0.0679789	-0.0499095	-0.0777839	-0.107059	-0.0365321	0.128801	0.0593522	0.0938041	0.0118717	-0.0561811	0	-0.0184906	0.219121	0.250577	-0.0818469	0.241333	0.573839	-0.0590839	-0.0265749	0.0390558	-0.0175904	0.371864	0.00917534	0.162573	0.0967178	0.00242021	0	0	
-0.0714478	-0.0579153	-0.0777839	-0.11495	-0.0163175	0.109438	0.0628211	0.039867	0.0918338	-0.0514416	0	-0.0311662	0.142015	0.453182	-0.0941568	0.241333	0.572785	-0.0600268	-0.0255209	0.0390558	-0.00672015	0.342913	0.00760914	0.162573	0.08815	0.00242021	0.0134091	0.0369081	
-0.0730597	-0.0579153	-0.0716295	-0.1065	-0.00855938	0.099355	0.0733551	0.039867	-0.0265943	-0.0528288	-0.00434321	-0.0305173	0.112287	0.437233	-0.0894839	0.241333	0.569428	-0.0600268	-0.0283174	0.0476456	-0.0190989	0.337913	0.00760914	0.191459	0.08815	0.00242021	-0.00112196	
-0.0730597	-0.0579153	-0.0716295	-0.119466	-0.022196	0.08547	0.0462562	0.0708247	-0.00916124	-0.0528288	-0.00608259	-0.017165	0.112287	0.513881	-0.0772085	0.241333	0.632056	-0.0600268	-0.0376641	0.0617865	-0.0190989	0.304827	0.00816608	0.169778	0.08815	0.00186327	
-0.0736757	-0.0579153	-0.0732079	-0.111501	-0.00615382	0.08547	0.0939044	0.0708247	-0.00957476	-0.0545737	-0.0103047	-0.017165	0.112287	0.461852	-0.0772085	0.272102	0.625473	-0.0600268	-0.0216029	0.0551628	-0.0190989	0.304827	0.00857959	0.279662	0.08815	0.00186327	-0.0336225	0.0464433	0	-0.00704781	0	
-0.0670425	-0.0579153	-0.0740743	-0.116598	-0.0280668	0.08547	0.0710603	0.0708247	-0.0870053	-0.0515442	-0.0207801	-0.0139963	0.0782175	0.471058	-0.0772085	0.244634	0.626351	-0.0600268	-0.0216146	0.054714	-0.00987496	0.23225	0.0132099	0.279662	0.0794566	0.00186327	0.0185336	
-0.0670425	-0.0404007	-0.0842209	-0.103015	-0.0138528	0.103453	0.0710603	0.0708247	-0.0587529	-0.0515442	-0.0207801	-0.0207107	0.102121	0.471058	-0.0703835	0.244634	0.63465	-0.0600268	-0.00360012	0.054714	-0.0175399	0.201468	0.0132099	0.3346	0.119524	0.00186327	-0.024918	
-0.0673312	-0.0429607	-0.0834034	-0.116683	-0.0118229	0.103453	0.0858364	0.0708247	-0.0533715	-0.0540489	-0.0207801	-0.0186648	0.0903829	0.471058	-0.0721089	0.244634	0.617841	-0.0600268	0.0123913	0.0817751	-0.0175399	0.222614	0.0132099	0.421481	0.142536	0.00186327	
-0.0648214	-0.0429607	-0.0831241	-0.116605	-0.0118229	0.103453	0.113192	0.0552325	0.0292534	-0.0540489	-0.0195801	-0.0191656	0.145471	0.401772	-0.0721089	0.303935	0.557438	-0.0600268	0.0396195	0.0817751	-0.0175399	0.222671	0.0132099	0.421481	0.123174	0.00186327	
-0.0661043	-0.0451894	-0.0831241	-0.111362	-0.0169481	0.0986243	0.067066	0.065548	0.00406276	-0.0540489	-0.0195801	-0.0191656	0.129812	0.360211	-0.0592091	0.319328	0.534721	-0.0600268	0.0623363	0.0817751	-0.0021954	0.122426	0.00445849	0.314879	0.124085	0.00186327	
-0.0661043	-0.0451894	-0.0831241	-0.124221	-0.0112079	0.138858	0.127023	0.065548	-0.0394907	-0.0540489	-0.0195801	-0.0208097	0.0873505	0.360211	-0.0592091	0.270637	0.550645	-0.0571129	0.0623363	0.0817751	-0.0286098	0.114161	0.00650046	0.314879	0.117234	0.00186327	0	0.0655009	0	
-0.0661043	-0.0432378	-0.0831241	-0.11623	-0.019009	0.136993	0.0710081	0.0638138	0.0774888	-0.0540489	-0.0195801	-0.0328033	0.0968937	0.497347	-0.0592091	0.287565	0.559888	-0.0571129	0.0530929	0.0814195	-0.00529376	0.114161	0.00533702	0.316942	0.142846	0.00186327	
-0.0661043	-0.0432378	-0.0825734	-0.111448	-0.0228043	0.136993	0.0710081	0.0638138	0.0392098	-0.0540489	-0.0195801	-0.034953	0.0596952	0.497347	-0.0626734	0.285272	0.559888	-0.0546283	0.0525422	0.0706468	-0.0060183	0.201218	0.0121417	0.316942	0.145053	0.00186327	
