-0.0062244	0.372572	0.0211353	0.309193	-0.0379659	0.224744	0.376985	-0.0827055	0.36941	0.140926	-0.00195472	0	0	0	0	0	0	0	0	0	0	0	0	0	0	0	0	0	0	0	0	0	0	0	0	0	0	0	0	0	0	0	0	0	0	0	0	0	0	0	0	0	0	0	0	0.309193	0	0	0	0	0	0	0	0	0	0	0	0	0	0	0	0	0	0	0	0	0	0	0	0	0	
-0.0062244	0.350341	0.0211353	0.349585	-0.0379659	0.150845	0.376985	-0.0889297	0.31786	0.199203	-0.0319513	-0.000176344	0.0342579	0	0.0421061	0	-0.00989895	0	-0.0124605	0.0378933	0	-0.0143543	-0.0265857	0	0	-0.0187207	0.0646422	0.0362299	0.00213158	-0.00610718	-0.0648003	0.0138513	-0.0179705	-0.00347645	0.0505871	0.0238203	-0.0584342	0.0275211	0.0488869	0	-0.0455442	0.0129276	0	0.0133352	-0.0134217	-0.0350001	0.302082	0	-0.00233719	-0.0018719	0	0	0	0	0.0515508	0.0621751	0.0540818	0	-0.00288751	0	
0.425623	0.339771	-0.00625578	-0.0062244	-0.0379659	0.176983	0.326099	-0.0894161	0.297712	0.199203	-0.0596965	-0.000176344	0.021531	0.0424565	0	0.0272197	0	0.0495316	-0.00500121	0.00454934	-0.0382496	-0.0496304	0	-0.0187207	0.031687	-0.00284635	-0.0169904	0.0190332	-0.101281	-0.0151938	-0.0179705	0.00314693	0.0190967	0.177061	0	0	-0.0214476	-0.0134217	0	0.302569	0	0.00872416	0	0	-0.000420101	0	0.107244	0.295682	0.0540818	-0.00288751	-0.0149781	-0.0219012	
0.304106	0.339771	0.0292741	-0.0062244	-0.0379659	0.176983	0.326099	-0.0894161	0.404956	0.169401	-0.0348824	-0.000176344	0.0695767	0.0479138	-0.0166799	0.0272197	0	-0.0270126	-0.0273257	0.10021	-0.0153326	0.0487816	-0.00288751	0.038572	-0.000229285	-0.0569617	-0.0330937	-0.0187207	-0.00148824	-0.109287	0.126954	-0.00330179	-0.0221577	0.00603671	0.177061	0.0243291	-0.0852677	-0.0186278	0.0598855	0.302569	0.00558746	0.0163959	0	-0.0389053	0.295682	0.0234054	-0.00135228	0.0198111	
0.380232	0.339771	0.0331122	-0.00319364	-0.0379659	0.118847	0.289811	-0.0807504	0.36131	0.173874	-0.0489987	-0.0496251	0.0695767	0.0494487	0.0238559	0.0272197	-0.00303075	-0.0270126	-0.0273257	0.384919	0.00260091	-0.024695	0.0457508	-0.00288751	0.000788663	-0.0098578	-0.0556414	0.0347256	0.112551	-0.0186781	-0.107812	0.180802	-0.0852677	-0.0221577	0	0	0	0.293903	0.0667653	0.113093	-0.0541926	0.0481278	-0.0589222	-0.0264812	-0.0165903	
0.27006	0.347816	0.0268629	-0.00319364	-0.0379659	0.16748	0.496709	-0.0782145	0.360938	0.180053	-0.0716397	-0.00303075	0.0318299	0.00794268	0.0272197	-0.038288	0.0303562	0.392112	-0.0220861	-0.024695	0.00648921	0.0694581	0.0016784	0.000437561	0.0347256	0.217985	-0.0386624	-0.0975005	0.134075	0.0188716	-0.0504005	0.00249623	-0.0165903	-0.021579	0.118006	0.281795	0.0667653	0.160833	-0.0289193	0.0481278	-0.0589222	0.00839002	
-0.0443512	0.395128	0.0268629	-0.0505008	-0.0379659	0.143435	0.496709	-0.0782145	0.310224	0.184046	-0.0716397	-0.00429725	0.0490155	-0.0220839	-0.00980052	0.392112	-0.0199429	-0.0307472	-0.00277042	0.0604113	0.0562739	0.00256569	0.000437561	0.0238174	0.186493	-0.0331057	-0.0874515	0.108512	0.03998	-0.0504005	-0.0368912	0.0544539	0.260686	-0.00319364	0.329987	-0.0446798	0.00536578	
-0.0613463	0.39206	0.00376086	-0.0505008	-0.0383422	0.143435	0.702194	-0.08102	0.270023	0.1634	-0.0867823	0.000429937	0.263492	0.0371798	-0.00319364	-0.0820993	0.34159	-0.0419759	-0.0320615	-0.0353651	0.0607876	0.0757867	0.00256569	0.00125071	0.054818	-0.0554969	0.0126168	0.0764501	-0.0301684	-0.0924545	0.194683	0.015245	-0.0500242	0.0116727	-0.0120727	0.0331905	0.29776	
-0.0183603	0.367041	0.00202658	-0.0373582	-0.0383422	0.142842	0.904916	-0.08102	0.301234	0.1634	-0.100019	0.000429937	0.263492	0.0371798	-0.00319364	-0.0882415	0.383107	-0.0556078	-0.0320615	-0.0353651	0.0361022	0.0473286	0.00256569	0.0202373	0.1074	-0.0439716	-0.00200289	0.0764501	-0.0662522	0.0133735	0.205083	0.291652	-0.0264842	0.0259131	-0.0120727	0.255566	
-0.0519968	0.375434	-0.000540809	-0.0353506	-0.0383422	0.142842	1.00959	-0.08102	0.2077	0.188592	-0.0901004	-0.00816385	0.263492	0.0483432	-0.00319364	-0.0812565	0.353684	-0.0288238	-0.0355571	-0.0259805	-0.0254876	0.0181643	0.0473286	-0.00856572	0.00995141	0.140336	-0.0439716	-0.00200289	0.0430157	-0.0662522	-0.0369492	0.344509	0.291652	-0.0390385	0.0376945	0.0384564	-0.0397828	
0.375434	-0.000540809	-0.0353506	-0.0383422	0.142842	1.10309	-0.08102	0.279032	0.188592	-0.0769918	-0.0172241	0.0483432	0.0024832	-0.0855001	0.263492	0.446542	-0.02402	-0.0259805	-0.00216852	0.0445142	0.204812	-0.00856572	0.0296034	0.140336	-0.0328535	-0.00200289	0.0141836	-0.0492563	-0.0687559	0.505936	0.529863	0.0665985	0.0384564	0.0762176	
0.248084	0.400513	-0.000540809	-0.00351464	-0.0383422	0.142842	1.10309	-0.08102	0.279032	0.141818	-0.074787	-0.0172241	0.507831	0.0483432	0.0024832	-0.0780794	0.230262	0.0184393	-0.0259805	0.00971956	0.0441682	0.31442	-0.0106318	0.013658	0.122089	-0.0432948	-0.00200289	-0.00057513	-0.0196742	-0.066933	-0.0212887	0.0636159	0.49507	0.0269424	0.0432379	
0.35685	0.402806	-0.000540809	-0.0273736	-0.0409158	0.142842	1.10309	-0.08102	0.220222	0.197194	-0.0937524	-0.0172241	0.510404	0.0483432	0.0024832	-0.0803561	0.306142	0.0550837	-0.0259805	-0.0431602	0.00257355	0.031108	0.0500884	0.286361	-0.0106318	0.013658	0.117639	-0.0117095	0.00983422	-0.0429141	0.00795895	-0.0701443	-0.0665399	0.0808635	0.2129	0.0992497	0.048195	
0.334108	0.00171817	0.268603	-0.0424096	0.143988	0.944191	-0.0773332	0.208799	0.263672	-0.110357	-0.0172241	0.511898	-0.00240989	0.0024832	-0.0863717	0.280934	0.041026	-0.0259805	0.0644194	-0.0273736	0.0515822	0.136459	-0.0106318	0.0149992	0.119133	-0.0155806	0.00843786	-0.0583173	0.0523782	-0.0645638	0.0874003	-0.0231731	0.205504	0.0320963	0.00242026	
0.368804	-0.00911326	-0.0424096	-0.0739539	1.09988	-0.0991335	0.251782	0.263672	-0.000774937	0.368557	0.0155253	0.0024832	-0.00902531	0.270365	0.041026	-0.0306089	0.052328	0.0017152	-0.0555559	0.042087	0.0770526	-0.0352625	0.019608	0.119133	0.0077106	0.026507	-0.0624643	-0.0236999	-0.105556	0.0788828	-0.0563861	0.39046	0.00760331	0.0315834	
0.368804	0.0139225	1.16722	-0.108578	0.26568	0.0320565	-0.00218154	-0.0424096	-0.0706781	0.368557	-0.000774937	0.0024832	0.226372	0.0718359	-0.0306089	0.0302089	0.0539612	-0.0555559	0.0427055	-0.0273841	0.0322866	0.133594	0.00703958	-0.00604269	-0.0718022	0.0265169	-0.0897753	0.0584187	0.0932686	0.305651	0.129018	0.0452356	
0.363248	0.000339743	0.00103341	-0.101018	0.26568	0.0320565	-0.0175854	-0.0424096	-0.0604304	0.328988	-0.0101042	0.0024832	0.218811	0.0718359	-0.0328446	0.0480459	-0.00317271	-0.0673947	0.0548234	-0.0273841	0.0322866	0.208205	0.0225264	-0.00604269	-0.0811389	0.104847	-0.0851661	0.0268013	0.127657	0.189874	1.16722	
0.363248	0.000339743	0.0222833	-0.109468	0.0532992	0.315357	-0.0742164	0.0180285	-0.0411333	-0.0424096	-0.0357861	0.331327	-0.0101042	0.0024832	0.172063	0.0864284	-0.0328446	0.014325	0.172711	-0.0277564	0.0322866	0.299273	-0.0389205	-0.00604269	-0.0815836	0.202591	-0.0913722	0.0693322	0.0224421	0.0890995	1.03474	
0.363248	0.0126575	0.0138829	-0.107433	0.0532992	0.315357	-0.0745501	0.0458869	-0.0411333	-0.0424096	-0.0574464	0.230357	-0.0101042	0.0024832	0.170029	0.0336928	-0.0343491	-0.0221002	0.159375	-0.0331971	0.0210838	0.268868	0.00401362	-0.00604269	-0.0683864	0.111234	-0.0814564	0.236377	-0.0648931	0.174039	1.00057	
0.363248	0.0126575	-0.0234645	-0.107079	0.137312	0.359275	-0.050472	0.0586642	-0.0411333	-0.0424096	0.0110594	0.273261	-0.0197406	0.0024832	0.169675	0.0606343	-0.0451017	-0.0808504	0.0838171	-0.0331971	0	0.00287229	0.255749	0.0252913	-0.00604269	-0.07452	0.00490539	-0.0578538	0.120166	-0.0780183	0.108537	1.02428	
0.321421	0.0126575	-0.0487286	-0.0981298	0.0439979	0.293485	-0.0854279	0.0401636	-0.00776743	-0.0447556	-0.0374921	0.132318	-0.0197406	0.0024832	0.17221	0.0923689	-0.0451017	-0.069384	-0.000449349	-0.0331971	0.00142895	0	0.288678	0.010636	-0.0155195	-0.091294	0.0675615	-0.0808291	0.197391	-0.0809697	0.157127	0.893546	
0.361072	-0.00708503	-0.0604764	-0.109546	0.0489378	0.290534	-0.0596934	0.0401636	-0.0268428	-0.0447556	-0.0583753	0.11697	-0.0302577	-0.00245671	0.183626	0.140294	-0.0562675	-0.014311	0.0759361	-0.0331971	0.00142895	-0.0418452	0.243597	-0.00449118	-0.0155195	-0.0764355	0.0796734	-0.0970365	0.0749977	-0.0423877	0.171719	0.893546	
0.361072	-0.00477145	-0.0172434	-0.104752	0.0489378	0.26209	-0.0596934	-0.0237666	-0.00404963	-0.0447556	-0.00593005	0.121985	-0.0224793	-0.00245671	0.16001	0.327945	-0.0562675	-0.024845	0.0302921	-0.0331971	0.00142895	-0.0423849	0.244838	0.0212949	-0.0223152	-0.0196929	-0.0568085	-0.044336	-0.0960868	0.09382	-0.0546488	0.210741	0.959601	
0.352885	-0.00477145	-0.0596799	-0.108392	0.067421	0.26209	-0.0743653	-0.00564107	-0.0156268	-0.0447556	0.0735528	0.299251	-0.0190754	-0.0024269	0.193358	0.275585	-0.0562675	-0.0225151	0.0650693	-0.0331971	-0.00528518	-0.0153896	0.306066	0.0690468	-0.00557832	-0.0309283	0.0124308	0.72603	-0.016126	-0.0657444	0.0914604	-0.0908505	0.214491	
0.372339	0.0157582	-0.0666244	-0.104387	0.066663	0.335615	-0.0762724	0.00736152	-0.0175207	-0.0466495	-0.0186515	0.235491	-0.0120544	-0.00124532	0.162775	0.265666	-0.0739196	-0.0346682	0.178628	-0.020714	-0.00717904	-0.0117483	0.306066	0.0395011	-0.0290809	-0.0480257	0.658464	0.030427	-0.102949	0.0385272	-0.0876817	0.0939158	
0.363229	0.0157582	-0.0772611	-0.111847	0.066663	0.204962	-0.0743548	0.000565905	-0.0266428	-0.0466495	0.0740046	0.248743	-0.0123796	-0.00124532	0.19743	0.226693	-0.0819118	-0.0816601	0.211174	-0.0260065	0.0034152	-0.0201604	0.163811	0.0319794	-0.0131089	-0.0577862	0.936109	0.206515	-0.0777677	0.0749769	0.030427	-0.0975749	0.0386096	
0.399273	0.00899691	-0.0231187	-0.111847	-0.0201604	0.204962	-0.0725205	-0.0102904	-0.0470978	-0.0466495	-0.0136253	0.333595	0.00346305	-0.00124532	0.19743	0.147099	-0.0791227	-0.0894998	0.101201	-0.0277465	-0.0035788	0.0402892	0.229648	0.0389742	-0.00667881	-0.055649	0.937202	0.206515	-0.079946	0.0255206	0.0719955	-0.111098	
0.355918	0.00899691	-0.0593191	-0.113935	0.00314323	0.257574	-0.0483226	-0.0293203	-0.0484695	-0.0466495	-0.0454527	0.222223	0.00184769	-0.00124532	0.199518	0.0947258	-0.0798247	-0.0910843	0.156866	-0.026666	-0.0035788	0.08144	0.18254	0.0161078	-0.0248514	-0.0457236	1.16375	0.1462	0.011845	0.0827176	0.0554667	-0.103744	
0.355918	0.00899691	-0.0593805	-0.116672	0.00221205	0.27911	-0.042168	-0.0257714	-0.0566801	-0.0466495	-0.0034188	0.19043	0.00184769	-0.00124532	0.182043	0.0440443	-0.103567	-0.104847	0.0342974	-0.026666	0.00185846	0.16335	0.139938	0.0366124	-0.0260852	-0.0783259	1.16375	0.236276	0.0160426	0.107785	-0.00169347	-0.101132	
0.352768	0.00899691	-0.0710062	-0.107678	-0.0188531	0.262201	-0.0200401	-0.0257714	-0.0473444	-0.0434988	0.0855407	0.187279	0.00472372	-0.00412135	0.162854	0.0431845	-0.0950797	-0.103654	-0.0237483	-0.026666	0.00185846	0.230526	0.168094	0.0334617	-0.0127725	-0.0680006	1.16375	0.120951	-0.0346437	0.0340143	-0.0396024	-0.0959544	
0.348945	0.00899691	-0.0694834	-0.0995218	-0.0250312	0.365384	-0.0503343	-0.0184709	-0.00839345	-0.0396758	0.0792415	0.143013	0.00472372	-0.00412135	0.154698	0.0262809	-0.0816931	-0.0972861	-0.0116231	-0.0363841	0.00185846	0.152467	0.311549	0.0384871	-0.00855998	-0.0854692	1.16375	0.0890528	-0.0346437	0.0340143	-0.00841038	-0.104622	0	
0.348945	0.00899691	-0.0748247	-0.0995218	-0.0250312	0.403316	-0.050688	-0.0184709	-0.00883503	-0.0396758	0.113455	0.274566	0.00207548	-0.00412135	0.160052	0.046316	-0.102897	-0.0755213	-0.0194709	-0.0330845	-0.00832401	0.0507331	0.236097	0.0384871	-0.0173348	-0.0854692	0.864615	0.0972127	-0.0185534	0.073351	0.00239592	-0.112694	
0.348945	0.00899691	-0.102597	-0.0996881	0.28933	-0.0828546	-0.0184709	-0.0143616	-0.0396758	0.113455	0.175371	0.00207548	-0.00412135	0.140614	0.046316	-0.0839846	-0.0863516	0.0124835	-0.0330845	-0.00455258	0.227444	0.236097	0.0384871	-0.0106611	-0.0957286	0.744735	0.19653	-0.0591483	0.0462969	0.00239592	-0.102571	0.0102198	
0.39155	0.0151806	-0.0891393	-0.0956084	0.360366	-0.0439796	-0.0184709	0.0162608	-0.0396758	0.0684222	0.0887465	0.00207548	-0.00412135	0.136535	-0.00278102	-0.0925292	-0.0463248	-0.00749384	-0.0265855	-0.00455258	0.106202	0.230538	0.0558212	-0.00488273	-0.111473	0.744735	0.237468	-0.0440865	0.0485299	0.049037	-0.123347	0.0841041	
0.41493	0.0109449	-0.0134244	-0.0956084	0.286161	-0.0297891	-0.0207765	0.040628	-0.0396758	0.0292568	0.181242	-0.00906262	-0.00412135	0.166825	0.0700432	-0.0925292	-0.0933577	-0.0172478	-0.0308999	0.00245272	0.0596562	0.125974	0.0642117	-0.0221166	-0.087128	0.755543	0.184589	-0.0733988	-0.0491156	0.039667	-0.122891	0.185835	
0.41493	0.0328263	-0.0490742	-0.0890854	0.286161	-0.0140635	-0.0129966	0.040628	-0.0396758	0.0292568	0.181242	-0.00906262	-0.00412135	0.1631	0.16204	-0.0925292	-0.0887789	0.0545144	-0.0308999	0.0154234	0.000692715	0.192783	0.064665	-0.0160068	-0.087128	0.608889	0.333429	-0.0851903	0.0169354	0.068283	-0.128038	
0.405604	0.0182879	-0.0733064	-0.0918281	0.312784	-0.0570748	-0.0334806	-0.0148732	-0.0326637	-0.0396758	0.0894819	0.178011	-0.0113285	-0.00412135	0.157308	0.128457	-0.0939378	-0.0758462	-0.0245471	-0.031802	0.020702	0.083073	0.192783	0.064665	-0.0160068	-0.0826931	0.672588	0.276797	-0.0596372	0.0752274	0.068283	-0.126842	
0.296984	0.0229537	-0.0709572	-0.0971834	0.275697	-0.0638241	-0.0257976	-0.0750864	-0.03501	0.0190445	0.195669	-0.0113285	0.000544407	0.170329	0.128457	-0.0792465	-0.0521623	-0.050828	-0.0466736	0.022849	0.0277901	0.207665	0.0488695	-0.000112936	-0.0671242	0.502001	0.390316	-0.0197255	0.0697918	-0.0102489	-0.117922	
0.335789	0.0229537	-0.0805689	-0.090969	0.275697	-0.00432919	-0.0384794	-0.0257976	-0.0572086	-0.03501	0.0342432	0.209949	-0.0160054	0.000544407	0.210123	0.0246908	-0.0721937	-0.0250332	-0.0313984	-0.0580597	0.0165403	0.0443355	0.320875	0.0488695	0.0160256	-0.0582507	0.361597	0.360053	-0.0386433	0.0147489	0.0444275	-0.115149	
0.335789	0.0370503	-0.0694619	-0.0902186	0.262046	-0.0467983	-0.0858068	-0.0273879	-0.064949	-0.0355403	0.0709482	0.176312	-0.018315	0.00291679	0.224931	0.0246908	-0.0852329	0.0114421	-0.0279272	-0.0486105	0.0178785	0.032288	0.270956	0.0488695	0.0137966	-0.0499711	0.361067	0.233327	-0.0391736	-0.0218922	0.0302233	-0.11292	0.0238271	0	
0.376222	0.0171588	-0.0883518	-0.0947439	0.318603	0.0358139	-0.0249446	-0.064949	-0.0355161	0.0709482	0.176287	-0.0134422	-0.00195606	0.267497	0.0192908	-0.0711682	-0.0124122	0.00116057	-0.060444	0.00274085	-0.056597	0.167506	0.0593054	-0.0217187	-0.0499711	0.194665	0.263247	-0.0391736	0.0507177	0.020023	-0.116234	-0.0517605	-0.021683	
0.338166	0.030677	-0.085124	-0.0985515	0.281892	-0.000467113	0.000513618	-0.0304339	-0.0589965	-0.0355161	0.0709482	0.286195	-0.0134422	-0.00195606	0.271305	-0.00330836	-0.0703569	-0.0336275	0.00116057	-0.052348	0.00274085	-0.056597	0.0350118	-0.0113443	-0.0499711	0.388018	0.263247	-0.0018448	0.0469534	0.00581317	-0.101483	0.271898	
0.338166	0.0196298	-0.0701471	-0.0921404	0.275942	0.0420524	-0.00101094	-0.0631421	-0.0355161	0.0569679	0.103533	-0.0134422	-0.00195606	0.264894	-0.0137082	-0.0703569	-0.0457002	0.0474596	-0.0506542	0.0023131	-0.0165269	0.0485166	-0.0224341	-0.0499711	0.36515	0.264984	0.000480283	0.0371416	-0.00551202	-0.101483	0.217787	
0.399522	0.0255558	-0.0797343	-0.0986746	0.257158	0.0449678	0.114443	-0.00142527	-0.0839035	-0.0326007	0.0182694	0.139502	-0.0134422	0.000959339	0.274343	0.0153909	-0.0675264	-0.0607623	0.0437708	-0.0554086	0.0052285	-0.0165269	0.0833877	-0.026537	-0.0603047	0.32177	0.2679	0.17452	0.0145355	-0.00551202	-0.0952237	
0.399522	0.0255558	-0.0922409	-0.0967895	0.228675	0.0716516	0.151376	0.0833877	-0.00999334	-0.0656431	-0.0326007	0.071535	0.176201	-0.012721	0.000238205	0.264079	0.0604774	-0.0596584	-0.0607623	0.0885223	-0.0554086	0.00698584	-0.0402913	-0.0235817	-0.0441517	0.534788	0.261171	0.213276	0.0166027	-0.0128773	-0.0768198	
0.400717	0.0518984	-0.0904139	-0.0879495	0.299131	0.0635226	0.144221	0.0438857	0.10574	-0.0720825	-0.033796	0.0914251	0.196681	-0.012721	0.000238205	0.255239	0.068176	-0.0486491	-0.0373951	0.0982847	-0.0571333	0.0033771	0.00941725	-7.90496e-05	-0.00961373	-0.0441517	0.489563	0.272515	0.213276	0.029848	-0.0128773	-0.0735083	0	
0.291206	0.0220103	-0.0892167	-0.0879495	0.299131	0.0668299	0.229099	0.0291042	0.0842638	-0.0689576	-0.033796	0.0787539	0.140595	0.0190147	0.000238205	0.255239	0.0466695	-0.0513465	-0.0554999	0.0856885	-0.0551965	0.00470557	-0.021208	-0.0330064	0.489563	0.321611	0.245619	-0.0010354	0.0484252	-0.0672716	-0.00405689	-0.0288927	
0.357919	0.0220103	-0.0772398	-0.0972381	0.299131	0.0878178	0.203826	-0.0649255	0.0746327	-0.0716859	-0.033796	0.0944923	0.133701	-0.00717176	0.000238205	0.264528	-0.0207881	-0.0328558	-0.0804678	0.022309	-0.0551965	0.0112264	-0.0425788	-0.0490741	0.79428	0.300804	0.252322	0.042735	0.000273396	-0.0917024	-0.00405689	
0.341269	0.0220103	-0.0843617	-0.0980838	0.197629	0.0878178	0.23171	0.0299523	0.0784581	-0.0737403	-0.033796	0.108563	0.138555	-0.00717176	0.000238205	0.290065	0.00228031	-0.038195	-0.0804678	0.0241991	-0.0551965	-0.025209	-0.0621123	-0.040448	0.0112264	-0.0425788	-0.0470274	0.831991	0.258016	0.252322	0.00428116	0.0193921	
0.361001	0.0105587	-0.112631	-0.100745	0.197629	0.0953826	0.254515	0.0640941	0.0525158	-0.0380691	-0.033796	0.160866	0.0497607	-0.00717176	0.000238205	0.273856	-0.00832409	-0.038195	-0.103221	0.0535975	-0.0547152	-0.0621123	-0.0302146	0.0112264	-0.0330074	-0.0486886	0.941622	0.212368	0.216732	0.0789071	0.00394636	
0.334689	0.0207488	-0.112013	-0.100745	0.269493	0.0201704	0.227298	-0.0708392	0.0950011	-0.0380691	-0.033796	0.193079	0.219311	-0.014286	0.000238205	0.273856	-0.0238043	-0.038195	-0.0678836	-0.0547152	0	-0.0758854	0.0112264	-0.0158957	-0.0943425	0.754264	0.23987	0.274217	-0.0189001	0.0161113	-0.0406681	-0.00723521	
0.327244	0.00533521	-0.109865	-0.0837966	0.267572	0.0201704	0.124847	-0.134511	0.0388771	-0.0538587	-0.031875	0.193079	0.238961	-0.014286	0.000238205	0.256907	0.017025	-0.038195	-0.086081	-0.0653648	-0.0683746	-0.0165026	-0.0414109	-0.0943425	0.754264	0.211907	0.503501	0.0242419	0.0783504	-0.0498609	0.0288733	0.0351803	
0.378834	0.0184401	-0.10787	-0.0921631	0.2751	0.0201704	0.11003	-0.0764244	0.0653945	-0.0551543	-0.031875	0.284457	-0.00340381	-0.0178084	0.00376059	0.265274	-0.0117036	-0.0625205	-0.0812882	-0.0562065	-0.0598313	-0.0581805	-0.00738946	-0.0114146	-0.0858827	0.813718	0.180084	0.400891	0.01596	0.074828	
0.36383	0.0184401	-0.094338	-0.0908055	0.251521	-0.0208504	0.100826	-0.0215013	0.0647554	-0.0283612	-0.031875	0.284457	0.011928	-0.0216343	0.00758656	0.244529	-0.029579	-0.07408	-0.0673264	-0.0605679	-0.0638663	-0.0193377	-0.00738946	0.0179086	-0.0710427	1.09395	0.25203	0.207689	0.0330023	0.0698431	
0.367981	0.0234548	-0.113445	-0.0832048	0.229885	0.00704887	0.107573	-0.0136025	0.0647554	-0.031875	0.295457	0.017427	-0.00272606	0.00758656	0.22903	-0.00833905	-0.0741179	-0.0925729	-0.0605679	-0.0630222	-0.00960006	-0.0283612	-0.0211723	-0.0298072	-0.090681	1.15389	0.263717	0.12717	0.0581813	0.0469237	
0.367981	0.0234548	-0.0986908	-0.0772415	0.229885	0.00704887	0.0828394	0.0286797	0.0541065	-0.0789923	-0.031875	0.295457	-0.0148237	-0.0193483	0.00758656	0.20575	-0.0265044	-0.0741179	-0.0605679	-0.0643321	0.0209721	-0.0107514	0.00208609	-0.0354414	-0.100114	1.23901	0.209663	0.188616	0.27807	0.0110324	
0.318605	0.0161432	-0.113441	-0.0772415	0.272764	0.0192114	0.146825	0.052117	0.0647988	-0.0924159	-0.031875	0.200881	-0.0194999	-0.028251	0.00758656	0.182313	-0.0265044	-0.0786016	-0.0605679	-0.0671276	0.0727406	-0.000867378	0.00168948	-0.0388279	-0.100114	1.02251	0.15195	0.354173	0.135987	0.0221988	0	
0.352031	0.0161432	-0.119605	-0.0772415	0.217437	-0.014804	0.15664	0.0220934	0.0612698	-0.0833495	-0.031875	0.200881	-0.00117828	-0.0374549	0.00758656	0.191219	-0.112378	-0.0728406	-0.0772635	0.0663094	-0.033298	-0.00231317	-0.0161203	-0.0960316	0.817	0.232321	0.354173	0.147604	0.0458135	
0.351762	0.0157382	-0.111326	-0.071677	0.227543	-0.0160725	0.0935181	0.218918	0.0443454	-0.0645445	-0.0316064	0.142633	0.0553583	-0.0374549	0.00758656	0.185654	-0.0925592	-0.0648104	-0.0844023	0.0276949	0.01811	-0.00231317	-0.0534704	-0.0938439	0.655799	0.158726	0.375868	0.0912851	0.0713794	
0.367056	0.0133414	-0.106889	-0.078213	0.227543	-0.00964313	0.0695656	0.503096	0.0149047	-0.0744421	0.0565985	-0.0316064	0.151307	-0.0190055	-0.0212825	0.00758656	0.169267	-0.00099979	-0.0960137	-0.0648104	-0.0772433	0.0203624	0.0330515	0.000296875	-0.0534704	-0.0874632	0.484038	0.227909	0.0790567	0.158207	
0.366946	0.00798074	-0.113809	-0.048219	0.234516	-0.0298026	0.122558	0.389126	0.0253155	-0.0753678	0.171229	-0.0325336	0.134036	0.0692739	-0.0212825	0.00654999	0.122011	0.0440984	-0.0567477	-0.065847	-0.0754983	0.0244515	0.0930852	-0.00952057	-0.00824679	-0.103308	0.273088	0.105977	0.150394	
0.366946	0.00798074	-0.117227	-0.0610708	0.234516	-0.0357359	0.131637	0.468511	0.0386036	-0.0822194	0.111832	-0.0325336	0.127898	0.0158897	-0.0212825	0.00654999	0.134863	-0.0129867	-0.0631065	-0.0569102	-0.0669693	0.0155742	0.0930852	-0.0177381	-0.0164505	-0.113901	0.319562	0.0981004	0.142213	0	-0.028972	
0.352736	0.00798074	-0.111402	-0.0456313	0.314235	-0.0357359	0.199649	0.306032	0.0368622	-0.0822194	0.0859278	-0.0325336	0.155934	-0.0423282	-0.0384559	0.00654999	0.156153	-0.0350234	-0.0516571	-0.053808	-0.0718567	0.0155742	0.0930852	-0.0177381	-0.0197901	-0.108269	0.365796	0.154471	0.190017	
0.335287	0.023814	-0.110052	-0.0790652	0.321041	-0.0291014	0.102443	0.123349	0.0630767	-0.0764521	0.0947942	-0.0314597	0.189621	-0.0146962	-0.0405417	0.00654999	0.214518	-0.0131003	-0.0705351	-0.053808	-0.0718567	-0.0303518	0.164818	0.0930852	-0.0177381	-0.0139201	-0.113782	0.467635	0.161707	-0.00107382	-0.0335622	
0.396743	0.0267977	-0.102764	-0.0507096	0.325971	-0.0378657	0.185852	-0.063745	0.0215289	-0.0816372	0.256233	-0.0290891	0.174395	-0.0178648	-0.0431272	0.00953375	0.255799	-0.0316256	-0.0634863	-0.0510302	-0.068873	-0.0273681	0.167802	0.0942518	-0.0169851	-0.0277599	-0.1045	0.470619	0.235413	
0.394922	0.0369398	-0.11232	-0.0507096	0.239181	-0.0273765	0.121061	0.0688181	0.0216105	-0.0772149	0.27513	-0.0290891	0.174395	0.0221247	-0.0285155	0.00953375	0.255799	-0.0227598	-0.0581922	-0.0502914	-0.068873	0.0234193	0.0828391	0.108882	-0.0169851	-0.045297	-0.102934	0.429002	0.212155	-0.0491984	-0.00130498	
0.320134	0.0369398	-0.112576	-0.0709525	0.239181	-0.0507111	0.121061	0.0427339	0.0230301	-0.0835464	0.263239	-0.0290891	0.174395	0.124954	-0.0258291	0.00953375	0.276042	0.00971905	-0.0489768	-0.0502914	-0.0740273	0.0161482	0.0864831	0.12172	-0.00844647	-0.032776	-0.0965419	0.360797	0.212155	
0.320134	0.0369398	-0.112576	-0.065059	0.224347	-0.0456438	0.213855	0.0427339	0.0230301	-0.0835464	0.258807	-0.0290891	0.174395	0.124954	-0.0144636	0.0101045	0.270148	-0.0542516	-0.0117364	-0.0476411	-0.0763179	0.0161482	0.235763	0.0365965	-0.00844647	-0.0260898	-0.105887	0.302983	0.212155	
0.358005	0.0369398	-0.115692	-0.065059	0.183833	-0.0456438	0.232174	0.184394	0.0606669	-0.0848459	0.297342	-0.028107	0.174395	0.0261508	-0.000513341	0.0101045	0.21578	-0.0447526	-0.0485907	-0.0504052	-0.0851597	0.0161482	0.389602	0.0172413	-0.00844647	-0.0313441	-0.0965482	0.302983	0.147064	
0.360055	0.0369398	-0.111508	-0.0629476	0.28999	-0.0437268	0.328781	0.20914	0.0189155	-0.0768864	0.366076	-0.028107	0.125024	0.108162	-0.00493028	0.0101045	0.15265	0.022862	-0.0438909	-0.0504052	-0.0851597	0.0377484	0.547444	-0.0239978	-0.00547236	-0.0128039	-0.104338	0.302983	0.188819	0	
0.333082	0.0251024	-0.116392	-0.0390611	0.218821	-0.0362997	0.262641	0.214104	0.0413357	-0.0785456	0.297226	-0.028107	0.146908	0.0954604	-0.00493028	0.0101045	0.138402	-0.0186271	-0.0523668	-0.0504052	-0.0817591	0.0377484	-0.000809218	-0.0261521	-0.00547236	-0.0128039	-0.101107	0.30513	0.188819	0.144931	0	
0.333082	0.0251024	-0.11418	-0.0390611	0.235045	-0.0362997	0.262641	0.254596	0.00875078	-0.0782591	0.290189	-0.028107	0.0732777	0.0430735	-0.00493028	0.0101045	0.117545	-0.0061838	-0.0203553	-0.0504052	-0.0817591	0.060793	0.0893934	0.0357103	-0.0237952	-0.00540693	-0.106075	0.298985	0.171349	0	-0.0192984	
0.333082	0.0251024	-0.112941	-0.0390611	0.393393	-0.0387509	0.264153	0.235728	0.053413	-0.0782591	0.301968	-0.028107	0.119706	0.090909	-0.0034188	0.00859302	0.169096	-0.0252595	-0.0368541	-0.0336544	-0.0778344	0.117418	0.256494	0.0357103	-0.016393	0.00725325	-0.101213	0.608728	0.170174	
0.333082	0.0153319	-0.0921686	-0.0378022	0.393393	-0.00602207	0.269897	0.235728	0.0525711	-0.0807227	0.260006	-0.028107	0.179939	0.00481703	-0.0034188	0.00859302	0.167838	-0.0559076	-0.0268385	-0.0388955	-0.0747216	-0.00814124	0.145529	0.00935221	-0.0270419	-0.00716033	-0.0970101	0.761827	0.178221	
0.420583	0.0108743	-0.110938	-0.0284095	0.312768	-0.0393735	0.269897	0.0902046	0.0349802	-0.0807227	0.0898053	-0.0303071	0.196303	0.0183526	0.00378797	0.00859302	0.182311	-0.0130203	0.0252223	-0.0388955	-0.0879303	-0.0192322	0.128546	0.012497	-0.0270419	-0.011556	-0.0949718	0.505945	0.263978	0	0.0164851	
0.349204	0.0170998	-0.0950256	-0.0285735	0.312768	-0.0157665	0.269897	0.115604	0.0217352	-0.0808866	0.201568	-0.030471	0.196139	0.00218332	0.0153509	0.00842908	0.182311	0.00670027	0.0275137	-0.0376078	-0.0831887	0.0354113	0.375681	-0.00743973	-0.0272059	-0.011556	-0.0971977	0.505781	0.135769	
0.349204	0.018188	-0.0885286	-0.0248046	0.310959	-0.0611123	0.269897	0.0606797	0.0353479	-0.0811092	0.141849	-0.030471	0.0857013	-0.0308535	0.00412006	0.00842908	0.178542	-0.0230387	0.025633	-0.0376078	-0.0756103	-0.0324887	0.202438	-0.047833	-0.000532948	-0.0188408	-0.0971977	0.508636	0.162357	
0.361475	0.0360652	-0.0892881	-0.0406556	0.303985	-0.0619699	0.269897	0.0233926	0.0565116	-0.0734478	0.0612782	-0.0306149	0.193034	-0.00430305	0.00412006	0.00842908	0.256574	0.0343883	0.0011233	-0.0377936	-0.086836	0.00711677	0.0652396	-0.00332123	-0.0228086	-0.023635	-0.0922245	0.427223	0.140108	
0.361475	0.0613652	-0.0883363	-0.0452049	0.303985	-0.0619699	0.269897	-0.0678799	0.0279014	-0.0734478	0.0612782	-0.0306149	0.132703	-0.0276091	0.00853573	0.00842908	0.261123	0.0251149	-0.0707698	-0.0377936	-0.0800364	0.0169155	0.0922348	-0.00394722	-0.0228086	-0.0414018	-0.0987995	0.407954	0.140108	0	
0.385962	0.0613652	-0.106745	-0.0513386	0.268729	-0.0380764	0.269897	-0.0464875	0.0224998	-0.0804153	0.031943	-0.0306149	0.132703	-0.0276091	-0.0161337	0.00842908	0.267257	-0.0101864	-0.022702	-0.0377936	-0.0878065	0.0458367	0.0993524	-0.00372423	-0.0201421	-0.0530365	-0.10137	0.61118	0.164797	0	0.109498	
0.314986	0.0613652	-0.0949856	-0.0346366	0.261338	-0.0398232	0.255234	0.100193	0.0656098	-0.0819117	0.0329441	-0.0306149	0.132703	0.0130978	-0.0161337	0.00842908	0.250555	0.0339177	-0.022702	-0.0377936	-0.084124	0.0200867	0.150188	-0.00372423	-0.0126797	-0.0569274	-0.083372	0.61118	0.164797	0.00641494	0.0435974	0.0839697	-0.0120861	0.0417179	0	
0.330439	0.0613652	-0.0879263	-0.0346366	0.261338	-0.0398232	0.234087	-0.151766	0.0656098	-0.0745457	0.0329441	-0.0306149	0.104468	-0.0405156	-0.0130998	0.00842908	0.265891	-0.0051836	-0.0607824	-0.0439324	-0.0752914	0.0774307	0.0531387	0.000893055	-0.0126797	-0.053616	-0.0979138	0.44677	0.28076	0.00641494	0.168855	0.168692	
0.325493	0.0613652	-0.0988688	-0.0346366	0.300855	-0.0398232	0.227695	0.0646063	0.0319394	-0.0726478	0.0644365	-0.0306149	0.104468	-0.0145454	-0.0130998	0.00842908	0.250875	-0.0418227	-0.0830934	-0.0294038	-0.0752914	0.0747257	0.0178197	0.00158622	-0.0126797	-0.0609484	-0.0678233	0.507175	0.342989	0.00336464	-0.0158443	0.133939	0	-0.0306149	
0.363154	0.0613652	-0.0850237	-0.0346366	0.259229	-0.039404	0.227695	0.0826088	0.0319394	-0.0673818	0.11215	-0.0306149	0.104468	-0.025304	-0.0130998	0.00842908	0.202395	-0.0061998	-0.0380454	-0.0412628	-0.0778291	0.134389	0.0970766	0.000365242	-0.00302516	-0.0263506	-0.0665031	0.66046	0.151684	0.00284326	0.169987	
0.401329	0.0663127	-0.102262	-0.0402786	0.259229	-0.034857	0.227695	0.164431	0.0499275	-0.0664368	0.164257	-0.02967	0.0573198	-0.042691	-0.0130998	0.00937403	0.168449	-0.0263202	0.0360959	-0.0362924	-0.0743559	0.0946931	0.190214	0.00224454	-0.0198738	-0.0293605	-0.0785333	0.712441	0.242008	0.00284326	0.144819	
0.319633	0.0659711	-0.107708	-0.0446953	0.278401	-0.042062	0.236306	0.201629	0.0499275	-0.07974	0.0645297	-0.0300116	-0.00539177	0.00554974	-0.0337731	0.00903242	0.168763	-0.00488268	0.0357542	-0.036634	-0.0900624	0.0321991	0.213575	0.00190293	-0.0202154	-0.0113714	-0.0745007	0.7121	0.209298	0.00284326	0.0999418	0	0.0474202	
0.378778	0.0659711	-0.106906	-0.0473981	0.278401	-0.0240635	0.218088	0.188309	0.0499275	-0.0693721	0.143995	-0.0300116	0.0559782	0.00554974	-0.0314365	0.00903242	0.200066	-0.0103587	0.0912993	-0.036634	-0.0900624	0.0203202	0.0900293	0.00190293	-0.0202154	-0.021768	-0.0840562	0.7121	0.236824	0.00284326	0	
0.373075	0.0286653	-0.0897143	-0.0627715	0.267826	-0.000225279	0.218088	0.0337007	0.0540968	-0.0788345	0.159537	-0.0300116	0.0325516	-0.0233922	-0.0317513	0.00903242	0.21544	-0.0114028	0.0912993	-0.0404727	-0.0900624	-0.0261909	0.187619	0.00190293	-0.0102855	-0.0394903	-0.085974	0.532353	0.218726	-0.00081408	
0.32909	0.0286653	-0.039321	-0.0421206	0.269535	0.0107472	0.164246	-0.0470362	0.0132624	-0.0744092	0.163109	-0.029599	-0.0109542	-0.0240056	-0.0169622	0.00851989	0.194789	-0.0108902	0.0991865	-0.0404727	-0.0900624	-0.0368712	0.0507776	-0.0229718	-0.0102855	-0.0460414	-0.0848164	0.532353	0.205961	-0.000301549	
0.341045	0.0159444	-0.0869114	-0.0358605	0.242276	0.0115112	0.162607	0.0151473	0.0409766	-0.0766656	0.0780255	-0.029599	-0.0328816	-0.0223055	-0.0258403	0.00851989	0.188529	-0.0427388	0.0971479	-0.0532558	-0.0858102	-0.0187059	0.126549	-0.0333041	-0.0102855	0.00552316	-0.0848109	0.296819	0.127038	-0.000301549	0.120244	
0.400836	0.0207316	-0.0896603	-0.040345	0.242276	-0.0293979	0.171311	-0.0913789	0.0258331	-0.0885518	0.199458	-0.029599	0.0496903	-0.0296779	-0.0258403	0.00851989	0.197033	-0.0297842	0.0971479	-0.0550037	-0.0849001	-0.0187059	0.40667	-0.0333041	-0.00877925	-0.0372151	-0.072802	0.700682	0.198325	0.00267665	0.0233036	0.0177286	
0.320575	0.0207316	-0.10039	-0.0400104	0.294924	-0.0205931	0.171311	0.0165056	0.0241382	-0.0737844	0.0199749	-0.0312015	0.0496903	0.00957849	-0.0349329	0.00851989	0.196699	-0.0211515	0.0642434	-0.0551987	-0.0871144	-0.0433161	0.228683	-0.052817	-0.00877925	-0.0275419	-0.072802	0.373383	0.198403	-0.000944706	0	0	
0.356002	0.0317817	-0.0984271	-0.0270276	0.256389	-0.0064985	0.171311	-0.159301	0.0582728	-0.0750366	0.11365	-0.0312015	0.035292	0.0248676	-0.0393952	0.00851989	0.307155	-0.0213917	0.031267	-0.0544898	-0.0940743	-0.0532078	0.185433	-0.0583085	-0.0234596	-0.0238544	-0.0814467	0.358737	0.188693	0.000466925	0	0.0559288	
0.356002	0.00978131	-0.107582	-0.0364605	0.243777	-0.0194378	0.171311	-0.140521	0.0582728	-0.0762598	0.0235618	-0.0312015	0.0504604	0.147622	-0.0393952	0.00851989	0.304507	-0.0127793	0.031267	-0.0580635	-0.0942636	-0.0736392	0.237419	-0.0387658	-0.0234596	0.000386246	-0.0987235	0.209937	0.167227	0.00510589	0.398342	-0.0438252	0.036156	
0.400949	0.00978131	-0.107525	-0.0364605	0.288304	0.0569848	0.171311	-0.0352704	0.0582728	-0.0906385	-0.00373518	-0.0312015	0.0143734	0.00691848	-0.0276148	0.00851989	0.304507	-0.0295786	0.051929	-0.0533334	-0.0864823	-0.0726792	0.118245	0.0103284	-0.0160957	-0.0411652	-0.0863209	0.305914	0.265612	0.00510589	0.0479012	0	-0.0110603	0.0318238	
0.317002	0.00978131	-0.10644	-0.0447563	0.252864	0.0235021	0.147891	-0.0744926	0.0608595	-0.0894744	-0.0115798	-0.0312015	0.042031	0.00691848	-0.0216504	0.0025555	0.332794	0.0583259	0.0544831	-0.0616219	-0.0864823	-0.0365515	0.0722997	-0.0180558	-0.0244828	-0.0411652	-0.0920698	0.335863	0.211838	0.0189702	0.00630115	0.0241941	0.0925874	
0.437004	0.00978131	-0.0999801	-0.0317047	0.29448	-0.0078599	0.138873	0.136292	0.0378664	-0.080714	0.0366515	-0.0312015	0.0410735	0.0987464	-0.0298944	0.0025555	0.319742	0.0688086	0.0544831	-0.0619319	-0.0924717	-0.0400873	0.188812	0.00607926	-0.0165844	-0.0148745	-0.0885719	0.335863	0.168385	0.0189702	0.0313392	0.0241941	
0.437004	0.030325	-0.0909653	-0.0541134	0.372236	-0.00561805	0.126782	-0.0771505	0.0293221	-0.079959	0.0147791	-0.0312015	0.00358981	0.02802	-0.0288287	0.0025555	0.342151	0.0688086	-0.00777575	-0.0657628	-0.0897371	-0.0137594	0.201004	-0.0442122	-0.00315554	-0.0154278	-0.0885719	0.384211	0.168385	0.0320562	0.0241941	
0.418715	0.0258397	-0.0828756	-0.0674254	0.306578	-0.0261103	0.123956	0.191247	0.0260088	-0.0883592	0.00126753	-0.0312015	0.00358981	0.012638	-0.0224914	0.00538195	0.363927	0.0526795	-0.0445829	-0.0657628	-0.0897371	0.00179305	0.125986	-0.0720127	-0.00315554	-0.0537599	-0.0914908	0.345187	0.196465	0.0292298	0.0213677	
0.418715	0.0258397	-0.0975533	-0.0674254	0.297924	-0.0433088	0.091613	0.133355	0.056341	-0.0883592	0.0429925	-0.0312015	0.0585907	0.0606941	-0.0224914	0.00538195	0.302136	0.123113	-0.0325209	-0.0657628	-0.0862705	-0.0257162	0.282322	-0.0733803	0.00246047	-0.0526198	-0.0895335	0.174942	0.202001	0.0235052	0.0213677	
0.418715	0.0288393	-0.020162	-0.0674254	0.297924	-0.0433088	0.091613	0.201706	0.056341	-0.0805144	0.0553881	-0.0312015	0.0368159	0.0291177	-0.0224914	0.00538195	0.259983	0.14793	-0.00757181	-0.0700803	-0.0869489	0.00149991	0.403719	-0.069234	-0.00903325	-0.0232976	-0.0895335	0.174942	0.147503	0.0276997	0.032685	0	0	
0.391916	0.0519399	-0.0634831	-0.073701	0.250146	-0.0433088	0.091613	0.242925	0.0285209	-0.0701677	0.0564361	-0.0317662	0.0226238	0.0318552	-0.0278485	0.00538195	0.266259	0.14793	-0.00757181	-0.0616401	-0.0836495	-0.0193069	0.3013	-0.0759664	-0.00127297	-0.0227329	-0.0981432	0.270292	0.169962	0.0119833	0.0316369	0.040967	
0.388111	0.0519399	-0.0281728	-0.0859468	0.242003	-0.0470195	0.091613	0.189051	0.0333444	-0.0857659	0.118224	-0.0327817	-0.0305053	0.0426562	-0.0278485	0.00538195	0.259543	0.14793	0.0503785	-0.0635864	-0.0836495	0.0298802	0.213165	-0.0651358	-0.00127297	-0.0279964	-0.0909456	0.270292	0.169962	0.0119833	0.0299161	
0.377987	0.0519399	-0.0332288	-0.0794904	0.243442	-0.0140673	0.104321	0.156928	0.0492331	-0.0840837	-0.016025	-0.0342199	-0.0142428	0.014876	-0.0185009	0.00538195	0.253087	0.147591	0.0304603	-0.0377038	-0.0889529	-0.0067128	0.123019	-0.0791037	-0.00127297	-0.0265582	-0.0884938	0.379026	0.169962	0.00812155	0.0299161	
0.377987	0.0519399	-0.0301592	-0.0654269	0.265586	-0.0395896	0.10206	0.0801101	0.046894	-0.0912521	-0.0035748	-0.0342199	-0.0399507	-0.00052873	-0.0193254	0.00764222	0.244659	0.0939911	0.0691829	-0.0483957	-0.0809993	-0.0442449	0.0693007	-0.0819893	-0.00127297	-0.0154751	-0.11155	0.217587	0.0864014	0.00586128	0.0276558	
0.388351	0.0519399	-0.0666607	-0.0757545	0.298233	-0.0456997	0.10206	0.0958828	0.046894	-0.0897979	0.0508759	-0.0342199	-0.00532088	0.0200416	-0.0193254	0.00764222	0.273819	0.105797	-0.0542903	-0.0483957	-0.0795361	-0.0737639	0.0411867	-0.0822659	-0.00721528	-0.0301958	-0.113888	0.263664	0.114794	0.00586128	0.0276558	-0.0312944	-0.0225817	
0.391649	0.0519399	-0.0376833	-0.0703778	0.277391	-0.0631398	0.10206	0.0704099	0.0501927	-0.080606	0.0210928	-0.0375186	-0.0194429	0.0431618	-0.0193254	0.00764222	0.293915	0.143329	-0.0542903	-0.0372692	-0.0795361	-0.0969011	0.0551388	-0.0788758	-0.00721528	-0.00452656	-0.11557	0.290863	0.273767	-0.00484797	0.0276558	
0.391649	0.0519399	-0.0523827	-0.0801981	0.289791	-0.0218827	0.0686302	-0.00759938	0.0725968	-0.0832958	0.0488463	-0.0375186	0.0237161	0.0377263	-0.0221882	0.00764222	0.333024	0.121203	-0.0923583	-0.0359601	-0.0936855	-0.110003	0.126621	-0.0768325	-0.00630454	0.0055143	-0.11557	0.287077	0.125877	-0.00284273	0.0276558	
0.404548	0.0303249	-0.0756903	-0.0878376	0.289791	-0.00385273	0.0686302	0.0256603	0.0725968	-0.0842646	0.0892375	-0.0419677	-0.0125233	0.115141	-0.0221882	0.00319309	0.336214	0.108004	-0.0968075	-0.0404092	-0.0837242	-0.120079	0.145606	-0.0842407	-0.0107537	-0.00462181	-0.118717	0.282628	0.159932	-0.000963442	0.0169392	0.00319309	
0.357532	0.0303249	-0.0931979	-0.0928537	0.283222	0.0121205	0.0686302	-0.114606	0.0632922	-0.0842646	0.0892375	-0.0419677	0.00788128	0.0365986	-0.0221882	0.00319309	0.337056	0.108004	-0.0451153	-0.0404092	-0.0887256	-0.119415	0.203574	-0.0863207	-0.0182915	-0.0062929	-0.114581	0.333769	0.159932	-0.000963442	0.0169392	-0.0259806	
0.357532	0.0237447	-0.082208	-0.0928537	0.216028	0.0043669	0.0638032	-0.147069	0.0638639	-0.0842646	0.0849437	-0.0419677	-0.0171158	0.0365986	-0.0221882	0.00319309	0.337056	0.108004	-0.0470451	-0.0484892	-0.08446	-0.119085	0.048374	-0.090401	-0.0182915	-0.00822367	-0.110934	0.225648	0.159932	-0.000963442	0.026387	
0.357532	0.0294012	-0.0514167	-0.0933351	0.307187	-0.0162348	0.068406	-0.0935995	0.0533239	-0.0857387	-0.0170549	-0.0419677	0.00833698	0.0326102	-0.0102523	0.00319309	0.337537	0.0139939	-0.0460831	-0.0466473	-0.0775558	-0.10763	0.121916	-0.090401	-0.011368	-0.00769363	-0.101534	0.237479	0.162401	0.00785698	0.0266335	-0.0297336	
0.453987	0.0294012	-0.0767447	-0.103491	0.260003	-0.0554403	0.068406	-0.0887455	0.0531027	-0.0746692	0.0769879	-0.0419677	-0.0107539	0.0389359	-0.0108833	0.00319309	0.342839	0.0264893	-0.0597012	-0.0486127	-0.0757878	-0.101118	-0.0265719	-0.0879878	-0.011368	-0.0282019	-0.106112	0.237479	0.162401	0.00785698	0.0266335	-0.000715599	
0.476269	0.0294012	-0.0631236	-0.0963311	0.261007	-0.0711541	0.068406	-0.127406	0.0211967	-0.0795506	0.0719432	-0.0429711	-0.045705	0.109055	-0.0144423	0.00319309	0.335679	0.0489789	-0.0613821	-0.0476956	-0.0665699	-0.0806836	0.00681162	-0.0635327	-0.0100113	-0.0349187	-0.0930549	0.335273	0.161352	0.00134747	0.0266335	-0.0645275	
0.474469	0.0464892	-0.0877692	-0.0803645	0.19271	-0.0786951	0.0676498	-0.123141	0.0186545	-0.0645849	0.0486325	-0.0411707	0.0228448	0.0127658	-0.0144423	0.00319309	0.319713	0.0622325	-0.069182	-0.0364938	-0.0778762	-0.0946021	0.0813865	-0.0608135	-0.0100113	-0.0367191	-0.101894	0.516284	0.144563	0.00134747	0.0251758	-0.02457	
0.370039	0.0464892	-0.106723	-0.0853473	0.19271	-0.0786951	0.0611932	-0.255009	0.0397563	-0.0635616	0.0543747	-0.0411707	0.0131782	0.0111987	-0.0334858	0.00319309	0.360953	0.0663883	-0.0828098	-0.0439557	-0.0811521	-0.104644	0.0571886	-0.0659457	-0.0142167	-0.0126557	-0.0977894	0.274227	0.188029	0.00134747	0.0251758	0.0410184	
0.370039	0.0464892	-0.0864818	-0.0995656	0.19271	-0.0687151	0.0611932	-0.240451	0.0446181	-0.0778319	0.0789876	-0.0411707	-0.0382551	-0.0387661	-0.0350636	0.00319309	0.360323	0.0663883	-0.0519673	-0.0566112	-0.0811521	-0.104112	0.310265	-0.0685087	-0.0142167	-0.0313793	-0.0924118	0.242363	0.252245	0.00134747	0.0127666	-0.0436633	-0.0566547	-0.0288792	0.0833144	
0.415185	0.0464892	-0.10175	-0.0975698	0.19271	-0.038798	0.0488952	-0.22241	0.0446181	-0.0814967	0.077484	-0.0411707	-0.00922185	-0.0108524	-0.0350636	0.00319309	0.340286	0.0825891	-0.0777026	-0.0514873	-0.0910637	-0.0863944	0.188707	-0.0685087	-0.0139262	-0.0248393	-0.106523	0.242363	0.138182	0.00641652	0.0127666	0.100491	
0.415185	0.0323487	-0.074541	-0.101986	0.264854	-0.0589949	0.0488952	-0.160048	0.0446181	-0.0812119	0.0235682	-0.0411707	0.0110979	0.0162723	-0.0149038	0.00319309	0.344703	0.0789943	-0.0509236	-0.0514873	-0.0915419	-0.0590207	0.0555816	-0.0609875	-0.0320007	-0.0248393	-0.0956628	0.164579	0.122053	0.00641652	0.0127666	0.14291	0	
0.415185	0.0248568	-0.107623	-0.0973691	0.278834	-0.0589949	0.0488952	-0.11266	0.0244537	-0.0884421	0.109381	-0.0411707	-0.0584403	0.0106436	-0.0232609	0.00319309	0.340086	0.107705	-0.0441541	-0.0534282	-0.093067	-0.0590207	0.14507	-0.0594146	-0.0138768	-0.0450692	-0.099306	0.147025	0.216522	0.00641652	0.0127666	0.127218	0	0	
0.416411	0.0356834	-0.105812	-0.0973691	0.252412	-0.0568534	0.0488952	-0.169844	0.0440328	-0.0884421	0.108963	-0.0423964	-0.0784471	0.0118693	-0.0202597	0.00319309	0.340086	0.052873	-0.0838168	-0.060832	-0.0849752	-0.0670185	0.0474515	-0.0806628	-0.0138768	-0.0182696	-0.103639	0.293252	0.216522	0.00641652	0.0131845	0.127218	0	0.00577287	
0.416411	0.0103771	-0.102345	-0.0926003	0.269644	-0.042409	0.0695663	-0.136351	0.033707	-0.0884421	0.132847	-0.0423964	-0.0400466	0.0528897	-0.0177962	0.000729565	0.310833	-0.0199092	-0.0221683	-0.0590738	-0.0867803	-0.0350456	-0.0111772	-0.0853859	-0.0138768	-0.0182696	-0.110767	0.267515	0.190057	0.00888005	0.015648	0.15723	-0.00674063	
0.414808	0.014125	-0.0917414	-0.0926003	0.268042	-0.0491931	0.0760805	-0.0825613	0.0242955	-0.0782142	0.0826859	-0.0407937	-0.00138761	-0.0162109	-0.0177962	0.000729565	0.34811	-0.0429671	-0.0534547	-0.0590738	-0.0775179	-0.0246288	-0.0666661	-0.0539585	-0.0138768	-0.0127632	-0.117702	0.406653	0.156546	0.00888005	0.015648	0.142855	
0.408439	0.0182661	-0.0742547	-0.103565	0.195561	-0.0770084	0.0760805	-0.145734	0.0159954	-0.0879752	0.118157	-0.0407937	0.0177385	0.0397203	-0.02126	0.000729565	0.362451	-0.00204994	-0.0611994	-0.048057	-0.0750621	-0.0331384	-0.0486614	-0.0770525	-0.0134097	-0.036994	-0.117702	0.406653	0.145965	0.0157412	0.015648	0.123207	0.0309955	0	
0.46293	0.0182661	-0.0797559	-0.105335	0.195561	-0.0791966	0.0683182	-0.105841	0.0268068	-0.078546	0.104931	-0.0407937	-0.0185382	0.0397203	-0.017026	-0.0035044	0.344183	0.0316762	-0.0482231	-0.0653434	-0.0750521	-0.00412991	-0.0631521	-0.0476527	-0.0100199	-0.0438572	-0.113904	0.380868	0.0885704	0.0199751	0.019882	0.125259	
0.473228	0.0144849	-0.0988291	-0.105028	0.293474	-0.0821353	0.0683182	-0.201266	0.0334501	-0.09076	0.00766791	-0.0407937	-0.0185382	0.0397203	0.00740326	-0.0035044	0.330811	-0.0261525	-0.0798818	-0.06544	-0.0817797	0.0499929	-0.0151038	-0.0137092	-0.0100199	-0.0400995	-0.0980651	0.50693	0.173558	0.0199751	0.02687	0.125259	0	
0.473228	0.0110194	-0.0863956	-0.0917995	0.272207	-0.05926	0.107474	-0.0885055	0.030971	-0.0799289	0.108929	-0.0407937	0.0425819	0.023143	-0.00572537	-0.0035044	0.312869	-0.0480456	-0.0798818	-0.0469501	-0.0785834	0.071391	-0.0348139	-0.0137092	-0.0100199	-0.0355278	-0.0940979	0.324401	0.191859	0.0199751	0.02687	0.125259	
0.473228	0.0110194	-0.0741315	-0.101477	0.287681	-0.031669	0.069605	-0.0794637	0.0425419	-0.0879	0.0410671	-0.0407937	0.00503465	0.0477895	-0.00123051	-0.0035044	0.356427	0.0404787	-0.0798818	-0.0505839	-0.080585	0.071391	0.0245908	-0.0188782	0.00512254	-0.0339056	-0.0783722	0.25959	0.129581	0.0354763	0.0274496	0.125259	0.00862694	
0.556735	0.0110194	-0.077723	-0.0889551	0.288948	-0.0505261	0.069605	-0.0884264	0.0467878	-0.0928811	-0.0363659	-0.0407937	-0.0354385	0.0070042	-0.00123051	-0.0035044	0.303732	-0.00817582	-0.0199238	-0.050868	-0.0753904	0.071391	-0.0581964	-0.0161656	0.00512254	-0.0185154	-0.0921748	0.389588	0.178188	0.0110822	0.0217656	0.150752	0	0	
0.535745	0.0322489	-0.058118	-0.102716	0.2053	-0.0704485	0.069605	-0.018171	0.0817131	-0.0902075	-0.0627754	-0.040956	-0.0250548	0.012242	-0.00123051	-0.0035044	0.317493	-0.0527513	-0.0215156	-0.0579714	-0.0747596	0.071391	0.0111797	-0.0161656	0.00512254	-0.0188164	-0.104929	0.550273	0.168647	0.0146129	0.0252764	0.150752	0	
0.535745	0.0324807	-0.085578	-0.0933512	0.295987	-0.0571681	0.0651777	-0.112061	0.0817131	-0.0874765	-0.0902781	-0.040956	-0.054494	0.012242	-0.00613052	0.000922962	0.308128	-0.058125	-0.0393317	-0.0579714	-0.0747596	0.0985409	0.144132	-0.0202907	0.00512254	0.0163839	-0.0881003	0.697435	0.168647	0.0101855	0.0208491	0.147533	-0.00442736	
0.535745	0.0324807	-0.102444	-0.0967691	0.308783	-0.0667928	0.0828704	-0.090823	0.0448272	-0.077955	0.135967	-0.040956	-0.0565787	0.0301151	0.000898361	0.000922962	0.295938	-0.0607868	-0.00132355	-0.0589596	-0.0747596	0.0985409	-0.0077395	-0.0268433	0.00921657	0.00222146	-0.0911975	0.697435	0.185715	0.0101855	0.0208491	0.142094	
0.611744	0.0317449	-0.0904714	-0.104573	0.269867	-0.0686824	0.0838079	-0.0899639	0.0671149	-0.0870481	-0.0205419	-0.040956	0.00816352	-0.0160818	-0.0020608	-1.45675e-05	0.303742	-0.0153186	0.0242585	-0.0498706	-0.0569424	0.086164	0.054365	-0.00616756	0.0163391	0	-0.0964219	0.687856	0.168439	0.0124516	0.0217866	0.142094	0	0.0122109	
0.451835	-0.00204565	-0.103217	-0.09587	0.269867	-0.0633327	0.0664392	-0.0822827	0.0704744	-0.0931918	-0.0401955	-0.040956	-0.0321382	-0.0639797	-0.00829787	-1.45675e-05	0.229453	-0.0176036	0.0242585	-0.0498706	-0.0606562	0.041394	0.102735	-0.0109071	0.0163391	-0.0977609	0.568544	0.168439	0.0124516	0.0203	0.142094	
0.359554	-0.00204565	-0.102706	-0.100971	0.217914	-0.0212194	0.0724688	-0.0822827	0.0894638	-0.0787323	0.0332804	-0.040956	0.0171234	-0.0588263	-0.00829787	-1.45675e-05	0.234554	-0.0478147	0.0242585	-0.0498706	-0.0663067	0.106572	0.232825	0.00401787	0.0156455	0.171988	-0.0785629	0.645689	0.19854	0.0124516	0.0224377	0	
0.359554	0.0101715	-0.114438	-0.106393	0.217914	-0.033663	0.0724688	-0.00727349	0.0894638	-0.0736485	0.0332804	-0.040956	-0.0261664	-0.0590372	0.0108793	-1.45675e-05	0.195372	-0.0110507	-0.0408728	-0.0533283	-0.0614413	0.0495589	0.286905	-0.0179241	0.0156455	0.171988	-0.096908	0.707692	0.19854	0.0124516	0.0224377	-0.00808324	0	
0.359554	0.0101715	-0.115305	-0.096356	0.271676	-0.0276075	0.0657388	0.112787	0.0894638	-0.0799767	0.0332804	-0.040956	0.0526058	-0.067363	-0.0105382	-1.45675e-05	0.137164	0.000896998	-0.0219286	-0.0533283	-0.0641944	0.0638414	0.643094	-0.0364109	0.0156455	0.171988	-0.0865649	0.744347	0.219615	0.0166168	0.0224377	-0.0035689	
0.420396	0.0101715	-0.123014	-0.107401	0.264637	-0.0317857	0.0438257	0.0586278	0.109031	-0.0840115	-0.0245671	-0.038053	-0.0236011	-0.0419278	-0.00645917	-1.45675e-05	0.206057	0.0540065	0.0567834	-0.0533283	-0.0641944	0.0599703	0.710223	0.0187522	0.0156455	0.171988	-0.0865649	0.678989	0.194144	0.0153242	0.0224377	-0.0487818	
0.402681	0.0123396	-0.123251	-0.110207	0.264637	-0.00518225	0.0405712	-0.0356075	0.130147	-0.0940001	-0.00999814	-0.038053	-0.0317242	0.00460617	-0.00971366	0.00323992	0.214802	0.050752	0.043728	-0.0536188	-0.0651504	0.0387783	0.710223	0.0635715	0.0129354	0.200355	-0.0919236	0.679432	0.194144	0.00765784	0.0191832	
0.497564	-0.00164391	-0.121133	-0.10595	0.261742	0.037001	0.0405712	-0.0625801	0.125351	-0.0816506	-0.000396859	-0.0351574	0.00645671	0.053946	0.0125822	0.00323992	0.210544	-0.0121157	0.00354948	-0.0536188	-0.0654011	0.0615692	0.831014	0.0177874	0.0202242	0.200355	-0.0808533	0.679432	0.190332	0.00765784	0.00514365	-0.0105919	
0.470563	0.0278418	-0.120552	-0.104077	0.261742	0.0126391	0.0456683	0.0300956	0.133387	-0.0865149	-0.0414356	-0.0351574	-0.0274367	0.0553865	0.0125822	0.00323992	0.153357	-0.0442904	0.050696	-0.0605482	-0.0654011	-0.02824	0.768129	0.00498539	0.0239282	0.200355	-0.0740303	0.679432	0.252438	0.00765784	0.00514365	0.0122866	
0.553415	0.00456775	-0.121254	-0.0995199	0.239942	0.0153617	0.0456683	0.0748632	0.133387	-0.0924226	-0.0294627	-0.0351574	-0.0041301	0.0752453	0.0125822	0.00323992	0.155877	0.013491	0.0331607	-0.0611328	-0.0654011	-0.0028962	0.59801	0.00498539	0.0239282	0.208124	-0.0780832	0.679432	0.16553	0.0116576	0.00801652	0.0187369	-0.0739382	0	
0.553415	0.0248888	-0.0987937	-0.106257	0.239942	0.0259243	0.049503	0.175021	0.129739	-0.0951684	-0.0511073	-0.0351574	-0.0611377	0.0956967	0.0140229	0.00323992	0.158067	0.00884549	0.0493876	0	-0.0418437	0.59801	0.00498539	0.0239282	0.184622	-0.0487945	0.657331	0.332961	0.0116576	0.00801652	-0.067649	0	
0.553338	0.0228102	-0.10577	-0.106257	0.226908	-0.00109028	0.049503	0.148032	0.0893615	-0.095015	-0.0424261	-0.0350813	-0.0767584	-0.0312784	0.00421271	0.00323992	0.185056	0.00381632	0.056988	-0.0730951	-0.0418437	0.653485	-0.0102682	0.0129538	0.155551	-0.0654448	0.470508	0.227396	0.0116576	0.00801652	-0.0615701	
0.466106	-0.00113359	-0.10822	-0.106257	0.206582	0.0491226	0.049503	0.291256	0.0918731	-0.0894101	0.0322716	-0.0378133	-0.0767584	0.00382406	0.00421271	0.00323992	0.271559	0.0796441	-0.086544	-0.0213187	0.245043	0.0213321	0.0129538	0.155551	-0.0855829	0.53974	0.190685	0.00335145	0.00801652	-0.0615701	0.00381632	-0.00790655	
0.466107	0.0467328	-0.112516	-0.110361	0.206583	0.0211149	0.049503	0.134938	0.0744463	-0.08649	-0.00866582	-0.0378144	-0.0622767	0.115961	-0.0142175	0.00323992	0.20351	0	0.0442376	0	-0.0230152	0.381687	0.0142948	-0.00574226	0.152407	-0.0804935	0.53974	0.190685	0.00335145	0.00801652	-0.0691677	0.010421	0.100299	0	
0.466107	0.0332097	-0.110755	-0.0898262	0.29792	0.0775846	0.0475081	0.0982473	0.0696213	-0.0833834	-0.0260334	-0.0378144	-0.0717446	0.10339	-0.0162125	0.00523487	0.182975	0	0.063866	0	0.0193504	0.160002	-0.0190726	0.00164094	0.0577831	-0.0682549	0.469007	0.262838	0.00135651	0.00602157	-0.0691677	-0.0331279	
0.466107	0.0143939	-0.0987565	-0.0859935	0.278907	0.0299923	0.0756148	0.0599657	0.0622433	-0.0839968	-0.0305284	-0.035235	-0.0397168	0.0219917	-0.0164466	0.00781431	0.172255	0.0664454	-0.014856	0.256356	-0.0193178	0.00331824	0.0111724	0.0952244	-0.0809482	0.714653	0.265418	0.00717481	0.0174017	-0.0577637	0.0135404	
0.466107	0.0143939	-0.0970616	-0.0980744	0.280585	0.0352722	0.0462218	0.14031	0.0622433	-0.0871298	-0.0261551	-0.035235	-0.0739876	-0.013211	-0.0164466	0.00781431	0.184336	-0.0149254	0.0464941	-0.0207737	0.228748	-0.0474711	0.0111724	0.0952244	-0.063951	0.508009	0.228235	0.00717481	0.0174017	-0.0624054	
0.466107	0.0169948	-0.109191	-0.0859487	0.269377	-0.0129862	0.0555086	0.312379	0.0507643	-0.0891552	-0.0161831	-0.0372604	-0.033648	-0.0489705	-0.0164466	0.00578892	0.199062	-0.0171956	0.0822464	-0.0151716	0.200749	-0.0507916	-0.0673839	0.00914702	0.101163	-0.0610716	0.613865	0.309827	0.00358314	0.0174017	
0.466107	0.0169948	-0.111287	-0.0859487	0.312106	-0.0129862	0.0432027	0.279835	0.033948	-0.0891552	-0.019872	-0.0372604	-0.033648	-0.0458214	-0.0164466	0.00578892	0.231606	0.00716028	0.044012	-0.0408329	0.577423	-0.0629475	0.0339497	-0.0673839	-0.0137035	0.0823685	-0.0534202	0.620372	0.230448	0.00358314	0.0174017	
0.432055	0.0414944	-0.111497	-0.088171	0.345147	-0.0129862	0.0432027	0.279835	0.033948	-0.0891552	-0.0395899	-0.0372604	-0.0500608	-0.041541	-0.0164466	0.00578892	0.233829	-0.0407828	0.0174304	-0.0216157	0.563693	-0.0651058	-0.0372604	-0.0673839	-0.0137035	0.0823685	-0.0819339	0.630884	0.188332	0.00358314	0.0185685	0.0513681	0.0339657	0	
0.349339	0.0272277	-0.0864789	-0.088171	0.368513	0.00768342	0.0380512	0.32208	0.0586489	-0.0770733	-0.0344599	-0.0372604	-0.0327322	0.0185386	-0.0164466	0.00578892	0.239712	-0.0145685	0.0202641	-0.0592751	0.563693	-0.0499779	0	-0.0673839	-0.0188558	0.0823685	-0.0819339	0.469512	0.184691	0.00358314	0.0185685	
0.415889	0.0272277	-0.0544876	-0.0990146	0.368513	-0.00309646	0.0380512	0.381106	0.0586489	-0.0770733	-0.0403478	-0.0372604	-0.014595	0.0956565	0.00118613	0.00578892	0.219195	0.0133053	-0.019312	-0.0588265	0.493418	-0.0147612	-0.0357811	-0.06813	-0.0294146	0.118183	-0.0689894	0.740064	0.182496	0.00358314	0.0185685	0	
0.410481	0.0470445	-0.087586	-0.0973667	0.395785	-0.00611839	0.0216709	0.213352	0.0351017	-0.0770733	-0.0192487	-0.0372604	0.00733712	0.0351408	0.00744721	0.00578892	0.23129	0.00422161	-0.0324347	-0.0622213	0.443784	-0.0228171	-0.06813	-0.0295547	0.0808039	-0.0752977	0.621205	0.34398	-0.00124506	0.0334245	0.126276	
0.421797	0.045053	-0.108163	-0.102478	0.34593	0.0119335	0.0486421	0.361859	0.0493273	-0.08326	-0.0574353	-0.0364859	0.015013	0.150141	0.00744721	0.00656335	0.190947	0.0329984	0.00609057	-0.0590777	0.434154	-0.0220427	-0.0864293	0.0387658	-0.0287803	0.117756	-0.0745233	0.355611	0.197742	-0.00124506	0.0334245	0	0.0747255	
0.0761286	0.045053	-0.107022	-0.0935602	0.34593	0.0230965	0.0423292	0.278148	0.0493273	-0.0817762	-0.0211543	-0.0364859	-0.0730482	0.0730001	0.00744721	0.00656335	0.18387	0.0329984	0.00797811	-0.0590777	0.38287	-0.0253894	-0.0287803	0.417225	-0.0738533	0.42258	0.151708	-0.00227356	0.0236486	-0.0880806	0.00626313	
0.0870591	0.045053	-0.102463	-0.0935602	0.30991	0.0230965	0.0507696	0.0853598	0.101384	-0.0864874	0.0138638	-0.0364859	-0.0209399	-0.0050075	0.00764184	0.00636872	0.18387	0.0338894	0.00257813	-0.0696843	0.330716	-0.0413508	0.00721484	-0.010944	0.417225	-0.0594082	0.4417	0.238128	0.0489979	0.0238432	-0.0880806	
0.0705606	0.0312663	-0.120619	-0.101585	0.266512	0.0266884	0.0507696	0.066695	0.0690549	-0.0630316	0.0158121	-0.0364859	0.00847635	0.0474062	-0.00164977	0.00636872	0.210559	0.0238432	-0.00915218	-0.0551811	0.439858	-0.0497359	0.00721484	0.238128	-0.010944	0.483442	-0.0600055	0.470371	-0.0821589	-0.0112122	
0.0705606	0.0312663	-0.116201	-0.106811	0.318235	0.0266884	0.0426818	0.105976	0.0525902	-0.0505606	-0.01111	-0.0364859	0.00847635	0.117859	-0.00164977	0.00636872	0.215785	0.0238432	-0.00154664	-0.0551811	0.878399	-0.0461618	0.00721484	0.0538915	-0.0132559	0.471341	-0.0559308	0.458293	0.26567	-0.0821589	-0.0139348	
0.101315	0.0126221	-0.114413	-0.106811	0.319577	0.0266884	0.0426818	0.120717	0.0347769	-0.0505606	-0.00294897	-0.0364859	0.054584	0.0530962	0.017998	0.00636872	0.215785	0.0238432	0.000616933	-0.072977	0.536588	-0.0490338	0.00721484	0.0404468	-0.0206094	0.491075	-0.0474259	0.476216	0.263511	-0.0961222	
0.101277	0.0441019	-0.118606	-0.101083	0.3169	-0.0299616	0.0462078	0.214199	0.0583352	-0.0505982	0.0148491	-0.0338461	-0.0085098	0.0396816	0.0215241	0.002805	0.179068	0.0273693	-0.0168621	-0.0468212	0.411584	-0.0490714	0.0141306	0.0327061	-0.0206121	0.488397	-0.0458787	0.366115	0.147498	-0.087543	-3.76416e-05	
0.0796887	0.0202426	-0.12052	-0.109591	0.238892	-0.0339389	0.0796454	0.0418435	0.0603944	-0.0505982	-0.0140381	-0.0338461	-0.0149396	0.0599672	0.00692904	0.002805	0.170425	0.0106938	0.0120514	-0.0875444	0.211865	-0.0434991	0.0141306	0.0327061	-0.03191	0.443727	-0.0484864	0.743645	0.170818	-0.087543	
0.0952576	0.0202426	-0.119604	-0.109591	0.238382	0.000939315	0.0855301	0.118958	0.0637953	-0.0720619	-0.0103129	-0.0338461	0.0269985	-0.0308552	0.0243302	-0.00307978	0.158729	0.014105	0.073632	-0.083878	0.148527	-0.0699276	0.0200154	0.0794828	-0.03191	0.440058	-0.0540095	0.506301	0.136417	-0.0867238	0	
0.0764595	0.0246652	-0.120267	-0.105883	0.238382	0.0191051	0.0855301	0.0744364	0.0796833	-0.0691571	-0.0160965	-0.0338461	-0.021204	0.000743282	0.0369353	-0.00307978	0.199543	0.0294926	0.073632	-0.0678065	0.302229	-0.0372612	0.0122932	0.100069	-0.0196914	0.402129	-0.0540095	0.599911	0.146301	-0.092141	0.140419	0.0923807	
0.0764595	0.0466282	-0.120267	-0.111888	0.232897	0.0609007	0.086956	0.00127194	0.0733578	-0.0713736	0.0495965	-0.0338461	-0.0332297	0.0775641	0.0383612	-0.00450568	0.199417	0.0204888	0.0604163	-0.0678065	0.551257	0.00147717	0.0273447	0.0235011	-0.0196914	0.377347	-0.0540095	0.443166	0.132594	-0.0853441	
0.0809103	0.0624603	-0.117432	-0.112074	0.331188	0.0609007	0.105403	0.080124	0.0733578	-0.0609772	0.0335762	-0.0338461	-0.0293061	0.135362	0.0361115	-0.00450568	0.199603	0.0204888	0.0753195	-0.0751359	0.470983	0.00147717	0.0320444	0.0235011	-0.0196914	0.377347	-0.0540095	0.613569	0.096652	-0.0853441	-0.0457416	
0.0809103	0.0233911	-0.106937	-0.102465	0.283041	0.0701336	0.135272	-0.0328811	0.0825557	-0.0884999	0.0927411	-0.0338461	-0.0500226	0.155543	0.0361115	-0.00450568	0.214832	0.0204888	0.0753195	-0.0876395	0.632089	0.00147717	0.0320444	0.0659791	-0.0196914	0.389842	-0.0684393	0.525552	0.134437	-0.0729043	0.010321	
0.0996067	0.0116232	-0.102916	-0.0977553	0.16614	0.0783048	0.163805	0.0874534	0.0825557	-0.0746169	0.0548289	-0.0338461	-0.0623986	0.119975	0.0361115	-0.00450568	0.210123	0.0296874	0.0753195	-0.0814631	0.632089	0.00147717	0.0320444	0.00405117	-0.00869568	0.389842	-0.0723314	0.600221	0.137683	-0.081233	
0.0857118	0.0116232	-0.0869772	-0.0793631	0.246843	0.0393127	0.166471	0.100364	0.0500252	-0.0681737	0.0291367	-0.0338461	0.00416911	0.0727922	0.0387778	-0.00717197	0.115846	0.0321317	0.0753195	-0.0715156	0.789836	0.00192627	0.0347106	0.0127812	-0.00869568	0.41896	-0.0845809	0.600221	0.137683	-0.0857547	
0.0857118	0.0116232	-0.0823374	-0.0673537	0.246843	0.0264462	0.169186	0.0677776	0.0671195	-0.0819224	0.0583162	-0.0338461	-0.0323362	0.158022	0.0385322	-0.00717197	0.115233	0.0531794	0.118302	-0.0195865	1.48172	-0.0281527	0.0347106	-0.00698734	-0.00803438	0.419628	-0.0910616	0.585706	0.311101	-0.0770732	-0.0389809	
0.0616122	0.0116232	-0.0728768	-0.0685802	0.252999	0.0264462	0.169186	0.0894528	0.0876887	-0.08498	0.0583162	-0.0338461	-0.0323362	0.103721	0.0385322	-0.00717197	0.146496	0.0284428	0.118302	-0.0195865	1.3647	-0.0339312	0.0318718	0.0683304	-0.00803438	0.372224	-0.0939129	0.585706	0.140076	-0.0718147	
0.0799466	0.00865864	-0.0799262	-0.0678291	0.222816	0.014968	0.172788	-0.0214348	0.044362	-0.0842289	0.049204	-0.0313699	-0.0297475	0.0757967	0.0421341	-0.0100227	0.155857	0.0320446	0.119053	-0.00677387	1.09958	-0.0279647	0.0354736	0.00213977	-0.00728326	0.396977	-0.0763657	0.446238	0.198338	-0.075867	
0.113055	0.00865864	-0.0917749	-0.0652905	0.198272	-0.00582885	0.172307	0.103936	0.0226033	-0.0932712	0.0994687	-0.0313699	0.0221326	0.0802742	0.02751	-0.00954217	0.128948	0.0315641	0.119053	0.00222271	1.35126	-0.025971	0.0349931	0.0248595	-0.00728326	0.424261	-0.076941	0.401754	0.198338	-0.075867	
0.0931179	0.0111591	-0.0726208	-0.0581464	0.253675	-0.0275005	0.160777	0.0320539	0.0419365	-0.0823771	0.130555	-0.0323946	0.00681403	0.107757	0.0186264	-0.00954217	0.137352	0.0372446	0.148403	-0.0255828	0.839663	-0.0675003	0.0163926	0.0246695	-0.00728326	0.425286	-0.0457107	0.22992	0.179143	-0.0829839	0	
0.113515	0.0111591	-0.0571001	-0.0581464	0.253675	-0.0130796	0.160777	0.158083	0.0441534	-0.0900654	0.201089	-0.0323946	0.0455208	0.191492	0.0355077	-0.00954217	0.157585	0.035568	0.156424	-0.00414995	1.10922	-0.0717221	0.0163926	0.0393027	-0.00728326	0.409784	-0.0457107	0.347912	0.181529	-0.0829839	
0.0959036	0.0111591	-0.0140367	-0.0696808	0.253259	-0.0292645	0.159836	-0.00579539	0.0112693	-0.09064	0.181562	-0.0319788	0.0237085	0.115433	0.0405624	-0.00860131	0.168499	0.0346271	0.156424	0.0536913	1.00851	-0.0565286	0.0275907	0.028762	-0.0213365	0.389504	-0.0457107	0.140135	0.184223	-0.0788416	
0.108222	0.013078	-0.0140367	-0.079167	0.318025	-0.0230601	0.167294	0.0288081	0.0445057	-0.0792593	0.181562	-0.0319788	-0.0119121	0.170817	0.0394232	-0.00746215	0.177985	0.0310256	0.156424	0.0113531	1.00851	-0.017597	0.0206423	0.0276074	-0.0213365	0.363712	-0.0716538	0.221272	0.248014	-0.0838574	
0.108035	0.0222925	-0.0133305	-0.0811742	0.318025	-0.0440794	0.167294	0.148235	0.0445057	-0.0849585	0.181562	-0.0321657	0.00773848	0.105229	0.0295963	-0.00764905	0.200568	0.0240011	0.156237	0.0196328	0.750485	-0.0356008	0.0275794	0.0647867	-0.0247999	0.436156	-0.0684685	0.305077	0.247827	-0.0829395	-0.0183933	0	
0.0942472	0.0402023	0.0177747	-0.0800431	0.175502	-0.0516929	0.168216	0.160001	0.0555813	-0.0787184	0.127261	-0.0310346	0.0597875	0.0771445	0.00678779	-0.00743977	0.188803	0.0249229	0.113629	0.00859401	0.583278	-0.0155991	0.0338512	0.000261472	-0.0236689	0.436156	-0.0673375	0.435304	0.231157	-0.0784641	-0.0463148	
0.111683	0.0402023	-0.01006	-0.0827955	0.274211	0.0230489	0.168216	-0.0143347	0.0470443	-0.0722918	0.143489	-0.0310346	0.0597875	0.0771445	0.0146228	-0.00743977	0.224788	0.0429949	0.108481	-0.00332148	0.583278	0.0103754	0.0338512	-0.0157837	-0.0224193	0.405012	-0.0674334	0.539979	0.212999	-0.0784641	
0.130856	0.0402023	-0.0410363	-0.0846024	0.208628	-0.00337458	0.191127	-0.0143347	0.0439141	-0.0776832	0.0612124	-0.0310346	0.0597875	0.15956	0.0146228	-0.00743977	0.226595	0.0429949	0.128519	-0.0452918	0.315186	-0.00646169	0.0267925	-0.0222296	-0.0224193	0.405012	-0.0643021	0.495349	0.168358	-0.0801225	
0.0716442	0.0533741	-0.0410363	-0.0821095	0.228625	0.0239306	0.21114	-0.0879569	0.0563154	-0.0765308	0.0307672	-0.0310346	0.101841	0.178654	0.038569	-0.00743977	0.243561	0.0429949	0.0927399	0.014054	0.134454	-0.0214511	0.0267925	0.0135298	-0.0276029	0.383939	-0.0564259	0.568046	0.104959	-0.0823305	-0.00147503	
0.100919	0.0522727	-0.0203943	-0.0887916	0.228625	-0.00529449	0.21114	-0.0139036	0.0563154	-0.0767456	0.00388112	-0.032136	0.124497	0.167846	0.0199547	-0.0085412	0.23508	0.0429949	0.0528507	-0.0309694	0.253639	-0.0500331	0.0311226	0.133032	-0.0154947	0.384185	-0.0657557	0.494473	0.120376	-0.083432	-0.0605834	-0.0466401	-0.0213975	
0.100919	0.0289161	0.0317162	-0.0920416	0.227905	-0.0452137	0.21114	-0.0412155	0.0431859	-0.075949	-0.0238379	-0.0314161	0.0642737	0.27712	0.00704648	-0.0085412	0.23833	0.0429949	0.0486024	-0.00424817	0.319349	-0.0465645	0.034073	0.121344	-0.0154947	0.318396	-0.0780964	0.494473	0.240231	-0.0873677	
0.100919	0.0289161	0.0313399	-0.0920416	0.242704	-0.0368455	0.210336	-0.038666	0.0431859	-0.0834423	-0.0388221	-0.0314161	0.149574	0.27712	0.008457	-0.0085412	0.23578	0.0429949	0.0486024	-0.0483839	0.335252	-0.0212734	0.034073	0.115905	-0.0154947	0.418314	-0.0732581	0.585726	0.240231	-0.097921	
0.100919	0.0289161	0.0333214	-0.0920416	0.185275	-0.0368455	0.210336	-0.0215298	0.0431859	-0.0746842	-0.0344565	-0.0314161	0.141939	0.0988336	0.0152613	-0.0085412	0.23578	0.0470719	0.0292949	-0.0357059	0.149131	-0.0212734	0.034073	0.0901982	-0.0118023	0.296466	-0.0732581	0.559761	0.224146	-0.0912946	0.0109237	0.111559	
0.0974072	0.0157006	0.0271006	-0.0872714	0.286705	-0.0530466	0.210336	-0.0215298	0.0437038	-0.0861787	-0.028072	-0.0319339	0.141939	0.1321	0.0152613	-0.0085412	0.23101	0.0470719	0.068132	-0.0528442	0.332189	-0.0212734	0.034073	0.110927	-0.0118023	0.346256	-0.0732581	0.544802	0.224146	-0.0742315	0	0.0810129	
0.0607112	0.0157006	0.0303735	-0.0865209	0.236211	-0.049454	0.210336	-0.0321828	0.0185689	-0.0779555	-0.0150052	-0.0319339	0.125464	0.191974	0.043589	-0.0085412	0.213555	0.0443904	0.068132	-0.0882639	0.192109	-0.0307361	0.034073	0.120542	-0.0118023	0.401425	-0.0722066	0.531377	0.224146	-0.077217	
0.143339	0.0157006	0.0759705	-0.0729776	0.214992	-0.0420215	0.20853	-0.0446061	0.0691837	-0.0908804	-0.00222996	-0.0319339	0.125464	0.167112	0.0136154	-0.00673503	0.200012	0.0197014	0.0914807	-0.0844745	0.457412	-0.0307361	0.0322669	0.118736	-0.0224581	0.363263	-0.0517422	0.409519	0.353699	-0.077217	
0.143339	0.0383254	0.0540852	-0.0708903	0.271181	-0.0420215	0.26224	-0.0336558	0.0665837	-0.0871007	-0.00744196	-0.0319339	0.125464	0.167112	0.0265613	-0.00673503	0.13581	0.0197014	0.0914807	-0.051544	0.96179	-0.0307361	0.0227602	0.16366	-0.0255378	0.405011	-0.0621131	0.33867	0.369264	-0.0824949	
0.134813	0.0185441	0.0676018	-0.0740716	0.212544	-0.0302673	0.211489	0.053596	0.0348162	-0.0727609	0.0052102	-0.0319339	0.125464	0.106642	0.0258059	-0.00673503	0.166277	0.0197014	0.108514	-0.0703556	0.590166	-0.0106824	0.0227602	0.16366	-0.0102486	0.405011	-0.064364	0.448764	0.37127	-0.0787812	0	
0.109763	0.0185441	0.0676018	-0.0710079	0.212544	-0.0302673	0.233379	0.013079	0.0839827	-0.0782136	0.0143261	-0.0319339	0.074724	0.0588452	0.0258059	-0.00673503	0.163213	0.0245754	0.0207899	-0.0340414	0.30312	-0.0230912	0.0227602	0.113735	-0.0218197	0.40703	-0.0727808	0.603452	0.308116	-0.0787812	0.150841	
0.136827	0.001301	0.0313367	-0.0858175	0.282167	-0.00612436	0.221137	-0.0278277	0.0659464	-0.0729808	-0.00997703	-0.0319339	0.074724	0.0528952	0.0100062	-0.00322986	0.178023	0.0210703	0.0344529	0.00476389	0.637497	-0.0244613	0.00432485	0.11023	-0.00711627	0.268898	-0.076308	0.603452	0.308116	-0.0708391	0	
0.138032	0.001301	-0.0223181	-0.0847407	0.351946	-0.00612436	0.221137	0.0197422	0.0545252	-0.0769711	0.00968793	-0.0319339	0.0360019	0.0920297	-0.00191599	-0.00322986	0.176946	0.0210703	0.0189444	0.0331495	0.637497	-0.0244613	0.00432485	0.11023	-0.00711627	0.311508	-0.0871261	0.603452	0.308116	-0.0627883	
0.138032	0.0214547	-0.0275956	-0.0813974	0.203039	-0.0267027	0.209475	0.117962	0.0545252	-0.0836817	0.00703504	-0.0319339	0.0102939	0.0421681	0.00472354	-0.00322986	0.151559	0.0210703	-0.0455762	0.0512357	0.637497	0.00306791	0.013654	0.0971041	0.012211	0.362747	-0.0989481	0.603452	0.325555	-0.0745325	0	-0.00273507	
0.118363	0.0214547	-0.0457189	-0.0813974	0.21334	-0.00948467	0.209475	0.108555	0.0198235	-0.0822821	0.00913053	-0.0319339	0.0614905	0.0653607	0.0219732	-0.00322986	0.160966	0.0210703	-0.0559999	0.0512357	0.619355	0.00306791	0.00638959	0.0971041	0.012211	0.362747	-0.105167	0.72809	0.325555	-0.0635709	0.0515052	-0.0326823	
0.118363	0.0214547	-0.0662558	-0.0777237	0.192131	-0.00948467	0.1908	-0.0360104	0.0458497	-0.0909401	-0.00843116	-0.0319339	0.0614905	0.0653607	0.00996987	-0.00322986	0.157292	0.0210703	-0.0572323	0.0512357	0.533783	0.00306791	0.0163259	0.113482	0.00838398	0.42042	-0.0934864	0.72809	0.31796	-0.0635709	0.0111086	0.0239724	
0.118363	0.0337443	-0.0662558	-0.0754096	0.193544	-0.0217713	0.19415	-0.0282306	0.0455294	-0.0890836	0.00648314	-0.0316135	0.0684938	0.0551433	0.00924197	-0.00658011	0.143527	0.0244205	-0.0394705	0.0327963	0.534084	0.00306791	0.0196762	0.113439	-0.0120992	0.312646	-0.0974583	0.780618	0.31796	-0.0771492	
0.117289	0.0358198	-0.113579	-0.0646366	0.310534	-0.0342902	0.19415	-0.0431769	0.038829	-0.0862736	0.0172153	-0.0326878	0.0653588	0.0551433	0.00924197	-0.00765439	0.13168	0.0244205	-0.0470962	0.045142	0.174281	-0.00732106	0.0196762	0.148899	-0.0131735	0.332562	-0.0702614	0.779544	0.150266	-0.0782235	
