0.143373	0.0229467	0.00708	-0.0167565	0.288577	0.220394	0.349043	0.0124862	0.0117972	0	0.00845469	0	0	0	0	0	0	0	0	0	0	0	0	0	0	0	0	0	0	0	0	0	0	0	0	0	0	0	0	0	0	0	0	0	0	0	0	0	0	0	0	0	0	0	0	0	0	0	0	0	0	0	0	0	0	0	0	0	0	0	0	0	0	0	0	0	0	0	0	0	
0.108776	0.019071	0.00708	-0.0167565	0.25245	0.208627	0.349043	0.0124862	0.00187505	0.0358251	0.141306	0.0583991	0	0	-0.0616767	-0.0102089	0	0.0462546	-0.0471595	0.122387	0.0295893	-0.0113961	0.0390368	0	-0.0282477	0.0755595	-0.00752718	0.0771351	0.0213732	0.143674	-0.0127672	0	-0.0552189	-0.0283812	0	-0.0217905	0.0328539	-0.0325475	0.0361183	0.0365746	0	0.0881891	
0.119352	0.0436551	0.0029346	-0.0169886	0.229759	0.237106	0.349043	0.0127182	0.0755595	0.036259	-0.000232094	-0.0273904	0.0286583	0.0810484	-0.00397488	0.00328316	-0.00947628	-0.00270013	0.0349759	0.00774423	-0.0287723	0.0178383	0.148674	0.0218526	-0.00390669	
0.112728	0.0436551	0.0029346	-0.0169886	0.23291	0.240171	0.349043	0.013875	0.0419258	0.262545	0	-0.0382543	-0.00270013	-0.000232094	-0.063202	0.0275847	0.0354868	-0.00947628	0.00328316	0.00399688	0.0810484	0.0495669	0.153638	-0.00433766	0.108065	
0.0788928	0.0436551	0.0029346	-0.0169886	0.244755	0.240171	0.32265	0.0146911	0.203178	0.758877	0.0374968	-0.00270013	-0.000232094	-0.033481	0.0354868	-0.031884	-0.0407923	0.125382	0.0411055	0.103685	0.152731	0.0438083	-0.0201186	0.101491	
0.0689196	0.031969	0.00270155	-0.0172216	0.230325	0.276058	0.32265	-0.00491905	0.114201	0.639652	0.0354868	0.0501581	0.00284086	0.00645098	0.00554887	0.142842	0.0411055	0.0187485	0.0693027	0.0799806	0.143228	-0.0185404	0.259459	
0.105417	0.032534	0.00270155	-0.0172216	0.230325	0.276058	0.414501	-0.00766227	0.0720991	0.477983	0.0354868	0.00548596	0.0158026	0	-0.029837	0.14051	0.0657927	0.0256292	0.050482	0.130512	0.559301	-0.0185404	0.0265094	0.483664	
0.131876	0.032534	0.00270155	-0.0193329	0.259927	0.278169	0.389946	-0.00407139	0.0136921	0.841495	0.0375981	0.102385	-0.00508673	0.416266	-0.0298579	0.120479	-0.01955	0.217844	0.0578235	0.0188713	0.0803489	0.150383	0.274778	-0.0246947	0	
0.116178	0.0331418	0.00209375	-0.0210861	0.286068	0.261993	0.383907	-0.00407139	0.0352327	0.912931	0.0410439	0.04597	-0.00104652	0.359905	-0.0447501	0.100482	0.169757	-0.00778983	0	0.187788	0.0543323	0.018484	0.0628195	0.504088	
0.156209	0.0338999	0.00133565	-0.0210861	0.211158	0.261993	0.413078	-0.00761661	-0.00291469	0.799996	0.0560154	0.0731125	-0.00445118	0.300828	-0.0301081	0.133397	0.145269	0.022424	0.421133	0.0216592	0.0177019	0.0490298	0.202289	
0.134953	0.0346144	0.00133565	-0.0210861	0.246163	0.271187	0.481717	-0.00761661	0.0519158	0.632641	0.0572381	0.0401699	-0.00445118	0.920619	-0.0209409	0.182062	0.304566	0.0256141	0.27161	0.0490298	-0.00133565	0.189933	0	0.0507622	0.00672412	
0.134953	0.0346144	0.00798921	-0.0144325	0.246163	0.257313	0.481717	-0.000963052	0.143857	0.0572381	0.0195521	-0.0182783	0.587894	0.0564484	0.136587	0.330481	0.0015134	0.174632	0.139237	0.137676	0.597025	0.0723138	-0.0098356	
0.149783	0.0346144	0.00798921	-0.0144325	0.134507	0.257313	0.412049	-0.00246742	0.146138	0.0572381	0.0394417	-0.0101142	0.587894	0.0126349	0.12203	0.36726	0.0223893	0.140464	0.119702	0.152211	0.986125	-0.0098356	0.0650501	0	
0.139497	0.0330612	0.00435579	-0.0196192	0.132706	0.249697	0.397713	-0.0207258	0.175461	0.0572381	0.0175633	-0.0130319	0.271003	0.0119329	0.132811	0.365707	0.0172026	-0.0219981	0.0190327	0.144876	1.11978	-0.00464891	0.0700987	
0.0737319	0.0399691	-0.00351402	-0.0196192	0.250422	0.263525	0.397956	-0.0181566	0.123577	0.0567368	0.0987772	-0.00321299	0.381331	0.187222	0.402621	0.0205954	0.045005	0.014251	0.16107	0.779091	-0.00464891	0.0700987	
0.158022	0.0422871	-0.00583204	-0.0196192	0.245701	0.256509	0.318952	-0.00823284	0.0374171	0.0722793	0.00560319	0.0079366	0.265153	0.202011	0.0908741	0.0614577	0.404939	0.0474668	0.00786919	0.0169639	0.307302	0.568373	-0.00464891	
0.158022	0.0508671	-0.00583204	-0.0079366	0.134887	0.256509	0.326772	-0.0103208	0.0606619	0.00823746	0.0079366	0.249405	0.170478	0.106907	0.365434	0.0336445	0.0614577	0.0259569	0.362031	0.985459	-0.00464891	-0.0196192	
0.156512	0.0493575	-0.00432241	-0.00464891	0.25146	0.293277	-0.0164169	0.0246348	-0.0505244	-0.00418961	0.281285	0.264279	0.106907	0.280804	-0.0196192	0.194989	0.00523284	0.0614577	-0.00823975	0.200274	1.16707	
0.111147	0.0542787	-0.00432241	0.0105547	-0.00464891	0.25146	0.293277	-0.00701453	0.0781847	0.0222245	-0.00523634	0.425826	0.215203	0.103017	0.209535	-0.0196192	0.223479	0.0580289	-0.000217664	-0.00174647	0.332018	1.05628	0	0	
0.192955	0.0552048	-0.00524851	-0.0086051	-0.0001205	0.231895	0.376716	-0.0106441	0.0580453	0.0921366	-0.00523634	0.170426	0.315221	0.114736	0.159327	-0.0196192	0.211165	0.00751939	0.318339	1.08113	0.0503039	0.0483529	
0.192955	0.0205418	-0.00524851	-0.0418946	-0.0001205	0.231895	0.403363	-0.0106441	0.148122	0.108203	0.0028456	0.356161	0.159784	0.124089	0.165401	-0.0196192	0.0874135	-0.0558598	0.211156	0.252619	0.982104	0.0503134	
0.217798	0.0203966	-9.05057e-05	-0.0629992	0.00152135	0.223948	0.403363	-0.00563133	0.0688755	0.11179	0.0028456	0.0503134	0.190893	0.123069	0.191759	-0.0146064	0.0874135	0.00702953	0.20152	0.252474	0.981958	
0.204973	0.0158516	-9.05057e-05	-0.0602646	0.00152135	0.224969	0.39366	-0.00563133	0.0856235	0.0117711	0.00386665	0.0513344	0.295432	0.12409	0.197114	-0.0156275	0.0919585	0.0660237	0.152263	0.252474	1.49562	
0.228268	0.0214215	0.00304373	-0.0258468	-0.00161288	0.224969	0.451859	-0.0024971	0.0485995	-0.0175447	0.0138164	0.0513344	0.209607	0.121551	0.203663	-0.0124933	0.0863885	0.0927009	0.18385	0.252474	1.41399	0.000834887	
0.260399	0.0214215	0.00304373	0.0342645	-0.00161288	0.224969	0.451859	-0.0144291	0.0829545	0.00646177	-0.0138513	0.0513344	0.268898	0.0975198	0.301002	-0.0124933	0.0906279	0.0270742	0.18385	0.324168	1.41174	0	
0.234945	0.0257535	0.00370069	0.0349215	-0.00243011	0.259149	0.410614	-0.0093051	0.166811	0.0130036	-0.00629772	0.0513344	0.371527	0.0841957	0.301002	-0.0118363	0.0862959	0.0267744	0.322855	0.315822	1.39528	-0.157664	-0.0220966	
0.234945	0.0257535	0.00370069	-0.0563816	-0.00243011	0.249439	0.410614	-0.0093051	0.10623	-0.0481348	0.00582307	0.0513344	0.251127	0.103563	0.17187	-0.0118363	0.0862959	0.0634924	0.258456	0.311001	0.99394	0	-0.0308952	
0.238804	0.0296124	-0.000158208	-0.024637	0.00421	0.203228	0.387165	-0.0219306	0.213306	-0.0465108	-0.00365025	0.054276	0.194982	0.102235	0.299731	-0.0105076	0.0962545	0.0387022	0.22364	0.31486	0.819743	0	
0.184197	0.0296124	-0.0018061	-0.0547905	0.0118067	0.203228	0.450757	-0.0263747	0.148622	-0.0536694	-0.0062353	0.0469661	0.170731	0.090079	0.299731	-0.0121555	0.0962545	0.0553632	0.228257	0.31486	0.719508	0.0276021	0	0.109493	
0.182381	0.0232451	0.00456122	-0.0323445	0.0118067	0.203577	0.421231	-0.0263747	0.100152	-0.055052	0.00824529	0.0544699	0.210706	0.0924814	0.293364	-0.0125045	0.0962545	0.0966234	0.225301	0.271882	0.92175	0.0249874	-0.0317441	-0.038969	
0.155953	0.0218593	0.00522127	-0.0150722	0.0111466	0.253197	0.35079	-0.0263765	0.0679891	-0.0412702	0.00340879	0.0648855	0.136694	0.12446	0.293364	-0.0118445	0.081251	0.0972835	0.214885	0.184079	1.33911	-0.00150781	-0.0256492	0.0427557	
0.12411	0.0218593	0.00522127	-0.0231247	0.0111466	0.253197	0.427973	-0.033828	0.236372	-0.0198972	0.0207584	0.0648855	0.0289618	0.155285	0.293364	-0.0118445	0.0877745	0.104987	0.218959	0.188245	1.33911	-0.00150781	-0.0226529	
0.0963912	0.0218593	0.0029585	-0.0195134	0.0134094	0.253197	0.281324	0.184989	0.0464614	0.0169019	0.0110124	0.0586029	-0.0175321	0.298736	-0.0141072	0.0877745	0.128702	0.211564	0.202429	0.966755	0.0101709	-0.0249156	0.00370801	
0.168002	0.0269737	0.00420275	-0.0608885	0.0236564	0.253197	0.39228	0.176148	0.307425	0.0592062	0.0110124	0.0752085	-0.0116643	0.0111625	0.297492	-0.0141072	0.0780315	0.0951881	0.141903	0.219365	0.899674	0.0101709	-0.0352048	-0.026898	
0.213197	0.00272052	0.00420275	-0.0444641	0.0121662	0.250341	0.368853	0.237341	0.278765	0.0845498	0.0261121	0.0765938	0.0895256	-0.0116156	0.297492	-0.0154925	0.1005	0.0449323	0.232784	0.278762	0.688556	0.0192169	-0.0352048	
0.229375	0.0240224	0.00420275	-0.0343698	0.0121662	0.249441	0.448231	0.270385	0.100333	0.183109	0.013456	0.0765938	0.0841611	0.0317156	0.274413	-0.0154925	0.0656687	0.0365507	0.232784	0.203538	0.828174	0.0228475	-0.0362198	-0.00142734	
0.205348	0.00562904	0.00618217	0.0399936	0.0101867	0.22584	0.451565	0.250789	0.203602	0.126543	0.013456	0.0765938	-0.0123992	0.0637981	0.270003	-0.0135131	0.0980716	0.0642366	0.1563	0.185518	0.596004	0.0184745	-0.0391783	0.00332635	
0.206679	0.00562904	0.00618217	0.0399936	0.00560767	0.23784	0.460543	0.250789	0.607617	0.176099	0.000334456	0.0765938	0.0262689	0.127317	0.270003	-0.0135131	0.0928035	0.060664	0.112991	0.185518	0.372147	0.0137135	-0.0293346	-0.0259648	
0.190461	0.028625	0.00618217	0.0075275	0.0104448	0.256724	0.523728	0.258493	0.459438	0.080892	0.000334456	0.0758528	-0.0284077	0.0908304	0.309166	-0.0135131	0.0698075	0.0754412	0.178948	0.250349	0.479257	0.0137135	-0.0293346	
0.17388	0.0180963	0.00689267	-0.0150795	0.00973428	0.230364	0.528141	0.273303	0.258646	0.105486	0.000334456	0.0758528	-0.0321994	0.0908304	0.262396	-0.0128026	0.119418	0.0311343	0.173312	0.250349	0.815778	0.0115199	-0.0241521	
0.193611	0.0169815	0.00800752	0.0190889	0.00973428	0.254168	0.528141	0.273804	0.430663	0.0100987	0.000334456	0.0759751	-0.025659	0.0908304	0.273664	-0.0128026	0.115726	0.0406375	0.288031	0.249234	0.814663	0.0115199	-0.0339777	
0.174548	0.0171307	0.00785824	0.0519339	0.0073245	0.217631	0.417437	0.273804	0.643059	0.0673224	-0.00497422	0.0759751	-0.00852037	0.158252	0.221691	-0.0128026	0.0904266	-0.014926	0.230567	0.223053	0.873346	0.0115199	-0.0339777	
0.218912	0.0192096	0.00533602	0.00602768	0.0100919	0.233537	0.388486	0.288255	0.643872	0.0030262	-0.0087925	0.0831279	0.0340948	0.13398	0.202625	-0.0132459	0.106466	-0.00586973	0.223414	0.227149	0.527384	0.0271763	-0.0352335	-0.00816352	
0.252236	0.0163984	0.00533602	0.00418662	0.0100919	0.234133	0.440033	0.289752	0.50176	0.0174673	-0.00829778	0.0837238	-0.0288199	0.141845	0.304198	-0.0138418	0.0920165	-0.0290038	0.285981	0.227149	0.743804	0.0446948	-0.0352335	
0.295	0.0163984	0.00533602	0.0268252	0.00197612	0.2336	0.4395	0.289752	0.325719	0.0692402	0.0185786	0.078006	0.00316713	0.234498	0.230058	-0.0133096	0.118523	-0.014425	0.270811	0.19527	0.963935	0.0403932	-0.0352335	0	
0.295	0.0163984	0.00533602	-0.00449734	0.00928825	0.229257	0.46769	0.289752	0.199653	0.035912	0.00665475	0.0830006	-0.0513898	0.234498	0.265123	-0.0133096	0.111877	0.0095955	0.242169	0.204087	0.862244	0.0483705	-0.0352335	
0.205037	0.0167046	0.00502988	-0.00160285	0.00928825	0.229257	0.46769	0.289752	0.294635	-0.0158422	-0.00153175	0.0857279	-0.0161352	0.21722	0.186821	-0.0133096	0.0939888	-0.00334155	0.212557	0.204393	1.09926	0.0442421	-0.0457694	
0.211104	0.0138476	0.00922364	-0.0467032	0.00973683	0.233892	0.469459	0.289304	0.383441	-0.00757168	-0.00218818	0.0857279	-0.0345883	0.143258	0.250474	-0.0137581	0.0822754	-0.00386607	0.215002	0.176426	0.652884	0.0437935	-0.046218	-0.00335179	
0.211104	0.0138476	0.00922364	-0.0194959	0.00973683	0.234928	0.454696	0.286871	0.344132	-0.0261207	-0.00115179	0.077555	-0.0436955	0.216618	0.231915	-0.0147945	0.0822754	0.0149061	0.194515	0.176426	0.652884	0.053568	-0.0420767	0.00821162	0.00188701	
0.126653	0.0138476	0.00922364	-0.042974	0.00973683	0.234928	0.454696	0.291021	0.336673	-0.0380472	0.00132251	0.077555	-0.00837613	0.204257	-0.0147945	0.0822754	0.0389203	0.276189	0.14302	0.683823	-0.0420767	0.216618	
0.126653	0.0138476	0.00922364	-0.0520039	0.00973683	0.234928	0.465815	0.256323	0.275988	0.00321606	0.00409276	0.0651234	-0.0456821	0.204257	-0.0147945	0.0930822	0.0252957	0.22158	0.179747	0.923555	-0.0369532	0.196092	0.00667732	-0.0300185	0	
0.141404	0.0138476	0.00922364	-0.0398954	0.0141651	0.234928	0.437518	0.291096	0.319526	0.00627293	-4.39932e-05	0.0651234	-0.0712774	0.168444	-0.0147945	0.0930822	0.0179002	0.268092	0.179747	1.10887	-0.0348992	0.223908	
0.132251	0.0138476	0.011427	-0.0551808	0.0139541	0.234928	0.437518	0.2933	0.120245	0.0381811	-4.39932e-05	0.0594547	-0.00837661	0.292006	-0.0125912	0.0855063	0.0475725	0.226887	0.140624	0.462844	-0.0315289	0.246292	-0.0217041	
0.0886361	0.0175277	0.00774684	-0.0326855	0.0139541	0.234928	0.452343	0.2933	0.141032	0.0693579	-0.00583945	0.0594547	-0.0157661	0.295686	-0.0125912	0.0965743	0.0409267	0.222785	0.144304	0.524322	-0.0384964	0.222068	0	0.0260949	0	0.04308	0	
0.126085	0.0172965	0.00797807	-0.0623197	0.0189883	0.234928	0.513621	0.297219	0.259868	0.101669	0.0165741	0.0594547	-0.0130749	0.257199	-0.0125912	0.0965743	0.0408497	0.194876	0.148958	0.335885	-0.0384964	0.247936	-0.0341844	-0.194371	0.0584698	-0.0152898	
0.126085	0.0172965	0.00797807	-0.0613863	0.0189883	0.234928	0.434478	0.30749	0.0995877	0.0625645	0.00439827	0.0517428	-0.0217207	0.326036	-0.0125912	0.0855513	0.0459502	0.202588	0.164477	0.560469	0	-0.00599628	0.238172	-0.0384964	0.027442	
0.145879	0.0133591	0.00797807	-0.00454111	0.0189883	0.234928	0.439692	0.330392	0.177277	0.12821	0.00439827	0.0465404	0.00988645	0.298609	-0.0125912	0.0894887	0.00204539	0.210397	0.18132	0.251837	0.638139	0.294241	-0.0384964	
0.145879	0.0297661	0.00797807	0.0195295	0.0189883	0.223091	0.436704	0.330392	0.164504	0.124427	0.00745021	0.0460741	-0.00884885	0.310477	-0.0125912	0.0730817	0.00310671	0.244414	0.18132	0.281222	0.593268	-0.0367072	
0.125537	0.0336111	0.00676724	-0.00918808	0.0229403	0.228988	0.437	0.389453	0.213287	0.167901	0.00774602	0.0552089	-0.0244317	0.239962	-0.012887	0.0704476	0.0122169	0.219248	0.109628	0.194715	0.403137	-0.0305909	
0.109957	0.0336111	0.00676724	0.0174267	0.0211644	0.229978	0.424864	0.317419	0.0762662	0.168716	0.00618497	0.0453452	-0.0391001	0.263295	-0.0138768	0.135164	-0.0355005	0.230102	0.139881	0.257195	0.55773	-0.0305909	0	0.00291028	0	
0.164837	0.029309	0.00676724	-0.0470019	0.0211644	0.229973	0.436174	0.317419	0.141461	0.325943	0.0048919	0.0392468	-0.0788835	0.278068	-0.0138722	0.116542	0.0323183	0.236196	0.139881	0.214327	0.63343	-0.0305909	0.030468	
0.178528	0.029309	0.00676724	0.0937721	0.214327	0.0100137	0.2219	0.436174	0.317419	0.150892	0.329165	0.00521099	0.0389026	-0.0560585	0.23434	-0.0138722	0.0158552	0.23654	0.169426	0.898236	-0.0331809	
0.178528	0.029309	0.00676724	0.0788113	0.214327	0.00842108	0.247197	0.413382	0.317419	0.06958	0.343843	-0.000122337	0.0389026	-0.0228199	0.20927	-0.0138722	-0.0340814	0.0223636	0.220251	0.169426	1.22807	-0.00657793	
0.193565	0.0308093	0.00676724	0.0970597	0.39224	0.00842108	0.255717	0.413382	0.366505	0.177582	0.923802	0.00570051	0.0324803	-0.0383591	0.217808	-0.0138722	-0.0340814	0.0824502	0.252833	0.14731	0.967624	
0.152186	0.0279543	0.00676724	0.112751	0.375298	0.00842108	0.258909	0.483232	0.387762	0.272824	0.831426	0.00857933	0.0378681	-0.0362598	0.233967	-0.016751	-0.0344764	0.0824502	0.270318	0.155418	0.973266	-0.0180512	0.0452701	0.0284848	
0.152186	0.0287459	0.00620961	-0.036645	0.00897871	0.224533	0.365345	0.363465	0.274435	0.667106	0.00843698	0.0354774	-0.0650735	0.365289	-0.0171663	1.00036	0.0815538	0.248471	0.431212	0.155418	
0.129255	0.0287459	0.00620961	-0.0354914	0.00897871	0.227675	0.365345	0.363465	0.139788	0.321647	0.00626236	0.0354774	-0.0682207	0.365289	-0.0171663	0.906968	0.103711	0.232029	0.431212	0.161145	-0.0208662	0	
0.158984	0.0287459	0.0133384	-0.0283626	0.0018499	0.243784	0	0.4236	0.370593	0.101574	0.180746	0.00626236	0.0466478	-0.044622	0.414602	-0.0100375	0.906968	0.0529217	0.220858	0.413358	0.219909	
0.158984	0.0340962	0.00820058	-0.0239465	0.00968844	0.258748	0	0.388294	0.402433	0.0998548	0.128834	0.00150567	0.0372304	-0.0515294	0.414602	-0.0151754	0.949315	0.0477838	0.230276	0.352609	0.219909	
0.112976	0.0354169	0.00820058	-0.0244673	0.0135718	0.258748	-0.0245363	0.388294	0.402433	0.386517	0.055699	0.0134443	0.0372304	-0.0482353	0.352461	-0.0151754	0.869044	-0.0267953	0.207954	0.147464	0.185334	
0.119429	0.0356546	0.00796288	-0.0244673	0.00886748	0.258748	0.388294	-0.0303272	0.402433	0.330711	-0.0283677	0.0115761	0.0366927	-0.0511588	0.346239	-0.0151754	0.4436	0.0423032	0.156282	0.22335	0.185572	
0.184109	0.036954	0.00666351	-0.0244673	0.00992493	0.256173	0.368205	0.0277574	0.402433	0.200507	-0.0248818	0.0091424	0.0442067	-0.0556452	0.152597	-0.0149263	1.20372	-0.0177055	0.271623	0.220777	0.186871	
0.204984	0.0343533	0.00666351	-0.0299301	0.00589479	0.241584	0.402004	0.0774344	0.408348	0.146405	0.0125718	0.015069	0.0442067	-0.0222046	0.17877	-0.0149263	0.768927	-0.0177055	0.271623	0.191496	0.186871	
0.204984	0.0343533	0.00666351	-0.0340367	0.017047	0.241584	0.402004	0.0765854	0.373925	0.0717336	0.0026419	0.0208338	0.0416552	-0.0461944	0.213541	-0.0149263	1.0202	-0.00367568	0.3156	0.198388	0.217865	0	
0.135947	0.0323648	0.00678637	-0.0339138	0.0181863	0.263152	0.440303	0.0765854	0.411741	0.0913954	-0.0705631	0.0147043	0.0429933	-0.0557674	0.248123	-0.0161415	0.946118	0.0261994	0.397092	0.240289	0.190942	
0.109378	0.0324794	0.00678637	-0.0309224	0.00810497	0.271582	0.460194	0.0911538	0.411741	0.116113	-0.0768185	0.0147043	0.0429933	-0.0383443	0.250566	-0.0161415	0.949972	0.0261944	0.369022	0.164136	0.188413	
0.110014	0.0471221	0.00225541	-0.0309224	0.0193574	0.267287	0.460194	0.0950298	0.408168	0.166782	-0.0812388	-0.00778508	0.0441347	-0.0515814	0.224176	-0.0161415	0.855471	0.0809498	0.295779	0.218071	0.209791	-0.0261026	
0.146766	0.0471221	0.00225541	-0.0314077	0.0193574	0.247343	0.496515	0.0950298	0.430299	0.227966	-0.0849903	0.0049063	0.0441347	-0.0586099	0.276381	-0.0161415	0.823054	0.0826598	0.297399	0.255092	0.141349	
0.155526	0.0477976	0.00225541	-0.0314077	0.0195435	0.278832	0.496515	0.0822986	0.435473	0.215357	-0.0799302	0.00910769	0.0460514	-0.0220877	0.281611	-0.0161415	1.33015	0.10033	0.295483	0.255092	0.111202	
0.178013	0.0537758	0.002514	-0.0311491	0.017253	0.278832	0.417848	0.0822986	0.437678	0.10645	-0.081682	0.00885933	0.0460514	0.013473	0.270317	-0.015883	0.956048	0.131666	0.264844	0.255092	0.143543	0.0145914	0	0.0580246	
0.184011	0.0537758	0.002514	-0.0311491	0.0102567	0.280014	0.41545	0.0822986	0.437678	0.289177	-0.0762473	0.00646191	0.043654	0.013473	0.270317	-0.0134855	0.673447	0.145395	0.240086	0.217626	0.135842	0.0482286	0	
0.179436	0.0537758	0.002514	-0.0307773	0.0203151	0.294091	0.41545	0.0901007	0.437678	0.503819	-0.0536727	0.0124778	0.0355285	-0.0613441	0.288454	-0.0134855	0.837115	0.139538	0.311254	0.293316	0.106587	0.170823	0.0289567	
0.151663	0.0391697	-0.000476358	-0.0307773	0.0203151	0.29391	0.41545	0.0930911	0.437678	0.551325	-0.0189695	0.00418592	0.0291845	0.0200115	0.291444	-0.0134855	0.79581	0.0442566	0.260659	0.279583	0.134136	0.177167	
0.170866	0.0391697	-0.000476358	-0.0287136	0.018639	0.308925	0.368615	0.109221	0.437678	0.350858	-0.0285375	0.00776845	0.0223397	-0.0476757	0.155738	-0.0134855	0.721343	0.0149205	0.254967	0.279583	0.134136	0.245873	-0.0130092	
0.139582	0.0377551	-0.000476358	-0.0277837	0.018639	0.308925	0.387582	0.109221	0.437678	0.136105	-0.0331407	0.00776845	0.0370752	0.0161014	0.194786	-0.0134855	0.544062	0.122615	0.239635	0.28888	0.140518	0.180808	
0.129273	0.0377551	-0.000476358	-0.0382531	0.0139354	0.308925	0.407617	0.109221	0.478523	0.210545	-0.0045862	0.00776845	0.0145033	0.0147265	0.234557	-0.0134855	0.681534	0.13417	0.291114	0.261359	0.0970661	0.250961	0.0134855	-0.00377957	
0.130819	0.0513741	-0.000476358	-0.0382531	-0.00035463	0.281912	0.416155	0.082324	0.478523	0.143417	-0.0144641	0.00776845	0.0342717	0.0571749	0.132457	-0.0134855	0.65563	0.149936	0.264885	0.165932	0.112355	0.221793	
0.130788	0.0423314	0.00395984	-0.0382531	-0.00194785	0.184039	0.485791	0.104002	0.478523	0.095856	0.0344724	0.00776845	0.0245439	-0.010211	0.168908	-0.0134855	0.635	0.243769	0.254837	0.165932	0.0393457	0.270572	0.121529	
0.161503	0.0423314	0.00395984	-0.0382531	-0.00194785	0.302186	0.404103	0.104002	0.478523	0.0922214	0.099753	0.00776845	0.0230134	0.0170216	0.332082	-0.0134855	0.757737	0.191874	0.231258	0.165932	0.0393457	0.272102	-0.0561423	-0.0285855	-0.0581853	
0.155837	0.0423314	0.00395984	-0.0426021	0.00125343	0.307672	0.404103	0.0784705	0.478523	0.158004	0.0610355	0.00436676	0.0230134	0.0458447	0.339194	-0.0134855	0.625771	0.191874	0.306167	0.197806	0.107856	0.249317	-0.0283565	-0.0119384	
0.0947226	0.0423314	0.00395984	-0.0426021	0.00676836	0.252067	0.404103	0.0992328	0.478523	0.135317	0.00912678	0.00436676	0.0230134	0.131025	0.26904	-0.0134855	0.611242	0.106521	0.306167	0.17711	0.107856	0.222088	0.027248	
0.144238	0.04663	0.00614201	-0.0426021	0.00676836	0.203652	0.404103	0.0820619	0.478523	0.110066	0.0752593	0.000695139	0.0225254	0.0584018	0.218188	-0.0134855	0.54429	0.10063	0.312936	0.145033	0.159733	0.242336	0.0756638	
0.144238	0.04663	0.00614201	-0.0426021	0.0148328	0.189433	0.40538	0.0839483	0.485976	0.0924778	0.0420244	-0.000910284	0.016893	-0.00337022	0.19028	-0.0147633	0.486378	0.0534106	0.241507	0.222067	0.188405	0.239624	0.0911604	-0.0147633	
0.16388	0.0458129	0.00864443	-0.0426021	0.0140119	0.182113	0.40538	0.0814459	0.485976	0.125046	0.0620442	-0.00214534	0.011922	0.0998512	0.122442	-0.0147633	0.701539	0.0585163	0.246478	0.221525	0.191315	0.220092	0.084509	
0.234812	0.0458129	0.0113272	-0.0372464	0.00931787	0.182113	0.40538	0.0943119	0.488658	0.187685	0.0620442	0.0034146	0.0228361	0.102534	0.184402	-0.0120805	0.43008	0.0749378	0.211085	0.258858	0.196743	0.206672	0.085843	0.00815196	
0.26281	0.0458129	0.0113272	-0.0369992	0.00937983	0.205005	0.40538	0.0896365	0.488658	0.158295	-0.0324764	0.0034146	0.0228361	0.100727	0.24589	-0.0120805	0.53815	0.183536	0.278565	0.51688	0.196743	0.206672	0.0629507	0.00353944	
0.26281	0.0457207	0.0113272	-0.0369992	0.00937983	0.203153	0.406349	0.0919245	0.488658	0.11464	-0.0112084	0.00438329	0.0232116	0.0182546	0.123077	-0.0130491	0.434727	0.181312	0.279158	0.517849	0.205089	0.243499	0.0305202	0.0264601	
0.26281	0.0457207	0.0113272	-0.0373854	0.00813981	0.203153	0.406349	0.0919245	0.488658	0.0628318	-0.0418451	-0.0035245	0.0306258	-0.0360204	0.143387	-0.0130491	0.764637	0.212493	0.271744	0.517849	0.18119	0.203955	0.0497288	-0.00635521	-0.0397755	
0.263337	0.0457207	0.0113272	-0.0356414	0.00813981	0.23181	0.406349	0.0699694	0.488658	0.00682765	-0.00298208	-0.00547262	0.0264088	-0.0530208	0.197343	-0.0130491	0.597239	0.205365	0.304262	0.534524	0.200228	0.208172	0.0210721	0.0835755	0	0	
0.263337	0.0457207	0.0113272	-0.0328209	0.00813981	0.202174	0.40266	0.0701916	0.488658	0.0390294	0.0741044	0.0113405	0.0264088	-0.00751353	0.252349	-0.0130491	0.644537	0.108107	0.322603	0.486867	0.166017	0.294767	0.0484053	0.0835755	0.0842484	
0.243229	0.0457207	0.0113272	-0.0328209	0.00813981	0.21421	0.286963	0.0701916	0.517805	0.0597827	0.0741044	0.0113405	0.0264088	-0.0324656	0.249973	-0.0130491	0.413218	0.0322112	0.235417	0.502522	0.130358	0.294767	0.0430015	0.110099	0	
0.237992	0.0509086	0.0102682	-0.0338799	0.00685568	0.26639	0.436935	0.0679364	0.509581	0.173091	-0.0297955	0.0103826	0.0264088	-0.0319526	0.249973	-0.0141082	0.624958	0.0121408	0.336373	0.485916	0.108605	0.268146	-0.00917889	0.110099	
0.199529	0.0465334	0.0102682	-0.0270859	0.00685568	0.291344	0.436339	0.0719948	0.509581	0.144673	-0.0600061	0.0097863	0.0258124	-0.0160858	0.280746	-0.0135119	-0.0347289	-0.0318173	0.300573	0.421194	0.171373	0.255423	0.149583	-0.00396625	
0.199529	0.0465334	0.0102682	-0.0269826	0.00182378	0.193422	0.436339	0.0719948	0.509581	0.131072	-0.0430228	0.020956	0.0258124	-0.0224913	0.342681	-0.0135119	0.0678877	0.0232649	0.304851	0.402974	0.192286	0.218653	-0.0319105	0.189252	
0.1311	0.0451899	0.0116116	-0.0268215	0.00524838	0.24182	0.368477	0.0706513	0.50987	0.07023	-0.0520248	-0.000917398	0.0258124	-0.0313641	0.341337	-0.0135119	0.0206066	0.00288458	0.379199	0.400702	0.171281	0.248015	0.0640211	0.0684863	
0.192207	0.0451899	0.0116116	-0.0400773	0.00904295	0.247395	0.368477	0.0706513	0.50987	-0.00071858	-0.0753216	0.0137641	0.0258124	-0.00652571	0.231216	-0.0135119	0.0150314	0.00288458	0.379199	0.445009	0.159174	0.258993	0.110551	-0.016339	0	
0.214409	0.0445011	0.0123004	-0.0400773	0.0186419	0.244543	0.368477	0.0639658	0.509073	-0.0214257	-0.0676946	0.0137641	0.0172029	-0.0331547	0.2359	-0.0135119	0.0739231	0.110638	0.40294	0.445009	0.158485	0.295811	0.137386	
0.213186	0.033512	0.013523	-0.0400773	0.0186419	0.301921	0.439455	0.0627432	0.509073	-0.0297349	-0.0403057	0.0190475	0.0172029	-0.0375205	0.234677	-0.0135119	0.00758794	0.0541221	0.375746	0.445009	0.157263	0.26197	0.014564	
0.197965	0.033512	0.013523	-0.0400773	0.0186419	0.354273	0.477677	0.0627432	0.509073	-0.0252801	-0.0519413	0.0190475	0.0313821	-0.00777851	0.227182	-0.0135119	-0.0531869	0.0535034	0.41866	0.445009	0.258165	0.236269	
0.231446	0.0317174	0.0153176	-0.036671	0.0186419	0.312194	0.353195	0.0379904	0.509073	-0.0253586	-0.0502872	0.00779675	0.026304	-0.054384	0.225387	-0.0135119	-0.0764746	0.0258808	0.324047	0.445009	0.279025	0.157126	0.0843766	-0.0140591	
0.232966	0.0317174	0.0153176	-0.033539	0.0163504	0.280375	0.351996	0.05548	0.501631	-0.0259645	-0.0328074	-0.000495723	0.0320277	-0.0557207	0.225387	-0.0123953	0.00925219	-0.0144483	0.324112	0.41137	0.286179	0.147738	-0.051045	
0.193659	0.0317174	0.0153176	-0.045054	0.0163504	0.257924	0.351996	0.0432099	0.505813	0.0243814	-0.0351177	0.00335256	0.024615	-0.0655094	0.289073	-0.0123953	0.0240166	0.0163676	0.267573	0.374083	0.286179	0.157928	0	-0.0111378	-0.000112452	
0.216094	0.0207773	0.0153176	-0.045054	0.0163504	0.288273	0.351996	0.0432099	0.563857	0.0634077	0.0256229	0.00335256	0.0240257	-0.0479112	0.289073	-0.0123953	-0.0509186	0.0849996	0.274216	0.431854	0.277148	0.204999	0	-0.0226897	
0.246734	0.0225837	0.0140757	-0.045054	0.0163504	0.280577	0.351996	0.0433193	0.518912	0.212133	0.113007	0.0130288	0.0199459	-0.0101417	0.295729	-0.0123953	0.251902	0.0775121	0.237617	0.431854	0.250363	-0.0226897	
0.260071	0.0262769	0.0140757	-0.0403131	0.0154996	0.326406	0.286025	0.0431311	0.538289	0.230393	0.00144872	-0.0226897	-0.000865777	0.181565	-0.0127679	0.252274	0.0526712	0.345831	0.411386	0.250363	0.0171782	0.113038	
0.260071	0.0262769	0.0140757	-0.0403131	0.0134881	0.262687	0.445303	0.0709357	0.538289	0.200326	0.00878399	-0.00312628	0.0377739	0.317312	-0.0136572	0.245085	-0.00292422	0.340441	0.335766	0.288418	0.0180675	0.144682	0	0.0319475	
0.260071	0.0310558	0.0140757	-0.0402904	0.0134881	0.256515	0.366844	0.0484034	0.559424	0.158645	0.00878399	-0.0190953	0.0166234	0.233888	-0.0136572	0.26284	-0.0107086	0.264145	0.332208	0.370989	0.0180675	0.11558	
0.215351	0.0310558	0.0125186	-0.036335	0.0150452	0.328155	0.366085	0.0484034	0.557867	0.11987	0.0107269	0.00122107	0.0217366	0.31051	-0.0144561	0.224859	-0.0215196	0.299052	0.33145	0.483007	0.0263829	0.14813	
0.166711	0.0310558	0.0125186	-0.0393204	0.0150452	0.328506	0.366085	0.0452416	0.557867	0.139628	0.00650068	0.00197692	-0.0311365	0.262514	-0.0144561	0.276532	-0.0237983	0.357567	0.177304	0.476497	0.0260319	0.0402656	0.045801	-0.0523845	
0.185809	0.0332867	0.0102877	-0.0393204	0.0150452	0.301957	0.395843	0.0663677	0.557867	0.0272606	-0.00243617	-0.0100141	0.00182218	0.264745	-0.0144561	0.292889	0.0258661	0.219502	0.126684	0.478728	0.0217646	0.082899	
0.242747	0.0291	0.00988003	-0.0370613	0.0154529	0.263975	0.387597	0.0663677	0.557459	0.0458443	0.0161693	-0.0103283	-0.0452409	0.248577	-0.0149508	0.268231	0.0254584	0.255972	0.157416	0.599507	0.0218517	0.123168	
0.221139	0.0291	0.0100625	-0.0368789	0.0159053	0.290015	0.380514	0.0559792	0.517716	0.0349391	0.0249609	-0.0101458	-0.0323719	0.248577	-0.0147684	0.242856	-0.0409957	0.350907	0.188879	0.599507	0.0218517	0.0733221	0	
0.203804	0.0291	0.0100625	-0.0368789	0.0141526	0.325525	0.380514	0.0559792	0.517716	0.0622837	0.00722943	-0.0106717	0.00237404	0.238341	-0.0147684	0.242856	0.0249492	0.276505	0.165604	0.599507	0.0352247	0.126221	
0.140654	0.0291	0.0100625	-0.034462	0.00094993	0.335663	0.380514	0.0621216	0.517716	0.172282	0.000364481	-0.00468574	0.000784436	0.238341	-0.0147684	0.22414	0.00120944	0.289543	0.166651	0.599507	0.0250876	0.124379	
0.128028	0.0338186	0.0100625	-0.034462	0.00094993	0.266753	0.380739	0.0621216	0.440088	0.185135	0.0110091	-0.00468574	0.00818885	0.299572	-0.0149939	0.219266	0.0452836	0.205658	0.156399	0.599507	0.0253131	0.268692	0.103004	0	-0.0338186	
0.127104	0.0328942	0.0095321	-0.0359167	0.00240462	0.365925	0.393317	0.0611973	0.491536	0.0184778	0.00173953	-0.00533481	0.0482648	0.405676	-0.0150701	0.217888	0.0442918	0.171458	0.141963	0.600193	0.0228348	0.361452	-0.0204439	0.00944734	0.0111755	
0.140536	0.0328942	0.0095321	-0.0346584	0.00498877	0.364774	0.358764	0.0671611	0.491536	0.0648296	-0.00148564	-0.0172871	-0.0123074	0.328331	-0.0150701	0.205659	0.0749917	0.170307	0.163703	0.626249	0.023986	0.645229	
0.170257	0.0399414	0.00914195	-0.0361962	0.00498877	0.350311	0.358764	0.0694255	0.491536	0.0660714	0.0073544	-0.0124226	0.0231903	0.247554	-0.0150701	0.219745	0.0841299	0.188802	0.152187	0.620631	0.00549102	0.701626	0	0	
0.164274	0.0237099	0.00914195	-0.0361962	0.00498877	0.301447	0.358764	0.082342	0.491536	0.0683142	-0.00340199	-0.00789705	-0.0360891	0.17983	-0.0150701	0.219745	0.0730507	0.175261	0.0754032	0.578749	0.0190318	0.422403	0.038691	
0.160674	0.0518687	0.00914195	-0.0388114	0.00498877	0.237935	0.381945	0.0880389	0.491536	0.0372049	0.0118043	-0.00465547	-0.00557597	0.17983	-0.0150701	0.244638	0.0843838	0.239276	0.165464	0.582937	0.0282994	0.383292	
0.167836	0.027715	0.00914195	-0.0388114	0.00498877	0.196176	0.318299	0.0957614	0.491536	0.00724175	0.0118043	-0.012838	0.0234802	0.20871	-0.0150701	0.239291	0.133542	0.246028	0.128024	0.582937	0.0263193	0.439174	0.0199685	-0.0293333	0	
0.14891	0.027715	0.00914195	-0.0388114	0.00498877	0.265388	0.398522	0.0851335	0.457583	-0.0269623	0.00652758	-0.012838	0.00750729	0.20871	-0.0150701	0.239291	0.206378	0.161172	0.128672	0.582937	0.0303549	0.331048	0	0.0106658	0	
0.108472	0.0381875	0.00914195	-0.0311422	0.0077765	0.283349	0.358031	0.0851335	0.457583	-0.0396856	0.00859087	-0.012838	-0.0158197	0.20871	-0.0171334	0.245972	0.229362	0.16528	0.130736	0.582937	0.0283097	0.467474	
0.128934	0.0393151	0.00801431	-0.0311422	0.0077765	0.356996	0.334741	0.0961629	0.472286	-0.0324229	0.00616487	-0.0158427	0.0151198	0.209838	-0.0171334	0.232138	0.117193	0.217542	0.071356	0.560295	0.0413801	0.435758	
0.188877	0.0461606	0.00801431	-0.0311422	0.0077765	0.46565	0.334741	0.0961629	0.421334	-0.0188743	0.0103244	-0.0158427	-0.0121399	0.209838	-0.0171334	0.232138	0.128397	0.230966	0.0798752	0.560295	0.0392869	0.225081	0.0103882	
0.190858	0.0331668	0.00603321	-0.0311422	0.0077765	0.327971	0.40207	0.0549697	0.343182	0.0155731	0.0103244	-0.0158427	-0.060919	0.272302	-0.0171334	0.28389	0.173122	0.168763	0.0913998	0.572525	0.0392869	0.0695068	0.0294379	-0.0231666	
0.190858	0.0331668	0.00603321	-0.0311422	0.0096896	0.33772	0.401449	0.0880665	0.343182	0.0256092	0.00970273	-0.0202176	-0.0202804	0.291205	-0.0165117	0.283269	0.142401	0.183526	0.0972581	0.53395	0.0239023	-0.0285577	0.36025	
0.163873	0.0331668	0.00603321	-0.0311422	0.0198503	0.265206	0.377694	0.0880665	0.343182	0.0993302	0.0304882	-0.0178593	-0.0152529	0.307368	-0.01508	0.279143	0.142401	0.238652	0.163432	0.53395	0.0224705	0.143929	
0.168626	0.0310496	0.00589412	-0.0242631	0.0199894	0.265206	0.372484	0.0995324	0.339589	0.0938381	0.00128149	-0.0150228	0.0462516	0.308043	-0.0142286	0.206265	0.0398151	0.229898	0.119243	0.527273	0.02148	0.420824	0.0135547	
0.168626	0.0404648	0.00589412	-0.0312326	0.0199894	0.215518	0.3881	0.0574355	0.372791	-0.0115949	0.000732497	-0.0150228	-0.0249483	0.308043	-0.0149306	0.224696	0.123208	0.220939	0.0888806	0.591065	0.0311413	0.265106	
0.163852	0.0356906	0.0106683	-0.0381108	0.0301927	0.215518	0.362198	0.0526613	0.366701	-0.0220808	0.00117877	-0.00560088	-0.0419594	0.302718	-0.0153769	0.225142	0.0892214	0.225035	0.127346	0.58629	0.0315876	0.360708	0	-0.00223013	
0.186691	0.0354482	0.0074027	-0.0414929	0.0380905	0.174682	0.362198	0.0483333	0.351955	0.0782399	0.00170257	-0.0151337	-0.0706238	0.292913	-0.0188849	0.231652	0.0777493	0.173159	0.19476	0.563448	0.0354219	0.172457	
0.1837	0.0361829	0.00691934	-0.0439201	0.0380905	0.1669	0.369147	0.0438937	0.351955	-0.0240705	0.0142463	-0.0151337	-0.0502254	0.281276	-0.0188849	0.231652	0.150433	0.205282	0.203698	0.563932	0.0432038	0.370499	
0.129047	0.0361829	0.00682288	-0.0427392	0.0421936	0.211861	0.369722	0.0438937	0.351858	-0.0186255	0.0148213	-0.00430225	-0.0861635	0.281276	-0.0195564	0.232227	0.16738	0.235281	0.147656	0.563932	0.0252248	0.349256	0.0423281	0.00556867	
0.129251	0.0250418	0.00647158	-0.0345527	0.0442227	0.211306	0.368921	0.0438937	0.351507	0.00928433	0.0140205	-0.0235206	-0.0864383	0.281276	-0.0191069	0.231426	0.147444	0.292999	0.0969245	0.563932	0.0185281	0.335452	
0.136722	0.0250418	0.00647158	-0.0354853	0.0442227	0.211306	0.368921	0.0546066	0.351507	0.0189216	0.0140205	-0.0168094	-0.0658432	0.271316	-0.0191069	0.231426	0.169764	0.292999	0.0969245	0.563932	0.0185281	0.336384	0	0	0	
0.188607	0.0308679	0.00647158	-0.0278848	0.0514424	0.235	0.368921	0.0546066	0.342791	0.0160473	0.0140205	-0.0168094	-0.0503935	0.23924	-0.0191069	0.231426	0.169764	0.203491	0.236943	0.563932	0.0249853	0.480573	-0.000155408	0.0737752	
0.10826	0.0419493	0.00236208	-0.0243397	0.0393884	0.226907	0.368921	0.0730444	0.342791	0.0611838	0.00968209	-0.00930543	-0.0298651	0.257696	-0.0191069	0.208095	0.169764	0.201072	0.213744	0.568041	0.0249853	0.377909	0	0	0	
0.143367	0.0279169	0.00236208	-0.0325011	0.036421	0.213027	0.331518	0.0717997	0.342791	0.033214	0.00968209	-0.0139245	-0.0178272	0.216411	-0.0191069	0.25805	0.169764	0.222926	0.213744	0.535198	0.0249853	0.296759	
0.103865	0.0279169	0.00236208	-0.0325011	0.0360703	0.212494	0.408963	0.055337	0.406973	0.0876525	0.0199611	-0.00231583	-0.0311689	0.275225	-0.0194603	0.202304	0.0888254	0.221988	0.214097	0.521918	0.0262772	0.208648	0	
0.0809691	0.0279169	0.00236208	-0.0363672	0.0399382	0.239322	0.373636	0.0962352	0.406973	0.200228	0.0137714	-0.0186105	0.0472054	0.275225	-0.0194603	0.210152	0.151614	0.236219	0.230134	0.521918	0.0285089	0.251115	
0.158767	0.0279169	0.00481283	-0.0339164	0.045884	0.0831048	0.35547	0.0807076	0.409424	0.430375	0.0101364	-0.00690234	0.0259071	0.288915	-0.0170096	0.213463	0.0428523	0.202757	0.213044	0.521918	0.0466176	0.0976569	0	-0.0125568	
0.159153	0.0283026	0.00442717	-0.0339164	0.0470704	0.169982	0.347541	0.123717	0.409424	0.278098	-0.000461545	0.00827321	0.0266984	0.2893	-0.0170096	0.238256	0.0398039	0.242034	0.18923	0.522304	0.0466176	0.240993	-0.0271974	
0.150267	0.0440066	0.00442717	-0.0365805	0.0470704	0.135251	0.41668	0.10744	0.409424	0.321404	-0.000731789	0.0177516	-0.000806283	0.2893	-0.0170096	0.252266	0.0906767	0.242034	0.175233	0.522304	0.0466176	0.08061	0	
0.154735	0.0383098	-4.13176e-05	-0.0372596	0.0373306	0.135251	0.41668	0.111909	0.460282	0.265615	0.00105288	0.01817	-0.0424882	0.352359	-0.0170096	0.252266	0.151208	0.242034	0.163785	0.527431	0.0466176	0.304713	0.086121	0	
0.16376	0.0500173	-4.13176e-05	-0.0282444	0.0373306	0.168505	0.360454	0.111909	0.469624	0.236961	0.00375585	0.0195429	-0.0170515	0.352359	-0.0170096	0.252063	0.174303	0.23563	0.114407	0.506079	0.0466176	0.321743	0.0849707	0	
0.157316	0.0500173	-4.13176e-05	-0.0282444	0.0453451	0.213155	0.360454	0.111909	0.475595	0.113187	-0.0109528	0.013784	0.0202315	0.315676	-0.0170096	0.252063	0.174303	0.148651	0.197934	0.548746	0.0466176	0.226148	0.0115472	
0.141293	0.0424485	0.00473112	0.0203362	0.0535464	0.240161	0.439263	0.0892006	0.479945	0.112657	0.00626355	0.0109876	-0.0116641	0.308107	-0.019806	0.252063	0.149522	0.307752	0.203339	0.536734	0.0448367	0.179696	-0.0220812	
0.145517	0.0424485	0.00473112	0.0203362	0.0535464	0.311064	0.429778	0.0892006	0.479945	0.164283	-0.000672363	0.0243537	-0.0454816	0.307908	-0.019806	0.224679	0.144341	0.198375	0.183153	0.505439	0.0368421	0.177921	
0.218626	0.0290284	-7.7687e-05	0.0203362	0.0583552	0.205355	0.415451	0	0.440719	0.0564816	-0.0115745	0.0195449	-0.00590223	0.264087	-0.0220874	0.230253	0.243709	0.198375	0.183153	0.457751	0.0343147	0.227685	0.0892006	-0.00139396	
0.19997	0.0272285	0.00172216	0.023313	0.0558013	0.25311	0.415451	0.475843	0.0422688	-0.00746198	0.0329792	-0.0332819	0.248049	-0.0220874	0.22629	0.281549	0.165138	0.151282	0.517175	0.0343147	0.0985278	0.368264	-0.0225573	
0.243997	0.0272285	-0.000365128	0.0272078	0.0576343	0.26493	0.420487	0.465146	0.0189726	-0.000535995	0.0308919	-0.0308324	0.271677	-0.0241746	0.240831	0.226228	0.176958	0.151028	0.473532	0.0224945	0.0883033	0.552457	
0.262714	0.0305053	-0.000365128	0.0209344	0.0630981	0.26493	0.402196	0.502165	-0.0202222	0.000703114	0.0132401	-0.0671943	0.26739	-0.0241746	0.240831	0.249422	0.176958	0.178217	0.604653	0.0224945	0.0714287	0.479975	0.0274001	
0.220559	0.0289593	-0.000363264	0.0289594	0.0703539	0.29602	0.420804	0.502934	0.0334458	0.0192956	0.0140093	-0.101774	0.3103	-0.0234055	0.240831	0.296622	0.214299	0.175368	0.591095	0.0171427	0.0667227	0.747883	-0.0199832	0.0760226	
0.220559	0.0393782	-0.000363264	0.0289594	0.0703539	0.335647	0.37426	0.502934	0.0438666	0.0103007	0.012551	-0.0862514	0.269411	-0.0234055	0.229087	0.187152	0.256952	0.162486	0.591095	0.0171427	0.0867624	0.722995	0.0119013	0.0101474	0	
0.270294	0.0269795	-0.000363264	0.0289594	0.0703539	0.328364	0.406621	0.502934	0.16402	-0.0013009	0.00990685	-0.0755388	0.30869	-0.0234055	0.252115	0.169421	0.249669	0.167822	0.591095	0.0244256	0.0812494	0.524086	-0.0435927	
0.370024	0.0269795	-0.000363264	0.02268	0.0640746	0.331092	0.353719	0.502934	0.0818084	0.000350746	-0.0155333	-0.0540836	0.373898	-0.0234055	0.235917	0.153217	0.201374	0.178391	0.613859	0.0216976	0.0695469	0.899399	0	-0.0517419	0.120546	0.0229511	
0.407463	0.0246866	0.00192965	0.02268	0.0640746	0.332674	0.324567	0.502934	0.0377982	-0.00570646	-0.0123504	-0.0624198	0.305608	-0.0234055	0.252621	0.159452	0.213258	0.178391	0.482194	0.0201156	0.0672539	0.613958	0.0527001	-0.0230446	0.0945202	
0.407463	0.0280047	0.000914319	0.0370392	0.0797968	0.365715	0.295885	0.501919	0.107805	-0.00453254	-0.0133657	-0.0720026	0.305608	-0.0244208	0.252085	0.158436	0.339422	0.157467	0.486609	0.0201156	0.0672539	0.404193	-0.0254593	0.0945202	
0.354599	0.0339743	-0.00505523	0.0488955	0.0822256	0.365715	0.295885	0.501919	0.293126	-0.00453254	-0.00774811	-0.0876712	0.365878	-0.0244208	0.261195	0.191256	0.247268	0.25328	0.520056	0.0201156	0.0732235	0.394766	0.0945202	0.00758175	0.00287634	
0.354599	0.0339743	-0.000102091	0.0487275	0.0771045	0.363076	0.312762	0.506872	0.267892	-0.0122273	-0.00279497	-0.023845	0.275228	-0.0194677	0.261195	0.176372	0.312226	0.21811	0.702978	0.022755	0.0632665	0.572975	0.10174	
0.354599	0.0339743	-0.00379149	0.0511394	0.0832058	0.363076	0.365427	0.503183	0.224268	-0.0129376	0.0103475	-0.0202495	0.234443	-0.0231571	0.284655	0.181487	0.312226	0.233297	0.702978	0.022755	0.0632665	0.492813	0.0880604	
0.300388	0.0188365	-0.00379149	0.0511394	0.0832058	0.444544	0.360227	0.503183	0.23031	0.00659862	0.0126534	-0.027428	0.211935	-0.0231571	0.247999	0.179138	0.213127	0.267244	0.702978	0.0192098	0.0627877	0.826821	0.122	0.0261975	0.024481	
0.169952	0.0180965	-0.00186625	0.0598768	0.0832058	0.393679	0.360227	0.503183	0.127031	-0.00419481	-0.00833954	-0.0398936	0.21001	-0.0231571	0.251987	0.179045	0.182884	0.267244	0.661886	0.0239772	0.0647558	0.486198	0.13125	-0.0229381	0	
0.127329	0.0180965	-0.00389649	0.0600384	0.0853976	0.347054	0.360227	0.501152	0.144734	0.00627558	-0.0103698	-0.0654101	0.258215	-0.0251873	0.251987	0.173624	0.19914	0.258073	0.661886	0.0239772	0.0758189	0.694981	0.153872	0	-0.00688567	
0.127329	0.0365815	-0.00389649	0.0600384	0.0853976	0.312236	0.354214	0.501152	0.235168	0.0112253	-0.0103698	-0.043174	0.231938	-0.0251873	0.239374	0.173624	0.228291	0.280736	0.661886	0.0239772	0.0471269	0.438123	0.149624	-2.20622e-05	
0.177893	0.0393101	0.00139702	0.0646112	0.0846769	0.297703	0.345342	0.506446	0.333898	0.0126881	-0.00507627	-0.0357426	0.231938	-0.0213566	0.240837	0.168084	0.243887	0.285309	0.617926	0.0182626	0.0471269	0.525102	0.0962964	0.072124	0.0384301	
0.177893	0.0393101	0.00139702	0.0646112	0.0846769	0.297703	0.340587	0.481163	0.342797	-0.00411902	0.00805955	-0.0560068	0.255129	-0.0214442	0.244896	0.11847	0.243887	0.319916	0.617926	0.0183503	0.0754058	0.373604	0.0940805	0.0238977	
0.18324	0.0390902	0.00161691	0.0627184	0.0870577	0.277935	0.398302	0.481163	0.274808	-0.00411902	0.033854	-0.0291698	0.254909	-0.0214442	0.256609	0.167503	0.302981	0.281201	0.617706	0.0286211	0.0751859	0.317785	0.0678784	-0.040538	0	
0.170747	0.0350618	0.00161691	0.0587558	0.0830951	0.256098	0.309523	0.481163	0.372202	-0.00411902	0.033854	-0.0425668	0.335986	-0.0214442	0.256609	0.174423	0.207345	0.268839	0.857119	0.0286211	0.0601414	0.355806	0.0678784	
0.170747	0.0293811	0.00161691	0.0629157	0.0798307	0.227414	0.327951	0.551003	0.296251	-0.00411902	0.033854	-0.0133224	0.185938	-0.0214442	0.256609	0.0357269	0.203576	0.265574	0.857119	0.0323904	0.0516327	0.584248	0.0720692	0	
0.15326	0.0265561	0.00161691	0.0705345	0.0844115	0.247274	0.327951	0.551003	0.151622	0.00645748	0.0387763	-0.0112659	0.185938	-0.0214442	0.256609	0.0936818	0.179837	0.206776	0.889556	0.0323904	0.0551488	0.307987	0.0557648	-0.0173511	
0.13514	0.0265561	0.00161691	0.0705345	0.0844115	0.206908	0.336539	0.509058	0.215899	0.00645748	0.0281722	0.0186213	0.145613	-0.0214442	0.256609	0.159733	0.190524	0.210797	0.852529	0.0323904	0.0761424	0.278493	0.0554068	0.000775416	0.00443602	
0.13514	0.0219333	0.00161691	0.0692718	0.0831488	0.20719	0.336539	0.471471	0.237446	0.000286307	0.0281722	0.0575599	0.164824	-0.0214442	0.256609	0.0896139	0.269707	0.178793	0.848032	0.0323904	0.0786927	0.213308	0.0554068	-0.0208955	0.0397038	
0.156657	0.0468319	0.00161691	0.0649647	0.0788418	0.210884	0.336539	0.471471	-0.0186377	0.130226	-0.00201621	0.00789862	0.0105648	0.151806	-0.0214442	0.253018	0.0896139	0.292495	0.188005	0.848032	0.0245007	0.0786927	0.263319	0.0364667	
0.151225	0.0260611	0.00161691	0.0707047	0.0845818	0.214659	0.286175	0.471471	-0.0170931	0.0956385	0.0184446	-0.00815749	0.0798969	0.151806	-0.0237283	0.194597	0.0637114	0.29627	0.193745	0.769008	0.0230099	0.0786927	0.423776	0.0417329	0.255302	
0.151225	0.0333589	0.0031491	0.0683637	0.0807086	0.209858	0.286175	0.473003	-0.0155609	0.193193	0.00678064	-0.0132777	0.0371456	0.241376	-0.0221961	0.0541384	0.0417329	0.211813	0.191404	0.751661	0.0278108	0.0951989	0.263778	-0.00532186	0.255302	
0.151225	0.0333589	0.0031491	0.0641638	0.0765086	0.176866	0.347432	0.482378	0.393139	0.0770596	0.00678064	-0.00487989	0.0103893	0.248201	-0.0221961	0.0615803	0.0417329	0.248105	0.175226	0.751661	0.0278108	0.0790517	0.247017	
0.164233	0.0335476	0.0031491	0.0638456	0.0761904	0.176866	0.29919	0.482378	0.35029	0.082325	0.00695468	0.00147226	0.0103893	0.228801	-0.0221961	0.00644993	0.0513379	0.248105	0.174907	0.751661	0.0278108	0.0709869	0.0257694	0.251062	
0.179306	0.0335476	0.0031491	0.0687283	0.0761904	0.141552	0.456833	0.482801	0.28423	0.105637	0.00695468	-0.00454336	0.0750134	0.27467	-0.0221961	0.0285012	0.0394542	0.237224	0.258224	0.751661	0.038692	0.257865	0.0709869	
0.145947	0.0335476	0.0031491	0.064842	0.0761904	0.146725	0.377665	0.482801	0.173701	0.0818349	0.0151659	-7.95094e-05	0.00504187	0.173681	-0.0221961	0.00464603	0.0450967	0.200523	0.173567	0.704878	0.038692	0.247397	0.0709869	0.0397625	0	0	0	
0.11137	0.0335476	0.0031491	0.0664309	0.0777793	0.199162	0.423186	0.476918	0.174785	0.0630191	0.0151659	-0.0287145	0.0141381	0.149091	-0.0221961	0.0563793	0.0384356	0.21431	0.209604	0.771398	0.0398053	0.258284	0.0595941	0.0329885	
0.162668	0.033249	-0.000358109	0.0736882	0.0849121	0.20951	0.423186	0.473112	0.161347	0.0914192	0.0130077	-0.0211141	0.0335733	0.183221	-0.026002	0.0838908	0.0442025	0.195077	0.197535	0.700179	0.0398053	0.258284	0.0787366	
0.156636	0.0262092	0.00315912	0.0734635	0.0824109	0.210258	0.42456	0.475389	0.259107	0.0647131	-0.00913207	-0.0055568	0.00462142	0.17478	-0.0237255	0.107395	0.0442025	0.195077	0.20247	0.698938	0.0398053	0.258284	0.0774958	0	-0.0154703	
0.094825	0.0272322	0.00552454	0.0704574	0.0784326	0.21662	0.42456	0.477754	0.295338	0.15068	-0.00230531	0.00365746	0.0209076	0.144478	-0.0213601	0.0321402	0.0475782	0.181809	0.320734	0.698938	0.0398053	0.258284	0.0869329	0.0299393	-0.0113969	
0.124255	0.032446	0.00917379	0.080601	0.0764534	0.186132	0.393161	0.481034	0.138933	0.0733379	0.00262868	0.00365746	-0.00295471	0.177997	-0.0213601	0.00941704	0.0284003	0.28821	0.318755	0.690027	0.0292373	0.258284	0.0832836	
0.168921	0.0245907	0.00917379	0.0836016	0.079454	0.186132	0.413035	0.481034	0.227619	0.0803411	0.00262868	0.0237661	0.0321867	0.177997	-0.0213601	0.00420619	0.0400991	0.191846	0.321755	0.690027	0.0292373	0.258284	0.0860314	
0.168921	0.0228453	0.00917379	0.0745659	0.0704182	0.146845	0.413423	0.481034	0.176757	0.118517	0.0110071	0	0.0119016	0.211353	-0.0217482	0.00490512	0.0315945	0.191846	0.31272	0.690027	0.0296254	0.258673	0.0860314	
0.160486	0.028315	0.00568913	0.0655109	0.0696773	0.163191	0.50276	0.481034	0.419614	0.208749	0.0110071	0.0445548	0.152563	0.089516	0.258673	-0.0217482	-0.00425348	0.0315945	0.179849	0.294503	0.661665	0.0296254	
0.186124	0.028315	0.00568913	0.0761693	0.0698173	0.140392	0.392811	0.481034	0.289717	0.186014	0.0140752	0.0104723	0.168974	0.0883223	0.249218	-0.0217482	0.0390758	0.0567009	0.179849	0.322897	0.661665	0.0296254	0	
