-0.0065977	0.0045121	-0.0703617	-0.0040001	0.0086933	-0.139515	0.141181	0.0512572	0.0217991	0.0003148	0.0425865	-0.428321	0.0044377	0.0148811	-0.0042259	0.302937	0.009442	0.0204849	0.0589243	-0.0125842	0.0489382	0.0060148	0.0050409	-0.0458987	-0.382114	-0.0160959	0.013009	-0.012986	0.0060971	-0.0274961	0.0020044	-0.461296	-0.468041	-0.0013362	-0.0195669	-0.002988	0.0154935	-0.424062	0.155523	0.0647775	0.0209982	-0.453412	0.0353112	0.161039	-0.0030617	-0.00909333	-0.0084061	0.0257563	-0.470632	0.0313528	0.103759	-0.0065706	-0.433369	0.0654585	0.034248	-0.0667182	-0.0011139	0.0776008	-0.0149078	-0.0141654	0.0417856	0.075124	0.0160033	-0.0038675	-0.0114747	0.0118217	-0.0205042	-0.0008158	0.039812	0.293107	0.0198793	-0.0070485	0	-0.0066856	-0.284313	-0.0075322	-0.0154597	-0.461037	0.040391	-0.0188788	-0.0055452	-0.464962	-0.00971542	
-0.0065977	0.0045121	-0.0510976	-0.00290893	0.0112508	-0.191026	0.105738	0.0663261	0.0265	-0.00276002	0.0442755	-0.399528	0.129428	-0.0131557	0.0429604	0.0236539	0.0124464	-0.0262556	-0.33961	0.0622775	-0.0329695	-0.362848	0.232432	0.154126	-0.00850955	-0.411804	0.0290453	0.256355	-0.0022413	-0.327313	0.0885163	0.0167091	-0.012499	-0.0130879	0.0328253	0.0169441	0.011325	0.00181951	0.00511156	-0.0116601	0.030624	-0.00180955	-0.196627	-0.399911	-0.0140085	
-0.00996179	0.0045121	-0.0591153	-0.00253121	0.00945407	0.105738	0.0660224	0.0309448	-0.000310518	-0.362848	-0.399528	0.162418	-0.188714	-0.19086	0.0662906	-0.00357316	-0.331592	0.0380921	0.0321929	-0.408888	0.155969	-0.41443	0.292101	0.0154369	-0.0140085	
-0.00996179	0.000988789	-0.0598303	-0.0099245	0.0135736	0.136959	0.0630666	0.0183654	0.00310556	-0.417882	-0.466575	0.0999686	-0.232148	-0.211623	0.0121676	-0.398481	0.158834	0.0989709	0.0359936	0.0329021	-0.472811	0.18684	-0.479292	0.25757	-0.0129526	
-0.00760298	0.00348417	-0.42709	-0.00146706	0.00633017	0.143646	0.0630666	0.0301123	-0.00632918	-0.400625	-0.436276	0.0908725	-0.214044	-0.215716	0.0122375	0.029424	0.0159319	-0.00860821	0.0230775	-0.427953	0.17453	-0.454218	0.0877412	
-0.0083882	0.00304015	-0.422449	-0.00168904	0.00915816	0.0964322	0.0345582	0.0204943	9.79503e-05	-0.385776	-0.431635	0.159126	-0.218279	-0.203841	0.00577582	0.0355971	-0.0144862	-0.438292	0.0635189	0.17453	-0.450134	0.110843	
-0.0103839	-0.00126395	-0.428502	-0.00164019	0.00977587	0.112873	0.0474754	0.0260016	0.00516993	-0.400508	-0.438308	0.0960987	-0.197322	-0.231341	0.0137985	0.0380656	0.167177	-0.0164865	-0.441343	0.0764781	0.175919	-0.455476	
-0.0103839	0.00184548	-0.428502	-0.000295794	0.00260264	0.130514	0.0408518	0.0209192	0.00206051	-0.364091	-0.43743	0.086318	-0.273699	-0.146475	0.0126289	0.0308618	0.0686063	-0.0149144	0.00791395	-0.441495	0.0754468	-0.454681	0.181296	
-0.00722733	0.00474454	-0.452506	0.000717492	-0.477711	0.131955	0.0294409	0.00541541	0.000602369	-0.418413	-0.459993	0.166004	-0.317285	-0.134975	0.012182	0.0305249	0.090584	-0.00889041	0.169358	0.0353888	-0.467487	-0.00533834	0.0658601	
-0.00871796	0.00159765	-0.419296	3.77196e-05	-0.445394	0.100998	0.150841	0.00924767	0.00688911	-0.399555	-0.427776	0.0909881	-0.301911	-0.100494	0.0131089	0.0355398	0.0631405	0.0773402	0.136458	0.0248934	-0.432467	
-0.00793372	0.00107106	-0.394198	0.0050862	-0.420588	0.132224	0.144281	0.00539396	0.00741715	-0.357478	-0.402676	0.198732	-0.283248	-0.102055	0.018193	0.0355398	0.0640195	0.123891	0.166628	0.0285415	-0.387642	7.24052e-05	
-0.00875784	0.00497326	-0.394198	4.3509e-05	-0.420543	0.100737	0.128862	0.00869039	0.00494313	-0.368664	-0.402676	0.0992849	-0.227071	-0.16692	0.0196808	0.0300595	0.068073	0.0992858	0.15921	0.028425	-0.388691	-0.00543699	0.0103465	
-0.00896056	0.00341218	-0.43305	-0.00189461	-0.459529	0.083853	0.119164	0.00967158	0.0131765	-0.377747	-0.441528	0.10933	-0.206092	-0.216097	0.0255035	0.0346616	0.0731931	0.253834	0.188436	0.0334303	-0.424066	
-0.00630444	0.00474198	-0.430166	-0.00140641	-0.455011	0.0885856	0.0630615	0.00192575	0.0107098	-0.395087	-0.438099	0.0842234	-0.242435	-0.433632	0.0249132	0.035301	0.0595792	0.17349	0.186235	0.0494803	-0.440545	
-0.00651343	0.00474198	-0.430166	-0.00503178	-0.454264	0.0908526	0.0123914	0.00483318	-0.392873	-0.437888	0.120249	-0.262703	-0.422666	0.0206056	0.0361785	0.0641218	0.0763692	0.207256	0.0372444	-0.450167	0.262066	-0.00727361	-0.0848244	
-0.00493226	0.0128854	-0.430756	-0.000886543	-0.452347	0.0888075	0.0151747	-0.000484073	-0.401908	-0.438599	0.0685969	-0.261291	-0.417878	0.02371	0.0368894	0.0552347	0.0650875	0.261519	0.0344555	-0.443441	-0.251833	0.0102354	-0.131971	
-0.00637155	0.00463047	-0.456657	-0.00611664	-0.479419	0.0959951	0.0101103	-0.0459796	0.00705822	-0.427534	-0.4645	0.0984821	-0.238143	-0.460922	0.0256059	0.0353678	0.0552666	0.101111	0.180238	0.0493506	-0.468093	-0.00449531	
-0.00736012	0.00303218	-0.445125	-0.00801741	-0.467368	0.100285	0.00708102	-0.0276219	0.0152511	-0.416398	-0.453769	0.0891507	-0.272516	-0.43871	0.0186894	0.0277008	0.0732083	0.0361403	0.181922	0.0339596	-0.456254	-0.0154247	
-0.00855797	0.0021347	-0.467047	-0.00338909	-0.486291	0.0833656	0.0118154	-0.0217505	0.00440899	-0.422303	-0.475577	0.0443793	-0.253702	-0.45742	0.0200753	0.0359922	0.0593683	0.139046	0.177035	0.0336705	-0.477647	-0.0638965	0.00705579	0.00852978	
-0.0102205	0.00353528	-0.419729	-0.000378961	-0.44266	0.0990384	0.0105421	-0.0961458	0.00111312	-0.400269	-0.428026	0.0719598	-0.233803	-0.409201	0.0147645	0.0357595	0.0572107	0.0669912	0.235328	0.0303988	-0.418729	0.0255572	-0.00195438	
-0.00673202	0.00354918	-0.447754	-0.00479034	-0.471221	0.0911434	0.0109926	-0.00617549	0.00366684	-0.407359	-0.455689	0.157269	-0.297389	-0.443237	0.0128496	0.0389098	0.0568621	0.149346	0.142563	0.0344729	-0.450114	0.000271451	
-0.00747073	0.00419998	-0.4411	-0.00500381	-0.46589	0.0697633	0.00923254	-0.102846	0.00381923	-0.407393	-0.449273	0.0660068	-0.275873	-0.430809	0.0303113	0.0319487	0.0597358	0.117159	0.225993	0.033959	-0.459483	-0.00113048	0.00190485	
-0.00747073	-0.00134127	-0.41947	-0.00275109	-0.444927	0.079305	0.00958638	0.00311532	0.00707293	-0.396775	-0.427801	0.104791	-0.265167	-0.392032	0.0161301	0.0355278	0.0580672	0.193366	0.133094	0.0325638	-0.429576	0.00391872	
-0.00776201	0.00165701	-0.417826	-0.00328565	-0.444924	0.103801	0.00772444	-0.0833175	0.00957417	-0.38542	-0.426939	0.111723	-0.235001	-0.398958	0.0177531	0.0351669	0.05986	0.352425	0.22522	0.0175117	-0.430372	0.00339178	
-0.00747466	0.0015938	-0.412594	-0.0059033	-0.438786	0.0632956	0.00772444	-0.0401038	0.00911562	-0.360756	-0.421215	0.081257	-0.246563	-0.412247	0.0141753	0.0313954	0.0638817	0.110426	0.155793	0.0172832	-0.42001	-0.000417484	
-0.00854738	0.000152539	-0.412594	0.0114073	-0.43933	0.114375	0.00675724	-0.0246869	0.00705418	-0.363063	-0.422113	0.0857787	-0.105713	-0.412654	0.0143893	0.0322935	0.0643516	0.0980664	0.14543	0.0272246	-0.404267	0.00419034	
-0.00972724	0.00108393	-0.412242	0.00151119	-0.439544	0.108717	0.00696212	-0.0610657	0.0121502	-0.354551	-0.422897	0.0944781	-0.115142	-0.409228	0.0122234	0.0394843	0.0639154	0.115731	0.174906	0.0294703	-0.412745	0.00292769	
-0.00866642	-0.000650809	-0.403287	0.00818432	-0.430297	0.113245	0.00683468	-0.116005	0.0151889	-0.351703	-0.412961	0.121656	-0.205706	-0.394797	0.00487096	0.035155	0.0604072	0.0693728	0.236048	0.0261174	-0.410201	0.0025261	-0.00462902	
-0.00866642	0.00423016	-0.403287	0.0110821	-0.429024	0.103344	0.00663743	-0.0898439	0.00252411	-0.342002	-0.413327	0.110029	-0.175008	-0.39305	0.00426058	0.0412105	0.0544663	0.13923	0.231199	0.0586498	-0.408697	0.00126362	
-0.00963848	0.000858204	-0.391159	0.00968896	-0.417824	0.0994425	0.00302118	-0.0466751	0.00658087	-0.355696	-0.40089	0.057135	-0.0783728	-0.392834	0.00872564	0.0311014	0.0563114	0.160891	0.0235444	-0.368149	-2.52406e-05	
-0.0116206	-0.00179199	-0.391066	0.00222007	-0.417815	0.115526	0.00119514	-0.048024	0.0136079	-0.357232	-0.401035	0.098705	-0.193622	-0.389791	0.015455	0.0380121	0.0641873	-0.00246074	0.181387	0.0307792	-0.390256	-0.00640732	0	0.010024	
-0.0103859	-0.00157773	-0.377264	0.00330136	-0.40421	0.120877	0.00391786	-0.0548212	0.0118339	-0.356622	-0.387547	0.0854532	-0.183607	-0.365677	0.00835917	0.044285	0.058153	-0.00112028	0.162956	0.0308132	-0.370965	0	-0.00244616	
-0.011043	0.00141725	-0.368223	0.000795338	-0.395771	0.123943	0.00450644	0.0444848	0.0108507	-0.324434	-0.377443	0.184511	-0.167522	-0.362134	0.00975813	0.0397692	0.0463285	-0.001205	0.110219	0.0170556	-0.373233	-0.00704065	
-0.0112336	0.00263083	-0.408479	-0.00107064	-0.434905	0.107997	0.00461601	-0.030861	0.0141538	-0.378685	-0.41727	0.0909923	-0.192655	-0.382593	0.00878628	0.0401582	0.0510542	0.000702923	0.179508	0.0454303	-0.420156	0	0	
-0.00760918	-0.000398759	-0.364795	-0.00296304	-0.391757	0.110663	0.00473354	-0.112246	0.0135148	-0.332189	-0.374354	0.130869	-0.0972892	-0.351702	0.00728911	0.0385909	0.0509955	0.0011626	0.244924	0.0510402	-0.367328	0	-0.00101528	
-0.00693712	-0.00147255	-0.364893	0.00337536	-0.391001	0.113262	0.00795618	-0.126791	0.0141478	-0.330621	-0.37389	0.0847613	-0.18917	-0.344847	0.00710261	0.038127	0.0483219	-0.00082781	0.253329	0.0283428	-0.377096	0.0108402	
-0.00921136	-0.000157428	-0.420797	0.000218153	-0.447564	0.136861	0.010217	-0.0975702	0.00702209	-0.383102	-0.429794	0.124295	-0.23009	-0.411924	0.00562162	0.0339578	0.0530884	0.00111756	0.191208	0.0283512	-0.436958	-0.0100966	-0.00392451	-0.00985131	0.00172871	
-0.0084526	-0.00103551	-0.402829	-0.429368	0.118328	0.00352492	-0.0869199	0.0113488	-0.366139	-0.411826	0.139112	-0.198715	-0.389382	0.00261802	0.0432152	0.0595938	0.00102884	0.207181	0.0144507	-0.420178	0.00162109	0.00807949	0.0646314	
-0.00511597	-0.00609869	-0.377839	-0.343053	-0.404602	0.123472	0.00498865	-0.0888537	0.0060186	0.0539768	-0.387874	0.160198	-0.193127	-0.38308	0.00527366	0.0426584	0.00382537	0.208614	0.01022	-0.397335	-0.137343	-0.00492906	0.000999898	0.00346313	
0.00337288	-0.000532312	-0.38289	-0.343893	-0.410521	0.114565	0.00486126	-0.106324	-0.364624	0.0552817	-0.393428	0.146073	-0.0114191	-0.38967	0.00261708	0.0428782	0.00344726	0.205426	0.021962	0.00281633	-0.241286	-0.111866	0.0129257	
-0.000836486	-0.0106269	-0.384953	-0.354517	-0.410892	0.134565	0.00574584	-0.077309	-0.37695	0.0549295	-0.393076	0.108829	-0.00888199	-0.371859	0.00677787	0.0379708	0.00917207	0.173359	0.0230739	-0.00325432	-0.351597	-0.20423	0.0127453	
-0.000815346	-0.00563996	0.00645851	-0.386568	-0.451794	0.109116	0.0130346	-0.0383093	-0.395519	0.048974	-0.433766	0.0810091	-0.0104159	-0.41272	0.00485561	0.0349891	0.00570842	0.148957	0.0326383	0.0096735	0.000994616	-0.425707	-0.218197	
0.00660965	-0.00273143	-0.000358786	-0.354577	-0.406145	0.148059	0.0096906	-0.0178965	-0.365458	0.0490393	-0.390396	0.12809	-0.0123185	-0.358914	0.00421005	0.037803	0.00207073	0.138491	0.03529	0.0096735	-0.381543	-0.196861	
0.00610555	0.00116597	0.00597816	-0.333095	-0.391782	0.154413	0.0116496	-0.0285273	-0.356734	0.0586553	-0.374954	0.106546	-0.00936863	-0.359088	0.00741083	0.0455157	0.00431367	0.13044	0.0287602	0.00488847	-0.366101	-0.183178	
0.00500542	-0.000497517	0.00310001	-0.320097	-0.391133	0.117575	0.00628717	-0.054418	-0.360781	0.0553459	-0.372735	0.0969324	-0.00723401	-0.355749	0.00471291	0.034385	-0.000356555	0.169354	0.0302721	0.00795083	-0.364426	-0.00616112	-0.206926	-0.00237741	-0.165143	-0.000543929	
-0.000158587	-0.000869552	0.00585247	-0.294148	-0.390821	0.1245	0.00642337	-0.0481342	-0.37662	0.0583311	-0.372871	0.0917795	-0.00637259	-0.362529	0.0117511	0.0347482	0.00133942	0.167107	0.03127	0.00504751	-0.364054	-0.236377	0.0113802	
-0.00191301	-0.00255569	0.00468239	-0.340299	-0.404961	0.134445	0.00618819	0.0260781	-0.392469	0.0600721	-0.386967	0.123933	-0.00804566	-0.349112	0.0102946	0.036901	0.00133942	0.114751	0.0314317	0.0122347	-0.37815	-0.166466	0.0121209	0.0189781	
-0.00191301	-0.00285821	-0.000721039	-0.336157	-0.407404	0.118144	0.00755189	0.0102661	-0.387423	0.0576642	-0.389608	0.1507	-0.0101529	-0.390404	0.00904987	0.0411348	0.000976742	0.117805	0.0223424	0.00867598	-0.380126	-0.21927	0.0136245	0.00760611	
-0.00102882	-0.000559575	-0.0011812	-0.346967	-0.407535	0.12336	0.00561771	0.0314536	-0.394843	0.0654547	-0.389579	0.151324	-0.00749677	-0.383542	0.0110073	0.0380548	-5.32264e-05	0.097844	0.0264758	0.00584439	-0.380126	-0.0914659	0.0264897	0.00404151	-1.85077e-06	
-0.0013944	-0.00272685	0.00692779	-0.326155	-0.390888	0.122904	0.00832349	0.0360656	-0.379513	0.0578974	-0.373937	0.1898	-0.00871323	-0.370282	0.00996406	0.0444169	-5.32264e-05	0.109047	0.0345718	0.00562254	-0.364484	-0.188119	0.0132935	0.00518016	
-0.00335594	-0.003756	0.00355224	-0.325934	-0.392036	0.122209	0.00548884	0.0269955	-0.368098	0.0576258	-0.373665	0.153305	-0.00937506	-0.356268	0.00940194	0.0430364	0.00383578	0.117846	0.0241355	0.0133955	-0.366105	-0.196581	0.0227991	0.00551146	
0.000142115	-0.00379288	0.00440039	-0.347616	-0.41194	0.110222	0.00657519	0.0418604	-0.403271	0.0576258	-0.394092	0.0985149	-0.00639404	-0.37898	0.00630293	0.0476454	0.00442917	0.0844692	0.0216098	0.00718458	-0.387088	-0.177005	0.0123909	0.0472239	
-0.00130901	0.000181942	0.00405027	-0.371489	-0.41918	0.109228	0.00453581	0.0301397	-0.407204	0.0615076	-0.401387	0.175602	-0.00694681	-0.390583	0.00660806	0.0363303	-0.000539316	0.0985498	0.0283375	0.00718458	-0.392548	-0.175232	0.0112532	
0.00330302	-0.00423451	0.00239945	-0.375929	-0.418264	0.127307	0.00479059	0.00528657	-0.407456	0.0521018	-0.401387	0.157768	-0.00919703	-0.388257	0.00865598	0.0405361	0.00540238	0.113998	0.0285919	0.00837151	-0.392548	-0.158253	-0.00159013	-0.00638078	0.0033398	0.00794051	
0.000216415	-0.00132033	0.0112953	-0.374994	-0.418914	0.116743	0.00707157	0.0280269	-0.402978	0.0610022	-0.401681	0.078106	-0.0111814	-0.389067	0.00646076	0.0441369	0.000176679	0.0912572	0.0303839	0.0106352	-0.392972	-0.23418	0.00470009	-0.00243776	0	0.0114105	-0.00852909	
0.00147171	-0.00141691	0.000342226	-0.397604	-0.45971	0.0937936	0.00874335	-0.0423825	-0.45082	0.0631184	-0.44179	0.207774	-0.00762801	-0.433028	0.00500114	0.0289242	0.00363425	0.197464	0.0152531	0.0090996	-0.434247	-0.279253	0.0178283	-0.00432384	-0.00226873	0.00600002	0	
-0.00336004	-0.000314018	-0.00416383	-0.458326	-0.504211	0.110034	0.00376568	-0.015651	-0.489994	0.0727702	-0.485823	0.13498	-0.00881746	-0.488004	0.00500114	0.039716	0.000685485	0.143757	0.0140579	0.0118666	-0.478965	-0.302977	0.0329551	0	
-0.0027388	-0.000468771	0.0120229	-0.401088	-0.453992	0.114407	0.00577035	-0.0618912	-0.439408	0.0726883	-0.435236	0.162541	-0.0111456	-0.422916	0.00595139	0.0373351	-0.00313888	0.182947	0.0169965	0.01251	-0.425124	-0.298401	0.0293287	0.0187006	0.00680746	
-0.00507139	-0.00376337	0.0283395	-0.424039	-0.47194	0.122551	0.00772373	0.0369116	-0.460574	0.0676186	-0.453187	0.145348	-0.00806623	-0.440675	0.00464088	0.033406	0.00232946	0.126985	0.016702	0.0145672	-0.445493	-0.223874	0.0205585	0.00459481	0.000908983	
-0.0022501	-0.00155682	0.00555444	-0.416195	-0.47027	0.125133	0.00495095	-0.0528059	-0.427799	0.0556776	-0.451328	0.18774	-0.00726492	-0.430456	0.0105508	0.0365031	-0.000652828	0.15969	0.0123581	0.00690565	-0.443511	-0.31685	0.0135523	0.00640171	
0.00156175	0.000895747	-0.00179129	-0.358306	-0.421552	0.115041	0.00527373	-0.0969316	-0.403288	0.0575488	-0.403159	0.145776	-0.00900674	-0.392595	0.00676442	0.0380316	-0.000654058	0.222922	0.0384018	0.00593334	-0.39502	-0.206138	0.0151314	-0.015277	
0.000602918	0.00314947	-0.000991045	-0.349933	-0.421346	0.150686	0.00866405	-0.0366829	-0.399077	0.0719361	-0.403159	0.103351	-0.00803332	-0.393545	0.00595564	0.0358335	-0.00175275	0.158656	0.00264607	-0.39502	-0.25376	0.00126989	0.0299153	
-0.000499271	-0.00372731	0.00218879	-0.341922	-0.420047	0.156964	0.00657607	-0.0418287	-0.411831	0.0612064	-0.403159	0.199491	-0.00771046	-0.381811	0.00666597	0.0334299	-0.00218523	0.173	0.0150589	0.00628208	-0.393532	-0.216563	0.0232427	
0.0019105	-0.0019177	0.0165336	-0.378251	-0.455474	0.147989	0.00608404	0.0523293	-0.442404	0.0624319	-0.436802	0.137455	-0.0095075	-0.427906	0.0103237	0.027941	0.00208387	0.0823922	0.0122105	0.007604	-0.427667	-0.274907	0.0200966	-0.00273239	
-0.000824884	0.00197354	0.0121124	-0.395378	-0.4556	0.141847	0.00940125	-0.00151883	-0.447436	0.0730928	-0.438022	0.135417	-0.0095075	-0.423236	0.00879879	0.0303856	-0.00389124	0.115696	0.0164251	0.007604	-0.427667	-0.212199	0.0160826	0.0176412	
-0.00245615	0.00281504	0.00455953	-0.366656	-0.42651	0.12245	0.00354194	-0.0192306	-0.422849	0.0692326	-0.410835	0.122977	-0.0102957	-0.407245	0.00198646	0.0356423	-0.0048281	0.180576	0.0112871	0.00851106	-0.401675	-0.234903	0.00913403	0.00752823	0.0114986	
-0.00399424	-0.00709246	0.00137616	-0.376897	-0.425637	0.122366	0.00462667	-0.0205336	-0.423847	0.0794579	-0.410835	0.145236	-0.00877302	-0.377417	0.00637383	0.0356423	0.00603547	0.130828	0.0138708	0.0046891	-0.402875	-0.261279	0.00279396	-0.00252198	
0.0015343	-0.00507269	-0.00271299	-0.343209	-0.413196	0.105503	0.006544	0.0110913	-0.39424	0.0603448	-0.395527	0.103995	-0.00688462	-0.394185	0.00938604	0.0359593	0.00467889	0.142551	0.0190281	0.00401132	-0.387552	-0.167551	0.00900035	0.0254377	0.00598336	
-0.00253291	-0.00578916	-0.000279067	-0.328047	-0.385344	0.110338	0.00409956	-0.0454199	-0.379111	0.0635444	-0.368991	0.108423	-0.00688462	-0.347432	0.00518561	0.0391042	0.00231853	0.167223	0.0207232	0.00766446	-0.361016	-0.214183	0.0262679	
-0.00297594	0.00242827	-0.00145064	-0.294174	-0.374537	0.143174	0.00485547	-0.0548379	-0.340247	0.0578747	-0.359419	0.0680975	-0.00708686	-0.356952	0.00861126	0.0357358	-0.00385271	0.152963	0.022259	0.00884784	-0.351223	-0.182043	0.00673774	0	-0.000861877	
-0.00252645	0.00292467	0.00146162	-0.335538	-0.414217	0.133425	0.00176452	0.0221277	-0.379623	0.0674088	-0.398324	0.0892569	-0.00445574	-0.380994	0.00861126	0.0357358	-0.00330847	0.0761128	0.0215408	0.00388421	-0.389891	-0.284108	0.0253975	
0.00158311	-0.000401389	0.00574099	-0.323793	-0.405586	0.13555	0.00365595	0.0121586	-0.394938	0.0698764	-0.392651	0.0631596	-0.00343192	-0.393171	0.00559884	0.0341723	0.000498446	0.112105	0.0129542	0.00430439	-0.384954	-0.282834	0.00137749	-0.00526979	0	
-0.0012106	0.00329364	0.00541021	-0.355244	-0.407045	0.13433	0.00346343	0.00261687	-0.368398	0.0698609	-0.392651	0.0703451	-0.00256765	-0.377452	0.00927655	0.0341723	-0.00200191	0.114742	0.022233	0.00734065	-0.385408	-0.235339	0.00624082	0.0293843	
-0.00188717	0.00498826	-0.00462499	-0.394184	-0.44559	0.13043	0.00736336	-0.0387982	-0.434464	0.0653534	-0.433543	0.0651391	-0.00209314	-0.415772	0.00987762	0.0341088	-0.00369652	0.149242	0.0254899	0.00400226	-0.426301	-0.279224	0.0089819	-0.00740953	0.0257679	0.00504391	
-0.000839632	0.00288369	0.0160453	-0.283044	0.15328	0.00158152	-0.0505629	-0.342039	0.0565503	-0.340542	0.0728654	-0.000750914	-0.32655	0.0137229	0.0357935	0.00314848	0.173982	0.013382	0.00673034	-0.334891	-0.212409	0.00478937	0.10636	
-0.00180585	0.00265046	-0.00240805	0.00670345	0.0521936	0.121351	0.00650948	-0.0730283	-0.384109	0.0565771	-0.378491	0.167098	-0.00477595	-0.366515	0.00982694	0.0449132	-0.00134701	0.183095	0.0111718	0.00279535	-0.372042	-0.215383	0.00703431	-0.346285	0	
-0.00186961	-0.0046554	0.00281915	0.00387493	-0.0290666	0.18237	0.00929401	-0.0691568	-0.376616	0.0632315	-0.380349	0.0705507	-0.00644682	-0.371733	0.0148743	0.040805	0.00284825	0.197208	0.0110036	0.0064743	-0.373382	-0.240146	0.00656932	-0.341895	0.0201367	0.00160831	
-0.00171285	-0.00418871	0.00773576	0.000686848	-0.023219	0.186068	0.00226925	-0.014078	-0.381488	0.0673872	-0.383064	0.0708469	-0.00215546	-0.372484	0.0134475	0.0462017	0.00438876	0.158389	0.0296328	0.00510447	-0.376097	-0.19432	0.0111609	-0.352423	
0.000884051	-0.000703681	0.0010347	-0.00253763	0.0628763	0.178138	0.0049643	-0.0122333	-0.390343	0.0659506	-0.387026	0.202573	-0.00252847	-0.382485	0.00864789	0.0349421	0.00651751	0.179609	0.0102298	0.00563519	-0.379686	-0.175828	0.00281861	-0.332667	0.00373591	0	
-0.00308229	-0.00414382	-0.00256712	0.0148465	0.148618	0.00567902	-0.0363235	-0.354833	0.0702238	-0.342404	0.0851852	-0.00362808	-0.326647	0.00991288	0.0349421	0.00271972	0.165557	0.00833727	0.00979823	-0.335835	-0.1581	0.0226037	-0.301803	-0.00571257	0.0297959	
-0.00312899	-0.00396789	0.0028587	0.190948	-0.00789641	0.130671	0.00489485	-0.102814	-0.363679	0.0532167	-0.35245	0.100177	-0.0024777	-0.344861	0.01014	0.0403687	0.00429953	0.226972	0.0140947	0.00562143	-0.345881	-0.179299	0.00702705	-0.305465	0	0	
-0.00117065	-0.0050888	-0.000365936	0.155324	-0.0163556	0.13206	0.00523796	0.0212028	-0.359441	0.0713962	-0.346038	0.136952	-0.00128308	-0.345324	0.0127544	0.0287016	0.00542043	0.104363	0.0225986	0.00718273	-0.339126	-0.143588	0.00793711	-0.288243	
-0.00351944	-0.00803034	0.00669007	0.162716	-0.0258723	0.108018	0.00593499	-0.0679422	-0.351699	0.0684073	-0.345891	0.0413751	-0.0038452	-0.349559	0.0103499	0.0400006	0.00482445	0.193362	0.0151857	0.0139962	-0.338661	-0.217354	0.0182188	-0.30756	
-0.00351944	-0.0066058	0.00629682	0.146894	-0.0219082	0.106605	0.00526754	-0.0296113	-0.353713	0.0652461	-0.344016	0.101702	-0.0044114	-0.339721	0.0139205	0.0385767	0.00443688	0.125708	0.0224247	0.0108026	-0.336487	-0.178186	0.0102264	-0.318934	
-0.00345303	-0.00627985	-0.00246265	0.132902	-0.00429191	0.108465	0.00531748	-0.0120801	-0.355205	0.0543973	-0.344016	0.0568792	-0.0038764	-0.339009	0.0135159	0.0343165	0.00360829	0.136392	0.0146029	0.00731019	-0.334685	-0.138802	0.0187758	-0.301556	-0.0054439	0.0109467	
-0.00507789	-0.00500825	-0.00643027	0.118028	-0.00401925	0.144783	0.00339527	-0.0348408	-0.37034	0.0627002	-0.364565	0.07257	-0.00440306	-0.349653	0.0152251	0.0374624	0.00472971	0.157609	0.0242966	0.0134729	-0.355014	-0.120789	0.0380854	-0.344152	
-0.0024967	-0.00289072	0.00549505	0.0971524	-0.00984348	0.130723	0.00744224	0.0207353	-0.378043	0.06654	-0.368589	0.0703812	-0.00248145	-0.369877	0.0178325	0.0423783	0.00428886	0.118761	0.0112984	0.00769663	-0.360716	-0.146889	0.0179319	-0.329973	-0.0250508	0	
-0.00462642	0.000494645	-0.000671648	0.2093	-0.00699018	0.136023	0.00807363	0.0369486	-0.378284	0.0582786	-0.368589	0.0798456	0.000131683	-0.368383	0.0144044	0.0433456	-0.000294466	0.114657	0.0147751	0.00531267	-0.360716	-0.246188	0.0361219	-0.334097	
-0.00185773	-0.006938	0.0216674	0.171473	0.0134084	0.10886	0.00854389	-0.0194565	-0.361127	0.0587489	-0.352159	0.114033	-0.00112733	-0.341253	0.0131195	0.0328295	0.00787198	0.130789	0.028974	0.00288552	-0.343942	-0.168263	0.0361003	-0.312142	
-0.00185773	-0.0042178	0.00798893	0.0158067	-0.0186863	0.10487	0.00714997	0.0378066	-0.39337	0.0615512	-0.385008	0.159502	-0.00275581	-0.387307	0.0144696	0.0343918	0.0021242	0.0811458	0.0185941	0.00870194	-0.376867	-0.230549	0.019528	-0.350753	-0.00528171	
-0.00183416	6.34358e-05	0.0159448	0.146416	-0.0158758	0.10832	0.00971554	0.0216951	-0.357749	0.0548686	-0.391545	0.13839	0.000104846	-0.389072	0.0184773	0.037221	-0.00130495	0.111616	0.0212781	0.0185384	-0.383404	-0.197334	0.0120749	-0.364803	0.00724535	
-0.00316081	-0.00273995	0.00667391	0.364982	-0.0130744	0.0948339	0.00473984	0.0385207	-0.401055	0.0622983	-0.415153	0.144368	-0.00627213	-0.408448	0.0152816	0.0377379	0.00111164	0.0875983	0.0205521	0.0113137	-0.40698	-0.235917	0.0477666	-0.380148	0.0313622	0	
0.00199499	-0.00359497	0.00381126	0.063217	-0.0187643	0.122289	0.00629927	-0.0676427	-0.391455	0.0654666	-0.393131	0.238078	-0.00381026	-0.390427	0.010844	0.0378568	0.00436782	0.196544	0.0271382	0.00260604	-0.384191	-0.170206	0.0415401	-0.356148	
0.00215851	-0.00410739	0.000986348	0.25795	-0.0232517	0.0967931	0.00579784	0.0340842	-0.398744	0.0624526	-0.393131	0.14695	-0.00690266	-0.398431	0.0134516	0.0324323	0.00206804	0.0948169	0.0255719	0.0080504	-0.383916	-0.190866	0.0297814	-0.351537	
-0.000982131	-0.0013867	-0.00094095	0.168332	-0.0201017	0.0967931	0.00322876	0.0464879	-0.381673	0.0596752	-0.380172	0.0944645	0.00021782	-0.373964	0.0155841	0.0450932	0.00345406	0.102271	0.00962228	0.00205707	-0.370957	-0.184397	0.0377426	-0.32838	
0.000651377	-0.000824543	0.00350193	0.165014	-0.0119611	0.11259	0.00667995	-0.025941	-0.377268	0.0607491	-0.379877	0.142999	0.00373533	-0.379508	0.0198011	0.0376777	0.00318117	0.150735	0.0231294	0.00628979	-0.3737	-0.287994	0.0339453	-0.330265	0.0168858	
0.000828553	0.00453297	0.0119054	0.0197382	-0.00548126	0.102038	0.00679244	0.0451438	-0.37001	0.0537972	-0.371977	0.0686321	-0.00207423	-0.356904	0.0123456	0.0446051	-0.00541044	0.0812819	0.0200048	0.00568487	-0.363458	-0.186323	0.0382106	-0.326452	
-0.00261424	-0.000928769	-0.00312137	-0.0281585	-0.0206849	0.0973332	0.00679244	-0.0287101	-0.41852	0.0741588	-0.420173	0.0758124	-0.00512819	-0.419609	0.0139902	0.0415803	-0.000525837	0.155136	0.0271078	0.00812791	-0.411654	-0.245727	0.0305014	-0.393508	0.0119959	
-0.000481444	-0.00436231	-0.000192999	0.125072	0.00340784	0.127213	0.00945252	-0.0266646	-0.369179	0.0654111	-0.387516	0.117746	-0.00343625	-0.379	0.0135545	0.0339838	0.00459964	0.133119	0.0139145	0.00926882	-0.380689	-0.171867	0.0286129	-0.344537	0	
0.0011053	-0.00350096	-0.0034829	0.0928127	-0.00468832	0.131546	0.0100187	0.0198413	-0.364763	0.0542734	-0.386694	0.0862828	-0.00343625	-0.381647	0.0134517	0.0372683	0.00330834	0.103461	0.0178617	0.00332789	-0.379866	-0.201173	0.0198815	-0.336094	0	0	
0.00105204	-0.00266863	0.00565025	0.0517405	-0.0126497	0.0833052	0.00100307	0.0407028	-0.361313	0.0625869	-0.383525	0.159551	-0.00384742	-0.361229	0.0114758	0.038467	0.00158027	0.0968045	0.024026	0.0135517	-0.375641	-0.150056	0.0237721	-0.345087	
-0.00132355	-0.00157595	-0.000793037	0.221602	0.0224098	0.11038	0.00687741	-0.0989515	-0.375455	0.0627361	-0.422541	0.125287	-0.00512859	-0.419151	0.0108937	0.0279086	0.00180661	0.214859	0.0137256	0.00907494	-0.413527	-0.190108	0.00715726	-0.383592	-0.00960075	0	
-0.00359791	-0.00157595	0.00776217	-0.101515	0.014097	0.105943	0.00725444	-0.0765091	-0.405767	0.0700817	-0.40919	0.113657	-0.00644965	-0.406276	0.0127053	0.0320675	-0.00143417	0.192417	0.0286595	0.00967936	-0.400176	-0.196261	0.0216199	-0.369363	
-0.00237512	-0.00209446	0.0215791	0.0630211	0.016432	0.0907166	0.0111572	-0.0403774	-0.355713	0.0575409	-0.388885	0.0794252	-0.0082985	-0.383118	0.0127053	0.0320675	-0.00131309	0.185989	0.0278769	0.0108405	-0.379663	-0.196084	0.0105547	-0.345305	
-0.00439096	0.00016799	0.013667	0.0512018	0.0287095	0.103368	0.00524133	0.0188726	-0.405133	0.0557036	-0.406179	0.138457	-0.00646599	-0.391895	0.00907866	0.0274775	-0.00359407	0.0995903	0.0359872	0.00824927	-0.396789	-0.166445	0.0155853	-0.358846	
-0.00110577	-0.00238272	0.0160582	0.116731	0.0409544	0.0718007	0.00606768	-0.0268689	-0.366459	0.0601155	-0.380935	0.0570446	-0.00142649	-0.371674	0.0100043	0.0317603	0.00161562	0.143966	0.0305423	0.0107271	-0.373313	-0.246176	0.0130404	-0.339442	
-0.00234902	-0.00894819	0.00623171	0.159552	0.0294347	0.0780243	0.00633111	-0.145267	-0.356684	0.0536425	-0.3782	0.132697	-0.00841221	-0.376613	0.00865806	0.0317603	0.00788117	0.252791	0.0351865	0.00399772	-0.369311	-0.163768	0.0176568	-0.343542	-0.00535723	0.0159455	0.00260421	-0.00123268	0.00830243	0.011673	
-0.00296192	-0.0022377	0.0070508	0.0477034	0.0272658	0.117259	0.00255598	0.00278594	-0.447765	0.0551179	-0.443672	0.126094	-0.000633697	-0.423896	0.0132186	0.0320446	0.00904117	0.130472	0.0264895	0.00611474	-0.435445	-0.20844	0.0147369	-0.406239	0.0140349	-0.00583519	
-0.00358476	-0.00174097	0.0146124	0.0722136	-0.00743992	0.10441	0.00726608	-0.0482866	-0.358435	0.065404	-0.362269	0.166423	-0.00555987	-0.352521	0.0138958	0.0272705	-0.000285707	0.173091	0.0308243	0.00386908	-0.354875	-0.0977226	0.00911509	-0.31298	0.0076862	0.00469843	-0.00312482	-0.00822593	
-0.00417411	-0.00483898	0.00846769	0.119256	0.000136452	0.103413	0.00542082	0.0452943	-0.388393	0.065404	-0.387248	0.0896979	-0.00540799	-0.383902	0.0138958	0.0292613	0.001588	0.0879498	0.0170611	0.00811941	-0.379855	-0.165532	0.0203747	-0.34548	-0.0101804	
-0.00427149	-0.00707047	0.00754914	0.00490528	0.0158088	0.099974	0.0059693	-0.0396803	-0.401519	0.0708627	-0.394142	0.13478	-0.00913295	-0.383076	0.00982061	0.033983	0.00272715	0.160901	0.0289987	0.00270594	-0.384597	-0.233764	0.0113899	-0.354687	0.0168762	
-0.00212489	-0.00449836	0.0149142	0.0328924	-0.00374593	0.0911625	0.00752136	-0.0750666	-0.44351	0.0555999	-0.448292	0.0945756	-0.00384638	-0.423104	0.013503	0.0290008	0.0023998	0.174928	0.0223653	0.00475895	-0.440064	-0.267625	0.0120886	-0.402453	-0.162219	
-0.00298622	-0.00420129	0.0101603	-0.021898	0.00414048	0.12318	0.00482626	-0.020468	-0.369886	0.0700504	-0.384783	0.106678	-0.0083036	-0.381334	0.00549448	0.0288147	0.00127348	0.150607	0.0124325	0.00497276	-0.375913	-0.202237	0.0080521	-0.347908	
-0.00317339	-0.00793183	0.00626842	0.0827864	0.0129051	0.113757	0.00482626	0.0352622	-0.367404	0.0514632	-0.392971	0.0740421	-0.00416151	-0.386327	0.00549448	0.0348805	0.00384502	0.108254	0.0293438	0.00997308	-0.3841	-0.151593	0.0146071	-0.356096	
-0.00123191	-0.00241765	0.000850721	0.119854	0.0317306	0.0905145	0.00825425	-0.0386529	-0.3259	0.0514632	-0.366907	0.124975	-0.002469	-0.36207	0.00935608	0.0315469	-0.00203316	0.170269	0.0200245	0.00664918	-0.358036	-0.144976	0.0230895	-0.317783	0.0106616	
-0.00068895	0.003838	0.0158486	0.0382485	0.0220933	0.117356	0.00420017	-0.0114342	-0.450519	0.0522386	-0.453176	0.0685961	-0.00366285	-0.432133	0.00869488	0.0377375	-0.00474952	0.125758	0.0193889	0.00320166	-0.446032	-0.214712	0.02831	-0.408389	
-0.00372313	-0.00298034	0.0114254	0.0985409	0.0101716	0.0939122	0.00610681	-0.0175542	-0.3848	0.0527218	-0.416691	0.12575	-0.00458507	-0.410104	0.012293	0.0386831	0.00081604	0.152039	0.0079159	0.00658737	-0.407908	-0.143763	0.0138231	-0.374052	
-0.00169193	-0.00437823	0.0171338	0.0508266	0.00674414	0.105248	0.00867971	-0.0323682	-0.383463	0.0693696	-0.38931	0.0686882	-0.00766374	-0.359282	0.0110243	0.0401542	0.000287717	0.167609	0.0147126	0.0164399	-0.379431	-0.153697	0.00612711	-0.367597	
-0.00167086	-0.00582931	0.0058823	0.0634263	0.0201063	0.101089	0.00389831	-0.0948461	-0.393484	0.0669917	-0.421218	0.174099	-0.00812645	-0.406976	0.0170189	0.0407317	-0.000414279	0.207696	0.0246702	0.0147076	-0.411314	-0.22409	0.00546577	-0.382594	0.00528619	
0.00124306	-0.0047502	-0.0036669	0.0625995	-0.0137895	0.123296	0.00491237	-0.0243286	-0.445589	0.0612447	-0.441882	0.120048	-0.0102287	-0.425139	0.00947718	0.0329615	-0.000202218	0.155675	0.0200419	0.00992074	-0.431119	-0.244143	0.00735885	-0.405075	-0.0159389	
-0.000185024	-0.0027833	-1.66578e-05	-0.0844553	-0.0200959	0.0714061	0.000628719	-0.0254291	-0.453233	0.065695	-0.450394	0.166316	-0.0102519	-0.442392	0.0198124	0.032629	-0.00216911	0.139987	0.0142524	0.0112577	-0.439631	-0.293926	0.00865464	-0.423918	-0.0388789	-0.0243421	0.263131	
-0.00424116	-0.00354063	5.01086e-05	0.0857067	-0.0136983	0.0991837	0.00346336	-0.000907663	-0.418821	0.0660592	-0.430795	0.135109	-0.00835324	-0.417375	0.0134242	0.0327157	-0.000744239	0.139381	0.0119706	0.00578975	-0.422007	-0.258555	0.0119103	-0.398042	
0.000196827	0.00438897	0.0088789	-0.0419737	-0.00782068	0.0794383	0.00383488	0.00904546	-0.424649	0.0664342	-0.421101	0.103341	-0.00778557	-0.408776	0.0125536	0.0367737	-0.00642425	0.13003	0.0110317	0.00888517	-0.412276	-0.206502	-0.000309169	-0.397566	0.00861565	0	
-0.00364469	-0.00451726	0.00306212	0.0301536	0.00451636	0.0885661	0.00234451	0.0237381	-0.403176	0.0734622	-0.418659	0.126628	-0.00882756	-0.389378	0.0150722	0.0344428	0.000276709	0.113087	0.0128982	0.00849159	-0.408227	-0.204116	0.0113982	-0.39315	0.0399006	-0.00961386	
-0.00254988	-0.000279988	-0.000456263	0.122732	0.00970338	0.108934	0.00323635	0.0860214	-0.41695	0.0584653	-0.418528	0.0619919	-0.00959639	-0.408867	0.0186235	0.0416303	-0.00328127	0.0497612	0.0108901	0.00775052	-0.408227	-0.256332	0.0110167	-0.396055	0.000288534	
-0.00157308	0.00421077	-0.000369095	0.0910917	-0.00573912	0.0941704	0.00302682	0.0585274	-0.380816	0.0594554	-0.373214	0.137343	-0.0092466	-0.360597	0.0266973	0.0340173	-0.00311825	0.0950903	0.0218684	0.0027657	-0.365065	-0.197361	0.0222233	-0.347956	0.0130308	
-0.0010862	0.00267623	0.000593558	0.150247	-0.0129981	0.0983322	0.00194172	0.0776772	-0.426815	0.0611403	-0.420611	0.0830564	-0.00542907	-0.415622	0.0130854	0.0411476	-0.00352423	0.0525699	0.0152605	0.00856838	-0.411025	-0.221754	0.00421942	-0.381755	0	
-0.00150993	-0.00214412	0.00309681	0.114402	-0.0351797	0.102223	0.00390145	0.0898096	-0.411895	0.0766547	-0.398229	0.0883348	-0.00945439	-0.38747	0.0113173	0.0418045	0.00118671	0.0402309	0.00686623	0.0030568	-0.38885	-0.130495	0.0102077	-0.367089	
-0.00410883	0.00466777	-0.00240934	0.0513286	-0.0451919	0.111439	0.00882699	0.0990697	-0.407986	0.0819621	-0.397886	0.109517	-0.00896932	-0.380856	0.00822553	0.0414614	-0.00421418	0.0517057	0.0113538	0.0013969	-0.388601	-0.227615	0.0166961	-0.369437	
-0.00374276	0.00324378	0.0161428	0.205824	-0.0271122	0.0919536	0.00161994	-0.0217014	-0.397606	0.0764288	-0.391047	0.106786	-0.00988374	-0.379535	0.00984607	0.0406301	-0.00313811	0.222814	0.0161103	0.00199797	-0.381574	-0.112867	0.00929607	-0.349134	
-0.00191142	0.00514958	0.0050908	0.103891	-0.00499547	0.109042	0.00367783	0.0454283	-0.373384	0.071051	-0.370564	0.166225	-0.00563372	-0.364941	0.0145348	0.0347386	-0.00248681	0.122637	0.0213118	-0.00284682	-0.362721	-0.144776	0.0100932	-0.306572	
-0.00261601	0.00266278	0.00498209	0.163923	-0.0128022	0.106623	0.00540984	0.00870977	-0.390779	0.0589819	-0.389096	0.134022	-0.00560437	-0.363721	0.0082584	0.0386086	0.00246164	0.139698	0.0287764	-0.00150045	-0.381252	-0.168463	0.00740423	-0.356324	-0.000793275	0	
-0.00313154	0.00439596	-0.000689477	0.191261	-0.0111505	0.10647	0.00642059	0.084421	-0.396145	0.0589587	-0.38858	0.100229	-0.00470335	-0.365734	0.00774287	0.0380931	-0.00219833	0.0884296	0.0277419	0.0035352	-0.380467	-0.213495	0.0116149	-0.346633	0.00564401	
-0.00446871	0.00477335	0.0045946	0.129397	0.00588882	0.138927	0.00408257	0.0140991	-0.390948	0.0589587	-0.381156	0.092267	-0.00777046	-0.382992	0.009828	0.0380931	-0.00257572	0.133213	0.0151215	-0.00124196	-0.373042	-0.129545	0.0135203	-0.348476	-0.00151514	
-0.00411086	0.000151995	-0.00227241	0.0597522	-0.00521979	0.103721	0.00296293	-0.009518	-0.381622	0.0658947	-0.37106	0.0892065	-0.00764104	-0.370697	0.009828	0.034719	0.0011593	0.133378	0.0361008	-0.000629374	-0.362946	-0.083856	0.00961212	-0.341383	0	
-0.00417729	0.00129915	0.00797909	0.190717	-0.0175205	0.11825	0.00349174	0.013461	-0.366778	0.0658947	-0.359818	0.0657513	-0.00834847	-0.353386	0.00747575	0.0371232	0.000724932	0.132118	0.0225023	-0.00294051	-0.350997	-0.111157	0.0095974	-0.325758	
-0.00541866	-9.10625e-07	-0.00158283	0.179161	-0.0295118	0.0998536	0.0037491	0.0274874	-0.374515	0.0643535	-0.359893	0.151512	-0.00741165	-0.340893	0.00812508	0.0315394	0.000724932	0.127963	0.0217011	0.016371	-0.350997	-0.125372	0.0147314	-0.314412	
-0.00190087	0.00357016	0.00404977	0.16951	-0.0336921	0.132575	0.000958484	-0.0187664	-0.371199	0.0760289	-0.359881	0.0940149	-0.00672613	-0.355625	0.0162251	0.0366284	-0.00102917	0.170825	0.0207804	0.00270686	-0.353154	-0.125239	-2.20095e-05	-0.318368	
-0.00449997	0.00477705	-0.00248863	0.163381	-0.0293186	0.109274	0.00100064	0.0420671	-0.370334	0.0768904	-0.36601	0.0612672	-0.00843924	-0.364162	0.0101994	0.0330367	-0.00256362	0.125502	0.014534	0.00456307	-0.358956	-0.177358	0.01193	-0.328377	0.00324797	
-0.00271033	0.00123207	0.00672585	0.114329	-0.0257825	0.114519	-0.000983285	-0.0016702	-0.37109	0.0741868	-0.362215	0.144651	-0.00793581	-0.360286	0.00416777	0.0376959	0.000981364	0.139023	0.0182134	0.00246897	-0.355161	-0.0644929	0.00914713	-0.323214	-0.00815861	
-0.00568171	0.00217269	0.00625452	0.0396321	-0.0411101	0.112142	-0.000700032	0.0510389	-0.40007	0.0787593	-0.385355	0.059728	-0.00333034	-0.380713	0.00836044	0.0325472	0.00069543	0.112341	0.0156067	0.000681094	-0.379374	-0.198112	0.0138726	-0.341306	-0.00293679	
-0.00510383	0.00490775	-0.000410842	0.153196	-0.0329722	0.124515	0.00179833	0.023789	-0.390883	0.060561	-0.376077	0.0512091	-0.00332872	-0.356552	0.0120777	0.0328578	-0.00300868	0.144794	0.0360104	0.00238465	-0.369477	-0.216231	0.0194065	-0.339488	-0.00421085	0.00191472	0	
-0.00226891	-0.00454939	0.000708915	0.140113	-0.0188072	0.120864	0.0031627	0.0148277	-0.385378	0.0668369	-0.376459	0.0643132	-0.0051898	-0.36771	0.0166791	0.0359592	0.00589058	0.126705	0.0196532	0.00602915	-0.369168	-0.193703	0.012855	-0.335142	-0.000119318	
-0.00901953	0.00156268	0.0029379	0.223409	-0.0198074	0.100732	-0.000609582	0.0260839	-0.428595	0.059262	-0.418481	0.0426377	-0.0050344	-0.407616	0.0117817	0.032439	-0.00172339	0.120381	0.0271438	0.00753104	-0.411786	-0.272169	0.019139	-0.381995	-0.00904867	0.0133554	0.00822169	
-0.00506516	-0.000785423	-0.00257006	0.156534	-0.0289954	0.146073	0.00388285	-0.0272397	-0.368083	0.0637604	-0.358763	0.0849172	-0.00618978	-0.351047	0.0107426	0.040835	-0.000227663	0.186716	0.0224298	0.00678401	-0.352284	-0.218796	0.0175767	-0.311654	-0.0083339	0.00509666	-0.147035	0.019108	0	
-0.00435469	0.000871484	-0.00162674	0.0248629	-0.0187942	0.112799	-0.00154506	0.0408005	-0.413453	0.0629868	-0.405355	0.0999353	-0.00673279	-0.399067	0.0110644	0.0387533	-0.00172018	0.114384	0.0248635	0.0142239	-0.398875	-0.231239	0.0171893	-0.38164	-0.00388037	0.0333732	-0.000479184	
-0.00714183	0.00434143	0.0117685	0.225477	0.00896929	0.116374	-0.0015462	0.0130212	-0.371138	0.060381	-0.36084	0.144979	-0.00729021	-0.360649	0.012246	0.0328468	-0.00508946	0.160459	0.0238895	0.00297432	-0.35436	-0.237313	0.00508624	-0.332403	-0.00631025	0.0394219	0.0768348	-0.00769141	
-0.00712599	0.00273794	0.0084095	0.0516535	0.00569993	0.100202	0.00197547	-0.0293434	-0.432002	0.0552359	-0.422013	0.134168	-0.00579314	-0.421822	0.0136326	0.0393233	-0.00219792	0.157714	0.0316174	0.00854647	-0.415209	-0.240268	0.0167547	-0.392497	-0.00614304	0.0687446	0.0118954	-0.0400763	-0.00610315	0	0	0.00819949	
-0.00699696	0.00364484	0.00342946	0.350644	-0.0247369	0.115074	0.00197547	-0.0523408	-0.364066	0.0654598	-0.353335	0.0947549	-0.0116639	-0.339673	0.0125129	0.0344111	-0.00303046	0.19296	0.0132617	0.00291056	-0.344958	-0.181633	0.0128338	-0.328267	-0.00170436	-0.0070464	0.132112	
-0.00021565	-0.00188752	0.0108673	0.292639	0.000843218	0.104444	0.00407052	0.0150008	-0.362549	0.0506661	-0.353335	0.187511	-0.00698827	-0.346854	0.0160242	0.0309905	0.0036518	0.107497	0.0287028	0.0136303	-0.346872	-0.189333	0.00489618	-0.327269	-0.00786021	0	
-0.00457159	-5.70254e-05	0.00393295	0.374471	-0.0197707	0.131813	0.00463233	0.0577465	-0.390936	0.058145	-0.37884	0.139751	-0.0103209	-0.364203	0.0139905	0.0395447	0.00251013	0.0996588	0.00962456	0.00830116	-0.371671	-0.223202	0.014317	-0.352894	-0.00507669	0.00684023	
-0.00617787	0.00245311	0.00381905	0.292247	0.000938585	0.122067	0.00033533	-0.0318226	-0.381803	0.0572756	-0.372224	0.162044	-0.00821608	-0.355362	0.0133628	0.0386753	-0.00101339	0.196443	0.0275939	0.0110874	-0.365924	-0.174957	0.00786648	-0.333743	-0.00676143	0.000829758	
-0.00617787	0.00228495	0.00647514	0.26975	0.000892805	0.121464	0.00179278	0.0733324	-0.40476	0.0548138	-0.397863	0.096798	-0.00771184	-0.385924	0.0123608	0.0386753	-0.00327896	0.107576	0.0134822	0.0106524	-0.390961	-0.243133	0.00544117	-0.356295	-0.00347954	
-0.00785278	-0.000732691	0.00105813	0.183924	0.00337061	0.111776	0.0030337	0.0268726	-0.342736	0.0603743	-0.336772	0.0770035	-0.0109391	-0.332813	0.0123608	0.0300741	0.00174896	0.132376	0.0238395	0.0106982	-0.32987	-0.12924	0.0150499	-0.291937	-0.00187467	
-0.00603501	0.00499211	-0.00222277	0.208237	-0.00710559	0.122178	0.00130303	0.0277524	-0.414274	0.0602255	-0.403854	0.106154	-0.0100011	-0.389057	0.0117629	0.0300741	-0.00378699	0.122489	0.0206048	0.0138231	-0.396951	-0.262035	0.000521291	-0.366377	-0.00597274	
-0.00603501	-0.00336694	0.00366217	0.22017	-0.0241595	0.106894	0.000739796	-0.0242383	-0.407659	0.0579569	-0.39538	0.0718659	-0.0100011	-0.389051	0.0117629	0.0349564	0.00457206	0.159446	0.0237673	0.0132428	-0.388477	-0.268718	0.0101013	-0.365085	-0.00351429	-0.00101121	
-0.00360122	0.00415104	0.00831527	0.30205	-0.00590701	0.112984	0.00258452	-0.02478	-0.399038	0.0604417	-0.39538	0.0829345	-0.0108587	-0.392365	0.0131911	0.0349564	-0.0024711	0.150291	0.0154373	0.0050109	-0.388174	-0.236152	0.00263513	-0.360824	0.0030629	-0.173285	
-0.00521247	0.00184572	0.00881219	0.265682	-0.0113938	0.124534	0.00341226	-0.05636	-0.398594	0.0678426	-0.402399	0.165534	-0.0108587	-0.39841	0.0116281	0.0406921	-0.00091691	0.152456	0.0282185	0.00233564	-0.394366	-0.229832	0.00956777	-0.363724	-0.00530915	0.00144064	
-0.00323024	0.00184572	-0.000470897	0.236054	-0.0127354	0.121756	0.00341226	-0.0239538	-0.41257	0.0700051	-0.406981	0.134208	-0.00907738	-0.40376	0.0131233	0.0418169	-0.00026839	0.175433	0.0247703	0.0125978	-0.398948	-0.206672	0.00490834	-0.374531	-0.00774005	
-0.00220626	0.00235594	0.012858	0.151574	-0.0105397	0.136312	0.00236712	-0.0290612	-0.382853	0.0632818	-0.379693	0.16131	-0.00793141	-0.361986	0.0122376	0.0418169	0.00143812	0.150181	0.0414255	0.0082549	-0.372002	-0.186459	-0.000720144	-0.333105	-0.00947612	
-0.00289956	0.00184616	0.0113651	0.216902	-0.00482816	0.105478	0.00384031	-0.0364886	-0.398362	0.0706405	-0.392641	0.148346	-0.00917904	-0.360532	0.0063262	0.0300801	0.00170049	0.177811	0.0292527	0.00520006	-0.384702	-0.260342	0.00468597	-0.346844	-0.00457851	
-0.00395211	-0.00164025	-0.00269983	0.323977	-0.0163015	0.10105	0.00452672	0.0586502	-0.396067	0.0584331	-0.38472	0.137042	-0.00727981	-0.352024	0.00939417	0.0456804	0.0051869	0.135994	0.0332007	0.0157783	-0.376557	-0.128257	0.00869638	-0.333321	-0.00750672	0.0102613	-0.125774	0	
-0.00408371	0.00601919	-0.00382722	0.15727	-0.0147547	0.153344	0.00138621	-0.189399	-0.374097	0.0603099	-0.378557	0.0931321	-0.0101398	-0.357142	0.00939417	0.0398794	-0.00251819	0.299984	0.0233608	0.0101275	-0.370393	-0.200676	0.0133011	-0.324019	-0.00759702	
-0.00219404	0.004949	-0.00912229	0.411609	0.0134085	0.104499	0.00690063	-0.0218935	-0.408081	0.0651584	-0.402158	0.0817769	-0.00890101	-0.373572	0.0105103	0.0350841	-0.00205865	0.15945	0.0237528	0.00622609	-0.393384	-0.18673	0.00294177	-0.341732	-0.00707189	
-0.00219404	0.0015525	-0.00295179	0.237598	0.00729338	0.098937	0.00518984	-0.0421419	-0.402233	0.0570219	-0.402158	0.0608196	-0.00882015	-0.354511	0.0133131	0.040317	-0.00404565	0.166257	0.0138878	0.00545311	-0.393384	-0.274624	-0.00521571	-0.356703	-0.00449377	
-0.00251202	0.00252591	-0.00640895	0.312527	0.0104773	0.121608	0.00174511	-0.117741	-0.434104	0.0570219	-0.435706	0.064874	-0.00879625	-0.418692	0.0126816	0.040317	-0.00135429	0.230743	0.0214339	0.00773637	-0.427168	-0.304517	0.00802722	-0.397131	-0.00205852	0.0298538	
-0.0027813	0.00653792	-0.00585772	0.168354	0.0030972	0.107339	0.00732688	-0.057163	-0.442523	0.0602097	-0.435437	0.149296	-0.00931459	-0.425029	0.0124123	0.0328019	-0.00168627	0.192019	0.0130119	0.0119429	-0.427008	-0.300889	0.00351619	-0.408999	0.00101342	0	
-0.00115514	0.00261081	-6.52714e-05	0.322115	8.04269e-05	0.132178	0.00130628	-0.122726	-0.400714	0.0623508	-0.399872	0.0734425	-0.010558	-0.383865	0.0134331	0.0392134	-0.00286406	0.258231	0.0268547	0.0111877	-0.38955	-0.248888	0.00681606	-0.352464	-0.00267481	0.0622434	0	
-0.00189493	0.000960724	-0.00564547	0.0301569	-0.019349	0.099164	0.00551367	-0.03938	-0.437882	0.0562099	-0.442649	0.0668132	-0.0113782	-0.434746	0.00898084	0.0462046	-0.00311076	0.19455	0.0216639	0.0134605	-0.433542	-0.256847	0.0134446	-0.403492	-0.00999133	0	-0.00115494	
-0.0025234	0.00758007	-0.0056497	0.332657	-0.00644437	0.115497	0.00619778	0.0299772	-0.404877	0.0685046	-0.398085	0.0712194	-0.0105942	-0.379386	0.0150648	0.0435583	-0.00513776	0.132073	0.0287258	0.0136846	-0.388706	-0.210401	0.00147825	-0.330654	-0.00545913	0.00771392	
0.000495373	0.00588555	-0.000612912	0.239781	0.00108347	0.10394	0.00721021	-0.0492643	-0.399115	0.0608122	-0.40046	0.0741963	-0.00680889	-0.39901	0.0101161	0.0358145	-0.00469693	0.197548	0.0350729	0.0101462	-0.39338	-0.219301	0.000185539	-0.349704	-0.00635395	
0.000939591	-0.00196501	0.00392797	0.263445	0.00464101	0.094291	0.00160732	-0.00214139	-0.409205	0.0639499	-0.40046	0.040927	-0.00794294	-0.378739	0.0127344	0.0389774	0.00203335	0.136515	0.0165597	0.0105056	-0.392737	-0.250619	0.00472421	-0.350114	-0.00507825	
-0.00218288	-5.6878e-05	-0.00699517	0.23295	-0.0266819	0.108839	0.00109278	-0.00192234	-0.420735	0.0609709	-0.413622	0.0892324	-0.00720546	-0.4036	0.00742938	0.0275542	0.000968054	0.177256	0.0171478	0.0142322	-0.4059	-0.216927	-0.000331943	-0.371795	-0.00677278	
-0.0044725	0.00109558	-0.00502928	0.215153	-0.0230835	0.135617	0.00905882	0.0452944	-0.419747	0.0668754	-0.413622	0.0965632	-0.012837	-0.38635	0.0118115	0.0356319	-0.0043511	0.140026	0.0319519	0.00796698	-0.404966	-0.208596	0.00784806	-0.381346	-0.0114864	-0.00466472	
-0.00082239	-0.0012714	-0.00661842	0.18792	-0.0270472	0.112704	0.00735845	0.0604919	-0.421241	0.0670753	-0.410783	0.0857436	-0.011414	-0.385331	0.0165639	0.0397742	-0.00154584	0.100125	0.0321202	0.0111862	-0.400747	-0.254491	0.0131836	-0.385959	-0.00863726	
0.00404544	-0.000342035	0.00165565	0.203279	-0.0256416	0.119994	0.00261498	-0.00802377	-0.413453	0.0604175	-0.408814	0.191247	-0.0125384	-0.379143	0.0154248	0.0402966	0.000861022	0.151088	0.0439408	0.0188546	-0.400449	-0.229649	-0.00643288	-0.36422	-0.00959444	-0.00123307	-0.421538	-0.0160553	
-4.76039e-05	0.00451125	-0.00519659	0.0538562	-0.0122615	0.107172	0.00343796	-0.0075667	-0.40212	0.0647192	-0.393542	0.0920369	-0.008516	-0.376215	0.0155539	0.0337518	-0.00399227	0.148504	0.030491	0.0120759	-0.385178	-0.225049	0.000646405	-0.35456	-0.00525008	-7.40272e-05	-0.00836476	0.00853536	
-0.0015301	0.000661231	-0.00474168	0.307947	-0.0133864	0.142866	0.0033605	0.0297934	-0.362908	0.0646418	-0.352732	0.0685038	-0.00910311	-0.333911	0.015326	0.0303895	0.000986162	0.127261	0.0265174	0.00598095	-0.345573	-0.0893196	0.00864722	-0.316235	0.00423715	-0.00550559	
-0.000683391	0.00711449	-0.00439081	0.202481	0.00868777	0.13958	-6.97144e-05	0.0431167	-0.352937	0.0566871	-0.347078	0.102866	-0.0134771	-0.329577	0.013414	0.0358922	-0.00760494	0.117676	0.0270544	0.00942773	-0.337797	-0.151348	0.00450904	-0.309128	-0.000207095	0	
0.00182187	-0.00245209	0.00790545	0.131082	-0.0102269	0.0951935	0.00321207	0.00273946	-0.384219	0.0639105	-0.375919	0.0943049	-0.0108883	-0.358872	0.0133195	0.0394581	-0.00388838	0.158975	0.0221625	0.00189011	-0.366638	-0.106738	0.00120484	-0.344037	-0.00562917	0.00874806	
-0.00332039	0.00143629	0.00127294	0.0634531	-0.030623	0.0856557	0.000570157	0.017012	-0.412472	0.062581	-0.403769	0.119507	-0.0114685	-0.381676	0.00535363	0.0374331	-0.00304436	0.127745	0.0311272	0.0108371	-0.395342	-0.223304	0.0055632	-0.370658	-0.00589787	0	0.0137669	
-0.00253115	0.00264698	0.00634358	0.144447	-0.0204696	0.0997777	0.00694574	-0.0703097	-0.422102	0.0676587	-0.413155	0.0965553	-0.0118562	-0.386055	0.016617	0.0316383	-0.00271987	0.231302	0.0358893	0.00578894	-0.405181	-0.0961086	0.0172943	-0.380042	-0.00766594	0	0	
-0.00569014	0.000504572	0.0010766	0.0376604	-0.0049992	0.0897555	-0.00204154	-0.0599543	-0.407806	0.0550496	-0.412849	0.109943	-0.0110052	-0.397082	0.010371	0.0313782	-0.000245535	0.25903	0.0251095	0.00545702	-0.405181	-0.115281	0.0101213	-0.372147	-0.00852303	
-0.00214597	0.00454165	0.0052612	0.0400636	0.0292515	0.100213	0.0022472	0.0110341	-0.385144	0.0555259	-0.413326	0.267182	-0.0109044	-0.387675	0.00561414	0.0356748	-0.00360862	0.149585	0.0253286	0.00874103	-0.405181	-0.175632	0.0098317	-0.380277	0.00152553	-0.000950086	
-0.000838597	0.00167501	-0.00578132	-0.0113499	-0.00697477	0.0863019	0.00214946	-0.0296683	-0.419036	0.0670544	-0.415248	0.274637	-0.0121759	-0.401461	0.00909183	0.0317823	-0.00941623	0.235579	0.0316063	0.00517551	-0.405498	-0.204792	0.00973543	-0.381703	-0.00265535	0.0012111	
-0.000838872	6.57198e-06	-0.00709237	0.123727	0.00431095	0.13303	0.00249339	0.0253541	-0.423855	0.0575592	-0.427633	0.136058	-0.014435	-0.379365	0.00602524	0.0350855	-0.00602867	0.175585	0.0352555	0.00817424	-0.41805	-0.23005	0.00365964	-0.399813	-0.00151928	-0.00683366	
-0.00139901	0.00445983	-0.00581841	0.0833865	-0.0209532	0.108758	0.000774377	0.0266654	-0.423351	0.0569991	-0.427073	0.0907862	-0.010675	-0.386452	0.00879734	0.0269642	-0.0037629	0.160338	0.0397268	0.0123738	-0.418741	-0.23005	-0.001146	-0.410147	-0.0101887	-0.0107426	
-0.00229691	0.00408467	-0.00987188	0.132391	0.0168229	0.109116	0.0045516	0.0284282	-0.381633	0.0569991	-0.382121	0.134958	-0.0111892	-0.344149	0.00520336	0.0331091	0.00136212	0.158575	0.0296881	0.00683784	-0.374146	-0.20713	0.0156243	-0.341745	0.00205996	-0.00282433	
0.0061766	0.00331075	-0.00050596	0.127959	0.00580179	0.0966345	0.00326597	0.025595	-0.394384	0.0577001	-0.382822	0.0545078	-0.0111892	-0.372823	0.00839031	0.0338101	-0.00363733	0.157217	0.0428762	0.00373716	-0.374146	-0.247248	0.00213947	-0.355199	-0.00445881	0.0699068	
0.000522562	0.000271783	-0.00193504	0.254658	-0.0271954	0.141753	0.00326597	0.00305689	-0.325935	0.0674671	-0.316323	0.0946238	-0.0111892	-0.273225	0.00834385	0.0271159	0.00154671	0.192878	0.0221712	0.00116962	-0.307647	-0.140016	-0.00125928	-0.285662	-0.00694882	-0.00217749	0	-0.00143551	
0.000522562	0.0076154	0.00349181	0.189513	-0.0133087	0.10896	0.00554974	0.0247344	-0.344642	0.0571628	-0.34489	0.0500382	-0.0120534	-0.327067	0.00875019	0.0293779	-0.00619419	0.187056	0.021559	0.00156689	-0.336215	-0.128655	-0.000990379	-0.311818	-0.00395698	0.0157219	0.00263501	
0.000830568	0.00189735	0.00362832	0.14051	-0.00870998	0.10896	0.00388688	0.0534097	-0.415876	0.0566129	-0.409044	0.150119	-0.0117163	-0.39777	0.00607925	0.0352075	0.000450858	0.136759	0.0379411	0.00148981	-0.401226	-0.175699	0.0141484	-0.383716	-0.00527846	
-0.00210676	0.00406584	-0.004833	0.218884	0.0226595	0.10896	0.00513107	0.0573825	-0.417623	0.0565983	-0.410288	0.118501	-0.0103178	-0.383657	0.00931497	0.0259629	-0.000799327	0.141559	0.0247364	0.00452818	-0.401226	-0.139059	0.0131751	-0.379101	0.0035659	0.00505442	0	
-0.000803552	0.000914677	0.0088157	0.123391	-0.0136553	0.119966	0.00371988	-0.0146666	-0.413703	0.058258	-0.406909	0.10081	-0.0109077	-0.365977	0.0119899	0.0372267	-0.00574322	0.196147	0.0240697	0.00859632	-0.397926	-0.237863	-0.375675	
-0.000508841	0.00655632	0.00497874	0.217473	0.0199048	0.100709	0.00387094	0.143204	-0.38342	0.0585527	-0.378926	0.145002	-0.0103296	-0.375506	0.0104022	0.0336783	-0.000742326	0.061022	0.043712	-0.00141404	-0.369358	-0.208534	-0.349121	0	
0.00101003	0.00374801	-0.00379936	0.420313	0.042051	0.100358	0.0106964	0.0585058	-0.382753	0.0585527	-0.378926	0.107209	-0.010681	-0.357016	0.00827034	0.034262	-0.00674921	0.0954559	0.0315615	0.00215317	-0.369006	-0.20635	-0.35085	0.0183292	
0.000153135	-0.00022761	0.00688744	0.290695	0.0268419	0.129148	0.00183454	0.0962708	-0.390345	0.0480342	-0.382875	0.0822001	-0.00771852	-0.358374	0.00725889	0.0304749	-0.00370214	0.0775485	0.0286268	0.00435665	-0.374149	-0.191998	-0.35658	
-0.00175762	0.00224146	-0.00335804	0.350198	-0.00730452	0.117859	0.00917961	0.0878494	-0.395913	0.0510936	-0.391336	0.0862855	-0.0106455	-0.381222	0.00861616	0.0282324	-0.00267332	0.101144	0.0219805	0.00178418	-0.383293	-0.150748	-0.350364	0.00623357	
-0.00261737	0.0014206	0.00915942	0.246416	-0.000353199	0.119285	0.00702714	0.0399939	-0.36351	0.0515878	-0.354253	0.144552	-0.00921935	-0.328254	0.013538	0.0423971	0.000529059	0.128426	0.0277912	0.00639464	-0.347142	-0.144588	-0.317403	0.00639429	
-0.00152088	1.80272e-05	-0.00429307	0.228987	-0.0101935	0.117833	0.00759549	-0.0275611	-0.362504	0.0540167	-0.354253	0.0805881	-0.00699247	-0.336128	0.0127572	0.0360148	-0.00261467	0.158444	0.0401256	0.00412998	-0.346826	-0.0397454	-0.315331	0.0323183	
