0.0334533	0.0864945	0.0544323	0.0892975	-0.337261	0.0326471	0.0557992	0.0180932	0.0512901	0.061219	-0.330303	-0.345736	-0.00360847	-0.033247	-0.356776	-0.374637	-0.378315	0.0371605	-0.373833	-0.381014	-0.357124	-0.311803	-0.378072	0.0222471	0.00519503	-0.0532543	0.00359299	-0.072919	-0.261692	-0.371992	-0.363827	0.16245	-0.340161	-0.303247	-0.312163	0.0164481	-0.376449	0.0062713	-0.382672	-0.0206754	-0.0844373	-0.304755	0.142054	-0.37612	-0.337721	-0.331195	0.0065483	0.0687459	-0.379567	0.041139	-0.296913	0.004598	0.179538	-0.378489	0.011077	-0.375291	-0.0484678	0.255487	-0.029977	-0.217557	0.0366273	0.0044651	0.0265754	-0.373762	-0.362434	0.0427778	0.0106214	-0.295445	-0.283262	-0.377325	-0.344084	-0.262712	-0.0238466	0.252254	-0.331195	-0.368435	-0.02044	-0.308237	0.011026	-0.376409	-0.359824	-0.367079	-0.324894	-0.329464	0.373781	
0.0322287	0.09405	0.0822006	0.0687551	-0.337261	0.0558332	0.0256578	0.046046	0.0755301	-0.330303	-0.331698	-0.00394233	-0.0247825	-0.332742	-0.374637	-0.374939	-8.04257e-05	-0.373187	-0.379596	-0.379116	0.0422192	0.00479481	-0.0536779	-0.261692	-0.380403	-0.369056	-0.351673	0	-0.381937	-0.01963	-0.0970456	-0.018901	0.141694	-0.326519	-0.33049	0.0529985	-0.381894	0.189175	-0.379786	-0.173214	0.0214968	0.0276914	-0.377794	-0.369684	0.0428118	-0.377325	0.252288	0.173635	-0.371398	-0.320874	-0.0186219	-0.377416	-0.355089	-0.368955	0.352623	
0.0334622	0.107417	0.0383155	0.0844477	-0.325275	0.0299745	0.0558332	0.025802	0.0383529	0.0620939	-0.325358	-0.31981	-0.009316	-0.0401479	0.125119	0.0572261	-0.376303	-0.382615	-0.382013	-0.384172	-0.278593	0.00124511	-0.381993	-0.0394774	0.0962192	-0.383498	-0.317173	-0.339665	-0.24468	0.0449277	0.0422574	-0.380566	-0.381229	-0.37623	0.382086	0.251948	0.117983	-0.20511	-0.353654	-0.362092	
0.0392349	0.107578	0.0581984	0.0705705	-0.33478	0.0425257	0.0558332	0.024977	0.0451612	0.0635318	-0.328773	-0.346095	-0.00370485	-0.0281954	0.0987434	0.040694	-0.368801	-0.381981	-0.377349	-0.37122	-0.385718	-0.324026	-0.328686	0.0172357	0.357109	-0.380727	0.139537	0.332348	-0.370122	-0.259215	0.0519433	-0.238127	-0.334376	-0.385006	-0.375627	-0.361321	-0.19521	
0.0344338	0.107188	0.0643892	0.0687132	-0.334512	0.0240975	0.0546639	0.0277252	0.0434613	0.0632396	-0.332098	-0.344548	-0.00258994	-0.0328617	0.133524	0.094412	-0.379418	-0.378705	-0.360691	-0.350928	-0.338912	-0.380727	0.107535	0.246115	-0.377466	0.0174037	-0.269981	-0.385857	0.07721	-0.255267	-0.345176	-0.384917	-0.380895	-0.354603	0.354068	
0.0344338	0.102164	0.0707216	0.0721553	-0.339987	0.0263141	0.0215387	0.0346008	0.057042	-0.329699	-0.350987	-2.98024e-05	-0.0320546	0.328266	-0.371246	-0.381909	-0.343495	0.0951763	-0.381531	0.139228	0.299954	-0.37045	0.0209802	-0.25208	-0.379974	-0.335781	0.0553015	0.0546639	-0.351083	-0.384842	-0.380471	-0.352646	0.360255	
-0.0544581	0.104429	0.0349176	0.0713908	-0.317652	0.0218187	0.033641	0.0292046	0.0433628	0.0633738	-0.338135	-0.343368	-0.00192421	0.157815	-0.349994	0.0505414	-0.380766	0.0811987	0.300018	-0.377735	0.0524901	0.352653	-0.380784	-0.341719	-0.215498	-0.380268	-0.348641	0.0939457	0.0547279	-0.336174	-0.384328	-0.380108	-0.359042	
-0.033177	0.112296	0.0377321	0.0707517	-0.335365	0.0303192	0.0359405	0.0278076	0.0467181	0.0678884	-0.342756	-0.343994	0.00111871	0.0784702	-0.351245	0.0924724	-0.385334	0.128651	0.243232	-0.381752	0.034755	0.386478	-0.386421	-0.340629	-0.219011	-0.216432	-0.388883	-0.347559	0.180849	0.0547279	-0.358689	-0.389018	-0.379231	-0.363662	
-0.0426225	0.106103	0.0295759	0.0815698	-0.328033	0.0169147	0.0360302	0.0286808	0.0651529	0.0660188	-0.331472	-0.358308	0.000887683	0.0609473	-0.364326	0.0694767	-0.381226	0.10554	0.281172	-0.379289	0.0516912	0.386567	-0.387208	-0.346354	-0.269894	-0.384899	-0.38913	-0.367361	0.225181	0.0482699	-0.334099	-0.389018	-0.385454	-0.355793	
-0.0267072	0.107165	0.0390093	0.0595344	-0.337783	0.0318224	0.0370528	-0.359367	0.0443668	0.0824469	-0.337701	-0.360263	-0.00246177	0.054231	0.039592	-0.3608	0.0413235	-0.143172	0.116488	-0.225038	-0.012281	0.264285	-0.371548	-0.357497	0.386826	-0.388351	-0.326535	-0.364705	-0.385961	-0.383986	-0.0138268	0.308457	-0.339572	-0.389018	-0.385383	0.0479981	
-0.0316916	0.0960851	0.0214692	0.0830945	0.0305892	-0.250056	0.033348	0.027459	-0.379777	0.0750147	-0.328678	-0.33976	-0.00145492	0.0138504	0.0497728	0.0416342	0.0463917	-0.370317	0.0875214	0.259186	-0.324312	-0.355742	0.349835	-0.379161	-0.342588	-0.352218	-0.375983	-0.376981	0.226628	-0.308724	-0.371953	0.0526409	
-0.0424995	0.13471	0.0293396	0.0830945	0.0138727	-0.205203	0.033501	0.0271755	-0.387453	0.060536	-0.335804	-0.35023	-0.00101933	0.024739	0.0123801	0.0438638	0.0460361	-0.380005	0.16099	0.00481193	-0.0219155	-0.330519	-0.366369	0.356935	-0.384013	-0.374954	-0.355812	-0.383109	0.0537356	-0.384207	0.291911	-0.346813	-0.371782	0.258877	-0.214413	
-0.0393429	0.114579	0.0570915	0.0920557	0.011043	-0.26443	0.0337887	0.0349059	-0.386889	0.0756901	-0.335804	-0.342387	-0.00611471	0.0333084	0.0119245	0.0443577	0.0754592	-0.379591	0.0931558	-0.0507288	-0.328421	-0.357021	0.349232	-0.386043	-0.356242	-0.356473	-0.383603	0.0537624	-0.386703	0.192533	-0.348387	-0.382248	0.258018	-0.164817	
-0.0447412	0.119854	0.0675193	0.0734473	0.00637159	-0.202876	0.0337887	0.0349059	-0.387268	0.0483223	-0.335804	-0.355461	-0.00027353	0.0318093	0.0337968	0.0350406	0.102476	-0.379318	0.0823553	-0.324903	-0.365504	0.349232	-0.385532	-0.374766	-0.338444	-0.383532	0.0498398	-0.386219	0.168829	-0.349501	-0.374676	0.274068	
-0.0447412	0.0988611	0.0876621	0.0705988	0.0124351	0.278255	0.0351657	0.0255054	-0.399205	0.0690569	-0.349077	-0.358186	-0.00103165	0.0555015	0.0297495	0.0362609	0.0807964	-0.392044	0.124816	-0.337304	-0.395565	-0.37979	0.371033	-0.398225	-0.345137	-0.384544	0.0498398	-0.399306	0.243579	-0.366918	-0.386008	
-0.0430731	0.113539	0.0425577	0.0798862	0.017402	0.23708	0.0378914	0.0308737	-0.398744	0.0499991	-0.348434	-0.349703	-0.000884054	0.118497	0.0364523	0.0360188	0.0365108	-0.391002	0.0982461	-0.338048	-0.396036	-0.373574	0.365665	-0.398528	-0.359252	-0.379911	0.0556739	-0.400432	0.141143	-0.260739	-0.36437	-0.386633	
-0.0386176	0.121188	0.037047	0.0794439	0.0145237	0.31759	0.035826	0.0303175	-0.399155	0.0422696	-0.349102	-0.36686	-0.00131679	0.148931	0.0596846	0.0339957	0.0649522	-0.387888	0.0986907	-0.345813	-0.395594	-0.35541	-0.364794	-0.394582	0.365754	-0.398828	-0.376945	-0.378957	0.0515659	-0.398279	0.199007	
-0.0433982	0.102636	0.0605214	0.078396	-0.00091923	0.254151	0.0362699	0.030833	0.377675	0.0487795	-0.357089	-0.37824	-0.00887846	0.190777	0.0206931	0.0496322	0.0339005	-0.401082	0.0652787	-0.351123	-0.40774	-0.411031	-0.38127	-0.38473	-0.408068	-0.410749	-0.376154	-0.383013	0.0520814	-0.41284	0.150169	
-0.0259629	0.131029	0.0315668	0.0788435	0.0200261	0.268339	0.0371083	0.0283217	0.398712	0.0659229	-0.347293	-0.366757	-0.0105321	0.0864637	0.0192861	0.0428391	0.0497681	-0.384825	0.0686589	-0.355836	-0.397944	-0.401464	-0.373629	-0.368727	-0.391701	-0.401801	-0.365835	-0.389121	0.0528853	-0.403106	0.137875	
-0.0395662	0.129026	0.023454	0.0704173	0.0269158	0.245944	0.0371004	0.0280713	0.357796	0.0666449	-0.334456	-0.353398	-0.00457321	0.0842226	0.0290694	0.0470809	0.0623355	-0.375775	0.105569	-0.329696	-0.385108	-0.388745	-0.363215	-0.346443	-0.379184	-0.386652	-0.355271	-0.377327	0.0528774	-0.390548	0.13461	
-0.0363819	0.131232	0.046417	0.0853848	0.00766262	0.250138	0.0371644	0.0311202	0.354811	0.0524067	-0.334456	-0.364396	-0.0128146	0.0576103	0.0165344	0.0346669	0.0639025	-0.381748	0.106255	-0.337696	-0.385108	-0.387382	-0.363215	-0.344043	-0.377842	0.077238	-0.390077	-0.387474	-0.359014	-0.362799	0.0529414	
-0.0311956	0.120639	0.0942317	0.0724762	0.0052684	0.20387	0.0373776	0.0323072	0.353837	0.0514807	-0.334456	-0.364316	-0.0102399	0.0760319	0.0329366	0.0355766	0.0727131	-0.379611	0.091013	-0.344596	-0.385108	-0.388268	-0.361301	-0.361788	-0.378157	0.131311	-0.390852	-0.388787	0.191476	-0.324299	-0.368657	0.0531546	
-0.0247554	0.120807	0.122833	0.0838735	0.0105458	0.202866	0.0345242	0.0293749	0.355765	-0.25167	-0.334456	-0.35733	-0.00306605	0.0254872	0.0137537	0.0465777	0.0520486	-0.378647	0.111645	-0.347579	-0.385108	-0.388383	-0.351016	-0.366162	-0.370149	0.194856	-0.384142	-0.388063	-0.0053955	0.0681504	0.0526562	-0.34969	-0.376424	
-0.0244521	0.114961	0.14146	0.0827642	0.0180205	0.292888	0.0394263	0.0267051	0.358982	-0.246605	-0.335027	-0.348695	-0.00305495	0.0648265	0.0167883	0.0468418	0.0871244	-0.377326	0.105473	-0.34526	-0.385174	-0.388403	-0.103146	-0.365197	-0.377569	0.208075	-0.377093	-0.387871	-0.255803	0.0547833	0.053203	-0.118056	0	-0.354934	-0.37363	
-0.0291781	0.053203	0.114031	0.060697	0.0825523	0.0126093	0.273124	0.0394263	0.0296945	0.352096	-0.327912	-0.356836	-0.00191746	0.0571039	0.0364156	0.0512511	0.0871627	-0.373054	0.119722	-0.340707	-0.380348	-0.384756	-0.352035	-0.346488	-0.38154	0.130213	-0.37441	-0.382686	0.0625488	-0.354779	-0.34598	
-0.0295531	0.0480051	0.115039	0.0254832	0.0972272	0.0316507	0.0389836	0.0274478	0.381264	-0.328143	-0.354383	-0.00632976	0.0642845	0.011977	0.0515308	0.0696587	-0.37455	0.148961	-0.338927	-0.381391	-0.384519	-0.350517	-0.363109	-0.379445	0.149282	-0.381887	-0.385491	0.0611777	0.217374	0.172581	-0.343759	0.0431928	-0.363918	
-0.03054	0.0506908	0.129763	0.0734767	0.085657	0.0218251	0.0386383	0.0324875	0.349451	-0.327811	-0.360202	-0.00417184	0.142823	0.0387253	0.0547951	0.136437	-0.370912	0.156335	-0.338675	-0.381424	-0.383847	-0.355581	-0.36262	-0.372228	0.127911	-0.385106	0.0550687	0.219532	0.0162773	-0.348372	-0.383619	-0.36092	
-0.031443	0.0517525	0.137588	0.0471625	0.0822414	0.0199404	-0.153042	0.0343722	0.356675	-0.33692	-0.363204	-0.00377954	0.0397469	0.0128982	0.0489684	0.07687	-0.383744	0.130176	-0.349848	-0.390539	-0.392956	-0.355423	-0.332433	-0.388042	0.0794346	-0.393411	0.0538553	0.0369042	0.266346	-0.353898	-0.392892	-0.371282	
-0.0219148	0.0519022	0.107271	0.0498058	0.0912454	0.0231619	0	0.0331355	0.367417	-0.345211	-0.379387	-0.000958239	0.0297683	0.0195235	0.0465335	0.0486078	-0.393751	0.122847	-0.367526	-0.39983	-0.402688	-0.368267	-0.375535	-0.400102	0.114551	-0.353339	0.065735	0.0372816	0.274024	-0.403231	-0.402634	
-0.0220277	0.053986	0.107264	0.0586975	0.0644378	0.0159057	0.0331355	0.367417	-0.354563	-0.370284	-0.00243513	0.0254013	0.0260907	0.0476031	0.110784	-0.390162	0.171044	-0.36347	-0.39983	-0.40262	-0.362388	-0.367357	-0.396987	0.104101	-0.369797	0.0555086	0.0390065	0.274024	-0.402843	-0.0174705	-0.402577	
-0.0431295	0.0533936	0.115051	0.0636694	0.0765182	0.0327334	-0.405239	0.376252	-0.340911	-0.375414	0.0237079	0.000753398	0.0578012	0.0270894	0.0625199	0.0829393	-0.392293	0.150117	-0.347195	-0.39983	-0.402501	-0.368475	-0.359646	-0.398741	0.0833207	-0.367159	0.0688621	0.0401624	0.330563	-0.401616	
-0.0303282	0.0538783	0.131542	0.0890995	0.0820422	0.0316203	-0.405242	0.367242	-0.341291	-0.374659	0.0325196	-0.00253194	0.133354	0.0613282	0.0474914	0.0801281	-0.395407	0.195701	-0.358451	-0.399675	-0.403055	-0.363388	-0.366347	-0.399296	0.0868985	-0.365075	0.0484713	0.0414533	0.281648	-0.40248	
-0.0441227	0.054266	0.129418	0.107918	0.0879886	0.0207885	-0.405307	0.370912	-0.341899	-0.378028	0.0298449	-0.00265618	0.173928	0.0363218	0.0413754	0.0603663	-0.39361	0.252677	-0.346368	-0.400283	-0.403687	-0.356941	-0.357902	-0.399516	0.109962	-0.362151	0.0410128	0.0418409	0.347637	-0.402563	0.284213	0	
-0.0363162	0.0536229	0.112357	0.162484	0.0753487	0.00821341	-0.374949	0.342684	-0.316242	-0.355422	0.0310712	-0.00161164	0.167584	0.0390314	0.0439609	0.0819364	-0.36832	0.13171	-0.325333	-0.373506	-0.3766	-0.346593	-0.359288	-0.364084	0.136583	-0.343686	0.0595517	0.0378143	0.336093	-0.376229	0	-0.102173	
-0.0460036	0.0509645	0.113327	0.0904013	0.0890569	0.0162148	-0.387208	0.346767	-0.326409	-0.3662	0.036573	-3.61263e-05	0.0865562	0.0530873	0.0286408	0.130312	-0.377707	0.154239	-0.32509	-0.383176	-0.386825	-0.349365	-0.350599	-0.382952	0.166282	-0.35129	0.0549285	0.0372326	0.294301	-0.382631	-0.255862	-0.106022	-0.000663478	
-0.0368932	0.0558017	0.124179	0.0702133	0.0739145	0.0212886	-0.381345	0.352499	-0.326409	-0.363263	0.0311808	0.00164759	0.0385473	0.0536716	0.0285617	0.0590734	-0.372139	0.199084	-0.334682	-0.383176	-0.386641	-0.353941	-0.318037	-0.384172	0.120186	-0.356671	0.0557663	0.0375725	0.309221	-0.385606	
-0.0432407	0.0576531	0.124084	0.0501638	0.0786243	0.0167926	-0.364269	0.358026	-0.326409	-0.36458	0.0253852	-0.000178545	0.0576828	0.0560483	0.0365277	0.0823102	-0.376938	0.170457	-0.330545	-0.38308	-0.386641	-0.327578	-0.326362	-0.381213	0.0803151	-0.346028	0.0513224	0.0385516	0.308951	-0.382504	-0.151549	
-0.0293977	0.0497858	0.131309	0.0453937	0.0865242	0.026559	-0.358994	0.340475	-0.310714	-0.341578	0.0275466	-0.00146153	0.0787311	0.0377034	0.0538719	0.0739737	-0.361553	0.131861	-0.327863	-0.367135	-0.37065	-0.330331	-0.295308	-0.367984	0.140393	-0.337727	0.0553695	0.0376579	0.311042	-0.367873	-0.000237119	
-0.0272102	0.0494751	0.131145	0.0729086	0.066084	0.00523327	-0.372716	0.360215	-0.334151	-0.356717	0.0301576	0.000864782	0.0737819	0.05519	0.0454942	0.0761442	-0.378688	0.123738	-0.350214	-0.389322	-0.393698	-0.349312	-0.310126	-0.389661	0.155726	-0.36248	0.0472511	0.0376579	0.304864	-0.391164	-0.025269	0.300435	0	
-0.0329101	0.0489527	0.111338	0.0819675	0.0680608	0.0153639	-0.379444	0.36247	-0.334151	-0.359693	0.02738	-0.00328446	0.0402805	0.0637563	0.0612893	0.0303272	-0.383388	0.157556	-0.348579	-0.389865	-0.392555	-0.355141	-0.32391	-0.386935	0.0857968	-0.369128	0.0470083	0.0397999	0.27517	-0.392584	
-0.0355219	0.0535042	0.135148	0.0416396	0.0793942	0.00995261	-0.319036	0.375444	-0.325452	-0.349368	0.0313442	-0.00356722	0.0481422	0.06251	0.0416185	0.056798	-0.363052	0.140599	-0.32895	-0.374918	-0.378303	-0.349493	-0.331411	-0.373192	0.0763339	-0.347178	0.0548948	0.0351502	0.252769	-0.377934	0	
-0.0189725	0.0544464	0.110485	0.0622055	0.0681088	0.015958	-0.338662	0.3441	-0.323513	-0.355782	0.0315735	0.00060683	0.0490123	0.0719981	0.0473089	0.114435	-0.368672	0.160645	-0.344927	-0.373909	-0.378329	-0.347051	-0.319333	-0.351977	0.0522707	-0.333601	0.0445864	0.0375482	0.311217	-0.376935	0	
-0.0301019	0.0549053	0.129702	0.043722	0.0683636	0.0161867	-0.34876	0.348214	-0.317435	-0.349691	0.0313285	0.00014589	0.0546192	0.0724571	0.0413385	0.175213	-0.373163	0.136456	-0.340054	-0.377573	-0.380478	-0.350426	-0.287856	-0.379405	0.0892756	-0.320522	0.0483341	0.0380071	0.311676	-0.379385	0	0	
-0.0351787	0.0566098	0.103979	0.0955023	0.0627911	0.0168933	-0.3307	0.352038	-0.325487	-0.337308	0.027504	-0.00213878	0.0528695	0.0360337	0.0258981	0.182335	-0.375216	0.174179	-0.3304	-0.378144	-0.381825	-0.347507	-0.342853	-0.377432	0.0829689	-0.337436	0.0502803	0.038696	0.235676	-0.377094	-0.182155	-0.0738534	0.00206681	
-0.0282399	0.0509688	0.1027	0.0662704	0.0673046	0.0311619	-0.358754	0.356978	-0.335068	-0.364747	0.0308165	0.0290851	0.0557807	0.0571108	0.0737381	-0.384257	0.207579	-0.346379	-0.387185	-0.390671	-0.356573	-0.301212	-0.376085	0.0885706	-0.349797	0.0584427	0.0379073	0.295157	0.00141797	-0.382611	0.0439568	
-0.0354616	0.0507141	0.117771	0.0296131	0.073657	0.017887	-0.365109	0.362495	-0.335068	-0.364674	0.0250451	0	0.0319997	0.0517542	0.0297497	0.0566939	-0.38291	0.207444	-0.339115	-0.38723	-0.390897	-0.356522	-0.327658	-0.367437	0.11123	-0.349769	0.0598016	0.037762	0.295426	-0.00539361	-0.386529	
-0.0150687	0.0510419	0.131327	0.0619474	0.073657	0.0114925	0.354062	-0.336191	-0.363196	0.0338058	-0.103395	0.0278186	0.0334877	0.0482242	0.148181	-0.379934	0.166719	-0.354574	-0.38723	-0.390897	-0.353384	-0.33186	-0.37371	0.155228	-0.316147	0.0539928	0.042957	0.285375	-0.0134654	-0.383459	-0.0473517	
-0.0202245	0.0516296	0.111303	0.0630396	0.0565318	0.017059	0.37898	-0.31709	-0.353159	0.0308075	0.0346439	0.0478758	0.0317242	0.13226	-0.373807	0.169652	-0.335832	-0.377611	-0.381023	-0.348707	-0.301521	-0.375431	0.0856564	-0.309511	0.0596788	0.0387274	0.267443	-0.00392497	-0.374637	-0.148323	
-0.0451275	0.0508985	0.105952	0.0499263	0.0854592	0.0346641	0	-0.314335	-0.366305	0.0236079	0.354641	0.0565971	0.0509221	0.0355576	0.0869452	-0.362642	0.212327	-0.317311	-0.378043	-0.381723	-0.349384	-0.301521	-0.37963	0.0529651	-0.32161	0.0678897	0.0379962	0.266712	-0.00541899	-0.379398	-0.198657	
-0.0396697	0.0513564	0.110303	0.0904978	0.0964136	0.0214503	-0.128227	-0.325938	-0.366477	0.0278121	0.35438	0.0616873	0.0501227	0.0441143	0.0635431	-0.376961	0.102551	-0.324455	-0.381781	-0.384069	-0.353003	-0.350507	-0.380737	0.0677025	-0.300284	0.0555027	0.041337	0.250266	-0.0040872	-0.383377	0	
-0.0171819	0.0548965	0.102008	0.120058	0.0720169	0.00840615	-0.381384	-0.0111218	-0.33058	-0.364328	0.0274199	0.35438	0.0200464	0.0389595	0.0280676	0.0601558	-0.374124	0.251398	-0.342355	-0.38132	-0.38437	-0.353793	-0.364586	-0.38143	0.0710925	-0.275391	0.0770086	0.0377318	0.257174	-0.00665895	-0.381186	0	0.0397213	0.0383576	-0.0738383	0	
-0.0344913	0.0517035	0.106821	0.130295	0.0760451	0.0144653	-0.381384	-0.0220432	-0.329076	-0.36394	0.0344776	0.348027	0.0372814	0.189751	0.0468281	0.126485	-0.377249	0.1621	-0.334863	0.0654865	-0.385005	-0.351597	-0.35004	-0.385412	0.0606118	-0.315116	-0.079105	0.0352474	0.257878	-0.00763875	-0.384388	0.00051714	
-0.0199886	0.056322	0.114611	0.120075	0.0813934	-0.0025905	-0.381507	0.0654531	-0.331332	-0.35636	0.0347896	0.347715	0.0632884	0.176339	0.0437986	0.0865089	-0.369426	0.24029	-0.343882	0.0646715	-0.384645	-0.350134	-0.344175	-0.373382	0.0999475	-0.298416	0.0389581	0.257878	-0.00840511	-0.382711	0.00193769	-0.109126	
-0.0196127	0.0539689	0.127749	0.12867	0.0629645	0.002906	-0.382032	0.041583	-0.328805	-0.360401	0.0306275	0.351877	0.120773	0.0340827	0.0522552	-0.368218	0.14501	-0.343882	0.0603247	-0.384638	-0.335878	-0.35079	-0.381484	0.0986415	0.0527495	-0.109187	0.040673	0.204056	-0.00767872	-0.383609	-0.314215	0.0282589	
-0.0210163	0.0538832	0.119185	0.067722	0.052528	-9.45933e-05	-0.382021	0.041583	-0.33148	-0.359823	0.0339658	0.348876	0.0414102	0.0376294	0.0633142	-0.37602	0.173479	-0.342479	0.0654069	-0.384793	-0.360167	-0.338397	-0.379713	0.123931	0.0410106	0.199592	-0.00600951	-0.384717	-0.306977	0.0403811	0.205378	
-0.0219747	0.0538866	0.111688	0.0797024	0.0972751	0.00383076	-0.381554	0.0606983	-0.325315	-0.363144	0.0367453	0.3461	0.0522677	0.0469374	0.0259299	-0.375276	0.166431	-0.343989	0.0676427	-0.384905	-0.349894	-0.352341	-0.376096	0.167963	0.0272917	-0.295008	0	0.0383371	0.222603	-0.00425986	-0.381941	
-0.0258581	0.0559454	0.129114	0.0346917	0.0620196	-0.00484902	-0.33015	-0.361229	0.0338564	0.348989	0.0674245	0.0429363	0.0416566	-0.370209	0.292143	-0.340895	0.0663631	-0.384545	-0.353912	-0.326272	-0.373472	0.240435	0.0325677	-0.288976	-0.381763	0.0356471	0.233651	-0.00715604	-0.382919	
-0.0275048	0.0500753	0.105529	0.0999822	0.0619276	0.00310907	-0.152466	-0.384968	-0.322018	-0.356474	0.0286256	0.35422	0.0524636	0.0453715	0.0768264	-0.371875	0.283372	-0.342884	0.0542161	-0.355581	-0.341115	-0.36453	0.0748225	0.0378584	-0.295621	-0.381671	0.0345651	0.242546	-0.0122448	-0.384106	
-0.0273805	0.049234	0.109637	0.0610585	0.0736019	0.00126154	-0.381154	-0.230627	-0.317919	-0.351485	0.0326728	0.382004	0.0627627	0.041457	0.0328035	-0.376278	0.212875	-0.341843	0.056847	0.0988005	-0.33626	-0.304106	-0.377968	-0.384605	0.0334268	-0.30831	-0.381671	0.0322645	0.225442	-0.00479026	
-0.0293042	0.0560792	0.155041	0.0606287	0.0624648	0.0104406	-0.38091	-0.325475	-0.35458	-0.349547	0.382396	0.0612569	0.0420755	0.0527726	-0.37286	0.161657	-0.339306	0.0551428	0.105611	-0.357691	-0.31961	-0.375952	-0.384245	0.0418494	-0.298351	-0.381671	0.0326565	0.241403	-0.00477075	0.0678311	
-0.0291284	0.0538924	0.125718	0.039566	0.0784391	0.0110796	-0.382346	-0.00206981	-0.325475	-0.354511	-0.349547	0.382396	0.0210577	0.0443827	0.0652289	-0.378236	0.204132	-0.33664	0.049525	0.0867232	-0.349041	-0.353308	-0.381661	-0.38488	0.098014	-0.295622	-0.381799	0.0377127	0.275967	-0.000760047	
-0.0307281	0.0536663	0.10384	0.0295012	0.0595784	0.0136236	-0.382949	-0.31931	-0.356789	0.0308921	0.351213	0.0321071	0.0619792	0.0203084	-0.373387	0.277872	-0.334855	0.0645975	0.129396	-0.354193	-0.350793	-0.38118	-0.385201	0.0336014	-0.30191	-0.380682	0.0417525	0.258443	-0.0287622	
-0.024713	0.0540402	0.155772	0.0382633	0.0632587	0.01899	-0.384531	0.0641391	-0.321412	-0.354454	0.031266	0.351054	0.0639874	0.0505982	0.0634622	-0.373749	0.227268	-0.341932	0.066276	0.0729107	-0.34703	-0.328682	-0.376619	-0.385053	0.0404112	-0.258834	-0.381095	0.0421264	0.219813	-0.0365398	
-0.0241223	0.0571462	0.125913	0.040715	0.0548974	0.0209727	-0.384559	-0.0420329	0.353946	-0.321412	-0.35554	0.0283738	-0.380796	0.0287941	0.0407314	0.0320527	-0.373739	0.216556	-0.341503	0.0434403	0.244914	-0.347877	-0.324847	-0.373003	-0.384877	0.0485466	-0.297597	0.0383723	0.241103	
-0.0324928	0.0551639	0.119129	0.0574635	0.0631751	0.0174837	-0.383253	-0.0561921	0.355302	-0.320021	-0.352407	0.0266258	-0.380796	0.0717081	0.0517221	0.0206137	-0.373005	0.263194	-0.330167	0.0726277	0.179839	-0.350186	-0.291076	-0.382108	-0.384878	0.035695	-0.2952	0.0379801	0.244517	
-0.0241192	0.0550454	0.123849	0.0710658	0.0625819	0.0147055	-0.3657	-0.000581737	0.364537	-0.302749	-0.340459	0.0220572	-0.363525	0.0451882	0.0386184	0.0515245	-0.361543	0.155111	-0.325575	0.042141	0.134403	-0.330198	-0.307838	-0.359254	-0.367486	0.0497094	-0.274091	0.0384558	0.219375	
-0.0244835	0.0548998	0.11724	0.0528075	0.0761803	0.0304927	-0.364346	-0.0128661	0.364392	-0.295006	-0.347886	0.0280833	-0.363503	0.0305457	0.0299128	0.0320583	-0.356744	0.131703	-0.320789	0.0503456	0.331109	-0.3255	-0.326658	-0.354121	-0.367396	0.0769732	-0.295128	0.0395748	0.236885	
-0.0147122	0.0551567	0.113457	0	-0.00238735	-0.366261	-0.0270786	0.366872	-0.305635	-0.346427	0.0317702	-0.365723	0.0255556	0.0398198	0.0644301	-0.361637	0.0568041	-0.32949	0.0536498	0.0694688	-0.334369	0.0512206	-0.366351	-0.369869	0.0521323	-0.258976	0.0398317	0.213988	
-0.0246574	0.0550871	0.10387	-0.228905	0.0101164	0.117566	-0.366368	-0.0234683	0.366812	-0.302925	-0.349831	0.0297436	-0.366674	0.0314145	0.0399712	0.0366972	-0.360781	-0.330542	0.0535899	0.107773	-0.337159	0.0688576	-0.359678	-0.369263	0.0611352	-0.271045	0.0395135	0.219472	
-0.00991482	0.0550871	0.135399	0.00962804	0	0.106731	-0.369011	-0.0270501	0.366812	-0.302925	-0.349695	0.0262265	-0.366674	0.0370078	0.035329	0.0332148	-0.351478	0.0557703	-0.337894	0.0535339	0.0935616	-0.339748	0.0663941	-0.362445	-0.369706	0.0581267	-0.226814	0.0342643	0.192023	
-0.0152054	0.0550871	0.125822	0.0169052	0.0776068	-0.36905	-0.0386283	0.366812	-0.302201	-0.338074	0.0296735	-0.366375	0.0316549	0.0364245	0.0482546	-0.351563	-0.331266	0.0714607	0.172677	-0.332578	0.0522768	-0.358326	-0.369758	0.0359668	-0.298182	0.03684	0.237844	
-0.0190419	0.0554519	0.113047	0.0159238	0.141068	-0.368316	-0.0276507	0.337165	-0.302569	-0.348872	0.0300118	-0.365998	0.0606197	0.0386497	0.0452784	-0.353172	0.294651	-0.330479	0.0563298	0.184277	-0.329328	0.0708355	-0.360408	-0.369632	0.0348128	-0.2241	0.0377889	
-0.0253397	0.0546464	0.109538	0.0078977	0.0753642	-0.384233	-0.050589	0.38066	-0.323182	-0.362693	0.0271855	-0.379549	0.0286309	0.0435292	0.0681723	-0.363612	0.229968	-0.340032	0.0688199	0.187502	-0.336147	0.0687886	-0.349139	-0.383888	0.027221	-0.21802	0.0349502	-0.0395541	
-0.0109892	0.051947	0.146257	0.015647	-0.0220685	0.0939816	-0.384923	-0.0334154	0.382636	-0.31995	-0.362792	0.0274083	-0.382219	0.0269386	0.0440413	0.0514916	-0.362019	0.299333	-0.353252	0.061504	0.0616799	-0.349635	0.0788387	-0.375207	-0.385499	0.035162	-0.203694	0.0346539	
-0.0173114	0.0564104	0.111533	0.00966046	-0.135676	0.0967998	-0.385146	-0.024984	0.35171	-0.317585	-0.359839	0.0308514	-0.382236	0.0585978	0.0345828	0.0720334	-0.364182	0.301989	-0.34165	0.0661812	0.122866	-0.349934	0.0735428	-0.36479	-0.385165	0.0366329	-0.0840716	0.0345788	
-0.0228096	0.0564104	0.130136	0.0210053	-0.13132	0.0716938	-0.378602	-0.0283201	0.350341	-0.324231	-0.358298	0.0278638	-0.377243	0.141548	0.0339464	0.0791376	-0.363028	0.306323	-0.345928	0.0607902	0.0973759	-0.341708	0.07615	-0.362161	-0.381341	0.0559712	-0.222543	0.0345788	
-0.0228381	0.0557736	0.117784	0.0116516	-0.106338	0.0908454	-0.379216	-0.0356506	0.378599	-0.320686	-0.356172	0.028258	-0.37694	0.0327807	0.0423233	0.0195551	-0.359999	0.331627	-0.343576	0.0682241	0.110881	-0.349909	0.0792596	-0.37085	-0.381258	0.063432	-0.27787	0.0389281	
-0.0151765	0.0543996	0.144446	0.00768705	-0.117254	-0.381324	-0.0313816	0.378238	-0.325851	-0.357207	0.0321535	-0.37694	0.105318	0.0310223	0.0366573	-0.36218	0.324142	-0.346974	0.0652321	0.113949	-0.348327	0.0746135	0.167824	-0.381568	0.0267303	-0.216305	0.0331332	-0.0378182	-0.0472903	
-0.0168591	0.0544865	0.107964	0.00893126	-0.0662766	-0.386045	-0.0311387	0.350431	-0.321716	-0.351869	0.0319618	-0.381079	0.0744306	0.0344003	0.0368873	-0.371394	0.292616	-0.352009	0.074652	0.209039	-0.354273	0.078248	0.186576	-0.385544	0.0371833	-0.29268	0.0389822	
-0.0227288	0.0544586	0.118703	0.0044039	-0.0825082	-0.0155723	-0.37208	-0.0334576	0.368402	-0.31172	-0.355196	0.0290631	-0.367453	0.0498252	0.0500538	0.0745876	-0.347169	0.266618	-0.327699	0.0589319	0.12961	-0.334379	0.0889749	0.0929392	-0.371199	0.0106037	-0.304003	0.0360136	
-0.0150151	0.0538439	0.119743	0.0125261	-0.131696	-0.370752	-0.0167355	0.339339	-0.308489	-0.347534	0.0284484	-0.367453	0.0339329	0.0406562	0.0636216	-0.360683	0.267534	-0.340335	0.0645943	0.0903607	-0.337621	0.0597994	0.149553	-0.3713	0.0095657	-0.29535	0.0353989	
-0.0128821	0.0549531	0.113956	0.0148257	-0.0526625	-0.370877	-0.0361108	0.368027	-0.318245	-0.351223	0.0286874	-0.367113	0.0531236	0.0303258	0.0569698	-0.359161	0.250782	-0.340723	0.0570005	0.200169	-0.346451	0.0644119	0.0814023	-0.371468	0.0611691	-0.270512	0.0369062	
-0.0148021	0.0549531	0.113889	0.004009	-0.110667	-0.370419	-0.0647667	0.368027	-0.314794	-0.345935	0.0249054	-0.367047	0.0281416	0.0303726	0.139437	-0.35386	0.212722	-0.337493	0.0604678	0.147204	-0.341488	0.059086	0.0743618	-0.371557	0.0351033	-0.307809	0.0397756	0	
-0.0150055	0.0549531	0.113619	0.00469883	-0.114356	0.068802	-0.370598	-0.108519	0.368027	-0.314794	-0.340903	0.0358405	-0.367047	0.0907163	0.0284397	0.0764469	-0.354119	0.284996	-0.337493	0.0518913	0.0964987	-0.34443	-0.371716	0.0113672	-0.289717	0.0329513	
-0.0244523	0.0549531	0.13113	0.0189529	-0.129696	0.063977	-0.371278	-0.0824066	0.368027	-0.316039	-0.348491	0.028672	-0.36718	0.0482895	0.0294585	0.0978924	-0.352801	0.302983	-0.328394	0.081045	0.103336	-0.342535	0.0382827	-0.0020647	-0.371631	0.0215476	-0.29764	
-0.0238817	0.0550287	0.152456	0.00448692	-0.084277	-0.380299	-0.0704329	0.376346	-0.317629	-0.358691	0.0328935	-0.375013	0.0731192	0.0298767	0.0777243	-0.360943	0.324832	-0.331139	0.0639929	0.169017	-0.348647	0.0332773	0.0674452	-0.379782	0.028977	-0.298841	
-0.0296002	0.0547471	0.124284	0.00986382	0.34769	0.0618777	-0.377998	-0.0862442	0.374071	-0.315636	-0.361263	0.0345038	-0.37302	0.0456281	-0.332706	0.0331195	0.0721832	-0.366573	0	0	0.130587	-0.331546	0.0329957	0.0521346	-0.377126	0.0368943	-0.294688	
-0.0187098	0.0509046	0.140922	0.0133897	0.329279	0.0636278	-0.375736	-0.0798505	0.374506	-0.314113	-0.354647	-0.342077	-0.373088	0.0943927	-0.331441	0.0229023	0.0799571	-0.363492	0.186405	-0.340957	0.0328061	0.0522021	-0.37752	0.0490523	-0.30631	
-0.0345037	0.0527698	0.140719	0.00123945	0.322729	0.0639922	-0.372302	-0.0953547	0.374506	-0.322035	-0.358755	-0.342875	-0.373088	0.129174	-0.325068	0.0293247	0.109259	-0.367269	0.123178	-0.344968	0.0328061	0.0469524	-0.377576	0.0249165	-0.28278	
-0.0245658	0.0512459	0.150439	0.012565	0.299964	0.0594052	-0.362246	-0.113345	0.363925	-0.297225	-0.348636	-0.334953	-0.362827	0.0577088	-0.321565	0.0374161	0.0639471	-0.354144	0.178682	-0.332169	0.0351577	0.0557166	-0.366765	0.0141701	-0.286343	
-0.016403	0.0533836	0.129967	0.0196297	0.34866	0.0588443	-0.369379	-0.0779427	0.372206	-0.317378	-0.357159	-0.347123	-0.371065	0.0578598	-0.338542	0.0462209	0.0992824	-0.35703	-0.334019	0.0343175	0.0641829	0.133687	-0.375204	0.0306318	-0.291434	
-0.029669	0.0540585	0.11854	0.020495	0.252991	0.0542401	-0.36836	-0.0818258	0.365147	-0.313617	-0.346433	-0.336246	-0.364026	0.0744911	-0.321497	0.0437516	0.0442422	-0.355319	-0.203896	-0.170019	-0.331986	0.0349741	0.0567641	0.126007	-0.368643	0.0497074	-0.276773	
-0.0341475	0.0532357	0.138753	0.0144119	0.335234	0.0712453	-0.36771	-0.0945296	0.365147	-0.312505	-0.350165	-0.332018	-0.364036	0.0451754	-0.318437	0.0376418	0.157664	-0.361072	-0.368419	-0.329474	0.0348202	0.0700196	0.162957	0.234399	-0.306309	
-0.0149551	0.0544105	0.112953	0.0210409	0.288403	0.061213	-0.36642	-0.108396	0.365265	-0.312505	-0.348347	-0.335329	-0.363314	0.0800414	-0.327753	0.0316812	0.211498	-0.357439	-0.367981	0.038869	0.0576431	0.0693435	-0.329008	-0.301205	
-0.017241	0.0553269	0.130371	0.0209369	0.34626	0.0663622	-0.355887	-0.0784578	0.354897	-0.306216	-0.341701	-0.330036	-0.353724	0.0684804	-0.320671	0.0427275	0.113032	-0.344782	-0.358014	0.0329459	0.0617985	0.11648	-0.302227	-0.27276	
-0.0209737	0.0595234	0.112468	0.00418135	0.332346	0.0648601	-0.366901	-0.0883135	0.364174	-0.314815	-0.349598	-0.334875	-0.363088	0.0981353	-0.328183	0.0342749	0.141782	-0.353186	-0.367384	0.0317508	0.0734488	0.081847	-0.315791	-0.299171	
-0.0214529	0.0557675	0.112454	0.0116456	0.291533	0.0664622	-0.365713	-0.0731486	0.363925	-0.305172	-0.349129	-0.340074	-0.363074	0.108529	-0.331236	0.0397662	0.0742388	-0.347773	-0.367193	0.0315013	0.0659009	0.104477	-0.327697	-0.313207	-0.0763499	
-0.0264791	0.0563902	0.118592	0.0119073	0.229996	0.0785746	-0.371137	-0.113441	0.369666	-0.312058	-0.349322	-0.343554	-0.368025	0.12354	-0.330377	0.0328066	0.0673928	-0.361931	-0.372856	0.0372817	0.0771425	0.131381	-0.336507	-0.321581	
-0.0244867	0.0566273	0.137008	0.00571607	0.242702	0.0742425	-0.366589	-0.119259	0.364516	-0.301192	-0.340676	-0.331975	-0.362637	0.174741	-0.322153	0.0375005	0.0920216	-0.351319	-0.367391	0.0323116	0.061853	0.105164	-0.320355	-0.306036	0	
-0.0204153	0.0528041	0.135189	0.00757484	0.257329	0.0694683	-0.366422	-0.0691587	0.333834	-0.306935	-0.349075	0.029246	-0.362637	0.126655	-0.324015	0.0367286	0.0783612	-0.344037	-0.36737	0.0679	0.161274	-0.328654	-0.290069	0.0351241	
-0.328897	0.0540298	0.121502	0.00984944	0.283258	0.0769404	-0.366671	-0.0814102	0.333834	-0.305333	-0.348445	0.0304717	-0.363302	0.0747456	-0.312537	0.048178	0.122532	-0.345654	0.0327679	-0.366706	0.0829251	0.19142	-0.0281053	-0.279465	
-0.33646	0.0551816	0.118483	0.0143991	0.324434	0.0581371	-0.365545	-0.0827375	0.328726	-0.30729	-0.348165	0.0336422	-0.360696	0.135513	-0.320806	0.044004	0.12922	-0.346893	0.034785	-0.364774	0.0689984	0.164353	-0.0170211	-0.305117	
-0.342338	0.0547865	0.101807	0.0133895	0.346778	0.054504	-0.376793	-0.0772184	0.349712	-0.320132	-0.364621	0.0251026	-0.37471	0.102086	-0.329528	0.0335006	0.131211	-0.353207	0.0343899	-0.377146	0.0701456	0.104109	-0.0244528	-0.329833	0	0	0.0136889	-0.154415	
-0.319987	0.0546486	0.12411	0.000595506	0.278084	0.0618462	-0.356168	-0.10247	0.327949	-0.295794	-0.333516	0.0275554	-0.355399	0.122985	-0.312437	0.0446342	0.0884833	-0.342895	0.0316167	-0.178156	0.0701456	0.137311	-0.0175182	-0.314949	-0.00486918	-0.358908	
-0.332759	0.0565134	0.103531	0.0237811	0.315712	0.0657876	-0.358153	-0.110632	0.357178	-0.297413	-0.34432	0.0309277	-0.356378	0.0777332	-0.30851	0.0366676	0.18279	-0.345866	0.0320113	-0.360177	0.0659883	0.134571	-0.0272958	-0.306375	-0.00469913	0	
-0.350968	0.0565855	0.0973553	0.00109246	0.282957	0.0626339	-0.380762	-0.0769274	0.377891	-0.318054	-0.366374	0.0309998	-0.377055	0.0386167	-0.333351	0.0295967	0.100749	-0.360682	0.0376628	-0.380437	0.067008	0.149679	-0.0252209	-0.317324	-0.0111583	
-0.352814	0.0517757	0.121479	0.00186675	0.276221	0.0640864	-0.377226	-0.0928075	0.348764	-0.318054	-0.358043	0.0290493	-0.377785	0.0350498	-0.330522	0.0385898	0.0511555	-0.36808	0.0322771	-0.381359	0.0570776	0.10432	-0.0266118	-0.313865	-0.00169612	0	
-0.346824	0.0598168	0.104245	0.00670919	0.254413	0.0768421	-0.381609	-0.0869087	0.381401	-0.329152	-0.358733	0.0297547	-0.380744	0.0216511	-0.337544	0.0371424	0.0391017	-0.362963	0.0309145	-0.383547	0.0623314	0.186983	-0.0165722	-0.311222	-0.00908487	
-0.352113	0.0486126	0.113758	0.0141249	0.280373	0.0746084	-0.377616	-0.077024	0.348253	-0.315543	-0.359032	0.0271378	-0.374638	0.0404961	-0.347961	0.027447	0.0863903	-0.353637	0.0327851	-0.37854	0.0739321	0.323374	-0.336216	0.000504068	
-0.344224	0.0544697	0.106221	0.00549758	0.295007	0.0705301	-0.37632	-0.0746262	0.344424	-0.298132	-0.355056	0.0312221	-0.375098	0.136069	-0.337407	0.0245023	0.0768786	-0.36159	0.0336846	-0.378672	0.0662234	0.210211	-0.31906	-0.00530735	
-0.34459	0.0540741	0.121586	-0.00268259	0.294612	0.0718767	-0.376308	-0.10531	0.339209	-0.319305	-0.364828	0.0360417	-0.374682	0.106535	-0.344095	0.0307751	0.0899113	-0.355508	0.0345946	-0.378118	0.0754429	0.0790284	-0.318777	-0.00402493	
-0.348235	0.0505419	0.118279	-0.00791299	0.233827	0.0639415	-0.376009	-0.0834567	0.375644	-0.311081	-0.361111	0.0368728	-0.374682	0.0546837	-0.345302	0.0306284	0.0578397	-0.368564	0.0317363	-0.378816	0.077439	0.115643	-0.298281	-0.00284423	-0.0489254	-0.168281	
-0.349113	0.0491451	0.100118	-0.00145496	0.262217	0.0820262	-0.375569	-0.0702819	0.374978	-0.317588	-0.362679	0.036207	-0.374682	0.0675119	-0.345302	0.0336447	0.0403295	-0.36317	0.0315964	-0.378238	0.0691179	0.166973	-0.321162	0.000752239	
-0.355273	0.0518627	0.134613	-0.0062	0.271657	0.0623922	-0.378343	-0.0821028	0.340164	-0.308514	-0.351308	0.0352615	-0.373707	0.0579516	-0.345578	0.0346899	0.0507438	-0.365559	0.0320443	-0.377959	0.054226	0.144865	-0.326126	-0.00151747	0.00598434	0.00728553	-0.237119	
-0.343994	0.0533634	0.135321	0.0066335	0.276037	0.0674744	-0.376708	-0.0744383	0.345475	-0.315713	-0.363124	0.0296266	-0.374414	0.0844392	-0.347716	0.0369286	0.0750514	-0.367509	0.0317208	-0.00227493	0.0538418	0.105841	-0.31881	0	-0.378364	
-0.347851	0.0526982	0.121456	0.0214818	0.291431	0.0659951	-0.376291	-0.0799795	0.374437	-0.317682	-0.35542	0.029547	-0.373905	0.0389945	-0.347738	0.0407968	0.161293	-0.363301	-0.378707	-0.0016209	0.0734937	0.110086	-0.313309	0.033123	
-0.320114	0.053063	0.126929	0.00514556	0.256766	0.0570351	-0.377605	-0.0821801	0.374966	-0.311809	-0.363774	0.033367	-0.374027	0.044789	-0.347133	0.032704	0.0726516	-0.373668	-0.378332	0.00518432	0.0736162	0.162297	-0.312023	0.0336517	-0.344474	
-0.34626	0.0573228	0.110091	0.00966601	0.287408	0.0734816	-0.37799	-0.0897388	0.341296	-0.314649	-0.359918	0.0343782	-0.374104	0.0552371	-0.341921	0.0327804	0.0610821	-0.37199	-0.378307	-0.00617566	0.0515936	0.0913344	-0.33687	0.0353096	-0.00776734	
-0.346489	0.0542165	0.113428	-0.000872784	0.272163	0.0698749	-0.376064	-0.0612874	0.37557	-0.307416	-0.356015	0.0330886	-0.373878	0.0814266	-0.345054	0.022161	0.0316422	-0.36989	-0.377238	-0.00317321	0.0559099	0.0501883	-0.291116	0.0352058	
-0.337682	0.0542165	0.104912	0.0107123	0.280938	0.0687438	-0.376722	-0.0722345	0.37557	-0.320205	-0.357923	0.0290597	-0.374161	0.0705993	-0.347445	0.0276315	0.0459989	-0.368434	-0.377561	-0.00238746	0.0815976	0.0955352	-0.325726	0.0317029	-0.246536	
0.0348183	0.0527082	0.133251	0.00631452	0.239584	0.0788865	-0.377961	-0.0749215	0.375368	-0.318826	-0.342289	0.0296825	-0.374662	-0.377657	-0.342172	0.0305305	0.0588672	-0.363471	-0.183273	-0.00276386	0.0613758	0.128533	-0.303042	-0.328653	
0.0311091	0.0521453	0.111019	0.0116247	0.274609	0.0914336	-0.376744	-0.0865352	0.374805	-0.326385	-0.352333	0.0347895	-0.374038	-0.377502	-0.351096	0.0209731	0.126683	-0.364374	-0.330721	-0.00202449	0.0599986	0.0793506	-0.288381	
0.0290457	0.0501226	0.121328	0.00212697	0.255187	0.0865115	-0.370306	-0.0682952	0.370612	-0.306036	-0.361823	0.0354036	-0.370445	-0.373634	-0.344864	0.0225745	0.137435	-0.36709	-0.323047	-0.00265934	0.0678672	0.130223	-0.313022	
0.0351111	0.0500439	0.104828	0.0129298	0.295733	0.0825897	-0.373329	-0.0668493	0.370533	-0.31986	-0.35251	0.0337788	-0.369097	-0.372165	-0.344543	0.031555	0.0208536	-0.364253	-0.304785	0.000348557	0.0604725	0.115862	-0.318514	-0.00119071	-0.11936	
0.0349038	0.0507685	0.120883	0.0143337	0.261859	0.0693136	-0.37294	-0.0741913	0.369733	-0.316801	-0.349793	0.0265529	-0.370158	-0.373057	-0.342002	0.0240604	0.128109	-0.362753	-0.326538	-0.00631716	0.0615338	0.120439	-0.31246	-0.118627	-0.202796	
0.0355629	0.0520026	0.12137	0.00917154	0.325462	0.0665857	-0.385658	-0.0504033	0.357086	-0.328952	-0.358529	0.0253618	-0.382701	-0.385132	-0.35435	0.0230808	0.12083	-0.366379	-0.336692	-0.00418052	0.0456455	0.0971319	-0.292936	
0.0358212	0.056104	0.10302	0.0120572	0.301902	0.0720704	-0.385252	-0.103258	0.382731	-0.327729	-0.362537	0.0336906	-0.382227	-0.385565	-0.355493	0.0268173	0.182462	-0.373002	-0.345797	-0.00704962	0.0645151	0.0634964	-0.299175	-0.00460347	
0.0361414	0.0571132	0.120795	0.0114388	0.255131	0.0861467	-0.369061	-0.0700662	0.370956	-0.315634	-0.353505	0.0305884	-0.36984	-0.373021	-0.343745	0.0203797	0.067363	-0.36562	-0.332133	-0.00636099	0.0633934	0.0627306	-0.31891	-0.146132	
0.0362603	0.0544199	0.107983	0.0115108	0.265828	0.0794177	-0.368969	-0.0801664	0.342299	-0.31065	-0.357089	0.0287758	-0.369214	-0.373916	-0.342152	0.0376661	0.0599924	-0.36054	-0.314774	0	0.0635452	0.122781	-0.318429	-0.031432	-0.00620998	
0.0334441	0.0537813	0.113541	0.0319633	0.342284	0.068729	-0.36608	-0.0985753	0.336163	-0.312216	-0.344529	0.0281372	-0.363939	-0.366015	-0.336826	0.0296187	0.0334872	-0.355756	-0.321792	-0.0922887	0.0608854	0.0648908	-0.00512169	-0.289473	
0.0325445	0.0540243	0.109626	0.0194631	0.329905	0.0696146	-0.380246	-0.110117	0.351611	-0.316786	-0.357033	0.0283801	-0.379994	-0.383059	-0.346365	0.0347856	0.0649811	-0.369236	-0.326202	0.0359198	0.0538496	0.0763712	-0.00512169	-0.297558	-0.20795	-0.00711072	
0.0325445	0.0540243	0.102765	0.0388573	0.286929	0.0766739	-0.382138	-0.0858885	0.349867	-0.326264	-0.344422	0.0301244	-0.379288	-0.382272	-0.351449	0.0211595	0.0147828	-0.37211	-0.338253	0.0613648	-0.311195	0.079011	0.000609892	-0.0535194	0	
0.0325445	0.053177	0.117227	0.0202837	0.341577	0.0698224	-0.382523	-0.098614	0.356322	-0.320319	-0.343271	0.023669	-0.37958	-0.382126	-0.345214	0.0279033	0.0558536	-0.37557	-0.339619	0.0541374	-0.31247	0.0584459	-0.00595788	-0.00967934	
0.0349666	0.0528136	0.117077	0.0315479	0.398787	0.0804239	-0.381991	-0.0865875	0.380296	-0.289593	-0.345893	0.0289028	-0.379429	-0.382138	-0.353706	0.0308714	0.0666355	-0.372874	-0.340407	0.067838	-0.32406	0.111613	-0.00515221	-0.330791	-0.0193143	
0.0359147	0.0511533	0.102975	0.0246974	0.321732	0.0666505	-0.391232	-0.109561	0.365	-0.389504	-0.365632	0.0250952	-0.392279	-0.35558	0.029667	0.121434	-0.38716	-0.354953	0.0502643	-0.329811	0.122237	-3.43513e-05	-0.340866	
0.0359147	0.0521392	0.113516	0.00192721	0.320932	0.069608	-0.391876	-0.090776	0.390095	-0.390298	-0.372547	0.030158	-0.392511	-0.337082	-0.354539	0.0301386	0.0833109	-0.383981	-0.344897	0.0565543	-0.302978	0.116813	-0.00102026	
0.0372043	0.0531388	0.132039	0.0100033	0.314557	0.069608	-0.392125	-0.0831602	0.36592	-0.390363	-0.371743	0.0241749	-0.393074	-0.332152	-0.366691	0.029231	0.0886241	-0.383495	-0.356105	0.0646615	-0.310186	0.205643	-0.00448192	0	0	
0.0344526	0.0531388	0.0997881	0.0382494	0.307068	0.0581975	-0.392123	-0.0722066	0.36373	-0.390363	-0.376087	0.0263657	-0.392609	-0.339212	-0.360626	0.0271518	0.04862	-0.390031	-0.345305	0.0520835	-0.316829	0.149644	0.00134459	-0.216487	-0.259206	
0.0350274	0.0519398	0.111373	0.0260974	0.33133	0.0687563	-0.392145	-0.108179	0.365803	-0.389398	-0.369715	0.0242917	-0.3928	-0.335998	-0.360626	0.0351683	0.0337425	-0.386091	-0.349177	0.0533324	-0.311532	0.145438	0.0039657	0	
0.0347713	0.0516813	0.0997941	0.022016	0.31282	0.0524379	-0.391961	-0.102683	0.363592	-0.389739	-0.374759	0.0262447	-0.3928	-0.334938	-0.363104	0.02195	0.0372023	-0.387522	-0.35192	0.0484115	-0.306426	0.186406	0.00126358	-0.111996	0.102808	
0.0347713	0.0510146	0.132666	0.0248371	0.256994	0.0540697	-0.393356	-0.0953002	0.368455	-0.389547	-0.371303	0.021382	-0.39273	-0.335406	-0.348163	0.0391987	0.0406516	-0.388387	-0.35891	0.0482189	-0.310514	0.184103	0.000196949	-0.0169061	-0.0650932	
0.034048	0.0510146	0.0986623	0.0563964	0.241713	0.0573892	-0.384982	-0.0741973	0.363712	-0.383677	-0.370001	0.0193275	-0.385322	-0.328609	-0.347324	0.0301597	0.0502159	-0.377402	-0.326322	0.0540949	0.198817	-0.292679	-0.0036447	-0.00524122	
0.0370017	0.0543049	0.103537	0.0308253	0.295072	0.0589955	-0.386359	-0.08463	0.359603	-0.383093	-0.364358	0.0233514	-0.385541	-0.334716	-0.359717	0.0299858	0.0175328	-0.378915	-0.348207	0.0675827	0.311452	-0.00697669	-0.298759	-0.0026964	
0.0333228	0.0549048	0.0952541	0.0236952	0.250665	0.0498051	-0.387485	-0.0832522	0.361249	-0.385252	-0.367941	0.0233514	-0.387066	-0.332324	-0.358256	0.0321179	0.0631955	-0.379993	-0.352565	0.0630105	0.167727	0.0026379	-0.318835	-0.0112952	0.0180965	
0.034462	0.0541702	0.0980992	0.014118	0.262948	0.0546742	-0.374944	-0.0459925	0.342441	-0.371045	-0.356893	0.0287624	-0.372893	-0.318937	-0.344275	0.0201382	0.0835815	-0.365191	-0.32519	0.0523871	0.0871578	-0.000340984	-0.336433	-0.0151815	
0.0352624	0.0548988	0.124528	0.00931606	0.261508	0.062159	-0.372945	-0.0596202	0.346165	-0.371065	-0.337361	0.0248851	-0.373008	-0.316282	-0.343359	0.023511	0.0873167	-0.354575	-0.337451	0.0584663	0.0950272	-0.00776668	-0.324801	-0.00689694	
0.0358006	0.0479818	0.126587	0.0168443	0.268567	0.0513066	-0.396093	-0.0733726	0.368566	-0.393597	-0.360471	0.0247886	-0.395526	-0.344906	-0.366184	0.0266838	0.0270204	-0.38777	-0.353449	0.0756044	0.0539256	0.00381371	-0.351889	-0.00998475	-0.0901308	
0.0339919	0.0539457	0.126332	0.0227967	0.292576	0.0628672	-0.394476	-0.0556094	0.370854	-0.393342	-0.377922	0.0220581	-0.395479	-0.340753	-0.35892	0.0321657	0.0930177	-0.384596	-0.356785	0.0679863	0.165349	5.05636e-05	-0.346108	0.00139822	-0.0843248	
0.0346539	0.0484138	0.130161	0.0372279	0.247463	0.0657337	-0.384618	-0.10327	0.356262	-0.383113	-0.347224	0.0269922	-0.385988	-0.332813	-0.351182	0.0297433	0.102741	-0.373382	-0.340516	0.056835	0.106631	0.00272418	-0.331877	-0.00345135	-0.00911494	
0.0334017	0.051654	0.116398	0.0424773	0.283632	0.0678942	-0.385749	-0.0529174	0.361511	-0.383488	-0.362039	0.0223085	-0.385661	-0.324075	-0.35899	0.0254837	0.0479676	-0.377587	-0.348237	0.0449772	0.0726599	4.96415e-05	-0.339255	-0.00612589	0.00571317	0	-0.274	
0.0329151	0.0511674	0.136564	0.0284211	0.361341	0.0628851	-0.371411	-0.0899597	0.368868	-0.369968	-0.341998	-0.342621	-0.372776	-0.310607	-0.342774	0.0265534	0.0381372	-0.357167	-0.333279	0.0723392	0.0543508	4.96415e-05	-0.31123	-0.00316541	0	0	
0.0350603	0.0550557	0.127681	0.0145385	0.321127	0.0559403	-0.389016	-0.0733688	0.388089	-0.387957	-0.367475	0.0284974	-0.391354	-0.324945	-0.360707	0.0363313	0.0526764	-0.378361	-0.356374	0.052833	0.0809682	-0.00747762	-0.348564	-0.0161612	
0.0350568	0.0544976	0.113995	0.0276298	0.276136	0.0555574	-0.378944	-0.0972534	0.378512	-0.378938	-0.358369	0.0279393	-0.381768	-0.307594	-0.35601	0.0388429	0.0445564	-0.371359	-0.351742	0.0523717	0.0980168	-0.00459458	-0.333419	-0.0113883	
0.035805	0.0552458	0.11399	0.00837759	0.290531	0.056216	-0.378743	-0.0670453	0.340583	-0.378933	-0.357085	0.0386773	-0.381617	-0.314716	-0.350319	0.030646	0.112817	-0.369471	-0.355331	0.0562957	0.152526	-0.0063171	-0.350391	-0.00764458	-0.0229158	
0.0355205	0.0531901	0.11432	0.00693867	0.28574	0.052428	-0.388108	-0.0639218	0.348269	-0.387325	-0.370779	0.0383928	-0.389853	-0.319885	-0.358004	0.0399437	0.0643013	-0.375948	-0.360436	0.0511197	0.167519	-0.00454585	-0.332072	-0.00469398	-0.0573794	
0.0354952	0.0531648	0.0999634	0.00979566	0.319642	0.056771	-0.385046	-0.0912689	0.352173	-0.386279	-0.36881	0.0344637	-0.388675	-0.336532	-0.350213	0.0255998	0.061663	-0.37984	-0.365819	0.0452591	0.120192	0.00114822	-0.324009	-0.00402821	
0.0354019	0.0514705	0.119728	0.0153428	0.337511	0.0564594	-0.385558	-0.0982424	0.355952	-0.387438	-0.353976	0.0303766	-0.389583	-0.326977	-0.361739	0.0338151	0.0796297	-0.372986	-0.366059	0.0533091	0.145741	0.000509035	-0.326407	-0.00488627	
0.0320193	0.051128	0.132888	0.0204427	0.246525	0.066008	-0.386355	-0.0750927	0.354487	-0.387179	-0.34435	0.0318419	-0.388998	-0.326977	-0.359684	0.0380849	0.0410173	-0.376701	-0.357604	0.0600517	0.306635	-0.00230119	-0.319152	-0.0017011	
0.0338923	0.0530161	0.13005	0.0447806	0.302694	0.0536241	-0.385374	-0.0785044	0.351281	-0.382604	-0.350759	0.0309416	-0.384734	-0.327808	-0.35373	0.0257066	0.14965	-0.363762	-0.356967	0.0593956	0.0866602	0.000554184	-0.346824	-0.0161485	0.000811307	
0.0373371	0.0542058	0.13329	0.0386966	0.277903	0.0584806	-0.388466	-0.0648256	0.389074	-0.388841	-0.364272	0.0315563	-0.391823	-0.332366	-0.359967	0.0359134	0.0803006	-0.369135	-0.365361	0.0569238	0.094291	-0.00152756	-0.344295	-0.00574902	-0.107798	0.000368916	
0.0375208	0.0529445	0.127201	0.0453209	0.284762	0.0587022	-0.391502	-0.0639244	0.359298	-0.388517	-0.363417	0.0299596	-0.390979	-0.330289	-0.354379	0.0387604	0.169988	-0.378884	-0.367228	0.0605021	0.0795322	0.00160191	-0.341315	-0.0108689	-0.0730523	-0.303106	-0.282655	
0.036867	0.0522906	0.108936	0.022296	0.362479	0.078878	-0.392316	-0.0802686	0.388604	-0.388698	-0.345941	0.0270466	-0.391068	-0.328953	-0.361303	0.0348694	0.15896	-0.378436	-0.372345	0.0633306	0.0837857	-0.0053139	-0.308344	0.00466952	-0.362891	0.00136382	
0.0381715	0.0510998	0.121352	0.0137777	0.152262	0.0702457	-0.391941	-0.0927067	0.388711	-0.388698	-0.346637	0.0393149	-0.390183	-0.335679	-0.360379	0.0337912	0.054337	-0.383742	-0.365543	0.0710178	0.239575	0.0013328	-0.339737	0.00287966	
0.0387174	0.0553022	0.125458	0.013534	0.219832	0.0685611	-0.39456	-0.318986	0.358981	-0.391212	-0.341961	0.0324729	-0.391836	-0.323045	-0.36215	0.0260513	0.0486823	-0.3825	-0.352228	0.0624564	0.0616009	-0.00202666	-0.342616	-0.00716274	-0.297257	
0.0373427	0.0542288	0.11936	0.0125146	0.23017	0.0722529	-0.39366	-0.300791	0.35477	-0.391212	-0.343603	0.0356112	-0.393321	-0.342126	-0.357553	0.0265272	0.0577171	-0.382183	-0.359444	0.0649532	0.114847	-0.00701874	-0.347294	-0.00716274	
0.0367084	0.0542256	0.136455	0.0409731	0.223487	0.0801455	-0.39309	-0.287693	0.35477	-0.390542	-0.354591	0.035608	-0.392955	-0.330137	-0.366924	0.0313374	0.0562157	-0.367629	-0.331029	0.0528749	0.168845	-0.00405874	0.00165966	-0.346129	0.000774717	
0.0360867	0.0542256	0.133177	2.89936e-06	0.22895	0.0572793	-0.394095	-0.295375	0.354997	-0.390542	-0.352526	0.0353808	-0.391856	-0.32824	-0.35833	0.0284001	0.0654098	-0.382276	-0.338663	0.0561826	0.186342	-0.00429528	-0.341839	0.00797835	-0.0182702	0	
0.0338801	0.0575499	0.112569	0.00825338	0.192531	0.0801627	-0.394375	-0.272737	0.355349	-0.394002	-0.328526	0.0387514	-0.396648	-0.339128	-0.357053	0.0360121	0.0245676	-0.389329	-0.349469	0.0561826	0.199647	-0.00113456	-0.000771092	-0.341862	
0.0394649	0.0510957	0.101976	0.0248582	0.229039	0.0778436	-0.385716	-0.291565	0.349838	-0.386995	-0.340025	0.0372566	-0.389402	-0.336802	-0.352638	0.0325016	0.0643434	-0.377809	-0.347126	0.0794323	0.127538	0.00531963	0.011076	-0.334085	
0.0402823	0.0556801	0.141163	-0.00726799	0.272897	0.0720448	-0.387068	-0.341709	0.387912	-0.387729	-0.337683	0.0457952	-0.388966	-0.331936	-0.35509	0.0313863	0.0576788	-0.374856	-0.351031	0.0538879	0.107139	-0.00149661	-0.309665	-0.0728444	-0.00342131	
0.0402823	0.0584601	0.140027	0.0259189	0.229545	0.0415517	-0.389133	-0.2953	0.35543	-0.387356	-0.351847	0.0324812	-0.389681	-0.331944	-0.360885	0.0194325	0.0714538	-0.374856	-0.35605	0.051454	0.183676	-0.00925198	-0.298112	-0.0861123	-0.283628	-0.0165686	-0.310887	-0.0684144	
0.0374084	0.0580976	0.137816	0.0112305	0.188981	0.0603946	-0.389271	-0.294273	0.386885	-0.387356	-0.350654	0.0332993	-0.389899	-0.328447	-0.351988	0.0300926	0.053212	-0.380934	-0.357252	0.0454351	0.188426	-0.00448452	-0.312677	-0.015445	0	
0.0391922	0.0552422	0.110339	0.00815871	0.119759	0.0436123	-0.381888	-0.248058	0.345121	-0.381028	-0.3357	0.0354133	-0.383304	-0.321621	-0.34566	0.0281315	0.0207721	-0.371395	-0.350451	0.0453215	0.092827	-0.00129094	-0.272238	-0.00829183	-0.183517	-0.0622103	-0.253913	0	0.00164949	
0.0362765	0.0555433	0.135063	0.0337582	0.194746	0.0606274	-0.387883	-0.262641	0.343754	-0.386806	-0.351421	0.0422812	-0.387267	-0.328529	-0.35042	0.0235873	0.058993	-0.377684	-0.346843	0.0695421	0.177462	-0.00129094	-0.277437	-0.0137594	0.0136534	0	-0.312163	
0.0417554	0.0593418	0.107386	0.0552592	0.140823	0.048872	-0.386839	-0.26566	0.353236	-0.386063	-0.351206	0.032799	-0.387896	-0.326957	-0.360872	0.0270686	0.0395713	-0.380041	-0.34307	0.0577711	0.235722	-0.0138107	-0.259823	0.00766406	-0.00814212	-0.319396	
0.0417554	0.0588256	0.1207	0.0284415	0.170902	0.0521678	-0.386098	-0.238733	0.355692	-0.386017	-0.338814	0.0303427	-0.389044	-0.327598	-0.347702	0.0268419	0.0425038	-0.376962	-0.354791	0.0559558	0.147982	-0.0138772	-0.313206	-0.000971627	
0.0418039	0.0588741	0.110772	0.0391261	0.141219	0.0492633	-0.387334	-0.213306	0.353601	-0.38683	-0.354788	0.0324821	-0.388728	-0.330165	-0.355066	0.0319915	0.0451006	-0.379895	-0.364056	0.0569142	0.140458	-0.0115352	-0.31015	-0.00944982	
0.042328	0.0548031	0.11628	0.0148641	0.161874	0.047758	-0.387647	-0.252918	0.352706	-0.38683	-0.342871	0.0332761	-0.3879	-0.327798	-0.353425	0.0248079	0.0383574	-0.366614	-0.354686	0.0722556	0.161928	-0.00518164	-0.314429	0.00484417	-0.00300591	
0.0431024	0.0522823	0.141914	0.0253319	0.21392	0.0508085	-0.385395	-0.278013	0.351594	-0.383176	-0.344441	0.0318761	-0.384559	-0.325004	-0.349013	0.0191933	0.0388048	-0.374208	-0.355505	0.0562779	0.0839074	0.00301893	-0.311415	0.00343681	-0.0223891	0	
0.0425881	0.0590325	0.116296	0.0325013	0.183531	0.0520911	-0.397417	-0.105214	0.363244	-0.394684	-0.334261	0.031157	-0.396396	-0.336071	-0.362213	0.019846	0.0490067	-0.382756	-0.353901	0.0567185	0.133872	-0.00682652	-0.294078	-0.00780805	-0.0487217	-0.103403	-0.246903	0.0133915	
0.0436748	0.0498617	0.135946	0.0237317	0.107076	0.069065	-0.392497	-0.100525	0.394275	-0.39417	-0.349981	0.0263922	-0.396265	-0.330779	-0.364743	0.0174582	0.0432131	-0.37628	-0.361647	0.072009	0.224701	0.00988834	0.0158295	0.0118613	0.344413	-0.310999	
0.0438207	0.0517581	0.124957	0.0306404	0.207747	0.0466101	-0.395993	-0.0931548	0.360668	-0.394596	-0.356678	0.0337524	-0.395947	-0.333673	-0.362454	0.0192462	0.0194979	-0.381991	-0.36692	0.0685688	0.13865	0.000854513	0	-0.305412	0.144376	0.0505207	0.00893987	
0.0378929	0.0517581	0.106354	0.031851	0.212191	0.068206	-0.393332	-0.121406	0.360201	-0.392766	-0.356989	0.0334079	-0.395551	-0.331516	-0.361403	0.0262562	0.0328686	-0.381072	-0.364519	0.0573803	0.0914651	0.000854513	0.0233227	-0.351734	-0.0119923	0.00199834	
0.0378929	0.0517581	0.113252	0.0366338	0.399599	0.0598358	-0.395478	-0.0795366	0.359271	-0.392838	-0.357772	0.0343372	-0.395823	-0.329001	-0.360962	0.0198699	0.0362553	-0.383198	-0.367186	0.0611646	0.130199	0.00174948	-0.0135425	-0.285981	0.00204998	-0.193772	
0.0389277	0.0532192	0.123336	0.0242936	0.132183	0.0548969	-0.397029	-0.0800741	0.357124	-0.393672	-0.3547	0.0369468	-0.395963	-0.332583	-0.361149	0.022753	0.130342	-0.383231	-0.357931	0.0722088	0.172883	0.00246965	0.0694641	0.00053776	0.00430526	-0.323025	0.27569	
0.0408548	0.05682	0.115441	0.0153676	0.0826592	0.0715452	-0.393499	-0.128853	0.357124	-0.393573	-0.355287	0.0370557	-0.395963	-0.332583	-0.355198	0.0214761	0.0671568	-0.385034	-0.372242	0.0727882	0.0839061	-0.00102233	0	-0.137765	-0.316496	-0.00075308	
0.0379215	0.0570786	0.115832	0.0426602	0.0547804	0.0732223	-0.394708	-0.169506	0.39425	-0.393964	-0.366295	0.0333019	-0.395382	-0.331569	-0.354003	0.0218672	0.120446	-0.375685	-0.369129	0.0597103	0.143734	-0.00150727	-0.304713	0.00742302	
0.0413566	0.0550564	0.115072	0.0159192	0.0994263	0.0619298	-0.394933	-0.137583	0.360592	-0.393735	-0.362051	0.0336585	-0.395382	-0.33083	-0.354819	0.0219568	0.0647136	-0.381085	-0.366675	0.0660167	0.133278	-0.00532414	-0.295077	0.00685639	
0.0413566	0.0550564	0.1171	0.0104217	0.0629485	0.0687571	-0.396032	-0.142997	0.357379	-0.393735	-0.363098	0.0368712	-0.396272	-0.333459	-0.359966	0.0220981	0.108439	-0.383271	-0.363068	0.053467	0.164208	0.000555114	-0.253669	0.00583874	-0.0953827	
0.044828	0.0549368	0.113331	0.0279592	0.0953789	0.0510202	-0.39512	-0.110957	0.356383	-0.393394	-0.35949	0.0377479	-0.395238	-0.329226	-0.358676	0.0213602	0.0347959	-0.375828	-0.367631	0.0583266	0.178105	0.000555114	-0.27815	-0.00646524	-0.272867	-0.214289	
0.0361351	0.0535204	0.104622	0.0285014	0.0806806	0.0599485	-0.391651	-0.135384	0.39446	-0.393767	-0.360323	0.0368474	-0.396179	-0.330091	-0.355159	0.0224137	0.0205864	-0.372619	-0.371181	0.0608313	0.110481	-0.00178596	-0.327467	0.00301213	0	
0.0363076	0.0536928	0.113725	0.0261037	0.108486	0.0615366	-0.391869	-0.107752	0.394632	-0.393767	-0.376559	0.0343941	-0.395295	-0.334335	-0.356385	0.0221221	0.0453489	-0.377413	-0.370882	0.0595885	0.0888228	-0.00736552	-0.290431	0.000618868	0.191857	
0.0382238	0.0536557	0.101202	0.0485282	0.0967971	0.0519524	-0.395127	-0.109021	0.394595	-0.393701	-0.368658	0.040371	-0.395813	-0.329358	-0.356493	0.0308916	0.043147	-0.38174	-0.373597	0.081121	0.115922	-0.00721114	-0.325112	0.000618868	-0.0469434	
0.0377353	0.0535278	0.140091	0.0391062	0.0723771	0.0668469	-0.396119	-0.122767	0.357015	-0.393805	-0.368886	0.0374527	-0.395723	-0.335711	-0.356493	0.0316321	0.0483222	-0.376888	-0.373828	0.0627459	0.111834	0.00807822	-0.294322	-0.00834979	
0.0370506	0.0528431	0.102517	0.0146692	0.103331	0.0503594	-0.39485	-0.160699	0.35567	-0.393331	-0.357505	0.0381123	-0.396284	-0.339935	-0.352482	0.0276796	0.0423006	-0.372164	-0.368206	0.0621113	0.102357	0.00286925	-0.327004	0.0164339	0	
0.0348374	0.05247	0.118308	0.0205589	0.10889	0.0459555	-0.398902	-0.118169	0.360928	-0.399119	-0.362105	0.0377393	-0.401015	-0.346852	-0.361251	0.0216242	0.0398806	-0.375366	-0.372608	0.0810272	0.30419	0.00144432	-0.340724	0.013582	0	
0.0372844	0.0529559	0.133277	0.028571	0.0729534	0.0686183	-0.385763	-0.147272	0.339134	-0.386265	-0.368192	0.0469716	-0.387968	-0.319367	-0.347494	0.0371578	0.136948	-0.368572	-0.353693	0.0625128	0.0751945	-0.00853431	-0.337094	-0.0141509	
0.0381907	0.0607055	0.122265	0.0238701	0.0800723	0.0566306	-0.410661	-0.148187	0.409682	-0.409118	-0.372796	0.0409922	-0.410511	-0.344161	-0.378708	0.0185448	0.0530879	-0.397475	-0.383606	0.0737536	0.146577	-0.010526	-0.341033	-0.00958465	0	
0.0376211	0.0555925	0.121797	0.040352	0.187824	0.0463526	-0.396544	-0.137936	0.397017	-0.396555	-0.362863	0.0394715	-0.397715	-0.338248	-0.363373	0.0291528	0.0913931	-0.392409	-0.367972	0.06471	0.0643175	-0.0101991	-0.338829	0.00119393	0.057199	
0.036791	0.058706	0.135225	0.0617692	0.136323	0.0702217	-0.389315	-0.127811	0.386529	-0.386902	-0.356695	0.0318293	-0.389486	-0.32801	-0.353135	0.0246915	0.0334755	-0.379834	-0.356137	0.0637138	0.116108	-0.00973154	-0.328177	-0.013598	-7.89602e-05	
