-0.011444	-0.0294007	-0.0476565	-0.0189292	-0.0131174	-0.228896	-0.194906	-0.0380203	-0.0420018	-0.357987	0.195373	-0.0227268	-0.0286524	-0.31457	0.0165092	-0.0100139	-0.0413515	-0.0231407	0.0859155	-0.111693	-0.221919	0.13084	0.202655	0.352924	0.105957	-0.085289	-0.0359064	-0.24043	-0.0112244	-0.0172873	-0.0205819	-0.0038595	-0.228373	0.0219102	0.185575	-0.0357835	0.0431513	0.0149243	-0.016135	-0.0370277	0.0428766	-0.0113518	-0.431519	0.0060271	-0.0156193	-0.0419705	-0.0465338	-0.037748	-0.205282	-0.113484	-0.220305	-0.237846	-0.0132931	0.0420209	-0.011742	-0.0175132	-0.0012386	0.282152	-0.0078934	-0.168372	-0.0571702	-0.0412954	-0.0224711	0.0285339	0.0565485	-0.0443085	-0.0387545	-0.0119141	-0.0377449	-0.216716	-0.0162717	0.243545	0.0904554	-0.228998	-0.239051	0.191607	-0.0078549	-0.0474001	0.228576	
-0.011444	-0.0294007	-0.0476025	-0.244448	-0.0122818	-0.234401	-0.199557	-0.0417928	-0.327812	0.110705	0.199917	-0.00570512	-0.233997	0.0134008	0.200225	0.0140555	-0.0147439	0.13084	0.136708	0.320397	0.105957	-0.100522	-0.0279192	-0.0616603	-0.00293719	0.0517354	-0.0358521	0.0302553	0.0149243	0.0396225	-0.0427858	-0.242478	-0.0124996	-0.00351724	-0.04177	-0.0988992	-0.0409981	-0.0244073	0.034065	-0.0425669	-0.0325544	-0.0311289	-0.0301555	0.187062	-0.0465458	0.289104	
-0.0103266	-0.0319837	-0.0452946	-0.243331	0.00434361	-0.234401	-0.196549	0.0362456	-0.0363115	-0.286079	0.0829112	0.202098	-0.0129506	0.010283	0.162228	0.125525	0.284538	-0.126963	-0.00671636	-0.0497675	-0.00832851	0	-0.215507	0.093295	-0.0351918	-0.230575	0.00476355	0.153379	-0.241867	0.193991	0.206084	-0.0412537	0.00417495	
-0.00629284	-0.0308842	-0.0450881	-0.233709	0.00639903	-0.223739	-0.211672	0.03523	-0.0363115	-0.262779	0.0518634	0.191436	0.259719	-0.0457428	-0.117524	0.185091	0.0297727	-0.230679	0.0809241	-0.0379296	0.204036	0.00158357	-0.00416729	0.0703958	0.00857655	0.132731	0.156546	-0.187019	-0.0407839	
-0.0386438	-0.0450881	-0.23546	-0.00118341	-0.224436	-0.206403	0.0213721	-0.0341724	-0.296574	-0.0518301	-0.0440679	0.142721	-0.0366138	0.283545	0.000934506	0	0.191436	0.124145	-0.0177861	0.0141351	-0.231778	0.0774919	-0.0459299	-0.182065	0	0.0059871	0.285334	0.00916601	-0.0158553	0.0757404	-0.0080938	0.105476	0.183086	
-0.0415436	-0.0306035	-0.0450881	-0.233717	0.00279882	-0.223662	0.162256	0.0228908	-0.038468	-0.0449985	-0.0973554	0.174849	0.00184273	0.283545	-0.00852221	0.0115293	0.191436	0.116096	-0.0102345	-0.231549	0.0934287	-0.037064	-0.15333	0.139599	-0.288564	-0.01244	0.0674621	0.000211398	0.0479472	
-0.041024	-0.0442158	-0.0459765	-0.233255	-0.00447712	-0.225305	0.161037	0.0366038	-0.0396433	-0.0604795	-0.117252	0.138774	0.0142545	0.29536	-0.000423788	0.161099	0.192143	0.0129457	-0.00755025	-0.176536	-0.232066	0.0921168	-0.0455079	-0.310786	-0.0114371	0.100744	-0.0114356	0.105905	
-0.0433768	-0.0346737	-0.0459765	-0.239856	-0.0039668	-0.226975	0.185355	0.0354241	-0.0416724	0.195748	-0.045581	-0.0501622	0.0921168	0	0	0.223946	0.0056272	0.301203	-0.000202235	0.0879628	0.0453457	-0.0215501	-0.171392	-0.235867	-0.277716	-0.0174524	0.0923583	-0.00197316	-0.110676	
-0.0406601	-0.0409462	-0.0453451	-0.240242	-0.00013272	-0.226912	0.181832	0.0448107	-0.040091	0.195748	-0.0333252	-0.0563772	0.0881202	0.148022	-0.0218825	0.0108922	0.301203	-0.0118866	0.144209	-0.23486	-0.00848966	-0.135062	-0.289458	-0.0225852	0.102587	-0.00447885	-0.127338	
-0.0424676	-0.0330312	-0.0454468	-0.231687	0.013503	-0.219675	0.187916	0.0404488	-0.0335652	0.186692	-0.0375849	-0.0494721	0.110977	0.184228	0.00920207	0.00297711	0.301203	-0.00780631	0.153505	-0.22602	-0.0185959	-0.125964	-0.0025225	-0.00672653	-0.28623	-0.0205008	0.118095	-0.00447885	-0.0686701	
-0.042017	-0.0373811	-0.0471605	-0.243874	0.00360158	-0.23378	0.17466	0.0641981	-0.0396347	0.199083	-0.0462823	-0.0522994	0.0883039	0.188245	0.299489	-0.135374	-0.00728736	-0.000857605	0.0875437	-0.238956	-0.03191	-0.0539758	0.00121015	0.00561329	-0.211711	0.00323673	-0.310254	-0.0184711	0.0814638	
-0.0407321	-0.0280309	-0.0468768	-0.244111	0.000962837	-0.0364219	0.137613	0.0351013	0.199617	-0.0345683	-0.0450475	0.0888381	0.143061	0.285975	-0.10481	-0.00586387	0.22884	-0.240691	-0.0236101	-0.0717219	-0.0114203	-0.000946503	-0.23378	-0.28833	-0.020334	0.103181	
-0.040466	-0.0301935	-0.0471585	-0.249306	0.00784103	-0.0308871	0.185732	0.0260763	0.203398	-0.03277	-0.0506192	0.0979999	0.160404	0.257311	-0.0986693	0.00154971	0.171473	-0.0210973	0.243824	0	-0.242714	-0.0111988	-0.10344	-0.014005	0.00543767	-0.2378	-0.246833	
-0.0409246	-0.0305671	-0.0466604	-0.249619	0.00238191	-0.033019	0.182009	0.0343141	0.207121	-0.0584768	0.0734223	0.157012	0.271688	-0.120665	-0.00769855	0.118467	-0.0195155	-0.0307959	0.00313978	-0.0136079	0	-0.247904	0.163775	-0.0965854	-0.0365617	-0.0104773	0.0114539	-0.241473	-0.253145	
-0.0450816	-0.0370878	-0.046232	-0.250504	0.000587041	-0.038603	0.216344	0.0348944	0.207701	-0.307686	-0.239657	-0.18103	0.319784	-0.108292	0.00504967	0.15545	-0.0274996	0.0873869	-0.0522093	0.178764	0.00724459	-0.00937451	-0.24478	0.249647	-0.0656331	-0.03631	
-0.0397661	-0.0360968	-0.0463829	-0.227865	-0.00458481	-0.0391834	0.223954	0.0298309	0.182521	-0.220483	-0.215018	0.00652	-0.294858	0.310383	-0.0576594	0.0168601	0.101152	-0.0169908	0.0863065	-0.0503955	0.162239	-0.00271125	0	-0.0118602	-0.0394889	-0.0435852	
-0.0407904	-0.0271962	-0.0467081	-0.213664	0.0104629	-0.0337886	0.185451	0.0301175	0.172152	-0.205517	-0.00238055	-0.30557	-0.0526347	-0.212221	-0.00983345	0.0830028	-0.0246408	-0.125725	-0.0415642	0.231069	0.0775142	0.0068455	0.313742	-0.0379643	
-0.0402098	-0.0401589	-0.046413	-0.234015	-0.00673843	-0.0377949	0.234565	0.0419591	0.192961	-0.00232761	-0.225707	0.0126631	-0.309741	-0.0389769	-0.234437	0.091009	-0.0248921	-0.120251	-0.058152	0.233083	0.108704	-0.00627489	0.315728	-0.0291669	-0.0127139	
-0.0381325	-0.0391303	-0.0466265	-0.227798	0.00430446	-0.0363072	0.208619	0.0475907	0.192961	-0.00283157	-0.227295	0.010249	-0.31734	-0.0445059	-0.230826	0.196241	0	-0.0242428	-0.101712	-0.0560478	0.259359	0.0879309	-0.000643945	0.315418	-0.0679723	
-0.0420313	-0.0323106	-0.0466265	-0.225783	0.0120155	-0.0392284	0.192886	0.0305694	0.189007	-0.00877907	-0.221186	0.00342933	-0.270866	-0.0343413	-0.229387	0.120861	-0.0163649	-0.123297	-0.0472945	0.211023	0.0884488	-0.0108848	0.282957	-0.0640182	0	0	
-0.041169	-0.0313035	-0.0458466	-0.233934	0.0151622	-0.0337026	0.197319	0.0443456	0.191418	-0.0018769	-0.223089	0.00358731	-0.332421	-0.034404	-0.230817	0.0662641	-0.0197574	-0.0166748	-0.0480311	0.247971	0.0885192	-0.0118231	0.337705	-0.0278559	0.00480777	
-0.044306	-0.0317485	-0.0457155	-0.221833	0.00367094	-0.0362836	0.174014	0.0286969	0.178798	-0.00858331	-0.209965	0.00580223	-0.317868	-0.0347113	-0.219762	0.125704	-0.00460227	-0.0873159	-0.0514579	0.169526	0.0898118	-0.0101473	0.317054	-0.0278331	0.0356224	
-0.042998	-0.0287355	-0.0458818	-0.228604	0.0038352	-0.0396727	0.197828	0.0232699	0.187611	0.00439942	-0.219322	0.00100105	-0.376954	-0.0361231	-0.226923	0.157023	-0.0184274	-0.0819113	-0.043879	0.215487	0.0898118	-0.00968431	0.373218	-0.0294889	0.0131281	
-0.0412782	-0.0436763	-0.0459166	-0.243721	-0.0127094	-0.0358539	0.173233	0.036025	0.200356	-0.0106303	-0.232067	0.0155833	-0.332682	-0.0333586	-0.240418	0.0949107	-0.0236836	-0.133736	-0.0555592	0.225329	0.108138	-0.0123223	0.320546	-0.0508045	
-0.0438263	-0.0406971	-0.0475009	-0.242559	0.00914651	-0.0400052	0.151315	0.0187967	0.197241	-0.00764731	-0.228558	0.00958159	-0.261388	-0.0340582	-0.237994	0.152083	-0.0214029	-0.0762954	-0.0520144	0.155249	0.0783239	-0.0130324	0.261204	-0.0265155	-0.0112888	
-0.040087	-0.0385098	-0.0451347	-0.242083	0.00414451	-0.0375613	0.13759	0.0457574	0.202667	-0.0066096	-0.233717	0.0109305	-0.280997	-0.0363012	-0.240302	0.0987167	-0.0187535	-0.0971503	-0.053316	0.225188	0.101197	-0.00730963	0.280887	-0.0750069	-0.0299352	0	
-0.0380874	-0.0270272	-0.0448517	-0.231514	-0.00355625	-0.0388552	0.201103	0.0447853	0.190989	-0.00245855	-0.221665	0.0109305	-0.306772	-0.0320211	-0.228098	0.095636	-0.00890166	-0.0757711	-0.0513589	0.185369	0.101094	-0.0123298	0.302468	-0.07584	-0.0430291	
-0.0399305	-0.0477733	-0.0464808	-0.230463	-0.00568149	-0.0414245	0.224436	0.0381296	0.189819	-0.0070372	-0.22119	0.0160151	-0.310106	-0.0310447	-0.229049	0.106116	-0.0139033	-0.0992386	-0.0606005	0.204576	0.0813532	-0.0139239	0.299391	-0.0623701	0	-0.0340884	
-0.0426059	-0.0320819	-0.0466248	-0.218217	0.0114989	-0.039825	0.239218	0.0456947	0.175037	-0.00606997	-0.206732	0.00272284	-0.28836	-0.0376576	-0.214491	0.113502	-0.0174524	-0.0431219	-0.0420051	0.177667	0.105883	-0.00774154	0.290964	-0.0603208	-0.1062	-0.0506491	0.123736	
-0.0421308	-0.025722	-0.0463893	-0.22982	0.00943865	-0.0389262	0.226241	0.0420394	0.188014	-0.00186027	-0.219709	-0.00140254	-0.339228	-0.03327	-0.228224	0.0602145	-0.0149054	-0.0717732	-0.0335533	0.128409	0.108358	-0.0123679	0.324597	-0.0598135	0.0281374	
0.028702	-0.0390449	-0.0454904	-0.220578	0.00629235	-0.0390274	0.202084	0.0429313	0.188906	-0.000646729	-0.219299	0.0122682	-0.311817	-0.036234	-0.226239	0.0880731	-0.0207862	-0.0856637	-0.0536201	0.175019	0.110868	-0.00751379	0.297897	-0.0576301	
-0.0460727	-0.0401383	-0.0453898	-0.226988	-0.00975925	-0.038065	0.203499	0.0543124	0.187491	-0.00517012	-0.217754	0.0122682	-0.319562	-0.0265587	-0.227081	0.0773111	-0.0287986	-0.102884	-0.0521593	0.172209	0.0756778	-0.0172077	0.316519	
-0.0525549	-0.0328949	-0.0453969	-0.22178	0.00430048	-0.0384142	0.213528	0.0403278	0.178683	-0.00521696	-0.210929	0.00411069	-0.331561	-0.0255027	-0.218168	0.0746028	-0.0124734	-0.0925694	-0.0449143	0.128065	0.126819	-0.0185976	0.316519	-0.00041245	0	
-0.0217662	-0.0260369	-0.0454875	-0.21961	0.00882067	-0.0392109	0.195102	0.0403278	0.178683	-0.00832748	-0.210334	-0.00334892	-0.282629	-0.0346708	-0.218413	0.116518	-0.0188671	-0.12333	-0.0396914	0.192824	0.0982101	-0.00855662	0.270842	
-0.0475625	-0.0293387	-0.0457318	-0.232437	-0.00169652	-0.0360525	0.185881	0.0292799	0.187904	0.0100355	-0.220053	0.0142066	-0.326881	-0.0315742	-0.226664	0.0843702	-0.00489008	-0.0636133	-0.0480201	0.130474	0.0904303	-0.0129771	0.30825	-0.00579821	-0.0162459	
-0.0449516	-0.0283842	-0.0454827	-0.229262	-0.00483619	-0.0359965	0.185881	0.0344064	0.187904	0.00227458	-0.218722	0.0104698	-0.281825	-0.0281586	-0.225788	0.124848	-0.011026	-0.133561	-0.0330473	0.207377	0.0837949	-0.0161135	0.265093	-0.0113446	
-0.0477573	-0.0322525	-0.0457426	-0.231699	-0.00390505	-0.0411692	0.182969	0.0304112	0.187644	-0.000274279	-0.218722	0.0036084	-0.260232	-0.0331693	-0.227628	0.0966578	-0.0270682	-0.131308	-0.0387838	0.219669	0.0973935	-0.0117674	0.249903	
-0.0557237	-0.0275016	-0.0457307	-0.240011	0.00410135	-0.0415601	0.170107	0.0423612	0.19561	-0.00434088	-0.226443	0.00232657	-0.290495	-0.0281861	-0.233821	0.135193	-0.0206152	-0.12784	-0.0412925	0.156658	0.0821618	-0.0154285	0.270181	-0.0103825	0.02658	
-0.0589619	-0.0219366	-0.0453184	-0.236886	1.38477e-05	-0.0405441	0.167145	0.0342327	0.198572	-0.00843684	-0.22945	-0.00480067	-0.296245	-0.0315402	-0.236988	0.111769	-0.0233945	-0.131802	-0.0289719	0.154442	0.117913	-0.0125	0.28599	-0.0447524	-0.125209	0	0	
-0.0589619	-0.0231393	-0.0453473	-0.243632	0.00353783	-0.0415435	0.153811	0.0412217	0.198572	0.0109931	-0.230844	-0.0029154	-0.290594	-0.0296831	-0.232988	0.0880607	-0.0224743	-0.0933422	-0.0354604	0.123199	0.096329	-0.0151881	0.28599	0	0.0204355	-0.00886208	-0.177862	0.00502263	
-0.0663024	-0.0292602	-0.0457174	-0.241221	0.0027124	-0.0376121	0.170724	0.0391275	0.198572	-0.00341506	-0.230778	0.00376008	-0.324427	-0.0313903	-0.235583	0.0869206	-0.022276	-0.141382	-0.0388301	0.141176	0.105928	-0.014048	0.319639	-0.0124313	
-0.0641301	-0.0310016	-0.0457544	-0.245762	0.00122792	-0.0404449	0.16758	0.0420497	0.201716	-0.00341506	-0.233682	0.00376008	-0.339137	-0.0304731	-0.242857	0.068585	-0.0148252	-0.124424	-0.0395766	0.169754	0.105928	-0.0144442	0.319639	0	-0.00769066	0	0.00709169	
-0.0536696	-0.0303032	-0.0457436	-0.226735	0.00688498	-0.0424443	0.22579	0.0464955	0.182081	-0.00625166	-0.214047	0.00361842	-0.253289	-0.0378573	-0.221391	0.10659	-0.0205336	-0.0850759	-0.0392534	0.130649	0.0766452	-0.00687039	0.242891	-0.00694207	
-0.0586302	-0.0377919	-0.0455848	-0.225196	0.00704968	-0.0419276	0.22579	0.0462118	0.181496	-0.00217007	-0.215715	0.00759371	-0.27778	-0.0318567	-0.220783	0.0864288	-0.00338771	-0.0517753	-0.0501707	0.155238	0.0897556	-0.0140466	0.264906	
-0.0535484	-0.0291309	-0.0462587	-0.254877	0.0150284	-0.0399766	0	0.138931	0.0374985	0.21146	-0.00880897	-0.243967	0.00028328	-0.297379	-0.0389996	-0.252952	0.0630169	-0.0208337	-0.0734178	0.162707	0.101485	-0.00578512	0.288255	
-0.0503461	-0.0948211	-0.0462587	-0.238228	0.00693316	-0.0414547	-0.0335773	0.196857	0.0374587	0.19407	0.00363448	-0.225788	0.00673489	-0.318739	-0.038293	-0.236307	0.103524	-0.0215879	0.122341	0.101356	-0.0080248	0.298117	0	
-0.100651	-0.142608	-0.0462752	-0.245064	0.00635088	-0.0395296	-0.0304493	0.176746	0.199208	-0.000872021	-0.233125	0.000713974	-0.31117	-0.0374584	-0.241222	0.126909	-0.0224226	0.0515745	0.29789	0.153966	0.0989224	-0.00898809	
-0.0547362	-0.122873	-0.0454147	-0.231367	-0.00107786	-0.0382799	-0.0370719	0.180607	0.186253	-0.00503738	-0.219972	0.00908355	-0.341718	-0.0354034	-0.228603	0.078424	-0.0180009	0.0434994	0.323719	0.141201	0.0998632	-0.00891746	-0.017999	-0.0266826	0	
-0.024413	-0.12046	-0.0451348	-0.229228	0.0249894	-0.0410189	-0.0269897	0.174318	0.186477	0.00594142	-0.218321	0.00553944	-0.333624	-0.0426019	-0.227439	0.051134	-0.0198367	0.0383071	0.332604	0.132018	0.120365	-0.00225641	
-0.0724058	-0.100897	-0.0472485	-0.231729	0.0135315	-0.0387485	-0.0289035	0.201269	0.184807	-0.0096671	-0.218731	-0.000857174	-0.338124	-0.045422	-0.227078	0.0869	-0.0252914	0.0352233	0.322354	0.116773	0.0931656	-0.000444679	-0.0752182	
-0.0755985	-0.121887	-0.0475376	-0.242941	0.0048496	-0.0419451	-0.0292346	0.18779	0.197637	-0.00290572	-0.232211	8.29942e-05	-0.316151	-0.0461064	-0.240444	0.0739009	-0.000934455	0.0504005	0.296679	0.135689	0.125862	-0.00114764	
-0.0686328	-0.114522	-0.0472315	-0.239584	0.00641764	-0.041044	-0.0308529	0.174801	0.197637	-0.00780523	-0.232074	0.00377615	-0.329898	-0.0453955	-0.241265	0.0703575	-0.00163106	0.0462476	0.319809	0.134946	0.113231	-0.00172033	0.140131	0.0339338	
-0.0398834	-0.139714	-0.0477825	-0.230393	0.00899429	-0.039606	-0.0320261	0.180663	0.185088	-0.00513956	-0.219597	0.0038374	-0.335232	-0.0447968	-0.228918	0.0741948	-0.0231743	0.037165	0.319809	0.106056	0.0971199	-0.00210363	-0.0193738	0.000337259	
-0.0664298	-0.117895	-0.0449689	-0.264062	0.0083349	-0.0373722	-0.0328345	0.145349	0.220948	0.00501048	-0.252554	0.00718002	-0.368988	-0.0439174	-0.260807	0.0636418	-0.00792728	0.0370121	0.369522	0.108739	0.105425	0.000516031	0.00681842	
-0.073951	-0.0998452	-0.046549	-0.248415	0.01636	-0.042992	-0.0272604	0.182382	0.201823	-0.00685605	-0.235172	-0.00258763	-0.304441	-0.0494561	-0.243028	0.0855858	-0.00411111	0.0350523	0.303925	0.115029	0.10815	0.00231883	0.000430084	
-0.0720015	-0.171412	-0.0456302	-0.247143	0.00463107	-0.0417106	-0.0333799	0.213699	0.202126	-0.00206108	-0.236074	0.00697616	-0.268147	-0.0448745	-0.244609	0.140163	-0.00584081	0.0285621	0.251642	0.0952374	0.111154	-0.00138939	
-0.0911638	-0.140254	-0.0475893	-0.255498	0.00877305	-0.0392538	-0.0333799	0.165162	0.208874	-0.00546392	-0.243228	0.00570421	-0.332348	-0.038232	-0.251353	0.0752715	-0.00779984	0.0644355	0.318751	0.110211	0.135168	-0.00945871	-0.0489377	-0.0172821	
-0.0770462	-0.128904	-0.0462832	-0.240687	-0.000441333	-0.0382003	-0.0278911	0.204396	0.198881	0.00138348	-0.231878	0.0012011	-0.311717	-0.0422227	-0.239211	0.0979617	-0.00644375	0.0532898	0.289146	0.117649	0.103094	-0.00378655	0.0327038	
-0.054131	-0.145397	-0.0457793	-0.256368	0.00822897	-0.0391118	-0.0275669	0.171983	0.211805	0.00138348	-0.244802	0.00318091	-0.319472	-0.0430926	-0.252538	0.152765	-0.00663225	0.05562	0.297038	0.154726	0.111928	-0.00329452	0.0156336	0.00748265	0.0120707	0	
-0.0678906	-0.121276	-0.0491297	-0.25854	0.00751844	-0.0419781	-0.0270788	0.168257	0.212684	0.00610269	-0.247742	-0.000153903	-0.306551	-0.0380388	-0.258026	0.0785938	-0.00356302	0.0527733	0.286108	0.130529	0.131707	-0.0114496	0.00430292	
-0.100723	-0.134971	-0.0487129	-0.258116	0.00400256	-0.0449009	-0.0293537	0.156787	0.213036	-0.00390584	-0.248966	-0.000407339	-0.285215	-0.0483316	-0.256787	0.0724627	-0.00682384	0.0408917	0.280783	0.131234	0.119621	-0.000638687	-0.00788921	-0.00587818	-0.121624	
-0.0586509	-0.116037	-0.0485476	-0.234113	-0.00931985	-0.0432807	-0.036222	0.159229	0.18728	-0.00470457	-0.22321	0.00679021	-0.285129	-0.0460101	-0.231457	0.0632259	-0.00513577	0.0390452	0.280783	0.166351	0.127339	-0.000708816	0.00650123	0.00196553	-0.00336662	
-0.063556	-0.0757785	-0.0488312	-0.232689	-0.00199859	-0.0395456	-0.036378	0.182	0.186163	-0.000526054	-0.222399	0.00551443	-0.370008	-0.0408188	-0.228692	0.103106	-0.0104475	0.0369566	0.353019	0.141685	0.119159	-0.0072655	0.00356103	-0.0110064	
-0.0836363	-0.143068	-0.0487012	-0.252004	0.00261714	-0.0430561	-0.0294308	0.175839	0.204895	0.00423206	-0.242083	-0.0031969	-0.337753	-0.0538393	-0.245887	0.10922	-0.00960287	0.0536072	0.316667	0.117878	0.121275	0.00569195	0.0157456	-0.000913292	-0.0126728	
-0.0461929	-0.0191209	-0.048677	-0.253798	0.00570279	-0.0422425	-0.0296852	0.15132	0.204895	0.00589035	-0.240883	-0.00139047	-0.318238	-0.0411122	-0.24891	0.102104	-0.0130995	0.0273313	0.302651	0.139792	0.104673	-0.00795657	0.0158708	0.00347974	
-0.0765404	-0.124286	-0.0485215	-0.25506	-0.00323336	-0.042066	-0.0326138	0.148167	0.208048	0.00287237	-0.244257	0.00204589	-0.316727	-0.0405771	-0.253016	0.133915	-0.00901383	0.0359009	0.304925	0.200367	0.133722	-0.00813377	0.0061144	-0.00817919	
-0.0990747	-0.137007	-0.0487317	-0.2547	0.0131902	-0.0455319	-0.0298582	0.181658	0.208048	-0.000442766	-0.243662	-0.00070979	-0.319097	-0.0517905	-0.252786	0.0492556	-0.00744337	0.0422737	0.308813	0.10623	0.117728	0.00393354	0.0012237	0.00163862	-0.0247475	0.014287	-0.0066885	0	
-0.0651712	-0.0908472	-0.0487944	-0.256143	-0.00244821	-0.0397898	-0.0339913	0.181658	0.208048	0.0115335	-0.243662	0.00334789	-0.353421	-0.0504252	-0.250911	0.0900476	-0.00914818	0.0318874	0.340902	0.163611	0.106772	0.00158639	0.00112768	-0.00528074	
-0.0965342	-0.114829	-0.0461311	-0.249885	0.00663392	-0.0368555	-0.0348347	0.160135	0.203576	0.00468516	-0.23795	0.00604556	-0.317532	-0.0499777	-0.243856	0.122637	-0.00645051	0.0667595	0.316556	0.156886	0.0982749	0.00428406	0.0170084	-0.00843212	-0.0102676	
-0.0723104	-0.0899051	-0.0461311	-0.247966	0.000611427	-0.0405588	-0.0364463	0.160135	0.203576	-0.00042272	-0.235299	0.00795646	-0.296114	-0.0505485	-0.243832	0.106864	-0.0105005	0.0266723	0.295679	0.145382	0.0887045	0.00450469	0.0286156	-0.00351125	
-0.0444605	-0.0825179	-0.0466911	-0.242313	0.00193682	-0.0407373	-0.0268583	0.177177	0.196847	-0.00234445	-0.231136	-0.00247961	-0.28944	-0.042956	-0.237133	0.117408	-0.00765203	0.0171092	0.295082	0.101079	0.112504	-0.00365061	0.0278878	-0.00652691	0.0368522	-0.197515	
-0.00540795	-0.114702	-0.0464137	-0.242594	-0.00229096	-0.0425308	-0.0375635	0.178332	0.195692	0.0128058	-0.229303	0.00822558	-0.287442	-0.0507628	-0.238319	0.103779	-0.00708661	0.0546012	0.282934	0.103178	0.103121	0.00489126	0.0132341	-0.00722587	
-0.0256982	-0.143181	-0.0438945	-0.24158	-0.00730735	-0.0332874	-0.038512	0.170077	0.197916	0.0061157	-0.228781	0.0113986	-0.348375	-0.0419141	-0.236697	0.164332	-0.00486209	0.0524747	0.334362	0.20977	0.113145	-0.00179744	0.0215985	-0.0075884	
-0.0806581	-0.131952	-0.0451723	-0.244952	0.0192163	-0.0346897	-0.0308744	0.211097	0.200547	0.00457989	-0.233107	0.00324404	-0.326281	-0.0554601	-0.242605	0.0713145	-0.0115856	0.0538365	0.32023	0.12871	0.100029	0.0113024	0.0318717	-0.00148655	0.02174	0	0.151753	
-0.0464177	-0.0907239	-0.044825	-0.243638	-0.0146092	-0.033691	-0.0394988	0.181559	0.200547	0.00336101	-0.233135	0.0126116	-0.325606	-0.0431006	-0.240027	0.162591	-0.0103829	0.0423943	0.335942	0.134112	0.130275	-0.00214226	0.0185119	0.000221902	
-0.0575537	-0.113425	-0.045256	-0.244337	-0.0103968	-0.034658	-0.0363761	0.214795	0.200153	0.00756478	-0.233135	0.00944078	-0.361388	-0.0421952	-0.241731	0.109162	-0.00742277	0.0318678	0.356868	0.172889	0.076254	-0.00306706	0.0201248	-0.00438564	-0.0189699	
-0.0942106	-0.136827	-0.046385	-0.253072	-0.00545779	-0.0421799	-0.0345758	0.206638	0.20688	0.00430733	-0.241292	0.00721361	-0.313112	-0.0501049	-0.250059	0.0922982	-0.00339482	0.030438	0.294105	0.136891	0.111078	0.00366958	0.0137289	0.0400264	0.00531193	
-0.059564	-0.135862	-0.0474968	-0.252233	-0.0196855	-0.0420582	-0.0407434	0.16498	0.205637	0.00943636	-0.241292	0.00942463	-0.313077	-0.0457293	-0.247716	0.114081	-0.00463825	0.0327584	0.305861	0.12616	0.0899783	-0.00237363	0.0122503	-0.00750411	
-0.0808532	-0.167382	-0.0475745	-0.242019	-0.0165385	-0.0371157	-0.0408403	0.17173	0.196322	0.00508453	-0.231977	0.00942463	-0.407199	-0.0504437	-0.238842	0.0836326	-0.00463825	0.0310696	0.395807	0.164456	0.0892868	0.00219521	0.0125289	-0.00256999	-0.0429635	
-0.0915044	-0.113109	-0.0450402	-0.241397	-0.00826128	-0.0352559	-0.0366503	0.181062	0.198615	0.00103118	-0.231977	0.0102523	-0.397335	-0.0439731	-0.238834	0.0675377	-0.00712224	0.0509071	0.382324	0.131152	0.0933589	-0.00231831	0.0125948	0.0435075	-0.0198536	
-0.080293	-0.109262	-0.0454036	-0.244227	-0.00301237	-0.0381923	-0.0304609	0.181062	0.198615	0.00826534	-0.230079	0.00500342	-0.356539	-0.0401632	-0.239179	0.0974722	-0.0056671	0.0297684	0.341929	0.126133	0.0907542	-0.00584475	0.0153139	0.00819209	
-0.111608	-0.157073	-0.0451216	-0.262166	-0.00854991	-0.0323677	-0.0362148	0.210833	0.218327	0.0109202	-0.252715	0.0079513	-0.380523	-0.0394465	-0.259569	0.0652165	-0.00643806	0.0447418	0.363568	0.136341	0.0787089	-0.00616485	0.034649	0.00715126	-0.249934	-0.0102768	
-0.0742933	-0.109182	-0.0446901	-0.243264	0.0007347	-0.0101872	-0.0367481	0.190502	0.199117	0.00379296	0.0083511	-0.39229	-0.0400478	-0.0397995	-0.236507	0.150887	-0.00241029	0.0390726	0.371581	0.155119	0.117306	-0.00600694	0.0284788	-0.00379744	-0.231971	-0.00451467	
-0.109325	-0.119226	-0.0458587	-0.243997	0.00151941	-0.0359684	0.223824	0.199258	0.00207178	0.00741671	-0.352387	-0.039539	-0.0407588	-0.239052	0.0832482	-0.00269077	0.064429	0.346422	0.176516	0.0794808	-0.00536601	0.00321964	0.00232781	-0.231918	
-0.0526718	-0.0967948	-0.0457462	-0.242525	-0.0118966	-0.232931	-0.042766	0.233296	0.199258	-0.0023819	0.0128056	-0.396888	-0.0389366	-0.0432552	-0.237752	0.0862232	-0.00457852	0.0504294	0.376923	0.150772	0.0893038	-0.00266917	0.00239834	0.026424	
-0.0744225	-0.141411	-0.0453173	-0.242711	-0.000966414	-0.233861	-0.0336721	0.199911	0.199396	0.0101734	0.00424603	-0.427564	-0.0392442	-0.0495232	-0.239901	0.105852	-0.0054041	0.0505439	0.410748	0.219883	0.0767607	0.00303378	-0.0027751	-0.00400434	-0.0140818	0	
-0.0744225	-0.111259	-0.0454084	-0.243482	0.013519	-0.233016	-0.0285536	0.199911	0.199396	0.0108289	3.309e-05	-0.373264	-0.040432	-0.0519178	-0.240392	0.0431535	-0.0054041	0.044166	0.345024	0.190351	0.0825176	0.00542002	0.00640923	0.0144295	
-0.0744225	-0.172903	-0.0448827	-0.242729	0.00234517	-0.233016	-0.0309671	0.215387	0.200238	0.0022921	0.00261012	-0.370458	-0.040471	-0.0431091	-0.23993	0.0666717	-0.000974898	0.0422078	0.350704	0.185089	0.0920923	-0.00180105	0.00947406	0.0123034	0.0923406	0	0.0817859	0	
-0.0863207	-0.121259	-0.0446135	-0.242956	0.00234517	-0.233764	-0.0319048	0.274902	0.200238	0.0022921	0.00261012	-0.336924	-0.036932	-0.0411463	-0.239932	0.136724	0.00194454	0.054309	0.328467	0.212175	0.0797752	-0.00415059	0.0222525	-0.00560542	
-0.0927193	-0.126516	-0.0443786	-0.243551	-0.00361033	-0.233327	-0.0293595	0.202836	0.200562	0.00344231	0.00261012	-0.297084	-0.0394218	-0.0476458	-0.239758	0.112585	-0.0089262	0.0575525	0.301225	0.183927	0.0797752	0.00281852	0.0179962	0.0136724	-0.0236962	
-0.07235	-0.117101	-0.0448239	-0.236815	0.00215451	-0.230449	-0.0298999	0.205714	0.197684	0.00753275	0.00218169	-0.36757	-0.0401916	-0.0409385	-0.238395	0.13468	-0.00709334	0.0422764	0.387359	0.177833	0.0771627	-0.00439003	0.00791226	0.000985979	-0.00925857	
-0.0436403	-0.118623	-0.0448239	-0.240338	-0.00360413	-0.23022	-0.0334995	0.242232	0.197455	0.0114543	0.00441192	-0.453452	-0.0412395	-0.0523254	-0.234508	0.146312	-0.00322228	0.0341089	0.427281	0.18698	0.0721915	0.00787014	-0.00201049	0.0209988	
-0.0512924	-0.117204	-0.0445166	-0.240894	0.000105972	-0.23022	-0.0370063	0.271648	0.197455	0.0191025	0.00614093	-0.3798	-0.0405137	-0.0644438	-0.235783	0.082373	-0.0059993	0.0498858	0.371639	0.182447	0.0721915	0.0201585	0.0174816	-0.00616521	
-0.00390183	-0.0422751	-0.04578	-0.230873	-0.000998463	-0.220137	-0.0348089	0.243167	0.186109	0.00418955	0.00498566	-0.378777	-0.0397888	-0.060396	-0.225917	0.102992	-0.00180753	0.0486239	0.370377	0.162693	0.0759469	0.0147785	0.00198298	0.036207	
-0.0338677	-0.0281801	-0.0453912	-0.230511	-0.012972	-0.217973	-0.0407561	0.249099	0.186109	-0.00121238	0.0102995	-0.39594	-0.0401217	-0.0620535	-0.225449	0.142556	0.00188988	0.0306838	0.385724	0.181226	0.0835377	0.0156281	0.0352917	0.0177904	-0.0109174	0	
-0.0782865	-0.0662505	-0.0459303	-0.245457	-0.00931957	-0.232755	-0.0389974	0.277035	0.200386	0.0076794	0.00854071	-0.34588	-0.0430297	-0.0441395	-0.242421	0.168811	-0.00238743	0.0264434	0.332744	0.121242	0.08347	-0.00224585	0.0656526	-0.0128938	-0.188573	-0.107781	
-0.072614	-0.136271	-0.0440892	-0.240095	-0.00781363	-0.228251	-0.0380634	0.228763	0.163492	0.00859978	0.0086493	-0.399752	-0.0383793	-0.0481452	-0.233363	0.150356	-0.00720205	0.0327867	0.386128	0.176534	0.0857976	0.00340696	0.0295373	-0.010114	
-0.0615792	-0.072072	-0.045458	-0.239786	-0.00751837	-0.227198	-0.0420188	0.202711	0.194782	0.00363263	0.0106072	-0.319028	-0.0423326	-0.044731	-0.234235	0.0936424	-0.00768601	0.0383516	0.306168	0.180689	0.077028	-0.00192071	0.0257925	-0.00382414	-0.00912593	
-0.0276945	-0.0811447	-0.0457089	-0.2391	-0.0114066	-0.228903	-0.0353227	0.251779	0.193911	0.00781388	0.00628205	-0.327773	-0.0404039	-0.0414625	-0.231718	0.170951	-0.00744028	0.0309481	0.306168	0.176502	0.0895947	-0.00502937	0.00952227	0.0022914	-0.0871708	
-0.0449774	-0.109758	-0.0461629	-0.242956	-0.00261869	-0.229104	-0.0321325	0.241615	0.19748	0.00734282	0.00119747	-0.344954	-0.0389809	-0.0368612	-0.236547	0.1376	-0.00357837	0.0381683	0.349066	0.18935	0.0922977	-0.00980724	0.0208216	-0.00295513	
-0.0969364	-0.123849	-0.0459169	-0.241114	-0.0144479	-0.231432	-0.0419102	0.264263	0.197482	0.00778698	0.0107568	-0.392236	-0.0406161	-0.0511521	-0.239889	0.218947	-0.00204612	0.0366073	0.379019	0.189403	0.0959112	0.00434383	0.028528	-0.0127794	-0.00819012	
-0.0340994	-0.15018	-0.0449127	-0.249052	-0.0102601	-0.237044	-0.0374818	0.245405	0.206018	0.00406934	0.00690841	-0.390456	-0.0418859	-0.0546609	-0.244366	0.120506	-0.00125453	0.0472068	0.378523	0.163243	0.0912822	0.00992344	0.00931667	-0.00896737	-0.0112668	-0.0129763	0	
-0.0457302	-0.135083	-0.0453762	-0.249331	-0.010802	-0.238793	-0.0416519	0.261016	0.205594	0.00618703	0.0101948	-0.363789	-0.0354352	-0.0504388	-0.247066	0.209375	-0.0032622	0.0527753	0.361062	0.136266	0.0612429	0.00458206	0.0136969	0.0103663	
-0.049885	-0.0655839	-0.0452565	-0.245285	-0.00564578	-0.235337	-0.0364957	0.258609	0.203406	0.00577777	0.00503866	-0.373602	-0.0397428	-0.0431929	-0.240452	0.316401	-0.00635823	0.0555173	0.348875	0.181217	0.068655	-0.00221735	0.0149864	0.00304977	
-0.102771	-0.094955	-0.0451645	-0.262827	0.00168981	-0.250266	-0.0281526	0.248731	0.217715	-0.00241442	0.00044878	-0.378045	-0.0380403	-0.04639	-0.257156	0.235632	-0.0070957	0.0391564	0.378588	0.228138	0.0995013	0.00103184	0.0240438	0.000102444	
-0.061448	-0.15988	-0.0451645	-0.255866	-0.025828	-0.244625	-0.0505059	0.233378	0.213516	-0.00260796	0.0203554	-0.370997	-0.0368014	-0.0429794	-0.254245	0.111045	-0.00194256	0.0335576	0.355748	0.192271	0.126655	-0.00239696	0.0186071	0.015784	
-0.101978	-0.134007	-0.0451841	-0.256136	-0.00516909	-0.243886	-0.0355851	0.233378	0.213516	0.00260313	0.00624152	-0.347524	-0.0385052	-0.0351559	-0.252605	0.105856	-0.00712058	0.0353475	0.330577	0.151945	0.114467	-0.0110024	0.0254074	-0.00830871	
-0.102133	-0.12424	-0.0450948	-0.261173	-0.0143125	-0.250161	-0.050697	0.230181	0.216713	0.00168243	0.0207377	-0.359823	-0.0399625	-0.0419787	-0.256051	0.15623	0.00188672	0.0335311	0.341772	0.159704	0.0912496	-0.00342192	0.00553346	-0.00192938	-0.0108136	
-0.0467421	-0.0900557	-0.045646	-0.249726	-0.00965884	-0.237673	-0.0342364	0.241467	0.20509	-0.00743084	0.00393959	-0.378599	-0.0424735	-0.0413645	-0.245595	0.11717	-0.00640627	0.0375058	0.369433	0.170978	0.107044	-0.00443028	0.0145391	0	-0.000202893	-0.0158247	
-0.0675145	-0.102639	-0.0453585	-0.24926	-0.00656732	-0.238763	-0.0386749	0.227649	0.20509	-0.0041097	0.00727654	-0.368522	-0.042052	-0.0540883	-0.242589	0.191731	-0.00545249	0.0368809	0.353935	0.165304	0.107044	0.00794364	0.0456092	-0.00721784	
-0.0950265	-0.0839225	-0.0456576	-0.257047	-0.00711406	-0.24674	-0.0410139	0.218975	0.213763	0.0019766	0.0130591	-0.354645	-0.040284	-0.0449638	-0.253409	0.158605	-0.00546477	0.0510488	0.366605	0.197575	0.104074	-0.000373939	0.0254455	0.00563832	
-0.016118	-0.0739807	-0.0454595	-0.248071	-0.0132986	-0.235615	-0.0384161	0.229673	0.203254	0.0119553	0.01177	-0.345285	-0.0425804	-0.0439587	-0.244233	0.107166	-0.00546477	0.0476828	0.346582	0.169856	0.103446	-0.00184443	0.0195743	-0.0164261	0.0290599	-0.028321	
-0.0525902	-0.139016	-0.0475926	-0.251036	-0.0132986	-0.239239	-0.0389311	0.252701	0.204707	0.00342664	0.00989732	-0.298897	-0.0419304	-0.0491615	-0.244687	0.0990189	-0.00688981	0.0655285	0.282077	0.138997	0.102936	0.00180676	0.00946348	0.00313241	-0.0879299	
-0.0763241	-0.129696	-0.0471457	-0.250718	-0.0204254	-0.238648	-0.0421311	0.271706	0.204707	-0.00136513	0.0105338	-0.297326	-0.0436353	-0.047827	-0.247922	0.191738	-0.00477035	0.0280216	0.289732	0.178234	0.079578	-0.000537328	0.00268832	0.00870548	-0.0273474	-0.134351	
-0.06751	-0.0846833	-0.047192	-0.241848	-0.00515134	-0.231179	-0.0414377	0.21756	0.195917	-0.0013416	0.0125644	-0.344686	-0.0406789	-0.0540125	-0.237019	0.135606	-0.00493574	0.0413974	0.320503	0.168136	0.0914141	0.00604426	0.0335202	-0.00382914	
-0.087087	-0.137757	-0.0470461	-0.241477	0.00353073	-0.22854	-0.0394692	0.212048	0.195917	0.00204226	0.00676595	-0.343136	-0.040004	-0.0405024	-0.237134	0.0759871	-0.00669871	0.0256055	0.33756	0.184805	0.10622	-0.00767888	0.0143371	-0.0125701	
-0.0780261	-0.096058	-0.0481322	-0.26234	0.000269308	-0.249885	-0.0340578	0.217461	0.213555	-0.000675112	0.00417651	-0.342446	-0.044424	-0.0433267	-0.256627	0.160458	-0.00524116	0.0300399	0.336287	0.234013	0.108019	-0.00504048	0.0195495	0.00440424	
-0.048941	-0.0772795	-0.0470367	-0.259582	-0.0127356	-0.249885	-0.0388723	0.204273	0.21528	-0.00964835	0.0100603	-0.353246	-0.0405603	-0.0373557	-0.256124	0.104413	-0.00596095	0.0317654	0.339417	0.136417	0.109745	-0.00921294	0.0419438	-0.00984203	
0.00130606	-0.153556	-0.0493206	-0.245415	-0.0159163	-0.236905	-0.0421839	0.216912	0.200357	0.0112314	0.0096371	-0.33123	-0.044269	-0.0431133	-0.243677	0.143988	-0.0082457	0.0371159	0.336122	0.139526	0.109946	-0.00499372	0.0212426	-0.00416582	
-0.0479193	-0.145582	-0.0486354	-0.239285	-0.00605695	-0.22636	-0.0342804	0.247025	0.191701	-0.000211434	0.00422911	-0.313961	-0.0444071	-0.0416036	-0.234718	0.088523	-0.0117411	0.0285273	0.304885	0.173437	0.078443	-0.0079408	0.0379832	0	-0.00710621	
-0.0586671	-0.135688	-0.048758	-0.252579	-0.00548856	-0.238672	-0.0375362	0.275892	0.204013	-0.0108596	0.00510396	-0.291544	-0.0446776	-0.0417498	-0.24757	0.105191	-0.0112264	0.027326	0.288349	0.201858	0.0926287	-0.0079408	0.0358318	-0.0153745	
-0.07339	-0.0947172	-0.0458619	-0.250559	-0.00498581	-0.238672	-0.0375276	0.245333	0.206607	-0.00859391	0.00769735	-0.369518	-0.0431748	-0.0378652	-0.245499	0.0985347	-0.00637472	0.0472105	0.352015	0.192367	0.0869302	-0.00853098	-0.00398423	0.000760431	0.0172748	
-0.065443	-0.13736	-0.0497615	-0.263048	-0.00557135	-0.253373	-0.0420106	0.191436	0.217487	-0.0112946	0.00834812	-0.330199	-0.0452197	-0.0525727	-0.261786	0.108154	-0.0124455	0.0334457	0.341456	0.11957	0.0918253	0.00264865	0.000829229	0.0340605	
-0.0542182	-0.148683	-0.0497615	-0.253108	-0.0041386	-0.241061	-0.0332482	0.205768	0.206262	-0.0118407	0.00113497	-0.355048	-0.0465526	-0.051272	-0.250561	0.0887488	-0.0124455	0.0456112	0.358482	0.212619	0.0722977	0.00264865	-0.00459709	0.0200681	
-0.0861264	-0.109823	-0.0463278	-0.264973	-0.00975418	-0.253168	-0.0312315	0.212836	0.219462	-0.00873605	0.00825132	-0.345736	-0.0439181	-0.0369355	-0.262336	0.136424	-0.00564454	0.0348842	0.361586	0.181511	0.0924891	-0.00833736	-0.00666533	0.0410079	0.0542289	0	
-0.0516487	-0.103374	-0.0462678	-0.264078	-0.0122001	-0.252865	-0.0408694	0.293715	0.219462	-0.00824608	0.0117445	-0.311316	-0.0390698	-0.0579625	-0.263386	0.093274	-0.011483	0.0563573	0.358088	0.202154	0.0936177	0.0120561	-0.00632256	0	-0.0169464	0.00653828	
-0.0449526	-0.0677762	-0.0463566	-0.251563	-0.00985997	-0.238382	-0.0337435	0.208784	0.20498	-0.00780806	0.00613516	-0.269092	-0.0391918	-0.0488441	-0.246946	0.157897	-0.0148332	0.0399323	0.299061	0.191408	0.0897897	0.00369687	0.00668426	0.0101865	0.0425542	-0.000298028	
-0.0590769	-0.123407	-0.0453852	-0.251425	-0.0155185	-0.238382	-0.0372882	0.232893	0.206134	0.000358595	0.0116811	-0.255505	-0.0422248	-0.0604271	-0.246933	0.0883265	-0.00570999	0.0379931	0.272768	0.160822	0.0960547	0.0152109	-0.00326268	0.0412086	
-0.0306702	-0.0179019	-0.048558	-0.249445	-0.0126039	-0.237009	-0.0375947	0.287132	0.202477	-0.013711	0.00683621	-0.319644	-0.0459495	-0.067241	-0.24668	0.041364	-0.00507215	0.0132681	0.336518	0.212729	0.0754617	0.0181748	-0.00138115	0.00628406	
-0.0843788	-0.0514753	-0.0487365	-0.244489	-0.00542224	-0.232967	-0.0378747	0.219311	0.196339	-0.00802682	0.00683621	-0.3173	-0.044797	-0.0533591	-0.242488	0.110691	-0.00843865	0.0326846	0.336586	0.209593	0.0740659	0.00560762	-0.00796393	0.0175943	
-0.07824	-0.0973585	-0.047245	-0.234636	-0.0107385	-0.226943	-0.046315	0.279037	0.191427	-0.00674839	0.016796	-0.280227	-0.0403639	-0.0491581	-0.232952	0.10016	-0.00915355	0.0442705	0.309416	0.237193	0.0703067	0.00173824	0.00284835	0.0175344	-0.0194082	0	
-0.0105497	-0.08694	-0.046966	-0.236669	-0.00862419	-0.224246	-0.0442007	0.261966	0.190234	-0.00674839	0.0146817	-0.292578	-0.0450804	-0.0669237	-0.23116	0.0959831	-0.00637028	0.0417246	0.342188	0.162042	0.0831426	0.0187956	-0.0152946	0.0306099	
-0.0214366	-0.103101	-0.0482195	-0.237578	-0.00458635	-0.223849	-0.0294895	0.261966	0.189482	-0.00333244	-0.00167126	-0.388603	-0.0449014	-0.0430619	-0.23251	0.0975946	-0.0102439	0.0199094	0.386486	0.153134	0.10377	-0.00513946	-0.00366292	0.0244828	
-0.0492017	-0.144458	-0.0464949	-0.236557	-0.0105052	-0.224859	-0.0420727	0.220302	0.190876	-0.00101455	0.0133101	-0.402919	-0.0436952	-0.0434005	-0.231409	0.102306	-0.00825638	0.0503447	0.415266	0.149467	0.0866556	-0.00368219	0.00270808	0.0116888	0.00882891	0	
-0.0303638	-0.111843	-0.0475551	-0.236319	-0.0174347	-0.224859	-0.0428552	0.22192	0.189921	-0.00920083	0.0131372	-0.285685	-0.0444515	-0.0537506	-0.232614	0.0826198	-0.0102848	0.0219449	0.306326	0.23871	0.0910999	0.00728166	0.00136458	0.019761	0.0373962	
-0.0324772	-0.0782438	-0.0484074	-0.236187	-0.00180704	-0.224119	-0.036021	0.22266	0.18849	-0.00580432	0.00561259	-0.241606	-0.0453461	-0.0498341	-0.231671	0.0674346	-0.0109752	0.0309255	0.29654	0.241155	0.111466	0.00118234	0.0019337	0.012688	-0.0265602	0.0491105	0	-0.00353299	
-0.05624	-0.0838002	-0.047314	-0.238033	-0.00679665	-0.226338	-0.0386654	0.219778	0.192069	-0.00344312	0.00603853	-0.291903	-0.0424692	-0.0421715	-0.234494	0.158583	-0.00839955	0.0263671	0.30587	0.217919	0.0803439	-0.00556012	0.0220001	0.0185099	-0.0514924	-0.0246015	0.0121186	0.01078	
-0.066515	-0.123386	-0.0480982	-0.238046	-0.00571469	-0.226299	-0.0349342	0.229729	0.192069	-0.0136569	0.00603853	-0.280227	-0.0452637	-0.0381352	-0.233891	0.107987	-0.00442808	0.0399449	0.317243	0.231128	0.0721326	-0.00981457	-0.0021968	0.0363722	-0.184544	0.0135119	
-0.0803946	-0.089099	-0.0473835	-0.237882	-0.00658801	-0.227248	-0.0346375	0.208274	0.192069	-0.0172307	0.00574181	-0.281791	-0.0441934	-0.0401231	-0.235402	0.115849	-0.0125467	0.0184441	0.327678	0.229047	0.113061	-0.00827896	-0.00569636	0.0350266	-0.000698018	
-0.0777649	-0.0618703	-0.045399	-0.239473	-0.0131636	-0.227268	-0.0444063	0.192481	0.194053	-0.0132174	0.0164405	-0.321964	-0.0389259	-0.0510793	-0.233252	0.0680829	-0.00282983	0.0194163	0.361547	0.213418	0.0888588	0.00548763	-0.0062572	0.053093	-0.122906	0.00365552	
-0.0622949	-0.128676	-0.0458752	-0.240148	-0.0131636	-0.227705	-0.0440225	0.191397	0.194053	-0.0112787	0.0164405	-0.283171	-0.0425241	-0.0534732	-0.235321	0.0643737	-0.00851433	0.0535501	0.316274	0.227774	0.0762057	0.00823002	-0.00483488	0.0374217	-0.0621373	0.0113833	
-0.0445668	-0.127307	-0.0458124	-0.237098	-0.0145167	-0.226201	-0.0415809	0.209825	0.194144	-0.00865389	0.0135399	-0.270001	-0.0396294	-0.0411382	-0.234785	0.130378	-0.00753236	0.0447546	0.311722	0.176645	0.103812	-0.00451188	0.0132661	0.0375127	0.00811932	-0.205211	
-0.0857838	-0.13553	-0.0464882	-0.244525	-0.0144259	-0.231695	-0.0425424	0.204331	0.198916	-0.0153318	0.0149595	-0.312706	-0.0439028	-0.0401047	-0.240336	0.118328	-0.0136885	0.0305335	0.331272	0.190557	0.0943311	-0.00656435	-0.00688351	0.0240218	
-0.0874959	-0.108117	-0.0478802	-0.244053	-0.0014201	-0.23153	-0.0350206	0.158145	0.197433	-0.0134494	0.00499149	-0.266125	-0.0440868	-0.0535946	-0.239723	0.0701029	-0.0123637	0.0340926	0.274013	0.22083	0.0821464	0.00556001	0.00553451	0.037886	0.0143343	0	0	
-0.0559016	-0.0735091	-0.0452267	-0.243451	-0.00393693	-0.232493	-0.0469735	0.158191	0.20004	-0.00470948	0.0189582	-0.288447	-0.0423847	-0.032579	-0.241397	0.166209	-0.00684679	0.0280534	0.294777	0.205831	0.103396	-0.0122584	-0.000606944	0.047235	0.0104521	0	
-0.0437008	-0.101617	-0.0449599	-0.244427	0.0066256	-0.230528	-0.0358267	0.189086	0.200444	-0.00762776	0.00879986	-0.239815	-0.0414587	-0.0470243	-0.241178	0.0632183	-0.00917862	0.0471893	0.285561	0.231253	0.0980248	0.00169184	8.84696e-05	0.0467759	0.0149767	0.0057302	
-0.0664253	-0.0796777	-0.0474969	-0.244598	0.00758	-0.232039	-0.0429153	0.214958	0.197907	-0.0115483	0.015212	-0.271662	-0.0423993	-0.0406171	-0.239427	0.133283	-0.00859207	0.0376366	0.298586	0.164624	0.104681	-0.0072851	-0.0112732	0.0466498	0.00550983	
-0.0680377	-0.1007	-0.0474969	-0.238453	0.00256487	-0.2276	-0.0318415	0.18601	0.193468	-0.010454	0.00413813	-0.278629	-0.0447212	-0.0399474	-0.235017	0.102097	-0.0134879	0.0242226	0.30267	0.121543	0.0970608	-0.00827247	-0.00571285	0.0241284	0.010797	0.0184808	
-0.0411224	-0.105161	-0.0478545	-0.240336	-0.00232001	-0.2265	-0.0343262	0.221796	0.193468	-0.0165524	0.00482226	-0.269396	-0.0438435	-0.0424239	-0.234042	0.12329	-0.00507766	0.0368637	0.30267	0.119876	0.0889238	-0.00521328	0.000904937	-0.00314463	0.00811227	
-0.0395277	-0.0421124	-0.0473606	-0.237171	-0.0124168	-0.227278	-0.0316088	0.172702	0.193468	-0.011193	0.00482226	-0.277422	-0.0433877	-0.045641	-0.234882	0.181309	-0.000302528	0.0579744	0.307099	0.192989	0.094219	-0.0016852	-0.00149001	0.0407168	0.0270415	-0.140596	
-0.0351395	-0.0932424	-0.047747	-0.240302	-0.00920905	-0.226948	-0.0367691	0.172702	0.193082	-0.0119355	0.00858641	-0.305537	-0.0419782	-0.0412697	-0.235434	0.080942	-0.00801856	0.0286424	0.321902	0.172588	0.0968541	-0.00582785	0.00327888	0.0311117	0.0023016	-2.39018e-05	
-0.066945	-0.101473	-0.0483572	-0.247426	0.00700186	-0.236843	-0.037975	0.188117	0.201616	-0.012725	0.00820917	-0.282968	-0.0425957	-0.0375639	-0.244656	0.102903	-0.00963683	0.0392559	0.323311	0.151878	0.104035	-0.0114072	0.0161911	0.00785885	0.0166825	
-0.0410714	-0.075439	-0.0479767	-0.245211	0.00393993	-0.230703	-0.0388245	0.175241	0.196891	-0.012725	0.00820917	-0.255745	-0.0448245	-0.0473952	-0.241312	0.0810121	-0.00776234	0.0415186	0.306469	0.13261	0.0710232	-0.000708674	0.00201111	0.0183701	0.0102661	-0.185578	-0.0033391	-0.188646	
-0.0579203	-0.0685104	-0.047402	-0.243916	-0.00312093	-0.230588	-0.0343787	0.204232	0.197213	-0.014185	0.00572358	-0.287488	-0.04424	-0.039664	-0.236191	0.0846861	-0.0125354	0.0438733	0.318797	0.154691	0.055044	-0.00840387	-0.00337206	0.0287842	0.0231371	0	0.0372782	
-0.0561033	-0.127735	-0.0480278	-0.252236	-0.0028416	-0.240335	-0.0315836	0.169836	0.20696	-0.00522936	0.00423833	-0.266756	-0.0422298	-0.0426275	-0.249218	0.0491645	-0.0127013	0.0253522	0.300589	0.168841	0.0659469	-0.00463989	0.002082	0.019246	0.0113106	
-0.0561033	-0.086689	-0.0477915	-0.25447	-0.00864169	-0.240371	-0.0338526	0.175355	0.20696	-0.0129515	0.00770149	-0.275291	-0.0441255	-0.0415855	-0.248447	0.0423457	-0.0157048	0.0239017	0.300589	0.135512	0.0624461	-0.00612165	0.000386605	0.0363406	0.0221621	
-0.0624598	-0.0908649	-0.0481905	-0.230202	0.00182796	-0.217553	-0.0287272	0.21142	0.184142	-0.0129515	-0.00276816	-0.255556	-0.0368493	-0.0430799	-0.22609	0.0425695	-0.0130976	0.0324575	0.292943	0.148456	0.090775	-0.00454524	0.00992598	0.0124825	0.0216654	0.0170648	
-0.0534381	-0.113332	-0.0482745	-0.240866	-0.0188545	-0.228384	-0.0454617	0.245953	0.19407	-0.00869946	0.0172569	-0.278271	-0.0449427	-0.0505671	-0.235585	0.0741421	-0.0124698	0.0306072	0.294008	0.221355	0.090775	0.00220942	-0.00390882	0.0196034	0.0302043	
-0.0585083	0.00720774	-0.0481091	-0.245699	-0.000915189	-0.234119	-0.0370078	0.203901	0.199563	-0.00680644	0.00593753	-0.287607	-0.0445813	-0.0513623	-0.24039	0.0831729	-0.00589482	0.0210596	0.294439	0.129822	0.0902559	0.00337057	-0.0078816	0.0334829	0.00359068	
-0.0404624	-0.0474353	-0.0480227	-0.229999	-0.0194565	-0.220043	-0.0416122	0.210068	0.185487	-0.0121008	0.010542	-0.302435	-0.0445719	-0.0613365	-0.225198	0.0945883	-0.0149757	0.0395025	0.303397	0.13586	0.0894959	0.013162	-0.0146449	0.0133388	0.0195253	
-0.0681979	-0.0889639	-0.0481354	-0.234275	0.00158147	-0.222574	-0.035693	0.236581	0.188948	-0.00823761	0.00690171	-0.289082	-0.0445998	-0.0415921	-0.230732	0.103447	-0.017571	0.053953	0.289847	0.120963	0.0874044	-0.00662536	-0.0193246	-0.00355598	0.00858734	0	0.0132179	
-0.0714413	-0.00100152	-0.0477429	-0.224574	-0.00187817	-0.211673	-0.0406134	0.244748	0.178047	-0.00944181	0.0103614	-0.279552	-0.0424147	-0.0499717	-0.216816	0.0714843	-0.00841552	0.0430596	0.301686	0.0953456	0.0950995	0.00144453	-0.00065406	0.0331138	0.00612754	0.0512777	
-0.0360732	-0.0489005	-0.0478491	-0.230706	0.00158135	-0.217823	-0.0266535	0.194898	0.18507	0.00226482	-0.00288488	-0.274302	-0.0420656	-0.0380126	-0.227411	0.0608447	-0.0169071	0.0488966	0.275794	0.123247	0.108593	-0.00957091	-0.00474801	0.0263106	0.0182846	-0.023196	
-0.0898386	-0.0409888	-0.045482	-0.236125	0.0123144	-0.222598	-0.034857	0.189458	0.192226	-0.0100409	0.00925388	-0.271842	-0.0426811	-0.0441176	-0.225167	0.0777623	-0.0107119	0.0654383	0.289937	0.132206	0.08536	-0.00177494	0.00415687	0.0145297	0.0376753	0.000260225	
-0.0361227	-0.0842539	-0.047263	-0.227486	-0.000599904	-0.216889	-0.0366493	0.240998	0.183594	-0.00731895	0.00933954	-0.334259	-0.0446889	-0.0402343	-0.223447	0.142542	-0.00850029	0.0571571	0.344725	0.141571	0.0836534	-0.00670737	-0.00538051	0.0104662	0.0262558	0.0184929	0.00304821	0	
-0.0628778	-0.109039	-0.04721	-0.249131	0.0252502	-0.237361	-0.0289383	0.19481	0.204066	-0.00654656	-0.000389253	-0.287704	-0.0425474	-0.0425267	-0.241821	0.104363	-0.0108596	0.0427171	0.304237	0.215274	0.110671	-0.00503163	-0.00889249	0.0391729	0.0697249	0.0173562	
-0.083894	-0.0990175	-0.047569	-0.251345	-0.00760402	-0.235806	-0.0313763	0.189115	0.203151	-0.00746165	0.00117061	-0.389877	-0.0447317	-0.0430341	-0.245594	0.124725	-0.0117747	0.0500786	0.405928	0.140358	0.0802782	-0.0047731	-0.0140867	0.0404317	0.0479032	0.00947492	0.0515834	-0.0190474	
-0.0849257	-0.111265	-0.0477418	-0.247421	0.00180752	-0.238414	-0.027877	0.160056	0.203151	-0.0151853	0.000554991	-0.36236	-0.0423874	-0.0416008	-0.24555	0.10567	-0.0148364	0.0408382	0.385255	0.102088	0.0764104	-0.00657454	-0.00796549	0.0232303	0.046136	0.047929	0.00618979	
-0.0829471	-0.0173427	-0.0479347	-0.232696	0.00388728	-0.219792	-0.0274956	0.176714	0.186493	-0.0134137	-0.000939322	-0.335383	-0.0417058	-0.0369471	-0.225744	0.103311	-0.0148364	0.0456508	0.329834	0.231559	0.0716319	-0.0087962	-0.00249085	0.00731548	0.0769247	0.0077436	-0.0842641	
-0.0402852	-0.0220759	-0.0492773	-0.218691	0.0108065	-0.205827	-0.0269244	0.190679	0.171242	-0.00604107	-0.00350303	-0.319465	-0.0458087	-0.0337279	-0.215873	0.111331	-0.0147089	0.0359713	0.328549	0.139275	0.108892	-0.0151197	-0.00943041	0.0216824	0.08823	-0.00419345	-0.170168	
-0.0565788	-0.0647071	-0.049056	-0.246307	-0.00370192	-0.231699	-0.0290004	0.164111	0.19781	-0.00707737	0.00156514	-0.323404	-0.047063	-0.0366047	-0.24094	0.0940543	-0.00939735	0.0262465	0.337252	0.164348	0.0880309	-0.0110833	-0.00943041	0.0137202	0.0544893	-0.00579327	0.00270329	-0.0092228	
-0.0556656	-0.017069	-0.0475638	-0.237347	-0.000251329	-0.221927	-0.0318204	0.207882	0.189725	-0.00632593	0.00166121	-0.338029	-0.044851	-0.038716	-0.231589	0.119385	-0.00771012	0.0238178	0.352481	0.168777	0.0875577	-0.00877941	-0.0052643	0.0296628	0.0300034	-0.00191188	-0.0112114	-0.0175638	0	
-0.0493434	-0.0764927	-0.0475007	-0.242834	-0.000512062	-0.229503	-0.030409	0.184757	0.196987	-0.00676474	0.00166121	-0.306736	-0.0428858	-0.0371322	-0.237039	0.153274	-0.0124165	0.0263527	0.332006	0.145426	0.0847826	-0.0106845	-0.0139048	0.035962	0.026636	-0.0013676	0.00725446	-0.0261908	-0.00333969	0	
-0.080244	-0.0649218	-0.0474572	-0.241573	0.00828836	-0.229503	-0.0257862	0.17466	0.196987	-0.00676474	-0.00250767	-0.352541	-0.0445845	-0.0367847	-0.237044	0.110088	-0.0181507	0.035826	0.368439	0.163081	0.0796984	-0.0106845	-0.0162286	0.0318648	0.032787	-0.00798618	0.00725446	0.00493731	
-0.0545232	0.036973	-0.0475799	-0.239127	0.00626925	-0.225073	-0.0241437	0.180491	0.191156	-0.0131805	-0.00250767	-0.292029	-0.0442387	-0.0388711	-0.228681	0.113785	-0.0148959	0.0144101	0.308092	0.20219	0.0743742	-0.00892586	-0.00996767	0.0158971	0.0239298	0.00441591	0.00206185	0.00212741	0.00593616	0	0	
-0.0076741	0.0537624	-0.047321	-0.246274	0.00349596	-0.232461	-0.0265654	0.233706	0.19877	-0.0101924	0.00014073	-0.348915	-0.0431433	-0.0324641	-0.238583	0.12313	-0.0189558	0.0289863	0.360079	0.219143	0.0927389	-0.0140516	-0.0153131	0.056725	0.0144044	0.00993307	0.00634848	-0.00767533	
-0.00679498	-0.0597266	-0.0471357	-0.245481	-0.0112208	-0.231582	-0.0392281	0.234586	0.197891	-0.0195557	0.0114139	-0.326255	-0.0430517	-0.0453396	-0.238848	0.139072	-0.0206059	0.0339841	0.334914	0.191314	0.0933135	-0.00143609	-0.0157513	0.0247471	0.0465412	-0.00102516	0.0110109	-0.00767533	-0.00192709	
-0.0577462	-0.0311072	-0.0455814	-0.242525	-0.00679417	-0.231582	-0.0423843	0.221544	0.199387	-0.00252022	0.0147557	-0.304515	-0.0436485	-0.0454159	-0.237124	0.185111	-0.0127798	0.0280918	0.318772	0.164336	0.0750236	-4.07366e-05	-0.0214861	0.00216425	0.0288147	0.00110038	0.00598422	-0.00531666	0.012158	
-0.0555292	-0.0117161	-0.0460645	-0.243651	-0.0151026	-0.230715	-0.0397412	0.273266	0.199387	-0.0104091	0.0135862	-0.352122	-0.0417638	-0.037411	-0.238555	0.113026	-0.0212445	0.0340736	0.353665	0.160884	0.0656088	-0.00673111	-0.0151647	0.00832416	0.0321716	-0.0035946	0.00598422	-0.000760119	0.00603554	
-0.0824269	-0.0643082	-0.0461382	-0.243825	-6.0246e-05	-0.229344	-0.0360816	0.273266	0.199117	-0.00679103	0.00874875	-0.27443	-0.0434495	-0.0441131	-0.237804	0.124262	-0.0113173	0.0295531	0.306162	0.16453	0.0902953	-0.002263	-0.00339186	0.0328056	0.0332933	0.0164192	0.00188347	-0.00223984	0.00720509	-0.00165488	
-0.00106111	-0.0812758	-0.0461229	-0.240196	-0.0186577	-0.231311	-0.0423874	0.299491	0.199117	-0.0205602	0.0150546	-0.306276	-0.0431175	-0.0326433	-0.240523	0.0989222	-0.0229895	0.0538664	0.31049	0.119241	0.0885499	-0.0113093	-0.0211232	0.0265865	0.0307169	-0.00587324	0.0106685	-0.00501213	0.0103362	
-0.0481832	-0.117027	-0.0457457	-0.243722	-0.00882408	-0.231045	-0.0389918	0.299491	0.199117	-0.0176664	0.0106819	-0.310338	-0.0434709	-0.0408439	-0.238077	0.126154	-0.0161426	0.0538664	0.318864	0.217714	0.0921082	-0.00509852	-0.000163238	-0.00339456	0.0165033	-0.0103914	0.00777479	-0.00239472	0.0267596	
-0.0633036	-0.0469715	-0.0457457	-0.242302	-0.0126935	-0.231045	-0.043842	0.253601	0.199117	-0.00989165	0.0158309	-0.314337	-0.0434577	-0.0453472	-0.238381	0.0947751	-0.00836785	0.0446015	0.337794	0.12896	0.0750512	-0.000737585	0.00402623	-0.00213478	0.00252333	0.00384438	-0.000913641	-0.00474781	-0.00402594	
-0.00095086	-0.034564	-0.0455659	-0.238224	-0.0178034	-0.23001	-0.0419054	0.244183	0.199717	-0.00634945	0.0147325	-0.290941	-0.0437946	-0.0521013	-0.236973	0.166294	-0.012395	0.0646856	0.319823	0.15818	0.0899629	0.00747182	-0.00311291	0.0027724	0.00732126	0.000287555	0.0102194	-0.0111234	-0.00905639	-0.0779678	
-0.0706993	-0.0564394	-0.0455263	-0.244094	-0.0076367	-0.230745	-0.03789	0.287748	0.199717	-0.0125308	0.0127704	-0.32012	-0.0438649	-0.0374007	-0.237799	0.111085	-0.011281	0.0609706	0.319823	0.235533	0.101271	-0.00691358	0.0125859	0.0218328	0.0193146	-0.00472803	0.00831866	0.00827508	0.0114585	
-0.0539542	-0.112497	-0.0455263	-0.23946	0.0045287	-0.230745	-0.0388661	0.225412	0.199717	-0.0117001	0.0127704	-0.279428	-0.0440602	-0.0414037	-0.235829	0.0824524	-0.0112444	0.0620267	0.292424	0.18144	0.0993656	-0.00416285	-0.00227262	0.00816419	0.00852588	-0.00670388	0.0155301	0.00827772	
-0.00931796	-0.131758	-0.0456022	-0.243145	-0.0138554	-0.232373	-0.0517842	0.26253	0.199717	-0.00647927	0.0239564	-0.375674	-0.0413137	-0.0402497	-0.239582	0.0835466	-0.0119143	0.0481213	0.356237	0.183202	0.120581	-0.00416285	-0.0117881	-0.0147737	0.0287683	-0.0124818	0.0186222	0.00527322	
-0.0864791	-0.0740934	-0.0456237	-0.24296	-0.00567917	-0.227717	-0.0498114	0.263207	0.19904	-0.00456191	0.0227589	-0.341111	-0.0432567	-0.0406352	-0.237425	0.0826255	-0.0134497	0.0671884	0.324448	0.142237	0.100237	-0.00393046	0.00171605	0.00401906	0.0212147	0.00139459	0.0200341	0.00668832	-0.151486	
-0.0690079	-0.115654	-0.045322	-0.23772	-0.000105845	-0.22995	-0.0380263	0.272214	0.19904	-0.0122821	0.0109738	-0.288112	-0.0431899	-0.0384283	-0.23563	0.09834	-0.00856978	0.0697451	0.278222	0.163999	0.094612	-0.00724574	0.00887419	-0.0010932	0.014894	-0.00648741	0.0143859	-0.00103342	-0.0115816	0	
-0.0777255	-0.102893	-0.0454511	-0.23666	-0.00449263	-0.228455	-0.0452703	0.272214	0.19904	-0.0135748	0.0189671	-0.303406	-0.0438349	-0.039053	-0.237519	0.180977	-0.00676132	0.0750781	0.303252	0.141427	0.0733388	-0.00634804	0.000466762	0.0290201	0.0269198	-0.00555203	0.0445816	-0.00956694	
-0.104296	-0.148579	-0.0456329	-0.245007	-0.0104005	-0.237105	-0.0485125	0.210025	0.20769	-0.0162761	0.0210288	-0.274196	-0.042327	-0.0491434	-0.246169	0.166858	-0.00341255	0.0750781	0.303252	0.171151	0.104113	0.00464464	0.00412592	0.00993685	0.0196286	0.00145185	0.00626096	0.00136457	
-0.0868967	-0.153736	-0.0456368	-0.249151	-0.0139808	-0.238978	-0.0483862	0.207821	0.207585	-0.00889786	0.0213564	-0.299786	-0.0435963	-0.0450479	-0.246826	0.168407	-0.00691012	0.0671843	0.293959	0.207718	0.0825111	-0.000608554	0.00108591	0.0157574	0.0221256	0.00205363	0.00982769	0.00126035	
-0.0862005	-0.148615	-0.0456368	-0.248171	-0.00397612	-0.239043	-0.0423397	0.210126	0.207585	-0.0174362	0.013499	-0.314731	-0.041557	-0.0384688	-0.24457	0.108704	-0.00691012	0.0711547	0.303126	0.221519	0.0887137	-0.00580299	-0.000701137	0.00331355	0.043323	0.00331209	0.0010721	-0.00518048	
-0.0720244	-0.123405	-0.0456368	-0.250766	-0.00692639	-0.236235	-0.0421202	0.168248	0.207585	-0.0109087	0.0164493	-0.308687	-0.0416833	-0.043845	-0.246318	0.0866578	-0.0116163	0.085642	0.294501	0.143992	0.0993598	-0.00218785	-0.0123975	0.0275963	0.0079757	0.000334393	0.00830908	0.00976576	-0.00187956	0.00675211	
-0.0716516	-0.135846	-0.0455579	-0.249103	0.00657316	-0.233668	-0.0324898	0.175832	0.205018	-0.00906629	0.00804965	-0.32484	-0.0440601	-0.0410085	-0.24452	0.0824021	-0.0121341	0.0950069	0.302134	0.171827	0.0853021	-0.00502367	-0.0099724	0.00806235	0.00899875	-0.00880546	-0.0113544	0.0188046	
-0.0655968	-0.0309874	-0.0448773	-0.24592	0.00314759	-0.235268	-0.0329318	0.202782	0.205536	-0.00894818	0.00528506	-0.244398	-0.0435784	-0.0466452	-0.245642	0.0798985	-0.0129497	0.10109	0.240947	0.135826	0.10185	0.00192797	-0.00426292	-0.00770823	0.0282114	-0.00479495	-0.00608853	0.0162374	0.014575	
-0.0691104	-0.13145	-0.0443261	-0.252495	0.00741821	-0.239607	-0.0404878	0.196169	0.209875	-0.00337317	0.013364	-0.231664	-0.0420722	-0.0319452	-0.248588	0.103862	-0.013282	0.0888295	0.21915	0.157401	0.102962	-0.0113487	-0.000966953	0.0178549	0.0250323	0.000604627	0.0346609	0.0216139	
-0.044855	-0.0917427	-0.0451738	-0.243247	0.00838133	-0.230885	-0.0396422	0.170642	0.201153	-0.00684585	0.013364	-0.36705	-0.0426142	-0.041801	-0.240231	0.113032	-0.00810701	0.0846973	0.353174	0.25183	0.102962	-0.00132129	0.00946477	0.00539552	0.0204284	0.00465829	0.00129886	0.00265828	-0.201153	
-0.0686744	-0.100032	-0.045336	-0.245036	-0.000722356	-0.233536	-0.044999	0.18174	0.202829	-0.00498371	0.017307	-0.352791	-0.0416209	-0.0428754	-0.242333	0.076544	-0.00810701	0.0914904	0.349782	0.186336	0.0999358	-0.00124782	-0.00815772	0.0108707	0.0256176	0.00222586	0.0165759	0.00232336	-0.0162372	
-0.0692286	-0.0628696	-0.0450936	-0.238832	-0.00299578	-0.226745	-0.0417488	0.186813	0.127463	-0.00790881	0.0140568	-0.312545	-0.0420574	-0.042713	-0.236098	0.103731	-0.00800005	0.070293	0.3208	0.137999	0.12208	-0.000827242	-0.00391816	0.00354077	0.00771713	-0.00567737	0.00997025	-0.00112887	0	
