-0.0081529	-0.0576121	-0.009472	-0.0295857	-0.0449094	0.303154	-0.0442513	-0.10573	-0.0264267	-0.0480731	0.0651606	-0.0136787	-0.0578515	0.134729	-0.0108336	0.0225603	-0.0247596	0.193571	-0.0506674	0.065919	-0.0137136	-0.0361703	-0.0615221	-0.0494819	0.0568295	-0.036744	-0.0229161	-0.06056	0.356356	-0.0454366	0.0460086	0.0367806	0.0379983	0.710884	-0.259794	-0.0548767	0.503	0.289844	-0.0347658	0.0133721	-0.0318933	-0.0368312	-0.0389955	-0.0161001	-0.0203936	0.0853162	0.136356	-0.0480412	0.0516926	0.0842122	0.00744397	-0.0462921	-0.0554784	0.0413346	0.00188616	-0.0349314	0.0930708	-0.0567327	-0.0132739	-0.0048892	-0.00425972	-0.0524512	-0.0356766	0.517925	-0.0587241	-0.0635991	0.0770526	-0.0002905	0.124419	-0.0471639	0.107133	-0.0314648	0.0867606	0.0002844	0.0219818	-0.0540618	0.0659802	0.00826037	0.017361	0.0381986	-0.0203936	
-0.0104711	-0.0574467	-0.00798525	-0.0325781	-0.0432313	0.321107	-0.0439103	-0.11119	-0.0360163	-0.267588	-0.0581491	-0.0173606	0.0161446	0.1001	-0.00388842	0.40456	0.0665265	-0.0281059	0.206412	0.31705	0	-0.00482993	-0.0278662	-0.0412563	0.0519515	-0.0568778	0.00172078	-0.0567327	-0.00551807	-0.0154758	0.196019	-0.0573241	-0.0637535	0.130163	-0.053327	0.105181	-0.0192405	0.0002844	0.0186211	-0.047828	0.00126733	0.072652	
0.0106952	-0.0569032	-0.00926532	-0.0642942	-0.0432313	0.301449	-0.30165	-0.0339688	0.063636	-0.170103	0.0888478	0.026275	0.312525	-0.0424197	0.430315	-0.0563107	-0.0344509	-0.0144713	-0.038379	0.15933	-0.0370245	-0.0569724	-0.0158978	0.145392	0.18072	0.0543862	0.352979	0.00306359	
-0.00144389	-0.0563298	-0.00324823	-0.0636252	-0.0446427	0.26876	0.17407	-0.0523402	0.0119788	0.430315	0.0406922	-0.242123	-0.0382687	0.00526233	-0.296006	0.0596907	-0.0587101	-0.0445185	0.333128	0.40111	0.0412449	0.0359263	0.214063	0.307382	-0.056399	
-0.00144389	-0.0563298	0.000769529	-0.0631273	-0.0446427	0.280691	0.0653711	-0.0527924	0.0287722	0.467111	0	-0.273779	-0.037158	0.00362944	-0.113081	-0.0149618	-0.0561318	-0.057617	0.0861733	0	-0.0277254	0.178907	0.40569	0.0383272	0.0846473	0.125989	
0.00251561	-0.0563298	-0.0108264	-0.0634166	-0.0431311	0.264017	0.0653723	-0.041942	0.0117353	0.436097	-0.00377791	-0.226017	-0.037158	0.00546267	-0.106457	0	-0.0584408	-0.0560258	0.0632894	-0.03376	0.0052954	0.345686	0.0590985	0.0824361	0.129602	0.120845	
-0.00843212	-0.056304	-0.0113872	-0.0638674	-0.0431053	0.287832	0.0493163	-0.0379011	0.0100167	0.278157	-0.227776	-0.0287929	0.00744421	-0.111805	0.45159	-0.0592317	-0.0562914	0.115451	-0.0282425	0.0590702	0.0535906	0.144099	0.125172	
-0.0190138	-0.0561016	-0.0107181	-0.0641885	-0.0431053	0.290113	0.201393	-0.0357121	0.0127171	0.135456	-0.242817	-0.0358303	0.00370427	-0.108061	0.417084	-0.0579501	-0.0567583	0.168533	-0.0282114	0.0494442	0.299182	0.186763	0.117794	
-0.0159686	-0.0561857	-0.000948386	-0.044408	0.261889	0.222608	-0.0553961	0.00653273	0.079493	-0.244944	-0.0329027	0.00418244	-0.222432	0.498282	-0.0585397	-0.0558651	0.230752	-0.0326525	0.0587155	0.302098	0.00749072	0.229097	0.152282	
0.00112711	-0.0578291	0.456491	-0.0148247	0.275059	0.231441	-0.0542776	0.0107696	0.25213	-0.243646	-0.0312223	0.00470916	-0.076892	0.480393	-0.0584052	-0.0585133	0.363311	-0.0347967	0.0497981	-0.0455247	0.0906185	
0.00887331	-0.0583302	0.376109	-0.0101084	0.260846	0.0962736	-0.0569525	0.0114031	0.167132	-0.245726	-0.0294954	0.00714105	-0.0723053	0.449911	-0.0605672	-0.0587527	0.259378	-0.0307192	0.0643302	0.0883214	-0.0471668	
-0.00439361	-0.0567284	0.364638	-0.00942335	0.268466	0.115799	-0.0498481	0.0201815	0.108006	-0.254782	-0.0312841	0.00556388	-0.14314	0.440596	-0.0593789	-0.0562278	0.1581	-0.029496	0.0371992	0.157269	-0.0454386	
0.008078	-0.0566365	0.324817	-0.0100224	0.293589	0.0276394	-0.0398444	0.0135222	0.119196	-0.270584	-0.0293688	0.00836747	-0.0768329	0.41068	-0.0586466	-0.0576513	0.187924	-0.0329395	0.0484847	0.0919254	-0.0454386	-0.0124286	
-0.00952343	-0.0564313	0.353921	-0.00154218	0.256532	0.0553323	-0.0539755	0.0111818	0.0672631	-0.234018	-0.0321936	0.00407947	-0.0567481	0.482452	-0.0590439	-0.0549372	0.323115	-0.0334439	0.0412589	0.0702045	-0.0468202	
-0.00698579	-0.0579347	0.482747	-0.0119709	0.282383	0.0973108	-0.0546923	0.00510891	0.157062	-0.248137	-0.0337181	0.00160693	-0.0627599	0.430801	-0.059162	-0.0582421	0.230593	-0.0394635	0.0457722	0.0753095	-0.0471276	0	
0.000582465	-0.0579347	0.311721	-0.00178476	0.264187	0.0470638	-0.0551399	0.00716054	0.0879393	-0.0471276	-0.194186	-0.0261031	0.0054623	-0.124763	0.470069	-0.060449	-0.0579091	-0.0276445	0.0391668	0.137582	
0.00163661	-0.0578395	0.240895	-0.00592094	0.254063	0.0168858	-0.0536984	0.0065901	0.144601	-0.044976	-0.238776	-0.0280847	0.00860116	-0.0517154	0.405574	-0.060823	-0.0590968	-0.0284637	0.0554539	0.0647935	
-0.0092516	-0.0586449	0.252877	-0.00574905	0.264959	0.0262344	-0.0586706	0.0152504	0.0817597	-0.0468601	-0.224155	-0.0287642	0.00836733	-0.0751593	0.475214	-0.0592721	-0.0586094	-0.0406066	0.0256638	0.0892631	-0.0374214	
-0.016533	-0.058807	0.258569	-0.0135304	0.299757	-0.0454761	0.0951897	0.00659445	0.0481591	-0.0468601	-0.262403	-0.0342499	0.00835079	-0.0817664	0.41143	-0.0602467	-0.0583806	-0.0332145	0.0407982	0	
-0.0163233	-0.0586152	0.211494	-0.00945672	0.27389	-0.0565782	0.104698	0.0047272	0.0844421	-0.0478277	-0.213659	-0.0276343	0.00602325	-0.0911035	0.407462	-0.0592096	-0.0588102	-0.0337532	0.0335243	
-0.0190246	-0.0589415	0.286213	-0.00910902	0.280254	-0.0540366	0.116952	0.00926834	0.0815709	-0.0487097	-0.202015	-0.0373274	0.00537656	-0.101609	0.473502	-0.0586608	-0.0576899	-0.036572	0.0481936	0	
0.00431243	-0.0591735	0.356627	-0.0117421	0.280254	-0.0506865	0.077577	0.00747937	0.0549461	-0.0480497	-0.234498	-0.0321781	0.00590653	-0.0639406	0.574737	-0.0601188	-0.0574536	-0.0412235	0.0331282	0.0409241	0.00376994	
-0.0134942	-0.0588368	0.497871	-0.00741965	0.277782	-0.0545895	0.0568777	0.150732	-0.0476086	-0.247806	-0.0362218	0.00504465	-0.0436807	0.430647	-0.0615592	-0.059186	-0.0461615	0.0575106	
-0.0163416	-0.0597386	0.205546	-0.0208533	0.284195	-0.058944	0.0859312	0.149491	-0.0468918	-0.26762	-0.0293612	0.0056119	-0.0743993	0.42128	-0.0599017	-0.0606634	-0.0393107	0.00693136	
-0.0130885	-0.0596064	0.277687	-0.0126433	0.263142	-0.0616014	0.0544609	0.0622312	-0.0564449	-0.0472845	-0.211918	-0.0362761	0.00561934	-0.0409073	0.350159	0.025778	-0.0605103	-0.0354564	
-0.0164823	-0.0604255	0.273436	-0.0166611	0.291917	-0.0571066	0.0950384	0.179769	-0.0617797	-0.047986	-0.252562	-0.0386429	0.00465417	-0.0814803	0.415517	0.0304262	-0.0602781	-0.0441192	
-0.0146704	-0.060368	0.196754	-0.0142766	0.285704	-0.0566671	0.132634	0.113687	-0.0608578	-0.0488184	-0.237289	-0.0405779	0.00479286	-0.117966	0.416015	0.0253603	-0.0607757	-0.0436244	-0.00284401	
-0.00577648	-0.0598371	0.319487	-0.0128654	0.275486	-0.0545267	0.139185	0.13465	-0.0576739	-0.0497852	-0.272181	-0.0321187	0.00667953	-0.120724	0.415124	0.0703222	-0.0591032	-0.0426421	
-0.00536594	-0.0577922	0.402449	-0.0105984	0.303242	-0.0514651	0.189326	0.101815	-0.0603681	-0.0466007	-0.233356	-0.0277812	0.00437142	-0.171057	0.510647	0.0374311	-0.0579773	-0.0415062	
-0.00709246	-0.0582008	0.272192	-0.0053967	0.255881	-0.0481335	0.110511	0.152151	-0.0598016	-0.0469392	-0.238856	-0.0372529	0.00421899	-0.0928001	0.455019	0.0296679	-0.0566999	-0.0390698	0.0062615	
-0.00424337	-0.0589809	0.244815	-0.0180832	0.254587	-0.0407163	0.111949	0.0650602	-0.0590419	-0.0477554	-0.225763	-0.0325458	0.0083935	-0.0965758	0.484275	0.0338722	-0.0594035	-0.04408	
-0.010769	-0.0597604	0.234486	-0.00638719	0.254587	-0.0494435	0.0850935	0.0588829	-0.0614929	-0.0473838	-0.256462	-0.0343678	0.00418365	-0.066951	0.380506	0.0218252	-0.0599214	-0.0381945	
-0.00229722	-0.0592418	0.516967	-0.0192722	0.254587	-0.0399217	0.222327	0.112587	-0.0607625	-0.0473838	-0.244639	-0.0356387	0.00430094	-0.20368	0.509962	0.0152057	-0.0599637	-0.0378549	0.0161478	
-0.00785419	-0.0594451	0.425252	-0.0177607	0.273594	-0.0367525	0.171563	0.254764	-0.0615295	-0.0473838	-0.283458	-0.0354745	0.00214658	-0.154421	0.42509	0.0163534	-0.060648	-0.033957	0	0.0542146	
-0.0174153	-0.0595796	0.296353	-0.0171086	0.273594	-0.0338343	0.111163	0.214107	-0.0599788	-0.0473838	-0.270938	-0.0369511	0.00248581	-0.0900257	0.409073	0.0473192	-0.0591623	-0.0375765	0.0108292	-0.0276485	
-0.00337546	-0.0597113	0.551032	-0.0165017	0.256332	-0.0388967	0.0742312	0.310219	-0.0605662	-0.045973	-0.216113	-0.0389317	0.00302665	-0.0617257	0.428359	0.0257065	-0.0580191	-0.043713	-0.0208974	
-0.0187612	-0.0584194	0.323978	-0.00342904	0.252307	-0.0454068	0.0935631	0.0677385	-0.0593486	-0.046291	-0.239964	-0.0389895	0.00315742	-0.0785356	0.352807	0.0388035	-0.0582903	-0.0399817	0	
-0.0181855	-0.0604604	0.205677	-0.0112782	0.256395	-0.0432329	0.104774	0.0615998	-0.063381	-0.0473866	-0.233858	-0.0361033	0.00502245	-0.0875359	0.475295	0.0288138	-0.0592596	-0.0327249	0.0047514	0.106902	
-0.0228093	-0.0596831	0.300152	-0.019272	0.252034	-0.0326396	0.0815151	0.107716	-0.0623022	-0.0462858	-0.23914	-0.034372	0.00364739	-0.0663888	0.360789	0.0714554	-0.0596607	-0.0385244	-0.0129379	
-0.0160574	-0.0596831	0.30603	-0.0173934	0.286041	-0.0307584	0.0716215	0.0716565	-0.0615629	-0.0478189	-0.288901	-0.0321334	0.00258806	-0.0567461	0.431098	0.0448631	-0.0591715	-0.0368341	-0.0135986	0.0194758	
0.000640622	-0.0595678	0.268406	-0.0177719	0.257436	-0.0374742	0.118172	0.089661	-0.0555816	-0.0476072	-0.258226	-0.03645	0.00403322	-0.10142	0.412883	0.0366467	-0.0594837	-0.040255	-0.0147459	
-0.0123144	-0.0590656	0.32778	-0.00572503	0.269266	-0.045905	0.0901327	0.086797	-0.058848	-0.0470935	-0.277857	-0.0395251	0.00428304	-0.0706821	0.419525	0.0550433	-0.0596741	-0.0311519	-0.0148677	0.00841134	-0.00050222	0.00582902	
-0.0113486	-0.0598792	0.151232	-0.016188	0.284255	-0.025224	0.113298	0.0712181	-0.0596442	-0.0471458	-0.253324	-0.0414435	0.00533259	-0.0947696	0.406503	0.00623267	-0.0588385	-0.039913	0.00282198	0.0336072	0	
-0.0151902	-0.0598792	0.287594	-0.0178397	0.251886	-0.0405994	0.106207	0.0612448	-0.0595512	-0.0471458	-0.222075	-0.0361527	0.00466541	-0.0939976	0.350486	0.0471766	-0.0594188	-0.0401391	-0.00880503	-0.0314371	
-0.0183639	-0.0568051	0.318111	-0.0134463	0.237703	-0.0412851	0.135934	0.175927	-0.057189	-0.0447275	-0.206695	-0.0333662	0.00662599	-0.11766	0.406292	0.0249383	-0.0565984	-0.0356631	-0.00405224	
-0.0131706	-0.0566509	0.505066	-0.00899215	0.240431	-0.0442148	0.1115	0.156272	-0.0571084	-0.0441132	-0.240689	-0.037928	0.00181724	-0.0939927	0.482837	0.0524887	-0.0569513	-0.0258329	-0.00585658	-0.0356098	
-0.00632512	-0.056839	0.522497	-0.0127486	0.267771	-0.0383615	0.104447	0.099264	-0.0566816	-0.0451632	-0.231895	-0.0380371	0.00455263	-0.0817219	0.395419	0.0379874	-0.0562746	-0.0176897	-0.0111563	-0.00403867	-0.0125512	
-0.0137221	-0.0571847	0.232066	-0.0127486	0.267771	-0.0363607	0.0630721	0.0812189	-0.0556522	-0.0451632	-0.243528	-0.0338435	0.00578487	-0.0467155	0.444376	0.0476991	-0.0571164	-0.024634	-0.0244188	-0.0211656	
-0.000826133	-0.057108	0.390118	-0.0147169	0.275684	-0.0396533	0.137778	0.0799973	-0.0594494	-0.0429553	-0.25269	-0.0338435	0.00368474	-0.124189	0.362627	0.0316343	-0.0575694	-0.0246051	-0.0293768	0.0524917	0	
-0.00748911	-0.057108	0.233506	-0.0138349	0.273524	-0.0382464	0.153015	0.147117	-0.0566643	-0.0426285	-0.258148	-0.0373081	0.00353413	-0.133995	0.463837	0.0271782	-0.0555879	-0.0295615	0.00642819	-0.0308239	
-0.0138149	-0.0566059	0.234783	-0.00611945	0.25814	-0.0489908	0.114559	0.0831479	-0.0528787	-0.0426285	-0.236181	-0.0328885	0.00299091	-0.102942	0.397751	0.0366089	-0.0571551	-0.0379924	-0.00531873	0.023724	
-0.0130428	-0.0576498	0.353142	-0.0156642	0.259729	-0.0376979	0.101073	0.125423	-0.0582783	-0.0444277	-0.232111	-0.0407146	0.00273059	-0.0870475	0.399806	0.0229189	-0.0580664	-0.0382956	0.000406246	0	
-0.0217262	-0.0579496	0.285763	-0.0103698	0.258972	-0.0446537	0.0729579	0.082196	-0.0580605	-0.0458415	-0.235051	-0.0364854	0.00195732	-0.0553209	0.443357	0.0278703	-0.0598448	-0.0369344	-0.014678	-0.00288541	
-0.0176425	-0.057594	0.208986	-0.00686228	0.230977	-0.0501751	0.0632345	0.164796	-0.0602334	-0.0454859	-0.211366	-0.0347665	0.00502669	-0.045388	0.436238	0.0279668	-0.0592432	-0.0350158	0.0118573	-0.0279079	
-0.0138542	-0.0576405	0.332319	-0.0150468	0.248845	-0.0351081	0.115716	0.291284	-0.0566232	-0.0438942	-0.242665	-0.0358622	0.00211332	-0.0990822	0.432526	0.0222892	-0.0571912	-0.0356301	-0.0110867	0	
-0.0196021	-0.0577002	0.249699	-0.0150468	0.259261	-0.0355424	0.104832	0.254536	-0.0587832	-0.0444717	-0.218554	-0.0361475	0.00409627	-0.0899506	0.440189	0.0491683	-0.0579754	-0.0389131	-0.0131014	
-0.0193952	-0.0575601	0.154214	-0.0160291	0.259171	-0.0276992	0.108421	0.204619	-0.0590022	-0.0449119	-0.2562	-0.034176	0.00636241	-0.0894171	0.425685	0.0336359	-0.0589476	-0.0331263	-0.0314509	0.0167392	
-0.0165328	-0.0578196	0.299627	-0.00493005	0.245423	-0.0482236	0.14274	0.105477	-0.0564883	-0.0455322	-0.236696	-0.0360862	0.00231853	-0.123854	0.372792	0.0186279	-0.0595952	-0.0410565	-0.0222903	0.00488014	
-0.0121433	-0.0584458	0.297046	0.000605819	0.269043	-0.0460954	0.0727823	0.161545	-0.0596528	-0.0466411	-0.220417	-0.0307941	0.00348504	-0.0536748	0.430402	0.0330514	-0.0577332	-0.0364555	-0.017739	-0.23606	0	
-0.0225653	-0.0609216	0.200032	-0.0218618	0.266647	-0.0283309	0.103634	0.159508	-0.0578764	-0.0483706	-0.250672	-0.0389613	0.00184224	-0.0844961	0.444532	0.0337009	-0.0629948	-0.0325208	-0.0142795	
-0.0149176	-0.0599692	0.265719	-0.00924471	0.261257	-0.0449184	0.111747	0.141785	-0.0600837	-0.0478609	-0.255671	-0.0383498	0.00491187	-0.0963285	0.434487	0.0297807	-0.0615449	-0.0452387	-0.00236324	0.0070426	0.0352734	
-0.0238541	-0.060116	0.268663	-0.0114181	0.261257	-0.0451903	0.104902	0.190172	-0.058336	-0.0476139	-0.219211	-0.0257368	0.00398173	-0.0865064	0.402725	0.0936111	-0.0618859	-0.0350981	-0.0142029	
-0.019541	-0.060239	0.297971	-0.00601645	0.268566	-0.0486117	0.115928	0.205424	-0.0604419	-0.0494249	-0.248181	-0.0330427	0.00422453	-0.104369	0.402126	0.0212891	-0.0612878	-0.0438335	-0.00130428	-0.022625	
-0.00722304	-0.0597449	0.438539	-0.00782133	0.302221	-0.0505441	0.0796037	0.155455	-0.0592542	-0.0489606	-0.313202	-0.0305898	0.00521653	-0.0603335	0.407384	0.0417021	-0.0613013	-0.0402783	-0.0239445	-0.00108162	
-0.019605	-0.0597975	0.507951	-0.0137977	0.271249	-0.0407393	0.104943	0.206251	-0.0534499	-0.0489606	-0.23372	-0.0280319	0.00428196	-0.0847444	0.399986	0.0499936	-0.0609023	-0.040935	-0.0211367	0	
-0.0117798	-0.0606317	0.281763	-0.00964225	0.275419	-0.0469947	0.0857165	0.22196	-0.0528862	-0.0468597	-0.278452	-0.0368006	0.00581033	-0.065205	0.442245	0.0399384	-0.0607641	-0.0396266	-0.0177878	
-0.00945886	-0.0606323	0.381501	-0.0170735	0.260951	-0.0362043	0.0622267	0.166607	-0.0565145	-0.0496961	-0.220375	-0.0358807	0.00277095	-0.0433533	0.479747	0.026622	-0.0609955	-0.0410227	-0.0176177	0	
-0.0192229	-0.0607159	0.415471	-0.0100732	0.277576	-0.04447	0.0781421	0.088192	-0.0633049	-0.0496961	-0.246027	-0.0338132	0.0030509	-0.0591851	0.507083	0.0341624	-0.0617306	-0.0425647	-0.0248323	
-0.0158417	-0.0607159	0.352382	-0.0147674	0.277576	-0.0350797	0.0653956	0.167147	-0.0635095	-0.0485212	-0.240067	-0.0345285	0.00424215	-0.0453779	0.475835	0.0524898	-0.0609191	-0.0352581	-0.0187164	-0.05545	
-0.0158417	-0.0607159	0.527619	-0.015901	0.269974	-0.0359984	0.0825904	0.259161	-0.0645688	-0.0498586	-0.265489	-0.037839	0.00446923	-0.0619482	0.43405	0.0435749	-0.061871	-0.04111	-0.0188807	-0.0631257	
-0.0182718	-0.0598445	0.159425	-0.0220047	0.270723	-0.0366445	0.0861592	0.260131	-0.0600209	-0.0474376	-0.238325	-0.0370899	0.00421146	-0.0678585	0.432932	0.0582325	-0.0606632	-0.0396837	-0.0307114	
-0.0115333	-0.0606235	0.228201	-0.00823953	0.276613	-0.0448313	0.108453	0.12575	-0.0608344	-0.0482723	-0.261919	-0.0371078	0.00452299	-0.0878091	0.422143	0.115588	-0.0603013	-0.038248	-0.0134442	
-0.0204522	-0.0603005	0.307609	-0.0177596	0.28104	-0.0321876	0.104104	0.107195	-0.0572679	-0.0482723	-0.287641	-0.0403229	0.00389878	-0.088434	0.393312	0.0410659	-0.0592587	-0.0357395	-0.0267196	
-0.0183352	-0.0604994	0.379755	-0.0116846	0.256145	-0.043451	0.0772118	0.180247	-0.0611092	-0.0490412	-0.226662	-0.0382393	0.0042344	-0.0550312	0.469685	0.0478723	-0.059307	-0.0385094	-0.0151228	
-0.0146458	-0.0614958	0.293006	-0.0223258	0.254619	-0.0336086	0.076568	0.127266	-0.0638179	-0.0499332	-0.22968	-0.043019	0.00481213	-0.0579949	0.400127	0.0226234	-0.0583451	-0.0430566	-0.0129	
-0.0182502	-0.0612368	0.242428	-0.0164014	0.254619	-0.0391638	0.0916009	0.180167	-0.0570495	-0.0499332	-0.247386	-0.0432038	0.00596233	-0.0711999	0.384899	0.0288479	-0.0603573	-0.0400564	-0.0132339	0.0205144	-0.0286637	
-0.0189835	-0.0594196	0.292707	-0.0117939	0.250504	-0.0445747	0.0812304	0.0905056	-0.0624654	-0.0491894	-0.264121	-0.0366621	0.00434951	-0.064105	0.440516	0.0528023	-0.056528	-0.0423797	-0.0308495	
-0.0190675	-0.0602014	0.41618	-0.0181829	0.236548	-0.0351662	0.129443	0.0787741	-0.0630791	-0.048581	-0.231011	-0.0393023	0.00417363	-0.116523	0.383528	0.0535954	-0.05973	-0.0466829	-0.0363111	
-0.0160087	-0.0602014	0.386765	-0.019251	0.227263	-0.018394	0.138898	0.138366	-0.0603155	-0.0465212	-0.21989	-0.0417339	0.00577696	-0.119722	0.40776	0.0264222	-0.05973	-0.0424097	-0.0101411	-0.000532655	
-0.0148528	-0.0590455	0.535145	-0.0103744	0.261107	-0.0356777	0.0816527	0.254416	-0.0606976	-0.046517	-0.259669	-0.0363719	0.00577696	-0.0637057	0.362495	0.0312411	-0.0571895	-0.0351282	-0.0394884	-0.0377311	
-0.0111446	-0.0610124	0.46559	-0.0222281	0.252544	-0.0271724	0.136623	0.0691156	-0.06202	-0.0468822	-0.232119	-0.0363877	0.00737774	-0.11707	0.445712	0.0470059	-0.05994	-0.0363815	-0.02771	0	0.0354725	0	
-0.010718	-0.0609733	0.463565	-0.0222281	0.252544	-0.0137902	0.0757918	0.111406	-0.0643476	-0.0490017	-0.24515	-0.0371705	0.00478491	-0.0588782	0.431799	0.0260416	-0.0600481	-0.0422057	-0.019732	0.000177511	
-0.00906725	-0.0625209	0.587502	-0.0178773	0.255216	-0.0327059	0.254532	0.0546178	-0.0654143	-0.0472801	-0.250397	-0.0417272	0.00551814	-0.237282	0.496156	0.0489547	-0.0597653	-0.0367674	-0.0358646	
-0.00470496	-0.0593501	0.150158	-0.0152471	0.278345	-0.0269837	0.109618	0.0800968	-0.0577295	-0.0463519	-0.25161	-0.037018	0.00218146	-0.0905744	0.394519	0.0387694	-0.0576457	-0.0279312	-0.017824	
-0.00713354	-0.0593501	0.404558	-0.0118015	0.279441	-0.0382856	0.0681832	0.272986	-0.0591806	-0.0472359	-0.26255	-0.0413023	0.00501516	-0.0467459	0.403485	0.0253003	-0.0584366	-0.0372584	-0.0133274	0.00581194	
-0.0136205	-0.0624394	0.308509	-0.0123196	0.280129	-0.0234924	0.0925871	0.0816236	-0.0648622	-0.0489092	-0.279128	-0.0418807	0.00329958	-0.0665797	0.384304	0.0791762	-0.0607865	-0.0330551	-0.0351601	0	
-0.00343079	-0.0624394	0.246109	-0.0192025	0.261741	-0.0309622	0.210505	0.139941	-0.0627296	-0.04992	-0.257313	-0.040609	0.00741045	-0.193889	0.501283	0.0968664	-0.0626319	-0.0407363	-0.0400143	-0.0182936	
-0.018376	-0.0622343	0.422457	-0.0198362	0.243473	-0.0324362	0.224009	0.193931	-0.0657299	-0.04992	-0.249106	-0.0378113	0.00462514	-0.202196	0.467521	0.0632895	-0.0602024	-0.0456351	-0.032324	
-0.0181	-0.0621846	0.176193	-0.0155166	0.262366	-0.0432157	0.203942	0.214049	-0.0625072	-0.0503999	-0.256632	-0.0428268	0.004145	-0.184207	0.423992	0.0820757	-0.0590861	-0.0307139	-0.0267312	0	
-0.0155463	-0.0629412	0.479395	-0.0200738	0.262366	-0.0165739	0.201745	0.165801	-0.0594831	-0.050036	-0.255547	-0.0430113	0.00578748	-0.187965	0.436245	0.03915	-0.0626368	-0.0304842	-0.0387227	
-0.0129627	-0.0629412	0.242876	-0.0180654	0.280149	-0.0359442	0.132854	0.243504	-0.0654106	-0.0509812	-0.288284	-0.0393858	0.0067468	-0.116183	0.412232	0.0609501	-0.0620286	-0.0373398	-0.0358235	
-0.0213444	-0.0625347	0.409701	-0.0207023	0.250689	-0.0242407	0.186443	0.265202	-0.0583666	-0.0512066	-0.25327	-0.0389033	0.00587219	-0.169049	0.402113	0.072842	-0.0610062	-0.0383574	-0.0331422	
-0.0151791	-0.0604682	0.404464	-0.0169281	0.283693	-0.0369169	0.126916	0.135232	-0.0629554	-0.0486208	-0.26767	-0.0362686	0.00755183	-0.108795	0.373873	0.0516561	-0.0597562	-0.0392417	-0.0144087	-0.0475779	
-0.014531	-0.0604682	0.330279	-0.0137519	0.257953	-0.0280996	0.11938	0.063199	-0.0615854	-0.0462913	-0.249711	-0.0369396	0.0103856	-0.105878	0.460755	0.0757295	-0.0570778	-0.0423093	-0.0345479	0.02682	-0.05533	0	
-0.00808149	-0.0613806	0.247214	-0.0167182	0.257417	-0.0287058	0.100255	0.118375	-0.0645289	-0.049878	-0.246935	-0.0350559	0.0024806	-0.0782253	0.438431	0.078281	-0.0588605	-0.0311958	-0.0284238	-0.0365187	
-0.00604995	-0.0611138	0.225219	-0.0173887	0.257417	-0.0379525	0.216765	0.312902	-0.0618703	-0.0489679	-0.238594	-0.038348	0.00403483	-0.194637	0.438326	0.0690675	-0.0587562	-0.0371591	-0.0319043	-0.0112401	
-0.00263729	-0.0611138	0.28933	-0.0112117	0.252109	-0.0395072	0.0996348	0.102701	-0.0633467	-0.0507387	-0.235764	-0.0393608	0.00287079	-0.0820446	0.440615	0.0448908	-0.0575937	-0.039016	-0.0335935	-0.00568812	-0.0269907	0	
-0.00716659	-0.0599018	0.356433	-0.0119134	0.256441	-0.0390227	0.0454071	0.220136	-0.061472	-0.0483274	-0.246356	-0.0374823	0.00491252	-0.0254121	0.387771	0.0410457	-0.0575907	-0.0440135	-0.023974	
-0.00237529	-0.0599018	0.231281	-0.0234003	0.25628	-0.024162	0.130914	0.266232	-0.0560396	-0.0495256	-0.251049	-0.0375162	0.00864061	-0.116244	0.416873	0.0533157	-0.0589043	-0.0412205	-0.012815	
-0.003819	-0.0604693	0.469158	-0.0137967	0.278708	-0.0429213	0.128462	0.069493	-0.0627574	-0.0485612	-0.288544	-0.0360762	0.00482011	-0.112561	0.374511	0.0591169	-0.0592024	-0.0354906	-0.00896989	
-0.00670067	-0.0616995	0.395022	-0.01663	0.265652	-0.0293269	0.114757	0.131996	-0.0624562	-0.0527102	-0.263588	-0.0407535	0.00324789	-0.0919034	0.476069	0.0852807	-0.0609202	-0.0357674	-0.0204943	
-0.000251066	-0.0615609	0.446356	-0.0144081	0.245973	-0.0391054	0.0923335	0.118267	-0.05916	-0.051195	-0.235278	-0.0333196	0.00520698	-0.0738584	0.396351	0.0811008	-0.0604781	-0.0473564	-0.0347801	
-0.00106983	-0.0607946	0.289102	-0.00431508	0.24187	-0.03532	0.0800595	0.230555	-0.0632442	-0.0488187	-0.23593	-0.0391117	0.00329278	-0.0628799	0.440313	0.0455959	-0.0587347	-0.0423615	-0.0207219	
0.00787977	-0.0593516	0.145701	-0.0143407	0.256275	-0.0257949	0.0820176	0.0476933	-0.0572671	-0.0471075	-0.250847	-0.0369299	0.00391692	-0.0653242	0.448915	0.0676662	-0.0578084	-0.0393227	-0.0230529	-0.00334438	
-0.00709546	-0.0585358	0.364212	-0.0187052	0.245304	-0.0343713	0.181106	0.0444271	-0.0598961	-0.0470215	-0.231632	-0.0323481	0.00213278	-0.165159	0.448085	0.0797455	-0.0569786	-0.0441337	-0.0226368	
0.00352375	-0.058505	0.256977	-0.0149369	0.264503	-0.0298422	0.104611	0.22557	-0.062012	-0.0477584	-0.250832	-0.0348648	0.00328731	-0.085974	0.477565	0.0711221	-0.0572564	-0.041052	-0.0188839	0.00153635	
-0.00180493	-0.058505	0.386291	-0.0123346	0.27299	-0.0324057	0.076515	0.141395	-0.0617346	-0.0477584	-0.252563	-0.0290854	0.00362186	-0.056614	0.472277	0.093305	-0.0577237	-0.0483396	-0.0270404	
0.00260366	-0.0599545	0.369571	-0.0113367	0.273586	-0.0459058	0.171069	0.112029	-0.0624321	-0.0495204	-0.276451	-0.0352793	0.00315447	-0.156252	0.449932	0.0572203	-0.059285	-0.0466644	-0.0181366	0.0751784	0	
-0.0115503	-0.0598673	0.310989	-0.00706618	0.277276	-0.0469822	0.0568735	0.088323	-0.0609771	-0.0485897	-0.273927	-0.033255	0.000535465	-0.0436109	0.465823	0.0588816	-0.0572043	-0.0454038	-0.0390557	
0.00539156	-0.0601788	0.273035	-0.00372021	0.288562	-0.0482258	0.144945	0.15606	-0.061372	-0.0479208	-0.271955	-0.0396492	0.00423163	-0.124341	0.423849	0.0497494	-0.0584665	-0.0414637	-0.00294332	
-0.000836679	-0.0597236	0.567219	-0.0112934	0.267353	-0.0392467	0.143677	0.202754	-0.0604666	-0.0493916	-0.214695	-0.0407583	0.00350274	-0.127134	0.431547	0.10508	-0.0581818	-0.0438826	-0.029179	-0.0124402	
-0.0122114	-0.0597236	0.553476	-0.0090452	0.259014	-0.046515	0.0776502	0.191525	-0.0613163	-0.048393	-0.241125	-0.039847	0.00733972	-0.0595428	0.432875	0.0852282	-0.0575542	-0.043721	-0.0297102	-0.0327929	-0.00449952	-0.00315605	0.0156289	
0.0120254	-0.0597236	0.35134	-0.0135286	0.286794	-0.0415026	0.0919655	0.158338	-0.0627357	-0.0473482	-0.260084	-0.0391382	0.0061205	-0.0732466	0.434191	0.0902602	-0.0588697	-0.0444909	-0.0400831	
-0.00297675	-0.0603669	0.245826	-0.0124534	0.282466	-0.0378214	0.128584	0.151481	-0.0605798	-0.047529	-0.250313	-0.0364201	0.00333354	-0.100033	0.447258	0.0693447	-0.0582925	-0.0346516	-0.0298619	0.0115846	
-0.00287052	-0.0592892	0.269701	-0.00691627	0.287924	-0.0483294	0.108491	0.239872	-0.060343	-0.0472721	-0.279623	-0.0367788	0.00371771	-0.0818096	0.459424	0.072971	-0.0582925	-0.0461977	-0.0357708	0.019745	
0.00431581	-0.0603839	0.24197	-0.00668178	0.257773	-0.0488977	0.0976413	0.135038	-0.0616105	-0.0474439	-0.240151	-0.0379917	0.0066829	-0.0789205	0.44716	0.0517027	-0.0592095	-0.0431889	-0.0357192	
-0.00273091	-0.059466	0.321926	-0.00707007	0.254521	-0.0422752	0.0739416	0.11118	-0.0587392	-0.0466541	-0.201106	-0.0373625	0.00406703	-0.0536154	0.531347	0.0718754	-0.0597231	-0.0389421	-0.0349301	0.000361033	
-0.00528008	-0.0600242	0.359428	-0.00574262	0.270435	-0.0441116	0.103445	0.104836	-0.0600236	-0.0485561	-0.195015	-0.0376301	0.00420091	-0.0799997	0.463112	0.0589811	-0.0604322	-0.0319357	-0.0235987	0.0379042	
0.00325835	-0.0603185	0.443571	-0.00574262	0.270435	-0.0480372	0.120726	0.129652	-0.0577862	-0.22194	-0.0386117	0.00941402	-0.099612	0.463112	-0.0496282	-0.0604322	-0.044309	-0.0282789	0.0519434	
0.00903355	-0.0600382	0.320936	-0.00111577	0.296769	-0.051204	0.151556	0.13528	-0.255799	-0.0364308	0.00331637	-0.129375	0.475183	-0.0481752	-0.0604121	-0.0400587	-0.035334	-0.0595631	0.0761551	
0.00656724	-0.0606774	0.212974	-0.00948872	0.243803	-0.0475978	0.0959548	0.177241	0.041581	0	-0.188306	-0.0361763	0.00575605	-0.0764049	0.432237	-0.0481752	-0.0599322	-0.041677	-0.0398179	-0.0597007	
0.00242704	-0.0619248	0.269049	-0.00888218	0.254945	-0.0423076	0.117469	0.274424	0.0585469	-0.240705	-0.0407729	0.00575605	-0.098153	0.449909	-0.0476012	-0.061364	-0.0424663	-0.0162334	-0.059361	
0.00231734	-0.0593508	0.288798	-0.00706773	0.256759	-0.0449379	0.184047	0.0945798	0.0692878	0.00435112	-0.208045	-0.0350555	0.00264464	-0.163614	0.434226	-0.0482833	-0.0580927	-0.0422127	-0.0325977	-0.0585183	
0.010571	-0.0591212	0.381133	-0.00469819	0.286368	-0.044979	0.109169	0.0964093	0.0798315	-0.256342	-0.0297606	0.00820969	-0.0930933	0.454364	-0.046721	-0.0578536	-0.043424	-0.01819	-0.0593683	0.0749312	-0.0156361	
0.00939831	-0.0598908	0.609357	-0.006748	0.268647	-0.0498978	0.0764497	0.0743754	-0.208341	-0.04065	0.00552201	-0.0569529	0.454269	-0.0457669	-0.0589312	-0.0470302	-0.031705	-0.060311	0.055254	
-0.00339087	-0.0604218	0.474153	0.00174104	0.257105	-0.0605481	0.104724	0.100972	-0.0856705	-0.23307	-0.0346174	0.00566069	-0.0850803	0.454345	-0.0498987	-0.0591657	-0.0411782	-0.037452	-0.0616528	0.0548485	-0.0461522	
0.0122422	-0.0599454	0.358627	-0.00635822	0.244669	-0.0465494	0.1105	0.132473	-0.039625	-0.223149	-0.0354088	0.00417794	-0.0872575	0.45315	-0.0481991	-0.0579709	-0.0434068	-0.0386148	-0.0604097	0.0321618	-0.0231196	
0.00817744	-0.0599454	0.533871	-0.00222731	0.252081	-0.0518366	0.187957	0.27028	-0.0290364	-0.241545	-0.0424262	0.0052862	-0.164768	0.440248	-0.0494199	-0.0583121	-0.0359467	-0.0390039	-0.0629251	0.0392301	0	
0.00703924	-0.060156	0.287519	-0.00155819	0.232096	-0.05661	0.062124	0.190832	0.0453602	-0.00113821	-0.21957	-0.0345543	0.00529986	-0.0440432	0.507803	-0.049281	-0.0594503	-0.0425707	-0.0440069	-0.0521982	0.0508264	-0.00804798	
0.00779291	-0.0592387	0.227998	0.00276257	0.232096	-0.0502964	0.163636	0.050865	0.0612983	-0.00205551	-0.221088	-0.0401592	0.00576532	-0.143719	0.48474	-0.0486816	-0.057854	-0.0377874	-0.0377474	-0.058202	0.0450687	
0.00551573	-0.059919	0.207198	-0.00790339	0.2329	-0.0378053	0.100838	0.076419	0.0231573	-0.000570917	-0.202133	-0.0430678	0.0107887	-0.0811526	0.402716	-0.0494821	-0.0582346	-0.0476046	-0.0313574	-0.0601358	0.0865833	0	
-0.001569	-0.0606025	0.273306	-0.0102624	0.229397	-0.0417636	0.0956357	0.0454085	0.0180951	0.000301887	-0.222598	-0.0398785	0.00367708	-0.072245	0.462845	-0.0497826	-0.0585961	-0.0379338	-0.0290123	-0.0618217	0.0805568	-0.0128037	
0.0211097	-0.0604195	0.333776	-0.00394513	0.225622	-0.0545	0.0896424	0.0914166	0.0492212	-0.00549227	-0.219862	-0.0384455	0.00605138	-0.0733325	0.451709	-0.0403969	-0.0573807	-0.0399188	-0.0403441	-0.058472	0.0412182	0.090595	
0.00288281	-0.0597208	0.321831	-0.0125916	0.277271	-0.0247936	0.0685298	0.165151	-0.0296259	-0.00517201	-0.275404	-0.0380794	0.00567294	-0.0468065	0.452354	-0.0435417	-0.0577047	-0.0410106	-0.0398377	-0.0617064	0.0778028	
0.00892177	-0.0633144	0.239239	-0.0169199	0.262115	-0.0457302	0.0934982	0.215649	-0.00679004	-0.00861959	-0.261249	-0.0418142	0.00528767	-0.0793262	0.473192	-0.0435417	-0.0609074	-0.0407603	-0.0384353	-0.0646751	0.0473231	-0.0132521	
0.0307433	-0.0606369	0.243694	0.0014959	0.248436	-0.0531554	0.0954721	0.104199	-0.0352497	-0.000144083	-0.231504	-0.0385326	0.00568836	-0.0783925	0.436723	-0.0487356	-0.0583411	-0.0380341	-0.0409669	-0.059424	0.0616655	0.0461466	0.0378384	
0.0257035	-0.0603786	0.262276	0.00933245	0.227093	-0.0564534	0.101733	0.307154	0.0109515	0.000525518	-0.216749	-0.041575	0.00609964	-0.0802976	0.413177	-0.0487356	-0.0540643	-0.038287	-0.0294069	-0.054804	0.0472047	0.00671462	
0.00678015	-0.059923	0.42234	-3.8204e-05	0.240655	-0.0425862	0.0998421	0.255465	0.00840463	0.000525518	-0.231512	-0.0365701	0.00517457	-0.0793867	0.429364	-0.0468253	-0.0561236	-0.0354298	-0.0376341	-0.0575643	0.0528969	0.00176529	-0.0309234	
0.0175851	-0.0593392	0.286718	0.00155482	0.254382	-0.0485619	0.0780001	0.20801	-0.00798965	0.000380747	-0.238663	-0.0393211	0.00680268	-0.0528051	0.52034	-0.0473863	-0.0561236	-0.0440526	-0.0364702	-0.0615143	0.0580118	0.0784283	0.0266915	
0.00798234	-0.0593392	0.239429	-0.00840331	0.240602	-0.0417866	0.0614677	0.0828965	0.031184	0.00125246	-0.255481	-0.0421308	0.00547975	-0.0377949	0.458333	-0.0479515	-0.0561413	-0.0327182	-0.040996	-0.0576386	0.0497534	-0.0332257	
0.014664	-0.0609754	0.309708	-0.000995722	0.26121	-0.0552975	0.0767971	0.0923918	-0.02644	9.82352e-06	-0.259385	-0.0419313	0.00674485	-0.0537258	0.484899	-0.0479084	-0.0603167	-0.0411165	-0.0226816	-0.0609182	0.037647	0.00727441	
0.012215	-0.061694	0.423027	0.00448693	0.26165	-0.0562853	0.0995721	0.0814922	0.0249793	-0.00232261	-0.253315	-0.0354021	0.00709536	-0.0792336	0.456164	-0.0465192	-0.05921	-0.04718	-0.0305422	-0.0606533	0.062505	
0.00369386	-0.0603026	0.320679	0.00603329	0.264804	-0.0631093	0.238399	0.0880085	0.0128293	-0.00176307	-0.252944	-0.0383577	0.00620228	-0.218639	0.485977	-0.0456874	-0.0579493	-0.0463762	-0.0440479	-0.0637335	0.0846537	-0.0156438	
0.00751291	-0.0603026	0.282895	-0.00787554	0.237871	-0.0459506	0.147027	0.127185	0.0238771	-0.00293629	-0.224942	-0.0390109	0.00850443	-0.125513	0.502185	-0.0459431	-0.0583233	-0.0473467	-0.0244694	-0.0572755	0.0566666	-0.0213356	
0.00121406	-0.0600588	0.365337	-0.00787554	0.237871	-0.0394006	0.128597	0.103359	0.0238771	-0.00165207	-0.23176	-0.0369195	0.00581923	-0.111018	0.471661	-0.0472273	-0.0564634	-0.0330071	-0.0359954	-0.0592035	0.0566393	0	0.0496555	
0.00719395	-0.0579831	0.281156	0.0057418	0.253726	-0.0565005	0.195174	0.173726	-0.00887232	0.000300851	-0.250876	-0.0310404	0.0105832	-0.173839	0.460513	-0.0466082	-0.0546432	-0.037743	-0.0348754	-0.0585915	0.0502941	-0.0291993	
0.00232158	-0.0580996	0.476828	8.38562e-05	0.245416	-0.0517455	0.168379	0.447981	0.0494058	0.00422346	-0.252871	-0.0357095	0.00645658	-0.140055	0.502976	-0.0486707	-0.0555105	-0.0365896	-0.0347322	-0.0591397	0.0692629	0.00384174	
0.0153825	-0.0580996	0.530952	0.00217987	0.24901	-0.0522414	0.163844	0.152417	0.0458116	0.00422346	-0.226055	-0.0345432	0.00760138	-0.14037	0.462514	-0.0489438	-0.0555105	-0.032132	-0.0186085	-0.0501271	0.131282	0.152865	
0.0153825	-0.0586612	0.374198	-0.00388246	0.24901	-0.0506156	0.201702	0.124309	0.0458116	0.00422346	-0.23443	-0.0347133	0.011116	-0.182098	0.440817	-0.0499673	-0.0531303	-0.0370959	-0.0220753	-0.055477	-0.0112873	0.0968772	0	
0.0111474	-0.0631271	0.237365	-0.00646952	0.244502	-0.0533484	0.159746	0.112358	0.0287904	-0.00262388	-0.240769	-0.038168	0.00529795	-0.133826	0.475888	-0.0470131	-0.0610161	-0.0376046	-0.0179117	-0.0619103	0.0360155	0.0375862	
0.00602779	-0.0626215	0.302502	-0.00646952	0.244502	-0.0444987	0.161997	0.143681	0.0398269	-0.00120761	-0.233284	-0.036094	0.00650862	-0.136211	0.427725	-0.0480984	-0.0588389	-0.0403465	-0.0263312	-0.057395	-0.0035123	0.0614778	
0.0157487	-0.0634202	0.401281	-0.00871293	0.232915	-0.0450492	0.18293	0.148296	0.0514139	0.000586143	-0.227453	-0.0397223	0.00581732	-0.157774	0.441595	-0.0508305	-0.0607134	-0.0414434	0.0155188	-0.0611309	-0.00270099	0.071677	0	
0.0114533	-0.0634202	0.478573	-0.00833534	0.266128	-0.0402173	0.165854	0.203167	0.0128377	-0.004007	-0.269929	-0.0396764	0.00671193	-0.138455	0.435296	-0.0454151	-0.0617385	-0.0369096	-0.0136557	-0.0624138	-0.0422494	0.113698	
0.00481907	-0.0633679	0.286185	-0.0118593	0.221612	-0.0466729	0.211979	0.168139	0.0805892	0.000820306	-0.220047	-0.0343669	0.00528408	-0.188586	0.477345	-0.0500508	-0.0570384	-0.0468853	-0.0388821	-0.0611459	0.0228757	0.0229932	0.0144697	
0.00944605	-0.0631296	0.184856	-0.0149746	0.200289	-0.0427949	0.265637	0.396413	0.0900744	-0.00189167	-0.19865	-0.0376099	0.00766044	-0.243796	0.394154	-0.0473389	-0.0605828	-0.0384313	-0.00779516	-0.0621602	-0.0398997	0.102719	-0.00854111	0.00154582	
0.00276905	-0.0610237	0.38571	-0.00510205	0.200545	-0.0520783	0.153266	0.178895	0.0614894	-0.00448583	-0.187725	-0.0376452	0.00546627	-0.132036	0.458543	-0.0437195	-0.0590876	-0.0291087	-0.0193883	-0.0620169	0.0112464	0.0534302	-0.00887518	
0.00212567	-0.0611356	0.407491	-0.0121217	0.232038	-0.0449314	0.123285	0.143444	0.0428054	-0.00453774	-0.21927	-0.0413536	0.00509585	-0.104537	0.412034	-0.0440038	-0.0590721	-0.0453635	-0.0204486	-0.0555506	-0.00974171	0.0644635	
-0.0010481	-0.0604445	0.165104	-0.0151695	0.235977	-0.0296027	0.083311	0.191828	0.0292792	0.00250152	-0.222358	-0.0348635	0.0048417	-0.0592621	0.48174	-0.0479522	-0.05863	-0.0430485	-0.0223195	-0.0587817	0.00183294	0.105721	0	
0.00614032	-0.062162	0.177728	-0.0129073	0.218228	-0.0438773	0.122841	0.142717	0.0389006	-0.0052195	-0.202437	-0.0420819	0.00686464	-0.102304	0.480261	-0.0435487	-0.0588689	-0.0424376	-0.0289319	-0.0620988	0.0110097	0.0437048	-0.00745932	-0.0200302	-0.0225912	
0.0144506	-0.0616886	0.292135	-0.0117979	0.215527	-0.046249	0.0780149	0.125414	0.0658457	-0.0052195	-0.229092	-0.0382069	0.00453161	-0.0572553	0.482812	-0.0435487	-0.0614199	-0.0424734	-0.0303546	-0.0562361	0.0040326	0.0696096	
0.017597	-0.061084	0.230122	-0.0174981	0.220625	-0.043455	0.127698	0.153369	0.0293995	-0.0040387	-0.223131	-0.0406829	0.00445622	-0.103537	0.497968	-0.0470202	-0.0590203	-0.0343261	-0.0148907	-0.061598	-0.198364	0.280815	-0.0391821	
0.00299237	-0.063061	0.322118	-0.0150969	0.190869	-0.0424224	0.216106	0.0617519	0.087166	-0.00556832	-0.203485	-0.0402588	0.00574019	-0.198198	0.452034	-0.0478179	-0.06055	-0.0465921	-0.0327763	-0.0657899	-0.0118388	0.0826527	0.000566735	
0.00863388	-0.0602705	0.379196	-0.0243754	0.171915	-0.0289186	0.1234	0.075668	0.098543	-0.00260845	-0.182055	-0.0356836	0.0043726	-0.106115	0.538833	-0.0463217	-0.0586202	-0.0394311	-0.0370498	-0.0523982	-0.0615514	0.13261	
0.00421136	-0.0602705	0.382734	-0.0226002	0.197872	-0.028931	0.135516	0.0888246	0.0725855	-0.00260845	-0.180647	-0.0341911	0.00677619	-0.118231	0.448949	-0.0471944	-0.0594309	-0.0422814	-0.0301477	-0.0586872	-0.0148602	0.0495701	0	0.08856	
0.0019909	-0.0606737	0.428602	-0.0093749	0.183373	-0.0398646	0.0955335	0.135926	0.137083	-0.00041119	-0.157845	-0.0361632	0.00544112	-0.0777789	0.465044	-0.0493376	-0.0590161	-0.0424984	-0.0278604	-0.060351	-0.0287865	0.11724	
-0.000282604	-0.0604355	0.192293	-0.0186901	0.229377	-0.030963	0.135986	0.142957	0.0613496	-0.00638259	-0.21456	-0.0352456	0.00501999	-0.121076	0.462368	-0.0409793	-0.0615102	-0.0407252	-0.0315088	-0.0555794	0.00963266	0.0681139	0	
-0.00660877	-0.0613817	0.290404	-0.00608624	0.178159	-0.0471158	0.146671	0.230601	0.117022	-0.00678679	-0.189198	-0.0421211	0.00411024	-0.13139	0.489331	-0.0409793	-0.0609493	-0.0365089	-0.0231548	-0.0597886	-0.012361	0.058727	
0.0010193	-0.0596931	0.226276	-0.0130072	0.242999	-0.0342583	0.13521	0.32955	0.00985267	-0.00201404	-0.235522	-0.0389229	0.00774254	-0.118507	0.404135	-0.0453991	-0.058268	-0.0366541	-0.034934	-0.0559199	0.0261819	0.0553738	0.00134754	
-0.00509621	-0.0585258	0.356613	-0.0146453	0.202313	-0.0305543	0.133774	0.12587	0.0868001	0.000239295	-0.17807	-0.0339129	0.00672489	-0.118901	0.494932	-0.0460223	-0.0594097	-0.0337479	-0.0440793	-0.05821	0.0120001	0.0518909	-0.037297	
0.0113676	-0.0591946	0.192025	-0.00744129	0.218147	-0.0381509	0.207416	0.210479	0.0820238	-0.00425231	-0.197755	-0.0382283	0.00683356	-0.18796	0.493662	-0.0433577	-0.0581401	-0.0374454	-0.0408008	-0.0549757	-0.015692	0.0814911	0.0739021	0.0575423	0	
0.0118836	-0.0592734	0.372128	-0.00980829	0.212554	-0.0434672	0.153449	0.220114	0.018176	-0.00425231	-0.206615	-0.0373325	0.00584327	-0.134188	0.46271	-0.0428682	-0.0586503	-0.0267691	-0.037731	-0.0582139	-0.0323665	0.105567	-0.00415366	0	0.0279126	0.0804325	
-0.0043074	-0.0593908	0.212228	-0.017392	0.212055	-0.0382973	0.193201	0.100133	0.0522504	-0.000435741	-0.212154	-0.0354635	0.00739562	-0.17605	0.503701	-0.0472575	-0.0577021	-0.0279602	-0.0285273	-0.0596074	0.000764056	0.0868223	0.0116178	
0.00442968	-0.0609	0.476646	-0.0165213	0.231637	-0.0324945	0.13126	0.220567	0.0264957	-0.00085128	-0.219003	-0.0364781	0.00666329	-0.114424	0.59904	-0.0475632	-0.0578016	-0.0313735	-0.0208768	-0.062277	-0.0600304	0.160966	-0.00416311	-0.00872549	0.490441	
0.000905473	-0.0609	0.306804	-0.0193627	0.241774	-0.0299022	0.124397	0.183826	0.0107308	-0.00352946	-0.227602	-0.0424689	0.00650497	-0.103442	0.608182	-0.0462493	-0.0574484	-0.0406259	-0.0222636	-0.0583794	-0.051766	0.116945	0.00329544	0.0214431	0.0558338	0.0051611	
-0.00444842	-0.0609	0.280206	-0.0153619	0.207486	-0.0364821	0.261198	0.182116	0.0577128	-0.00135843	-0.161151	-0.0412613	0.00784547	-0.23525	0.506169	-0.0463824	-0.0582871	-0.0419565	-0.0127303	-0.0632636	-0.0201685	0.0624822	0.0201492	0.0695214	0.0622726	
-0.00444842	-0.0604847	0.249772	-0.0178299	0.229876	-0.0379957	0.26729	0.253137	0.0406752	-8.1825e-05	-0.222336	-0.0412613	0.00495296	-0.248682	0.516294	-0.047659	-0.0592862	-0.0350404	-0.00809971	-0.063228	0.0790356	0.0332881	-0.00158005	0.0315386	
-0.00158732	-0.0586862	0.303892	-0.0116476	0.204283	-0.0433027	0.257279	0.176522	0.0681072	-0.00297922	-0.189174	-0.0402382	0.00624709	-0.238953	0.575854	-0.043772	-0.0554311	-0.0439395	-0.00597919	-0.0605683	0.0417527	0.086631	0.0162483	-0.0345431	-0.00486121	-0.0296955	
0.00540845	-0.0582933	0.278443	-0.0091894	0.19843	-0.0365129	0.223491	0.130014	0.0644927	-0.00297922	-0.179143	-0.0360114	0.00599001	-0.202446	0.534862	-0.0401387	-0.0559112	-0.0374381	0.0122865	-0.0596192	0.113079	0.0347147	0.0160761	0	0	
0.00857574	-0.0582933	0.326541	-0.0219637	0.213396	-0.0341604	0.104198	0.216009	0.0324945	-0.00670779	-0.197939	-0.0331083	0.00702144	-0.0776188	0.537137	-0.0384152	-0.0562895	-0.0414595	-0.00379971	-0.060528	-0.0366348	0.0924175	0.0545492	
-0.00537388	-0.0607237	0.173952	-0.0143019	0.211476	-0.0357363	0.143578	0.25866	0.0159519	-0.00250904	-0.197956	-0.0324897	0.00722367	-0.117229	0.437206	-0.0453456	-0.058479	-0.0412432	-0.0250192	-0.0647124	0.0398113	0.0786196	
-0.00293152	-0.0607237	0.172052	-0.0206769	0.252422	-0.0328261	0.0972656	0.146866	0.00955533	-0.00250904	-0.214574	-0.039933	0.00722367	-0.0812123	0.494625	-0.0439144	-0.0579832	-0.0397577	-0.0236038	-0.0644294	0.00303019	0.0992964	0.000935873	-0.0165902	
0.00641299	-0.0580522	0.165733	-0.012279	0.225604	-0.0306979	0.183111	0.256005	0.0707999	0.00604448	-0.181139	-0.0348469	0.00948416	-0.168101	0.451293	-0.0501973	-0.0564742	-0.0336204	0.00690623	-0.0629241	-0.0505457	0.120754	-0.000232945	-0.00145307	
0.00252007	-0.0591307	0.27203	-0.018228	0.203233	-0.0330375	0.117891	0.125921	0.0532057	-0.00145021	-0.197016	-0.0381505	0.00994399	-0.0954655	0.460533	-0.0434747	-0.0582091	-0.0328398	-0.0218879	-0.0617231	-0.0259457	0.0971851	0.119041	
-0.00815491	-0.0595638	0.277598	-0.0149749	0.229412	-0.0357787	0.121369	0.27438	0.0494845	-0.00282482	-0.216339	-0.0322127	0.00599847	-0.099956	0.48722	-0.0425332	-0.0552037	-0.0383058	-0.0268722	-0.0620238	-0.0368429	0.06867	-0.0231991	
0.00248423	-0.0596254	0.361429	-0.00920816	0.225303	-0.0396259	0.0865272	0.183845	0.0411654	-0.00282482	-0.208118	-0.0393249	0.00762293	-0.0654506	0.452807	-0.0425644	-0.0574138	-0.036168	-0.0186151	-0.0623746	-0.0524728	0.0841994	-0.0393584	0.0313366	
-0.00612073	-0.0596254	0.261065	-0.00922128	0.21036	-0.0362289	0.124372	0.222059	0.10882	-0.00282482	-0.182551	-0.0402837	0.010688	-0.0997056	0.533453	-0.0444478	-0.0558014	-0.040703	-0.0287175	-0.0646265	-0.0469559	0.10414	0.000834619	-0.0246033	
-0.00244367	-0.0597378	0.236044	-0.0140388	0.204093	-0.0103649	0.127949	0.22015	0.10001	-0.00324923	-0.176047	-0.0357531	0.00621435	-0.106193	0.452175	-0.0440234	-0.0582057	-0.0403114	-0.0322261	-0.0638413	-0.104343	0.155113	
0.0190839	-0.0596978	0.332678	-0.0158838	0.198455	-0.0279569	0.175746	0.257949	0.0936636	-0.00324923	-0.138594	-0.039922	0.0070036	-0.155936	0.485575	-0.0445459	-0.0577068	-0.0386817	-0.0242977	-0.0613039	-0.0243855	0.0727466	
0.0200579	-0.0582917	0.256991	-0.0203778	0.199544	-0.0313925	0.17406	0.224408	0.107586	-0.000282386	-0.1686	-0.038833	0.00441206	-0.149254	0.417159	-0.0456157	-0.0573436	-0.0412278	-0.0310225	-0.0623269	-0.0667767	0.10816	0.0326926	-0.0225573	
0.0137139	-0.0582917	0.365756	-0.0200564	0.253168	-0.0245333	0.147401	0.410823	0.0248114	0.000684483	-0.259559	-0.038833	0.00710923	-0.122595	0.46357	-0.0468573	-0.0546176	-0.0369995	-0.0227431	-0.0603497	-0.0413948	0.0805655	
-0.00590471	-0.0584952	0.249452	-0.0192933	0.21205	-0.0226336	0.10305	0.182739	0.0204745	0.00264868	-0.194843	-0.04016	0.00828103	-0.0805004	0.46535	-0.0476577	-0.0563977	-0.0360718	-0.00950015	-0.0535024	-0.0540374	0.145975	-0.020279	
-0.00973946	-0.0618652	0.268746	-0.0192843	0.237607	-0.024937	0.0979054	0.1902	0.00548785	-0.00247651	-0.229611	-0.0423428	0.00846295	-0.0719222	0.414318	-0.0456195	-0.0609843	-0.0491644	-0.0061749	-0.0656008	-0.0445113	0.111828	
-0.00973946	-0.0618652	0.252297	-0.0102689	0.219653	-0.0339524	0.0931007	0.32855	0.0336861	-0.00247651	-0.176921	-0.0423428	0.007247	-0.0702641	0.439519	-0.0462273	-0.0607943	-0.0480706	-0.0136798	-0.0662005	-0.0377901	0.101423	0	
-0.00212535	-0.0616367	0.363872	-0.0186727	0.263791	-0.032877	0.0639982	0.179125	-0.0141523	-0.00247651	-0.25064	-0.0407906	0.011624	-0.0489147	0.48441	-0.0471156	-0.0607943	-0.032272	-0.0217214	-0.0624139	-0.0115967	0.0567206	
-0.0059543	-0.0617466	0.240661	-0.0103758	0.206194	-0.0370579	0.165699	0.220108	0.0556349	-0.00131717	-0.194129	-0.044099	0.00796295	-0.150365	0.408726	-0.048099	-0.0589432	-0.0480793	-0.0160599	-0.0645275	-0.0336643	0.0786091	
-0.00254221	-0.0616994	0.391131	-0.0224497	0.256745	-0.0275704	0.0873693	0.379107	0.0562062	-0.00772682	-0.24053	-0.0409174	0.0125847	-0.0627742	0.480816	-0.0423995	-0.0616808	-0.0416757	-0.023453	-0.0669007	-0.0787078	0.157886	-0.0222463	
-0.00985503	-0.0612209	0.335147	-0.0162621	0.271982	-0.0344429	0.0560396	0.142911	-0.0223719	-0.00772682	-0.26625	-0.0398197	0.00705751	-0.0348537	0.423291	-0.0407501	-0.0606039	-0.0437719	0.00518644	-0.065852	-0.0643536	0.103299	0	
-0.0110803	-0.0617658	0.25341	-0.0253847	0.257957	-0.0228062	0.138751	0.122172	0.0192089	-0.00869318	-0.257214	-0.0381337	0.00756182	-0.116526	0.478689	-0.0411212	-0.0601873	-0.0439225	-0.0030191	-0.0650431	-0.0371247	0.0814108	0.0928202	0	
-0.0105355	-0.0601439	0.284829	-0.0185805	0.212687	-0.0176124	0.0881545	0.140831	0.0575105	-0.00720638	-0.185955	-0.035941	0.00640908	-0.0669064	0.474498	-0.0394744	-0.059113	-0.0405483	-0.0208554	-0.0641636	0.0111608	0.0556062	-0.00146722	
-0.00299792	-0.0601439	0.402904	-0.00679526	0.237135	-0.0318953	0.114537	0.265428	0.0237564	-0.00838146	-0.223167	-0.0383473	0.00919618	-0.0891509	0.506334	-0.0387258	-0.0586882	-0.0370328	-0.0279656	-0.0643281	-0.0601757	0.129856	-0.0168953	-0.0195784	0	
