-0.002384	-0.0094964	-0.0959635	0.0581491	0.0030486	0.006414	0.0736369	-0.0083718	-0.0427676	0.539216	-0.0164743	0.141258	-0.0179343	-0.0109125	0.0310779	0.0264254	0.139219	0.255596	0.0223018	0.199197	-0.0875744	0.0331083	-0.0007008	0.0224359	0.0723629	-0.0056281	-0.0382036	0.322439	-0.0224423	-0.243832	-0.0270455	0.0275315	0.648402	0.0267345	-0.0907202	-0.0513459	-0.002613	0.049111	-0.0203459	-0.0144614	0.0197317	0.235254	0.122394	0.0138619	0.0348346	0.174897	0.222255	-0.0034434	-0.0204481	0.0098743	-0.0069614	-0.014925	-0.0063052	-0.0093565	0.0229755	0.0700392	-0.0244133	0.0040573	-0.0294464	0.0709949	0.0019143	-0.006027	-0.0069114	0.0285762	0.0212117	0.0250557	-0.250716	0.009022	-0.0936348	-0.0790464	0.336488	-0.0217526	0.0086072	-0.0112872	-0.0194719	0.032556	-0.0491513	-0.284841	0.0213325	-0.0190163	
-0.002384	-0.0094964	-0.0892719	0.0761926	0.00956126	0.0140103	0.0689562	-0.0083718	-0.0378197	0.505045	-0.0143378	0.0110286	0.0590175	-0.0294921	0.201863	-0.0196264	-0.243832	-0.0214846	0.0444291	0.0313718	-0.0890505	-0.0466652	0.00856967	0.132635	0.0500878	0.235254	0.148028	0.0153725	0.0343527	0.167527	0.230323	-0.0229964	0.0381945	-0.0220053	-0.0283767	-0.0398036	0.123001	0.00857271	0.0438681	-0.010066	0.290857	-0.0669957	0.234477	0.0147515	-0.0369617	-0.0482796	0.0356428	-0.0178971	
0.00224677	0.00412946	-0.0831824	0.0669177	0.0018468	0.017237	0.0652116	-0.0232863	-0.0375884	0.505045	-0.0108518	0.211758	-0.216977	0.0255566	-0.0429206	0.195042	0.198965	0.13012	0.0130975	0.0639435	0.0732018	-0.0135223	-0.00187881	-0.0580484	-0.0831287	-0.0675153	0.133015	0.0249764	-0.00861073	
-0.00172937	0.00412946	-0.0856868	0.0996466	0.00471762	0.0187298	0.0652116	-0.0237137	-0.0391855	0.498096	-0.0141483	0.100325	0.0359364	0.153825	-0.216929	-0.0429206	0.18082	0.0903669	0.0173354	0.0282082	0.0272454	0.208303	-0.00933701	-0.0534842	-0.0652638	-0.0700837	0.0468614	
-0.00563245	-0.0023451	-0.0963006	0.0836548	0.000858837	0.00868106	0.0762832	-0.0232779	-0.0347586	0.580923	-0.017185	0.0333709	0.183657	0.107506	-0.200431	-0.0952232	-0.0541001	0.199078	0.0845285	0.125839	0.0491185	0.198546	-0.00497752	-0.0291076	
0.104781	-0.00221354	-0.0891341	0.0982875	0.00352401	0.030832	-0.0201412	-0.0419746	0.641949	-0.0223433	-0.00238343	0.132639	-0.0908643	0.0230576	-0.108871	0.0293816	0.0434254	0.161121	0.146752	0.116192	0.0695208	0.213868	-0.00538081	-0.04688	
0.104726	-0.0926406	0.0931067	0.00179895	0.0051089	-0.0387187	0.44117	-0.0227951	-0.00574985	-0.0852507	0.0223292	-0.159747	0.0141685	0.031016	0.191748	0.299427	0.123619	0.134786	0.00250374	0.0476181	-0.0227009	0.082656	-0.00776147	
0.128517	-0.0899774	0.0762832	0.0060153	0.0314018	-0.035515	0.731454	-0.0169656	-0.00634323	-0.0913668	0.0163082	-0.00539644	0.0175527	-0.190075	0.0146741	0.0250018	0.184804	0.0991212	0.189474	0.158067	0.00884419	0.0708987	-0.0217755	0.0932945	
0.182167	-0.00223958	-0.103835	0.0667953	0.000877631	0.0174112	-0.0420436	0.523715	-0.011039	0.023029	-0.104751	-0.00637833	-0.00847182	-0.168085	0.0336273	0.167083	0.0636635	0.156692	0.190367	0.00671627	0.0820211	-0.0240258	0.0244833	0.145381	
0.134886	-0.00187747	-0.0968876	0.0625016	0.00410365	0.0143997	-0.0358533	0.497752	-0.0150941	0.0224076	-0.0995372	0.0832755	-0.000796617	-0.0120819	0.0429266	0.173141	0.135042	0.152178	0.163069	0.00310605	0.0763205	-0.0254216	
0.083059	-0.00274446	-0.0965869	0.070982	0.00347593	0.0186587	-0.0433495	0.571854	-0.0109188	0.0253758	-0.0918336	0.179813	-0.00709402	-0.023268	0.0308843	0.173141	0.0989498	0.161291	0.131014	0.00639167	0.0763205	
0.190704	-0.000576843	-0.0906434	0.0717546	0.00240742	0.0221777	0.579917	-0.0248579	0.023321	-0.0923964	-0.0437575	-0.00610455	-0.0271378	0.0216231	0.229901	0.141547	0.0716202	0.00277737	0.187562	0.103329	0.157911	
0.087863	-0.00945333	-0.0967479	0.0719424	0.00402743	0.0145909	0.650817	-0.0101711	0.0203909	-0.101966	-0.0273514	-0.00492351	0.020599	0.196508	0.127771	0.0765747	0.00595622	0.0586121	-0.00351608	-0.0224074	0.157792	0.162243	
0.0801663	-0.00210474	-0.0979325	0.0840736	0.00836888	0.00805575	0.544482	-0.0102868	0.0228851	-0.0988462	-0.0387947	-0.00272297	0.0262748	0.189612	0.102822	0.0552382	0.0170613	0.114056	-0.0225764	0.151261	0.192913	
0.0898868	-0.00413641	-0.0993362	0.0715518	0.00251472	0.017594	0.468888	-0.00428222	0.0228851	-0.096159	-0.0329926	0.00143343	0.231237	0.205002	0.0191654	0.20471	0	0.154987	0.0552382	0.00539142	0.242114	-0.0239396	
0.0746423	-0.00120982	-0.0940427	0.0573274	-0.00305174	0.0246588	0.510046	0.00768917	0.0228851	-0.0945187	-0.0424686	-0.000744362	0.185598	0.148307	0.0247477	0.289984	0.0145573	0.272936	-0.0257053	0.05311	0.155243	0.0251626	
0.104522	-0.00127781	-0.0928931	0.0627958	0.00398718	0.0157395	0.479217	0.00647624	0.0229053	-0.097042	-0.0415214	0.00176233	0.163883	0.151903	0.0246797	0.295009	0.00623453	0.0946307	-0.0223948	0.0530219	0.257954	0.00561892	0.0250745	0.0069211	
0.0619345	-0.00343622	-0.0919755	0.0619133	0.00474066	0.0254866	0.441129	-0.00462964	0.0236291	-0.095964	-0.0406672	0.004086	0.149605	0.0804311	0.0324485	0.209432	0.0061258	0.134093	-0.0248222	0.0531304	0.203526	0.020741	
0.117583	-0.00343622	-0.0922931	0.0702122	0.0117523	0.0255357	0.406916	-0.0179586	0.0222039	-0.0888021	-0.0418456	-0.00256788	0.219431	0.110097	0.0364607	0.175213	0.000888342	0.0962119	-0.0240281	0.0767595	0.270966	0.0115859	-0.017687	-0.000328535	0.0107625	
0.168591	-0.00506662	-0.0877395	0.0683828	0.00244887	0.0244234	0.65168	-0.0211682	0.020745	-0.0877818	-0.0396844	-0.00599353	0.20446	0.119809	0.0250227	0.283476	-0.00620656	0.0641202	-0.0256067	0.0690194	0.313354	0.0220278	-0.00373808	0	
0.112803	-0.0045396	-0.0842776	0.0760788	-0.00416782	0.0316403	0.420503	-0.0195419	0.022579	-0.0903556	-0.0412233	-0.00261914	0.145654	0.136309	0.0303798	0.195913	0.00739587	0.193591	-0.0262222	0.0644528	0.22901	0.0285848	
0.0355428	-0.00478481	-0.0877435	0.0656207	-0.00430463	0.0283992	0.410244	-0.0204595	0.0205114	-0.0873887	-0.0397961	-0.0025409	0.192771	0.0995736	0.0413243	0.234802	-0.00189147	0.161224	-0.0261093	0.0471825	0.143285	0.0174476	-0.00440505	
0.0927295	-0.00355961	-0.0821916	0.084627	0.000448697	0.0280186	0.544382	-0.0131232	0.0203903	-0.091099	-0.0315725	0.0096677	0.157007	0.134441	0.0298987	0.182924	0.0100497	0.0734685	-0.0230589	0.0476843	0.189089	0.00549025	0.00341332	0.00727811	
0.106009	-0.00355961	-0.0840563	0.109979	0.00358223	0.0301765	0.519065	-0.0184462	0.0227187	-0.0898464	-0.0334377	0.00252467	0.202858	0.114172	0.0367177	0.262407	0.00763318	0.107581	-0.022327	0.0659166	0.174377	0.0227619	0	
0.0710181	-0.0052976	-0.0819898	0.0988805	0.000336585	0.026276	0.495954	-0.0224869	0.0227187	-0.0886769	-0.036138	0.0026997	0.191655	0.0781279	0.0286755	0.196751	0.00983902	0.119953	-0.0176545	0.0659166	0.114327	0.00577784	
0.0643256	-0.00373703	-0.0865073	0.0951859	-0.00342371	0.026276	0.435048	-0.0203427	0.0203621	-0.0791067	-0.0289037	0.00803636	0.101709	0.175112	0.0233894	0.21176	0.00595027	0.12581	-0.0223804	0.0662298	0.191517	0.0114909	
0.16768	-0.00232032	-0.0873557	0.0969446	-0.000610867	0.0304671	0.563588	-0.0219963	0.0181085	-0.0769013	-0.0346009	0.00689925	0.103114	0.174672	0.0224908	0.145779	-0.000275271	0.175603	-0.0218842	0.0535583	0.192654	0.0190714	
0.171385	-0.00405341	-0.0857155	0.101615	-0.00259983	0.0304671	0.48699	-0.0212357	0.0199728	-0.0862157	-0.021254	0.00343669	0.138441	0.1105	0.0197973	0.17195	0.0962378	-0.0223686	0.07167	0.111906	0.0120978	0.0108986	
0.0948966	-0.00372081	-0.0787293	0.104925	0.00254867	0.0379876	0.72406	-0.024912	0.0176788	-0.0752325	-0.0260849	0.00222847	0.100571	0.133504	0.0290479	0.176928	-0.00124836	0.104423	-0.0230601	0.0661267	0.219775	0.0270764	0.0124553	-0.00694933	
0.0952731	-0.00302502	-0.0876394	0.0987036	-0.00343482	0.0395023	0.609394	-0.0217833	0.0219219	-0.0919562	-0.00239462	0.000905191	0.131486	0.147511	0.0168715	0.206246	-0.00232522	0.0800705	-0.0244735	0.0734391	0.0803631	0.0173759	-0.00381428	
0.2201	-0.000728723	-0.0786415	0.091738	0.00111332	0.0469515	0.53842	-0.0172859	0.0242513	-0.0762759	-0.0258862	-0.00155298	0.0817397	0.10373	0.0261733	0.207502	0.000646982	0.0355044	-0.0235222	0.0673764	0.108995	0.0196605	
0.112501	7.19559e-05	-0.091515	0.0719871	0.00606002	0.0390022	0.720489	-0.0195167	0.0255163	-0.0652759	-0.0247382	-0.00980105	0.11576	0.116263	0.0281618	0.161506	0.00408257	0.0544913	-0.0164266	0.0749998	0.122204	0.0206526	0	
0.145926	-0.0063977	-0.0944928	0.0874833	-0.00166734	0.029582	0.677665	-0.015975	0.0265378	-0.0820357	-0.0344738	-0.0115161	0.157814	0.0646393	0.016591	0.154738	0.00263203	0.0397695	-0.0236269	0.0741863	0.155165	0.0293566	0	
0.11065	-0.00358338	-0.087794	0.0737741	-0.00167472	0.0187894	0.552474	-0.0196929	0.0258508	-0.0224091	-0.0357008	-0.0055948	0.125975	0.115158	0.0267943	0.176956	0.00131702	0.080213	0.0223889	0.068185	0.160614	0.00838614	
0.171469	-0.00289862	0.134011	-0.0928733	0.0823608	-0.00205658	0.00818963	0.556531	-0.0175785	0.0242297	-0.02406	-0.0325907	-0.00552137	0.0985149	0.0929054	0.0270914	0.17523	0.00110979	0.19912	0.0247477	0.0705717	
0.148599	-0.00474932	0.170472	-0.0850011	0.0633387	0.00638294	0.0327889	0.636569	-0.0218643	0.0242297	-0.0233715	-0.0297182	-0.00330329	0.0782917	0.0993128	0.0267213	0.154734	-8.84917e-05	0.116863	0.0226715	0.0665864	0.0269493	
0.157798	-0.00553732	0.211055	-0.0914977	0.0691979	0.00447234	0.0246438	0.552602	-0.0206096	0.0274197	-0.0256711	-0.0397895	-0.00333177	0.0753899	0.0831704	0.0325841	0.122397	-0.000456579	0.150713	0.0182245	0.0687469	0.0120781	
0.0750793	0.00101918	0.33543	-0.0905269	0.078241	0.00698971	0.0217855	0.373516	-0.0141753	0.0260301	-0.0209828	-0.0334143	-0.00190608	0.112671	0.0907082	0.0328785	0.165136	0.003195	0.0674778	0.0163989	0.0705809	0.0228586	-0.00632609	0.00848835	
0.128077	-0.00313887	0.303837	-0.0904596	0.078873	0.0113203	0.0347142	0.449194	-0.0125804	0.0272171	-0.0202897	-0.0352536	0.00237738	0.118331	0.0807257	0.0164625	0.210752	0.00373586	0.0698212	0.0108834	0.0435017	0.0321295	0.00737969	
0.100124	-0.00321396	0.227098	-0.084278	0.0716898	0.00742409	0.036672	0.476511	-0.00697871	0.0258377	-0.0240081	-0.0371103	-0.00883421	0.13758	0.15565	0.0318957	0.138386	0.00247698	0.105139	0.0170982	0.0418648	0.0372277	
0.0953841	-0.00216524	0.179302	-0.0893634	0.085362	0.00575952	0.0363015	0.488301	-0.0151342	0.0258377	-0.0238594	-0.0356246	-0.00786721	0.0994795	0.117417	0.0294963	0.196475	0.000627586	0.0871531	0.00738008	0.0418648	0.00542889	
0.1075	-0.00179914	0.0840056	-0.0874846	0.0598441	0.00366048	0.0363015	0.434419	-0.0187449	0.024513	-0.0255495	-0.033773	-0.000484691	0.161889	0.101128	0.029353	0.206939	-0.00114474	0.0556388	0.0126347	0.0668316	0.0286715	-0.00574939	
0.0557171	-0.0066833	0.118509	-0.0917919	0.0604366	0.00523122	0.0522654	0.505083	-0.016782	0.0205323	-0.0259054	-0.0390734	-0.00119278	0.0930764	0.134537	0.0328726	0.159601	-0.00143639	0.127106	0.00920827	0.0698929	0.0226218	
0.0953686	-0.00507083	0.108858	-0.0864561	0.0920816	0.0022551	0.0389523	0.575156	-0.0172223	0.0215823	-0.0194359	-0.0381538	-0.00849287	0.107974	0.121816	0.0215139	0.216567	-0.00156628	0.130587	0.0185687	0.0493607	0.0390931	
0.189574	-0.00311194	0.0861801	-0.0903159	0.083336	0.00489021	0.0387668	0.515972	-0.0213846	0.0215823	-0.0243204	-0.0281768	-0.00366536	0.0868702	0.105708	0.0275065	0.20162	0.00547863	0.0704688	0.0239963	0.0473802	0.0412113	0	
0.0621409	-0.00257873	0.150323	-0.090427	0.0643708	0.000226488	0.0387668	0.528647	-0.0235462	0.0227732	-0.0239264	-0.0406062	-0.00998356	0.104902	0.154875	0.035033	0.142822	0.00351363	0.0982474	0.0175515	0.0461893	0.051838	0.045984	-9.47666e-05	
0.188196	-0.00350122	0.122747	-0.0864325	0.0712769	0.00889294	0.0347011	0.429964	-0.0186009	0.0265932	-0.0257172	-0.044459	-0.0106916	0.133973	0.107623	0.0330926	0.155857	0.00326679	0.140243	0.0161041	0.0427096	0.0106041	0.0336078	0.0185642	
0.118281	-0.00191776	0.122417	-0.0934953	0.0867939	0.00239927	0.0328258	0.650372	-0.019198	0.0237773	-0.0218635	-0.0323353	-0.010115	0.152649	0.107372	0.0324589	0.165249	0.00326679	0.088818	0.0196374	0.0521328	0.0327116	-0.00163334	0.0159044	0.0308476	
0.131758	-0.00191776	0.202621	-0.0989954	0.0641997	0.00241562	0.0357775	0.546994	-0.0164517	0.0237399	-0.0260573	-0.0309329	-0.00666522	0.145815	0.0919932	0.0366895	0.171539	-0.00111884	0.0484828	0.0189333	0.0543908	0.0164509	0.000631972	
0.1724	-0.00272781	0.208789	-0.100756	0.0781306	0.00169041	0.0180967	0.455349	-0.0202145	0.0242765	-0.0244964	-0.0313539	-0.00494819	0.144182	0.223486	0.0346278	0.145525	0.000364082	0.140574	0.0168567	0.053129	-0.00487888	0.00461641	
0.122341	-0.00437688	0.0912026	-0.0872539	0.0837445	0.00117047	0.0340332	0.520538	-0.0182448	0.0264714	-0.0212789	-0.0435126	-0.00842904	0.145921	0.155857	0.0273898	0.205709	-0.000617433	0.0878799	0.0139097	0.0398164	0.00917296	-0.00791504	
0.103731	-0.00293381	0.10886	-0.086101	0.066996	-0.000522352	0.0482833	0.561055	-0.0212657	0.0238968	-0.021852	-0.0380676	-0.0109615	0.125246	0.191086	0.0224891	0.198405	0.00159437	0.136244	0.00318676	0.0662878	-0.00542264	0.00237331	
0.0642603	-0.00632862	0.0398824	-0.0830337	0.0723097	0.00376798	0.0517863	0.488419	-0.0170848	0.0236212	-0.0200054	-0.036675	-0.00946781	0.101893	0.103008	0.0272298	0.214019	0.0024801	0.0901665	0.00105275	0.0662878	0.00834349	0.00861919	-0.0172309	0.0656077	
0.07166	-0.00396145	0.21726	-0.0977255	0.0756124	0.00373688	0.0296364	0.500599	-0.0176108	0.0236212	-0.0188839	-0.0360601	-0.00244177	0.113543	0.138335	0.0209885	0.199958	0.0022965	0.0669058	0.00317207	0.0768218	0.00942476	0.00416241	0.00982089	
0.105545	-0.00371217	0.0608241	-0.0886763	0.0499799	0.00516132	0.0349364	0.484306	-0.0177443	0.0221984	-0.019976	-0.0337019	-0.00482378	0.10018	0.230338	0.0312724	0.153988	0.00109384	0.0635569	0.00291129	0.0688732	0.00988411	-0.00275212	
0.118323	-0.00371217	0.0935433	-0.0778213	0.0661722	0.00386039	0.0429569	0.530163	-0.0164927	0.0221984	-0.0203199	-0.0327238	-0.00781596	0.211587	0.087835	0.0311729	0.230995	0.00458375	0.0967223	0.0292667	0.0634854	-0.00542668	-0.00306499	-0.000947288	
0.220592	-0.00560718	0.121587	-0.0806553	0.0705648	0.00298305	0.0325064	0.524288	-0.0141372	0.0221984	-0.0208421	-0.0355544	-0.00908874	0.158164	0.114357	0.0300502	0.204228	0.00356623	0.1897	0.012041	0.0629272	0.0105001	-0.00617783	-0.0181708	-0.0255433	-0.00355899	
0.0619364	-0.00735874	0.188625	-0.0807495	0.065826	0.00088329	0.0325064	0.561035	-0.0137887	0.0200348	-0.0214276	-0.0338163	-0.0113426	0.155351	0.0702802	0.0415942	0.210091	0.00210865	0.1837	0.0289041	0.0629272	0.00340119	-0.0056632	0.00788881	
0.117682	-0.00670797	0.200917	-0.0822501	0.0906634	0.00672432	0.0336482	0.654898	-0.0194597	0.0203906	-0.0172897	-0.0380753	-0.00663832	0.149937	0.131168	0.036189	0.210091	0.00210865	0.133621	0.0304187	0.0617855	0.0196137	-0.00916141	0.0424769	-0.00600135	0.0397304	
0.141306	-0.00491329	0.224494	-0.0947478	0.0651941	0.00231626	0.0253089	0.578657	-0.0206766	0.0201907	-0.0220316	-0.0310125	-0.00625692	0.120798	0.138209	0.0191885	0.204034	0.00139542	0.109407	0.0365585	0.0712424	0.00305761	-0.00936126	-0.0108534	-0.00258901	
0.0903182	-0.00578427	0.236454	-0.083469	0.0547935	0.00309434	0.0199149	0.55116	-0.0160845	0.0219795	-0.022871	-0.0328841	-0.0043972	0.134617	0.192489	0.0316021	0.16616	0.00321187	0.145846	0.032734	0.064742	0.0243038	-0.00515305	-0.00844404	0	0	
0.126777	-0.00302919	0.132449	-0.096356	0.083251	0.00490354	0.0134226	0.569946	-0.0202954	0.020884	-0.0230233	-0.0296972	-0.00573466	0.107513	0.173259	0.0310208	0.18823	0.00567632	0.0791094	0.0360193	0.0782966	0.0226076	-0.00759801	-0.0112402	-0.0264382	
0.120423	-0.00406708	0.148692	-0.0844512	0.0819205	0.0040841	0.035654	0.643097	-0.0144321	0.020884	-0.0205329	-0.0192201	-0.0061268	0.120802	0.131969	0.0393485	0.25536	0.00259485	0.0662097	0.0305607	0.0639636	0.00144277	-0.0058781	-0.0117207	0.0275879	0	
0.146685	-0.00507196	0.208698	-0.087591	0.071947	0.00387523	0.0339836	0.758462	-0.0207828	0.017046	-0.0238147	-0.031563	0.00239683	0.200255	0.159642	0.0269023	0.197055	0.00319329	0.0917627	0.027891	0.0646291	0.0259775	-0.00454175	-0.0126116	-0.017046	
0.105402	-0.00634641	0.158156	-0.0881258	0.0654953	0.00851232	0.0310099	0.72965	-0.0193073	0.017046	-0.0202359	-0.0370439	-0.00456573	0.101583	0.176916	0.0325364	0.131169	0.00312542	0.211681	0.00696165	0.0663261	0.0112181	-0.00824137	-0.0091553	-0.0262436	
0.185468	-0.00634641	0.132857	-0.0837299	0.0659835	0.00594604	0.0334351	0.464849	-0.0214842	0.017046	-0.0216271	-0.0315425	-0.00476248	0.114982	0.0707441	0.0367156	0.179447	0.00293981	0.17143	0.0196304	0.0639008	0.000668283	-0.00125996	-0.0108025	-0.00927097	-0.00601495	
0.109117	-0.00441306	0.192089	-0.0900694	0.0684371	0.00594604	0.0401154	0.766442	-0.0105611	0.0219512	-0.0197542	-0.030253	-0.00629202	0.108267	0.150781	0.0194905	0.206343	-0.00150529	0.113206	0.000117716	0.0477437	0.0131428	-0.00627816	-0.0131667	-0.00507652	-0.00371736	0.00322913	
0.10456	-0.00462165	0.188688	-0.0854552	0.0635535	0.00149492	0.0395127	0.712795	-0.00836527	0.021411	-0.0234776	-0.0368639	0.0138849	0.0853825	0.138138	0.0238547	0.163848	0.00432784	0.106116	0.0149063	0.065219	0.00449946	-0.00279566	-0.00662773	-0.00332971	-0.0099418	-0.014019	-0.00769059	
0.197027	-0.00541369	0.294967	-0.0889703	0.0629557	0.014418	0.0313609	0.669673	-0.0206468	0.0208132	-0.0237825	-0.0343162	-0.00148114	0.132522	0.129874	0.0403861	0.189127	0.00269563	0.114987	0.00419224	0.0680656	0.0030012	-0.00196012	-0.0105285	-0.00601589	0.0603291	
0.185718	-0.00289503	0.148076	-0.090598	0.0700807	0.00798887	0.0337982	0.475822	-0.0211757	0.0262822	-0.0191374	-0.0400237	0.00605466	0.0914777	0.0848355	0.0446355	0.191961	0.0010486	0.085128	0.00979738	0.0649914	0.00196324	-0.00519291	-0.00963	-0.0072069	0.0131202	0.000909943	0.0112772	
0.122626	-0.00471888	0.197027	-0.0934372	0.0536749	0.0123086	0.0298096	0.479607	-0.0169513	0.0258834	-0.0206722	-0.0398684	0.00742511	0.127866	0.0666391	0.0442241	0.163295	0.000422238	0.102831	0.0131071	0.0689801	0.00981052	-0.00119943	-0.0102427	0.00296166	
0.126349	-0.00612362	0.359356	-0.0934471	0.0644972	0.0125143	0.0219606	0.464296	-0.0220962	0.0206866	-0.00983163	-0.0275416	0.00678708	0.107873	0.0903257	0.0382231	0.180426	0.00218007	0.108425	0.0184264	0.0689801	0.0189521	0.000116351	-0.0108857	-0.0160096	
0.208525	-0.00460641	0.249394	-0.0939961	0.0528355	0.0126434	0.0241129	0.540154	-0.0204576	0.0206866	-0.0101568	-0.0279613	-0.000662895	0.119081	0.0844198	0.0486769	0.172648	0.000596233	0.0925197	0.0181037	0.0482935	0.0024347	-0.00317454	-0.0132172	-0.0130187	-0.103751	-0.00314083	
0.0953513	-0.00792522	0.20998	-0.0903778	0.04146	0.012303	0.0260523	0.468099	-0.0253104	0.0201805	-0.00318045	-0.0265002	-0.00625504	0.116519	0.100414	0.0362135	0.17295	-0.000972254	0.169326	0.0129653	0.0487996	0.0212131	-0.00208323	-0.0121	-0.00242204	
0.146125	-0.00244591	0.206195	-0.0914213	0.0537228	0.0168445	0.028821	0.530925	-0.0222509	0.0215359	-0.00527549	-0.0377132	0.00487712	0.133652	0.0623614	0.0362135	0.15194	0.000142702	0.162287	0.0034209	0.0446754	0.0188078	-0.00225392	-0.00877358	-0.0091424	-0.0172647	-0.0702317	
0.10587	-0.00113492	0.074515	-0.0910319	0.0531546	0.0118264	0.0338628	0.764849	-0.0204758	-0.0450746	0.00416759	-0.0306648	-0.00308181	0.110164	0.0916527	0.0407351	0.213538	0.000142702	0.133434	0.0173426	0.0662113	0.0221213	-0.00415298	-0.0127396	0.000310602	0.00811015	
0.0798886	-0.00265118	0.132207	-0.0818433	0.0557359	0.0117871	0.0409074	0.621012	-0.0207888	0.0219647	0.000180707	-0.035779	0.000892861	0.108329	0.123212	0.0327091	0.207874	0.000142702	0.182554	0.000698697	0.0647178	0.0109535	-0.0009788	-0.00711606	0.000364304	
0.174453	-0.00185031	0.155034	-0.0857311	0.0496945	0.0163253	0.0354506	0.559294	-0.0215664	0.0196787	-0.00117669	-0.0270484	-0.00264206	0.137029	0.135266	0.0430419	0.194508	-0.00130845	0.201329	-0.00151634	0.0448048	-0.00410367	-0.002292	-0.0151494	-0.0032836	-0.0148008	
0.18973	6.46184e-05	0.249725	-0.089562	0.0506351	0.0113621	0.0330652	0.631257	-0.0193617	0.0250099	-0.00117669	-0.0382041	-0.00374364	0.137711	0.117493	0.0428893	0.248585	0.00111192	0.129379	-0.00543051	0.0642686	0.00747642	-0.00739401	-0.0170263	0.0204603	
0.17367	0.000611846	0.119788	-0.0843481	0.0522777	0.0188594	0.0258484	0.583102	-0.0160712	0.0219247	0.00127157	-0.0190229	0.0138977	0.116372	0.0444463	0.20286	0.00327276	0.0767343	0.0017959	0.0660853	0.0379185	-0.00704653	-0.0104971	0.040951	-0.00576949	-0.00300191	-0.00707084	
0.232703	-0.00177759	0.0689613	-0.0877867	0.0548763	0.0113474	0.0258484	0.522618	-0.0221902	0.0231213	-0.000542549	0.005059	0.00255671	0.0995228	0.0718513	0.238741	0	0.093964	-0.0057855	0.0425942	0.0408584	-0.00275738	-0.0100728	
0.166379	-0.00302108	0.188766	-0.0891769	0.0647816	0.00981371	0.0270925	0.414519	-0.0174924	0.0221028	-0.00163197	-0.0199176	0.00325603	-0.00858471	0.104379	0.205056	0.180161	0.0516134	-0.000629146	0.0433487	0.0393854	-0.0110914	
0.234237	-0.00399643	0.237808	-0.0907765	0.0582697	0.0248708	0.0270925	0.593209	-0.0222458	0.0200739	-4.58077e-05	-0.00985933	0.00394208	-0.00881755	0.104848	0.238747	0.00741015	0.141432	0.0764551	0.0654515	0.0352153	0	-0.0127217	0.0136944	
0.179315	-0.00259441	0.200103	-0.0940297	0.0550913	0.0127222	0.0211424	0.383154	-0.0160219	0.0229006	0.00116549	-0.0244648	0.00534409	-0.00659341	0.0993462	0.155728	0.00152034	0.127514	0.12267	0.0728036	0.0438909	-8.93091e-05	-0.0142901	-0.0031915	-0.0106514	0.233637	
0.333312	-0.00259441	0.132027	-0.0880283	0.0554972	0.0153358	0.0388008	0.577986	-0.0179762	0.0227065	0.00127174	-0.00637268	0.00534409	-0.00660581	0.101129	0.200076	0.0081776	0.145154	0.102631	0.0676382	0.0464958	-0.0131472	
0.189716	-0.000549195	0.0911497	-0.0954018	0.0539222	0.00571658	0.0327069	0.697027	-0.0193049	0.0226635	-0.00222476	-0.00993243	0.000917864	-0.0014611	0.107698	0.18254	0.000192975	0.133415	0.237388	0.0728363	0.03724	0.0111527	-0.011771	-0.00577561	
0.195063	-0.00355445	0.136647	-0.0971936	0.0457249	0.00446196	0.0125349	0.641657	-0.0127711	0.0242483	0.00317786	-0.021899	0.00200691	-0.00750913	0.0939379	0.212896	0.0141343	0.169412	0.108799	0.0762412	0.0546041	-0.011973	
0.142128	-0.00279623	0.182106	-0.0906743	0.0459784	0.00424131	0.0220008	0.458279	-0.0121354	0.0213153	-0.00280258	-0.0259884	0.0123002	-0.00424841	0.11368	0.194557	0.00480157	0.165287	0.160548	0.0451966	0.0512334	-0.00692115	-0.00930908	
0.0700939	-0.00136328	0.254274	-0.0864301	0.082071	0.0113667	0.033146	0.600235	-0.0158413	0.0179124	-0.00184697	-0.022587	0.00325277	-0.00911093	0.189233	0.193541	0.00724931	0.141426	0.284954	0.0641573	0.0361729	-0.00943924	-0.0174947	
0.0929283	-0.00357415	0.309069	-0.0907025	0.0541744	0.00403478	0.0248453	0.539903	-0.0228121	0.0238901	-0.00147696	-0.0288909	0.00345624	-0.00606387	0.119838	0.214073	-0.00756142	0.220324	0.092266	0.0686911	0.0352838	0.0188788	-0.0116328	-0.00718806	
0.0989081	-0.0010401	0.106854	-0.0876847	0.0575465	0.00749927	0.0262886	0.420388	-0.0215287	0.0261176	-0.00276362	-0.0326046	0.00785469	-0.00948953	0.138084	0.157798	-0.00656615	0.16346	0.0799674	0.0672478	0.0432715	-0.0110159	0.0100029	0.0292352	-0.0115937	
0.118377	-0.00327902	0.105471	-0.0862023	0.0879462	0.0122285	0.0321002	0.620485	-0.0216436	0.0246668	-0.0056212	-0.0387768	0.00569204	-0.00935008	0.137132	0.139624	0.00557704	0.149965	0.0824642	0.0674117	0.0445921	0.0397456	-0.0154448	0.0472446	
0.129844	0.00064537	0.145915	-0.0822037	0.0525107	0.0112195	0.0316207	0.519269	-0.0147648	-0.0396058	-0.00575981	-0.00912325	0.0116908	-0.00464435	0.151011	0.143026	0.0244746	0.175862	0.103855	0.0617083	0.0307917	0	-0.00667712	
0.0826235	0.000636904	0.151197	-0.0895231	0.050219	0.0101965	0.0244319	0.634751	-0.0207942	0.0210794	-0.00790158	-0.00913685	0.0137748	-0.00851755	0.0873393	0.167176	0.0136149	0.176257	0.110109	0.0678741	0	-0.0122106	0.0270546	
0.0822	-0.00351845	0.110564	-0.0788265	0.0687365	0.00708351	0.0388962	0.493723	-0.0146274	0.0171022	-0.00500811	-0.0238689	0.00847334	-0.00852503	0.114836	0.141699	0.0186561	0.15069	0.163302	0.0583009	0.0385371	0	-0.0120136	
0.168592	-0.000388857	0.0466745	-0.0776	0.082836	0.00691936	0.0342902	0.548059	-0.0126356	0.018034	-0.00407632	-0.0178077	0.00940513	-0.00760849	0.11782	0.217403	0.00906701	0.141628	0.0819502	0.0402017	0.033247	-0.0110818	
0.173567	-0.000388857	0.109066	-0.0881932	0.0737719	0.0201523	0.0256548	0.482659	-0.0175469	-0.0446153	-0.0038889	-0.00771932	0.00940513	-0.00293859	0.126421	0.234839	0.0147901	0.100935	0.181316	0.066848	0.0278031	0.0112923	-0.0105621	
0.154327	5.5307e-05	0.141351	-0.0904988	0.0772461	0.0115459	0.0328582	0.437033	-0.0174826	0.0200284	-0.00642616	0.00808034	0.0144061	-0.00186657	0.181962	0.183931	-0.000554728	0.156513	0.163235	0.0477643	0.0351106	-0.0397933	
0.191237	0.000261671	0.136918	-0.0872882	0.0522805	0.00836537	0.0340537	0.462609	-0.0141454	0.0251569	-0.00402433	-0.00116949	0.00923313	-0.00563327	0.202061	0.190189	0.0201872	0.149758	0.0766682	0.0428422	0.0380208	
0.0989102	-0.000122732	0.0720021	-0.0861513	0.0522805	0.00599513	0.0279901	0.455851	-0.0160044	0.0189835	-0.00386466	-0.0231003	0.00810769	-7.47589e-05	0.121975	0.233456	0.0225285	0.162336	0.146847	0.0484423	0.0329128	
0.0650963	-0.000122732	0.181616	-0.0838748	0.0533871	0.00224896	0.0337827	0.503198	-0.0149482	0.0265515	-0.00189794	-0.00804048	0.0133593	-0.00515265	0.22842	0.231365	0.0105988	0.128838	0.187198	0.0371051	0.0268172	-0.00606081	
0.0656606	-0.000952305	0.132715	-0.0840098	0.0629864	0.00137347	0.0362557	0.387587	-0.0160624	0.0269933	-0.00164283	0.00651346	0.0123039	-0.00125621	0.102989	0.17635	0.00553265	0.135335	0.0866421	0.0616254	0.0299723	-0.00839652	
0.0408782	-0.000286252	0.0694291	-0.0823658	0.0689673	0.0125862	0.0302249	0.501516	-0.00497546	0.0215334	-0.000700902	-0.00857256	0.00704923	-0.00225577	0.133078	0.222195	0.00250797	0.0946701	0.0671655	0.0603455	0.0343824	0.0217191	-0.00271551	
0.0689122	-0.00121842	0.113911	-0.090653	0.0801541	-0.000567838	0.0400547	0.546025	-0.0164196	-0.0439996	-0.00350521	-0.00951479	0.0133841	0.00389139	0.0902042	0.273947	0.0174396	0.0939661	0.165639	0.065533	0.0450053	0.00521932	-0.00964395	-0.00776674	
0.075614	0.000672368	0.226985	-0.090769	0.0635894	0.0131794	0.0198993	0.415947	-0.0188038	-0.0503564	-0.000628282	-0.022315	0.0126616	0.00205645	0.0915278	0.181975	0.00423827	0.193887	0.135816	0.0727097	0.0463875	0.00778553	
0.107703	0.00101499	0.121368	-0.0814792	0.0621992	0.0195427	0.0403816	0.461899	-0.0154459	-0.0278152	-0.00661142	-0.00905853	0.0046146	-0.000141591	0.108948	0.238478	0.00207511	0.104529	0.112943	0.0570531	0.0382438	0.00195685	
0.100497	-0.000357399	0.156452	-0.0926913	0.0482071	0.0143168	0.049867	0.477572	-0.0159804	0.022065	-0.00309238	-0.00402683	0.0133914	0.000915891	0.107958	0.20619	-0.00152195	0.149967	0.116851	0.0682636	0.0372545	-0.00869676	
0.11475	-0.000357399	0.142863	-0.0866609	0.0816518	0.00722893	0.0375762	0.502162	-0.0175063	-0.042633	-0.00769842	-0.0170697	0.00925346	-0.00557898	0.102246	0.20619	0.00858753	0.116494	0.14438	0.0644462	0.038627	-0.00351239	0	
0.186648	-0.000383205	0.179071	-0.0874818	0.0687541	0.0158481	0.0375762	0.576675	-0.0161137	-0.042633	-0.00491419	-0.0291329	0.00989875	-0.00202836	0.123573	0.297961	0.00200869	0.141195	0.109298	0.0653343	0.0295478	0.00529828	
0.109426	0.00291236	0.141633	-0.0816824	0.0710361	0.00818071	0.0362617	0.516677	-0.0150291	-0.0343467	-0.000502851	-0.0340497	0.0137984	0.00517571	0.0706608	0.175657	0.0106206	0.12077	0.0451998	0.0602066	0.0379623	0.0144826	-0.00790999	
0.0399809	0.00224702	0.155716	-0.0814033	0.0623422	0.00720894	0.0515696	0.511441	-0.0189017	-0.0328838	-0.00731558	-0.02643	0.0122863	-0.00226836	0.210069	0.255107	-0.00774657	0.160441	0.0344919	0.0618601	0.039509	0.00121285	
0.0780593	-0.000675866	0.191968	-0.0843299	0.0514749	0.0083927	0.0452689	0.471664	-0.0161279	-0.0365683	-0.000698084	-0.0391735	0.00821924	-0.00263277	0.150413	0.216609	0.00290199	0.147368	0.120719	0.0609499	0.036041	-0.00750623	-0.00964339	
0.121859	-0.00165145	0.161397	-0.0811252	0.0522255	0.00885245	0.0404292	0.535567	-0.0159817	-0.0345064	-0.00372403	-0.0214053	0.0116038	-0.00263277	0.195751	0.21143	-0.00796984	0.0917423	0.0544627	0.0595829	0.032724	0.0052667	-0.0149815	
0.139887	-0.0033191	0.144399	-0.0836713	0.055278	0.00471164	0.0197705	0.518123	-0.0189308	-0.039786	-0.00667586	-0.0272638	0.0104852	-0.00562335	0.215272	0.18362	0.0128733	0.166121	0.0544932	0.060757	0.043615	0.0017688	0	
0.095536	-0.00274312	0.156999	-0.0780281	0.0603672	0.0116696	0.0478522	0.870756	-0.015159	0.0199337	-0.00620962	-0.0242039	0.00678595	-0.00502183	0.0973739	0.193368	0.00769107	0.112463	0.0221864	0.0408233	0.0340647	-0.0025133	
0.140187	0.000281046	0.12062	-0.0823288	0.0650813	0.00547181	0.0297718	0.564243	-0.00806873	0.0259755	-0.00720139	-0.0289835	0.00768616	-0.00239519	0.133189	0.244029	0.0044615	0.124139	0.0984086	0.0600708	0.0371648	-0.00369675	
0.104316	-0.00460486	0.239121	-0.0831891	0.0664796	0.00525194	0.0278678	0.716943	-0.014645	0.0230445	-0.00454617	-0.0266116	0.00318549	-0.0022314	0.164637	0.197697	-4.68363e-05	0.122299	0.0485027	0.0628447	0.0383862	0.00156712	-0.00464399	
0.0513416	0.00310646	0.220445	-0.0851116	0.0667748	0.00446819	0.0364367	0.546879	-0.0102072	0.0206063	-0.00661105	-0.0308485	0.00325402	-0.000331768	0.10738	0.287927	0.0101396	0.131769	0.122886	0.0442005	0.053185	-0.00796252	-0.0180562	0.0670048	0.00641654	
0.159025	0.00257029	0.0961212	-0.0832074	0.0621159	0.00830986	0.0444325	0.614088	-0.00109845	0.0206063	-0.0046851	-0.0293409	0.00318811	0.00303271	0.137677	0.223432	0.0123168	0.103701	0.080953	0.0398851	0.0513142	0	0	0.000303977	-0.0240483	-0.018482	
0.129034	-0.00104495	0.162796	-0.0786487	0.067245	0.00915003	0.0470402	0.496719	-0.0111625	0.0208227	-0.00264096	-0.0189412	0.0062773	3.98952e-05	0.118915	0.219502	0.00990175	0.182441	0.0500876	0.0363938	0.0488774	-0.00958449	-0.00352006	
0.152272	-0.00154681	0.155085	-0.0808234	0.064089	0.00891347	0.0397198	0.446627	-0.00616568	0.0208227	-0.00309471	-0.0218992	0.00638904	3.98952e-05	0.127272	0.24681	0.000145746	0.0903941	0.237858	0.0600569	0.0554268	0.000173053	0.00485902	
0.0936305	-0.00357862	0.100586	-0.0868932	0.0811284	0.00381751	0.0303045	0.530128	-0.008375	0.0282089	-0.00683382	-0.0106678	0.0054655	-6.11775e-05	0.128219	0.141789	0.00116104	0.17268	0.101358	0.0641049	0.0572172	-0.0037737	-0.00621154	
0.113586	-0.00357862	0.130753	-0.082798	0.0809889	0.00514303	0.0310923	0.466726	-0.00776155	0.0210256	-0.00683382	-0.0261705	0.00392833	0.0035813	0.235045	0.189166	0.0219586	0.10748	0.128255	0.0422913	0.0450031	-0.00173198	-0.0086333	
0.138345	-0.00481981	0.108737	-0.0797855	0.0925184	0.00278796	0.0375695	0.519229	-0.0127328	0.0216597	-0.00562134	-0.0355509	0.0115738	0.00441834	0.185691	0.243041	0.0185847	0.131837	0.0654537	0.0344221	0.0369642	-0.00286656	-0.00580522	
0.137513	-0.00144203	0.113267	-0.0803247	0.085957	-0.0021708	0.0713695	0.571716	-0.00742302	0.0212459	-0.00664084	-0.0286806	0.0120481	0.00488064	0.15036	0.210103	0.0255098	0.122236	0.0874445	0.0575921	0.055816	-0.00486851	-0.00493872	-0.00842302	
0.115445	0.00158849	0.10414	-0.0851791	0.0869768	0.00723925	0.0409726	0.475851	-0.00167086	0.0223881	-0.00410573	-0.0309469	0.00670773	0.00460702	0.0925756	0.195164	0.0255579	0.134451	0.0718371	0.0619814	0.036038	-0.00178812	0.00312939	-0.00164324	
0.108961	-0.00511046	0.116477	-0.0927115	0.0944964	0.00485772	0.0322348	0.499054	0.00312034	0.0223881	-0.00661282	-0.0325285	0.0138563	0.00571124	0.109031	0.146166	0.0255579	0.117695	0.041481	0.0725681	0.0406432	-0.00562849	-0.00611068	-0.000837001	0	
0.103313	-0.00191929	0.166166	-0.0919438	0.0977596	0.00622205	0.0322348	0.606231	-0.00501533	0.0223881	-0.00364302	-0.0265689	0.00775189	0.00571124	0.152219	0.248468	0.00739377	0.165748	0.0981378	0.0725681	0.0520457	-0.00295441	-0.00378894	0.00138707	0	
0.116897	-0.00114236	0.151363	-0.0803783	0.0757138	0.00477444	0.0348084	0.550645	-0.00396351	0.0219812	-0.00440701	-0.0316707	0.0116835	0.00911606	0.123527	0.174873	0.0238775	0.111221	0.123955	0.0389187	0.0365646	-0.0124294	-0.00452613	-0.00277446	0.0143095	
0.120742	-0.00282492	0.189298	-0.0939958	0.0840699	0.00686905	0.0216476	0.69616	0.00297857	0.0215652	-0.004276	-0.031622	0.0112674	0.00481924	0.149023	0.276142	0.0220684	0.151524	0.100597	0.0505786	0.0443706	-0.00674772	-0.00823275	-0.00720993	-0.0100532	
0.0983758	-0.00366241	0.103628	-0.0858804	0.088778	0.00865837	0.0378176	0.514884	-0.00103892	0.0224671	-0.00236436	-0.0424007	0.0148737	0.00481924	0.113473	0.182554	0.0146789	0.104727	0.146532	0.0454772	0.0383238	0.0156731	-0.00331026	0.00827914	-0.00103892	0	
0.117621	-0.00215941	0.249591	-0.0843173	0.0721636	0.0125561	0.0353489	0.452946	-0.00345115	0.0224671	-0.00310736	-0.0336287	0.0107823	0.00590809	0.0816081	0.135758	0.0157835	0.101357	0.0776322	0.043539	0.0199725	-0.00820607	-0.00628592	-0.00261887	0	
0.0709567	-0.00144808	0.0919199	-0.0894434	0.078588	0.0174505	0.0399168	0.364795	-0.00334904	0.0201648	0.00125481	-0.0408442	0.0146518	0.0103181	0.139071	0.162284	0.0251973	0.0751798	0.120948	0.0677495	0.0323604	-0.00540196	0.00336127	0.00161476	-0.00896488	
0.0711922	0.00500786	0.159076	-0.0874521	0.0846498	0.0157994	0.0338456	0.433448	-0.00105257	0.020075	0.00224745	-0.0280121	0.0143957	0.00202371	0.0818429	0.221364	0.0338017	0.0929179	0.0844905	0.0475847	0.0292182	0.00985946	0.00684418	0.00697804	
0.216613	0.00141113	0.209457	-0.0954231	0.109304	0.0113023	0.024088	0.538216	-0.00278758	0.020075	0.000394812	-0.0384962	0.0160867	0.00209894	0.112476	0.243187	0.0279896	0.166499	0.101203	0.0739652	0.0229447	0.00297587	0.0074453	0.00464421	
0.159014	0.000709917	0.172317	-0.0938556	0.0659652	0.00495539	0.0127045	0.45704	0.0039825	0.0206614	0.00483256	-0.043334	0.0146629	0.00484346	0.135766	0.176941	0.0217704	0.133321	0.103421	0.0533038	0.0273671	0.00190394	-0.00265417	0.0227151	
0.218904	-0.00165664	0.146267	-0.087707	0.0877019	0.0072264	0.0387006	0.456437	-0.000692057	0.0202541	0.000302627	-0.0419104	0.00860611	0.00376837	0.118071	0.18684	0.0352226	0.128671	0.0485071	0.0468053	0.033086	-0.00867973	-0.00940111	0.0220149	-0.064393	
0.15306	0.00203507	0.0989724	-0.0874126	0.0664368	0.00996461	0.0317827	0.55194	0.00207211	0.0212184	0.00572463	-0.035191	0.0093812	0.00474627	0.0806589	0.21686	0.015326	0.113419	0.0870664	0.0453439	0.0340502	0.000155635	-0.00730124	0.0186958	
0.252329	-0.00379255	0.163825	-0.0893427	0.0756952	0.00755445	0.0327377	0.603475	-0.00551212	0.0196722	-0.00324173	-0.040954	0.0161197	0.00257183	0.0732206	0.152183	0.0165791	0.109617	0.184842	0.0465898	0.0325041	-0.0102578	-0.011737	0.0247859	
0.281979	-0.00151928	0.157408	-0.0925917	0.0620934	0.008545	0.0237858	0.494008	-0.00411964	0.01989	-0.000824869	-0.0350946	0.00691415	0.00257183	0.090574	0.133252	0.0128039	0.0684474	0.258383	0.0514937	0.0325041	-0.00789098	-0.0107846	0.0291092	0.00619981	0	
0.10968	-0.000915093	0.233067	-0.0911036	0.0898441	0.0134983	0.0237858	0.456724	0.000500731	0.0181737	0.000665638	-0.0369991	0.0101415	-0.00200228	0.127212	0.175306	0.0206453	0.0642072	0.0665875	0.0532099	0.0356549	0.00183145	-0.00714901	0.0292505	-0.00312313	
0.190205	-0.00263939	0.203786	-0.0978475	0.0860784	0.0123104	0.016919	0.503833	0.00400013	0.0198052	-0.00425028	-0.0338595	0.0105896	-0.00113206	0.142678	0.177998	0.0185446	0.11608	0.0861692	0.0588932	0.0298816	-0.00735118	-0.00828279	0.0268603	
0.13933	-0.00196321	0.174384	-0.086218	0.109125	0.0177194	0.0307833	0.464128	-0.00504257	0.0198052	-0.00349294	-0.0375278	0.00583002	-0.00113206	0.129877	0.192325	0.0312454	0.099517	0.0406914	0.0648342	0.0452645	0.00329042	-0.00705123	0.0251502	0.0257056	
0.129486	-0.000361647	0.139184	-0.0923056	0.0809449	0.00754452	0.0231774	0.536752	-0.00476597	0.0244779	0.00237763	-0.0431671	0.00423714	0.0025652	0.0725795	0.148162	0.0168673	0.0938461	0.0961356	0.0711311	0.0367536	0.00223628	-0.00543985	0.02044	-0.0174735	0.0261431	0.00314181	0	0	
0.144331	0.000701088	0.186196	-0.0931661	0.0822801	0.0125748	0.0189466	0.51974	-0.00140082	0.0249234	0.000255891	-0.0377142	0.01106	0.00665041	0.0668861	0.181879	0.0254454	0.136697	0.137324	0.0725216	0.0379329	-0.0167346	-0.011655	0.0296706	-0.025627	0.0187705	
0.171884	-0.00149527	0.147367	-0.0815854	0.102302	0.01607	0.0309053	0.4683	-0.00424303	0.0249234	-0.00404834	-0.032577	0.00889068	0.00665041	0.0635711	0.237173	0.0221444	0.136147	0.19293	0.0630319	0.0322839	-0.00602709	-0.00790633	0.00849094	-0.0640253	0.0322098	
0.159679	-0.00263857	0.211688	-0.0795906	0.102077	0.00339865	0.0283512	0.447668	-0.00109926	0.0249234	-0.00639271	-0.0307421	0.00776586	0.00217896	0.0854801	0.197026	0.0221258	0.098321	0.064432	0.0630319	0.0345149	-0.0105976	-0.00333661	0.0137011	0.0088788	0.0206624	
0.169919	-0.00312886	0.317102	-0.0892924	0.0831336	0.0123889	0.031304	0.591907	-0.00560106	0.0218419	-0.00588422	-0.0379971	0.00677012	0.00594748	0.141788	0.215846	0.0356365	0.158257	0.121189	0.067339	0.034193	-0.00461906	-0.00553049	0.0154435	0.01098	-0.0103678	0.00480981	
0.17071	-0.00321175	0.120699	-0.0873174	0.0924563	0.0165121	0.0350673	0.677867	-0.00330178	0.0236889	-0.00416401	-0.0418248	0.00607948	-0.00217603	0.141684	0.207168	0.0399337	0.145665	0.0942702	0.0634928	0.0310347	-0.00442446	-0.00541321	-0.00637867	-0.00279175	
0.221471	5.14594e-05	0.147912	-0.0842001	0.100711	0.0158054	0.0309993	0.583292	-0.00348495	0.0261911	-0.00416401	-0.0386391	0.0145413	0.00518531	0.121935	0.210912	0.0276888	0.166767	0.029626	0.0647008	0.0280698	-0.00825138	-0.006674	0.00219818	0.0233104	
0.0881418	-0.00235806	0.362562	-0.0884977	0.10855	0.00703144	0.0203422	0.465083	-0.00323189	0.0258663	-0.00372153	-0.0433155	0.00452161	0.00439967	0.101821	0.164794	0.029381	0.116052	0.0955345	0.0682162	0.0331424	-0.00128798	-0.00108994	0.00567141	-0.00422846	
0.178376	-0.00235806	0.101101	-0.0839693	0.0910745	0.0147407	0.0247988	0.471688	-0.00266682	0.0258663	-0.00671799	-0.0284516	0.00646926	0.00873974	0.137073	0.215899	0.0280316	0.11246	0.110795	0.0648254	0.0300307	-0.00658989	-0.00488446	0.00218343	0.0053317	0	
0.144571	-0.0039317	0.0661634	-0.0812937	0.0916816	0.0151099	0.038276	0.496826	-0.00604655	0.0277313	-0.00303364	-0.0471999	0.00779388	-0.00388136	0.154821	0.197979	0.00524024	0.0876333	0.143195	0.0648254	0.029722	0.00252113	-0.00685608	0.00889124	-0.0812544	
0.145243	-0.00102439	0.094645	-0.0847735	0.0796362	0.00384804	0.0371233	0.501848	-0.00201431	0.0227088	-0.0068145	-0.043407	0.0113744	0.00716054	0.133539	0.20305	0.00733333	0.179651	0.0363939	0.0448357	0.0303332	0.00386882	-0.00346369	0.00524489	-0.00870488	
0.0970259	-0.00192829	0.178711	-0.085184	0.11789	0.00847778	0.0374757	0.528975	-0.00239087	0.0200202	-0.00280209	-0.0384052	0.0106222	0.000827375	0.187984	0.188177	0.0184909	0.203686	0.0917149	0.0645651	0.0331525	0.0105255	-0.00493284	0.0155247	-0.000535964	
0.274713	-0.000524878	0.300675	-0.0790893	0.0846638	0.0103268	0.0369731	0.413355	-0.00239087	0.0272255	-0.0067462	-0.0451966	0.0069705	0.000232383	0.0934038	0.226373	0.0066488	0.136843	0.104314	0.0627731	0.025058	0.00893555	-0.00799403	0.0107397	0.0124281	
0.214507	-0.0052194	0.161725	-0.0867989	0.0943734	0.0088323	0.0436646	0.418572	-0.00107079	0.023721	-0.0003746	-0.0398745	0.00705135	-0.00743892	0.116928	0.236624	0.0159831	0.0920161	0.0494002	0.0659616	0.0272582	0.011114	-0.0074309	0.0269197	-0.0106136	-0.00309045	
0.124676	0.0010409	0.265973	-0.0971746	0.0943734	0.0192213	0.0417214	0.449524	-0.00197106	0.0244517	-0.00738346	-0.0409027	0.00329173	0.00201336	0.117544	0.165679	0.00523353	0.0889212	0.0578709	0.0741485	0.0349946	-0.000695895	-0.0139039	0.0187949	
0.195539	-0.00121898	0.170268	-0.100302	0.0866434	0.0186553	0.0285857	0.600315	0.000950984	0.025673	-0.00338649	-0.0355789	0.00872906	0.00266491	0.162566	0.252064	0.0277836	0.166617	0.0289896	0.078046	0.0267356	0.00820697	-0.00122927	0.0159781	
0.182108	0.000676858	0.258145	-0.0831108	0.0638465	0.0162698	0.0546463	0.445269	-0.00422952	0.0242726	0.000681668	-0.0423915	0.0109447	0.00633014	0.143931	0.204789	0.0296427	0.148127	0.182474	0.0639526	0.0562261	-0.00452312	-0.0080655	0.0148017	0	
0.310263	-0.0032442	0.0699644	-0.0960318	0.0676608	0.0111926	0.034902	0.481055	0.000920006	0.0210403	-0.0060675	-0.0324633	0.0100579	0.00280229	0.107157	0.211016	0.0218551	0.0885509	0.132738	0.0705692	0.0200219	0.0127708	-0.00506578	0.00874217	
0.259001	-0.00272354	0.0987082	-0.0919476	0.0713715	0.00999342	0.0436414	0.463613	-0.005643	0.0210282	-0.00111774	-0.0353086	0.00847162	0.00629514	0.13372	0.214478	0.0196249	0.14662	0.195106	0.0713362	0.0397133	0.000844059	-0.0082538	0.0233816	0.0104987	
0.238966	-0.00776676	0.018864	-0.0959986	0.0743683	0.0111996	0.0422926	0.49695	-0.00504807	0.020844	-0.0056629	-0.0414525	0.0114875	0.00841964	0.113614	0.198677	0.0333242	0.097698	0.18312	0.0745398	0.0191917	-0.0166465	0.00169794	0.00600248	
0.131847	-0.00241774	0.0563693	-0.0936568	0.0783508	0.0110234	0.0328326	0.446412	-0.0060293	0.0177596	-0.00867386	-0.0422435	0.0118728	0.0047543	0.0958273	0.290398	0.0260465	0.0572881	0.141758	0.07476	0.0316803	-0.0104438	-0.00307261	-0.00733267	
0.190878	-0.00508145	0.0619444	-0.0956738	0.0714913	0.00713625	0.0263895	0.474837	-0.00447219	0.0197886	-0.00386305	-0.0416197	0.00349174	0.00297237	0.140653	0.231656	0.00982445	0.128123	0.041176	0.0534933	0.0486155	-0.00580508	-0.0125986	-0.00893841	-0.164955	0	
0.0980228	-0.00452826	0.148058	-0.0963564	0.0809864	0.012111	0.0260696	0.463417	-0.00434933	0.0210108	-0.00497902	-0.0392727	0.00403506	-0.000517949	0.19495	0.280779	0.0115685	0.113035	0.066148	0.0538132	0.0568	0.00157437	-0.00505037	0.00189453	
0.163631	-0.00597636	0.162479	-0.0942691	0.0726636	0.0125403	0.0314944	0.625017	-0.00170948	0.0195348	-0.00286657	-0.0419838	0.00394002	-0.00128139	0.180371	0.23502	0.0184573	0.0841852	0.0596067	0.0714103	0.0448464	-0.00397815	-0.0104626	-0.00520818	0	-0.0525309	
0.165241	-0.00606451	0.0904315	-0.0947037	0.0851817	0.00840123	0.0317247	0.593307	-1.55558e-05	0.016467	-0.00111122	-0.0357182	0.00408111	-0.00136954	0.158082	0.264585	0.0214369	0.146765	0.0876404	0.0713222	0.0190569	0.00361051	-0.00705615	-0.00258346	
0.200071	-0.00437607	0.191711	-0.087683	0.0719227	0.0104913	0.0361472	0.589489	0.000142051	0.0206042	-0.0024241	-0.0324885	0.00684856	-0.000886988	0.178278	0.218202	0.0242608	0.0990616	0.0974982	0.0716415	0.0319987	0.0053615	-0.014807	-0.0062	0	-0.0546569	
0.16078	-0.00525562	0.307025	-0.0919452	0.0978364	0.00216147	0.0360713	0.700198	-0.000737498	-0.051571	-0.00405602	-0.0295752	0.010323	0.00373295	0.268118	0.214773	0.00804716	0.0677977	0.0643662	0.0708379	0.0316853	-0.00132071	-0.00843505	0.00597066	0.0129652	
0.240719	-0.0043378	0.157738	-0.0937677	0.0948568	0.00913579	0.0373963	0.542524	-0.00229265	-0.0503634	-0.00191005	-0.0356896	0.00694339	-0.000101734	0.168952	0.237146	0.0241328	0.106553	0.118959	0.0717557	0.0305248	0.000674788	-0.00864155	-0.00501267	0.0176595	
0.179337	-0.00203657	0.17548	-0.090701	0.0819055	0.00766401	0.0485988	0.477134	-0.00282859	-0.0484112	-0.00481761	-0.0355483	0.00596728	-0.00573974	0.15306	0.235382	0.0166774	0.0998703	0.0501826	0.0688275	0.0359386	0.0113387	-0.00972291	-0.00188613	-0.00512676	0	0.0943751	
0.243984	-0.000578496	0.101626	-0.0938884	0.0755879	0.0123205	0.0275716	0.465098	-0.00372292	-0.0484112	-0.00514996	-0.0244517	0.00778823	-0.00211824	0.150583	0.324594	0.00969574	0.1117	0.0833003	0.0702855	0.0440433	0.0122345	0.00148633	-0.0034813	0	0.0429258	
0.337655	0.00198041	0.00321555	-0.0908968	0.0740779	0.00952198	0.0283071	0.495782	-0.00125282	-0.0526563	-0.00846008	-0.0338347	0.0062782	-0.00472296	0.157083	0.181076	0.0143147	0.144082	0.066682	0.0687755	0.0347879	-0.00171104	-0.00395465	-0.0457061	
0.164819	-0.00153799	0.00420148	-0.0936464	0.10522	0.0071725	0.0282615	0.659241	0.00113639	-0.0526563	-0.00181262	-0.031545	0.0084476	-0.00502947	0.161672	0.242211	0.0176075	0.116986	0.072097	0.0707629	0.0265291	-0.000391485	-0.000534096	
0.147418	-0.000823633	0.0126369	-0.102258	0.0803534	-0.000580832	0.0209752	0.485216	-0.00132492	-0.0593059	-0.00501358	-0.0369265	0.00694996	0.00037465	0.167521	0.190673	0.026467	0.158238	0.0785993	0.077607	0.0424465	0.00670135	-0.0122945	0	
0.142756	-0.00318052	0.0188449	-0.096647	0.0815023	0.00679952	0.0227321	0.567929	-0.000174284	-0.0575491	-0.0108355	-0.029356	0.00404077	0.00406564	0.130004	0.216959	0.0177732	0.0848957	0.0499987	0.0741182	0.0376735	-0.00824212	-7.32508e-05	0.00145355	-0.00173196	
0.138474	-0.0052248	0.0101951	-0.0909106	0.0760821	0.00924657	0.043558	0.504749	-0.00184995	-0.0442485	-0.00408829	-0.0448944	0.0105603	-0.00168194	0.294915	0.188493	-0.00475174	0.104845	0.0354199	0.0680597	0.0493949	-0.0059134	-0.00493445	0.00461727	-0.00533797	
0.214461	0.00264572	0.00696819	-0.0895588	0.0698088	0.00965815	0.0451925	0.51928	-0.00350765	-0.0449317	-0.00288574	-0.0430704	0.0165196	0.00596028	0.194397	0.223484	0.0134659	0.11179	0.0794283	0.065594	0.0379634	-0.0110018	-0.00814074	0.00626385	
0.273717	-0.00102997	0.00695159	-0.0932562	0.0927452	0.0113164	0.0287696	0.545338	-0.00405412	0.0224004	-0.00671122	-0.0498711	0.00795922	0.00207639	0.224187	0.190621	0.0127205	0.139606	0.118113	0.0711974	0.0485459	0.00214186	-0.00588721	0.00664724	
0.282997	-0.00290787	0.0207916	-0.09136	0.0914244	0.0051382	0.0288546	0.623351	-0.00405412	0.0224004	-0.00057237	-0.0439328	0.00692995	0.000898027	0.172573	0.139412	0.00514548	0.211335	0.219187	0.0486658	0.0473887	-0.00492587	-0.00769396	0.0285709	
0.297194	-0.00331244	0.00163068	-0.0954136	0.0832273	0.00630156	0.0212593	0.504499	-0.00892855	0.0215915	-0.00536727	-0.041917	0.00259991	0.00461951	0.285404	0.185852	0.0060844	0.13705	0.0988176	0.0494748	0.0476402	-0.00126832	-0.00673541	0	
0.459412	-0.00331244	-0.00377631	-0.0892982	0.0917956	0.00519697	0.0325465	0.600972	-0.00837636	0.0213157	-0.00536727	-0.0418882	0.00512555	0.00395615	0.185824	0.195751	0.0231088	0.112233	0.104081	0.0497506	0.0601688	-0.00259451	-0.0110665	
0.205301	-0.0017633	0.00912467	-0.0937467	0.0901202	-0.00174954	0.040134	0.522489	-0.00463075	0.0195787	-0.0064801	-0.0431287	0.00843595	0.00115984	0.185366	0.217304	0.00838784	0.122569	0.207778	0.0514876	0.0557613	-0.00478906	-0.0126508	0.0152398	0	
0.20882	-0.00136631	0.000759495	-0.103028	0.0877294	0.00729368	0.0298844	0.761239	-0.00544701	0.0197212	-0.00122852	-0.0309644	0.00289251	0.00537618	0.166224	0.206511	0.0186657	0.0955521	0.148362	0.0814584	0.0488242	0.00926926	-0.0097081	0	
0.249595	-0.00208714	-0.00921465	-0.0865192	0.0795874	0.0101535	0.0425693	0.678319	-0.00463761	-0.0490523	-0.005682	-0.037948	0.00756823	0.0102017	0.232757	0.227062	0.00894317	0.118069	0.122369	0.068754	0.0495896	0.00163507	-0.00331522	-0.00723395	
0.279177	-0.00208714	0.000971665	-0.0927339	0.0626315	0.00543102	0.0387747	0.73437	-0.00290585	-0.0490523	-0.000943623	-0.0353237	0.00260928	0.00545854	0.207528	0.217869	0.00709011	0.126745	0.0507015	0.068754	0.0555171	0.0164213	-0.00148423	
0.222957	-0.00198239	-0.00301133	-0.102862	0.0650469	0.000844905	0.0269525	0.650554	-0.00120842	0.0197017	-0.00176448	-0.0401236	0.00304475	0.00545854	0.32671	0.179094	0.00875174	0.11358	0.0652616	0.0810555	0.0513428	-0.00722981	-0.00915417	0.000323252	
0.186651	-0.00203647	-0.00496847	-0.10014	0.0593786	-0.000777354	0.0376838	0.60199	-0.00776714	0.0194166	-0.00626726	-0.0361933	-0.00069279	0.00164489	0.17865	0.210318	0.00790324	0.169182	0.081188	0.0572025	0.0524409	-0.00122346	-0.011573	-0.0101933	-0.10274	0.0171251	
0.184188	-0.00450177	0.00260794	-0.0953623	0.0564383	0.00977984	0.0429105	0.553781	-0.00681877	-0.0500874	0.00107286	-0.0306101	0.00587592	0.00178836	0.200185	0.233488	0.0136656	0.099783	0.13995	0.0706409	0.0459928	0.000644073	-0.00555558	
0.208836	-0.00558213	-0.00238044	-0.0910865	0.0565875	0.0187681	0.0429105	0.570597	-0.0059383	-0.0562455	-0.00283669	-0.0249227	-0.000219498	0.0045955	0.151158	0.230898	0.0110734	0.12447	0.234566	0.0710012	0.0357161	0.00216244	-0.00856316	-0.00488996	0.0167832	
0.130119	-0.00558213	-0.00167409	-0.0941003	0.0691139	-0.000868732	0.0366885	0.631136	-0.00196173	0.0147557	-0.0081171	-0.0244246	0.000495214	0.00225406	0.111548	0.252853	0.0122019	0.141809	0.113315	0.0701381	0.055736	0.0099641	-0.00739479	0	
0.192983	-0.0032398	-0.00240071	-0.0933017	0.0772228	0.00185557	0.0285674	0.65085	-0.00450665	0.0172162	-0.00283327	-0.0389851	0.00147046	0.00164983	0.186262	0.237932	0.0163127	0.13423	0.350974	0.0701516	0.0639337	0.00387477	-0.00756064	-0.00437369	-0.00598698	0.0147665	
0.24235	-0.00357601	0.0145966	-0.0930602	0.0603917	0.00239115	0.0415784	0.506022	0.00350053	0.0181833	-0.00527882	-0.029875	0.0025408	-0.00639974	0.181564	0.258029	0.00296876	0.132739	0.356708	0.0706872	0.0418318	0.0097334	-0.00991057	
0.189746	-0.00157367	0.00827295	-0.0948592	0.0630404	0.00230743	0.0263898	0.586692	-0.000232782	0.0175044	-0.00823224	-0.0291557	0.000918972	-0.00459441	0.201943	0.196153	0.00414001	0.11438	0.167823	0.0698376	0.0389729	0.00532977	-0.0085525	0.00144384	
0.239408	-0.0028529	0.00938447	-0.0927401	0.038747	0.00613193	0.0426471	0.759923	-0.00287169	0.0200273	0.00483048	-0.0251394	0.00382121	-0.00729038	0.258275	0.260758	0.0193559	0.10127	0.145043	0.0692963	0.048289	0.00490978	-0.00297519	
0.235996	-0.00322117	0.00370553	-0.0985499	0.0555151	0.00515445	0.0513593	0.56472	-0.00214462	0.0190971	-0.00203221	-0.0257728	1.73433e-06	-0.00405687	0.233906	0.254364	0.00929207	0.105788	0.0348085	0.0748701	0.0490161	0.00526929	-6.00117e-05	
0.238421	-0.00378549	0.00790846	-0.096704	0.0753377	0.00514562	0.0568239	0.581356	-0.000251068	0.0173913	-0.00492752	-0.0340217	0.0016794	-0.00568805	0.23292	0.182589	0.00289203	0.144246	0.0765172	0.0734295	0.0400284	-0.00061889	-0.00653559	-0.0100576	0.0734295	
0.13541	-0.00260971	0.00653271	-0.0964244	0.0557928	0.00452893	0.0628515	0.621506	-0.000852864	0.0183984	0.000276416	-0.0346877	0.000444412	-0.00563746	0.150234	0.185866	0.00763381	0.121023	0.0421899	0.0701517	0.0411953	0.00472391	-0.00475462	
0.15744	-0.00327927	0.00919878	-0.0889076	0.0497662	0.00761652	0.0665802	0.534641	-0.00200322	0.0176503	-0.000316527	-0.0249132	0.000391653	-0.00670675	0.095036	0.213389	0.00355526	0.146168	0.111455	0.0485395	0.0376885	0.00954262	-0.00257966	0	
