-0.0530155	-0.000748297	0.401733	0.0119389	0.0749297	-0.00853887	-0.0781279	0.0308524	0.257607	0.183676	0.0897184	-0.0165111	0	0	0	0	0	0	0	0	0	0	0	0	0	0	0	0	0	0	0	0	0	0	0	0	0	0	0	0	0	0	0	0	0	0	0	0	0	0	0	0	0	0	0	0	0	0	0	0	0	0	0	0	0	0	0	0	0	0	0	0	0	0	0	0	0	0	0	0	0	0	0	
0	-0.000748297	0.466097	0.00550285	0.0749297	-0.00877439	-0.0781279	0.0308524	0.257607	0.183676	0.0897184	0	0	0.0536159	0.0413772	0.111473	-0.0211097	0	-0.00141477	0.0258338	0.0246399	0.0480261	0.00544331	-0.0107788	0	-0.0188938	0.011771	0.0611267	0	-0.00317356	0	0.0274568	0	0	0	0	-0.00213484	-0.0530155	0.199529	0	7.29695e-05	0.0171459	0.00512567	-0.0251153	0.0242793	0.0158112	0	-0.0214451	6.50839e-05	0.0145826	0	0	0.0530155	0.00458776	0	-0.0406974	0.0352001	
0.000866491	-0.000748297	0.465231	0.00477685	0.114151	-0.0102401	-0.0795267	0.0308524	0.203009	0.182809	0.0897184	0	-0.00775798	0.0311147	-0.00543696	0.0248617	0.0449868	0.0480261	0.0192728	-0.0429331	-0.0188631	0.0616957	-0.000817687	-0.000725997	0.041409	0.0302978	0.000725997	-0.00213484	-0.0537414	0.00939038	0.0129728	0.0644009	0.0289725	0	0.0377821	0.0242793	0	0.221384	0.0868112	-0.0215551	-0.0701706	
-0.0500405	-0.000748297	0.464697	0.00301894	0.116986	-0.0102401	-0.0750814	0.0308524	0.203009	0.182809	0.0393859	0.002289	0.0632515	0.0449868	-0.050907	0.200621	0.0480261	0.016384	-0.000817687	-0.00379559	-0.00210846	0.135542	0.11547	-0.0160286	0	0.0170108	0.139711	-0.015779	-0.0407145	0.0779313	0.0289725	-0.0107694	-0.00425052	0.0897184	0	
0.00481605	-0.000748297	0.401173	0.0189917	0.129235	-0.0102401	-0.0764086	0.0373941	0.192027	0.17886	0.0897184	0.0135032	0.0560986	0	0.080202	-0.050907	0.172693	0.0482229	0.016384	0.0243023	-0.00379559	-0.00210846	0.137662	0.382734	-0.0160286	0	0.044298	0.0885354	-0.0427167	-0.036407	0.0941366	0.0289725	0.0310038	-0.0107694	0.0406982	0.00632696	0.0702918	-0.000269586	0.0433451	
0.00481605	-0.000748297	0.401173	-4.15157e-05	0.137267	0.0310033	-0.0764086	0.192027	0.178115	0.0897184	0.0560986	-0.050907	-0.0102401	0.0528281	0.016384	0.13653	-0.00210846	0.215785	0.408634	-0.0160286	0	-0.0162995	0.102502	-0.0560667	-0.0152784	0.114275	0.058167	0.00804665	-0.0107694	0.00258443	0.172693	0.0330508	0.0433451	
-0.0460909	-0.000748297	0.433027	-4.15157e-05	0.104539	0.0296805	-0.0865091	-0.0147615	0.192252	0.178115	0.0920767	-0.00679493	-0.00481605	-0.0102401	0.0396611	0.016384	0.13653	-0.0122657	0.0226436	0.459642	-0.0252036	0.0101573	0.105914	0.185912	-0.0396125	0.0330184	0.0642375	0.0877753	-0.0390755	-0.0112405	0	0.0100488	0.0671839	0.236975	0.0191437	
-0.0460909	-0.000748297	0.428681	-4.15157e-05	0.104539	0.0296805	-0.0865091	0.145245	0.0920767	-0.0255975	-0.0522508	-0.00665509	0.0193155	0.0278494	-0.0122657	0.0226436	0.371287	-0.0252036	0.0101573	0.040614	0.0797496	0.192242	-0.0250571	0.0999005	0.0606526	0.119734	-0.0574219	-0.00989669	0	0.0204876	-0.0846997	0.0657554	0.00317056	0.227054	0.0396611	0.029629	-0.0134176	
0.00736015	-0.000748297	0.4366	-4.15157e-05	0.0878863	0.0296805	-0.090018	0.145245	0.075974	-0.0255975	-0.0534511	-0.00865385	0.0665387	-0.0157747	-0.0217645	0.469841	-0.0252036	0.0136663	-0.00941175	-0.011226	0.192242	0.00244717	0.0641894	-0.0120354	0.0321562	-0.00250456	-0.00316492	0.0655215	0.0127998	0.0634499	0.175452	0.0205157	0.073265	
-0.00779754	0.389637	0.0021985	0.101056	0.0296805	-0.090018	-0.0460909	0.142105	0.075974	0.00696384	-0.0534511	-0.00865385	0	-0.000196407	-0.0157747	-0.0331103	0.47689	-0.0252036	0.0136663	0.065845	0.0803142	0.21606	-0.00611675	0.0561384	-0.0219096	0.00254487	-0.0200181	-0.019267	0.0245931	0.0307872	0.182502	0.127978	0.0129341	
-0.0505557	-0.00779754	0.394102	0.0021985	0.0898498	0.030361	-0.090018	0.14657	0.075974	-0.0201424	-0.0534511	-0.00865385	-0.0157747	0.0129341	0.00206487	-0.0331103	0.47689	-0.0196412	0.0136663	0.0198241	0.148181	0.241101	0.114375	-0.0115916	0.0312423	-0.0178283	0.00640444	0.0423088	0.0307872	0.201322	0.127978	
-0.0401281	-0.00779754	0.331158	-0.0168109	0.0236124	0.0347585	-0.0842782	0.110176	0.075974	-0.0201424	-0.013323	-0.00339473	-0.0157747	0.0174883	-0.0260111	0.545288	-0.067095	0.0136663	0.0138443	0.148181	0.241101	0.0898498	0.0622508	-0.0219538	0.0331372	-0.0696033	0.0121446	0.028987	0.014802	0.222787	0.12379	
-0.0401281	-0.00779754	0.331158	0.0132344	0.0236124	0.0347585	-0.0842782	0.110176	0.0797621	-0.0238482	-0.013323	-0.00339473	-0.00210846	0.0132066	-0.0260111	0.12379	0.340939	-0.067095	0.0136663	-0.0434731	0.10742	0.2767	0.0898498	0.173957	-0.00954801	-0.0166525	-0.0191609	-0.00958396	0.0912738	0.014802	0.321957	
-0.0537237	-0.00779754	0.430171	0.0132344	0.0227879	0.0388443	-0.0817164	0.123772	0.0954798	-0.00921189	0.000272628	-0.00339473	-0.00210846	0.0132066	-0.0281408	0.128153	0.0188254	0.321957	0.353649	-0.0249222	0.0136663	0.0262061	0.221099	0.419014	0.101321	0.200196	0.00716135	-0.0165601	0.00427825	0.0527285	0.0326551	0.0321212	
-0.0537237	-0.00779754	0.430171	0.0226194	0.0348497	0.0388443	-0.0634004	0.123772	0.0954798	-0.00921189	0.000272628	-0.00513802	0.00470769	0.0610543	0.0501098	0.148915	-0.0388848	0.309445	0	0.466806	-0.0249222	-0.00681615	0.114613	0.234534	0.272643	0.101321	0.200196	-0.0120715	-0.0325486	-0.040365	0.0604876	0.00899244	
-0.0537237	-0.00779754	0.41145	0.0153957	0.0390413	0.0388443	-0.0634004	0.123772	0.0954798	0.00140783	-0.00391896	-0.00513802	0.00470769	0.0109512	0.0150168	0.142507	0.576975	-0.0201763	-0.00681615	0.114613	0.202589	0.181087	0.101321	0.173864	0.00317896	-0.0730963	-0.040365	0.0911311	0.0138458	0.309445	
-0.0537237	-0.0010175	0.424072	0.00532735	0.0436999	0.0388443	-0.0643394	0.121701	0.113558	0.0378154	-0.00391896	-0.00513802	0.00470769	0.103284	0.0784908	0.135726	0.570195	-0.0550673	-0.00681615	0.0672695	0.194874	0.113175	0.0907665	0.157781	0.0128939	-0.0457938	-0.0479843	0.0339463	0.0220295	0.224414	
-0.0537237	-0.0010175	0.424072	0.0390193	0.0563563	0.0363792	-0.0611599	0.138336	0.113558	0.0632592	-0.00391896	-0.00707667	0.00788721	0.0540515	0.148978	0.113999	0.543725	-0.0310723	0.205308	0.0220295	0	-0.00999567	0.0416055	0.152086	0.123751	0.115788	0.134766	0.0212111	-0.0484917	-0.0425459	0.041521	
-0.0533996	-0.0010175	0.423748	0.0390193	0.0563563	0.0404535	-0.0810184	0.138012	0.11458	0.0632592	-0.00424313	0.00223233	-0.0129734	0.0552396	-0.00536059	0.113999	1.09093	-0.0311083	0.0150033	0.377199	0.081861	0.010865	-0.0201451	0	0.0519276	0.229331	0.211472	0.0687507	0.178572	-0.00442491	0.0304082	
-0.0533996	-0.0010175	0.425706	0.0243814	0.0621619	0.0404535	-0.0930795	0.138012	0.11458	0.0115246	-0.0595231	0.00223233	-0.00210846	0.0267682	-0.00536059	0.113999	1.1029	-0.0311083	0.0144229	0.367057	0.148859	0.0229261	-0.0327675	0	0.159731	-0.0348115	0.0509341	0.184301	0.104719	0.0913102	0.107981	-0.00126816	
0.00790594	-0.0010175	0.484266	0.0260824	0.0670874	0.0451359	-0.0941196	0.146578	0.11458	-0.0067149	-0.0596045	0.00223233	-0.00380942	0.0310043	-0.00156575	0.176678	0.87861	-0.0311013	0.0633344	0.220191	0.187362	0.0239662	0.0104311	0.257383	0.0417785	-0.024622	0.0938445	0.195717	0.194698	0.118996	0.137302	0.0211293	
0.00790594	-0.0010175	0.484266	0.0260824	0.0670874	0.0451359	-0.0941196	0.146578	0.109442	0.0216114	-0.0596045	0.00223233	-0.00380942	0.0671975	0.0388066	0.154438	0.981663	-0.0266904	0.0204222	0.413959	0.246202	0.0239662	-0.0838758	0.315705	0.108863	0.195717	0.194698	0.0857705	0.220266	0.0139135	
0.00638458	-0.0010175	0.356954	0.0260824	0.0661399	0.0429937	-0.0941196	0.146578	0.12747	0.0123921	0.0216114	-0.0580832	-0.00137264	-0.0277756	0.105659	0.0813009	0.230992	0.936735	-0.0266904	0.0266885	0.529489	0.337995	0.0239662	-0.0717688	0.333317	0.0273986	0.22121	0.149646	0.095351	0.107024	
0.00638458	-0.0010175	0.410075	0.0107067	0.0661399	0.0345071	-0.104665	0.146578	0.12747	0.0271568	-0.0240804	-0.0580832	-0.00137264	-0.0265258	0.0408674	0.06297	0.185408	0.936735	-0.0694145	0.0299694	0.403069	0.300984	0.0227163	-0.0668631	0.223894	0.132479	0.255882	0.149646	0.0943696	0.0476431	0	-0.000661417	
0.00638458	-0.00181044	0.410075	-0.000661417	0.0661399	0.0353	-0.102272	0.155435	0.126678	0.0170239	0.00819576	-0.0580832	-0.00216558	-0.0241328	0.060628	0.0616813	0.182047	0.936735	-0.060742	0.0363703	0.350773	0.215057	0.0195305	-0.0459522	0.112456	0.333635	0.242939	0.0989764	0.0951619	0.0432132	0	0.0575908	-0.0486069	
0.00497147	-0.00181044	0.406481	0.0112633	0.0366298	0.0244752	-0.0960803	0.137307	0.126678	0.0131717	-0.0224555	-0.0530763	-0.000943861	-0.0241328	0.0156723	0.0880839	0.182047	0.875356	-0.08138	0.0436982	0.350773	0.215482	0.0195305	-0.0459522	0.154024	0.306376	0.282959	0.215443	0.109918	0.0432132	0.0536847	0.224433	0	
0.00497147	-0.00181044	0.456777	-0.0198672	0.0154753	0.0244752	-0.0960803	0.122345	0.126678	0.00536848	0.0036015	-0.0530763	-0.000943861	-0.0241328	0.027628	0.0488997	0.182047	0.787155	-0.0532305	-0.00515049	0.340439	0.323572	0.0195305	-0.0372515	0.187965	0.456569	0.285956	0.103401	0.045199	0	0.215443	
-0.0481048	0.00143254	0.456777	0.0295511	0.0154753	0.0212322	-0.0960803	0.122345	0.0986046	0.0380718	0.0162711	-0.00497147	0.00229912	-0.0241328	0.000317173	0.0708747	0.182047	0.787155	-0.0584225	0.0390647	0.373333	0.225664	0.0227734	-0.0369339	0.330804	0.562654	0.237249	0.103401	0.028725	0.0782771	0.139545	
0.00497147	-2.26719e-05	0.442753	0.0901353	0.0409529	0.0212322	-0.107232	0.122345	0.0496094	0.0380718	-0.000894446	-0.0530763	-0.00131741	-0.00135939	0.00641825	0.0702056	0.187654	0.748039	0.197733	0.0390647	0.374789	0.239509	0.0310732	-0.0599381	0.288778	0.0101979	0.203195	0.121657	0.0619385	0.151022	-0.0381384	
-0.00216434	-2.26719e-05	0.424532	0.00394884	0.0233351	0.0212322	-0.107232	0.129481	0.0496094	-0.00646543	-0.000894446	-0.0530763	-0.00131741	-0.00135939	0.00997106	0.0346975	0.225154	0.798807	0.149683	0.018736	0.374789	0.17714	0.0310732	-0.0736346	0.34283	0.203195	0.137867	0.0475211	0.151022	
-0.00216434	-0.00310993	0.424532	0.0101418	0.0205415	0.0250578	-0.119084	0.129481	0.0589705	-0.0142975	-0.000711593	-0.0530763	-0.00113456	-0.00117653	0.0133571	0.0810811	0.228424	0.802077	0.290144	0.018736	0.161867	0.156344	0.0431084	-0.0889609	0.343013	0.208021	0.147207	0.117716	0.0377406	0.160734	0.102429	
0.00750037	-0.000489451	0.414868	0.0647826	0.0119279	0.0250578	-0.119084	0.119816	0.0589705	-0.0170145	-0.00713652	-0.0517942	-0.00452188	-0.0024586	0.021228	0.00527796	0.242706	0.942797	0.0337078	0.00204794	0.340546	0.156397	0.0431084	-0.0797507	0.336881	0.237231	0.136318	0.0390227	0.129921	0	
-0.0442938	0.00367555	0.398359	0.0381322	0.0123625	0.0250578	-0.135753	0.151695	0.0589705	-0.0105017	-0.016289	-0.00750037	-0.00452188	-0.0583559	-0.0111376	0.10022	0.238541	0.876156	0.122346	0.00552367	0.288428	0.145974	0.0558973	-0.0797507	0.359289	0.270788	0.106645	0.0390227	0.206644	
-0.0442938	0.00367555	0.396784	0.0639824	0.0461326	0.0250578	-0.135753	0.151695	0.0460388	-0.000463618	-0.0167402	-0.00750037	-0.00105671	-0.0024586	-0.0300034	0.0647359	0.238541	0.762511	0.18312	0.00426447	0.375797	0.217711	0.0558973	-0.0807068	0.389071	0.154881	0.106645	0.0390227	0.206644	
-0.0442938	0.00367555	0.396784	0.0639824	0.0283071	0.0250578	-0.132459	0.151695	0.0694032	0.000870561	-0.0167402	-0.00750037	-0.00105671	-0.0550619	0.0289097	0.0503294	0.238541	0.762511	0.272823	0.00426447	0.202485	0.173902	0.0526033	-0.0843639	0.361943	0.136614	0.0840282	0.0442005	0.197621	
-0.0442938	0.00367555	0.463115	0.123395	0.0315258	0.0250578	-0.139341	0.154941	0.0738738	-0.0244443	-0.00677444	-0.00750037	-0.00178141	-0.0626222	0.0413146	0.0510541	0.238541	0.983684	0.217665	0.0170761	0.307134	0.13118	0.0601636	-0.0760956	0.361943	0.192378	0.096589	0.0759317	0.159934	0	
-0.0442938	0.00367555	0.423405	0.0980065	0.0182422	0.0276804	-0.139341	0.154941	0.0738738	-0.0153184	-0.0230233	-0.00750037	-0.00178141	-0.0626222	0.0335572	0.0436746	0.238541	0.97803	0.156228	0.00820364	0.307134	0.13118	0.0601636	-0.0576696	0.338189	0.192378	0.096589	0.0759317	0.155598	
-0.0442938	0.00367555	0.423405	0.0980065	0.0190522	0.0276804	-0.139341	0.154504	0.0811863	0.0163347	-0.0153621	-0.00750037	-0.00178141	-0.0626222	0.0342168	0.0436746	0.238541	1.01209	0.143905	0.00820364	0.244688	0.107046	0.0601636	-0.0703892	0.396177	0.186615	0.0828574	0.0759317	0.155598	
-0.0442938	0.00367555	0.423405	0.093529	0.0190522	0.0285054	-0.138551	0.154504	0.118162	-0.00656674	0.0076186	-0.00750037	0.00194466	-0.0626222	0.0285191	0.072631	0.238541	0.756999	0.138644	0.0355428	0.273786	0.0304681	0.0601636	-0.066553	0.357027	0.217638	0.0702963	0.103534	0.163169	0.0120582	
0.0096423	0.00367555	0.338196	0.12227	0.0465673	0.0285054	-0.146732	0.169088	0.118162	-0.00656674	0.0076186	-0.0517942	-0.00816705	-0.0626222	0.0169217	0.118743	0.239636	0.390976	0.110707	0.0189888	0.352132	0.0304681	0.0601636	-0.0775585	0.357027	0.217638	0.0702963	0.103534	0.163169	0	
0.0140618	0.0013105	0.344042	0.207074	0.0174441	0.0308704	-0.156505	0.164668	0.115796	0.00176641	0.00599304	-0.0517942	0.00451007	-0.00482366	0.00282696	0.0380155	0.279474	0.381372	0.248714	0.0189888	0.539296	-0.0144698	0.0675715	-0.0657671	0.354662	0.180893	0.0840422	0.0765167	0.127939	0	
-0.039141	-0.00751278	0.34545	0.216094	0.0342528	0.0308704	-0.158902	0.166077	0.116434	0.539306	0.00787737	0.00909348	-0.0152051	0.011096	-0.00482366	0.0255194	0.0530969	0.288298	0.0157923	0.755149	0.0207937	0.0675715	-0.0657671	0.294449	0.134914	0.0709205	0.0765167	0.161928	
-0.039141	-0.00217204	0.378233	0.113141	0.00580335	0.0347165	-0.158902	0.166077	0.159627	0.533965	-0.000378386	-0.000866217	-0.0152051	-0.00383929	-0.00482366	0.02538	0.0580675	0.298112	0.0264903	0.749808	0.0124983	0.0675715	-0.0657671	0.333522	0.129574	0.0889937	0.0881227	0.126866	
-0.0429173	-0.00217204	0.406415	0.1835	0.0188596	0.0347165	-0.0837035	0.169853	0.159627	0.580691	-0.0166291	-0.0263196	-0.0114287	-0.00105691	-0.00482366	0.02538	0.115235	0.298112	0.0349893	0.749808	0.12001	0.00222256	0.151275	-0.0770734	0.378115	0.0578238	0.0889937	0.0881227	
-0.0431823	0.00343485	0.415972	0.240056	0.031542	0.0291096	-0.0772818	0.168061	0.20566	0.432636	-0.0166291	0.0217699	-0.0114287	0.00338622	0.00104824	0.0536855	0.132623	0.279132	0.00864912	0.749808	0.144596	-0.0227949	0.15046	-0.0856439	0.408454	0.104722	0.0806112	0.101	
-0.0431823	0.00670474	0.415972	0.292284	0.034933	0.0275384	-0.0783515	0.168061	0.16407	0.554367	-0.00518442	-0.00505185	-0.0515226	0.00468858	0.00235059	0.0126092	0.024822	0.277164	0.00455628	0.694768	0.12333	-0.0168575	0.0744808	-0.0843415	0.44825	0.102755	0.0745578	0.101	
-0.0433997	0.00748813	0.400918	0.235852	0.0328709	0.0275384	-0.0783515	0.168278	0.16407	0.629101	-0.0279521	-0.0141095	-0.0515226	0.00468858	0.00235059	0.0672249	0.122849	0.301211	0.0132866	0.693984	0.176806	0.0133637	0.0717692	-0.0862947	0.379567	0.0645065	0.0683876	0.096942	
-0.0433997	0.00602371	0.313098	0.223338	0.0187561	0.0235206	-0.0865686	0.168278	0.14971	0.629101	-0.0367009	-0.015574	-0.00812282	-0.00754986	0.000886175	0.0474942	0.10222	0.235927	0.00787341	0.693984	0.167483	-0.031729	0.0703048	-0.0877592	0.522278	0.117737	0.0985103	0.096942	0	
0.00812282	0.00602371	0.303411	0.199807	0.0187561	0.0288276	-0.0905637	0.168278	0.14971	0.629101	-0.0367009	0.0267677	-0.0515226	-0.00754986	0.000886175	0.079205	0.0559378	0.235927	0.00787341	0.693984	0.241343	-0.00195977	0.0703048	-0.0752365	0.522278	0.0509435	0.0985103	0.0555635	-0.0500924	
-0.0433997	0.00602371	0.359742	0.13055	0.0407022	0.0288276	-0.0817384	0.151211	0.119039	0.740424	-0.0367009	0.0267677	-0.0515226	-0.00754986	0.000886175	0.0585829	0.0840242	0.235927	0.00787341	0.587916	0.251828	-0.00195977	0.0703048	-0.0731944	0.551407	0.0739836	0.0889048	0.0555635	0	
0.0058155	0.00351454	0.36205	0.13055	0.0103799	0.0490839	-0.0842475	0.159155	0.127676	0.489388	-0.0116411	-0.0515226	-0.010059	-0.001623	0.0585829	0.0729227	0.262085	0.0125389	0.587916	0.300979	-0.0229941	0.0682888	-0.0988589	0.548898	-0.0208224	0.0739836	0.0773748	0.0198187	
-0.0457071	0.0051574	0.36205	0.13055	0.0483086	0.0694781	-0.0893742	0.159155	0.127676	0.487745	-0.0446881	-0.0515226	0.00610912	-0.001623	0.0511058	0.0256418	0.260442	0.00209498	0.673136	0.289004	-0.0208285	0.0682888	-0.10425	0.512197	-0.00622394	0.0723408	0.100982	0.0198187	
-0.0457071	0.00811383	0.433991	0.104572	0.0213978	0.0642799	-0.0842875	0.171986	0.127676	0.489908	0.00615567	-0.0515226	0.00505983	-0.001623	0.0640035	0.128541	0.217397	0.00472999	0.475708	0.355828	-0.0342472	0.0682888	-0.105212	0.517802	-0.0095099	0.0434826	0.110513	0.0199233	0	
-0.0457071	0.00819389	0.433991	0.12014	0.0312203	0.0641999	-0.158264	0.171986	0.114412	0.593532	-0.00704699	-0.0058155	0.00513989	-0.00154294	0.104381	0.103851	0.1975	0.0207058	0.350916	0.356306	-0.00522258	0.0683689	-0.106064	0.53449	-0.0297255	0.045338	0.109708	0.0257173	0	0.131313	
-0.0457071	0.0120302	0.433991	0.0632356	0.0764652	0.0603636	-0.151177	0.171986	0.129576	0.735434	-0.00225264	-0.00464954	0.00897616	0.00229333	0.062251	0.119936	0.199956	0.0285715	0.650405	0.330834	0.0235685	0.0699118	-0.0875119	0.552133	-0.0391263	0.045338	0.116994	0.0347473	0	
0.00933248	0.0120302	0.434643	0.0679016	0.0308533	0.0603636	-0.0858648	0.170996	0.12011	0.735434	-0.0107204	-0.0540501	0.00897616	0.00229333	0.089992	0.111382	0.199956	0.0200889	0.519822	0.301985	0.00652095	0.172592	-0.0938406	0.591536	-0.0227597	0.0842833	0.116994	0.0347473	0.098015	0	
0.018328	0.0120302	0.448323	0.00714778	0.0563337	0.062496	-0.0858648	0.156832	0.12011	0.735434	0.0167355	-0.0488814	0.00897616	0.0881581	0.0480773	0.096287	0.199956	0.0237992	0.519822	0.222484	0.000744017	0.172592	-0.09227	0.375674	-0.0356819	0.0558843	0.100109	0.0347473	
0.011934	0.0120302	0.512124	-0.00509085	0.0721586	0.062496	-0.0848352	0.157439	0.12011	0.735434	0.00580875	-0.0430946	0.00897616	0.00229333	0.060843	0.151153	0.19999	-0.00402163	0.564202	0.187328	-0.0122423	0.171562	-0.105594	0.273354	-0.0349002	0.0558843	0.0941511	0.0401353	0.223097	
0.00521076	0.0120302	0.518847	0.0389729	0.0781765	0.063054	-0.0870501	0.164071	0.118522	0.848638	0.0120701	-0.0430946	0.00897616	0.00229333	0.0727566	0.202251	0.19999	0.0332363	0.597481	0.292934	-0.0349746	0.173777	-0.116766	0.169698	-0.011068	0.0558843	0.0843352	0.0401353	
0.00521076	0.0120302	0.495527	0.0249797	0.0781765	0.063054	-0.0785062	0.164071	0.111267	0.861791	0.0379746	-0.0430946	0.00637935	0.00229333	0.113657	0.204848	0.19999	0.0259147	0.431851	0.242373	-0.00197363	0.192107	-0.109005	0.209117	-0.0375885	0.0630635	0.0949365	0.0401353	
0.000760314	0.0149526	0.499978	0.00825072	0.0781765	0.0601316	-0.0807995	0.168522	0.114189	0.55828	0.00834239	-0.0430946	0.00603356	0.00521575	0.0380927	0.278017	0.19999	0.0259147	0.404504	0.245295	-0.00756101	0.192107	-0.0922671	0.2441	-0.0178853	0.0672152	0.0949365	0.0219662	0	
-0.0423343	0.0149526	0.499978	0.0778128	0.036953	0.0640674	-0.0752598	0.184319	0.114189	0.55828	0.0195561	-0.0430946	0.00603356	0.00521575	0.118044	0.256731	0.19999	0.0449265	0.163633	0.245295	-0.0242654	0.190201	-0.0965793	0.200213	-0.0318971	0.0445723	0.118187	0.0387376	0.0659019	
-0.0423343	0.0149526	0.520774	0.0351453	0.0175052	0.0640674	-0.0756301	0.184319	0.128208	0.851463	0.0104368	-0.0430946	-0.000620304	0.00521575	0.117445	0.147112	0.241722	0.0114616	0.161417	0.264096	-0.0211227	0.187647	-0.0983464	0.202885	-0.0248861	0.0496126	0.0703504	0.0387376	0	
-0.0510827	0.0177065	0.479774	0.0224285	0.00590187	0.0655934	-0.0704144	0.192372	0.128208	0.915306	0.0104368	-0.0437898	-0.000620304	0.00591097	0.0933774	0.138993	0.229827	0.0197639	0.213228	0.265268	0.0326277	0.187647	-0.0895745	0.202885	-0.0164929	0.0585505	0.0924774	0.0380424	
-0.00561778	0.017226	0.479202	0.118804	0.0334328	0.0609517	-0.0708949	0.1918	0.127727	0.935291	0.00995633	-0.0448928	0.00782878	0.00543047	0.109505	0.162181	0.268553	0.0208669	0.340689	0.338819	0.0508572	0.162431	-0.0900551	0.243953	-0.0149399	0.0737688	0.0924774	0.0235874	
-0.00670276	0.017226	0.442439	0.0737934	0.0168938	0.0609517	-0.0708949	0.192885	0.0974176	0.935291	0.0343285	-0.0448928	0.00782878	0.0763253	0.095268	0.162181	0.295938	0.0255203	0.259598	0.338819	0.0428813	0.162431	-0.11209	0.243953	-0.0202404	0.0858001	0.0767228	0.0235874	-0.00265482	
-0.00670276	0.017226	0.520756	-0.00493563	0.0168938	0.0609517	-0.0708949	0.192885	0.0946121	0.629103	0.0343285	-0.0448928	0.0136138	0.0763253	0.0771849	0.149444	0.29298	-0.00805688	0.13815	0.314952	0.00620692	0.162431	-0.11209	0.203758	-0.0082609	0.0858001	0.11049	0.010744	
-0.0102792	0.017226	0.562833	-0.00706382	0.019806	0.0609517	-0.0708949	0.201476	0.0946121	0.53659	0.0343285	-0.047805	0.0136138	0.0763253	0.0369019	0.108877	0.29298	0.0113082	0.251227	0.314952	-0.0207597	0.162431	-0.111642	0.132288	-0.0145094	0.0858001	0.11049	0.0196895	0	
-0.0102792	0.0171561	0.57777	0.0566431	0.0146295	0.0651601	-0.0658026	0.201476	0.107679	0.61907	0.0279088	-0.047805	-0.000184865	0.071233	0.0342828	0.122676	0.29305	0.00997088	0.302974	0.314952	0.0132632	0.17642	-0.102547	0.132288	-0.0152096	0.0873884	0.11049	0.0298958	
-0.046851	0.0171561	0.594574	0.106712	0.0198325	0.0651601	-0.0658026	0.190243	0.107679	0.81375	0.015242	-0.0463529	-0.00217585	0.071233	0.0951269	0.124667	0.300926	0.0147263	0.179186	0.314952	0.0617922	0.17642	-0.106019	0.170761	-0.0170735	0.0581321	0.11049	0.0298958	0.155995	
0.00205926	0.0171561	0.594574	0.0532749	0.0290454	0.0651601	-0.0738434	0.190243	0.110217	0.939588	0.073173	-0.0489103	0.00922491	0.0792739	0.0805579	0.0788785	0.30218	0.0259959	0.271963	0.372857	0.0608949	0.184461	-0.100568	0.125222	-0.00928496	0.0533236	0.11049	0.0189699	
-0.046851	0.0171561	0.594574	0.0437634	0.0253419	0.0651601	-0.0738434	0.190243	0.110217	0.939588	0.0108381	-0.0489103	0.00922491	0.0792739	0.0805579	0.0412465	0.30218	0.0445825	0.271963	0.372857	0.0669785	0.184461	-0.108244	0.125222	-0.00928496	0.0650116	0.0718415	0.0331814	0.00520698	
0.00527704	0.0171561	0.571033	0.0859842	0.0195164	0.0651601	-0.0797257	0.187025	0.128314	1.0854	0.0108381	-0.0489103	0.0114925	0.0851561	0.0805579	0.165274	0.292284	0.0445825	0.490127	0.372857	0.0601625	0.200999	-0.108244	0.0301388	-0.0170904	0.136827	0.0789002	0.0117728	0.0214043	
0.00527704	0.0171561	0.502727	0.054171	0.0361343	0.0651601	-0.0776494	0.187025	0.128314	1.11966	0.0546762	-0.0489103	0.0176298	0.0830799	0.151349	0.0464207	0.292284	0.0405968	0.381339	0.372857	0.0703736	0.197556	-0.101706	0.0258306	-0.00226107	0.136827	0.11978	0.0117728	
-0.0436333	0.0171561	0.51427	0.0663308	0.0340021	0.0651601	-0.0776494	0.172909	0.0981435	1.31953	0.0408085	-0.0489103	0.0176298	0.0830799	0.186306	0.130917	0.298955	-0.00670264	0.429477	0.372857	0.0392147	0.177172	-0.0875092	0.0888243	-0.0196305	0.188897	0.0989345	0.0223548	
0.00527704	0.0171561	0.51427	0.0254997	0.0434479	0.0593907	-0.0746193	0.172909	0.10337	1.31216	0.00448087	-0.0489103	0.0176298	0.0800497	0.186306	0.107176	0.298955	0.0129439	0.487783	0.291029	0.126292	0.178239	-0.0989012	0.0515452	-0.0010898	0.188318	0.141075	0.0254498	-0.0192824	0.0407787	
-0.0436333	0.0201812	0.51427	0.0780326	0.0434479	0.0563656	-0.0715941	0.172909	0.106395	1.31216	0.0311759	-0.0489103	0.0114587	0.0800497	0.138686	0.196963	0.328338	0.0341087	0.538578	0.302825	0.140585	0.175692	-0.0952559	0.0482911	-0.00781666	0.188318	0.141075	0.00909195	0.0567604	
0.00527704	0.0201812	0.368013	0.0780326	0.0681408	0.0442512	-0.0745088	0.172909	0.106395	1.2062	0.0311759	-0.0489103	0.0114587	0.0829644	0.294366	0.154797	0.293249	0.0354579	0.538578	0.18346	0.20023	0.206314	-0.0978357	0.127052	-0.0212544	0.230462	0.0724228	0.0122406	0	0	
0.00527704	0.0228837	0.368013	0.0345335	0.0620069	0.0380025	-0.0718063	0.172909	0.13477	1.2062	0.0661252	-0.0489103	0.0141612	0.0829644	0.0967896	0.2113	0.293249	0.0286942	0.538578	0.186163	0.155219	0.206314	-0.0912322	0.136631	-0.0147524	0.197967	0.0914483	0.0122406	0	0.0111485	
0.0070601	0.022241	0.372669	0.0418243	0.0451256	0.038073	-0.0656256	0.171126	0.153042	1.19538	0.0196607	-0.0489103	0.0135184	0.076141	0.081348	0.2113	0.301216	0.0220884	0.511602	0.202488	0.167906	0.248795	-0.100248	0.135989	-0.0234691	0.197967	0.131484	0.0048433	0	0	
0.0050483	0.0211487	0.481293	0.0847854	0.0463359	0.038073	-0.0615183	0.171126	0.153042	1.26865	0.0384312	-0.0468985	0.0135184	0.0720337	0.0490448	0.158806	0.302308	0.0323169	0.512694	0.241332	0.180756	0.241952	-0.0916643	0.0630883	-0.00575373	0.16844	0.105699	0.0118183	0	0	
0.0050483	0.0211487	0.4034	0.0696393	0.0520068	0.038073	-0.0615183	0.171126	0.162419	1.36307	0.0463058	-0.0490689	0.0135184	0.0742041	0.0224352	0.160061	0.302308	0.0323169	0.42731	0.241332	0.0516513	0.241952	-0.0916643	0.0136284	-0.0275952	0.163894	0.103529	0.00265383	0	
-0.0440206	0.0211487	0.399941	0.0678864	0.039277	0.0389969	-0.0671753	0.171126	0.163329	1.36307	0.0416802	-0.047316	0.0135184	0.0798611	0.0253661	0.233381	0.315441	0.0110922	0.309232	0.229312	0.0331161	0.328395	-0.104297	0.025666	-0.0262377	0.19781	0.0708369	0.00265383	
0.00567275	0.0211487	0.397564	0.0589529	0.039277	0.0422246	-0.0671753	0.168748	0.153415	1.36307	0.0852339	-0.047316	0.0152279	0.0798611	0.0249183	0.171286	0.315441	0.0110922	0.297438	0.206661	0.0927653	0.328395	-0.109667	-0.00326309	-0.00340483	0.19781	0.0708369	0.00265383	-0.0490683	
-0.0416433	0.0211487	0.397564	0.106964	0.039277	0.0422246	-0.0671753	0.168748	0.141045	1.36307	0.0514076	-0.047316	0.0152279	0.0798611	0.0461884	0.171286	0.286832	0.0261402	0.256239	0.184537	0.0476864	0.328395	-0.10609	-0.00458644	-0.0263585	0.203131	0.108026	-0.00651869	0.0163004	
-0.0416433	0.0211487	0.493658	0.0261182	0.0356688	0.0422246	-0.0671753	0.168748	0.169114	1.40732	0.00488502	-0.047316	0.0152279	0.0798611	0.0391073	0.171286	0.286832	0.0295836	0.303516	0.225645	0.0297776	0.320128	-0.0917219	0.0487866	-0.026538	0.136009	0.0874681	-0.00275	
0.0117289	0.0216722	0.49328	0.0871815	0.0846682	0.0422246	-0.0671753	0.168748	0.143906	1.4068	0.0461791	-0.0533722	0.0152279	0.0798611	0.0604164	0.188611	0.27183	0.0226131	0.264502	0.21453	0.0358338	0.320128	-0.094939	-0.0276754	-0.0204818	0.129284	0.0730355	-0.00326482	
0.011933	0.0216722	0.392256	0.089145	0.0556188	0.0537016	-0.0671753	0.17939	0.180864	1.4068	0.0461791	-0.0535762	0.0152279	0.0798611	0.0350566	0.134823	0.27183	0.0228171	0.135713	0.208308	0.022391	0.320128	-0.0971411	0.0307872	-6.09049e-05	0.129284	0.073742	0.0074101	-0.0515768	
0.011933	0.0216722	0.392256	0.123886	0.042369	0.0537016	-0.0671753	0.17939	0.180864	1.36591	0.0552105	-0.0535762	0.0192029	0.0798611	0.0314699	0.0580203	0.27183	0.0300741	0.343338	0.216573	0.00990188	0.320128	-0.0853033	0.0169303	-0.0304851	0.141371	0.0593559	0.0108608	
0.0141715	0.024067	0.349897	0.140491	0.0186345	0.0537016	-0.0671753	0.176097	0.180864	1.1254	0.00433587	-0.0525224	0.0209586	0.0798611	0.00548615	0.0684641	0.269435	0.0350442	0.194066	0.216573	0.049932	0.320128	-0.0874076	-0.0463227	-0.0155849	0.0781595	0.0819142	0.0108608	0.162705	0.369556	
0.0103084	0.018427	0.372073	0.127742	0.0294925	0.0537016	-0.0728624	0.17996	0.180864	1.23392	0.0537452	-0.0498936	0.00586175	0.0829193	0.0156972	0.113439	0.275075	0.0104137	0.122341	0.246371	0.0768497	0.353805	-0.0861256	-0.0372109	0.00552391	0.130744	0.0847731	0.0274765	
-0.0395853	0.0180894	0.363269	0.0886513	0.0336588	0.0540392	-0.0732	0.17996	0.200187	0.977509	0.0059915	-0.0498936	0.0117013	0.0829193	0.0507726	0.107262	0.237189	0.00500274	0.0257757	0.256271	0.0249783	0.336522	-0.0845448	-0.0566028	0.00552391	0.118726	0.119754	0.0232593	0	0	
-0.0378509	0.0185229	0.337159	0.105762	0.04209	0.0536058	-0.0727665	0.155481	0.192983	0.977509	0.0101324	-0.0498936	0.0121348	0.0829193	0.0589717	0.123717	0.237189	0.00672164	0.145191	0.199791	0.0157715	0.336522	-0.0473314	-0.0317678	-0.027572	0.141874	0.119754	0.0232593	0	0	
-0.0492218	0.0185229	0.403794	0.0923166	0.045081	0.050643	-0.0727665	0.165216	0.176848	0.977509	0.00337492	-0.00361318	0.0121348	0.0858607	0.0887646	0.070432	0.237189	-0.000216179	0.0360704	0.201047	0.010393	0.336522	-0.067124	0.0561011	-0.0119111	0.141874	0.138806	0.020318	-0.0130289	
-0.0492218	0.0185229	0.403794	0.140333	0.0728657	0.050643	-0.0727665	0.165216	0.219852	0.977509	0.00337492	-0.00829992	0.0121348	0.0858607	0.11906	0.10272	0.221741	0.00553664	0.0933448	0.262892	0.0794994	0.336522	-0.0591539	0.109979	-0.00722432	0.104991	0.149349	0.0308237	
-0.0492218	0.0185229	0.35566	0.125025	0.0814047	0.0555387	-0.0728934	0.167217	0.22152	0.977509	0.0283651	-0.0507523	0.00703759	0.0859875	0.0442841	0.0285673	0.221741	0.0119018	0.058722	0.262892	0.0683599	0.336649	-0.0606892	0.0478654	-0.010927	0.123811	0.149349	0.0184961	-0.111772	0	0.168747	
0.00153054	0.019009	0.441118	0.0170787	0.0929421	0.0507493	-0.0724072	0.167217	0.202596	0.896378	0.0165213	-0.0521698	0.00752376	0.087405	0.0420336	0.108694	0.221741	0.0119018	0.158896	0.272202	-0.00124765	0.349317	-0.0566407	0.0562982	-0.010927	0.146805	0.147932	-0.0205409	
0.00153054	0.019009	0.357171	0.0236254	0.239928	0.0929421	0.0606995	-0.0710225	0.167217	0.189354	0.962763	0.0269903	-0.0456231	0.00752376	0.0794737	0.0566907	0.0482095	0.221741	0.0219638	0.326339	0.271508	0.000298054	0.347932	-0.0728141	0.0542805	-0.010927	0.110179	0.108139	0.0494823	0.0566632	
0.00801026	0.0171742	0.436451	0.0259401	0.314086	0.0994219	0.0566302	-0.0710225	0.167217	0.207551	0.95794	0.017132	-0.0521028	0.00752376	0.0794737	0.0758543	0.0422569	0.149879	0.0284435	0.135556	0.271373	0.0190488	0.374703	-0.07326	0.0438125	0.0200187	0.169644	0.10932	0	
0.00895517	0.0171742	0.435506	0.0259401	0.339378	0.0994219	0.0622971	-0.072733	0.166272	0.207551	0.601313	0.0120388	-0.0521028	0.00752376	0.0811842	0.109554	0.0965913	0.149879	0.0634035	0.124388	0.271373	0.00870448	0.347784	-0.0819755	-0.0230991	0.0103749	0.16533	0.071648	
-0.0414621	0.0171742	0.505314	0.0259401	0.253676	0.0994219	0.0638155	-0.072733	0.164586	0.207551	0.488812	-0.000498343	-0.0521028	0.00459586	0.0811842	0.0861081	0.0659557	0.149879	0.0634035	0.124388	0.311936	0.0442112	0.380457	-0.0822847	0.00788598	0.0103749	0.187256	0.0988622	0	-0.0179954	
-0.0414621	0.0171742	0.505314	0.0259401	0.253676	0.0970223	0.0588485	-0.072733	0.164586	0.207551	0.488812	-0.00775929	-0.0106407	0.0216338	0.0811842	0.0472383	0.0188203	0.160627	0.0374058	0.124388	0.320599	0.0214648	0.395101	-0.0975571	-0.0504578	0.0230416	0.209114	0.116553	
-0.0414621	0.0171742	0.543512	0.0259401	0.253676	0.0965423	0.0626848	-0.072733	0.164586	0.207551	0.709786	0.0311481	-0.0106407	0.0105411	0.0811842	0.13401	0.0933987	0.151327	0.0186443	0.124388	0.286519	0.0674027	0.395101	-0.0919572	-0.0181166	0.00308347	0.158567	0.116553	0	
-0.0411545	0.0135428	0.479826	0.0307092	0.253984	0.104423	0.0626848	-0.0713657	0.1718	0.207551	0.786013	0.00136333	-0.00652212	0.0105411	0.0795092	0.0905769	0.0369069	0.154958	0.0151925	0.150409	0.325078	0.0317239	0.413503	-0.0983802	0.010247	-0.0202863	0.162199	0.126474	-0.0499555	
-0.0411545	0.0162954	0.479826	0.0248185	0.253984	0.110522	0.0566711	-0.0713657	0.1718	0.207551	0.678186	0.023878	-0.053776	0.0105411	0.0795092	0.0634746	0.119248	0.152437	0.0325133	0.147656	0.197538	0.030413	0.409915	-0.0975216	0.0165953	-0.018744	0.163439	0.107034	
-0.0464839	0.0228646	0.486676	0.0248185	0.265399	0.104551	0.0593731	-0.069245	0.17713	0.209672	0.673737	0.0121329	-0.00729213	0.0131019	0.0795092	0.13847	0.117872	0.147988	0.023738	0.157718	0.199658	0.00430846	0.409915	-0.0977089	0.0187161	-0.0217081	0.15899	0.107034	-0.000440034	
-0.0380579	0.0228646	0.462717	0.0135213	0.296562	0.104551	0.0593731	-0.069245	0.168704	0.209672	0.673737	0.00735109	-0.0157181	0.0185925	0.0795092	0.127899	0.0938588	0.147988	0.0284249	0.206853	0.223613	-0.000961015	0.45134	-0.0837439	-0.0107435	-0.0308834	0.15899	0.107034	0	
-0.0380579	0.0228646	0.550359	0.028484	0.296562	0.104551	0.0593731	-0.069245	0.168704	0.209672	0.673737	0.0153051	-0.053776	0.0204603	0.0795092	0.110927	0.115758	0.147988	0.0284249	0.216878	0.219744	0.0349461	0.48953	-0.0892789	0.00587861	-0.017826	0.15899	0.159216	
0.0157181	0.0228646	0.475189	0.028484	0.275115	0.109738	0.0619889	-0.0667122	0.167551	0.209672	0.529034	0.0153051	-0.053776	0.0204603	0.0769765	0.110927	0.0651874	0.147988	0.0284249	0.283215	0.219744	0.0510236	0.436268	-0.0825375	0.0372098	-0.00797688	0.154122	0.159216	-0.0370532	
0.0157181	0.0228646	0.443746	0.0486415	0.270643	0.122743	0.0619889	-0.0697369	0.167551	0.209672	0.541098	0.046802	-0.053776	0.0127476	0.0800012	0.110927	0.0613195	0.122504	0.0522864	0.2374	0.234245	0.0548923	0.439292	-0.0907816	0.174765	-0.0151295	0.164059	0.119229	
0.0157181	0.0226148	0.385687	0.0486415	0.270643	0.122743	0.0622387	-0.071917	0.167551	0.209422	0.609544	0.0465522	-0.053776	0.0124978	0.0819315	0.219896	0.176177	0.0886956	0.0963759	0.203751	0.179745	0.0310724	0.444135	-0.10369	0.266314	-0.0151295	0.161703	0.119229	
0.0118051	0.0268753	0.413944	0.0486415	0.244247	0.122743	0.0609365	-0.071917	0.160876	0.209422	0.605283	-0.00731878	-0.053776	0.00849923	0.0819315	0.165993	0.0598203	0.0844351	0.09291	0.100371	0.180123	0.0279307	0.444135	-0.0927085	0.20083	-0.00979254	0.168813	0.119229	-0.0272726	
0.0118236	0.0268753	0.369458	0.0266186	0.268714	0.122761	0.0609365	-0.071917	0.160876	0.202579	0.48067	-0.0159254	-0.0537945	0.00849923	0.0819315	0.0935716	0.126765	0.0597472	0.0597669	0.0608169	0.159841	0.00133859	0.444135	-0.0738929	0.254047	-0.00570508	0.144366	0.119229	
0.010632	0.0282836	0.4302	0.025474	0.27105	0.11695	0.0514345	-0.0751764	0.143925	0.202579	0.412256	0.0149528	-0.0514578	0.00807289	0.0828542	0.166974	0.103609	0.110813	0.159841	0.00133859	0.0720447	0.447395	-0.0827576	0.222145	-0.0239349	0.142958	0.121566	
0.0113937	0.0282836	0.428221	0.025474	0.27105	0.11695	0.0514345	-0.0751764	0.143163	0.202579	0.519186	0.0723631	-0.0514578	0.0123692	0.0828542	0.0898128	0.122007	0.10338	0.159841	0.0230469	0.0312036	0.425958	-0.0829479	0.222145	-0.0324802	0.114521	0.121566	0	
0.0113937	0.0339976	0.331202	0.0286602	0.27105	0.11695	0.0585653	-0.0743273	0.108183	0.202579	0.643218	0.0366957	-0.0514578	0.0123692	0.0820051	0.0973623	0.0951649	0.0976664	0.237446	0.0245923	0.125979	0.437839	-0.0615626	0.25976	-0.00808962	0.108807	0.121566	
0.0196337	0.0339976	0.361712	0.0286602	0.27105	0.119467	0.0586131	-0.0743273	0.0999428	0.202579	0.643218	-0.0176909	-0.0514578	0.0123692	0.0820051	0.0908074	0.0951649	0.0976664	0.237446	0.0409193	0.106296	0.437839	-0.091362	0.230428	-0.0209972	0.146254	0.121566	0.0127356	-0.04378	0	
-0.0318241	0.0382959	0.361712	0.0236181	0.27105	0.114747	0.0543148	-0.070029	0.0999428	0.206878	0.643218	0.00112069	-0.0485496	0.0144447	0.0820051	0.127184	0.0973877	0.0748925	0.289715	0.0049539	0.106296	0.437839	-0.0929591	0.28294	-0.0264918	0.149235	0.146669	0.0330022	0	-0.0311348	0	
-0.0427541	0.0382959	0.372642	0.0347029	0.267035	0.116491	0.0519373	-0.070029	0.114488	0.206878	0.42443	0.0400773	-0.0485496	0.0144447	0.0820051	0.150518	0.0973877	0.0804838	0.270591	0.0049539	0.167094	0.437839	-0.0799203	0.264296	-0.0228416	0.149235	0.129187	-0.0111313	0.0402194	
0.00579555	0.0382959	0.372642	0.00533348	0.256588	0.116491	0.0519373	-0.070029	0.114488	0.206878	0.705207	0.0148347	-0.048441	0.0144447	0.0818964	0.16396	0.107569	0.106582	0.270591	0.0203969	0.0980139	0.437839	-0.0869574	0.264296	-0.0335343	0.232045	0.103943	-0.0139352	
0.00579555	0.0382959	0.36295	0.0155359	0.295734	0.116491	0.0468887	-0.070029	0.114488	0.194534	0.705207	0.0330922	-0.0458189	0.0144447	0.0792743	0.180364	0.0662595	0.107934	0.270591	0.0293283	0.0358482	0.446672	-0.091105	0.317819	-0.0222085	0.210901	0.119242	
-0.0400233	0.0492207	0.395474	0.0155359	0.295734	0.116491	0.0398448	-0.0713092	0.114488	0.194534	0.622787	0.0330922	-0.00579555	0.0144447	0.0805545	0.180319	0.0893164	0.0832227	0.229983	0.0344728	0.0935621	0.441513	-0.0779421	0.25762	-0.0222085	0.199977	0.108707	
-0.0400233	0.0492207	0.418527	0.0367112	0.295734	0.116446	0.0398448	-0.0713092	0.0905279	0.194534	0.622787	0.035107	-0.0499918	0.0144447	0.0805545	0.102	0.0394514	0.113185	0.229983	0.0439663	0.0725595	0.461789	-0.0828706	0.248855	-0.0182123	0.199977	0.131584	0.130902	
-0.0395766	0.0408423	0.418527	0.0399489	0.287034	0.116446	0.0412082	-0.0734208	0.0905279	0.194151	0.630783	0.0430994	-0.0495451	0.014062	0.0818368	0.156017	0.0743796	0.0950328	0.215714	0.0482379	0.100164	0.424545	-0.0883368	0.330245	-0.019969	0.253155	0.12358	0	
0.0099685	0.0408423	0.467634	0.00284594	0.289894	0.118765	0.0498348	-0.0734208	0.0905279	0.24147	0.327211	0.0772493	-0.0495451	0.0204538	0.0818368	0.185701	0.0718684	0.0782141	0.215714	0.0671336	0.160366	0.424545	-0.0895873	0.243007	-0.00455527	0.220155	0.12358	
0.0105708	0.0408423	0.41866	6.79268e-05	0.289894	0.119367	0.048729	-0.0734208	0.0938742	0.24147	0.327211	0.0840395	-0.0501474	0.0204538	0.0818368	0.181253	0.0913442	0.0872609	0.213297	0.168772	0.132181	0.424545	-0.0895873	0.202942	0.00651742	0.220155	0.12358	0.0249525	0.0293843	
0.0107633	0.0408423	0.418468	6.79268e-05	0.289894	0.139324	0.048729	-0.0734208	0.0980367	0.24147	0.344751	0.0529295	-0.0501474	0.0204538	0.0818368	0.189373	0.142843	0.0844845	0.137429	0.168772	0.0500254	0.424545	-0.0913312	0.221542	-0.0086512	0.220155	0.12358	-0.0281061	0.0600653	0	0.0293928	
0.0107633	0.0408423	0.451286	6.79268e-05	0.289894	0.139324	0.048729	-0.0734208	0.0980367	0.22944	0.428048	0.0962507	-0.0501474	0.0232175	0.0818368	0.187633	0.0568754	0.0844845	0.176274	0.176715	0.202306	0.450025	-0.0743983	0.127839	-0.0086512	0.223824	0.12358	0.0572713	
0.00893834	0.0408423	0.487416	0.0124886	0.289894	0.137499	0.048729	-0.0751014	0.0980367	0.22944	0.23202	0.037341	-0.0483225	0.0144538	0.0835174	0.218293	0.0394297	0.0848781	0.179801	0.13743	0.0928205	0.451706	-0.067348	0.167362	-0.00933531	0.12358	0.238606	
-0.0334897	0.0430465	0.481522	0.0179077	0.283888	0.157881	0.0543859	-0.0744297	0.0921423	0.210824	0.434861	0.0366106	-0.0483225	0.0115108	0.0771886	0.22756	0.0281915	0.070249	0.208792	0.132319	0.261316	0.435881	-0.083307	0.155085	-0.0181728	0.238606	0.131122	
-0.0312321	0.0430465	0.412466	0.0145958	0.283888	0.141375	0.0451161	-0.0725785	0.0898847	0.210824	0.176492	-0.0126839	-0.0170903	0.0115108	0.0753374	0.225987	0.0594488	0.070249	0.205118	0.120267	0.261316	0.429146	-0.0616998	0.153096	-0.00676668	0.106397	0.113362	
-0.0312321	0.0368774	0.378425	0.00738462	0.283888	0.130726	0.0509133	-0.0714341	0.0938998	0.158098	0.134872	0.0319701	-0.0170903	0.0115108	0.074193	0.211755	0.114633	0.0778322	0.195943	0.159833	0.120985	0.4249	-0.060126	0.0844866	-0.00780336	0.117052	0.121342	
-0.0312321	0.0429717	0.378425	0.0122182	0.25679	0.122002	0.0448191	-0.0584762	0.0938998	0.164192	0.110533	0.0118286	-0.015699	0.0176051	0.0673294	0.211755	0.0171908	0.0778322	0.233947	0.125961	0.164312	0.415037	-0.0540317	0.165445	0.000305302	0.139637	0.121342	
-0.0312321	0.0379235	0.378425	0.0122182	0.25679	0.119529	0.0564407	-0.0634298	0.0938998	0.159144	0.177397	0.0309056	-0.0444577	0.00746262	0.0672348	0.211755	0.040378	0.0778322	0.175798	0.119938	0.188117	0.436481	-0.0648876	0.218348	0.00234718	0.137159	0.0917851	-0.00352113	
-0.0344343	0.0383205	0.374169	0.0187976	0.21452	0.13922	0.0564407	-0.0646573	0.0971019	0.159144	0.177	0.0305909	-0.0444577	0.00746262	0.0684623	0.213569	0.040378	0.0679484	0.110133	0.0683915	0.111912	0.437709	-0.055835	0.176237	-0.00507566	0.092792	0.0917851	0	0.082047	
-0.0344343	0.0383205	0.394082	0.0185924	0.190543	0.137277	0.0473543	-0.0646573	0.0971019	0.159144	0.0992691	0.060426	-0.0444577	0.0145267	0.0684623	0.242427	0.102101	0.0679484	0.229609	-0.00520643	0.154172	0.41189	-0.0715388	0.232586	-0.00507566	0.103523	0.101929	0.128429	
-0.0344343	0.0383205	0.405643	0.0313429	0.230834	0.130318	0.0578304	-0.0668878	0.0971019	0.130826	0.0863435	0.0605667	-0.0444577	0.0145267	0.0706928	0.311282	0.11877	0.0997131	0.0725447	-0.00520643	0.146971	0.392424	-0.0756753	0.151545	-0.00988573	0.00620925	0.101929	-0.0433136	
-0.039253	0.0383205	0.410462	0.00828213	0.230834	0.130318	0.0578304	-0.0700478	0.101921	0.130826	0.379984	0.0367007	-0.00520469	0.00387746	0.0738528	0.311282	0.0945505	0.0361403	0.108432	-0.0415444	0.140362	0.437233	-0.0657933	0.158044	-0.00258572	0.00620925	0.101638	-0.0599248	
-0.0387652	0.0383205	0.409974	0.00828213	0.230834	0.130888	0.0578304	-0.0708157	0.101433	0.130449	0.202182	0.00900039	-0.00626231	0.00387746	0.0746207	0.311282	0.0179931	0.0361403	0.119841	-0.020457	0.140362	0.438	-0.0657933	0.142432	-0.00201588	0.0783312	0.101638	0	
0.00626231	0.0387467	0.393205	0.0105141	0.236259	0.0868879	0.0543689	-0.0694175	0.0993267	0.159119	0.289015	0.0492998	-0.0396183	0.00387746	0.0678133	0.215144	0.0782613	0.0237006	0.11541	0.0372126	0.265098	0.466564	-0.0752466	0.187572	0.006332	0.0587275	0.0771634	0.00274764	0.0196386	
0.00898477	0.0387467	0.438248	0.00684709	0.23764	0.0896103	0.0444763	-0.0694175	0.099014	0.159119	0.289015	0.110237	-0.0423408	0.00387746	0.0678133	0.297117	0.0183199	0.0481398	0.153697	-0.00579066	0.265098	0.466564	-0.0870809	0.194407	-0.00934622	0.0653286	0.144287	0.0117022	
0.0137341	0.0420481	0.433499	0.013532	0.24343	0.082314	0.0411749	-0.0630949	0.118975	0.162421	0.601612	0.0301969	-0.0423408	0.00504562	0.064792	0.275513	0.0573372	0.0481398	0.135889	-0.0251048	0.141937	0.463543	-0.0874823	0.194239	-0.00823519	0.0499106	0.109818	0	
-0.0296075	0.0420481	0.454464	0.0207712	0.24343	0.0917644	0.0411749	-0.0630949	0.112157	0.154948	0.741463	0.0796492	-0.0127332	0.00504562	0.064792	0.275513	0.113278	0.0426788	0.08775	0.0186515	0.0888029	0.463543	-0.0864376	0.216584	-0.0146932	0.0299672	0.121478	-0.0174097	0.0303978	
0.0127332	0.0453618	0.45431	0.0191031	0.285297	0.094174	0.0372182	-0.0630949	0.10378	0.154621	0.745226	0.0796492	-0.0423408	0.0169797	0.064792	0.2722	0.132143	0.0277783	0.124194	0.0145013	0.114215	0.463543	-0.0739406	0.125416	-0.0215778	0.0528163	0.139269	-0.0433551	0.0864937	0.00116645	0	0	
0.0127332	0.0412075	0.45997	0.0191031	0.285297	0.0958666	0.0372182	-0.0605585	0.11315	0.154621	1.04286	-0.00708443	-0.0423408	0.00732223	0.0622557	0.276354	0.0454279	0.0494801	0.172105	0.0169874	0.175781	0.461006	-0.0755345	0.117981	-0.0253502	0.0398329	0.137144	0.0701749	
0.0197567	0.0440004	0.416775	0.0191031	0.220492	0.108023	0.0372182	-0.0605585	0.110748	0.154621	0.967257	0.0334313	-0.0423408	0.00732223	0.0622557	0.273561	0.133888	0.0466872	0.12306	0.0166812	0.197332	0.465426	-0.0764926	0.172584	-0.0396228	0.0892112	0.137144	0.0607005	0.0623458	
0.0197567	0.0440004	0.474128	0.0326221	0.232809	0.108023	0.0401321	-0.0623626	0.135183	0.158862	0.824765	0.00502694	-0.0423408	0.00732223	0.0640598	0.268444	0.13022	0.0206048	0.104366	-0.0195838	0.216956	0.46723	-0.0735205	0.0864653	-0.0396228	0.107738	0.113496	0.051476	0.0473007	
0.0160518	0.03416	0.474128	0.0326221	0.232809	0.0860429	0.0401321	-0.0623626	0.135183	0.158862	0.765567	0.021802	-0.0386359	0.00732223	0.0640598	0.207375	0.101013	0.0304453	0.158115	-0.00143164	0.113132	0.46723	-0.0735205	0.0866914	-0.0433277	0.0333257	0.111221	0.051476	0	
0.0138171	0.0347028	0.476362	0.0326221	0.234159	0.104848	0.0395893	-0.0565157	0.132095	0.124419	0.836447	0.0223449	-0.0386359	0.00786506	0.0587557	0.174538	0.188876	0.0304453	0.190132	0.0134756	0.0555037	0.461926	-0.0729777	0.0240601	-0.0278621	0.045306	0.113591	0.0537106	0	0.0234628	0.0230521	
0.0138171	0.0347028	0.370819	0.0399008	0.234159	0.103774	0.0395893	-0.0529143	0.101695	0.124419	0.946901	0.0223449	-0.0386359	0.0153737	0.0551543	0.174538	0.143148	0.0304453	0.190132	0.0186286	0.049841	0.458324	-0.0840989	0.0700182	-0.0244836	0.0430162	0.113591	0.0537106	
0.0138171	0.0304818	0.370819	0.0170154	0.234159	0.104977	0.0378548	-0.0511798	0.0966862	0.126153	0.742482	0.0239423	-0.0386359	0.0171082	0.0551543	0.151982	0.0778155	0.0364006	0.118723	0.00836652	0.0628109	0.458324	-0.0827186	0.0144021	-0.0380575	0.00967974	0.113591	0.0675914	0	
0.0138171	0.0304818	0.459224	0.0094561	0.234159	0.104977	0.0359427	-0.0511798	0.0966862	0.121931	0.549624	0.0239423	-0.0386359	0.0171082	0.0551543	0.151982	0.156749	0.0364006	0.224037	0.05442	0.0171224	0.458324	-0.0832009	0.0144021	-0.0186016	0.00688615	0.113591	0.0437625	
0.0138171	0.0304504	0.446307	0.0348076	0.224875	0.102438	0.0438136	-0.0513133	0.0966862	0.121931	0.394547	0.0432368	-0.0386359	0.0171082	0.0552878	0.152013	0.226097	0.0364321	0.236461	0.0229732	0.0894339	0.458458	-0.0829287	0.0208135	-0.0186016	0.023019	0.164288	0.080284	0	0	
0.0138171	0.0304504	0.341474	0.0255459	0.227594	0.0950574	0.0363512	-0.0513133	0.0966862	0.155576	0.234019	0.0549264	-0.0359166	0.013991	0.0525685	0.172988	0.111068	0.0530595	0.217079	0.0751006	0.0893495	0.458458	-0.0675132	0.0531756	-0.0227285	0.0540317	0.150778	0.0234416	-0.0541654	
-0.0241891	0.0304504	0.371542	0.0234563	0.225504	0.0950574	0.0363512	-0.0513133	0.0966862	0.155576	0.460732	0.0584136	-0.0380062	0.013991	0.0546581	0.0946771	0.23175	0.042294	0.212457	0.0289545	0.100272	0.42081	-0.0750467	0.029757	-0.0260469	0.134459	0.134163	0.0496892	-0.000859743	
0.0137563	0.0210031	0.371542	0.0231027	0.225504	0.104034	0.0350218	-0.052189	0.0966862	0.155576	0.360011	0.0421694	-0.0379454	0.0167611	0.0555338	0.0672307	0.22898	0.0517413	0.161107	0.0477675	0.109719	0.421686	-0.0747802	0.00279698	-0.0263693	0.175314	0.0890025	0.0471962	
0.0118149	0.0210031	0.346963	0.0260813	0.228483	0.104034	0.0350218	-0.052189	0.0986276	0.146982	0.261431	0.0421694	-0.0349668	0.0167611	0.0525551	0.0967709	0.22898	0.0517413	0.202518	0.0207098	0.214582	0.421686	-0.072227	0.0957748	-0.0204879	0.101898	0.115501	0.0619744	-0.00144009	
0.0118149	0.0162463	0.346963	0.0373306	0.228576	0.104034	0.0350218	-0.052189	0.103797	0.154893	0.35591	0.037591	-0.0348736	0.0167611	0.052462	0.0995995	0.0623234	0.056498	0.16642	0.0393098	0.138556	0.477992	-0.0701236	0.109192	-0.0313031	0.190748	0.0956258	0.05123	0.0196995	
0.0118149	0.0162463	0.326672	0.0312784	0.228576	0.104034	0.0370665	-0.052189	0.103797	0.154893	0.241113	0.0416683	-0.0348736	0.0167611	0.052462	0.127494	0.0350509	0.0683815	0.211372	0.0166503	0.178776	0.477992	-0.0532917	0.0535903	-0.0266241	0.12385	0.0956258	0.05123	-0.0148131	
0.0118149	0.0162463	0.326672	0.0344022	0.228576	0.124502	0.0370665	-0.0530213	0.103797	0.126719	0.412753	0.0531056	-0.0348736	0.0169312	0.0532943	0.116941	0.0794999	0.0683815	0.22909	0.0519859	0.133968	0.478825	-0.0282527	0.054275	-0.0112359	0.079376	0.095445	0.05123	
0.0118149	0.0140521	0.385294	0.05808	0.24907	0.120918	0.0345202	-0.0552155	0.0996753	0.136374	0.499972	0.0624149	-0.037757	0.0209404	0.000962127	0.116941	0.149276	0.0683815	0.126878	0.0477738	0.330618	0.478825	-0.0304469	0.023653	-0.0307134	0.0798269	0.0997518	0.0729572	0	-0.0222374	
0.0118149	0.0145265	0.318915	0.0344478	0.24765	0.120597	0.0340459	-0.0547412	0.0996753	0.136848	0.463557	0.0395354	-0.0391767	0.0214148	0.00285621	0.114458	0.124847	0.0683815	0.10626	0.0419819	0.284212	0.478825	-0.0297597	0.0241273	-0.0128438	0.107981	0.121879	0.0559919	-0.0198571	-0.0558369	0.0248481	
0.0118149	0.0178626	0.342027	0.0344478	0.249228	0.120597	0.0307839	-0.0514792	0.0938127	0.160015	0.313379	0.0410857	-0.0391767	0.0246768	0.00611825	0.114384	0.124847	0.0683074	0.104919	0.10049	0.384663	0.478825	0.00417615	-0.00701595	-0.0191597	0.0779673	0.121761	0.0341918	0.0249715	-0.016887	0.0294512	
-0.0257703	0.0185381	0.340436	0.00489567	0.226886	0.120597	0.0339462	-0.0577022	0.0922211	0.160015	0.23523	0.0436538	-0.0391767	0.0246768	0.00611825	0.0625708	0.0730304	0.0512257	0.175117	0.0617921	0.48519	0.485048	-0.0138835	0.0320566	-0.025016	0.0906436	0.126947	0.0528859	
-0.0178136	0.0132758	0.334457	0.00489567	0.226886	0.0994674	0.0392085	-0.0646853	0.0829256	0.154753	0.383386	0.0450248	-0.0391767	0.0194145	0.000855974	0.171698	0.119049	0.047829	0.131577	0.0244465	0.48519	0.42251	-0.0442114	0.0214171	-0.0357278	0.183032	0.11289	-0.0317655	
-0.0109365	0.0132758	0.339794	0.0281824	0.226886	0.0994674	0.0392085	-0.0592455	0.0726629	0.154753	0.173507	0.0562731	-0.0391767	0.0194145	0.0601015	0.171698	0.00783548	0.0517195	0.131577	0.0148639	0.417695	0.41707	-0.0560857	0.0562178	-0.0185837	0.168082	0.11289	-0.115818	
0.0261274	0.0132758	0.341907	0.0281824	0.188988	0.110091	0.0392085	-0.0468879	0.0760046	0.154753	0.368717	0.0833143	-0.0391767	0.00955593	0.0477438	0.171698	0.104323	0.0623966	0.193506	0.0187623	0.320766	0.395637	-0.0560857	0.107331	-0.0185837	0.0580663	0.11289	
0.0256079	0.0132758	0.367729	0.0242092	0.188988	0.110463	0.0304333	-0.0468879	0.0702111	0.154753	0.912132	0.0978509	-0.0386573	0.010298	0.0477438	0.175006	0.0877154	0.0519456	0.179484	0.0503438	0.287265	0.395637	-0.0560857	0.0338982	-0.037238	0.036849	0.11289	
0.0256079	0.0132758	0.344185	0.0408754	0.205574	0.110463	0.0444733	-0.0468879	0.0702111	0.154753	0.351231	0.0689718	-0.0386573	0.0160393	0.0477438	0.156917	0.0873149	0.0519456	0.176478	0.0860479	0.287791	0.395622	-0.0560857	0.0826137	-0.0307454	0.0807216	0.11289	-0.0584428	0.0275114	0	
0.0256079	0.0158055	0.344185	0.0405113	0.183861	0.110463	0.0415407	-0.0443582	0.0800924	0.157282	0.16149	0.070089	-0.0390215	0.0185689	0.048108	0.156917	0.0717652	0.0511704	0.179008	0.00997218	0.287791	0.395622	-0.0484044	0.0591918	-0.0109237	0.0189321	0.169325	0	0	0.00884242	
0.0249832	0.0183839	0.355441	0.0405434	0.183893	0.110463	0.0389622	-0.0394438	0.0807171	0.182824	0.109405	0.123239	-0.0389893	0.0211474	0.0457398	0.156917	0.167724	0.0177966	0.181586	-0.0156707	0.287791	0.383008	-0.0527545	0.0670227	-0.0249769	0.00743058	0.169357	
0.0249832	0.0183839	0.364672	0.0405434	0.183893	0.110463	0.0389622	-0.0394438	0.0807171	0.210449	0.3038	0.163046	-0.0389893	0.0211474	0.0457398	0.177056	0.0968755	0.0177966	0.168779	-0.0220635	0.280692	0.383008	-0.0611734	0.0505851	-0.0272262	0.0446461	0.156171	0	
0.0249832	0.0239697	0.265065	0.0508152	0.183893	0.110463	0.0349796	-0.0394438	0.0864885	0.210449	0.488583	0.177264	-0.0389893	0.0140241	0.0457398	0.17147	0.128436	0.0122109	0.168779	-0.0219125	0.502655	0.383008	-0.0749922	0.0409726	-0.0203407	0.0744877	0.156171	0	
0.0249832	0.0249542	0.417574	0.0508152	0.20282	0.116402	0.0349796	-0.0394438	0.0864885	0.221012	0.18681	0.163458	-0.0389893	0.0170297	0.0457398	0.170485	0.12543	-0.00298665	0.168779	-0.024599	0.403962	0.383008	-0.0723934	0.0733826	-0.00405714	0.038176	0.115542	0	-0.0788557	
0.0278646	0.0249542	0.293169	0.0231067	0.20282	0.102128	0.0349796	-0.0413892	0.0955876	0.241809	-0.0156309	0.100265	-0.0389893	0.0170297	0.0476853	0.170485	0.0707646	0.0514792	0.161081	0.00526235	0.309974	0.406317	-0.0822917	0.0201708	0.00786095	0.0508501	0.11672	
0.0278646	0.0235682	0.293169	0.0157627	0.208858	0.106174	0.0349796	-0.0413892	0.0955876	0.241809	0.145683	0.123639	-0.0389893	0.0170297	0.0476853	0.212206	0.0780945	0.0402854	0.161081	-0.00124606	0.31136	0.406317	-0.0881255	0.0312424	0.00996068	0.0421914	0.11672	
-0.00717441	0.0235682	0.393656	0.0110172	0.208858	0.10212	0.0224703	-0.0448461	0.0908895	0.230096	0.126677	0.111474	-0.0336427	0.0240161	0.0511422	0.189824	0.0648546	0.0402854	0.14916	0.0340974	0.226129	0.409774	-0.0779424	0.149482	0.00461407	0.0380516	0.093666	0	0	
-0.0143851	0.0183034	0.350966	0.0110172	0.203248	0.10212	0.027735	-0.0501109	0.105296	0.224831	0.233024	0.0369581	-0.0336427	0.0142222	0.0511422	0.18182	0.122892	0.042762	0.143895	0.00333655	0.206869	0.398602	-0.0948702	0.0860596	0.00258015	0.0589042	0.093666	
0.0192576	0.0107954	0.350966	0.0110172	0.203248	0.10212	0.0390095	-0.0576189	0.115583	0.217323	0.104841	0.0294501	-0.0336427	0.00395847	0.0511422	0.18182	0.0996052	0.0578541	0.132186	-0.00650493	0.317574	0.398602	-0.0770609	0.0704463	0.0166737	0.0793765	0.093666	-0.00103426	
0.0192576	0.0107954	0.350966	0.0110172	0.219745	0.10212	0.0390095	-0.0571551	0.118148	0.219618	0.1454	0.0272336	-0.0336427	0.00661974	0.0506785	0.231641	0.0408487	0.00337748	0.129174	-0.0100348	0.336051	0.379398	-0.0770328	0.0623094	0.0166737	0.0729315	0.129312	0.0191341	0.0685297	
0.00723283	0.0107954	0.362991	0.0435431	0.219745	0.10212	0.0390095	-0.0553158	0.130173	0.219618	0.131413	0.0190616	-0.0336427	0.00661974	0.0488391	0.1881	0.101489	0.000570022	0.132499	0.0847508	0.386723	0.338001	-0.0681178	0.161443	-0.00442525	0.0883058	0.181268	
0.00898358	0.0107954	0.36944	0.0370451	0.234266	0.103677	0.0390095	-0.0553158	0.128422	0.213533	0.239934	-0.00236541	-0.0336427	0.00661974	0.0488391	0.1881	0.0615755	0.005321	0.161681	0.0868724	0.386723	0.352503	-0.0681178	0.152781	0.00202168	0.0281269	0.114896	
0.00898358	0.0107954	0.329263	0.0197703	0.234266	0.102365	0.0337428	-0.0553158	0.128422	0.235522	0.174637	0.0298979	-0.0336427	0.00661974	0.0488391	0.104122	0.0505107	0.00795598	0.144364	0.00364562	0.181309	0.352503	-0.0719263	0.121854	-0.0137215	0.0540892	0.150845	0	0	
0.00849352	0.0093685	0.323581	0.0222626	0.234266	0.101875	0.0373499	-0.061217	0.128422	0.235522	0.215266	-0.00817843	-0.0331526	0.00280618	0.0547403	0.105548	0.0936414	0.00938291	0.146775	0.00315555	0.236984	0.358404	-0.0728766	0.121854	-0.00461289	0.138009	0.12069	0.0135279	-0.00660252	
0.0120971	0.00499639	0.323581	0.0329991	0.234266	0.105479	0.0362201	-0.061217	0.128422	0.21686	0.168799	-0.0139498	-0.0367563	0.00548742	0.0547403	0.131699	0.0656516	0.0449094	0.16782	0.00675918	0.284134	0.358404	-0.0856847	0.147934	-0.0157608	0.149498	0.12069	-0.00389437	0.0716418	
0.0149151	0.00499639	0.320763	0.0329991	0.208547	0.118483	0.0362201	-0.066557	0.125604	0.242403	0.158415	0.0122462	-0.0367563	0.00548742	0.0600804	0.125599	0.0372092	0.0335077	0.123841	0.145935	0.504499	0.363744	-0.0937565	0.0570671	-0.0157608	0.0679277	0.15737	0.0403651	
0.0167796	0.00499639	0.335531	0.0366902	0.210915	0.109108	0.0352893	-0.0673632	0.12374	0.242403	0.162957	0.0223913	-0.0343875	0.00548742	0.0585179	0.13243	0.106129	0.022576	0.123841	0.0972273	0.373302	0.311445	-0.0886243	0.0548852	-0.0157608	0.0932041	0.159739	
0.0167796	0.00270422	0.335531	0.0366902	0.250957	0.109108	0.0321559	-0.0696554	0.12374	0.240111	0.0321779	0.00453785	-0.0343875	0.00185236	0.0585179	0.150964	0.0233591	0.022576	0.0931073	0.0953777	0.480237	0.386602	-0.10408	0.106329	-0.0105265	0.129316	0.152958	0.0226889	0	
0.0167796	0.00270422	0.325871	0.0366902	0.250957	0.109108	0.0321559	-0.0696554	0.126676	0.240111	0.108784	0.00453785	-0.0343875	-0.000202403	0.0585179	0.104781	0.0806981	0.0177732	0.146717	0.0942434	0.312957	0.386602	-0.102489	0.122663	-0.0381493	0.0793088	0.183991	0	
0.0167378	0.00984212	0.318753	0.0644501	0.249628	0.109108	0.00963714	-0.0696554	0.126718	0.240111	0.095909	-0.00528759	-0.0357163	0.00463477	0.0598466	0.0917611	0.0304953	0.0106353	0.100536	0.0932067	0.325248	0.328034	-0.0988426	0.258628	-0.0360212	0.00680427	0.182662	
0.0167378	0.00984212	0.327967	0.0707674	0.238951	0.109108	0.00140799	-0.063166	0.126718	0.261003	0.095909	-0.0334863	-0.0357163	0.00463477	0.0533572	0.0778624	0.0939131	0.0298962	0.100536	0.146444	0.393816	0.36521	-0.0938345	0.16226	-0.0151743	0.056136	0.182662	0.0576768	
0.0167378	0.00984212	0.315701	0.0651971	0.238951	0.109108	0.00140799	-0.063166	0.126718	0.273594	0.0548263	-0.0181192	-0.0357163	0.00463477	0.0533572	0.0778624	0.172239	0.0298962	0.129602	0.203791	0.332743	0.36521	-0.0862907	0.142527	-0.0138428	0.0682899	0.182662	0.0969478	
0.0167378	0.0139491	0.406801	0.0511659	0.238951	0.117886	0.00983604	-0.0617131	0.126718	0.277701	0.0636938	0.0457577	-0.0357163	0.00874173	0.0560113	0.0774325	0.0977091	0.0276588	0.141047	0.173674	0.244197	0.367864	-0.0916913	0.11616	-0.0138428	0.0434421	0.170122	0.0969478	
0.0167378	0.0118908	0.406801	0.0461043	0.285662	0.117886	0.0118943	-0.0635321	0.126718	0.275643	0.224527	0.0625536	-0.0357163	0.00668348	0.0557721	0.0772545	0.0977091	0.0355788	0.183193	0.12085	0.186828	0.367625	-0.0965842	-0.00771957	-0.0174756	0.0731348	0.185221	0.111845	
0.0167378	0.0118908	0.406801	0.0540929	0.290771	0.117886	0.0107097	-0.0599731	0.126718	0.275643	0.265288	0.00804912	-0.0358368	0.00668348	0.0523336	0.0318588	0.0750137	0.107202	0.183193	0.12085	0.270187	0.364066	-0.0958867	-0.00771957	-0.0131449	0.119079	0.185101	0.111845	
0.0211576	0.0119241	0.336982	0.0521429	0.231131	0.122306	0.0137255	-0.0599731	0.126718	0.275643	0.159185	0.0185185	-0.0422066	0.0157408	0.0542835	0.0364819	0.0456746	0.0563087	0.143356	0.186378	0.138556	0.346677	-0.0951737	0.105955	-0.0148605	0.0975459	0.169618	0.111811	
0.0211576	0.0112463	0.336982	0.0521429	0.240861	0.122306	0.0264772	-0.0625175	0.114345	0.275073	0.329173	0.00491257	-0.0422066	0.00506173	0.05615	0.028492	0.0786374	0.0436463	0.151932	0.186378	0.212474	0.434632	-0.0958516	-0.0220145	-0.00698316	0.0480433	0.169618	0.127422	0	0.240565	
0.0211576	0.0112463	0.327323	0.029095	0.133816	0.122306	0.0292973	-0.0616595	0.114345	0.275073	0.279802	0.0312849	-0.0422066	0.00506173	0.055292	0.0322737	0.134859	0.0436463	0.141054	0.186378	0.270338	0.433774	-0.0891457	-0.0341663	0.00607683	0.0236037	0.139334	0.10507	0.177266	0	0.319332	
0.0187578	0.0112463	0.427063	0.029095	0.149951	0.119906	0.02292	-0.0616595	0.114345	0.275073	0.306904	-0.00189223	-0.0398068	0.00506173	0.055292	0.0252623	0.111907	0.0436463	0.141054	0.101099	0.530592	0.433774	-0.10093	-0.0646549	-0.00150023	0.0810306	0.153997	0.10507	0.103245	
0.0195879	0.0112463	0.392687	0.0343406	0.149951	0.123007	0.0281668	-0.0616595	0.115345	0.275073	0.306904	0.00954268	-0.0398068	0.000780279	0.055292	0.0682223	0.20449	0.0436463	0.203491	0.11947	0.410506	0.433774	-0.106954	-0.0612738	-0.00572901	0.0545009	0.164569	0.10507	0.103245	
