-0.0437802	0.222837	-0.0605816	0.119167	0.251788	-0.0869715	0.46925	-0.016034	0.127186	0	0.0317651	0	0	0	0.0697177	0	0	0	0	0	0	0	0	0	0	0	0	0	0	0	0	0	0	0	0	0	0	0	0	0	0	0	0	0	0	0	0	0	0	0	0	0	0	0	0	0	0	0	0	0	0	0	0	0	0	0	0	0	0	0	0	0	0	0	0	0	0	0	0	0	0	0	
-0.0437802	0.222837	-0.0900865	0.119167	0.251788	-0.0869715	0.46925	-0.016034	0.127186	0.0317651	-0.0120898	0.0697177	0.0056635	0	0	0.0052852	0.0361869	-0.0141662	0.0146317	-0.00277502	-0.0201706	0.0783472	0	0	0	-0.0227749	0	0	-0.0315136	0	0	-0.00186787	0	-0.00110185	0.0714225	0	0	0	-0.00601056	0	-0.0286206	0	0	0	0	0.0321778	0	0.0290038	0	0.01025	-0.0545992	0	-0.0015085	
-0.0437802	0.218899	-0.0733318	0.119167	0.257291	-0.0869715	0.424039	0	0.107198	-0.0368395	0.000135763	0.124058	0.0521269	0.0211637	0.0140617	0.0474183	0.0345627	-0.0172293	0.00791239	0.03209	-0.016034	0.0114804	-0.00153806	0	-0.0234262	0.0783472	-0.0148166	0.0239236	0.00342394	-0.00267025	
-0.0437802	0.218899	-0.0478462	0.119167	0.257291	0.00947762	0.403072	0	0.074685	0.0695405	-0.0218603	0.000135763	0.0615186	0.0955594	0.0608504	0.148318	0.0194569	0.175255	0.0140617	0.0296389	0.076376	-0.016034	0.0131068	-0.00153806	0.0132508	0.00262948	-0.0869715	0.0135804	
-0.0437802	0.218899	-0.102143	0.373275	0.263441	0.0166313	-0.0116173	0.074685	0.0140617	-0.0307264	-0.016034	0.00246865	0.0443613	0.119167	0.0680246	0.00142626	0.169246	0.000135763	0.0072095	0.0135804	0.0163309	-0.00461377	-0.0747952	
-0.0458157	0.213619	-0.114091	0.375311	0.204073	-0.00968845	0.00323501	0.0299217	-0.0910964	-0.0286909	-0.016034	0.00400686	0.0298601	0.122571	0.0296191	-0.00428458	0.130311	0.0238081	0.00217127	0.0169597	-0.00257826	
-0.0458157	0.213619	-0.108799	0.375311	0.202192	-0.00457427	-0.00555444	-0.00292132	-0.0134905	0.0464784	-0.0950422	0.00146148	-0.016034	0.128625	0.0198221	0.122571	0.0151972	-0.0116372	0.203138	0.0105166	0.0257922	0.0826782	0.00217127	
-0.0458157	0.213619	-0.103681	0.401794	0.202192	8.04746e-05	-0.00555444	-0.0172111	-0.00660723	0.0331147	-0.0950422	-0.0529803	-0.016034	0.173245	0.024415	0.122571	0.00627389	-0.0159744	0.317857	0.00217127	0	0.161366	0	
-0.0432652	0.233304	-0.124892	0.401794	0.202192	-0.00347569	0.00161409	-0.021739	-0.0197493	0.0336964	-0.0924917	-0.0525666	-0.0134835	0.212337	0.0255156	0.122571	0.0107129	-0.0260461	1.26649	0.00217127	0.129837	
-0.0432652	0.217788	-0.133353	0.383885	0.0993363	-0.012129	0.0135555	-0.0364377	-0.019753	0.0311421	-0.0924917	-0.033111	-0.0134835	0.150052	0.0356782	0.129126	-0.00838019	-0.0229763	0.523516	0.00158388	0.126842	-0.00396064	
-0.0432652	0.24183	-0.138426	0.378907	0.0993363	-0.00979921	0.0135555	-0.0185404	-0.0432175	0.0489542	-0.0877693	-0.0475437	-0.0134835	0.123231	0.0356782	0.118386	-0.0124103	-0.044059	0.20404	0.00376427	0.0605483	0	
-0.0432652	0.24183	-0.136174	0.378907	0.133259	0.00266503	0.0135555	-0.0185404	-0.0343798	0.0390839	-0.0877693	-0.0110988	-0.0123698	0.205185	0.0274194	0.118386	-0.0376265	-0.0505399	0.324687	0.00499705	0.101389	-0.05914	-0.0126538	0	
-0.0432652	0.24183	-0.133917	0.384455	0.149017	-0.00437186	0.0135555	-0.00833983	-0.0278423	0.0986311	-0.0903968	0.00552594	-0.0151226	0.222257	0.0274194	0.116519	-0.0238611	-0.0505399	0.0873231	0.00575115	0.101389	-0.05914	-0.0263844	
-0.0432652	0.212702	-0.124358	0.333049	0.167369	-0.00437186	0.0135555	0.000427951	-0.0304198	0.0780556	-0.0929123	0.0203339	-0.0129794	0.0877496	0.025006	0.116519	-0.0174562	-0.0354937	0.267148	0.00484549	0.103913	-0.0785462	-0.0895499	
-0.0432652	0.213757	-0.12863	0.364322	0.0973152	-0.00437186	0.0135555	0.0196664	-0.0243073	0.0614645	-0.0960086	0.0130348	-0.0109921	0.17989	0.0523007	0.131882	-0.00547646	-0.0312677	0.321666	-0.0141595	0.0952084	-0.0660376	
-0.042343	0.2409	-0.129531	0.362207	0.121598	-0.00725105	0.0124579	0.00998229	-0.0287083	0.103516	-0.0940587	-0.0159722	-0.0100699	0.227055	0.0763459	0.131882	-0.048032	-0.0461733	0.37518	-0.0111098	0.0800305	-0.0613221	
-0.042343	0.188579	-0.134607	0.39242	0.121598	-0.00725105	0.00795033	-0.0434462	-0.0385343	0.0280486	-0.0932823	-0.0108509	-0.00744088	0.0212511	0.0763459	0.131882	-0.0434789	-0.0328446	0.0595298	-0.0114571	0.12666	-0.0298322	
-0.042343	0.188579	-0.135379	0.345329	0.118262	-0.00725105	0.00795033	-0.0100355	-0.0288485	0.0783611	-0.0926665	-0.0250957	-0.00744088	0.0659586	0.0745026	0.138047	-0.0164926	-0.0334094	0.0759479	-0.0147372	0.11385	-0.0388122	
-0.042343	0.201029	-0.126603	0.345329	0.118262	0.00117163	0.0294803	-0.00202351	-0.0121257	0.108559	-0.083019	-0.048354	-0.00744088	0.100235	0.0745026	0.127623	-0.0282362	-0.0260025	0.087756	-0.0147372	0.140143	-0.0695147	
-0.042343	0.210562	-0.131341	0.374158	0.106325	0.0341139	0.0155189	0.00167113	-0.0121257	0.105881	-0.083019	-0.0350142	-0.00926887	0.0581913	0.0474355	0.1241	-0.00538975	-0.0260025	0.0347286	-0.0147372	0.0951872	-0.0660878	
-0.042343	0.20873	-0.129163	0.395751	0.133484	0.0225109	0.0155189	0.0131829	-0.0149966	0.0475255	-0.083019	-0.0491655	-0.00926887	0.115417	0.0474355	0.104361	-0.0163387	-0.0260025	-0.00123308	-0.0147372	0.0981181	-0.0708128	0	
-0.042343	0.20873	-0.134036	-0.0780615	0.103061	0.0225109	0.0155189	-0.0194701	-0.0149966	0.109987	-0.0878577	-0.044035	-0.00926887	0.0451327	0.0585473	0.112713	0.0281181	-0.0323627	-0.020856	-0.0132064	0.34813	0.374506	
-0.044506	0.211652	-0.119791	-0.0582533	0.130975	0.0164719	0.0199621	-0.00369251	-0.0149966	0.109987	-0.0876134	-0.0678749	-0.0114319	0.0736136	0.0563842	0.112713	0.0116285	-0.0415683	-0.051805	-0.0132064	0.350533	0.418931	
-0.044506	0.261587	-0.0819403	-0.0900415	0.120177	0.0121111	0.0377173	-0.0337489	-0.0149966	0.0731438	-0.0876134	-0.0692602	-0.0114319	0.0481527	0.0548502	0.112713	0.000343956	-0.0410405	-0.0529437	-0.0132064	0.433121	0.370418	0	
-0.044506	0.256756	-0.0471304	-0.0926002	0.145689	-0.00141455	0.0189891	-0.0367939	-0.0149966	0.0830965	-0.0842776	-0.0682605	-0.00194563	0.200266	0.0627766	0.116701	0.0143312	-0.0373613	-0.0378479	-0.0118195	0.477945	0.364368	0	
-0.044506	0.226406	-0.0760088	-0.112975	0.194746	-0.00141455	0.00892144	-0.0350226	-0.018091	0.121252	-0.0889983	-0.0591712	-0.00818913	0.152407	0.0627766	0.126733	-0.0375489	-0.0516428	-0.0479159	-0.0130681	0.461342	0.48525	
-0.044506	0.242213	-0.0895493	-0.112975	0.18547	0.0122859	0.00892144	-0.0316212	-0.0176093	0.0918721	-0.097688	-0.0620334	-0.00818913	0.0831508	0.0627766	0.127955	0.0066546	-0.0418844	-0.0527942	-0.0130681	0.463548	0.447525	
-0.0449948	0.242702	-0.0674514	-0.129957	0.177134	0.0117497	0.0154148	-0.0570375	-0.0171205	0.0930058	-0.0972638	-0.0644911	-0.0175008	0.0902532	0.0627766	0.128444	0.0493736	-0.0323041	-0.0608408	-0.0125794	0.464037	0.411625	0.0565451	0	
-0.0449948	0.251779	-0.0674514	-0.12154	0.177134	0.0117497	0.028918	-0.062001	-0.028393	0.0930058	-0.0976733	-0.0605507	-0.00445299	0.129978	0.0627766	0.10801	0.0259963	-0.0364142	-0.0351759	-0.0159012	0.464037	0.457388	
-0.0449948	0.251779	-0.0634755	-0.116186	0.110415	0.0117497	0.028918	-0.0480299	-0.0356811	0.0800827	-0.095744	-0.063909	-0.00445299	0.169285	0.0388911	0.0907785	0.0598079	-0.0364142	-0.039882	-0.0120615	0.534638	0.45148	0	
-0.0449948	0.238408	-0.0585903	-0.103298	0.142253	0.022327	0.028918	-0.0440857	-0.0344908	0.0624445	-0.0920638	-0.0625224	-0.00695331	0.0753756	0.0388911	0.0907785	0.151889	-0.0364142	-0.0640662	-0.00937253	0.534638	0.45148	
-0.0449948	0.259896	-0.0371642	-0.1156	0.107851	0.0233931	0.028918	-0.0332419	-0.02302	0.0696339	-0.0993885	-0.0568242	-0.00695331	0.121545	0.0320614	0.103436	0.160266	-0.0359194	-0.0665201	-0.0103747	0.552257	0.45148	-0.0299836	0.0522784	
-0.0449948	0.249608	-0.0321879	-0.0976587	0.0995472	0.00893274	0.028918	-0.0196995	-0.0299071	0.0296142	-0.0931798	-0.0300717	-0.00695331	0.16751	0.0320614	0.103436	0.226943	-0.0413459	-0.0685815	-0.0103747	0.55596	0.45148	
-0.0449948	0.249608	-0.012624	-0.109552	0.0904423	0.0325002	0.028918	-0.0419317	-0.0164071	0.0170359	-0.0830784	-0.0595136	-0.00848975	0.111439	0.0320614	0.103436	0.179672	-0.0400923	-0.0682638	-0.0103747	0.55596	0.460787	0.0937037	0	0	
-0.0449948	0.240719	-0.00123841	-0.10141	0.0980735	0.00451886	0.028918	-0.0250027	-0.0175974	0.0427484	-0.0880678	-0.0412967	-0.00848975	0.136895	0.0539251	0.086982	0.100242	-0.0400923	-0.063649	-0.00598504	0.516384	0.442607	-0.0471563	
-0.0449948	0.261808	0.0292046	-0.0955292	0.0980735	-0.00251567	0.028918	-0.00287303	-0.0392879	0.0361549	-0.0875681	-0.0533258	-0.00848975	0.0516199	0.0539251	0.086982	0.0706888	-0.0359237	-0.0565072	-0.00598504	0.517338	0.372948	0	
-0.0449948	0.271911	0.0525316	-0.117846	0.119729	-0.00251567	0.0407041	-0.00287303	-0.0235286	0.0361549	-0.0873272	-0.059106	-0.0176052	0.0610707	0.0465332	0.086982	0.0388659	-0.0230625	-0.0160389	0.000316807	0.517338	0.375015	
-0.0455769	0.265847	0.000551957	-0.102307	0.120311	-0.0212925	0.0464303	-0.0194954	-0.0333077	0.0394759	-0.0873272	-0.0458868	-0.0176052	0.0780962	0.0465332	0.103669	0.0358832	-0.0275811	0.0159603	-0.00404668	0.60203	0.375597	0	
-0.0502548	0.265847	0.0131724	-0.106985	0.151343	-0.014533	0.0417523	-0.010231	-0.0350174	0.0358234	-0.0962659	-0.0479483	-0.0222832	0.0309353	0.0364762	0.103669	-0.00158277	-0.0275811	-0.0242813	-0.00513289	0.60203	0.370465	
-0.0502548	0.30198	-0.088447	-0.103747	0.115333	-0.00646878	0.0417523	0.0256331	-0.0350174	0.0358234	-0.0962659	-0.0645091	-0.0182667	0.11307	0.0226712	0.103669	0.0442413	-0.0311874	-0.029882	-0.00360108	0.484367	0.411172	-0.0629409	-0.0937129	
-0.0502548	0.30198	-0.078936	-0.105027	0.127559	0.00256612	0.0417523	0.00705838	-0.0246498	0.0432403	-0.0962659	-0.0771667	-0.0172272	0.17612	0.0226712	0.094399	0.00575871	-0.0206957	0.0343493	-0.00360108	0.379502	0.343911	0.173612	0	-0.00360108	
-0.0502548	0.30198	-0.067319	-0.119677	0.127559	0.0113378	0.0332699	0.0259392	-0.0385722	0.0205789	-0.0829339	-0.05953	-0.0172272	0.238635	0.020278	0.094399	-0.0242164	-0.0176996	0.188814	-0.00360108	0.379502	0.343911	0.11934	
-0.043202	0.30198	-0.0587634	-0.112176	0.163225	-0.0129111	0.0559259	0.0308627	-0.0385722	0.0535487	-0.0790611	-0.0580572	-0.0101743	0.173891	0.0375193	0.094399	-0.0447931	-0.0363008	0.344478	-0.0100467	0.351623	0.343911	0.126393	
-0.0426937	0.301471	0.00289396	-0.0987304	0.127147	-0.00391274	0.0559259	0.0264029	-0.0316842	0.0522119	-0.0790611	-0.0210994	-0.0101743	0.293959	0.0376714	0.0938907	-0.0328087	-0.0381214	0.468324	-0.010555	0.393448	0.443987	0.194858	
-0.0426937	0.27098	-0.0507089	-0.113728	0.132247	0.0177105	0.0559259	0.0187838	-0.0255425	0.04725	-0.0790611	-0.0501749	-0.0101743	0.152436	0.0376714	0.0883351	-0.0299273	-0.0425478	0.186863	-0.010555	0.393448	0.492502	0.194858	0.00635366	
-0.0426937	0.259491	-0.105749	0.141919	0.0177105	0.0559259	0.0187838	-0.0255425	0.0626894	-0.0813922	-0.0678395	-0.0094851	0.107805	0.0202863	0.107365	-0.040466	-0.0392968	0.00614091	-0.00925566	0.245947	0.460325	0.147221	
-0.0426937	0.244839	0	-0.110951	0.108419	0.000816711	0.0516199	0.0109517	-0.0307262	0.0220174	-0.0325104	-0.084955	-0.0094851	0.227676	0.0244193	0.107365	0.026202	-0.0392968	-0.00433126	-0.00925566	0.261946	0.4434	
-0.0426937	0.224012	-0.119974	0.175574	0.000816711	0.0516199	-0.0276707	-0.0295502	0.0220174	-0.0325104	-0.0816234	-0.0094851	0.148664	0.0267293	0.102938	-0.0151898	-0.0392968	-0.0588911	-0.00925566	0.36106	0.398282	0	
-0.0405498	0.233949	0.429535	-0.116607	0.113729	-0.00132718	0.0516199	-0.0589483	-0.0291522	0.0102406	-0.0402697	-0.0499942	-0.0125251	0.152077	0.0268007	0.100794	0.0175367	-0.0408462	-0.0688928	-0.0113996	0.358916	-0.0580834	
-0.038215	0.218264	0.4272	-0.112836	0.124832	0.0134471	0.0516199	-0.077005	-0.031487	0.0653157	-0.0808195	-0.0547429	-0.0125251	0.147252	0.0401619	0.098459	-0.00754699	-0.0493528	-0.0574948	-0.0137343	0.31867	-0.00261674	0	
-0.038215	0.218264	0.440205	-0.100439	0.130698	0.0131117	0.0516199	-0.0656466	-0.036037	0.0589831	-0.0808195	-0.0688082	-0.0125251	0.144225	0.0401619	0.0844371	0.0036146	-0.0493528	-0.0420201	-0.0137343	0.272125	-0.0219829	0.0387395	
-0.038215	0.218264	0.440205	-0.104536	0.150855	0.0220735	0.0544071	-0.0546243	-0.036037	0.0387744	-0.085264	-0.0559775	0.0020173	0.160343	0.0401619	0.0844371	0.0672466	-0.0493528	0.00764187	-0.0173787	0.28084	
-0.0386393	0.240283	0.477458	-0.0986705	0.145997	0.00813738	0.0539828	-0.0617675	-0.032457	0.0348104	-0.0752316	-0.071125	0.00447169	0.211229	0.0347823	0.0844371	0.0550911	-0.0460434	0.0411431	-0.0173787	0.270802	0.0365924	0	
-0.037827	0.245593	0.515343	-0.119945	0.114193	-0.000276436	0.0425917	-0.0528431	-0.0369941	0.040691	-0.0734087	-0.0565091	-0.00242517	0.184946	0.0478294	0.0836248	0.100794	-0.0468557	0.284008	-0.0218372	0.286793	-0.0170692	
-0.0424437	0.227479	0.580262	-0.119927	0.114193	-0.000276436	0.037975	-0.0586089	-0.0369941	0.0320335	-0.0862285	-0.0486843	-0.00334692	0.079886	0.0432127	0.0940092	0.0961774	-0.0500702	0.247261	-0.0229085	0.304053	0.00237704	0	
-0.0424437	0.227479	0.425366	-0.125807	0.156086	-0.000276436	0.0256469	-0.0536955	-0.0369941	0.0312515	-0.0868315	-0.0702536	-0.0123549	0.172002	0.0329793	0.0940092	0.102534	-0.0592128	0.129932	-0.0252982	0.302486	
-0.0424437	0.235215	0.469478	-0.109724	0.168542	-0.000276436	0.0256469	-0.046325	-0.0375977	0.00568824	-0.0868315	-0.0581975	-0.0123549	0.0685396	0.0212888	0.098665	0.0990772	-0.0536613	0.0504128	-0.0226471	0.156237	0	
-0.0424437	0.211865	0.393117	-0.101528	0.211512	-0.00460269	0.0256469	-0.0199125	-0.0375977	0.0234298	-0.0908966	-0.0750251	-0.0123549	0.133765	0.0272722	0.0851097	0.0853645	-0.0532065	0.00865478	-0.0226471	0.0937774	
-0.0424437	0.199986	0.405137	-0.076385	0.212212	0.0155272	0.0256469	-0.045529	-0.0378373	0.0231303	-0.0888091	-0.0629314	-0.0123549	0.237856	0.0293338	0.0851097	0.101903	-0.0576861	0.0111858	-0.0259293	0.108001	0	0	
-0.0424437	0.219572	0.417531	-0.105444	0.29513	0.0139605	0.0253421	-0.0438917	-0.0410997	0.044033	-0.0848815	-0.0451013	-0.0123549	0.237856	0.0487988	0.0851097	0.0492077	-0.0462776	0.033526	-0.027669	0.0847409	-0.0800927	
-0.0424437	0.230391	0.392346	-0.100506	0.29513	0.0139605	0.0217591	-0.0374263	-0.0410997	0.0766778	-0.0889931	-0.074302	-0.0123549	0.342377	0.0487988	0.0851097	0.0473561	-0.0505121	0.161311	-0.027669	0.116608	
-0.0424437	0.230391	0.357622	-0.0793658	0.29513	-0.0038329	0.0228536	-0.0631172	-0.0474477	0.0797195	-0.0925379	-0.0608184	-0.0178199	0.324637	0.0487988	0.0851097	5.80688e-05	-0.0530824	0.133684	-0.0241187	0.194471	-0.00751641	
-0.0424437	0.23097	0.358628	-0.0768899	0.277093	0.0252296	0.0391414	-0.0557578	-0.0304223	0.0900443	-0.0933982	-0.0600195	-0.0178199	0.180229	0.0373303	0.0851097	0.0982121	-0.0523768	0.0385604	-0.0227657	0.22224	-0.0337289	0.00438546	
-0.0421698	0.213964	0.358354	-0.0669436	0.295584	0.0249557	0.0297049	-0.0709532	-0.0317943	0.0491674	-0.0589089	-0.0625361	-0.0178199	0.269005	0.0635253	0.0622165	0.174028	-0.0526507	0.137496	-0.0236516	0.0677588	
-0.0421698	0.213964	0.358354	-0.0635546	0.276406	0.0151464	0.0261724	-0.0701553	-0.0443268	0.0942687	-0.101079	-0.0543359	-0.0178199	0.375134	0.061939	0.0622165	0.143926	-0.0552318	0.146849	-0.0214837	0.122641	0.0587046	-0.0158428	
-0.0421698	0.209945	0.358354	-0.0732636	0.116848	0.0151464	0.0261724	-0.0459138	-0.0373159	0.0234392	-0.0982358	-0.0350745	-0.0178199	0.360745	0.061939	0.0445564	0.0901406	-0.0503061	0.125658	-0.0214837	0.287574	0.320108	
-0.0421698	0.199361	0.385494	-0.0578162	0.103545	0.0247948	0.0261724	-0.0584117	-0.0388653	0.0234392	-0.100588	-0.0549591	-0.0129905	0.360745	0.0661054	0.0511933	0.114327	-0.0525872	0.148733	-0.0214837	0.240804	0.17647	
-0.0421698	0.202497	0.437714	-0.0778115	0.103545	0.0174238	0.0441715	-0.0319833	-0.0407292	0.0234392	-0.0996899	-0.0473617	-0.0129905	0.260034	0.0661054	0.0509003	0.0655746	-0.0525872	0.206019	-0.0214837	0.241097	0.11386	
-0.0421698	0.202497	0.437714	-0.0749759	0.109676	0.00704743	0.0441715	-0.0406581	-0.0405704	0.0358381	-0.0917766	-0.0605476	-0.0129905	0.17309	0.0661054	0.0526265	0.025454	-0.0525872	0.0872018	-0.029942	0.250703	0.197772	0	
-0.0421698	0.209667	0.38109	-0.0903765	0.099279	0.0156622	0.0441715	-0.0347955	-0.0352059	0.0247377	-0.0888988	-0.0718698	-0.00813438	0.145387	0.0661054	0.046209	-0.0196041	-0.0525872	0.137399	-0.0278733	0.32164	0.16585	-0.0297161	0	
-0.0421698	0.204313	0.38109	-0.0727539	0.122987	0.0180149	0.0538463	-0.046768	-0.0386955	0.0247377	-0.0800893	-0.0698536	-0.00813438	0.256166	0.0736663	0.046209	-0.0196041	-0.0525872	0.0291571	-0.0278733	0.32164	0.204457	
-0.0421698	0.204313	0.268263	-0.0727539	0.122987	0.0180149	0.0703737	-0.058696	-0.0378339	0.0247377	-0.0807993	-0.0643925	-0.0112905	0.256166	0.0851715	0.046209	0.02552	-0.0525872	0.114849	-0.0278733	0.307316	0.378862	
-0.0421698	0.204313	0.364621	-0.0899006	0.167273	-0.000978028	0.068024	-0.0423202	-0.035417	0.0046773	-0.0852382	-0.0415291	-0.0134552	0.236915	0.0842371	0.046209	0.00271967	-0.0480555	0.0938909	-0.0285277	0.24011	0.388763	
-0.0453514	0.204313	0.37309	-0.0930822	0.153951	-0.0194038	0.0648424	-0.0618105	-0.0476019	0.00774944	-0.0695673	-0.0662852	-0.0166368	0.146985	0.0679931	0.046209	0.0532223	-0.0480555	0.199508	-0.0285277	0.197254	0.191384	
-0.0453514	0.219432	0.396786	-0.106647	0.153951	0.0202112	0.0648999	-0.0461907	-0.0464408	0.0387801	-0.0691741	-0.0336349	-0.0166368	0.155022	0.0925628	0.046209	0.128637	-0.0480555	0.0513971	-0.0285277	0.187316	0.237834	0.0237978	
-0.0453514	0.218574	0.396786	-0.0929456	0.153951	-0.0156208	0.0648999	-0.0664503	-0.0368615	0.0387801	-0.0691741	-0.0563407	-0.0166368	0.142187	0.0445612	0.046209	0.128637	-0.0461287	0.255922	-0.0285277	0.242689	0.404206	0	
-0.0448722	0.218094	0.313214	-0.0780954	0.153471	-0.0123095	0.0740301	-0.0495019	-0.0384437	0.0383009	-0.072246	-0.0772368	-0.0166368	0.0642923	0.0445612	0.0420704	0.141873	-0.046608	0.169839	-0.028979	0.269801	0.461513	-0.00263208	
-0.0451742	0.218397	0.304201	-0.0506764	0.144999	0.00237365	0.0740301	-0.0156773	-0.0266158	0.0153131	-0.0819242	-0.0836413	-0.0166368	0.168213	0.0445612	0.0411853	0.265886	-0.0421494	0.112501	-0.028274	0.270988	0.558919	0	0.0356862	
-0.0451742	0.218397	0.370834	-0.0535967	0.144999	-0.0164398	0.0796854	0.00838162	-0.0242238	0.0126265	-0.0819242	-0.0812745	-0.0166368	0.11194	0.0610933	0.0334952	0.0951867	-0.0421494	0.0371703	-0.0341369	0.286471	0.56957	0	0.018269	
-0.0451742	0.21708	0.370834	-0.0535967	0.109253	-0.0040853	0.0641924	0.0104111	-0.0291818	0.023717	-0.0819242	-0.0836891	-0.0166368	0.251292	0.053082	0.0334952	0.0798944	-0.0495497	-0.0106371	-0.028202	0.29405	0.505227	-0.033614	-0.400016	
-0.0451742	0.236846	0.406935	-0.0535967	0.109253	0.00743429	0.0641924	-0.00650229	-0.0355691	0.023717	-0.0932905	-0.0633002	-0.0166368	0.0766389	0.0536058	0.0330996	0.0937931	-0.0403581	0.039985	-0.028202	0.329945	0.505227	0.0104353	0.0608139	0	
-0.0451742	0.236846	0.406935	-0.0417382	0.211402	-0.0150118	0.0616138	-0.0365368	-0.0389262	0.0305238	-0.0932905	-0.0542716	-0.0166368	0.0766389	0.0397444	0.0541477	0.0987638	-0.0463814	0.351346	-0.028202	0.16225	0.505227	0.147532	-0.0389943	
-0.0451742	0.236846	0.465658	-0.0420587	0.211402	-0.022322	0.0616138	-0.0422297	-0.0292345	0.0357305	-0.0932905	-0.043121	-0.020018	0.138374	0.0397444	0.0541477	0.12781	-0.0463814	0.291117	-0.028202	0.206688	0.455017	0.127471	-0.0573149	
-0.0451742	0.244831	0.511584	-0.0503701	0.268455	-0.00233916	0.0616138	-0.0422297	-0.0292345	0.00152326	-0.0925503	-0.0343411	-0.0244717	0.0194344	0.0581504	0.0461834	0.144784	-0.0463814	0.354706	-0.028202	0.225114	0.455017	-0.0172119	
-0.0451742	0.244831	0.488029	-0.0600357	0.268455	-0.00233916	0.0616138	-0.0597304	-0.0413974	0.0357228	-0.0882285	-0.0382468	-0.0257955	0.0213728	0.0642965	0.020324	0.0963223	-0.0443092	0.322056	-0.0301407	0.356376	0.455017	
-0.0500317	0.241036	0.463956	-0.0880396	0.219832	-0.00838976	0.0567563	-0.0213912	-0.0436082	0.0239026	-0.0930859	-0.0751958	-0.0194108	0.018407	0.0422086	0.0296271	0.0419087	-0.0443092	0.293396	-0.0301407	0.197385	0.455017	
-0.0500317	0.2612	0.463956	-0.0848435	0.255543	-0.0116277	0.0644775	-0.0330359	-0.033292	0.027559	-0.101296	-0.0721118	-0.0194108	0.068251	0.0422086	0.0296271	0.0408844	-0.039136	0.322291	-0.0301407	0.164897	0.439478	
-0.0500317	0.25063	0.463956	-0.113617	0.252925	-0.00682854	0.0644775	0.0124332	-0.0319858	0.00662686	-0.102099	-0.0455863	-0.0296781	0.0169738	0.0546511	0.0296271	0.0225604	-0.0413149	0.290906	-0.0301407	0.241114	0.435848	0	
-0.0500317	0.237283	0.338508	-0.0929525	0.251796	-0.0109028	0.0644775	-0.00318942	-0.0413254	0.00763593	-0.10049	-0.051015	-0.0296781	0.0521543	0.0502943	0.0296271	-0.0100427	-0.0423021	0.1513	-0.0282171	0.211916	0.435848	-0.0132849	
-0.0500317	0.237283	0.374071	-0.0929525	0.304673	-0.010994	0.0681123	0.0545081	-0.0390965	0.0163132	-0.0999965	-0.024077	-0.0188195	0.0521543	0.0502943	0.0296271	-0.0146773	-0.0387827	0.331338	-0.0282171	0.290105	0.435848	
-0.0519734	0.241193	0.365137	-0.109302	0.304673	-0.010994	0.0661706	0.0335703	-0.0390965	0.0289088	-0.101938	-0.024196	-0.0207612	0.0521543	0.0514254	0.0217826	-0.0410378	-0.0489527	0.515291	-0.0282171	0.320963	0.429255	
-0.0519734	0.241193	0.365137	-0.123482	0.268902	-0.0133771	0.0661706	-0.00521891	-0.0425432	0.0289088	-0.104296	-0.0487332	-0.0292077	-0.0300539	0.0643003	0.00586811	-0.112342	-0.051766	0.277738	-0.0282171	0.286672	0.525767	-0.0781018	0.0174317	
-0.0519734	0.235182	0.350206	-0.0757505	0.226717	-0.0140502	0.0647054	-0.0164255	-0.0401851	0.0357606	-0.104296	-0.0673221	-0.0292077	0.018069	0.0643003	0.0247157	-0.121299	-0.051766	0.276776	-0.0282171	0.248212	0.525767	-0.0265195	0	0	
-0.0522246	0.235182	0.325576	-0.0760018	0.242295	-0.000654424	0.0742284	-0.0272708	-0.0370699	0.0422307	-0.102855	-0.0673221	-0.023604	0.0412996	0.0669682	0.0242246	-0.12362	-0.0498844	0.207105	-0.0285447	0.275109	0.499118	0.10934	
-0.0522246	0.235182	0.402103	-0.0702932	0.208392	0.00762831	0.0742284	-0.0566053	-0.0354311	0.00825906	-0.102855	-0.067065	-0.023604	-0.00648711	0.076085	0.0253895	-0.0942558	-0.0482241	0.266454	-0.0285447	0.392723	0.491711	-0.100786	0.0305951	
-0.0535513	0.22537	0.461151	-0.0642756	0.209718	-0.00294742	0.0742284	-0.0195276	-0.0308643	0.0476369	-0.100781	-0.0637778	-0.023604	0.0691805	0.076085	0.0265032	-0.0800597	-0.0468975	0.171486	-0.0302406	0.377391	0.493037	-0.0309349	0.0579033	0.000212959	0.0142762	0	
-0.0535513	0.22537	0.427109	-0.075019	0.194221	-0.00903685	0.0742284	-0.0357108	-0.0336509	0.0433579	-0.100781	-0.0637778	-0.023604	0.257479	0.0719821	0.0265032	-0.0438546	-0.042285	0.260691	-0.0302406	0.40392	0.493037	0.117987	0.0398542	0.0390313	-0.0189961	0.100723	0	
-0.0538837	0.249255	0.427442	-0.0775652	0.170773	-0.0138732	0.0801652	-0.0186859	-0.0333185	0.0447898	-0.105172	-0.0492381	-0.0217866	0.168197	0.0966065	0.0268356	-0.0760037	-0.0535597	0.2293	-0.0299082	0.222217	0.486868	0	0.00825916	-0.0283555	0	
-0.0538837	0.249255	0.424529	-0.0760557	0.201192	-0.00416066	0.0801652	-0.0233746	-0.0398238	0.0129772	-0.10421	-0.0418726	-0.0141052	0.144465	0.0966065	0.0209196	-0.102667	-0.0537914	0.105832	-0.0307648	0.206233	0.516359	0	0.0641006	
-0.0538837	0.254601	0.442039	-0.0769104	0.201192	0.00818078	0.0812203	-0.0261868	-0.10421	0.0623198	-0.0546945	0.429511	-0.0232187	0.0978302	0.0966065	0.0286766	-0.0995923	-0.0478944	0.235331	-0.0307648	0.149435	0.0468146	-0.00580761	-0.0470152	
-0.0541889	0.255125	0.436996	-0.071638	0.201715	-0.00305725	0.0814383	-0.0443695	-0.101488	0.0394004	-0.0318402	0.430035	-0.0121785	0.124394	0.0968245	0.0239744	-0.0426941	-0.0472604	0.654359	-0.0305695	0.196294	0.0473379	-0.036814	0	
-0.0541889	0.237428	0.388811	-0.104128	0.186151	0.0223937	0.0814383	-0.0434702	-0.0983362	0.0357476	-0.0297304	0.430035	-0.0200691	0.185583	0.119576	0.0133575	0.00347222	-0.0497339	0.838658	-0.0243499	0.206911	0.0473379	-0.031584	
-0.0541889	0.267744	0.45252	-0.116553	0.19296	-0.0189807	0.0814383	-0.0600781	-0.0942744	0.0371209	-0.0234719	0.414925	-0.0200691	0.281544	0.119576	0.0236424	-0.0198831	-0.0497339	0.799231	-0.0243499	0.183769	0.0239456	-0.0321549	-0.0232031	0.0120943	0.0511097	
-0.0483218	0.226864	0.424078	-0.115057	0.139133	0.0101729	0.0873055	-0.0463628	-0.092565	0.0324621	0.0105184	0.414925	-0.0142019	0.134944	0.107902	0.0135442	0.00863344	-0.043671	0.821561	-0.0243499	0.193867	0.0239456	-0.0405523	0.0778614	
-0.0463154	0.224858	0.422071	-0.12735	0.131304	-0.0160257	0.0873055	-0.0355229	-0.092565	0.0175601	0.0780868	0.34316	-0.0142019	0.179548	0.095826	0.0115377	-0.020129	-0.0446383	0.836891	-0.0263563	0.184911	0.0219392	-0.0425587	0.118299	-0.0444431	0	0.0120739	0.0342346	
-0.0463154	0.224577	0.422071	-0.121912	0.120059	-0.00344051	0.0873055	-0.0393585	-0.102354	0.061329	-0.000141644	0.396885	-0.0142019	0.122354	0.095826	0.0221421	-0.0438296	-0.0446383	0.836891	-0.0263563	0.236185	0.0243034	-0.0392904	0.118299	-0.0444431	-0.0155334	
-0.038685	0.224577	0.422071	-0.100626	0.120059	-0.00974595	0.0949358	-0.0206858	-0.0889949	0.0383183	-0.00129948	0.544234	-0.00488055	0.0910519	0.103456	0.0221421	-0.0555515	-0.0446383	0.836891	-0.0263563	0.311025	0.0243034	-0.0335194	0.144199	-0.020868	0.0126319	
-0.038685	0.224577	0.422071	-0.0848304	0.129866	-0.00974595	0.0949358	-0.0226135	-0.0889949	0.0558428	0.0263867	0.36178	-0.0132213	0.0971297	0.0767202	0.0190836	0.0111606	-0.0446383	0.836891	-0.0263563	0.375254	0.0243034	-0.0432735	0.144826	-0.020868	0.0263563	0.00349144	
-0.038685	0.224577	0.391192	-0.0616177	0.129866	-0.00373786	0.0949358	-0.0226135	-0.0873719	0.0558428	-0.0350106	0.434062	-0.0132213	0.104909	0.0767202	0.0249595	-0.0381394	-0.0414658	1.03654	-0.0263563	0.275585	0.0243034	-0.0421947	0.136423	-0.020868	0.0128109	0.0843334	
-0.038685	0.224577	0.388726	-0.0601756	0.129866	-0.00290653	0.102599	0.00143999	-0.0927783	0.0577426	-0.0402856	0.456748	-0.0132213	0.115169	0.0767202	0.0249595	0.0127489	-0.0416089	0.777673	-0.0220419	0.275585	0.00655518	-0.0421947	0.136423	-0.0064947	-0.0408065	
-0.038685	0.227178	0.356178	-0.0598867	0.102371	0.00225563	0.102599	0.00408979	-0.0928798	0.042875	-0.0387815	0.349081	-0.0132213	0.205751	0.0677542	0.0249595	-0.032939	-0.0287521	0.883204	-0.0220419	0.303226	0.00655518	-0.0507156	0.148284	-0.0238147	-0.00897036	0	-0.00525733	0	
-0.038685	0.227178	0.356178	-0.0547157	0.113638	0.00194497	0.102599	0.0172436	-0.0928798	0.042875	-0.0537276	0.349081	-0.0138219	0.114003	0.0958856	0.0249595	-0.0345747	-0.0361448	0.937399	-0.0220419	0.249167	0.00955843	-0.0441298	0.127828	-0.0270718	0.119127	0.0350451	
-0.0406314	0.227178	0.419406	-0.0566621	0.123853	0.00194497	0.100653	-0.0215397	-0.0972319	0.0857028	-0.0586408	0.287221	-0.0157683	0.173363	0.0961664	0.0249595	0.0426117	-0.038226	0.638398	-0.0220419	0.304291	0.00955843	-0.0441298	0.125881	-0.0290182	
-0.0406314	0.227178	0.419406	-0.0707878	0.123853	0.0118114	0.100653	-0.0215397	-0.0965889	0.0470639	-0.0322593	0.127987	-0.0157683	0.0747764	0.0827726	0.0249595	-0.0169058	-0.038226	0.475944	-0.0254838	0.181811	0.0388661	-0.0260159	0.125881	-0.0290182	-0.0102716	
-0.0406314	0.227178	0.419406	-0.0425086	0.113276	-0.00566722	0.100653	-0.0246685	-0.0965889	0.0470639	-0.0411523	0.123734	-0.012493	0.0513275	0.0882259	0.0249595	0.032167	-0.038226	0.441469	-0.0254838	0.23431	0.0135997	-0.0195249	0.142242	-0.0322506	0.0165327	
-0.0406314	0.227178	0.419406	-0.0421362	0.113276	-0.000439098	0.100653	-0.017423	-0.102414	0.0470639	-0.0598837	0.15482	-0.0100424	0.0619152	0.100768	0.0249595	-0.0358026	-0.0286953	0.389909	-0.0254838	0.25927	0.0135997	-0.0195249	0.135556	-0.0194392	
-0.0384829	0.227178	0.419406	-0.038231	0.125171	-0.000439098	0.102801	-0.0218069	-0.0914061	0.0235002	-0.0505837	0.168277	0.00190658	0.0193629	0.0780229	0.0249595	-0.024973	-0.0277268	0.388822	-0.0243969	0.190948	0.0113193	-0.0298877	0.150771	-0.0172908	0	0	0	
-0.0384829	0.20521	0.320714	-0.0731121	0.139559	0.019404	0.102801	-0.00682995	-0.0914061	0.0826864	-0.0536981	-0.027897	-0.0114866	0.0844025	0.0780229	0.028994	0.0417283	-0.0304209	0.301914	-0.0195561	0.182379	0.0113193	-0.0339473	0.147372	0	-0.0324071	
-0.0378595	0.191687	0.378376	-0.0876838	0.122963	0.00312884	0.0921685	-0.027374	-0.0921	0.0376325	-0.073096	-0.0602004	-0.0108631	0.088943	0.065298	0.0466548	-0.00223648	-0.0288528	0.208153	-0.0170979	0.182379	-0.00850178	-0.0362274	0.148	
-0.0433685	0.210934	0.383885	-0.101036	0.128472	-0.00159937	0.0921685	-0.029354	-0.0884363	0.0428632	-0.0651121	-0.0711371	-0.0108631	0.0948445	0.0929983	0.0425967	0.0379106	-0.0233438	0.192226	-0.0104476	0.167362	-0.0029928	-0.0307184	0.148	0.0207941	
-0.0460634	0.226685	0.402972	-0.118795	0.163551	-0.00159937	0.0894736	-0.0244578	-0.0911312	0.0722879	-0.0559013	-0.0898604	-0.0113564	0.0948445	0.111659	0.0345243	0.043472	-0.0233438	0.277848	-0.0104476	0.167362	0.000540514	-0.0313535	0.145305	-0.054361	
-0.0460634	0.226685	0.403783	-0.11797	0.194171	0.0137919	0.0778868	-0.0218838	-0.0911312	0.0723292	-0.0522908	-0.0856892	-0.013971	0.0486658	0.101589	0.0428196	0.0360589	-0.025255	0.758214	-0.0104476	0.288449	0.00575805	-0.0246171	0.145305	0	-0.0496864	
-0.0460634	0.221094	0.435319	-0.114341	0.160271	0.0274447	0.0877183	-0.000506843	-0.0923428	0.0603231	-0.0571909	-0.0778439	-0.013971	0.107707	0.101589	0.0428196	0.0508288	-0.023943	0.540752	-0.0104476	0.141033	-0.00250163	-0.0246171	0.145305	
-0.0460634	0.221094	0.463642	-0.111398	0.221642	0.0181263	0.0877183	0.00110609	-0.0977353	0.00852363	-0.0452714	-0.0927976	-0.013971	0.0469991	0.101589	0.0477428	0.0392745	-0.033085	0.276714	-0.0104476	0.138259	-0.00250163	-0.0335184	0.145305	
-0.0434504	0.221094	0.49948	-0.110769	0.265318	0.0100786	0.0903313	0.00110609	-0.0882467	0.0203528	-0.0558181	-0.0850697	-0.013687	0.11949	0.104202	0.0477428	-0.0162007	-0.0262097	0.0588271	-0.0185353	0.137204	0.0184763	-0.0171263	0.155162	
-0.0434504	0.221094	0.494258	-0.0992149	0.247862	0.0100786	0.0903313	-0.00195443	-0.0882467	0.0176052	-0.0409911	-0.074728	-0.013687	0.0646921	0.104202	0.0488041	0.0391847	-0.0356423	0.023547	-0.0185353	0.163088	0.00548431	-0.0173543	0.155162	
-0.0434504	0.221094	0.438911	-0.112556	0.221254	0.00884839	0.0855065	-0.00768297	-0.0882467	-0.00334977	-0.0581902	-0.0366785	-0.0112798	0.0186009	0.104202	0.0563558	0.0953772	-0.0461422	0.011236	-0.0236533	0.161741	0.00548431	-0.0173543	0.155162	0	
-0.0448711	0.222515	0.431898	-0.105845	0.214568	0.0207324	0.0897646	-0.0165622	-0.0869862	-0.00171942	-0.0388004	-0.0493381	-0.0159883	0.00247836	0.104202	0.0671997	0.0358898	-0.0447214	0.0180119	-0.0222325	0.163161	0.0069051	-0.0118694	0.155162	-0.0281621	-0.0533593	
-0.0448711	0.220115	0.435874	-0.11791	0.234328	0.0101655	0.105316	0.00323899	-0.0840782	0.00513208	-0.0673937	-0.0469184	-0.00705783	0.0352152	0.104202	0.0742102	-0.00972632	-0.0399327	0.115844	-0.0222325	0.170079	-0.0118917	-0.00912192	0.135021	0.0631808	
-0.0448711	0.250683	0.435874	-0.115511	0.234328	0.0165107	0.10333	0.0148877	-0.085628	0.0393491	-0.0684413	-0.0221105	-0.007768	0.112938	0.0835777	0.0742102	-0.0425318	-0.0348985	0.184813	-0.0222325	0.178584	0.00242071	-0.0166378	0.160176	
-0.0448711	0.250683	0.483891	-0.113317	0.229423	0.0165107	0.10333	0.00480662	-0.0835471	0.0393491	-0.0482694	-0.0693714	-0.0135065	0.0851812	0.0835777	0.0742102	-0.0152886	-0.0348985	0.11954	-0.0216617	0.172666	-0.00370609	-0.00956451	0.201488	
-0.0448711	0.299671	0.468012	-0.108296	0.229423	0.0165107	0.0848621	0.00493228	-0.0881585	0.0255116	-0.0647623	-0.0818776	-0.0135065	0.0503113	0.0835777	0.0742102	-0.0262617	-0.0416258	0.121735	-0.0234328	0.172666	-0.00370609	-0.00956451	0.201488	
-0.0423501	0.299671	0.442941	-0.0894816	0.229423	-0.0114998	0.111857	0.0063493	-0.0856374	0.0170836	-0.0494232	-0.0527737	-0.0109855	0.0601714	0.0860987	0.0742102	-0.019662	-0.0416258	0.170677	-0.0234328	0.172666	0.00158821	-0.0234918	0.204009	0.0307333	
-0.0428321	0.257452	0.470422	-0.09389	0.163333	0.00409658	0.115658	0.0063493	-0.0868133	0.0170836	-0.0515343	-0.0671197	-0.00608413	0.0601714	0.0838122	0.0739156	-0.0100473	-0.0416258	0.308204	-0.0200676	0.172666	0.00158821	-0.0311726	0.203527	
-0.0428321	0.257452	0.475606	-0.0915504	0.275175	-0.0114511	0.115658	0.0289147	-0.0868133	0.0188413	-0.0296295	-0.0671197	-0.00608413	0.246645	0.128836	0.106129	-0.0866691	-0.0462215	0.0542881	-0.0200676	0.228125	0.00158821	-0.0320963	0.203527	
-0.0476373	0.262098	0.347163	-0.0912982	0.274086	-0.0141709	0.0784425	0.0083675	-0.0882657	0.0291326	-0.0399207	-0.103628	-0.0130401	0.178462	0.127437	0.126421	-0.0847892	-0.0353374	0.0361085	-0.0200676	0.23668	0.00588531	-0.0324384	0.201647	0.101861	0.0200676	
-0.0476373	0.262098	0.347163	-0.106892	0.295878	-0.0130656	0.0784425	-0.018123	-0.0868292	0.00858017	-0.0672134	-0.107203	-0.0130401	0.124679	0.0900429	0.126421	-0.0640857	-0.037532	0.110193	-0.0248173	0.235272	0.00588531	-0.0324384	0.201647	
-0.0476373	0.262098	0.383166	-0.0842522	0.295748	-0.0144258	0.0735001	-0.0122072	-0.0810584	0.0459798	-0.0690016	-0.0664421	-0.0130401	0.151085	0.0822757	0.126421	-0.0169166	-0.0496431	0.158772	-0.0216118	0.215926	0.00588531	-0.024668	0.161454	-0.0281664	
-0.0476373	0.262098	0.383166	-0.0740685	0.295748	-0.00267596	0.0735001	-0.0353278	-0.0810584	0.0610919	-0.0627111	-0.055028	-0.0090532	0.0580137	0.075216	0.126421	0.0350156	-0.0453455	0.147963	-0.0216118	0.242036	0.00212022	-0.0349729	0.161454	-0.0155476	-0.0228292	0	
-0.045815	-0.0830961	0.375375	-0.0594135	0.260542	0.00615191	0.0753224	-0.0353278	0.0113885	-0.0641776	-0.0726209	-0.00723092	0.124377	0.0770382	0.129426	0.0368379	-0.0453455	0.441549	0.262098	0.242036	-0.00114232	-0.0296259	0.163276	-0.0216118	-0.0130283	
-0.045815	-0.0914513	0.375375	-0.0842646	0.206324	0.00332241	0.0753224	-0.0430185	0.0371794	-0.0422116	-0.0825362	-0.00723092	0.0507077	0.0911718	0.129426	-0.0239862	-0.0453455	0.525117	0.273655	0.240553	-0.00114232	-0.0213637	0.163276	0	0	-0.01892	
-0.045815	-0.0813963	0.375375	-0.0671223	0.206324	0.0730555	-0.0451152	0.00560684	0.0426043	-0.0533907	-0.0944475	-0.00723092	0.162509	0.0911718	0.127271	0.0578969	-0.0492639	0.670359	0.281024	0.192011	-0.00114232	-0.0325386	0.163276	-0.0243449	
-0.045815	-0.0834303	0.421158	-0.0671968	0.220038	-0.0200436	0.0730555	-0.0200434	0.00560684	0.038303	-0.0536332	-0.037368	-0.0186177	0.110621	0.0911718	0.122599	0.0516422	-0.0393965	0.474886	0.281024	0.192011	-0.0325386	0	0.163276	-0.0116064	
-0.045815	-0.0834303	-0.0742267	0.18125	-0.0163743	0.0730555	-0.00539601	0.0100231	0.0446863	-0.0403433	-0.0557642	-0.014763	0.222873	0.0704653	0.11084	-0.0127232	-0.0461279	0.161453	0.281024	0.192011	-0.0341324	0.00739743	0.163276	-0.0532452	0.421158	
-0.045815	-0.0894478	0.444352	-0.0783282	0.184614	-0.0163743	0.0700009	-0.0236912	0.0177557	0.034202	-0.0676606	-0.0481288	-0.014763	0.199617	0.0873353	0.110759	-0.028773	-0.0461279	0.148779	0.256057	0.17983	-0.0277803	0.0110991	0.163276	
-0.045815	-0.0894478	0.444352	-0.0878663	0.133662	-0.0163743	0.0700009	-0.024159	0.00116244	0.0523797	-0.0381413	-0.0533536	-0.014763	0.184099	0.0873353	0.110759	-0.0237826	-0.0499255	0.164533	0.256057	0.241021	-0.0419591	0.0110991	0.163276	
-0.045815	-0.092477	0.427685	-0.081781	0.133662	-0.018922	0.0663236	-0.00408441	0.0251462	0.0437101	-0.0649826	-0.0159663	-0.014763	0.136422	0.0873353	0.110759	0.0474626	-0.0443615	0.0632866	0.256057	0.241021	-0.0443862	-0.00565754	0.163276	0.0416158	0.0584857	
-0.0450744	-0.096641	0.401268	-0.0879513	0.165617	-0.018922	0.0670643	-0.03215	0.0119579	0.0437101	-0.0682906	0.0169206	-0.0140223	0.228083	0.110469	0.0970198	-0.00302608	-0.0420517	0.184805	0.256057	0.294981	-0.0356406	-0.00565754	0.164017	
-0.0423216	-0.0943105	0.398516	-0.105366	0.162864	-0.0216748	0.0670643	-0.0322752	0.0085985	0.0409572	-0.0723514	0.0169206	-0.0140223	0.0624141	0.110469	0.0990732	-0.0161657	-0.0479081	0.104075	0.226827	0.258403	-0.0413251	0.0105025	0.164062	-0.0268801	
-0.0516144	-0.103407	0.399241	-0.0976964	0.174412	-0.0209492	0.058628	-0.0318682	0.0221087	0.038498	-0.0656041	0.00835342	-0.0225896	0.30671	0.101902	0.0997988	-0.019095	-0.0471824	0.125651	0.227552	0.270864	-0.0405994	0.00329499	0.155495	0.0172797	-0.0567516	
-0.0516144	-0.105674	0.399241	-0.0829269	0.226448	-0.0280322	0.0517821	-0.0469603	0.0221087	0.038498	-0.0757274	-0.0225896	0.382462	0.101902	0.0940109	-0.00944172	-0.0498963	0.343305	0.208212	0.270864	0.195788	-0.0341075	0.00535685	
-0.0511227	-0.105674	0.388823	-0.0859384	0.212133	-0.028524	0.0620073	-0.0541308	0.021617	0.0572105	-0.0485906	-0.0225896	0.34788	0.101902	0.0884493	-0.00536119	-0.0448622	0.388869	0.20772	0.270373	0.195788	-0.0428306	-0.00269989	0.203808	
-0.0511227	-0.105394	0.338175	-0.0814747	0.174843	-0.0292857	0.0620073	-0.0444864	0.021617	0.0411765	-0.0476608	-0.0225896	0.353659	0.101902	0.0884493	-0.074757	-0.0505212	0.334724	0.237441	0.270373	0.195788	-0.0404534	-0.00269989	-0.0131218	
-0.0511227	-0.0975399	0.338175	-0.0715104	0.174843	-0.0292857	0.0535988	-0.036571	0.0278099	0.0411765	-0.0336892	-0.0170116	0.449213	0.101902	0.0685975	-0.0106202	-0.0376903	0.254903	0.237441	0.270373	0.205346	-0.0381721	-0.00269989	0.0885628	-0.00841136	0	
-0.0511227	-0.0975399	0.407811	-0.0904115	0.25206	-0.0292857	0.0531274	-0.0118616	0.0278099	0.0361179	-0.0676702	-0.0170116	0.455179	0.101902	0.0662187	-0.0589083	-0.039584	0.277708	0.235526	0.314664	0.226968	-0.0370129	-0.00269989	
-0.0503484	-0.0967656	0.458727	-0.10118	0.264975	-0.0321515	0.0539017	-0.0484977	0.0278099	0.0761831	-0.0738884	-0.0133747	0.404363	0.096221	0.060277	-0.0754827	-0.0399876	0.404108	0.242823	0.23057	0.231889	-0.0312283	-0.000610642	
-0.0503484	-0.0967656	0.458727	-0.0815851	0.245691	-0.0264794	0.0403353	-0.0537334	0.0151388	0.0913346	-0.0649794	-0.0133747	0.404363	0.0750824	0.0974153	-0.0595801	-0.03577	0.121562	0.242823	0.23057	0.21004	-0.0312283	-0.000610642	-0.0041958	0.0768278	0	
-0.0503484	-0.0956578	0.315008	-0.0823554	0.257271	-0.0198354	0.0403353	-0.0655724	0.0151388	0.0422667	-0.0522207	-0.0133747	0.196055	0.0750824	0.0969409	-0.0595801	-0.0287929	0.348525	0.242823	0.228505	0.212558	-0.0456615	-0.000610642	
-0.050476	-0.0957855	0.35905	-0.102186	0.257271	-0.0198354	0.0670744	-0.0505528	0.0239781	0.0422667	-0.0701522	-0.0135023	0.15546	0.119323	0.0969409	-0.0147891	-0.0305583	0.369363	0.242823	0.222458	0.209661	-0.0259558	-0.000610642	0.0247312	0	
-0.0494853	-0.0942526	0.35905	-0.0852588	0.265724	-0.0198354	0.0722788	-0.0313011	0.0114974	0.0439193	-0.02674	-0.0125116	0.101795	0.105736	0.116628	-0.0150785	-0.0305583	0.164601	0.240635	0.222458	0.210652	-0.0259558	0.0296535	0	
-0.0444917	-0.0903383	0.389283	-0.0805143	0.316027	-0.0278666	0.0739877	-0.0520154	0.00821267	0.0638015	-0.0488087	-0.0165788	0.0339249	0.107445	0.113343	-0.0737237	-0.035012	0.495162	0.23735	0.240605	0.194818	-0.0344735	0.00501529	
-0.0444917	-0.086601	0.34765	-0.0855454	0.299782	-0.0229056	0.0739877	-0.0440445	0.0320631	0.023593	-0.023331	-0.0165788	0.0814924	0.0911189	0.113343	-0.0933041	-0.0402798	0.21807	0.23735	0.250527	0.228547	-0.0344735	0.0190336	0.0389266	0.134183	
-0.0459342	-0.0860298	0.381416	-0.102941	0.301796	-0.0208919	0.0832322	-0.0406324	0.00987755	0.0256067	-0.0613108	-0.0205324	0.0692495	0.09169	0.115357	-0.0326018	-0.0382661	0.055897	0.239364	0.25254	0.229118	-0.0365323	0.166314	0.0210473	0	-0.0439205	
-0.0465496	-0.0929594	0.381416	-0.109967	0.301796	-0.0208919	0.0570236	-0.034594	0.0111686	0.0365353	-0.0678108	-0.0211478	0.0851846	0.0910747	0.115357	-0.0537704	-0.0382661	0.0897819	0.24038	0.226489	0.228502	-0.0325573	0.0210473	0.214981	0.0545766	0	0	
-0.0465496	-0.0754508	0.336923	-0.111652	0.30345	-0.0303978	0.0570236	-0.0506675	-0.00373592	0.0571067	-0.0771252	-0.0104651	0.0229402	0.0760517	0.115357	-0.0470049	-0.0382661	0.145905	0.260907	0.226489	0.221077	-0.0377529	0.00938635	0.0583402	0.301114	
-0.0465496	-0.0754508	0.336923	-0.110302	0.308446	-0.023972	0.0570236	-0.039129	0.00769124	0.0615402	-0.0771252	-0.0131496	0.00804728	0.0422596	0.115357	-0.0016223	-0.0520745	0.178852	0.260907	0.226489	0.210854	-0.0339164	0.00938635	0.110673	0.362657	-0.0293292	
-0.0465496	-0.0754508	0.310102	-0.110699	0.329225	-0.023972	0.0796131	-0.0667035	-0.0167682	0.0713697	-0.0811906	-0.0131496	0.0929291	0.0422596	0.113966	-0.0146547	-0.0341154	-0.00250733	0.260907	0.167875	0.177793	-0.0339164	-0.00122954	0.110673	0.431428	
-0.0465496	-0.0754508	0.321952	-0.110699	0.329225	-0.023972	0.0796131	-0.0667035	0.00502144	0.0968508	-0.0636673	-0.0131496	0.101948	0.0422596	0.113966	-0.041383	-0.0376564	0.368685	0.260907	0.165793	0.200208	-0.0339164	-0.00122954	0.110673	0.340773	
-0.0465496	-0.0782571	0.405149	-0.0948652	0.302282	-0.0289618	0.0924793	-0.0560428	-0.0100121	0.0855838	-0.0462455	-0.0228539	0.0994762	0.0422596	0.113966	-0.0339004	-0.0310318	0.368397	0.260907	0.168562	0.200208	-0.0270863	-0.00122954	0.0717236	0.241258	0	
-0.0452464	-0.0782571	0.403846	-0.100523	0.300979	-0.030265	0.0924793	-0.0685943	0.00113484	0.0842806	-0.0672021	-0.0159348	0.0401437	0.0422596	0.112663	-0.0330816	-0.0419579	0.368397	0.259604	0.16563	0.200208	-0.0292484	0.0118841	0.145285	0.389937	
-0.0452464	-0.0782571	0.361429	-0.114631	0.300979	-0.030265	0.110938	-0.0635248	0.00309051	0.0474428	-0.0592399	-0.0159348	0.0893051	0.0422596	0.112143	-0.0118037	-0.040663	0.24035	0.242259	0.213332	0.200208	-0.0200116	0.00517215	0.127605	0.301422	0.18277	0	0	0	
-0.0452464	-0.0847239	0.361429	-0.12301	0.221939	-0.030265	0.110938	-0.0750987	-0.0217555	0.021087	-0.0496142	-0.0159348	0.0277879	0.0331264	0.112143	-0.0589362	-0.040663	0.26527	0.242259	0.237628	0.219475	-0.0173451	0.00517215	0.105523	0.307367	0.083316	0	
-0.044718	-0.0896162	0.361429	-0.125705	0.169838	-0.030265	0.111467	-0.0650912	-0.0217555	0.0132145	-0.0564663	-0.0153071	0.0210475	0.0336548	0.112143	-0.0527163	-0.0403411	0.166326	0.242259	0.304659	0.220004	-0.0193526	-0.00657271	0.127147	0.307895	
-0.044718	-0.0924217	0.361429	-0.120325	0.135096	-0.0257976	0.113776	-0.073839	-0.00661673	0.00727338	-0.0464674	-0.0153071	0.0143082	0.0472591	0.112143	0.00537347	-0.0379343	0.0696778	0.301759	0.328757	0.220004	-0.0279534	-0.00657271	0.148185	0.453387	0	0.0260196	
-0.044718	-0.0924217	0.317718	-0.121657	0.130071	-0.0257976	0.113776	-0.0680532	-0.00639152	0.00727338	-0.0467393	-0.0162117	0.0594441	0.0499192	0.121713	0.00537347	-0.0394395	0.00921379	0.307386	0.273552	0.220004	-0.0249293	-0.00943504	0.148185	0.453387	0	
-0.044718	-0.0978921	0.299244	-0.119688	0.113038	-0.0256244	0.113776	-0.0731251	-0.00639152	0.0593334	-0.0533769	-0.0194474	0.0423972	0.0499192	0.109587	-0.02024	-0.0362599	0.0565715	0.307386	0.273552	0.207063	-0.0160195	-0.00229716	0.133273	0.479216	0.024322	0	
-0.0481786	-0.0965656	0.418809	-0.12612	0.179541	-0.0225403	0.110315	-0.0712703	-0.00639152	0.0610743	-0.0429151	-0.0183854	0.00459933	0.0531371	0.102991	-0.0258957	-0.0320786	0.000779216	0.268729	0.273274	0.203602	-0.0163169	-0.00960547	0.13545	0.475755	0.123739	0.0418218	
-0.0480548	-0.0965656	0.410038	-0.122026	0.179417	-0.0226641	0.110315	-0.0724083	0.00489227	0.0561613	-0.0688453	-0.012518	0.0643994	0.0381222	0.103388	-0.0666018	-0.0322024	0.0548696	0.270394	0.27315	0.203602	-0.0164407	-0.00573305	0.126602	0.442888	
-0.0485669	-0.0970777	0.420598	-0.116432	0.129818	-0.0226641	0.109803	-0.0731391	-0.0178442	0.0339818	-0.0646883	-0.01303	0.114921	0.0367781	0.103388	-0.0196691	-0.0322024	0.381897	0.270394	0.222749	0.215188	-0.0343778	-0.0137101	0.0933091	0.289082	
-0.0485669	-0.0898455	0.420598	-0.12725	0.184194	-0.0226641	0.113	-0.0771477	0.00296223	0.0339818	-0.0646883	-0.01303	0.028359	0.0367781	0.103388	-0.0478073	-0.0357201	0.112891	0.270394	0.201607	0.215188	-0.0217471	-0.0161366	0.127708	0.371326	-0.0153538	0.0935392	
-0.0485669	-0.0898455	0.375022	-0.121509	0.184194	-0.0226641	0.113	-0.060047	0.0102201	0.0339818	-0.0563138	-0.01303	0.00304791	0.0367781	0.103388	-0.0733001	-0.045333	0.350278	0.258114	0.206384	0.203617	-0.0393239	-0.0161194	0.127708	0.371326	
-0.0485669	-0.0898455	0.375022	-0.103976	0.184194	-0.0269346	0.108529	-0.0757015	0.0160324	0.00424597	-0.0602114	-0.01303	-0.042191	0.0238042	0.103388	-0.0395703	-0.0508429	0.147277	0.258114	0.206384	0.203617	-0.0325534	0.00977423	0.103626	0.364058	0	
-0.0506539	-0.0959618	0.375022	-0.106063	0.17381	-0.0269346	0.106442	-0.0536116	0.0090206	0.0433035	-0.048804	-0.0151171	0.0229499	0.0120073	0.0787268	0.0175291	-0.0489822	0.157177	0.258114	0.206384	0.180706	-0.0345901	0.00977423	0.103626	0.361971	0	
-0.0506539	-0.0959618	0.351651	-0.0897023	0.107488	-0.0266728	0.106442	-0.0721189	0.0090206	0.030313	-0.0382113	-0.0109534	0.022726	0.0134089	0.0787268	0.0175291	-0.0489822	0.489021	0.258114	0.232813	0.180706	-0.0345901	0.00977423	0.103626	0.391173	
-0.0506539	-0.0919781	0.351651	-0.0778172	0.112122	-0.0293556	0.106442	-0.061419	0.0090206	0.0159279	-0.0382113	-0.0270421	0.0199234	0.0134089	0.0830938	-0.0112805	-0.0489822	0.418906	0.226561	0.232813	0.180706	-0.0445495	0.0111497	0.103626	0.4185	0.0764075	0	-0.00485052	
-0.0506539	-0.0999917	0.379706	-0.0899023	0.124955	-0.0293556	0.106442	-0.061419	0.023512	0.0368178	-0.0317785	-0.0270421	-0.0432456	0.0134089	0.0830938	-0.0436528	-0.0489822	0.262083	0.221102	0.217417	0.194109	-0.0355996	0.00811596	0.160101	0.4185	0.191374	
-0.0506539	-0.0980105	0.37098	-0.114486	0.11462	-0.0293556	0.106442	-0.0433265	0.0262934	0.0368178	-0.0343371	-0.0270421	-0.0583115	0.0134089	0.0884941	-0.0738202	-0.0489822	0.463679	0.168241	0.263996	0.16649	-0.0415998	0.00811596	0.237175	0.431034	0.15024	0.0528614	0	
-0.0506539	-0.0988293	0.389801	-0.110352	0.122626	-0.0293556	0.106442	-0.0576225	0.0183165	0.0198155	-0.00405664	-0.0252728	-0.054086	0.0134089	0.0884941	-0.0738202	-0.0489822	0.237649	0.250559	0.263996	0.16909	-0.0340458	0.00811596	0.2653	0.457603	0.158321	-0.167474	
-0.0506539	-0.0917562	0.411484	-0.101228	0.146132	-0.0239981	0.100008	-0.0376054	0.021308	0.0198155	-0.0367352	-0.0252728	-0.0168028	0.0134089	0.102721	-0.0671276	-0.0467406	0.212212	0.161915	0.263996	0.16909	-0.0412313	0.00811596	0.156192	0.427328	0.114517	0.0886434	0.0255442	0	
-0.0506539	-0.102663	0.383189	-0.112662	0.153355	-0.0239981	0.100008	-0.0488742	0.00613549	0.0284395	-0.0550417	-0.0130809	0.00397911	0.0505595	0.102721	-0.0755016	-0.0440313	0.270574	0.17256	0.292387	0.16909	-0.041415	0.00811596	0.256699	0.427328	0.114517	0.077999	0	0	0	
-0.0494222	-0.102663	0.357969	-0.112662	0.137954	-0.0252297	0.100008	-0.0385073	0.00546966	0.0272078	-0.057042	-0.0302634	0.0395883	0.0325617	0.0863955	-0.0576904	-0.0452629	0.142463	0.249327	0.312892	0.16909	-0.0429607	-0.00182612	0.278029	0.39923	0.114517	0.0872305	
-0.0494222	-0.102232	0.384819	-0.116825	0.190376	-0.0244855	0.100008	-0.0448454	0.00546966	0.03185	-0.0767471	-0.0302634	-0.00423998	0.0406473	0.0863955	-0.0712324	-0.0449865	-0.0487094	0.196375	0.277752	0.16909	-0.0491382	0.00869468	0.272261	0.38895	0.0976232	0	
-0.0494222	-0.102232	0.459986	-0.116825	0.190376	-0.0244855	0.100008	-0.0448454	0.00249231	0.015695	-0.00447309	-0.0314879	-0.00828168	0.0406473	0.0863955	-0.0444836	-0.0458351	-0.0161524	0.221913	0.265039	0.171982	-0.0374498	0.00882499	0.238853	0.329358	0.0976232	0	0.0195392	
-0.0494222	-0.100288	0.415455	-0.110023	0.190376	-0.0266266	0.0997937	-0.0289341	-0.0117766	0.00139549	-0.0296046	-0.0314879	0.102543	0.0242533	0.0863955	-0.0444836	-0.0458351	-0.0264659	0.23513	0.265039	0.188244	-0.0371096	0.00882499	0.1992	0.301964	0.150783	0.0304493	0.051448	-0.0206711	
-0.0494222	-0.0994638	0.50144	-0.110023	0.213514	-0.0266266	0.11276	-0.0327515	-0.0117766	0.00139549	-0.0181512	-0.0314879	0.0208652	0.0241644	0.0863955	-0.0444826	-0.0474124	-0.0286306	0.23513	0.265039	0.155709	-0.0423001	0.00876416	0.163777	0.332866	0.044442	0.051448	-0.0382434	0	
-0.0494222	-0.108971	0.50144	-0.123045	0.199213	-0.0237255	0.11276	-0.0344453	0.0267215	0.0348919	-0.0606983	-0.0314879	0.0194284	0.0241644	0.0863955	-0.0540395	-0.0521032	0.0411883	0.23513	0.265039	0.155709	-0.0407861	0.00876416	0.183702	0.332866	0.113404	0.0786861	-0.0356277	0.0611502	
-0.0465633	-0.106193	0.422935	-0.120574	0.196355	-0.0263538	0.11276	-0.0428003	0.0238626	0.0243258	-0.0695343	-0.0251719	0.0401607	0.0241644	0.0835366	-0.0532539	-0.0549621	0.0751262	0.232271	0.26218	0.142253	-0.0389997	0.00590524	0.180843	0.240334	0.113404	0.0758272	0.0343519	0.010081	
-0.0465633	-0.111856	0.403098	-0.118704	0.179644	-0.0263538	0.117593	-0.0466514	0.0238626	0.0395179	-0.0666875	-0.0129076	0.0777253	0.0099159	0.0835366	-0.0523222	-0.0595746	0.0725824	0.220338	0.18096	0.142253	-0.0455772	0.00590524	0.180843	0.160676	0.113404	0.0617022	
-0.0467359	-0.113133	0.494052	-0.113931	0.179817	-0.0261811	0.117593	-0.0319641	0.0171764	0.0396905	-0.0508889	-0.0129076	0.00915277	0.041382	0.0853513	-0.0598511	-0.0591866	0.144182	0.243817	0.217447	0.125286	-0.0454046	0.00607788	0.126941	0.220071	0.123449	0.0618749	
-0.0467359	-0.110473	0.48748	-0.129653	0.171969	-0.0261811	0.117593	-0.0476177	0.0158309	0.0396905	-0.0429027	0.0928732	-0.0280917	0.00915277	0.00935252	0.0839329	-0.0750516	-0.0542193	0.0244124	0.243817	0.267658	0.106822	-0.0371376	0.00607788	0.137173	0.269865	0.214237	0	
