0.411467	0.0245117	0.00784103	0.0439057	0.1344	0.024404	0.139066	-0.0178422	0.285361	0.10216	0.213269	0	0	0	0	0	0	0	0	0	0	0	0	0	0	0	0	0	0	0	0	0	0	0	0	0	0	0	0	0	0	0	0	0	0	0	0	0	0	0	0	0	0	0	0	0	0	0	0	0	0	0	0	0	0	0	0	0	0	0	0	0	0	0	0	0	0	0	0	0	0	0	0	
0.411467	0.0245117	0.00784103	0.0439057	0.1344	0.0366742	0.13247	-0.0225016	0.278765	0.111517	0.000441899	-0.0260376	0.10063	0.0546978	-0.0371302	0	0	0	0	-0.000356891	0	0.0117119	-0.0215724	-0.0254615	-0.0319915	0	0.0297454	0	0.0112686	0.0943194	-0.0112686	0.0549905	0.00233588	-0.00237811	0.0135368	-0.020539	0.00211933	0	-0.00713028	-0.228408	0.059402	0.213269	0.0189379	-0.00935633	-0.0908867	0.0065955	-0.024162	0.0237459	0.358056	0.0599933	0	
0.422119	0.0245117	0.00784103	0.0439057	0.127537	0.0366742	0.139066	-0.0225016	0.319543	0.028952	-0.0118538	0.0513562	-0.0224586	0.0467693	0.0233273	0.0373885	0.0405028	0.0326082	-0.00592349	0.149687	-0.0207559	0.0245117	-0.0327694	0.0112686	0.0600212	0.0208921	0.0133009	0.0508205	0.00736792	-0.00891824	0.0371937	0.220132	-0.00300896	-0.0248966	
0.422119	0.0245117	0.00784103	0.0590259	0.127363	0.0211875	0.139066	-0.0225016	0.170904	-0.0168886	-0.0308707	0.0373885	-0.0224586	0.0786353	0.0773776	0.172381	-0.00961681	0.0433444	-0.015087	0	-0.032549	0.0295661	0.00321533	0	0.425137	0.0608393	0.220306	-0.00891824	0.0467693	0.0405028	0.0286493	
0.410369	0.0245117	0.00784103	0.0535059	0.127363	0.0258638	0.139066	0.00659841	-0.0372959	0.170904	-0.00711003	0.0432193	-0.0367709	0.0634317	0.0930491	0.172381	0.027122	0.0264121	-0.015087	0	0.025583	0.425137	-0.0266917	0.0249847	0.156023	-0.0218853	0.0467693	0.0666732	-0.0225016	
0.403455	0.0218704	0.00519976	0.0390533	0.127363	0.0258638	0.139066	0.00659841	-0.0399372	0.00164435	-0.0344419	0	0.0361233	0.0209519	-0.0368595	0.0634317	0.0154209	0.160749	0.0244808	0.0486359	-0.0164313	-0.0251429	-0.015698	0.422383	-0.0372483	0.0099788	0.156023	-0.0812137	0.0467693	0.0640319	
0.387653	0.0218704	0.00519976	0.0390533	0.161096	0.0258571	0.139066	0.00659841	-0.0399372	-0.0331722	0.12229	0.025155	0	0.194893	0.0349583	-0.0398674	0.0279488	-0.0216619	0.176006	-0.00476819	0.0720907	-0.0261998	-0.0251429	-0.015698	0.414943	-0.0371819	0.0559322	0.0467693	
0.387653	0.0218704	0.00519976	0.0508079	0.161096	0.0259988	0.133551	0.00659841	-0.0232179	-0.0173606	0.12229	-0.0104738	0	0.141781	0	0.0442155	-0.00238408	0.0387852	-0.00174893	0.194225	-0.00471873	0.0369208	-0.0195384	-0.0251429	-0.043885	0.443281	-0.0618096	0.0296741	0.0467693	
0.387653	0.0218704	0.00519976	0.0409046	0.171173	0.0259988	0.133551	0.00659841	-0.0232179	-0.0173606	0.114424	0.00833839	0	0.0998932	-0.0294389	0.000163378	0.0343218	0.0369208	0	-0.035264	0.0980761	0.0358935	0.194225	0.00650553	-0.0344821	0.443281	-0.0555228	0.0828981	0.0467693	
0.418728	0.0218704	0.00519976	0.0409046	0.134896	0.0342834	0.133551	0.00470738	-0.0232179	-0.0457335	0.150702	0.0308525	0	0.0967724	-0.0294389	0.0313843	-0.000632834	0.0241663	-0.0362734	-0.0375808	0	-0.060379	0.0886014	0.389533	0	0	-0.0368151	0.211605	0.00650553	-0.0497599	0.0403141	0.0708167	
0.356956	0.0211815	0.00519976	0.0415935	0.125802	-0.0439301	0.148561	-0.0768392	-0.0232179	0.145824	0.159795	0.00389963	0.0218704	0.0846353	-0.0362122	-0.00937375	-0.0310295	0.0800202	-0.060379	-0.019644	0.0888263	0.389533	0.0708167	-0.0515866	0	0.00470738	-0.022092	0.0227442	-0.0256745	0.0329098	
0.356956	0.0211815	0.00519976	0.0497753	0.146945	-0.0504298	0.148561	-0.0800867	-0.0339177	0.145824	0.138652	0.0382011	0.000688896	0.0529746	-0.0200568	0.0420102	-0.033387	0.0800202	-0.0698728	0.00342091	0.0888263	0.389533	0.0708167	-0.0567002	0.0434659	-0.00413688	0.0375521	0.0227442	
0.356956	0.0212014	0.00519976	0.0444918	0.0819172	-0.045725	0.139838	-0.0167677	-0.035862	0.118259	0.20368	0.00686677	0.0218704	0.0701081	-0.0200568	0.0420102	-0.0287201	0.0939944	-0.0786102	0.00342091	0.0285489	0.389533	0.0645366	-0.0548012	0.0454638	-0.00413688	-0.0348217	0.0203931	0.0155623	-0.00519976	0	
0.367421	0.0212014	0.00519976	0.0444918	0.116125	-0.0384287	0.131065	-0.0495984	0.157302	0.169473	0.00686677	0.0218704	0.159707	-0.00959925	0.0574225	-0.0289668	0.104456	-0.0708971	0.0323666	0.0253175	0.0799522	0.389533	0.0645366	-0.0538944	0.0454638	-0.00413688	-0.0274789	0.0203931	
0.368	0.02178	0.0057783	0.0476785	0.0885372	-0.0492685	0.119231	-0.0457447	0.15788	0.139581	0.00235932	0.022449	0.238859	-0.016027	0.0735516	-0.0144745	0.104456	-0.0807303	-0.00153504	0.025896	0.0799522	0.31467	0.0645366	-0.0555305	0.0305146	0.00169078	-0.0116478	0.0349492	
0.367078	0.0208584	0.00352938	0.057606	0.0886672	-0.0528536	0.120559	-0.024733	0.16274	0.160853	0.00417017	0.0215273	0.118665	0.0328448	0.095941	-0.0216065	0.105783	-0.0754287	0.0863064	0.0156305	0.0835166	0.366907	0.0658639	-0.0584493	-0.00627506	0.0030181	0.000712337	0.0170439	0.017446	
0.367078	0.0208584	0.00352938	0.0439906	0.0858177	-0.0325338	0.113531	-0.0480518	0.149634	0.234036	-0.0140421	0.0215273	0.176933	-0.0200088	0.095941	-0.0382817	0.105783	-0.0753299	0.0898047	-0.00139826	0.0835166	0.466941	0.0609053	-0.0625043	0.0248758	0.0030181	-0.0375447	0.0313082	0.132293	0	
0.318795	0.0208584	0.00352938	0.0569397	0.0919558	-0.0396356	0.113531	-0.0529814	0.145618	0.227898	-0.00705331	0.0215273	0.152088	0.0196268	0.095941	-0.0185247	0.122175	-0.0758343	0.0321026	-0.00139826	0.113055	0.386401	0.0397539	-0.0665823	0.0264348	0.0030181	-0.00394002	0.0243033	-0.0261696	-0.0383452	0	0	0	
0.318795	0.0208584	0.00446358	0.0569397	0.0910216	-0.0601982	0.112597	-0.0646756	0.113183	0.227898	-0.0316625	0.0219204	0.124909	0.0401894	0.0870059	-0.0478594	0.121241	-0.0709214	-0.0521841	0.01421	0.112121	0.411539	0.0596409	-0.0665823	-0.040232	0.0020839	0.0143339	0.0328481	0.0470718	
0.31798	0.0217635	0.00446358	0.06115	0.0910216	-0.0586656	0.112597	-0.0590906	0.140877	0.223458	-0.00728502	0.0219204	0.202001	0.0386568	0.0870059	-0.057831	0.103802	-0.0639489	-0.0521841	0.0334328	0.0692101	0.437378	0.0596409	-0.0665823	-0.0375048	0.00685919	0.0320623	0.0328481	0.0353331	
0.31798	0.0217635	0.00446358	0.06115	0.09852	-0.0586656	0.112597	-0.0547072	0.132067	0.21596	0.0116824	0.0219204	0.193721	0.0346198	0.0870059	-0.0581363	0.0892138	-0.0639489	-0.0150146	0.0116341	0.0834076	0.437378	0.0637214	-0.0616264	-0.0482456	0.00685919	-0.00312273	0.0393981	0.00255251	
0.3704	0.0217635	0.00446358	0.06115	0.09852	-0.0443715	0.0887468	-0.0506267	0.137679	0.154258	-0.00903366	0.0226519	0.0823554	0.0203256	0.0917812	-0.0545757	0.145216	-0.0657608	-0.000109843	0.0317444	0.0834076	0.437378	0.0637214	-0.0588366	-0.0482456	0.00685919	-0.0153473	0.0152736	
0.3704	0.0178831	0.00446358	0.0650304	0.09852	-0.0579145	0.113628	-0.0545567	0.137679	0.154258	-0.00431476	0.0226519	0.192123	0.0338686	0.0917812	-0.0545757	0.0679118	-0.0697849	-0.0312641	0.04849	0.0928919	0.475178	0.0637214	-0.0527502	-0.0183107	0.00529444	0.0210816	0.0369689	
0.3704	0.0178831	0.00446358	0.0650304	0.0911419	-0.0531839	0.113628	-0.0545567	0.137679	0.19419	-0.00584455	0.0226519	0.101212	0.029138	0.0815647	-0.0578429	0.0679118	-0.058215	-0.0185651	0.0211936	0.124751	0.475178	0.0637214	-0.059304	0.0154567	0.00529444	-0.0208929	0.0217365	
0.3704	0.0178831	0.00446358	0.0544238	0.0843601	-0.0503376	0.110631	-0.0470663	0.137679	0.200972	0.00878447	0.0226519	0.1416	0.0262917	0.121004	-0.0348322	0.0355601	-0.0636371	-0.0323762	0.0211936	0.10889	0.475178	0.0637214	-0.0626689	-0.0290878	-0.00124095	0.0482873	0.0217365	
0.3704	0.0178831	0.00446358	0.0612109	0.0843601	-0.0503376	0.12364	-0.0470663	0.143871	0.200972	0.0019086	0.0226519	0.167795	0.0174259	0.121004	-0.0486013	0.0223356	-0.0889167	0.0142609	0.0406042	0.10889	0.475178	0.0814725	-0.0473782	-0.0358306	-0.00124095	0.0747635	0.0217365	0.0141007	
0.3704	0.0211476	0.00446358	0.0572653	0.130499	-0.0620995	0.12364	-0.039538	0.142762	0.154833	-0.046758	0.0226519	0.164531	0.0333951	0.0923246	-0.0619821	0.0580154	-0.0874624	0.0257033	0.0499291	0.129953	0.475178	0.0814725	-0.0567992	-0.00477694	-0.00169057	0.0341733	0.0217365	0.0609319	
0.3704	0.0191736	0.00278646	0.0743545	0.10399	-0.0598708	0.125317	-0.0165618	0.117577	0.183019	-0.0193933	0.0204314	0.113707	0.0311665	0.0940017	-0.0557198	0.0309825	-0.0817726	-0.0195169	0.0274438	0.13163	0.382547	0.0706006	-0.0535484	-0.0381893	-1.34502e-05	0.116983	0.0239569	0.0241525	
0.3704	0.0191736	0.00278646	0.0743545	0.107168	-0.0714095	0.125317	-0.020356	0.112446	0.179841	-0.0139384	0.0204314	0.355137	0.0427052	0.0940017	-0.0569587	0.00188502	-0.083597	-0.0133059	0.066116	0.139132	0.382547	0.0706006	-0.050708	-0.034199	-1.34502e-05	0.0492025	0.0239569	-0.0432432	
0.3704	0.0191736	0.00278646	0.0743545	0.106447	-0.0573801	0.125317	-0.020356	0.124023	0.15415	-0.0256251	0.0184957	0.330744	0.0306138	0.1057	-0.0446755	0.00188502	-0.0844949	-0.0304193	0.0551179	0.170844	0.382547	0.0706006	-0.0582008	-0.0366419	-1.34502e-05	0.205139	0.0319116	0.0563452	
0.411259	0.0220194	0.00398811	0.090437	0.112269	-0.0605716	0.125317	-0.0148946	0.196003	0.155627	-0.0256251	0.0177052	0.213744	0.0350069	0.0893645	-0.0406112	0.0765269	-0.0721199	-0.0444698	0.0476919	0.152146	0.355186	0.0468095	-0.0436065	-0.0382326	-1.34502e-05	0.11148	0.0339038	
0.408548	0.0127904	0.0012771	0.096955	0.112269	-0.0560338	0.125317	-0.0230948	0.193292	0.155627	0.00398996	0.00220376	0.176128	0.0277581	0.100824	-0.034393	0.0539477	-0.0855917	0.00991353	0.0449809	0.152146	0.37396	0.0388845	-0.0432623	-0.00761377	-1.34502e-05	0.0563954	0.0339038	-0.0610607	
0.408548	0.0127904	0.0012771	0.0891711	0.0766783	-0.0665423	0.125317	-0.0230948	0.193292	0.191218	0.00709194	7.27411e-05	0.239268	0.0388529	0.128375	-0.0290714	0.0779167	-0.0765269	-0.0456784	0.053677	0.152146	0.358955	0.0388845	-0.0592562	0.00783845	-1.34502e-05	0.0873523	0.0360348	
0.408548	0.0127904	0.0012771	0.0891711	0.114035	-0.0645818	0.125317	-0.0113733	0.193292	0.172977	-0.0208541	7.27411e-05	0.373649	0.0368924	0.128375	-0.0301521	0.0779167	-0.090162	-0.054527	0.0511496	0.123225	0.436156	0.0371472	-0.0582705	0.0150003	0.00155801	0.0834426	0.0414226	
0.408028	0.0122712	0.000757898	0.0789605	0.114035	-0.067207	0.125317	-0.00169713	0.120279	0.172977	-0.011735	0.0102885	0.381619	0.0389984	0.156811	-0.032013	0.0779167	-0.0931697	-0.000917231	0.0506304	0.206402	0.436156	0.0432099	-0.0604984	0.0395731	-0.00158877	0.125106	0.043478	
0.41081	0.0150532	0.00353992	0.109151	0.114035	-0.0644249	0.125317	0.00356903	0.109081	0.170673	0.0197537	0.0212436	0.292822	0.0389984	0.156811	-0.0574686	0.0779167	-0.0750811	-0.000917231	0.0313435	0.20693	0.449358	0.0432099	-0.0577163	0.0423551	-0.000631914	0.0517616	0.0353049	0	
0.403533	0.0237475	0.000480073	0.08626	0.100599	-0.0674848	0.125317	-0.0136004	0.0506794	0.225323	-0.0341031	0.0184687	0.129184	0.0389984	0.146917	-0.0556266	-0.0750662	-0.00103612	0.0169546	0.149336	0.402859	0.0467507	-0.059123	0.00359641	-0.000831914	0.0748181	0.0213095	
0.403533	0.0237475	0.000480073	0.0681016	0.0970361	-0.0653176	0.118055	0.00591859	0.0819109	0.195612	-0.0309269	0.0184687	0.171849	0.0387953	0.146917	-0.0496078	-0.0750662	-0.0720733	0.019161	0.185643	0.402859	0.0712212	-0.0554097	-0.0140609	-0.007583	0.142745	0.0343912	
0.406729	0.00527877	0.000480073	0.0681016	0.0970361	-0.0685745	0.118055	0.00872999	0.0819109	0.228677	0.0130011	0.0184687	0.0923222	0.0482622	0.14947	-0.0444159	0	-0.075349	-0.0720733	-0.00287556	0.185643	0.396807	0.0712212	-0.0522433	-0.0206182	-0.007583	0.108503	0.0343912	0.0677482	-0.0342033	
0.406729	0.0110822	-0.00117734	0.0704978	0.0986936	-0.0535097	0.119713	2.87209e-05	0.106858	0.230809	0.0416743	0.0184687	0.0513963	0.0362733	0.151127	-0.0435078	-0.0244357	-0.0746808	-0.0710062	0.0382457	0.165478	0.398465	0.0728786	-0.0538617	0.0257472	-0.00592559	0.11016	0.0378953	-0.00906034	
0.404919	0.0110822	-0.00117734	0.0704978	0.148317	-0.0551659	0.119713	0.0608661	0.0636423	0.101208	0.0399787	0.0184687	0.0796625	0.0379295	0.153012	-0.0421674	0.00689699	-0.0804348	0.00922236	0.00866914	0.165478	0.398465	0.0656878	-0.0373735	-0.0227222	-0.00423003	0.107052	0.0279428	0.00468934	
0.404919	0.0110822	-0.00117734	0.0704978	0.148317	-0.0306416	0.0184687	0.119713	0.119187	0.162864	0.0469217	-0.00423003	0.186281	0.0134052	0.175756	-0.0480584	-0.0108499	-0.0878608	-0.0129171	0.00866914	0.250952	0.398465	0.0036723	-0.0514311	0.083872	0.107052	0.0279428	
0.409898	0.0110822	-0.00131031	0.0921424	0.14845	-0.0306416	0.0184687	0.119846	0.119187	0.162864	0.0117213	-0.00199917	0.117178	0.0134052	0.175889	-0.058425	-0.0156938	-0.0820081	-0.0144972	0.0135311	0.251085	0.397663	0.0138754	-0.0500467	0.0804391	-0.00483774	0.107185	0.0281612	0.0600109	
0.409898	0.0279993	-0.00279211	0.093694	0.149932	-0.0392273	0.0184687	0.137519	0.119187	0.162864	0.0117213	-0.000517372	0.135895	0.0219909	0.169246	-0.0569432	0.0312612	-0.0793682	-0.00617191	0.0115737	0.252567	0.374729	0.0138754	-0.0435959	0.0884676	0	0.0669279	0.0281612	0	
0.409898	0.0279993	-0.00279211	0.0946505	0.154557	-0.0380278	0.0130252	0.138462	0.137883	0.14809	0.056006	0.0111006	0.225319	0.0171754	0.172011	-0.0451552	0.0100614	-0.0766079	-0.00641601	0.0104594	0.301077	0.395076	0.019469	-0.0435959	0.0512145	0	0.0669279	0.0336047	-0.0104731	
0.409898	0.0331798	-0.00279211	0.08947	0.160027	-0.0380278	0.0130252	0.157484	0.164945	0.15442	0.0335564	7.60576e-05	0.320721	0.0166341	0.154182	-0.0411331	0.0133199	-0.0778725	0.0232592	0.0247589	0.273473	0.395076	0.019469	-0.0574674	0.0512145	0.0245199	0.0336047	
0.421867	0.0324177	-0.00612695	0.090232	0.138003	-0.0372555	0.0107614	0.160819	0.109047	0.163572	0.0284731	0.013026	0.300988	0.0144513	0.136541	-0.0329886	0.0133199	-0.0644909	-0.015747	0.0180499	0.276808	0.368157	0.019469	-0.0484164	0.0545494	0.00792858	0.0513943	
0.421867	0.0161926	-0.00612695	0.0618696	0.138297	-0.0284526	0.0131618	0.160819	0.145511	0.185201	0.0563275	0.00222882	0.213751	0.0056484	0.141032	-0.0329886	-0.0362486	-0.0633142	-0.030007	0.0154547	0.276808	0.467249	0.00741217	-0.0570117	0.0546773	7.98112e-05	-0.00222882	0.0489938	0	
0.421867	0.0293544	-0.00612695	0.0618696	0.161158	-0.0284526	0.0131618	0.160819	0.145511	0.177126	-0.00392988	0.0181512	0.189992	0.0056484	0.141032	-0.0444072	0.00403511	-0.0645024	0.00440314	0.0164	0.276808	0.453756	0.00741217	-0.0570117	0.0546773	0.0179302	0.0489938	0.0992581	
0.423083	0.0274811	-0.00612695	0.0637429	0.194793	-0.021133	0.0131618	0.160819	0.131226	0.132623	0.0306048	0.0275579	0.141748	0.00862494	0.126491	-0.0473512	-0.00533762	-0.0520445	0.0264279	0.0164	0.276808	0.414971	0.00741217	-0.0699542	0.0630648	0.00183058	0.0489938	0.0712914	-0.00812908	0.00701911	
0.380551	0.0274811	-0.00612695	0.0425046	0.194793	-0.021133	0.010135	0.167615	0.131226	0.132623	0.0306048	0.0275579	0.124598	0.00862494	0.122742	-0.0435134	-0.020848	-0.0520445	0.0720212	0.0232257	0.315897	0.414971	0.00741217	-0.0532402	0.0567512	0.0255724	0.0520206	0.0760295	
0.380551	0.0274811	-0.00626504	0.0664529	0.19974	-0.021133	0.010135	0.167753	0.148817	0.0686151	0.0311139	0.0177918	0.15152	0.00469665	0.12288	-0.0433753	-0.017407	-0.0329399	0.10194	0.0721294	0.316035	0.358199	0.00882999	-0.0610754	0.0568893	0.0257105	0.0520206	0	
0.38493	0.0274811	-0.00584527	0.0671612	0.24246	-0.0425398	0.010135	0.167333	0.188888	0.0470267	-0.00452754	0.017372	0.0430664	0.0261035	0.101545	-0.0430013	-0.017407	-0.0565813	-0.00886987	0.0422885	0.337478	0.385112	-0.0103445	-0.0683811	0.0508421	0.0148874	0.0461262	-0.000419771	
0.390838	0.0274811	-0.00584527	0.0692711	0.24246	-0.0244762	0.010135	0.167333	0.128412	0.00232573	0.0105935	-0.00141981	0.147837	0.00945062	0.101545	-0.0284401	-0.0100583	-0.0634191	-0.0266967	0.0243724	0.337478	0.358954	-0.0105609	-0.0609701	0.04081	0.00932129	0.0395028	
0.390838	0.0274811	-0.00584527	0.0692711	0.235965	-0.0244762	0.010135	0.167333	0.108644	0.102624	0.0232838	-0.00506259	0.19449	0.00945062	0.0872089	-0.0187834	0.0164713	-0.0490018	-0.0176345	0.021935	0.344699	0.358954	0.00323096	-0.0547805	0.0446827	-0.000645999	0.0515112	-0.00973487	
0.392673	0.0249934	-0.00401026	0.065597	0.235639	-0.0226412	0.00418762	0.167333	0.142763	0.0393282	0.0283811	-0.00506259	0.224861	0.00945062	0.103432	-0.016937	0.0219345	-0.0471667	-0.0629807	0.00134423	0.344699	0.386037	0.00506597	-0.0599544	0.0446827	0.0251815	0.0592936	
0.443516	0.0249934	-0.00401026	0.065597	0.158355	-0.0128409	0.00418762	0.167333	0.166821	0.135601	0.0200051	-0.00506259	0.243583	0.00399242	0.109989	-0.0151534	0.0338403	-0.0589142	0.00252546	0.00134423	0.349931	0.386037	0.00506597	-0.0665875	0.0600071	-0.00041673	0.0592936	0	
0.443516	0.0249934	-0.00401026	0.065597	0.158355	-0.024389	0.0102655	0.167333	0.12992	0.135601	-0.00778338	0.00277249	0.414524	0.00977436	0.135984	-0.0134448	0.0226299	-0.0589142	0.0555509	0.0150951	0.349931	0.361978	-0.0100325	-0.0554921	0.0600071	0.0194413	0.0532157	0.0591901	
0.443516	0.0222229	-0.00401026	0.0683675	0.190626	-0.0251595	0.00461425	0.167333	0.202382	0.065555	0.0597956	-0.00149579	0.2085	0.0105449	0.149358	-0.0133675	0.0412346	-0.0543426	0.0798939	0.00814115	0.349931	0.361978	-0.0100325	-0.050018	0.0635481	0.0352247	0.0604311	
0.443516	0.0222229	-0.00401026	0.0683675	0.190626	-0.0351885	0.00218838	0.167333	0.202382	0.093928	0.0465714	0.0115992	0.320016	0.00619043	0.149358	-0.0353801	-0.0144701	-0.0532257	0.0598637	0.032518	0.349931	0.361978	-0.00847942	-0.0602992	0.0635481	0.0285032	0.062857	
0.421467	0.022412	-0.0038212	0.0683675	0.190626	-0.0386355	0.00237744	0.167333	0.229186	0.0690318	0.0106488	0.0115992	0.270579	0.00541609	0.135182	-0.0426284	-0.00674931	-0.0530366	0.0192112	-0.00158192	0.349931	0.403398	-0.0171116	-0.0436714	0.0905155	-0.0111302	0.062857	
0.421467	0.022412	-0.0038212	0.0683675	0.190626	-0.0386355	0.00237744	0.167333	0.229186	0.0690318	0.0413898	0.0135	0.462019	0.00541609	0.132645	-0.0379089	0.073484	-0.0372661	0.0535804	-0.013823	0.393405	0.354209	-0.000868107	-0.055302	0.0937298	0.0144767	0.062857	0.0127424	-0.0214915	
0.421467	0.0135056	-0.0038212	0.0738983	0.153102	-0.0422607	0.00237744	0.167333	0.229186	0.106556	0.00706554	0.0135	0.321471	0.00776797	0.137146	-0.041979	0.00882692	-0.0372661	0.0277611	-0.00429101	0.393405	0.354209	0.0187138	-0.0499977	0.0858215	0.000609306	-0.0539902	0.065123	
0.43439	0.0135056	-0.0038212	0.0738983	0.153102	-0.0551987	0.00237744	0.167333	0.293949	0.13704	0.00706554	0.0135	0.354503	0.0288324	0.137146	-0.0525257	0.0269623	-0.0402407	0.0470421	0.0896504	0.419652	0.354209	0.0187138	-0.0485572	0.126494	0.00939216	0.0235601	0.045842	
0.43439	0.0135056	-0.0038212	0.0725733	0.153102	-0.0513786	0.00237744	0.167333	0.00352451	0.293949	0.13704	0.00794977	0.017662	0.268845	0.0250123	0.0901242	-0.0356354	0.00970457	-0.0288638	0.023585	0.0896504	0.419652	0.436364	0.0190687	-0.0526469	0.122595	0.048555	
0.43439	0.0135056	-0.0038212	0.0640948	0.175269	-0.0586822	0.00237744	0.167333	0.0249424	0.293949	0.114873	-0.0267461	0.0291752	0.392315	0.0323159	0.160679	-0.0438358	0.0105116	-0.0434291	0.152241	0.0762227	0.406942	0.403726	0.0386416	-0.0573728	0.122595	0.0435356	-0.0371373	
0.43439	0.0135056	-0.0038212	0.0626944	0.175269	-0.0616754	0.00237744	0.167333	0.019212	0.293949	0.114873	-0.000539749	0.027585	0.124726	0.0283827	0.160679	-0.0340014	-0.0336975	-0.0635818	0.0754079	0.0782247	0.406942	0.485441	0.0546793	-0.0671909	0.122595	0.0391794	-0.00916496	0	0	
0.449942	0.00950964	-0.00781719	0.0609369	0.175269	-0.0681477	-0.00161854	0.167333	0.0304014	0.286726	0.0846668	-0.0350499	0.0302113	0.176007	0.030859	0.173818	-0.00874693	-0.0663764	-0.069495	0.126336	0.0742288	0.406942	0.486713	0.0506833	-0.0743938	0.122595	0.0391794	
0.426698	0.0180545	-0.00183749	0.0583717	0.175269	-0.0627397	0.00436116	0.167333	0.0304014	0.268042	0.0846668	-0.0117261	0.0303871	0.105013	0.0337054	0.173818	-0.0213819	-0.0480781	-0.0676734	0.0578514	0.102631	0.410005	0.486713	0.056663	-0.0672507	0.116396	0.0391794	
0.426698	0.0180545	-0.00183749	0.0583717	0.175269	-0.0687965	0.00436116	0.167333	0.047561	0.278154	0.0846668	-0.0302266	0.0303871	0.23289	0.0397622	0.19994	-0.0141999	0.0533892	-0.0745973	0.0816809	0.102631	0.448519	0.465019	0.056663	-0.0672507	0.115511	0.0391794	0.0538214	-0.0512174	
0.467689	0.0286152	-0.00158122	0.047811	0.180538	-0.077488	0.00436116	0.160195	0.0298184	0.266927	0.129606	-0.0345041	0.0448155	0.1172	0.0484537	0.166533	-0.0144562	0.0294391	-0.0761746	-0.00810832	0.102631	0.458122	0.464763	0.056663	-0.0512157	0.115255	0.0628721	
0.503456	0.0190658	-0.00118473	0.0579824	0.180538	-0.0761117	0.00475765	0.160195	0.0170173	0.253675	0.129606	-0.0345041	0.0448155	0.0708733	0.0455293	0.166533	-0.023447	-0.00346653	-0.0638487	0.00348942	0.111035	0.528415	0.478258	0.0570595	-0.069497	0.115255	0.0430003	0	0.2392	
0.503456	0.0184062	-0.00118473	0.0632032	0.180293	-0.0781527	0.00119367	0.160195	0.00844029	0.253675	0.113942	-0.0228185	0.0448155	0.274361	0.0475702	0.164346	-0.0204512	-0.0316333	-0.0718134	0.00348942	0.111035	0.528415	0.384232	0.0509625	-0.0599679	0.119229	0.0465643	0.101435	
0.503513	0.0184633	-0.00242339	0.0688967	0.196345	-0.0798537	0.00125078	0.16149	0.00630503	0.253732	0.0991861	0.00647859	0.0461113	0.274361	0.0437225	0.165642	-0.0191555	-0.0568809	-0.0766958	0.156028	0.107188	0.541439	0.428091	0.0510196	-0.0662255	0.120525	0.0465643	
0.523465	0.0154039	-0.00242339	0.0719561	0.151661	-0.0757706	0.00125078	0.16149	0.00648329	0.252347	0.14387	0.00056064	0.0461113	0.118335	0.0382093	0.194938	0.0208899	-0.0262759	-0.0766958	0.0380139	0.106132	0.541439	0.460696	0.0510196	-0.0662255	0.115437	0.0465643	0.0345035	
0.523465	0.0154039	-0.00394171	0.0719561	0.180224	-0.0786518	0.00125078	0.163009	0.00800161	0.252347	0.116825	0.0100972	0.038093	0.163193	0.0501954	0.196456	0.00234465	0.00111667	-0.0628913	0.0221414	0.102138	0.542958	0.36959	0.0341509	-0.0600564	0.116956	0.0465643	0	
0.523465	0.0154039	-0.00394171	0.0719561	0.187946	-0.0764004	0.00125078	0.163009	0.00556852	0.253599	0.159257	-0.00982545	0.034598	0.156932	0.0362801	0.196456	-0.0246118	0.00800207	-0.0746215	0.0780757	0.103125	0.542958	0.402206	0.0341509	-0.0600159	0.0703854	0.0465643	0.00124451	
0.523465	0.00931518	-0.00394171	0.0671359	0.187946	-0.0678882	0.00608869	0.163009	0.00556852	0.241973	0.159257	0.0446018	0.034598	0.0961553	0.0277679	0.171135	-0.00782971	-0.0236633	-0.0754491	0.0322161	0.134458	0.530938	0.42998	0.0222469	-0.0527869	0.0703854	0.0417263	
0.523465	0.00931518	-0.00394171	0.107731	0.187946	-0.0559405	0.00608869	0.164031	0.0043375	0.270918	0.157806	0.00636328	0.0334148	0.264819	0.0161708	0.171135	-0.013688	-0.0109397	-0.075644	0.0478377	0.0638944	0.530938	0.42998	0.0299478	-0.0276156	0.0598153	0.0417263	
0.523465	0.00931518	-0.00394171	0.102112	0.178263	-0.0452707	0.00608869	0.164031	0.00634056	0.271477	0.165483	0.0139397	0.01027	0.334417	0.00550097	0.145157	-0.013688	-0.0446472	-0.0716721	0.0462427	0.0590498	0.512102	0.352196	0.0299478	-0.0244763	0.0608614	0.0415418	0	
0.523624	0.00959383	-0.00207656	0.102112	0.221327	-0.0458431	0.00596988	0.162326	0.00463525	0.290577	0.0752616	0.0202185	0.00856467	0.170249	0.0117113	0.132271	-0.0226097	0.0304217	-0.0715122	0.0388276	0.0642454	0.464044	0.411922	0.0382735	-0.0310294	0.0591561	0.0461852	-0.00227473	0	0.0252081	
0.523624	0.00740949	-0.00207656	0.102112	0.197965	-0.0354844	0.00815421	0.162326	-0.00208637	0.278136	0.098623	0.0329418	0.00856467	0.0541419	0.00135266	0.121467	-0.00482072	0.0699559	-0.0701122	0.0706282	0.0642454	0.464044	0.411922	0.0382735	-0.0474195	0.0504555	0.0440009	0.131317	0	0.00866869	-0.0782664	0	
0.523624	0.0155637	-0.00207656	0.102112	0.203887	-0.0162266	0.00815421	0.162326	0.0524654	0.260554	0.0927013	0.0329418	0.00856467	0.200016	-0.016882	0.0895171	0.0108953	0.0608955	-0.0701122	0.0429903	0.0882031	0.464044	0.411922	0.0382735	-0.0541893	0.0504555	0.0477146	0.00758589	0.0616669	
0.523624	0.0155637	-0.00207656	0.109137	0.218327	-0.0395707	0.00534308	0.15926	0.00636656	0.259154	0.0782616	0.0762549	0.00856467	0.363962	0.00897063	0.0895171	0.0482579	0.0481382	-0.0769421	0.00382858	0.057817	0.400198	0.411922	0.0513212	-0.0529144	0.0504555	0.0505258	
0.523624	0.00915074	-0.00207656	0.0825405	0.273146	-0.0287412	0.00534308	0.159237	0.0215565	0.259154	0.0211284	0.0618494	0.0129627	0.165743	-0.00185885	0.0799261	0.0194317	0.0377251	-0.0665781	0.0360865	0.110318	0.463947	0.411922	0.0513212	-0.0529144	0.0504555	0.0505258	0.0187496	0	
0.523624	0.00915074	-0.00207656	0.0825405	0.273146	-0.0340555	0.00534308	0.173006	0.0215565	0.259154	0.0211284	0.0666863	0.00955019	0.347745	0.00761424	0.0693532	0.0233837	0.0320266	-0.0779973	0.0296034	0.110318	0.463947	0.411922	0.0400979	-0.0505258	0.0407303	0.0505258	0.00533104	
0.532511	0.0159964	-0.00207656	0.0756948	0.273146	-0.0408238	0.00534308	0.165593	0.0423649	0.305337	0.0211284	0.0956649	0.0143885	0.329973	0.0143825	0.078534	0.0362823	0.0171185	-0.0721762	0.0181894	0.0988318	0.463947	0.308051	0.0400979	-0.0618914	0.0680878	0.0505258	0	0	
0.529625	0.0154753	-0.00557032	0.0762159	0.226945	-0.0345004	0.00245729	0.166201	0.0429729	0.309939	0.0907663	0.0608303	0.0149965	0.18609	-0.0065441	0.079142	-0.0232379	0.00563434	-0.0754895	-0.0361238	0.095946	0.464554	0.465292	0.0325928	-0.0509475	0.0505445	0.0425828	
0.529691	0.0138093	-0.00550426	0.110559	0.228129	-0.0326841	0.00418929	0.166201	0.0330536	0.323982	0.0268268	0.0166545	0.0149965	0.159035	-0.00829426	0.079142	-0.0232379	0.048495	-0.0729842	0.0104377	0.0960121	0.451541	0.445648	0.0326588	-0.0508814	0.0505445	0.0409169	0	-0.00644419	-0.00714463	
0.529691	0.0146352	-0.00860524	0.109733	0.19276	-0.0375098	0.00418929	0.169301	0.0164128	0.320015	0.167116	-0.00822469	0.0207236	0.292491	-0.00346855	0.0911968	-0.0461881	0.0237763	-0.0813174	-0.00264879	0.00582643	0.389545	0.409169	0.0516084	-0.0582415	0.0536455	0.0540033	
0.524542	0.0146352	-0.00466742	0.109733	0.19276	-0.0284139	0.00812711	0.169301	0.087192	0.323953	0.0020356	0.0207236	0.302026	-0.00380403	0.0960414	-0.0426132	0.0497981	-0.0819573	0.0429215	0.0255559	0.389545	0.459818	0.0564076	-0.0516545	0.0536455	0.0339304	0	
0.524542	0.0227623	-0.00466742	0.109733	0.19276	-0.040502	0.00812711	0.169301	0.087192	0.327336	0.0398015	0.0339304	0.0207236	0.365947	0.00828401	0.104932	-0.0457323	0.0522902	-0.0680324	0.0495846	0.0574736	0.389545	0.366741	0.0677863	-0.0421401	0.0536455	0	
0.524542	0.0227623	-0.00466742	0.109733	0.176793	-0.0300647	0.00812711	0.138861	0.110528	0.352705	0.0631271	0.0339304	0.0318701	0.365947	-0.000352967	0.114098	-0.0271099	0.0932595	-0.073997	-0.00218986	0.055918	0.389545	0.363455	0.0569909	-0.0515505	0.0630841	-0.0311208	
0.524542	0.0227623	-0.00466742	0.109733	0.176793	-0.0311296	0.00812711	0.134622	0.107967	0.325875	-0.00677141	0.0373512	0.0463703	0.590036	0.00071199	0.135509	-0.0339539	0.117458	-0.0651622	0.0692491	0.055918	0.389545	0.363455	0.048231	-0.0473013	0.0683035	0.0394104	0.00165129	
0.506836	0.0227623	-0.00466742	0.109733	0.206161	-0.0395913	0.0138425	0.134622	0.0825838	0.325875	-0.0348334	0.0316357	0.0463703	0.265331	0.0152946	0.16297	-0.0339539	0.117458	-0.0593565	0.000282166	0.0754333	0.389545	0.363455	0.048231	-0.0402744	0.0613438	
0.506836	0.0227623	-0.00466742	0.0964723	0.165876	-0.0414255	0.0138425	0.134622	0.122869	0.325875	0.0464872	0.0301483	0.048929	0.0790417	0.0135818	0.16297	-0.0281196	0.0985859	-0.0562178	0.172155	0.0581843	0.229254	0.364872	0.048231	-0.0376168	0.0613438	
0.506836	0.0227623	-0.00466742	0.0964723	0.138921	-0.0439482	0.0138425	0.134622	0.197112	0.331581	-0.0325961	0.0301483	0.0412706	0.205241	0.0161046	0.202696	-0.0102865	0.0343353	-0.0595662	-0.0138502	0.0280445	0.229254	0.364872	0.048231	-0.0401669	0.0613502	
0.49509	0.0284881	-0.00466742	0.0626175	0.17207	-0.0506325	0.0138425	0.134622	0.148989	0.363994	-0.0360921	0.0387336	0.0221929	0.247704	0.0227888	0.202696	-0.0349216	0.0365502	-0.0439228	0.014069	0.0460552	0.274265	0.346226	0.048201	-0.0426144	0.0613502	
0.47339	0.0284881	-0.00466742	0.110087	0.17207	-0.0545571	0.0190931	0.134622	0.148989	0.418966	-0.0378825	0.033483	0.0221929	0.213397	0.0310505	0.13337	-0.0349216	0.0397698	-0.050391	-0.0377832	0.0460552	0.255039	0.325732	0.048201	-0.0505049	0.0613502	0.0016804	
0.46013	0.0245809	-0.0102591	0.1234	0.148065	-0.0584643	0.0151859	0.136307	0.174679	0.415059	-0.00817001	0.0351466	0.0279369	0.271916	0.0436229	0.132215	-0.0505291	0.0407871	-0.0106821	-0.059806	0.042148	0.256724	0.390911	0.0442938	-0.0544121	0.0630347	0	0.0366854	0.0551392	-0.0345865	
0.46013	0.0283551	-0.0102591	0.119626	0.152896	-0.0457985	0.0151859	0.1253	0.124187	0.415059	-0.000899591	0.0357867	0.0279369	0.213407	0.0309571	0.132215	-0.0275309	0.0341681	-0.0300493	-0.0312214	0.0414404	0.256724	0.446043	0.0277511	-0.0436835	0.0604994	0	
0.461629	0.0298545	-0.00875965	0.125734	0.155511	-0.0536069	0.0185762	0.1253	0.143963	0.467861	-0.0264178	0.0338959	0.0279369	0.253336	0.040265	0.165041	-0.0338985	-0.00697393	-0.0285498	0.00490198	0.0182656	0.268934	0.446043	0.023307	-0.0421841	0.0604994	0.0513346	
0.461629	0.0298545	-0.00875965	0.125734	0.110267	-0.0562082	0.0185762	0.11489	0.189207	0.428668	0.00558095	0.0338959	0.0207619	0.252286	0.0428664	0.145929	-0.0462681	0.0120162	-0.0344486	-0.0257187	0.0152377	0.24113	0.446043	0.023307	-0.0453631	0.0790916	
0.461629	0.0298545	-0.00875965	0.125734	0.162734	-0.0692239	0.0185762	0.11489	0.136739	0.404127	-0.0305885	0.0338959	0.0191221	0.228937	0.055882	0.149159	-0.046675	-0.00386973	-0.0292192	0.0106371	0.00573671	0.19002	0.360907	0.0294358	-0.0453631	0.046896	0	0	0.00226522	
0.440224	0.03127	-0.00649706	0.116007	0.161887	-0.0665381	0.0196255	0.114043	0.136739	0.405543	0.00702317	0.034262	0.0141554	0.407495	0.0549118	0.112517	-0.025681	-0.00692508	-0.0470128	0.0690311	0.00715221	0.195394	0.36006	0.0308513	-0.0399395	0.0460489	-0.0914307	
0.451785	0.03127	-0.00649706	0.0986937	0.181545	-0.0464344	0.0196255	0.114043	0.117082	0.416094	-0.000479849	0.034262	0.0141554	0.214751	0.0220762	0.134626	-0.0456671	0.0166316	-0.0377551	0.13958	0.0125505	0.183351	0.36006	0.0308513	-0.0364189	0.0558401	-0.0724414	0	0.0218169	-0.00736396	0	0	
0.446879	0.03127	-0.00649706	0.107133	0.181545	-0.0463244	0.0196255	0.114043	0.117082	0.416094	-0.000479849	0.0385338	0.0141554	0.202659	0.0187449	0.171845	-0.0259385	0.0166316	-0.049145	0.0683777	-0.0135213	0.183351	0.36006	0.0227821	-0.0364189	0.0457245	0.159193	-0.0582219	0	0	
0.446879	0.0307322	-0.00649706	0.0628861	0.181545	-0.0361609	0.0196255	0.126552	0.115099	0.450127	-0.000369319	0.0279764	0.0141554	0.369283	0.00447704	0.186423	-0.0469357	0.0313972	-0.0630309	0.0703562	0.0284127	0.183351	0.3373	0.0227821	-0.030322	0.0439855	0.159193	-0.0281961	
0.480785	0.0307322	-0.00649706	0.0628861	0.128923	-0.0604395	0.0196255	0.126552	0.167721	0.450127	0.00371463	0.0398299	0.0100714	0.247686	0.038545	0.168414	-0.022121	0.0251277	-0.0299237	0.0105258	-0.0140557	0.178151	0.467378	0.0306532	-0.0274292	0.0549267	0.159193	
0.480785	0.0307322	-0.00649706	0.0628861	0.22308	-0.0586904	0.0196255	0.126552	0.0672505	0.409528	-0.00559077	0.0398299	0.0100714	0.215604	0.0380495	0.167683	-0.0353027	0.0180899	-0.0305103	0.107767	-0.00692048	0.178151	0.467378	0.0493936	-0.0431075	0.0784921	0.13686	
0.480785	0.0307322	-0.00649706	0.0628861	0.239973	-0.0604612	0.0192734	0.126552	0.0503572	0.409528	-0.0140984	0.020117	0.0100714	0.119804	0.0398203	0.180324	-0.0353027	-0.0179199	-0.0430364	0.0624269	-0.0123981	0.133254	0.467378	0.0586379	-0.0454627	0.0784921	0.13686	
0.480785	0.0307322	-0.00649706	0.0628861	0.245612	-0.0534408	0.0192734	0.138974	0.0447186	0.409146	0.00375438	0.020117	0.0100714	0.190389	0.0327999	0.209697	-0.0304999	0.0233705	-0.0401893	0.0524086	-0.00965881	0.123789	0.438565	0.080223	-0.0374084	0.0784921	0.13686	
0.497965	0.0307322	-0.00649706	0.0347232	0.230664	-0.0587291	0.0168861	0.138974	0.0933363	0.409146	-0.0156543	0.0225043	0.0155672	0.21605	0.0380883	0.13248	-0.0347984	0.0233705	-0.0424374	0.0253999	0.0397928	0.156306	0.423578	0.07911	-0.0349499	0.0888406	0.158417	0.0200237	0.0482119	
0.497965	0.0364929	-0.00649706	0.0289626	0.193045	-0.0544611	-0.0196068	0.138974	0.116808	0.409146	-0.0382069	0.0408868	0.0249976	0.151227	0.0323335	0.13248	-0.0286031	0.0285216	-0.0240619	0.0439387	0.0158717	0.172217	0.423578	0.07911	-0.0388655	0.0646368	0.158417	
0.486713	0.0364929	-0.00649706	0.0289626	0.14267	-0.0552992	-0.0196068	0.139185	0.167183	0.464348	-0.0230468	0.0426826	0.0303004	0.111888	0.0331717	0.126253	-0.00459029	-1.30272e-05	-0.020496	0.0462492	0.055063	0.172217	0.381269	0.07911	-0.0388655	0.0646368	0.160024	0	0	
0.486713	0.0364929	-0.00649706	0.0260834	0.123678	-0.0552657	0.0168861	0.139185	0.186174	0.449129	-0.0514175	0.0350837	0.0303004	0.119568	0.0331381	0.126253	-0.00425497	0.0380124	-0.0226305	0.0727728	0.110907	0.172217	0.402983	0.07911	-0.0510509	0.0646368	0.143685	-0.0341188	
0.455171	0.0364929	-0.00649706	0.0329822	0.135719	-0.0728401	-0.0161939	0.139185	0.153838	0.449129	-0.0301034	0.0316708	0.0236805	0.0962487	0.0485489	0.119009	-0.00694209	0.0705284	-0.0418483	0.0529527	0.110907	0.172703	0.366693	0.0619024	-0.0464756	0.075087	0.160583	-0.138456	0.0177914	0	
0.46055	0.0418726	-0.00111739	0.0329822	0.135719	-0.0651647	0.0245082	0.141657	0.153838	0.454509	-0.0559599	0.0328412	0.0236805	0.126275	0.0487671	0.125381	-0.00327629	0.0759081	-0.019703	-0.00677997	0.121148	0.124019	0.366414	0.0596435	-0.0388757	0.075087	0.141144	
0.46055	0.0418726	-0.00111739	0.0329822	0.127658	-0.052708	0.0245082	0.16626	0.164977	0.492333	-0.0386352	0.0328412	0.0236805	0.126275	0.0392694	0.125381	0.000804371	0.072161	-0.0264987	0.0104004	0.146127	0.134833	0.287407	0.0596435	-0.0445309	0.075087	0.121868	0	
0.469706	0.0378225	-0.00516748	0.0364318	0.0915018	-0.0505657	0.0204581	0.10968	0.226555	0.488283	-0.0431989	0.0328412	0.0236805	0.107722	0.0330769	0.125381	-0.00630102	0.0681109	-0.0344415	0.0222132	0.0955512	0.159648	0.431905	0.0466569	-0.0300856	0.0338398	0.121868	0	
0.470108	0.0378225	-0.00516748	0.0405955	0.0915018	-0.0447714	0.0204581	0.10968	0.226555	0.488283	-0.0363499	0.028941	0.0236805	0.162074	0.0272827	0.125381	-0.0330226	0.0594385	-0.05081	0.00951745	0.126835	0.154173	0.356256	0.0485314	-0.0501095	0.0902841	0.140461	0	
0.470108	0.0378225	-0.00516748	0.0275775	0.144338	-0.0447714	0.0204581	0.10968	0.16783	0.488283	-0.0169434	0.028941	0.0186194	0.21852	0.0272827	0.100604	-0.0249688	0.00958484	-0.0619231	0.0949355	0.120837	0.110686	0.345319	0.0449812	-0.0501095	0.0902841	0.140461	
0.470108	0.0378225	-0.00516748	0.0275775	0.104402	-0.0322682	0.0204581	0.10968	0.184514	0.488283	-0.0338848	0.028941	0.044405	0.141231	0.0147795	0.139642	-0.0396994	0.053995	-0.0665642	0.0732561	0.120837	0.0983513	0.387179	0.0449812	-0.0425527	0.0902841	0.163474	0	0.00785624	
0.427843	0.0378225	-0.00516748	0.0496976	0.126588	-0.0287734	0.0182455	0.123828	0.162328	0.486604	-0.0630079	0.0311536	0.0481703	0.13576	0.0130518	0.149459	-0.04292	0.053995	-0.0588477	0.0295714	0.131154	0.0983513	0.387179	0.0387678	-0.0522219	0.0902841	0.124581	0.0875474	
0.427843	0.0378225	-0.00516748	0.0334845	0.126588	-0.0287734	0.0182455	0.110789	0.153609	0.486604	-0.0960482	0.0311536	0.0623909	0.152563	0.0130518	0.150295	-0.0407565	0.0379787	-0.0594454	0.0295714	0.147993	0.0738772	0.387179	0.0490476	-0.0422783	0.0902841	0.124581	0.108986	
0.426649	0.0366289	-0.00636106	0.0247783	0.126588	-0.0257746	0.0170519	0.110789	0.153609	0.48541	-0.080603	0.0311536	0.0579969	0.165486	-0.000208313	0.143341	-0.0591276	0.0177418	-0.0735944	0.0295714	0.125551	0.133069	0.309734	0.047854	-0.0434719	0.0828152	0.128399	0.090596	0.0321869	
0.457369	0.0366289	-0.00636106	0.0562855	0.158878	-0.0257746	-0.0210201	0.133101	0.121319	0.498449	-0.0490528	0.0325967	0.0579969	0.15865	-0.000208313	0.128088	-0.0293432	0.0124742	-0.0580546	0.0650337	0.110882	0.133069	0.309734	0.051201	-0.0328378	0.0527247	0.109819	0.112765	
0.457369	0.0366289	-0.00636106	0.0562855	0.127616	-0.0217966	-0.0210201	0.133101	0.162138	0.507484	-0.0605426	0.0285127	0.0579969	0.168368	-0.00418628	0.174223	-0.0250759	0.0598128	-0.0679909	0.133307	0.0820117	0.0722522	0.309734	0.0422471	-0.0539155	0.0527247	0.120745	0.0958609	
0.410889	0.0366289	-0.00636106	0.0639756	0.137059	-0.0145136	-0.0210201	0.133101	0.152695	0.507484	-0.0672989	0.0220041	0.0579969	0.123699	-0.0114693	0.181539	-0.0382272	0.082308	-0.0649011	0.128533	0.069066	0.166312	0.347556	0.0422471	-0.0539155	0.0733026	0.120745	0.0958609	
0.406721	0.0324601	-0.0105298	0.0352736	0.222926	-0.0383655	-0.0237066	0.138829	0.0539541	0.503315	-0.0596954	0.0429097	0.0579969	0.311489	0.00821387	0.181539	-0.032705	0.104967	-0.079878	0.189991	0.0440343	0.127432	0.420764	0.0298492	-0.0604242	0.0733026	0.120745	0.132718	0.0434677	-0.373965	
0.406721	0.0331619	-0.0105298	0.0345718	0.22244	-0.0383655	-0.0244083	0.138829	0.0544401	0.503315	0.00349909	0.0300957	0.0579969	0.3425	0.00821387	0.181539	-0.0468487	0.104967	-0.0733135	0.257814	0.0268787	0.106159	0.420764	0.0298492	-0.0604242	0.083045	0.120745	0.154216	0.164229	0.0835842	
0.40777	0.0331619	-0.0106922	0.0345718	0.222602	-0.0483505	-0.0244083	0.139966	0.0622999	0.503315	-0.0535509	0.0338102	0.0581593	0.241832	0.0181989	0.109839	-0.0376042	0.104967	-0.0721137	0.205318	0.0464963	0.106175	0.416299	0.0279535	-0.0467474	0.0832075	0.120907	0.174743	0.0644687	
0.436213	0.0331619	-0.0106922	0.0407185	0.222602	-0.0483505	0.00415639	0.139966	0.0299153	0.503315	-0.0357371	0.0410794	0.0581593	0.155915	0.0181989	0.109839	-0.0175105	0.104967	-0.0825205	0.204446	0.0907414	0.115769	0.416299	0.037477	-0.0467474	0.0832075	0.131787	0.15679	0.0420306	0	0	
0.455723	0.03313	-0.0108715	0.0434383	0.22275	-0.0433609	0.00412447	0.134649	0.0299153	0.500686	-0.0141854	0.0410794	0.0583067	0.21396	0.0131773	0.0988028	-0.0127557	-0.0158758	-0.0847457	0.204446	0.0907095	0.115916	0.387792	0.0320924	-0.0467793	0.0815928	0.131934	0.15679	
0.436933	0.0367219	-0.00727963	0.024249	0.260357	-0.0433368	0.0117759	0.142563	-0.00769232	0.53164	-0.0138121	0.0383039	0.0569652	0.490744	0.01572	0.0630827	-0.0203175	0.00233141	-0.0780428	0.13155	0.10434	0.115916	0.387792	0.0456447	-0.0501763	0.0721184	0.131934	0.153357	0.00487368	0	
0.436933	0.038677	-0.00727963	0.022294	0.253586	-0.0585261	0.0117759	0.142563	0.0169665	0.53164	-0.00579707	0.0383039	0.0588767	0.100394	0.0309093	0.0483119	-0.0140742	0.0739826	-0.0799211	0.080313	0.10434	0.136357	0.387792	0.0445289	-0.0336762	0.0570884	0.131934	0.149452	0	
0.436933	0.038677	-0.00727963	0.0421798	0.253586	-0.0575271	0.0117759	0.142563	0.0169665	0.532428	-0.00579707	0.0349179	0.0588767	0.107421	0.0299103	0.0483119	-0.0194473	0.0588379	-0.0758862	0.0249303	0.10434	0.155361	0.387792	0.0445289	-0.0447696	0.0570884	0.153144	0.19901	
0.436933	0.038677	-0.00727963	0.0421798	0.304762	-0.0597296	0.0117759	0.142563	-0.0342092	0.532428	0.00769702	0.0349179	0.0588767	0.0625109	0.0258497	0.0314241	-0.0268889	0.0592628	-0.0758862	0.0516298	0.10434	0.166984	0.359595	0.0432823	-0.0393064	0.0627674	0.153082	0.169	0	-0.0671057	-0.00176938	0	0.0112366	
0.436933	0.038677	-0.00727963	0.0421798	0.296455	-0.063185	0.0118526	0.142563	-0.0259029	0.532428	0.014995	0.0348411	0.0588767	0.0417227	0.0293051	0.052346	-0.0229368	0.0503861	-0.0769952	0.110344	0.0788849	0.166984	0.32637	0.0266698	-0.0368009	0.0558592	0.120293	0.171134	0.0440042	
0.422042	0.038677	-0.00727963	0.0509456	0.296455	-0.0597474	0.0071298	0.128561	-0.0329075	0.532428	-0.0461272	0.0395639	0.0588767	0.202875	0.0258675	0.0302886	-0.0462973	0.0503861	-0.0843557	0.0516464	0.0788849	0.176647	0.32637	0.0385633	-0.03166	0.0558592	0.120293	0.17191	0.00747762	
0.422042	0.038677	-0.00727963	0.0509456	0.296455	-0.0597474	0.0071298	0.128561	-0.0210879	0.533438	-0.0573129	0.0395639	0.0588767	0.221247	0.0338209	0.0249911	-0.0394536	0.0722946	-0.0819468	0.0823837	0.0690223	0.223617	0.329166	0.0533227	-0.0334942	0.0558592	0.131966	0.17191	
0.429991	0.038677	-0.00727963	0.051989	0.251991	-0.0423656	0.0071298	0.128561	0.0349203	0.526841	-0.0842844	0.0391024	0.0588767	0.313145	0.016439	0.0119119	-0.056854	0.0594958	-0.0838514	0.0651784	0.0690223	0.173516	0.346124	0.0533227	-0.0305264	0.0558592	0.131966	0.198289	0	
0.429991	0.038677	-0.00727963	0.0590535	0.251991	-0.0423656	0.0071298	0.145695	-0.00216009	0.526841	-0.0337055	0.0391024	0.0588767	0.425128	0.016439	0.0238771	-0.0446168	0.0594958	-0.084174	0.0011598	0.0690223	0.157912	0.346124	0.0667385	-0.0418066	0.0558592	0.131966	0.198289	0.402865	0.0478775	
0.375662	0.0426652	-0.00727963	0.0550653	0.251991	-0.0444856	0.0071298	0.145695	-0.00216009	0.528662	-0.0163807	0.0391024	0.0588767	0.311876	0.0185591	-0.00924429	-0.0451877	0.0631627	-0.0762972	0.0351077	0.0690223	0.157912	0.341008	0.0798571	-0.0468456	0.0558592	0.115456	0.194239	0.024499	
0.419097	0.0407806	-0.00886004	0.0569498	0.203295	-0.0417154	0.00894435	0.147275	0.118128	0.528662	-0.0197975	0.0372878	0.0498226	0.38538	0.0157888	-0.00846942	-0.0207611	0.0887157	-0.0695874	0.119834	0.0690223	0.162593	0.342588	0.0798571	-0.0360573	0.0692628	0.117037	0.192424	0.0624207	
0.426637	0.0400938	-0.00759876	0.0569498	0.171212	-0.0424022	0.00825748	0.156324	0.10395	0.527976	-0.0525351	0.0405679	0.0478745	0.134471	0.0134616	-0.0104176	-0.0227092	0.0967356	-0.069971	0.127191	0.116043	0.12405	0.392427	0.0791702	-0.0367441	0.0673147	0.116428	0.192424	0.0506069	
0.426637	0.0400938	-0.00660485	0.0569498	0.152322	-0.0606876	0.00971652	0.156449	0.139577	0.558419	-0.0188711	0.0428805	0.0468805	0.0618917	0.0322011	0.0249949	-0.0392774	0.0309958	-0.069971	0.0921803	0.14082	0.105057	0.390344	0.0791702	-0.0402216	0.0663208	0.115113	0.225801	0.0404207	0.0139909	
0.426637	0.0270777	-0.00660485	0.0557091	0.106783	-0.0606876	0.0133462	0.156449	0.185116	0.507398	-0.0389556	0.0356584	0.025574	0.312053	0.0282106	0.01965	-0.0392774	0.0211252	-0.069971	0.153365	0.14082	0.0842558	0.400285	0.0913598	-0.0207709	0.0804491	0.110297	0.222171	0	
0.426637	0.0270777	-0.00660485	0.0519245	0.177946	-0.0628648	0.0133462	0.164619	0.113953	0.507398	-0.0529374	0.0356584	0.025574	0.425608	0.0303878	0.01965	-0.0392774	0.0211252	-0.0695808	0.0579719	0.131028	0.0852412	0.385197	0.0702755	-0.0267206	0.0804491	0.132203	0.222171	
0.382597	0.0297171	-0.00544885	0.0825368	0.233307	-0.0752425	0.0107068	0.146808	0.0574354	0.507398	-0.0365285	0.0382978	0.024418	0.317163	0.0417658	-0.000146784	-0.0553782	0.0268228	-0.0749696	0.104586	0.15762	0.129144	0.492758	0.063461	-0.0376672	0.0792931	0.102954	0.22481	-0.0269212	
0.381795	0.0297171	-0.00625089	0.117357	0.233307	-0.0793089	0.00990477	0.15195	0.0574354	0.520958	-0.0275448	0.0382978	0.0242357	0.351024	0.0415973	-0.0126166	-0.0453778	0.0260208	-0.0595468	0.0265253	0.159303	0.0619943	0.429881	0.0652506	-0.0384692	0.0740981	0.107652	0.22481	
0.382084	0.0336898	-0.00596259	0.117357	0.273721	-0.0760143	0.00622043	0.137047	-0.042718	0.521247	-0.0128214	0.0422705	0.0317788	0.21123	0.05264	0.0121044	-0.03561	0.0171888	-0.0589736	0.0387496	0.159591	0.0517022	0.480891	0.0655389	-0.0480873	0.0710432	0.128978	0.248735	
0.382084	0.0387284	-0.00596259	0.117357	0.273721	-0.0787989	0.00118186	0.137047	-0.0108128	0.521247	-0.0517154	0.0473091	0.0317788	0.0799889	0.0645222	0.0191508	-0.0258174	0.0308321	-0.0626224	0.106053	0.168355	0.0718614	0.480891	0.0655389	-0.0474549	0.0630887	0.140786	0.253774	0.0830272	0	
0.382008	0.0251853	-0.00603874	0.130245	0.20156	-0.0758001	0.0146487	0.146051	0.0613482	0.52117	-0.0423088	0.033766	0.0317788	0.0726142	0.0614472	-0.0264653	-0.0321493	0.0630822	-0.0685524	0.106053	0.168279	0.0718614	0.480891	0.0654627	-0.0590395	0.0630887	0.117222	0.240231	-0.0805994	
0.381014	0.0251853	-0.00703249	0.130245	0.22961	-0.0830046	0.013655	0.146051	0.0603045	0.497148	-0.0487796	0.033766	0.0317788	0.202957	0.067658	-0.00428583	-0.0456203	0.0241184	-0.0685933	0.0909257	0.167285	0.0752172	0.406969	0.064469	-0.0614308	0.0630887	0.117222	0.220158	
0.381014	0.0259207	-0.00703249	0.150772	0.169281	-0.0726623	0.013655	0.146051	0.120633	0.441299	-0.0283392	0.033766	0.0317788	0.192679	0.0466946	0.003631	-0.0337643	0.0325952	-0.0684618	-0.0274653	0.183405	0.061499	0.462326	0.064469	-0.0627297	0.0636183	0.117222	0.220158	0	
0.386748	0.0259207	-0.00129867	0.111919	0.162682	-0.0681105	0.0193888	0.146051	0.125337	0.447033	-0.0520134	0.0371645	0.0317788	0.330788	0.0478766	0.0123433	-0.0290153	0.00109724	-0.0454325	-0.0200578	0.189139	0.0585986	0.40657	0.0702028	-0.0497547	0.0567014	0.130758	0.220158	0	
0.386748	0.0259207	-0.00129867	0.120619	0.162682	-0.0695948	0.0193888	0.146051	0.125337	0.494527	-0.00715275	0.0386724	0.0317788	0.14664	0.0482696	0.0515925	-0.047768	0.00598351	-0.0450756	0.0593382	0.189139	0.0425479	0.403075	0.0639466	-0.062107	0.0532824	0.124251	0.21671	
0.400551	0.0259207	-0.00129867	0.120619	0.160036	-0.0700946	0.0193888	0.146051	0.127983	0.494527	0.0398251	0.0386724	0.00652844	0.21212	0.0487694	0.0395801	-0.0337874	0.0159153	-0.045024	0.022052	0.189139	0.0644989	0.503632	0.0608573	-0.0594944	0.0319882	0.177941	0.21671	0.0155636	
0.400551	0.0285712	-0.00129867	0.117968	0.169611	-0.0668978	0.0193888	0.128282	0.180024	0.51116	0.0850567	0.0386724	0.00652844	0.177254	0.0455726	0.0131839	-0.00334114	-0.0248449	-0.0399757	0.0828349	0.189139	0.0902957	0.503632	0.0479978	-0.0589201	0.0373174	0.119693	0.21671	0.000999017	
0.374427	0.04796	-0.00129867	0.117968	0.190328	-0.0701314	0.0165965	0.116404	0.11222	0.51116	0.0790525	0.0342659	0.0125326	0.188388	0.0488061	0.0396016	-0.0306842	-0.0103929	-0.0399757	0.0473694	0.189139	0.073565	0.493572	0.0479978	-0.0530948	0.0536197	0.119693	0.219502	0	0.272632	
0.354114	0.04796	-0.00129867	0.141246	0.190328	-0.0499026	0.0165965	0.116404	0.11222	0.495267	0.105917	0.0342659	0.0203573	0.188388	0.0285774	0.0372148	-0.0217624	0.0042901	-0.0490823	0.0734571	0.163236	0.0713516	0.493572	0.0479978	-0.0661096	0.0621208	0.12224	0.219502	
0.345773	0.04796	-0.00129867	0.141246	0.159613	-0.05589	-0.0313635	0.11018	0.142934	0.527929	0.13161	0.0315008	0.0203573	0.147804	0.0346992	0.073803	-0.00516711	0.00981297	-0.0553784	-0.00106047	0.200273	0.0713516	0.448551	0.0479978	-0.0564038	0.0621208	0.12224	0.219502	
0.387093	0.04796	-0.00129867	0.141246	0.148371	-0.05589	-0.0313635	0.11963	0.15978	0.527929	0.120287	0.0322854	0.0203573	0.2271	0.0346992	0.0744862	-0.0129086	0.0372629	-0.0553784	-0.0249064	0.200273	0.0824486	0.379245	0.0479978	-0.0470075	0.0693113	0.136142	0.240557	0.15475	0	
0.341046	0.04796	-0.0019535	0.141246	0.139817	-0.0770341	-0.0313635	0.120285	0.18509	0.527929	0.165547	0.0322854	0.00674582	-0.00959511	0.0519353	0.0928719	-0.00455279	0.0722671	-0.0674274	0.00431506	0.200273	0.0919453	0.379899	0.0433056	-0.0461575	0.0526673	0.145223	0.240557	0.02596	
0.341046	0.0427298	-0.0019535	0.146476	0.172834	-0.0688097	-0.0261333	0.112217	0.152073	0.519928	0.165547	0.0322854	0.00674582	0.0476036	0.0433778	0.0721339	-0.00455279	0.0241901	-0.0706463	0.0681757	0.19487	0.0846142	0.361611	0.0433056	-0.0461575	0.0526673	0.113081	0.240557	
0.341046	0.0427298	-0.000279156	0.146476	0.17116	-0.0727661	-0.0261333	0.110543	0.152073	0.511612	0.179251	0.0322854	0.00890089	0.177208	0.0473343	0.0592693	-0.0217536	0.0620763	-0.0774411	0.100152	0.194616	0.136218	0.355093	0.0344773	-0.0579404	0.050993	0.154689	0.241025	
0.341046	0.0547543	-0.000279156	0.134451	0.206928	-0.0754388	-0.0381578	0.102417	0.098509	0.511612	0.177652	0.0429332	0.0104998	0.135736	0.0505028	0.0852432	-0.0228049	0.113478	-0.0774411	0.0964994	0.105407	0.108341	0.366978	0.0529133	-0.0576153	0.050993	0.154689	0.241025	-0.00586728	1.83841e-05	
0.341046	0.0547543	-0.000279156	0.134451	0.189083	-0.0766503	-0.0377391	0.102417	0.116354	0.511612	0.177652	0.0425145	0.0104998	0.117023	0.0518236	0.0852432	-0.0228049	0.0624042	-0.072062	0.139589	0.0477596	0.115271	0.366978	0.043955	-0.0576153	0.050993	0.154689	0.231919	0	
0.372208	0.0547543	-0.000279156	0.138431	0.188875	-0.0747562	-0.0377391	0.117396	0.116561	0.532672	0.23814	0.0425145	0.00894324	0.149809	0.0499294	0.0882053	-0.0391764	0.0419375	-0.072171	0.180276	0.0639694	0.115271	0.366978	0.0257198	-0.0536057	0.0624609	0.133203	0.231919	
0.372522	0.0550678	3.43901e-05	0.138431	0.187124	-0.0743999	-0.0377391	0.117396	0.118312	0.529976	0.23814	0.0425145	0.00894324	0.149809	0.0498867	0.0882053	-0.00459608	-0.00646507	-0.0724914	0.152921	0.03893	0.133762	0.366978	0.0260334	-0.0605847	0.0624609	0.137161	0.231919	0.0544093	0	
0.354131	0.0513858	-6.44462e-05	0.142113	0.252928	-0.064803	-0.0324819	0.117495	0.0526075	0.566167	0.242726	0.0409393	0.00904208	0.411326	0.050022	0.115671	-0.0383757	0.0215846	-0.0649889	0.074319	0.03893	0.133861	0.367077	0.000344934	-0.0506998	0.0625598	0.103578	0.230344	-0.0489595	
0.393149	0.0513858	-0.00138208	0.149703	0.254245	-0.0735368	0.0189039	0.118812	0.0526075	0.521139	0.235216	0.0409393	0.01787	0.325962	0.0583086	0.116989	-0.04417	-0.0260252	-0.0763437	0.0898161	0.0290045	0.13131	0.368395	0.0326315	-0.0543724	0.063731	0.104896	0.221323	0	
0.393149	0.0324819	-0.00138208	0.155788	0.254245	-0.0710383	0.0189039	0.118812	0.0526075	0.521139	0.199349	0.0409393	0.00263488	0.325962	0.0591375	0.185613	-0.0361087	-0.0257566	-0.0686839	0.101209	0.0280434	0.109832	0.403125	0.0326315	-0.060417	0.062777	0.104896	0.219733	
0.393149	0.0513858	-0.00138208	0.155788	0.272564	-0.0720166	-0.0331412	0.118812	0.0342889	0.46654	0.199178	0.0415986	0.00771339	-0.00431854	0.0557848	0.167562	-0.0361087	-0.0139364	-0.0629513	0.12744	0.0407719	0.174639	0.349167	0.0191023	-0.053349	0.062777	0.111018	0.220393	
0.401349	0.0513858	-0.000587497	0.155788	0.258267	-0.0705857	-0.0406332	0.118018	0.0590438	0.46654	0.229126	0.0490907	0.00691881	0.136033	0.0543539	0.14415	-0.0255547	-0.0394135	-0.0536875	0.110429	0.0183489	0.173845	0.326322	0.0151741	-0.0623788	0.0619824	0.110223	0.168505	0	
0.401714	0.0434282	-0.00225335	0.161806	0.260299	-0.0741319	-0.0323097	0.117961	0.0116791	0.436346	0.202556	0.0490907	0.0289523	0.29414	0.0577327	0.171361	-0.0119429	-0.0440765	-0.0626638	0.364823	0.0187148	0.191256	0.328354	-0.0193544	-0.0525941	0.0357158	0.133017	0.168505	0	0	
0.449035	0.0434282	-0.00225335	0.144945	0.260299	-0.0646142	0.0111185	0.117961	0.0154731	0.440646	0.222504	0.0490907	0.0146168	0.0687472	0.048215	0.166917	0.0022735	-0.0179334	-0.0703676	0.364823	0.0101353	0.157093	0.328354	-0.0015205	-0.0525941	0.0358431	0.13057	0.168505	-0.0370976	0	
0.451643	0.0464121	0.000354758	0.149261	0.197891	-0.0592951	0.0137266	0.117961	0.0872281	0.443254	0.162995	0.0490907	0.015343	0.184438	0.045504	0.166917	0.0207478	0.00433175	-0.071508	0.442023	0.0474685	0.1107	0.357253	0.00108761	-0.0381735	0.0358431	0.13057	0.185141	-0.0311484	
0.451643	0.0464121	-0.00167389	0.125863	0.19992	-0.0662424	0.0137266	0.11999	0.109117	0.493649	0.162995	0.0490907	0.0173717	0.134097	0.0456489	0.166598	-0.0106134	0.0206634	-0.0694686	0.455228	0.0390245	0.111754	0.402029	0.0307169	-0.0381735	0.0450779	0.132599	0.185141	-0.0612365	
0.490343	0.0468525	-0.00188119	0.125215	0.201001	-0.0694994	0.0153732	0.129631	0.0977314	0.493442	0.121797	0.0472368	0.0173717	0.0811436	0.0486986	0.166598	-0.0106134	-0.0125739	-0.067906	0.277912	0.0326332	0.120147	0.437505	0.0082786	-0.0467442	0.0450779	0.132599	0.183287	-0.0678658	-0.0142835	0.0829651	
0.478697	0.0467404	-0.00199338	0.125215	0.201001	-0.0614091	-0.0314794	0.12447	0.0977314	0.496288	0.12303	0.0472368	0.0173717	0.243239	0.0387899	0.166598	-0.0213185	-0.0221843	-0.0534761	0.266115	0.012858	0.120147	0.437505	0.00304022	-0.0468563	0.0450779	0.125089	0.151903	-0.0616377	0.152034	
0.475502	0.0435451	-0.00518863	0.129691	0.201488	-0.0699344	-0.0314794	0.12447	0.0680353	0.493092	0.118334	0.0495058	0.015638	0.173274	0.0456411	0.166598	-0.00498741	-0.00175943	-0.0479133	0.122965	0.0189871	0.120147	0.471463	-0.0108473	-0.0542816	0.0504682	0.140361	0.151903	
0.475502	0.0435451	-0.00518863	0.129691	0.216518	-0.0737826	0.0120657	0.12447	0.0418341	0.493092	0.180734	0.0483059	0.0185117	0.229496	0.0494893	0.166598	-0.0201175	-0.00184832	-0.0453713	0.0775145	0.0230887	0.120147	0.507731	-0.0176299	-0.0562605	0.0520929	0.147256	0.111366	
0.475502	0.0435451	-0.00518863	0.145486	0.165792	-0.0797242	0.00591498	0.12447	0.093261	0.508702	0.187675	0.0500241	0.011839	0.189633	0.0591987	0.20537	-0.013053	0.0393415	-0.0587305	0.163399	0.00981105	0.0929916	0.559428	-0.0182843	-0.0568825	0.049747	0.14143	0.117517	
0.472587	0.0435451	-0.00518863	0.145486	0.165792	-0.0799277	0.00591498	0.12447	0.093261	0.560411	0.187675	0.0476774	0.011839	0.231977	0.0594021	0.214871	-0.00259463	0.0235499	-0.0407673	0.0193619	0.0663956	0.100232	0.559428	-0.0150452	-0.0568269	0.0517035	0.183067	0.117517	
0.472587	0.0435451	-0.00518863	0.167173	0.173541	-0.0799277	0.00591498	0.131458	0.132517	0.560411	0.142172	0.0543791	0.0309188	0.268026	0.0594021	0.214871	-0.00339114	0.0122417	-0.0546985	-0.0463917	0.0298315	0.122965	0.559428	-0.0222687	-0.0606781	0.0454773	0.154133	0.157965	0	
0.434429	0.0435451	-0.00691448	0.167173	0.175267	-0.0738112	0.008283	0.133183	0.079793	0.48893	0.154964	0.051068	0.0198518	0.268026	0.0532857	0.216597	-0.0134773	0.0034624	-0.0611314	0.132732	0.0298315	0.130793	0.52315	-0.00974517	-0.0606781	0.0636346	0.155859	0.155597	-0.043528	0.0227306	
0.436124	0.0452399	-0.00521973	0.167173	0.199891	-0.0537687	0.0056618	0.133183	0.0838856	0.490625	0.169902	0.052007	0.021252	0.250857	0.0371101	0.208317	-0.0239607	0.0649895	-0.0520759	0.126981	0.0315263	0.130793	0.52315	-0.0206251	-0.0589833	0.0636346	0.155859	0.189767	
0.436124	0.0452399	-0.00521973	0.168177	0.168227	-0.0479762	0.0056618	0.133183	0.11555	0.5085	0.169902	0.0488531	0.021252	0.058679	0.0313176	0.163661	-0.0239607	0.0214459	-0.0520759	0.0345996	0.0436122	0.111374	0.440641	-0.00740434	-0.0565985	0.0885982	0.155859	0.189767	0.000260357	0	
0.436124	0.0452399	-0.00521973	0.168177	0.168227	-0.0366761	0.00529666	0.133183	0.11555	0.5085	0.206571	0.0492182	0.0227507	0.187724	0.0320057	0.163661	-0.0202378	0.0130766	-0.0572954	0.043396	0.0285264	0.111374	0.440641	-0.00740434	-0.0372871	0.0923762	0.158593	0.190132	-0.0336537	
0.436124	0.0452399	-0.00521973	0.168177	0.168227	-0.0406358	0.00529666	0.106688	0.11555	0.5085	0.189996	0.0492182	0.0227507	0.187724	0.0359654	0.163661	-0.0347877	0.037268	-0.048274	0.120601	0.042508	0.186497	0.505694	-0.0236837	-0.052667	0.0923762	0.158593	0.179437	0	0	
0.436124	0.0452399	-0.00521973	0.135358	0.168227	-0.0402258	0.00529666	0.110892	0.11555	0.429307	0.18586	0.0492182	0.0227507	0.273494	0.0355553	0.203123	-0.0233331	0.0311032	-0.048274	0.120601	0.0278696	0.113881	0.48161	0.00572227	-0.0380184	0.0923762	0.158593	0.179437	
0.436124	0.0452399	-0.00521973	0.120414	0.168227	-0.0174219	0.00621487	0.110892	0.0923934	0.429307	0.18924	0.0506384	0.00564306	0.350671	0.0219287	0.203123	-0.0233331	0.051632	-0.0469602	0.0364798	0.0278696	0.131481	0.449981	0.00572227	-0.0537598	0.0923762	0.0969806	0.178519	
0.436124	0.0452399	-0.00521973	0.120414	0.168227	-0.0306336	-0.0012048	0.118343	0.14105	0.425823	0.164703	0.0580581	0.0301809	0.146724	0.0341636	0.203025	-0.0233331	0.0543187	-0.0469602	0.0524194	0.0721526	0.182979	0.449981	0.0186694	-0.0514603	0.0583675	0.137384	0.245603	0	-0.00199533	
0.436124	0.0452399	-0.00521973	0.110715	0.168227	-0.0400603	0.000822407	0.118343	0.162789	0.425823	0.0751789	0.0622121	0.0290714	0.218235	0.0435903	0.203025	-0.0375908	0.0543187	-0.0308962	0.0462382	0.073698	0.182979	0.491126	0.0164632	-0.0442339	0.0733058	0.12676	0.243576	0.088264	-0.00202721	
0.436124	0.0452399	-0.00521973	0.110715	0.197641	-0.0400603	0.000822407	0.118343	0.133376	0.425823	0.0790593	0.0630522	0.0251911	0.102709	0.0435903	0.203025	-0.0164521	0.107955	-0.0496591	-0.00145468	0.073698	0.20907	0.491126	0.0164632	-0.0435511	0.0579973	0.121418	0.243576	0.0936606	0	
0.436443	0.0455592	-0.00490038	0.110715	0.194079	-0.0409063	0.00114176	0.113754	0.116241	0.426142	0.0837432	0.0695021	0.0205071	0.102709	0.0431622	0.194402	-0.019677	0.0979211	-0.0658661	0.0188243	0.116679	0.261061	0.491126	0.00588539	-0.0532527	0.0566113	0.114625	0.254731	0.0744599	0.172126	0.0339555	
0.441944	0.0455592	-0.00490038	0.110715	0.195642	-0.0450248	0.00114176	0.113754	0.114679	0.43632	0.0871386	0.0695021	0.0205071	0.269436	0.0472807	0.194402	-0.0440974	0.0645623	-0.064368	-0.00538528	0.0977285	0.261061	0.432793	0.00650252	-0.0642453	0.0566113	0.146513	0.252709	0.0258872	
0.441944	0.0455592	-0.00768739	0.110715	0.181855	-0.0519551	0.00114176	0.10027	0.124686	0.411041	0.0846925	0.0602882	0.0177889	0.221931	0.054211	0.17448	-0.0313234	0.0645623	-0.051272	0.0014553	0.0839198	0.30182	0.43558	0.000941852	-0.0516667	0.059211	0.121041	0.258529	0.076144	0	
