0.0264548	0.0765138	0.210926	-0.0351725	0.204134	0.247017	0.0230886	0.0397085	0.0111501	0.0971826	0.00922627	0.0331467	-0.0219663	0	0.210926	0	0	0	0	0	0	0	0	0	0	0	0	0	0	0	0	0	0	0	0	0	0	0	0	0	0	0	0	0	0	0	0	0	0	0	0	0	0	0	0	0	0	0	0	0	0	0	0	0	0	0	0	0	0	0	0	0	0	0	0	0	0	0	0	0	0	0	0	
0.0264548	0.0765138	0.210926	-0.0373743	0.209778	0.00148268	0.0397085	0.0111501	-0.00271195	-0.0440426	0.000352069	0.231775	0.0369598	-0.0480423	0.0271133	0.074818	-0.0403235	0.0634734	0.00148268	-0.0237306	-0.0357181	0.0148608	0	0	-0.0207761	0.0486953	0.0319576	0.0548861	0.0407469	0.0509027	0	0.0454522	0.0736771	-0.0458058	0.0553561	0.0777408	0	-0.0117493	-0.0384733	0	-0.0325049	
0.0304928	0.15883	0.180684	-0.0364196	0.209778	-0.0425201	0.0275651	0.0397085	0.0111501	-0.00271195	-0.0517923	0.231775	-0.0139803	0.0738094	0.0148489	0.0167263	-0.00292071	0.00393839	0.0240246	0.034806	0.0999161	0.118459	0.0405177	0.127369	0	0.0982219	0.0462821	
0.0304928	0.125832	0.137817	-0.0407954	0.26815	-0.0568152	0.00358254	0.0397085	0.0111501	0.107653	-0.0771395	0.0967662	0.231775	-0.0117613	0.320697	-0.00292071	0.0104187	0.0114543	0.09849	0.0609426	0.0548109	0.0405177	0.107153	0	-0.0175325	0.0175325	0.0162597	0	
0.020379	0.120045	0.137817	-0.0407954	0.224228	-0.0293452	0.0223944	0.0577762	0.0111501	0.0696384	-0.0518102	0.0402112	0.222444	0.0447937	0.00740405	-0.00693346	0.0412061	0.052066	0.0397085	0.0405177	0.000563155	0.00618936	0.0185455	0.0885137	0.0175325	
-0.0153698	0.107245	0.137817	-0.0407954	0.313621	-0.0680995	0.0964879	0.122829	0.0111501	0.0585337	0.0108425	0.0197101	0.235926	0.032237	-0.0546165	-0.0157207	0.0649892	0.0397085	0.0485381	-0.0180226	0.00129782	-0.0218498	0.0365558	0.0175325	
0.00301578	0.0943335	0.122101	-0.0396025	0.313621	-0.0652582	0.0960889	0.140871	0.00819217	0.0282126	0.0384649	0.00442137	0.0582293	0.230915	0.0311992	-0.0820802	-0.0157207	0.0604616	0	0.0175325	0.0397085	0.0488547	-0.000684561	
-0.0410775	0.109098	0.121568	-0.0372043	0.333938	-0.0494111	0.0470824	0.110725	0.0218827	0.0943034	0.0143222	0.0622485	0.0225519	0.230915	0.0644783	0.00819217	-0.0157207	0.0604616	0.0397085	-0.0303058	-0.0333054	0.0107352	0	-0.0110392	0.0255515	
0.0160673	0.120205	0.173818	-0.0372043	0.327512	-0.0711152	0.0392839	0.301807	0.0175863	0.0940157	0.0143222	0.0458573	0.0653561	-0.0155366	0.0351299	0.00819217	-0.0142046	0.0748813	0.0397085	0.226568	0.00187253	
0.00445954	0.137359	0.18169	-0.0428714	0.327512	-0.0871363	0.00200707	0.145877	0.0297816	0.0903342	0.0286676	0.0696674	0.0263644	-0.0300264	0.0625931	0.00819217	-0.0345842	0.0766268	0.0468259	0.226568	0.0209048	
0.0141296	0.137359	0.186848	-0.0428714	0.328769	-0.0902885	0.0123465	0.0716909	0.0141244	0.141535	0.00186846	0.0174177	0.0898823	-0.0270552	0.0242683	0.00819217	-0.0186337	0.0757626	0.0378816	0.192629	0.026573	0	
-0.000877076	0.120823	0.186848	-0.0377916	0.410667	-0.0946465	-0.00661797	0.133866	0.0141244	0.168246	0.00199984	-0.0181113	0.0439828	-0.0270552	0.0246479	0.00704612	-0.0216338	0.0749661	0.0378816	0.190892	0.0363737	
-0.0456018	0.120823	0.186725	-0.034204	0.403259	-0.091298	-0.0079227	0.179304	0.0206645	0.168246	0.0105287	-0.0234863	0.0288312	-0.0152453	0.0140144	0.00704612	-0.0311173	0.0814679	0.0378816	0.231589	0.0228408	
-0.0456612	0.164095	0.186725	-0.034204	0.403259	-0.0972079	-0.00449507	0.159519	0.0206931	0.152588	0.0190179	-0.0311274	0.0361621	-0.0155284	0.0590841	0.00704612	-0.0308275	0.0814679	0.0378816	0.231589	0.0812685	
-0.0505937	0.0925239	0.169695	-0.034204	0.515935	-0.0900039	-0.0108176	0.0131915	0.0206931	0.140884	0.0351713	-0.066639	0.0554129	-0.0145256	0.0635808	0.0448928	-0.0224559	0.0756421	0.0378816	0.203154	0.0415442	-0.0630236	
-0.0462174	0.0826061	0.210637	-0.034204	0.532329	-0.0910479	-0.000843816	0.0231093	0.0231127	0.2156	0.0338871	-0.0530538	0.0425671	-0.0133548	0.0764266	-0.0378977	0.0756421	0.0378816	0.213459	0.0606793	0	
-0.0188017	0.129923	0.156372	-0.0341164	0.450018	-0.0736315	-0.0219148	0.0139232	0.0231127	0.215485	0.0458161	-0.0125204	0.0686594	-0.0196922	0.0488823	0.00423147	0.066474	0.0336521	0.236229	0.0199646	
-0.0498874	0.123994	0.156372	-0.0341164	0.435464	-0.0687603	-0.0311741	0.0139232	0.0231127	0.235478	0.0458161	0.0913943	0.171716	-0.0325614	0.00990274	0.0114294	0.0697165	-0.0807608	0.027337	0.275736	0.0777518	0	
-0.043825	0.123994	0.153224	-0.0336879	0.435464	-0.0789145	-0.0288413	0.0139232	0.0101536	0.236334	0.0599632	0.116769	0.0625227	-0.0304806	0.0228675	-0.00695765	0.0596103	0.0341701	0.275736	0.0587774	
-0.0551958	0.0897648	0.164828	-0.0336879	0.432691	-0.0726674	-0.0445559	0.0139232	0.0164181	0.280915	0.0688859	-0.0251093	0.140166	0	0.00324379	-0.0106728	0.053542	-0.00583751	0.0279568	0.261633	
-0.0223535	0.102138	0.218397	-0.0336879	0.435586	-0.0720825	-0.0180295	0.0139232	0.0164181	0.280915	0.0688859	-0.0193823	0.0658196	0.0351219	-0.0146263	0.0682115	-0.0233308	0.0279568	0.217089	0.0582557	
-0.0466166	0.101975	0.191695	-0.0336879	0.366494	-0.0601109	-0.0250541	0.0149321	0.0158237	0.280915	0.0688859	0.0194205	0.0639764	0.0320147	0.0851701	-0.0198267	0.0668984	0.216122	0.0228649	
-0.0494387	0.158322	0.229279	-0.037449	0.360652	-0.0600799	0.00543036	0.0149321	0.0206053	0.280915	0.0688859	0.0194205	0.0467659	0.0670737	0.055469	-0.0313315	0.0644674	0.216122	0.0228649	0.0254478	
-0.0465574	0.131222	0.229279	-0.037449	0.304355	-0.0478865	-0.0322917	0.0149321	0.0206053	0.252994	0.0443514	0.0194205	0.0544322	0.0372024	0.0574791	-0.0313315	0.0619099	0.242553	0.0167182	-0.032092	
-0.0268286	0.138282	0.219718	-0.037449	0.304355	-0.0450648	-0.040932	0.0149321	0.0206053	0.171066	0.0162112	0.00508481	0.0544322	0.0843282	0.0574791	-0.0313315	0.058962	0.256338	0.0211646	
-0.0430093	0.140095	0.224193	-0.038214	0.36761	-0.0557733	-0.0328972	0.0149321	0.0236019	0.177266	0.0403394	0.00508481	0.0318994	0.000788027	0.0751938	-0.0313315	0.0593203	0.256338	0.0324079	
-0.0262895	0.196264	0.20241	-0.0406871	0.3105	-0.0492569	-0.0169402	0.0149321	0.0192353	0.177266	0.0291159	0.0316353	0.0353875	0.0891128	0.0633618	-0.0379865	0.0593203	0.256338	0.0203853	0.0493111	0.0152497	0	
-0.0119329	0.177648	0.20241	-0.040379	0.250931	-0.0669582	-0.00776445	0.0149321	0.0210209	0.229764	0.0137048	0.0163638	0.0547455	-0.0197955	0.0284645	-0.031853	0.0593203	0.260407	0.0333811	0.0253972	
-0.0431065	0.22416	0.20241	-0.040379	0.250931	-0.0605288	-0.00966633	0.0149321	0.0210209	0.170489	0.012607	0.0247844	0.105069	0.0284645	0.00699266	-0.0368055	0.0692273	0.234211	0.0260413	0.0229426	
-0.0431065	0.170142	0.233033	-0.0436807	0.302653	-0.0634561	0.0143449	0.0149321	0.0210209	0.189735	0.0192865	0.0247844	0.127476	0.00935955	0.0665393	-0.0189931	0.0692997	0.234211	0.023515	0.0484216	
-0.0160252	0.148073	0.233033	-0.0428838	0.238031	-0.0532801	0.00552475	0.0149321	0.0210209	0.231803	0.0299591	0.00816886	0.0903294	0.0101972	0.158246	-0.0189931	0.0646467	0.252843	0.023515	0.0326324	0	-0.280965	
-0.0318107	0.168467	0.233033	-0.0428838	0.247555	-0.052174	-0.00905674	0.023379	0.0210209	0.240892	0.0122845	-0.00096558	0.039245	0.0554053	0.129716	-0.0189931	0.0646467	0.252843	0.015981	0.0319334	0.0621595	-0.318093	
-0.0575731	0.168467	0.233033	-0.0474608	0.231251	-0.0212008	-0.0314582	0.023379	0.0171723	0.240892	0.00133366	-0.0325698	0.0787678	0.0107724	0.173641	-0.00974956	0.0646467	0.252843	0.015981	0.0564245	-0.0178858	-0.0420244	
-0.047768	0.133097	0.233033	-0.0463376	0.231251	-0.034039	-0.032031	0.0237629	0.0171723	0.240892	0.0137574	-0.0563591	0.0683649	0.0435336	0.0534858	-0.0109833	0.071741	0.252843	0.011502	0.0680932	0	
-0.0448883	0.0948068	0.233349	-0.0460216	0.211763	-0.020352	-0.026737	0.0240789	0.0212435	0.241208	0.0370894	-0.0494512	0.076982	0.109332	0.0577791	-0.0228481	0.0783987	0.253159	0.021187	0.0603853	-0.00741857	
-0.0582171	0.136773	0.268837	-0.0463526	0.211763	-0.0712364	-0.0225266	0.0220525	0.0224548	0.250012	0.0118699	-0.0426433	0.028069	0.0844146	0.131813	-0.0228481	0.081406	0.253159	0.021187	0.0287254	
-0.05561	0.118824	0.228583	-0.0427648	0.220868	-0.0804779	-0.0141271	0.0220525	0.0155866	0.230724	0.019112	-0.0596946	0.0074248	0.11918	0.0823953	-0.00876984	0.0834958	0.256636	0.0141497	0.0253154	
-0.0692314	0.134285	0.230923	-0.0404252	0.183404	-0.0593722	-0.0139717	0.0236482	0.0179261	0.274894	0.0279585	-0.0365617	0.0759248	0.0892902	0.132704	-0.0064303	0.0726616	0.250838	0.0208136	0.0607558	0.00233954	-0.0107872	
-0.0749298	0.134285	0.230923	-0.0428669	0.159524	-0.0720175	-0.0140504	0.0236482	0.0180212	0.274894	0.0205745	-0.0200425	0.100752	0.0513248	0.0439131	-0.00972849	0.077641	0.229084	0.0208136	0.0378358	
-0.0487514	0.12972	0.249787	-0.0407473	0.140016	-0.0900006	0	0.0236482	0.019294	0.271007	0.0387508	-0.0301645	0.177371	-0.0145541	0.126643	-0.00972849	0.0889086	0.229084	0.0208136	0.0363246	0.0528126	0.019294	0.00739896	
-0.0463014	0.21937	0.227882	-0.0407473	0.168882	-0.0854568	0.0236482	0.0261443	0.271007	0.0335506	-0.0501944	0.194711	-0.00588067	0.071362	-0.0208352	0.0882951	0.245369	0.0208136	0.0749195	
-0.0372369	0.21937	0.227882	-0.0407473	0.133672	-0.0623322	0.0619157	0.0236482	0.281676	0.0220961	-0.0553885	0.081224	0.0635461	0.0944893	-0.0146832	0.0844671	0.0235619	0.223269	0.0208136	0	
-0.0200489	0.216453	0.267134	-0.0419427	0.133672	-0.0676647	0.0726413	0.0236482	0.283356	0.0219842	-0.0553885	0.00522122	0.0818884	0.00391733	-0.00680556	0.0948679	0.0229345	0.237712	0.0208136	
0.012419	0.236577	0.232838	-0.0419427	0.106473	-0.0760613	0.0641994	0.0236482	0.283356	0.0284481	-0.0553885	-0.000546937	0.103734	0.00787372	-0.0004188	0.0973564	0.0229345	0.237712	0.0208136	
-0.0399913	0.171983	0.232838	-0.0397747	0.0931324	-0.0815763	0.0638009	0.0236482	0.276667	-0.0936998	0.025082	-0.0470316	0.0229912	0.10977	0.0535681	0.0138151	0.0983419	0.0237227	0.237712	0.0208136	-0.00481778	
0.0205582	0.139645	0.215415	-0.0397747	0.0931013	-0.0815763	0.053917	0.0247497	0.343542	-0.0674657	0.025082	-0.0414807	-0.0130495	0.125764	0.00613179	0.0138151	0.0942114	0.0237194	0.237712	0.0132145	
-0.0397372	0.132211	0.216779	-0.0397747	0.104865	0.0764349	0.0243874	0.3132	-0.0811778	0.0456057	-0.0395555	0.103061	-0.0570862	0.0286563	-0.0143515	0.0960093	0.0237194	0.214808	0.0223252	-0.000153389	
-0.00985194	0.145622	0.233146	-0.0397747	0.141674	0.062004	0.0243874	0.3132	-0.0831811	0.0417811	-0.0154672	0.103061	-0.0115369	0.0389424	-0.025427	0.0986252	0.0237194	0.238793	0.025177	
0.0199121	0.168998	0.201566	-0.041342	0.233291	0	0.0607786	0.025081	0.333881	-0.0946578	0.0492963	-0.021458	0.0783568	-0.0559907	-0.0123091	-0.0195339	0.0886905	0.0237194	0.238793	0.0271543	
0.00926262	0.168626	0.243565	-0.041342	0.209756	0.0626363	0.025081	0.333881	-0.0553643	0.0488651	-0.021458	0.10908	-0.0162528	-0.00660781	-0.00510433	0.0941595	0.0237194	0.238793	0.0271543	
-0.0196162	0.179447	0.245436	-0.0394712	0.178499	0.0488692	0.0302649	0.371222	-0.0652807	0.0466163	-0.0430772	0.106391	-0.0212225	0.0135954	-0.0174924	0.0873301	0.0255902	0.272434	0.0290251	
-0.0196162	0.179691	0.23647	-0.0358901	0.250963	0.0653798	0.0306475	-0.0454327	0.370169	-0.092986	0.0353232	-0.0590976	0.104337	-0.0289257	0.0102711	-0.0100757	0.0899848	0.0259728	0.258877	0.0294077	0	0	
0.00382403	0.150109	0.192195	-0.0314423	0.180808	0.0593198	0.0306475	0.370169	-0.0687371	0.0353232	-0.0457817	0.082187	0.00623162	0.0102804	-0.0188343	0.0899848	0.0259728	0.288056	0.033303	
0.0281593	0.212802	0.192195	-0.0314423	0.157357	0.0414767	0.0231135	0.376606	0	-0.0550856	0.0353232	-0.0290784	0.134343	0.00764143	-0.00707837	-0.0188343	0.0968452	0.0156256	0.288056	0.033303	-0.0143479	0.142683	
0.0400417	0.212802	0.192195	-0.0314423	0.214686	0.0643536	0.0231135	0.4599	-0.069507	0.0353232	-0.05248	0.0819878	-0.018564	0.0151566	-0.0149274	0.097551	0.0237864	0.275286	0.033303	
-0.018678	0.1236	0.186617	-0.0392298	0.262357	0.0787963	0.0231135	0.43599	-0.0588055	0.0353232	-0.0375071	0	0.11075	-0.0528681	0.0437499	-0.00816969	0.0947712	0.0237864	0.275286	0.033303	
0.0389688	0.230782	0.187807	-0.0308149	0.166735	0.08132	0.0220565	0.437179	-0.0715399	0.0365125	-0.0492527	0	0.0949443	-0.0605596	-0.035986	-0.0222023	0.0925676	0.0249757	0.300671	0.0344923	0.000712868	
0.0845336	0.164601	0.202753	-0.0308149	0.166829	0.0728968	0.0220565	0.437179	-0.076718	0.0365125	-0.0507176	-0.0619429	0.0949443	0.0184091	-0.00402244	0.0981752	0.0249757	0.300671	0.0344923	
0.0803519	0.16042	0.201995	-0.0308149	0.179301	0.0808315	0.0262382	0.41527	-0.0936742	0.0310764	-0.0503484	-0.0616934	0.0764524	-0.010667	-0.00402244	0.0952322	0.0292479	0.300671	0.0464744	0	
0.0231067	0.160917	0.201995	-0.0317434	0.169545	0.0795185	0.0257404	0.422812	-0.0985857	0.0310764	-0.0365081	-0.0497698	0.11385	0.00113404	-0.00535693	0.0951538	0.0263259	0.300671	0.0357259	
-0.0127209	0.147318	0.201995	-0.0317434	0.137653	0.102112	0.0257404	0.45302	-0.0840255	0.0397609	-0.0276536	-0.0806791	0.11385	0.00789364	-0.0316399	0.0921108	0.0255511	0.315183	0.0357259	
-0.0231831	0.0824889	0.175771	-0.0298136	0.149456	0.0752156	0.0320187	0.386599	-0.102732	0.0503374	-0.0454271	-0.0678827	0.11192	-0.03612	-0.0167517	0.096499	0.0255511	0.315183	0.0357259	
0.021503	0.1135	0.17149	-0.0298136	0.183686	0.0823229	0.0320187	0.386599	-0.112338	0.0680958	-0.0393854	-0.0546619	0.134585	0.0526669	-0.0182884	0.0949206	0.0258994	0.332092	0.0357259	
0.00220754	0.1135	0.218997	-0.0298136	0.146424	0.121695	0.0320187	0.386599	-0.107453	0.0504098	-0.0393854	-0.0374267	0.063601	0	0.0403298	-0.0182884	0.0963234	0.0232573	0.332092	0.0348524	
0.0339008	0.1135	0.163588	-0.0343576	0.144521	0.0792428	0.0301154	0.383826	-0.105827	0.0485065	-0.0441556	-0.059592	0.153309	0.0473794	-0.0201917	0.0885065	0.021354	0.330067	0.0240528	
0.00728749	0.0768537	0.148879	-0.0343576	0.160448	0.111826	0.0301154	0.383826	-0.105104	0.0485065	-0.0449974	-0.0571973	0.14096	0	0.0136822	-0.0268932	0.0920729	0.021354	0.297139	0.0285117	
-0.0164155	0.0860359	0.163992	-0.0379162	0.224306	0.109196	0.0301154	0.378938	-0.109358	0.0485065	-0.014356	-0.0805685	0.144519	0	0.0236943	-0.0242372	0.0831672	0.0260045	0.297139	0.0285117	
-0.00378453	0.16448	0.165836	-0.0360725	0.242302	0.0658032	0.0319592	0.41778	-0.111065	0.0503503	-0.0420747	-0.0547527	0.0885195	0.0580752	-0.034615	0.0827241	0.0275774	0.298983	0.0334345	-0.0209411	
-0.0467686	0.153352	0.112848	-0.0360725	0.151478	0.0500111	0.0319592	0.41778	-0.0929225	0.0372417	-0.028363	-0.0596496	0.108972	0.0631725	0.0191858	-0.0296709	0.0790977	0.0364235	0.293487	0.0334345	0	
0.0435138	0.0791083	0.175469	-0.029377	0.198415	0.0597722	0.0319592	0.41778	-0.10401	0.0563904	-0.028363	-0.0892358	0.083902	0.0139256	-0.0155662	0.0835997	0.0364235	0.276309	0.0334345	
-0.00272998	0.175121	0.175469	-0.0296407	0.159445	0.0942212	0.0311784	0.41778	-0.0809499	0.0563904	-0.0240806	-0.0644161	0.0739442	0	0.00844562	-0.0341846	0.0835997	0.0330193	0.284553	0.0431882	
-0.00342093	0.150476	0.187749	-0.0375735	0.140187	0.0913237	0.0311784	0.425709	-0.0775298	0.0397251	-0.0266917	-0.0730365	0.10273	-0.0341775	0.0574082	-0.0248098	0.0882315	0.0274489	0.305518	0.0240091	0	
0.0675784	0.119713	0.187749	-0.0368555	0.12315	0.083658	0.0311784	0.425709	-0.0775298	0.0397251	-0.0230175	0.122911	-0.030289	0.0369277	-0.0248098	0.0768885	0.0274489	0.305518	0.0347358	0.0138225	
0.0264757	0.119713	0.153562	-0.0368555	0.13543	0.0311784	-0.0059915	0.425709	0.107379	0.0435338	-0.0242501	0.0166585	0.0754221	0.0274489	0.279856	0.0347358	-0.0900137	
0.123931	0.16971	-0.0369151	0.0710855	0.0269007	-0.0243963	0.421622	0.112704	0.0503745	-0.000699478	0.0239823	0.0522538	0.0766406	0.0278122	0.260431	0.0346763	-0.0764484	
0.213488	0.111864	-0.0470826	0.107255	0.0278921	-0.0249258	0.468414	0.0859872	0.00177907	0.0121056	0.084014	0	-0.000835446	0.0616949	0.0726618	0.0278122	0.238658	0.0346763	-0.0774398	
0.0121056	0.149728	0.103457	-0.0470826	0.136397	0.0274554	-0.022057	0.468414	0.082003	0.0280305	0.000274895	0	0.139256	0.0491554	0.0296237	0.0784302	0.0174637	0.238658	0.0346763	-0.105459	
0.00550181	0.108897	0.103457	-0.0470826	0.144121	0.027352	-0.016754	0.458181	0.143843	-0.0264782	0.395906	0.122768	0.0429288	0.0398008	0.0756412	0.0051092	0.263231	0.0346763	-0.106528	
0.00984836	0.135693	0.103457	-0.0452114	0.144121	0.0253295	-0.0266374	0.458181	0.141972	0.00427056	-0.000503144	0.0982859	-0.00166422	0.05354	0.0398008	0.0634585	0.0051092	0.263231	0.0346763	-0.0974549	
-0.0074837	0.192092	0.139383	-0.0452114	0.208133	0.0264264	-0.00899407	0.458181	0.097028	-0.0114635	0.0980718	0.0505942	0.0568105	0.0610794	0.00542495	0.249399	0.0361464	-0.0960316	
0.0524106	0.199801	0.168911	-0.0434006	0.145995	0.021562	-0.00737341	0.431074	0.0912148	0.0424975	0	0.0591069	0.0568204	0.091036	0.0124608	0.249399	0.0361464	-0.0882092	
0.0524106	0.199801	0.168911	-0.0421442	0.136275	0.021562	-0.00802138	0.449244	0.0931331	0.0293111	0	0	-0.00359708	0.0298717	0.091036	0.0124608	0.255101	0.0375271	-0.0907573	
0.048372	0.256829	0.151897	-0.0374343	0.168417	0.021562	-0.00572826	0.449244	0.116462	0.0716879	0.00487357	0.156524	-0.449244	0.0787932	0.0229212	0.109596	0.0124608	0.255101	0.0375271	-0.0758594	
0.044636	0.255402	0.170772	-0.0385211	0.13523	0.021562	-0.017224	0.448715	0.10703	0.0465978	0	0.0787932	0.0414914	0.0864553	0.0124608	0.208267	0.038634	-0.092826	
0.0429883	0.250352	0.170772	-0.0385211	0.119845	0.026612	-0.017224	0.448715	0.115081	0.02063	-0.0109231	0.0597117	0.0918683	0.0207458	0.211074	0.0232092	-0.0858121	
0.0446264	0.280107	0.131541	-0.0383515	0.186407	0.0264579	-0.0198043	0.446591	0.0606457	-0.00285935	0.0129717	0.0296924	0.0935582	0.011166	0.246161	0.0181653	-0.102991	
0.0489504	0.280107	0.227855	-0.0383853	0.14341	0.0264579	-0.0191194	0.393439	0.105045	-0.0325511	0.0129717	0.0435899	0.0801869	0.011166	0.263482	0.0181653	-0.103066	
0.0441153	0.217225	0.204174	-0.0428031	0.223669	0.0264579	-0.00778758	0.480736	0.128381	-0.0425629	0.00190051	0	0.0403857	0.0435899	0.0792151	0.0121378	0.244284	0.0181653	-0.0907997	
0.0524061	0.190068	0.204174	-0.0428031	0.241642	0.0264579	-0.0193519	0.484367	0.10593	-0.0322875	0.0332338	0.0362702	0.118026	0.012304	0.244284	0.0181653	-0.101424	
0.0361109	0.216658	0.27076	-0.0428031	0.192318	0.0264579	-0.00729784	0.557053	0.11188	-0.0335278	0.0471315	0.0396755	0.112079	0.0182517	0.309183	0.026379	-0.0778474	
0.044917	0.203565	0.27076	-0.0428031	0.257667	0.0237917	-0.0104965	0.587505	0.128312	0	0.120241	0.0566244	0.0553121	-0.0153349	0.0108948	0.309183	0.026379	-0.0910421	
0.044917	0.203565	0.255977	-0.0441305	0.254843	0.0237917	-0.0159549	0.612536	0.0632309	0	0.105265	0	0.0185384	0.0247897	0.076847	-0.00935759	0.00983365	0.320496	0.0211902	-0.0880767	-0.00334458	
0.0443468	0.197167	0.228184	-0.0441305	0.212033	0.0237917	0.0234066	0.612536	0.117544	0.096808	0	0.0611662	0.076847	-0.03251	0.0239906	0.339737	0.0211902	-0.0973391	
0.0484846	0.197167	0.227858	-0.0342475	0.247939	0.0234661	-0.00094634	0.61221	0.119919	0.0967443	0.0116119	0.073556	0.00812361	0.0239276	0.330818	0.0249422	-0.0998565	
0.0504969	0.175894	0.223787	-0.0342475	0.234702	0.0234661	-0.00446855	0.61221	0.0982953	0.0969168	0	0	0.0322757	0.0602796	0.0271616	0.0237551	0.299503	0.0238261	-0.0872168	
0.0504778	0.164026	0.179206	-0.035754	0.181113	0.023361	-0.0101693	0.618517	0.112705	0.0835023	-0.0247874	0	0.0499458	0.0124288	0.0229935	0.028335	0.281688	0.0414049	-0.0775468	
0.043949	0.20099	0.179206	-0.035754	0.324221	0.023361	-0.00378562	0.618517	0.174849	0.0835023	-0.0374203	0.0983235	0.0378783	0.0189698	0.028335	0.281688	0.0414049	-0.0957604	
0.0411358	0.20103	0.178479	-0.0364807	0.323494	0.0226342	-0.00451239	0.617791	0.111814	0.122042	0.0544504	-0.0300947	0.0828444	0.000784469	0.0236205	0.280961	0.0350916	-0.0689398	
0.0430422	0.20103	0.164704	-0.0351438	0.348222	0.0239711	-0.00317545	0.629088	0.105531	0.083474	0	-0.021422	0.0841814	0.0208556	0.0199068	0.288882	0.0364286	-0.065538	
0.0519767	0.20103	0.110893	-0.0359019	0.348222	0.0239711	-0.0213089	0.629088	0.0844894	0.0853546	0	0.0443465	0.0392119	0.0541238	0.0199068	0.28064	0.0489777	-0.0897593	
0.0512695	0.157393	0.116554	-0.0366146	0.347509	0.0230169	0.000937128	0.64773	0.111675	0.0748692	-0.0121137	0.0375846	0.0384992	0.00414989	0.0191941	0.279927	0.0455637	-0.110447	
0.0512695	0.157957	0.0966001	-0.0366146	0.472291	0.0230169	-0.0231122	0.64773	0.111675	0.0748692	-0.026979	0.0270837	0.107464	0.052377	-0.018867	0.0191941	0.261515	0.0455637	-0.0988885	
0.0507609	0.140797	0.0999126	-0.0366146	0.472291	0.0230169	-0.0212837	0.64773	0.150352	0.0226764	0.0269364	0.0341057	0.0966271	0.00955146	-0.0299027	0.261515	0.0455637	-0.103741	0	
0.0507609	0.140797	0.0821861	-0.035776	0.386502	0.0230169	-0.0241112	0.674395	0.121426	0.0783325	0.00926622	0.0316769	0.0927214	0.00955146	0	0.248876	0.0455637	-0.0822669	
0.0480859	0.138612	0.0894589	-0.0358781	0.333004	0.0248506	-0.00050216	0.674044	0.136587	0.0452125	0.261718	0.0834168	0.0313257	0.0861213	0.00920027	0.0856202	-0.0907663	
0.0480859	0.157977	0.0885056	-0.03777	0.478058	0.0248506	-0.00132042	0.626474	0.172553	0.0365	0.233945	0.0525215	0.0276812	0.103691	0.00920027	0.0421567	-0.103253	0.00871255	
0.0517585	0.101838	0.0549707	-0.0345961	0.267005	0.0286692	-0.00132042	0.626474	0.169379	0.0365	0	0	0.155531	0.0276812	0.103691	0.00920027	0.0235131	-0.0907578	0.199748	
0.0473214	0.0998068	0.107936	-0.0345961	0.296947	0.0286692	-0.00132042	0.64445	0.172648	0.0314184	0.0172864	0.253471	0.0940566	0.047135	0.0948875	0.00920027	0.0374696	-0.0949696	-0.0301771	
0.0473214	0.149963	0.0789928	-0.0371362	0.332845	0.0286692	-0.00522246	0.639384	0.225105	0.0317643	0.195389	0.105906	0.00124618	0.0930368	0.011051	-0.0238178	-0.0764511	0.182205	
0.0442924	0.116741	0.0863704	-0.0371362	0.348134	0.0272464	-0.00522246	0.674057	0.0317643	0.195389	0.0496438	0.0163436	0.0922823	0.0118055	0.012725	-0.0962144	0.140391	
0.0403824	0.116741	0.130957	-0.0371362	0.271229	0.0272464	-0.00931545	0.674057	0.0317643	-0.00257816	0.0699524	0.182234	0.0437117	0.0109844	0.11167	0.00875847	-0.00750821	-0.0977333	0.113353	0.0812347	0	
0.0379837	0.148739	0.12645	-0.0435277	0.262451	0.0281216	-0.0347355	0.655214	0.0317643	-0.00678348	0.227674	0.0160615	0.0306225	0.11167	0.00875847	-0.00224505	-0.105873	0.141468	0.103266	
0.0379837	0.155721	0.109264	-0.0488372	0.204692	0.0281216	-0.0213229	0.655214	0.0317643	0.227674	0.0255787	0.0424045	0.0831778	0.00875847	-0.00224505	-0.0975239	0.074841	
0.0258001	0.126218	0.119859	-0.04844	0.277419	0.0299842	-0.0386351	0.655214	0.0317643	0.227674	0.00203045	0.0210601	0.127848	0.00727181	0.0255567	-0.084631	0.124038	
0.0347142	0.130036	0.101403	-0.0486746	0.152012	0.0299842	-0.0341795	0.717375	0.0317643	0.232427	0.0654055	0.0169393	0.115591	0.0167447	-0.0190804	-0.0821139	0.0859777	
0.0354773	0.124343	0.101403	-0.0486746	0.185128	0.0299842	-0.0317383	0.717375	0.0338285	0.232427	-0.04949	0	0.0345246	0.00929479	0.0779197	0.0167447	0.0509575	-0.0860264	0.134402	
0.0322792	0.13922	0.101403	-0.0452537	0.099901	0.0278565	-0.0187467	0.717375	0.0522958	0.232427	-0.0489531	-0.0235287	-0.00132518	0.0575458	0.0664771	0.0773643	0.0173001	-0.0124827	-0.0679557	0.13079	
0.02957	0.165014	0.0969772	-0.0452537	0.19545	0.0220717	-0.0244899	0.721112	0.0430334	0.268495	-0.0589121	0.0307246	0.049691	0.101377	0.0173001	0.128297	-0.070294	0.109165	
0.028997	0.135573	0.10307	-0.0412739	0.188966	0.0211039	-0.0419506	0.721429	0.0433496	0.268812	-0.0440712	0.0496384	0.0736208	0.0500072	0.0464954	0.0176163	0.109996	-0.0716734	0.0692417	-0.0162363	
0.0229988	0.20481	0.0800105	-0.0416581	0.188966	0.0211039	-0.0236236	0.721429	0.0433496	0.268812	-0.0570382	0.0408308	0.0500072	0.0830928	0.0176163	0.204572	-0.0827362	0.0888508	
0.0294244	0.207315	0.0929277	-0.0454561	0.235416	0.018599	-0.0299663	0.698932	0.0433496	0.269214	-0.0465294	0.0452351	0.0768164	0.0663811	0.0907574	0.0104891	0.205314	-0.0811574	0.105829	
0.0316029	0.202614	0.060955	-0.0380612	0.236243	0.0193056	-0.0256231	0.698932	0.0371648	0.301423	-0.0444421	0.0834424	0.072707	0.0663811	0.0907574	0.0104891	0.195206	-0.0768511	0.170781	
0.0363813	0.225065	0.105907	-0.0380612	0.236243	0.0193056	-0.0056231	0.698932	0.0371648	0.283843	-0.0424027	0	0.089241	0.0663811	0.0890545	0.0138773	0.160107	-0.0729127	0.142352	
0.0363813	0.227899	0.0811989	-0.0344297	0.303299	0.021696	-0.00914135	0.698932	0.0459307	0.264794	-0.0646985	0.0420833	0.0419283	0.104357	0.0061856	0.157716	-0.0776371	0.169694	
0.0411122	0.145273	0.0811989	-0.0350112	0.194141	0.021696	-0.000563264	0.698932	0.0440956	0.264794	-0.047854	0.0563807	0.00301422	0.0419283	0.118963	0.0061856	0.134677	-0.0903637	0.147639	
0.0411122	0.145273	0.0924304	-0.032626	0.22452	0.021696	-0.000563264	0.698932	0.0429252	0.264794	-0.0478279	-0.00144589	0.0313444	0.072406	0.0061856	0.155169	-0.0789746	0.0998274	
0.0392615	0.153997	0.126331	-0.0357102	0.237661	0.021696	-0.0266032	0.698932	0.0489633	0.241192	-0.0444469	-0.0333376	0.044588	0.0313444	0.0594821	0.0112395	0.0917487	-0.0970313	0.157275	
0.0392615	0.15552	0.126331	-0.0385937	0.269586	0.021696	-0.0130648	0.698932	0.0526294	0.271538	-0.048113	0.0112395	0.0488553	0.0435627	0.102149	0.00538291	0.113887	-0.097014	0.147617	
0.0392615	0.267124	0.188209	-0.0385937	0.311923	0.0212058	-0.00294434	0.715119	0.0526294	0.278558	-0.0596417	-0.0211597	-0.0151176	0.0213643	0.0421243	0.0985887	0.0122767	0.0322514	-0.0877544	0.133918	0.0242724	
0.0400386	0.257112	0.188986	-0.0385937	0.311923	0.0212058	-0.0113645	0.715119	0.0677091	0.282747	-0.0783219	0.00719119	0.0237371	0.0886262	0.0718544	0.0510896	0.00873941	0.0184078	-0.0855261	0.126553	
0.0394814	0.303811	0.149883	-0.0367146	0.263521	0.0221092	-0.0113645	0.697375	0.0650817	0.281342	-0.0750826	0.125164	0.0854581	0.0657974	0.006605	0.0257394	-0.0851422	0.141846	
0.0447345	0.22922	0.208546	-0.0390732	0.263521	0.0221092	-0.0165637	0.697375	0.0650817	0.281342	-0.0659415	-0.0587715	0.0633081	0.0512935	0.0595668	0.0658546	0.0176859	0.0417768	-0.074067	0.144205	
0.040745	0.33753	0.210329	-0.0390732	0.376575	0.0291138	-0.00688596	0.697375	0.0645451	0.270273	-0.0654049	0.00673326	0.0534614	0.0498843	0.0658546	0.0176859	-0.0226174	-0.0988982	0.129245	
0.040745	0.22636	0.214322	-0.0444205	0.460063	0.0246889	-0.00862894	0.70385	0.0695396	0.270273	-0.0840912	0.115259	0.0971209	0.0945695	0.0498843	0.079305	0.00423546	0.0389526	-0.0993695	0.122798	0.062479	0.057593	
0.0396235	0.195275	0.20924	-0.0444205	0.266038	0.0301578	-0.00887141	0.748441	0.0695396	0.282916	-0.0997876	0.0160711	0.0498843	0.0885647	0.00423546	0.00574926	-0.110386	0.152534	
0.0395891	0.165941	0.20774	-0.0444205	0.266038	0.0301578	-0.00887141	0.748441	0.0983624	0.259645	-0.126493	0.0732232	0.0472042	0.0412773	0.052544	0.0158532	-0.00293395	-0.10133	0.181021	
0.0395891	0.165941	0.260163	-0.0444205	0.26226	0.0301578	-0.00829904	0.748441	0.0983624	0.259645	-0.105317	0.0176226	0.000218826	0.0412773	0.124091	0.00192639	0.014307	-0.0935637	0.261237	
0.0512707	0.123062	0.208177	-0.0447268	0.239154	0.0292857	-0.00829904	0.725724	0.0983624	0.278208	-0.101661	0.00199566	0.00408135	0.070842	0.0426082	0.119626	0.00639191	0.00639917	-0.097639	0.261543	0	
0.0471844	0.160222	0.240011	-0.0452177	0.191584	0.0292857	-0.0139153	0.677555	0.0868094	0.255849	0.0222068	0.0483153	0.0381922	0.113399	0.00639191	-0.0752066	-0.0939433	0.302003	-0.111512	
0.0471844	0.160222	0.21289	-0.0452177	0.198259	0.0292857	-0.0139153	0.700652	0.0868094	0.255849	-0.0891644	0.00928564	0.0466011	0.0491412	0.109494	0.0102969	-0.0515921	-0.0886404	0.278179	-0.0309557	
0.0469365	0.160938	0.212642	-0.0438106	0.192331	0.0285693	-0.0223391	0.700652	0.0964211	0.238089	-0.120328	0.00879038	0.211176	0.0402845	0.138044	0.0102969	-0.0906822	0.219156	-0.0517265	
0.0468235	0.163782	0.176811	-0.041961	0.266511	0.032807	-0.00758188	0.702501	0.0982707	0.246422	-0.109058	0.0293936	0.0121464	0.158007	0.0345711	0.138044	-0.0645024	0	-0.0923468	0.174277	
0.0528297	0.125076	0.182817	-0.041961	0.244771	0.0407932	-0.00557662	0.702501	0.0982707	0.246422	-0.109058	0.0293936	0.0121464	0.020008	0.0459878	0.12195	0.0421319	-0.0990537	0.176173	
0.0528297	0.0802311	0.159082	-0.041961	0.245388	0.0407932	-0.00728967	0.700521	0.0996198	0.246422	-0.121228	0.0503127	0.0121464	0.0490397	0.0635045	0.12445	0.0577368	-0.100303	0.160993	
0.0506768	0.125403	0.156679	-0.0422108	0.349089	0.0405434	-0.00684511	0.700271	0.09937	0.269721	-0.121228	0.0426497	0.0118966	0.0485561	0.0618129	0.12445	0.0389678	-0.0908522	0.0232284	0.141186	
0.0506768	0.125403	0.16615	-0.0420424	0.242839	0.0405434	-0.00684511	0.700271	0.09937	0.259077	-0.127205	0.0445515	0.0118966	0.106372	0.0721995	0.086631	-0.0431163	-0.0848518	0.140621	0	
0.0432887	0.117796	0.187618	-0.0420424	0.152108	0.0405434	-0.00684511	0.730213	0.1057	0.259077	-0.120884	0.0445515	0.00479528	0.108875	0.0452811	0.0937324	0.0537255	-0.111	0.140621	0	
0.0432887	0.107053	0.194666	-0.0420424	0.219008	0.0405434	-0.00222135	0.730213	0.1057	0.26227	-0.117043	0.0399855	0.0108656	0.115681	0.0644195	0.107506	-0.0506062	-0.100831	0.154719	
0.0432887	0.144865	0.247961	-0.0420424	-0.00235768	0.0410393	-0.0155513	0.730213	0.1057	0.316467	0.252412	-0.12669	0.0108656	0.0909603	0.0390456	0.107506	-0.0338042	-0.107663	0.154787	
0.0432887	0.101898	0.247961	-0.0444053	-0.00235768	0.0397959	0.000146241	0.730213	0.105531	0.283698	0.242451	-0.126521	0.00525549	0.0698521	0.0390456	0.111153	-0.0555896	-0.0889663	0.11687	-0.0358309	0	
0.0501983	0.101898	0.226511	-0.0401799	-0.00235768	0.0397959	0.000146241	0.730213	0.105531	0.251903	0.26901	-0.126521	0.00525549	0.0649422	0.0390456	0.164128	-0.0215209	-0.0981617	0.120314	
0.0501983	0.122831	0.226511	-0.0406186	0.0129712	0.0428601	-0.00799071	0.716845	0.0890541	0.251903	0.267736	-0.109363	0.00525549	0.096285	0.0390456	0.132275	-0.0509029	-0.0965567	0.13081	-0.00163096	0.013978	
0.0529752	0.126647	0.229288	-0.0394838	-0.00311484	0.0428601	-0.0235252	0.716845	0.0890541	0.279993	0.267736	-0.101952	0.00525549	0.118226	0.0320705	0.132275	-0.01955	-0.0981788	0.129675	
0.0554946	0.161663	0.203508	-0.0402183	-0.00471771	0.0423282	-0.0251281	0.715242	0.0874512	0.27839	0.282571	-0.104496	0.00488023	0.11524	0.0452162	0.131048	-0.00734905	-0.116309	0.126451	
0.0587898	0.136726	0.225206	-0.0403812	-0.00471771	0.0406978	-0.0163916	0.715242	0.0718462	0.263164	0.233045	-0.0744516	0.0186971	0.0955203	0.0504644	0.117231	-0.0502139	-0.121705	0.0792376	-0.0400771	0.106869	
0.0587898	0.136726	0.200643	-0.0403812	-0.0195057	0.0406978	-0.0163916	0.75532	0.0718462	0.263164	0.199708	-0.0957068	0.0145388	0.0579552	0.0438211	0.121389	-0.011965	-0.110387	0.109191	-0.0400771	-0.0313737	
0.0583715	0.102842	0.222575	-0.034261	-0.00895614	0.0406978	-0.0142979	0.715242	0.0764164	0.263164	0.225474	-0.100277	0.00984849	0.0613925	0.0553263	0.102675	-0.0265962	-0.111997	0.094408	-0.0325853	
0.0577208	0.107776	0.209454	-0.034261	-0.00998918	0.0406978	-0.0278776	0.715242	0.0693205	0.269588	0.277078	-0.0823909	0.00999758	0.0878596	0.0570181	0.131035	-0.0346614	-0.123817	0.0490552	0	-0.0197058	
0.0520883	0.216714	-0.0283181	-0.00998918	0.0406978	-0.0126026	0.715242	0.0693205	0.242923	0.213619	-0.0838418	0.00999758	0.0342757	0.101304	0.131035	-0.011546	-0.102113	0.0782943	0.0344683	0	
0.0520883	0.21443	0	-0.0345534	0.0170853	0.0406978	-0.0270002	0.715242	0.0614638	0.242923	0.232925	-0.0703389	0.0196543	0.0116705	0.101304	0.113504	-0.0458547	-0.115268	0.0917173	0.0344683	
0.0590896	0.189876	-0.0377258	0.0172215	0.040834	-0.0184355	0.715379	0.0616	0.24306	0.216658	-0.0915813	0.0197905	0.0460469	0.131845	0.0767169	-0.0167591	-0.0960451	0.0950259	0.0346045	
0.059978	0.17354	-0.0377258	-0.00973529	0.0355225	0.040834	-0.0297326	0.715379	0.0616	0.251436	0.216658	-0.0857314	0.0197905	0.0315171	0.125542	0.0767169	-0.00272053	-0.111709	0.0734375	
0.051351	0.13054	-0.0415312	-0.0150342	0.049849	0.040834	-0.0297326	0.715379	0.0721562	0.236265	0.182207	-0.080856	0.00936333	0.030654	0.118257	0.082957	-0.0309275	-0.12346	0.116272	-0.00862704	
0.051351	0.13975	-0.0415312	-0.0183582	0.0414349	0.040834	-0.00938797	0.715	0.0721562	0.201202	0.182207	-0.0894471	0.00936333	0.0301821	0.0928584	0.0956231	-0.0325086	-0.108051	0.0955112	
0.0547175	0.183972	-0.0350455	-0.00373103	0.0414349	0.0425137	-0.00995924	0.715	0.0721562	0.223593	0.182207	-0.0894471	0.00903827	0.0349172	0.0911787	0.109011	-0.0435458	-0.109731	0.132532	
0.0535211	0.185099	-0.0350455	-0.00326153	0.0531743	0.0414023	-0.0068257	0.709454	0.0808821	0.223593	0.182207	-0.107352	0.00903827	0.0361684	0.135846	0.105799	-0.0227047	-0.103536	0.0628024	
0.050666	0.254926	-0.0349759	-0.0110599	0.0532439	0.0414719	-0.00716153	0.709524	0.0875199	0.231747	0.182277	-0.101024	0.018827	0.0435165	0.184987	0.0966646	0.0632195	-0.111964	0.102691	-0.0138184	
0.0515931	0.241058	-0.0349759	-0.0110599	0.0486059	0.0414719	-0.015454	0.709524	0.0875199	0.231747	0.193404	-0.0934884	0.018827	0.0128071	0.214659	0.148516	-0.0163026	-0.0951343	0.107686	
0.0515931	0.246863	-0.0349759	-0.00973313	0.0486059	0.0414719	-0.0191982	0.709524	0.0875199	0.216142	0.261345	-0.098682	0.018827	0.0308183	0.211446	0.148516	-0.0221596	-0.124798	0.153135	0.050968	-0.0407139	
0.0522144	0.247484	-0.0404537	-0.0032623	0.0260017	0.0414719	-0.0159039	0.709524	0.0808935	0.208448	0.193604	-0.0920556	0.018827	-0.0291219	0.180496	0.104542	-0.0315432	-0.0934695	0.130154	
0.0522144	0.265912	-0.0404537	-0.0032623	0.0337273	0.0414719	-0.0159039	0.709524	0.0983077	0.216091	0.253885	-0.125963	0.0101349	0.0266078	0.111734	0.0968748	-0.0137176	-0.10408	0.130154	
0.0482234	0.233902	-0.0445756	0.00578396	0.0200798	0.0414719	-0.0302546	0.709524	0.0983077	0.283073	0.236699	-0.125963	0.0153148	0.0549631	0.136794	0.0916949	0.0320238	-0.0994838	0.115051	0	-0.00650611	0	
0.0474619	0.23314	-0.0445756	0.00793119	0.0200798	0.0414903	-0.0111156	0.709524	0.0836367	0.228411	0.271402	-0.104104	0.0153148	0.0572978	0.136776	0.114572	0.034114	-0.108017	0.102781	-0.145321	0	
0.0474619	0.203177	-0.0468637	-0.00311018	0.0200798	0.0497897	-0.0111156	0.709524	0.0836367	0.231007	0.137668	-0.105813	0.0153148	0.063567	0.109419	0.0973033	-0.0103508	-0.106626	0.100724	
0.0474619	0.203177	-0.0468637	-0.000481808	0.0259882	0.0497897	-0.0166531	0.709524	0.0836367	0.24511	0.16573	-0.103489	0.0153148	0.124072	0.177234	0.0981482	-0.0652436	-0.09637	0.129344	-0.0305195	-0.0395592	
0.0474619	0.204621	-0.0468637	0.00631574	0.0203162	0.0497897	-0.0319038	0.709524	0.100212	0.255525	0.326154	-0.122784	0.00797434	0.0525118	0.177234	0.105489	-0.0129614	-0.117272	0.165328	-0.0392123	
0.0456039	0.202763	-0.0449224	0.00927251	0.0365228	0.0497897	-0.00936268	0.709524	0.100212	0.255525	0.265208	-0.113715	0.0152423	0.034038	0.186394	0.0869135	0.0590925	-0.100361	0.124172	
0.0559194	0.184323	-0.0487925	0.0173237	0.0184733	0.0455427	-0.0316443	0.709524	0.0871696	0.255525	0.266856	-0.100672	0.0288045	0.0816993	0.0913025	0.0686057	0.0937549	-0.11923	0.144134	
0.0714706	0.204624	-0.0481017	0.0254841	0.0462265	0.0467178	-0.0304692	0.710699	0.0883447	0.2567	0.268031	-0.109634	0.0299797	0.0218946	0.0948505	0.0686057	0.0890548	-0.0986774	0.115732	
0.0697436	0.202897	-0.0481017	0.0183201	0.0462265	0.0467178	-0.0244252	0.710699	0.0719263	0.288152	0.277135	-0.0938457	0.0244899	0.0544742	0.0992812	0.0754346	0.150298	-0.120467	0.0957766	0	0.0681425	
0.0670691	0.179958	-0.0465345	0.0195497	0.0315132	0.0479474	-0.0311057	0.711928	0.0731558	0.224439	0.289792	-0.0869218	0.0257194	0.109608	0.127947	0.0754346	0.150298	-0.108755	0.0954389	
0.0639805	0.203136	-0.0434649	0.0195497	0.0197331	0.0479474	-0.0131688	0.675755	0.0726788	0.253973	0.268625	-0.0864448	0.022533	0.0942622	0.0290081	0.0946774	0.179101	-0.127961	0.10972	
0.0639805	0.211133	-0.0393165	0.0195497	0.0386194	0.0479474	-0.0170122	0.675755	0.0700107	0.253973	0.316434	-0.0737749	0.022533	0.0990804	0.0780289	0.0713816	0.161518	-0.122099	0.146637	
0.060404	0.207557	-0.0380289	0.0144065	0.0317533	0.0479474	-0.0170122	0.6924	0.0664173	0.253973	0.273172	-0.0701814	0.022533	0.0393984	0.0376612	0.0752653	0.300546	-0.114692	0.0764197	
0.0575028	0.211019	-0.0357352	0.00295331	0.0183601	0.0474618	-0.00879372	0.659985	0.0633202	0.233814	0.255838	-0.0675699	0.0199524	0.0529133	0.0561868	0.0831427	0.300546	-0.124397	0.121181	
0.0581265	0.201487	-0.0357352	0.00736281	0.0464243	0.0474618	-0.0196916	0.659985	0.0633202	0.236846	0.231033	-0.0803378	0.00399312	0.0802323	0.102985	0.099102	0.39159	-0.124084	0.108391	-0.0230063	
0.0581265	0.176154	-0.0395362	0.00642093	0.0464243	0.0474618	-0.0129783	0.659985	0.0748029	0.218871	0.201866	-0.0889636	0.00880604	0.075809	0.1108	0.106325	0.401801	-0.122704	0.112192	-0.00364018	
0.0581265	0.155267	-0.039644	0.00642093	0.0513138	0.0474618	-0.0239302	0.64931	0.0748029	0.218871	0.150692	-0.089479	0.02124	0.0496102	0.143925	0.0732347	0.384867	-0.107268	0.176679	
0.0501719	0.147313	-0.0420609	0.0161485	0.0513138	0.0474618	0.00536147	0.64931	0.066385	0.221918	0.150692	-0.0924215	0.0174665	0.177191	0.133393	0.0770082	0.360386	-0.107268	0.202791	-0.0100478	
0.0501719	0.140657	-0.0467887	-0.00366614	0.0308108	0.0474618	-0.0123336	0.619082	0.0829433	0.277356	0.235803	-0.087678	0.0174665	0.098326	0.130029	0.0770082	0.360386	-0.116383	0.193489	-0.0380609	
0.0501719	0.148611	-0.044781	-0.0040663	0.0184034	0.0474618	-0.0139606	0.619082	0.0829433	0.260158	0.208148	-0.0976933	0.0174665	0.0238371	0.154695	0.0822598	0.427445	-0.126354	0.162842	0.011246	-0.0237205	0.0350451	
0.0530018	0.147751	-0.044781	-0.00234255	0.0184034	0.0372674	-0.00624723	0.619082	0.0829433	0.260158	0.187876	-0.109825	0.0174665	-0.0294517	0.206041	0.0822598	0.28551	-0.102583	0.171154	-0.00929983	0.099188	
0.0529518	0.175698	-0.0465276	-0.00234255	0.0257314	0.0351133	-0.00624723	0.624883	0.0829433	0.260158	0.247576	-0.100127	0.0116909	0.00573679	0.21008	0.0963235	0.205757	-0.101194	0.150562	-0.0296797	
0.0551494	0.210612	-0.0442457	0.0024414	0.0320647	0.0351133	-0.0152016	0.610629	0.0829433	0.260158	0.171112	-0.100127	0.0116909	0.00473502	0.224486	0.114828	0.148452	-0.0931246	0.19462	-0.0133957	
0.0559982	0.203143	-0.0442457	0.0152149	0.0279053	0.0351133	-0.0205433	0.610629	0.0808221	0.20496	0.321816	-0.0980059	0.0155568	-0.00849534	0.224486	0.106205	0.084565	-0.0741619	0.19462	0	-0.00187786	
0.0545043	0.194367	-0.0441501	0.0158786	0.038303	0.0297271	-0.0354472	0.625297	0.0814859	0.205623	0.321668	-0.0980059	0.0140739	0.0627462	0.230536	0.108351	0.109171	-0.0755979	0.195188	-0.0379031	-0.0340819	0	
0.0545043	0.206798	-0.0456148	0.00805047	0.0310734	0.0320748	-0.0119241	0.656305	0.0814859	0.212677	0.270536	-0.102786	0.0140739	0.0724126	0.270485	0.108351	0.108764	-0.0912873	0.241426	0	0	
0.0545043	0.206798	-0.0428313	0.00805047	0.0433764	0.0320748	-0.0134689	0.656305	0.0693755	0.242374	0.272701	-0.0842576	0.0176941	0.0426628	0.26733	0.104731	0.105633	-0.0758207	0.20355	0.0643036	
0.0568269	0.225622	-0.0428313	0.00223156	0.0433764	0.0320748	-0.0230626	0.656305	0.0693755	0.171444	0.349394	-0.0784966	0.0176941	0.0394735	0.299899	0.0871461	0.0803276	-0.0784455	0.18972	0.231982	
0.0562619	0.203173	-0.0428313	0.00254211	0.0264018	0.0351005	-0.0280949	0.692988	0.0797674	0.171444	0.349394	-0.0692454	0.0195356	0.0402093	0.271706	0.0867992	0.134773	-0.0772489	0.211094	0.223309	
