0.174411	-0.0698635	-0.106844	0.306827	0.244641	-0.111367	0.0937972	0.0463327	0.0888181	-0.0237133	0.10703	0.0575991	0.146172	0.00587479	-0.0177538	-0.0232181	0	0	0	0	0	0	0	0	0	0	0	0	0	0	0	0	0	0	0	0	0	0	0	0	0	0	0	0	0	0	0	0	0	0	0	0	0	0	0	0	0	0	0	0	0	0	0	0	0	0	0	0	0	0	0	0	0	0	0	0	0	0	0	0	0	0	0	0	0	0	
0.174411	-0.0694264	-0.099924	0.341256	0.244204	-0.112252	0.0937972	0.0463327	0.0716355	-0.0237133	0.10703	0.0575991	0.156936	-0.0204477	0.00931009	0.019594	0.0247411	0.00435031	0.025957	0.0385846	0.0237133	0.0248517	0	0.141656	0.112801	0.0190773	-0.0208383	0.0469082	0.036559	-0.0162357	0.0257141	0.0093431	0.000934453	0.0392017	0.0494189	-0.0342116	0	-0.013448	0.0935682	0	0.0668054	-0.0221063	-0.019594	0	-0.0204439	-0.0107638	0.0204921	0.134591	
0.172346	-0.0662313	-0.099924	0.341256	0.266071	-0.103927	0.0937972	0.0442674	0.102956	-0.021648	0.118524	0.0469027	0.156936	-0.0112	0.0597028	-0.0362769	0.0398984	0.0701399	0.0111898	-0.0208383	0.0412962	-0.0164785	0.0796109	0.0916868	0.0974621	0	0.0405892	0.0238917	0.0560356	-0.0717812	-0.0144251	-0.00920236	0.0154735	0.202955	-0.00206531	0.285417	
0.172346	-0.0695773	-0.099924	0.341256	0.261415	-0.101815	0.12187	0.0450469	0.0328276	-0.021648	0.102606	0.0512279	0.193239	0.0318931	0.0422496	0.15881	0.102956	0.0397402	0.0701399	-0.0091479	0.0238917	-0.0461769	-0.0584493	-0.0412188	0.0796109	-0.0352563	-0.0111382	-0.00920236	0.0178423	
0.164524	-0.0695773	-0.107238	0.341256	0.242238	-0.105847	0.079705	0.0450469	0.0316595	-0.021648	0.102606	0.0383816	0.19439	0.0880157	0.0140764	0.266517	0.102956	0.0471175	0.0922985	-0.0261928	0.0238857	-0.124601	-0.0389749	-0.0411571	0.0106031	0.0544373	-0.0111382	-0.0406188	0	0	0	-0.00920236	
0.163107	-0.0704194	-0.0988775	0.341256	0.24308	-0.107625	0.079705	0.0422689	0.0220053	-0.0202309	0.0835909	0.0667398	0.241731	-0.000813541	0.0505243	0.280071	0.122706	0.0471175	0.0968084	0.0269971	-0.171941	-0.0389749	-0.0389556	0.0154731	-0.0261928	-0.0406188	0.219172	-0.00920236	
0.163107	-0.0718356	-0.108902	0.341256	0.244496	-0.102576	0.0820213	0.0422689	0.0220053	0.0685391	0.241731	-0.0205566	0.0181644	0.388399	0.127188	0.0236474	0.0139637	-0.0909255	-0.0368407	-0.0424267	8.97848e-05	-0.0121004	-0.0349288	-0.0202309	0.0300143	0.116194	0.00293009	-0.0267083	
0.163107	-0.0718356	-0.107922	0.341256	0.244496	-0.10648	0.110419	0.0422689	0.0252329	0.0685391	0.239388	0.00180864	0.0287009	0.233604	0.162457	0.0231194	-0.0267083	0.0852828	0.131286	0	-0.0368407	0.0139637	-0.014444	-0.0213849	-0.0237768	-0.0202309	0.0712071	
0.143086	-0.0718356	-0.109765	0.00968597	0.244496	-0.105104	0.0985889	0.0252329	0.233047	0.00502558	0.024019	0.100846	0.090523	0.0165547	-0.0267083	0.0916239	0.218317	0.0422689	-0.0332274	-0.0368407	-0.0213849	0.000296465	-0.0208903	0.341256	-0.0202309	0.233604	
0.143086	-0.0718356	-0.103426	0.0919724	0.244496	-0.109443	0.0985889	0.0252329	0.341256	0.233047	0.0512411	0.0192727	0.0313445	0.107265	0.0227883	-0.0317797	-0.109585	0.218317	0.0786068	-0.0149334	-0.0260458	0.0382409	0.0115435	-0.0320933	-0.0202309	
0.143086	-0.0710334	-0.107617	0.102698	0.243694	-0.10967	0.122614	0.121572	0.0370959	0.388948	0.233047	0.0398186	0.0333989	0.0313445	0.0227883	-0.0360775	-0.146249	0.262598	-0.0132661	-0.0149334	0.0373215	0.0159022	-0.0347564	-0.0450132	-0.022327	-0.0202309	
0.128357	-0.0710334	-0.105899	0.12217	0.243694	-0.115184	0.12759	0.0757333	0.0380101	0.388948	0.233047	0.0398186	0.0333989	0.0489765	0.0236082	-0.0548959	-0.115929	0.262598	0.0875586	0.0258031	0.0544141	-0.0202309	0	0.0310073	-0.0566307	-0.0331213	
0.131714	-0.0710334	-0.103797	0.0569473	0.223952	-0.11082	0.0962938	0.0789787	0.0392882	0.388948	0.216584	0.0374704	0.0333989	0.0517646	0.0236082	-0.0548959	-0.0165882	0.222693	0.231053	0.0257144	-0.0178827	-0.0277586	-0.000270877	-0.0566307	-0.0110613	
0.109484	-0.0682167	-0.101383	0.11967	0.224254	-0.100527	0.0714878	0.135807	0.0389174	0.383674	0.168009	0.0374704	0.036517	0.0528421	0.0267263	-0.0556019	0.127724	0.225811	0.208376	0.0257144	-0.0147646	0.0166969	0.0523904	-0.0525638	-0.00186941	
0.132773	-0.0682167	-0.0952925	0.118187	0.233215	-0.0968582	0.11934	0.0580463	0.0310532	0.285517	0.19915	0.0359876	0.017339	0.0138003	0.0210122	-0.0556019	0.0694776	0.225811	0.243943	0.0335201	-0.0132818	-0.0271148	0.018469	-0.0266062	
0.120309	-0.0682167	-0.076474	0.13268	0.245062	-0.0951656	0.11934	0.13434	0.0461989	0.392503	0.19915	0.0359876	0.0412715	0.0118011	0.0350505	-0.0556019	0.00592772	0.225811	0.369315	0.0586475	-0.0132818	-0.0271148	-0.0101561	-0.0316128	
0.103319	-0.0643503	-0.022347	0.13268	0.244263	-0.0922792	0.0990554	0.14712	0.048573	0.39557	0.201062	0.0359876	0.0443389	0.0181536	0.0144	-0.0580365	-0.0119281	0.259048	0.470292	0.000942586	-0.0102144	0.010288	0.0398352	
0.103301	-0.0642205	-0.022347	0.124607	0.27374	-0.0900334	0.0974174	0.182221	0.048573	0.385988	0.235961	0.03597	0.0757342	0.0281788	0.00634823	-0.0539558	0.142019	0.259048	0.440685	0.0322433	-0.0101968	0.00164548	0.0481078	-0.0516696	-0.0404318	
0.141864	-0.0642205	-0.012477	0.104021	0.311184	-0.098005	0.0905031	0.15509	0.0581188	0.459794	0.294158	0.0383663	0.0635727	0.0347709	0.0220025	-0.0500019	0.121345	0.243505	0.431098	0.0309831	-0.0101968	0.00164548	0.0481078	0.032464	
0.141864	-0.0638378	0.0972207	0.310801	-0.101593	0.0905031	0.197299	0.0621325	0.405814	0.275408	0.0383663	0.0635158	0.0224943	0.0220025	-0.0500019	0.0651386	0.266128	0.712786	0.00350299	-0.0101968	0.007964	0.0509855	
0.133741	-0.0638378	0.0905031	0.118739	0.310801	-0.10075	0.225707	0.0682311	0.489959	0.275408	0.0372373	0.0635158	0.0206922	0.0220025	-0.0529002	0.0319562	0.266128	0.712786	0.00375616	-0.0101968	-0.0275286	0.0509855	
0.147374	-0.060041	0.0905031	0.118739	0.307004	-0.0948401	0.208481	0.0681968	0.461831	0.278141	0.0401832	0.0635158	0.0323496	0.0192395	-0.0529002	0.0292225	0.275497	0.613949	-0.00843939	-0.0101968	0.011479	0.0460329	0.187963	
0.14092	-0.0588491	0.0903088	0.16346	0.294089	-0.104417	0.120321	0.0654334	0.403233	0.279499	0.047844	0.0551329	0.0311172	0.0205967	-0.051543	0.0468804	0.276854	0.514018	0.0233147	-0.0113279	0.0128362	0.0379654	
0.14092	-0.0588491	0.11696	0.0860544	0.294089	-0.100423	0.0860576	0.0606953	0.410079	0.279499	0.047844	0.0551329	0.0111598	0.0405114	-0.0545676	-0.013254	0.256928	0.495231	0.0238028	-0.0113279	0.0678248	0.0588488	-0.00779644	
0.14092	-0.055283	0.118813	0.135402	0.290216	-0.0866772	0.166918	0.0662636	0.409772	0.279192	0.0349437	0.0548265	0.0231679	0.0364747	-0.063051	-0.0110378	0.257348	0.495231	0.0201628	-0.0116343	0.0455459	0.0430372	0.0712561	
0.145038	-0.055283	0.118813	0.102762	0.293798	-0.0937815	0.165242	0.0675786	0.346939	0.283473	0.0488011	0.0548265	0.0315331	0.0492291	-0.0523983	-0.161003	0.22591	0.49165	0.0201628	-0.0116343	-0.00684272	0.0147361	
0.145038	-0.0614691	0.0676785	0.0849756	0.299984	-0.0894614	0.223078	0.0704768	0.312988	0.281316	0.0488011	0.0548265	0.0315331	0.053878	-0.0517507	-0.148819	0.25212	0.728158	0.0387362	-0.0116343	-0.0179622	-0.00556658	0	
0.148104	-0.0614691	0.100797	0.108616	0.275303	-0.0833388	0.144466	0.063535	0.305677	0.292005	0.0488011	0.0465607	0.0315331	0.0668168	-0.0524065	-0.1021	0.237791	0.488758	0.00867141	-0.0116343	-0.0359731	0.00215827	-0.00962049	
0.148104	-0.0618778	0.122143	0.107361	0.275712	-0.0901515	0.0912951	0.0716573	0.324665	0.301625	0.0352705	0.0465607	0.0636078	0.0668168	-0.0524065	-0.0345116	0.237791	0.659196	0.0288167	-0.0116343	-0.0359731	0.0274765	-0.00962049	-0.0217045	0	
0.146447	-0.061421	0.122143	0.0991608	0.280373	-0.0965092	0.0912472	0.0648326	0.324665	0.287645	0.0336132	0.0465607	0.0299631	0.0814578	-0.0551531	0.133373	0.237791	0.711415	0.0271594	-0.00997698	-0.0610881	-0.00301247	-0.00962049	-0.0338746	
0.146447	-0.0672621	0.128236	0.0989503	0.286214	-0.100934	0.222081	0.0624597	0.324665	0.253277	0.0393228	0.0465607	0.0466087	0.0814578	-0.0551531	0.19412	0.237791	0.72446	0.011966	-0.00997698	-0.0673423	0.00521745	-0.00962049	
0.146447	-0.0672621	0.118615	0.103199	0.283788	-0.0966126	0.171141	0.0617495	0.303151	0.283674	0.0393228	0.0465607	0.0466087	0.0814578	-0.0553586	-0.144165	0.192255	0.595441	0.0212299	-0.00997698	-0.0266435	-0.00311396	0	
0.146447	-0.0672621	0.130084	0.129713	0.283788	-0.083081	0.147426	0.0440527	0.386176	0.223126	0.0393228	0.0465607	0.0486967	0.0528336	-0.0560521	0.220788	0.192255	0.48546	0.0438456	-0.00997698	-0.0422694	0.0550958	
0.146447	-0.0672621	0.121758	0.0410337	0.3256	-0.0828824	0.184616	0.0434094	0.299284	0.27775	0.0424892	0.053178	0.0453595	0.0528336	-0.0560521	-0.0818033	0.192255	0.564283	0.0272192	-0.00997698	-0.0422694	0.0408898	
0.162359	-0.0647136	0.121758	0.0664703	0.323051	-0.0886356	0.265568	0.0457405	0.299284	0.284793	0.0424892	0.0419458	0.0453595	0.0528181	-0.0560521	0.0189893	0.195083	0.622764	0.0109061	-0.00997698	-0.0122382	0.0152428	-0.0484039	0.0929829	
0.167352	-0.0662793	0.121758	0.0605453	0.324617	-0.0911184	0.224496	0.0495472	0.297349	0.284793	0.0319419	0.0419458	0.0220942	0.0528181	-0.0560521	0.0393425	0.182851	0.461132	0.018571	-0.00997698	-0.0122382	0.01121	
0.121355	-0.0673729	0.121758	0.00160304	0.381561	-0.0869147	0.178574	0.0596763	0.297349	0.284793	0.0319419	0.0419458	0.0504993	0.0528181	-0.0560521	0.165175	0.168683	0.559038	0.000369342	-0.00997698	-0.038522	0.0472034	0.0310386	0.0170659	
0.117496	-0.0673729	0.121758	0.11991	0.381561	-0.0961431	0.103605	0.0596763	0.284873	0.284793	0.0388435	0.0419458	0.0504993	0.0528181	-0.064526	0.265774	0.149277	0.5176	0.00807937	-0.00997698	-0.0252007	0.0895704	
0.100432	-0.0655984	0.121758	0.090104	0.379786	-0.0929145	0.100972	0.0596763	0.284555	0.284793	0.0360359	0.0419458	0.0476917	0.0542419	-0.0663692	0.137218	0.149277	0.5176	-0.000323686	-0.00716938	-0.0363475	0.0739035	0	0	0	
0.122602	-0.0655984	0.112433	0.284555	0.379786	-0.095441	0.188178	0.0563835	0.0529601	0.284793	0.0360359	0.0419458	0.0263063	0.0697524	-0.0663692	0.153316	0.149277	0.288452	-0.00597557	-0.00716938	-0.0378295	0.0688722	0.000309045	
0.116726	-0.0687993	0.10451	0.32654	0.382987	-0.0879634	0.123688	0.0563835	0.0436298	0.0356152	0.0462103	0.0258856	0.078598	-0.0617444	0.17957	0.14057	0.364043	-0.0132681	-0.00674871	0.271371	0.129283	0	
0.116726	-0.0676779	0.106938	0.295674	0.384293	-0.0871019	0.13931	0.0571078	0.0495451	0.0356152	0.0486376	0.0549503	0.0701222	-0.0613785	0.13673	0.142997	0.437091	0.0158447	-0.0043215	0.273798	0.0858957	
0.114914	-0.0659157	0.103045	0.295674	0.386315	-0.0832187	0.129529	0.0571078	0.0796471	0.0338029	0	0.129871	0.0323949	0.0495107	-0.0612312	0.00189973	0.208967	0.284874	0.00757042	-0.00250917	0.271196	0.0700363	0.0376473	
0.125679	-0.0606806	0.103045	0.0338029	0.38108	-0.0921809	0.328959	0.18326	0.0601265	0.06839	0.0323949	0.0511455	-0.0659918	0.0750171	0.22281	0.469112	0.0332615	-0.00250917	0.271196	0.0912011	0.0376473	
0.127457	-0.0645235	0.138338	0.0342573	0.384923	-0.0924564	0.326837	0.123651	0.0601265	0.0706211	0.00862599	0.0166832	-0.0488218	0.0511455	-0.0665722	-0.142391	0.195482	0.501295	0.0589965	-0.00190393	0.254165	0.08949	0.0376473	-0.0462608	0	0.0540455	
0.189702	-0.0674226	0.138338	0.0342573	0.387822	-0.0758184	0.391256	0.166316	0.0660557	0.0766528	-0.00803187	0.0511455	-0.0665722	-0.191522	0.191188	0.307647	0.0206825	-0.00190393	0.254165	0.0909002	0.0324081	0.0264257	
0.189702	-0.067754	0.139851	0.0376819	0.388153	-0.0718973	0.384573	0.136629	0.0734603	0.0542074	0.0151104	-0.00943025	0.0511455	-0.0662858	-0.156932	0.211696	0.232977	0.0387439	-0.00190393	0.221898	0.018112	0.0445048	
0.189702	-0.0745406	0.139851	0.0312545	0.39494	-0.0681479	0.385276	0.162885	0.0733323	0.019259	0.0274742	0.0511455	-0.0670948	0.127862	0.181234	0.316627	0.0236858	-0.00190393	0.221898	0.0235729	0.0445048	
0.189264	-0.0743134	0.15735	0.0308159	0.421128	-0.0699862	0.351577	0.21152	0.0605138	0.00981107	0.0270356	0	-0.0102144	0.0553433	-0.0684203	-0.0533987	0.188033	0.290211	0.0179428	-0.00146536	0.214367	-0.0143843	0.0445048	
0.185508	-0.0731618	0.186687	0.0309189	0.419977	-0.0619505	0.351577	0.215883	0.0605138	0.0883481	0.0258849	0.0458114	-0.0696228	-0.0676982	0.146128	0.119978	0.0140745	-0.00156836	0.202581	0.0110893	0.0445048	
0.185508	-0.0627386	0.186687	0.0309189	0.371696	-0.0724884	0.354463	0.194606	0.0684777	0.0883481	0.0258849	0.0303616	-0.0656856	-0.164477	0.146128	0.0682991	-0.00119937	-0.00156836	0.202581	0.00203887	0.0397761	
0.185508	-0.0673919	0.168496	0.0336566	0.376349	-0.0479947	0.278838	0.142852	0.0629583	0.116062	0.0258849	0.230905	0.0152521	-0.0619823	0.111184	0.155469	0.164572	-0.0261469	-0.00156836	0.183632	0.0544445	0.0461606	
0.185508	-0.067525	0.204531	0.0288534	0.376482	-0.0479947	0.278838	0.142852	0.0643705	0.0805852	0.0258849	0	0.0152521	-0.0619823	0.124857	0.189975	0.162107	0.0115152	-0.00156836	0.183632	0.0544445	0.0461606	
0.215961	-0.0669275	0.197534	0.0288534	0.376482	-0.0379792	0.279436	0.174806	0.0542273	0.0242317	0.0258849	0.00450621	0	0.0465706	-0.0603513	-0.0705144	0.146271	0.395301	0.0199433	-0.000970865	0.198258	0.12959	0.0434215	
0.215886	-0.0669275	0.197534	0.0287785	0.360724	-0.0475782	0.313623	0.0853129	0.0542273	0.0408472	0.0197337	0.00450621	0.000896001	0.0707273	-0.0474789	-0.00812858	0.127239	0.195287	-0.0197426	-0.000896001	0.205295	0.12959	0.0434215	0.0260302	
0.248984	-0.0669275	0.167934	0.0415941	0.360724	-0.040744	0.277406	0.205335	0.0542273	0.0271635	0.045957	-0.0129245	0.0707273	-0.0428332	0.0080403	0.105893	0.267502	-0.00326289	-0.00216132	0.181076	0.12959	0.0361006	
0.248984	-0.0576055	0.166647	0.0466819	0.307951	-0.0609285	0.309134	0.173035	0.0518134	0.110742	0.0576448	-0.0397603	0.0552789	0.0707273	-0.0369254	-0.0481588	0.0708542	0.316574	-0.00106007	-0.00216132	0.181076	0.12959	0.0410708	0	
0.217405	-0.067929	0.139291	0.0297395	0.318275	-0.080973	0.279904	0.125387	0.0587778	0.0496792	0.0563068	-0.0253811	0.0648635	0.0762207	-0.0369254	0.110618	0.0635125	0.401894	-0.0351024	-0.00216132	0.206553	0.12959	0.0429773	
0.233382	-0.0679795	0.115443	0.0297395	0.318325	-0.0835898	0.279904	0.116678	0.0587778	0.0537862	0.0563068	-0.0307687	0.0685629	0.0573744	-0.0390416	0.249885	0.108647	0.401894	-0.0146819	-0.00216132	0.206553	0.177335	0.0563943	
0.249916	-0.0679795	0.153772	0.0424359	0.318325	-0.0890308	0.324217	0.135308	0.0693966	0.0343843	0.015455	-0.0141118	0.0215075	0.0573744	-0.0390416	-0.0159399	0.108647	0.420949	0.012851	-0.00455128	0.206553	0.177335	0.0724045	
0.247694	-0.0664889	0.118928	0.0369364	0.34549	-0.0884401	0.322325	0.187725	0.0693881	0.0771979	0.0132326	-0.0113711	0.051008	0.0537137	-0.0390416	0.121251	0.09367	0.138537	0.0270051	-0.00232891	0.203313	0.177335	0.0693999	-0.0246762	
0.250601	-0.0693162	0.118928	0.0398435	0.348317	-0.0969268	0.322325	0.198969	0.0693881	0.0520958	0.0268266	-0.00589082	0.0482801	0.0617252	-0.0466042	0.191247	0.0856373	0.0919385	0.00842723	-0.00523601	0.233438	0.142596	0.0767268	0.0758606	0	
0.249055	-0.0689165	0.130507	0.0398435	0.345579	-0.0865639	0.341648	0.198969	0.0779919	0.0242942	0.0268266	0.00762033	0.0626501	0.0307737	-0.052456	0.170966	0.113547	0.305524	-0.0236751	-0.00523601	0.233438	0.153543	0.0762294	0	
0.251113	-0.0689165	0.127684	0.0419013	0.326146	-0.0956192	0.341648	0.206454	0.0741864	0.0672309	0.0336917	0.0183872	0.026041	-0.0546346	0.196199	0.074374	0.321707	0.0322247	-0.00729385	0.233438	0.153217	0.0762294	
0.251113	-0.0689165	0.127684	0.0419013	0.294197	-0.0892819	0.281001	0.199396	0.0781951	0.0746786	0.0336917	0.0183872	0.0110804	0.037408	-0.0546346	0.120289	0.0609162	0.409463	0.0258706	-0.00729385	0.233438	0.141277	0.0705167	0.0132857	0	
0.251113	-0.0661076	0.127684	0.0419013	0.291388	-0.0892819	0.281001	0.190305	0.0781951	0.0746786	0.0336917	0.0160697	0.037408	-0.0546346	-0.07783	0.0760328	0.483956	0.0531867	-0.00729385	0.233438	0.141277	0.085312	0.0619031	
0.252371	-0.0661076	0.121037	0.0484811	0.307783	-0.0844733	0.383176	0.190305	0.0752758	0.0594189	0.0303351	0.0160697	0.037408	-0.0528765	-0.0376618	0.0760328	0.457539	0.00972889	-0.00855191	0.233438	0.0508669	0.085312	0.235735	
0.199404	-0.0626135	0.105338	0.0484811	0.313437	-0.0872642	0.357832	0.190305	0.0656925	0.0879345	0.0381375	0.0201003	0	0.037408	-0.0528765	-0.144809	0.0564575	0.43785	-0.0198502	-0.00855191	0.233438	0.0651474	0.085312	0.105054	
0.204976	-0.0669391	0.129035	0.0500258	0.317762	-0.0887864	0.296271	0.255832	0.0656925	0.087787	0.0384687	0.0176237	0.0140927	0.058521	-0.0528765	0.209869	0.0515517	0.187558	-0.00926995	-0.00855191	0.257025	0.429134	0.097582	
0.207755	-0.0612681	0.13219	0.0500258	0.272107	-0.0952279	0.334828	0.28868	0.0610445	0.0534282	0.0384687	0.00442773	0	0.0571562	-0.0594713	0.168053	0.0690356	0.187913	-0.0105171	-0.00855191	0.212312	0.423463	0.0952894	-0.0804378	
0.193754	-0.0612681	0.131964	0.0468086	0.341829	-0.0830696	0.334828	0.318849	0.0610445	0.0369353	-0.00575359	0.0572902	0.0571562	-0.0579674	0.0553896	0.104289	0.227774	-0.00636255	-0.00533475	0.229215	0.311742	0.0798395	0	
0.161349	-0.0525677	0.131964	0.0468086	0.333727	-0.0922382	0.340197	0.318849	0.0505106	0.0369353	0	0.00678813	0.0572902	0.0640101	-0.0573562	0.11325	0.0619663	0.255277	0.00157729	-0.00533475	0.229215	0.380371	0.0798395	
0.203341	-0.0636332	0.131964	0.0468086	0.312985	-0.0859928	0.340197	0.182964	0.0505106	0.0369353	0.0741603	-0.0151944	0.0906721	0.0488003	-0.0573562	0.0550955	0.0475482	0.237615	0.0393651	-0.00533475	0.229215	0.612334	0.0721235	-0.0601262	
0.215574	-0.0644166	0.148706	0.0341419	0.313769	-0.0695616	0.401472	0.17106	0.0505106	0.0308634	-0.0151944	0.0381937	0.0265602	-0.0591729	0.132873	0.0476858	0.249211	0.0482628	-0.00533475	0.244503	0.613118	0.0721235	
0.215574	-0.0698672	0.140634	0.0387548	0.36063	-0.0842352	0.473401	0.24016	0.0505106	0.0347417	-0.0190968	-0.0151944	0.0837403	0.0389121	-0.0568258	0.224083	0.054331	0.344542	0.0189733	-0.00533475	0.244503	0.742755	0.0728917	0	
0.241195	-0.0698672	0.180187	0.0388328	0.36063	-0.0851771	0.473401	0.18064	0.0505106	0.0292872	0	-0.0235119	0.106039	0.0547894	-0.0608573	0.384536	0.0312988	0.444911	0.0183831	-0.00533475	0.252146	0.631363	0.0728917	0	
0.252708	-0.0698672	0.181513	0.0334243	0.384464	-0.0859671	0.337401	0.156474	0.0505106	0	0	0.021233	0.125732	0.0547894	-0.0650072	0.270758	0.0307176	0.290747	0.00271963	-0.00225643	0.252146	0.583057	0.0789584	0	
0.265433	-0.0698672	0.203885	0.0322868	0.384464	-0.0901076	0.289691	0.185327	0.0542206	0.0330628	0.0368525	0.190596	0.034975	-0.0652652	0.174199	0.0310278	0.309951	0.0369036	-0.00225643	0.284131	0.736489	0.0704026	0.054212	
0.265433	-0.0698672	0.170697	0.0322868	0.400846	-0.0880833	0.300297	0.12368	0.0502006	0.0368525	0.183167	0.034975	-0.0694986	0.198856	0.091465	0.190041	0.0588596	-0.00225643	0.288596	0.578296	0.081854	
0.265433	-0.0673274	0.199216	0.0427645	0.28034	-0.0934184	0.300297	0.124897	0.0463741	-0.0563281	0.0368525	0.0671667	0.0396314	-0.0647518	0.100269	0.091465	0.209512	0.0604049	-0.00225643	0.288596	0.757936	0.081854	0.0256803	
0.265433	-0.0680784	0.197102	0.0427645	0.297266	-0.08991	0.411262	0.258363	0.05895	0	0.00573934	0.14323	0.0396314	-0.0647518	0.226599	0.17298	0.371557	0.0221606	-0.00225643	0.245446	0.478135	0.081854	
0.270419	-0.0680784	0.15976	0.0381129	0.373898	-0.0789111	0.302039	0.370749	0.05895	0.050648	0	0.0857137	0.0396314	-0.0647518	0.00718259	0.163936	0.301415	0.0185951	-0.00225643	0.206667	0.299668	0.081854	
0.270419	-0.0680784	0.15976	0.0398407	0.373898	-0.077582	0.302039	0.187726	0.0597437	0.0209579	0	0.101005	0.0345444	-0.0608206	0.333977	0.162671	0.201166	0.0447166	-0.00225643	0.204511	0.385315	0.081854	
0.270419	-0.0738661	0.161574	0.0393836	0.347314	-0.08046	0.297946	0.192546	0.0673007	0.0328056	0.0740496	0.0709314	-0.0661094	0.144876	0.161202	0.367032	0.0506975	-0.00225643	0.234962	0.610102	0.081854	
0.270419	-0.0713462	0.108724	0.0393836	0.380451	-0.0779283	0.297946	0.206063	0.0669595	0.0328056	0.0330787	0.0678084	-0.0659922	0.201863	0.134759	0.367032	0.0454007	-0.00225643	0.235645	0.510859	0.081854	
0.270419	-0.0704094	0.0837971	0.0393836	0.278432	-0.0769575	0.303011	0.107564	0.06248	0.0318775	0.0323777	-0.01835	0.0757571	0.0643452	-0.0586443	0.188445	0.172741	0.367032	0.0270474	-0.00225643	0.21353	0.582067	0.0620818	0	
0.270419	-0.0686526	0.115856	0.0393836	0.276675	-0.0805838	0.295801	0.119416	0.0575866	0.0258867	0.0323777	0.0940788	0.0658804	-0.0559526	0.313548	0.123378	0.311532	0.0233958	-0.00225643	0.21353	0.857238	0.0620818	
0.270419	-0.0686526	0.114314	0.0393836	0.276675	-0.0633911	0.295801	0.170829	0.0575866	0.0507785	0.0323777	0.0893955	0.0658804	-0.0665023	0.506085	0.197682	0.246984	-0.00447138	-0.00225643	0.181153	0.857238	0.0620818	
0.247613	-0.0660339	0.114314	0.0393836	0.220814	-0.0766221	0.334183	0.177537	0.0575866	0.0226742	0.0323777	-0.0167149	0.187918	0.0658804	-0.0665023	0.0750272	0.255269	0.155887	-0.00447138	-0.00225643	0.212563	0.824681	0.0620818	0	
0.247613	-0.0679146	0.107925	0.0393836	0.222694	-0.0743621	0.294401	0.179479	0.0575029	0.0394714	0.0254457	0.044709	0.0577791	-0.0605834	0.344284	0.299181	0.14111	-0.00153311	-0.00225643	0.219105	0.87807	0.0620818	
0.247613	-0.0686993	0.108445	0.0492278	0.192927	-0.0812177	0.431427	0.17675	0.0575029	0.0504345	0.0119765	0.0293181	0	0.0197075	-0.0576052	0.160293	0.23989	0.0437379	-0.0161979	-0.00225643	0.247614	0.814664	0.0620818	
0.247613	-0.0653977	0.108445	0.0492278	0.317747	-0.065889	0.353783	0.158587	0.0575029	0.0391005	0.0119765	0.0555734	0.0188351	-0.0517107	0.209583	0.280238	0.0437379	-0.0127699	-0.00225643	0.247614	0.798749	0.0691881	
0.248786	-0.0653977	0.108445	0.0570638	0.247859	-0.065889	0.352978	0.308026	0.0575029	0.0279414	0.00285661	0.0332945	0.0188351	-0.0627271	-0.00655429	0.280238	0.0419845	0.0173808	-0.00342926	0.247614	0.608343	0.080977	
0.243054	-0.0653977	0.108445	0.0321877	0.195397	-0.0780351	0.399331	0.20666	0.0613385	0.0212688	-0.0130983	0.0984891	0.0646958	0.0188351	-0.0627271	-0.00655429	0.284074	0.0515363	0.0150957	-0.00342926	0.247614	0.608343	0.080977	0	0	
0.239469	-0.0651647	0.108445	0.0321877	0.192069	-0.0830005	0.349032	0.101826	0.0668976	0.0844124	-0.0130983	0.0557733	-0.0464011	0.0170575	-0.0540384	0.28091	0.289633	0.0515363	-0.0079986	-0.00342926	0.278528	0.70059	0.0771153	0.0913229	
0.239469	-0.0651647	0.126559	0.036628	0.205275	-0.0798994	0.349032	0.160657	0.0627963	0.0444882	-0.00444551	0.0896807	0.0126473	-0.0566228	0.423347	0.285532	0.0548961	-0.0079986	-0.00342926	0.251776	0.428855	0.0500753	
0.28598	-0.0702857	0.108396	0.0463972	0.271944	-0.0730668	0.301517	0.131751	0.0636035	0.00628373	-0.00444551	0.0503924	0.01365	-0.0582234	0.142446	0.286339	0.0523354	-0.00676837	-0.00465949	0.251776	0.383076	0.0393985	0	
0.284573	-0.0695648	0.0797423	0.0449902	0.272334	-0.0636474	0.301517	0.181534	0.0631976	0.00487671	-0.0105284	0.0956083	0.00973068	0.0262699	-0.0582234	0.0597325	0.283154	0.0638688	-0.0105029	-0.00325246	0.251776	0.511657	0.0723551	0.0663123	
0.270111	-0.0652567	0.0883155	0.0449902	0.19612	-0.0684243	0.301517	0.169942	0.0599809	0.0296249	-0.00400342	0.106255	0.0393668	0.0495361	-0.0708862	0.172548	0.301128	0.0587777	-0.00593413	-0.00325246	0.237012	0.388443	0.0723551	
0.270111	-0.0659131	0.110691	0.0449902	0.24456	-0.0684243	0.339068	0.109064	0.0568501	0.0296249	0.00611856	0.0900487	0.0380962	0.085352	-0.0729503	0.472041	0.237235	0.0587777	-0.00924579	-0.00325246	0.231638	0.330667	0.0723551	0	
0.268796	-0.0703127	0.110774	0.0465598	0.281682	-0.0683413	0.342903	0.109147	0.0614773	0.0271502	0.0117068	0.0318224	0.0559049	0.0883357	-0.0733133	0.0671546	0.241945	0.0588607	0.00798523	-0.00473914	0.244117	0.365811	0.0724381	0.0205124	0.0836086	
0.283726	-0.0680484	0.117459	0.0412321	0.39469	-0.0709579	0.345167	0.111412	0.0496069	0.0135813	0.0135086	0.0747744	0.0351153	0.0828508	-0.0655014	0.589405	0.232339	0.0775026	-0.000361415	0.00285279	0.246381	0.296117	0.0747024	0.00226427	
0.294161	-0.0650353	0.103356	0.0325142	0.375771	-0.0711694	0.345167	0.123519	0.0438019	0.0447895	0.0188655	0.0390052	0.0321022	0.071067	-0.0583457	0.201036	0.17196	0.0953136	-0.0133684	0.00285279	0.222832	0.314436	0.0818981	
0.313879	-0.0659367	0.139115	0.0325142	0.296644	-0.0805309	0.345167	0.155259	0.0455072	0.04053	0.0158196	0.103957	0.0453281	0.071067	-0.0700242	0.152757	0.211242	0.0640736	-0.0251167	0.00285279	0.222832	0.297538	0.0818981	
0.318623	-0.0659367	0.128104	0.0451587	0.296644	-0.0805309	0.386656	0.173366	0.0478368	0.0310479	0.0158196	0.0995479	0.0494187	0.071067	-0.0700242	0.792854	0.200258	0.0560052	-0.0140998	-0.00238704	0.204925	0.320904	0.08029	0	0.0269212	0	
0.31398	-0.0677284	0.0852025	0.0424196	0.270559	-0.0768438	0.33107	0.0968785	0.0470932	0.0368237	0.0165631	0.0334464	0.0556521	0.0587445	-0.0692806	0.461747	0.201035	0.0567487	-0.0159046	0.000161314	0.222692	0.389469	0.0810336	0	0.164416	
0.326557	-0.0608706	0.0787889	0.0420017	0.317959	-0.0921237	0.420297	0.155678	0.0438953	0.0262695	0.0189609	0.0895435	0.016463	0.0506698	-0.0592062	0.296546	0.197837	0.0448348	-0.00710892	0.000161314	0.260727	0.44037	0.0810297	0	
0.267557	-0.0653658	0.0916166	0.0461646	0.327738	-0.0927811	0.276488	0.155678	0.0415201	0.0304323	0.00157632	0.0937063	0.0328096	0.0323377	-0.0601434	0.44507	0.235721	0.0624864	-0.0201065	-0.00400153	0.233769	0.448949	0.0893648	-0.0156487	
0.246214	-0.0653658	0.100337	0.0461646	0.327738	-0.0876934	0.36958	0.068738	0.0415201	0.0225514	0.00507722	0.147503	0.0539543	0.00448303	-0.0560989	0.285148	0.173046	0.134723	0.00114523	-0.00400153	0.199912	0.39322	0.0879514	0	
0.24646	-0.0637608	0.100337	0.0464106	0.298241	-0.0906709	0.36958	0.134297	0.0415201	0.0148647	0.00507722	0.147172	0.0415695	-0.00398651	-0.0604452	0.207736	0.173046	0.0532	-0.00637888	-0.00424753	0.199912	0.339681	0.0879514	
0.227152	-0.0572071	0.110211	0.0385664	0.291688	-0.0856296	0.334955	0.105428	0.0415201	0.0512295	0.00507722	0.121518	0.0350158	-0.00759809	-0.0608553	0.355489	0.188556	0.0532	-0.00520093	-0.00424753	0.199912	0.570071	0.0996401	-0.042245	
0.227152	-0.0638545	0.0838057	0.0385664	0.282183	-0.0829118	0.312267	0.128586	0.039365	0.0512295	0.00507722	0.0471403	0.0426206	-0.0119117	-0.0620382	0.422432	0.1846	0.0753658	-0.00872714	-0.00424753	0.191833	0.505351	0.0996401	0.0614057	-0.0903889	
0.22974	-0.0638545	0.115275	0.0463807	0.282183	-0.0811593	0.376205	0.128586	0.040825	0.0620531	0.00507722	0.126731	0.0496948	-0.020925	-0.0620382	0.0177454	0.18606	0.119506	-0.00305064	-0.00683555	0.197728	0.796808	0.0996401	
0.22974	-0.0638545	0.112226	0.0463807	0.311561	-0.0792239	0.376205	0.133783	0.0530456	0.0620531	0.0154274	0.144368	0.0207117	-0.00254267	-0.0527889	0.0488636	0.188146	0.128612	-0.0119263	-0.00683555	0.223019	0.911317	0.0856011	0	-0.0498351	
0.221217	-0.0617262	0.127883	0.0445502	0.370183	-0.0772968	0.378132	0.0627695	0.0511185	0.0509678	0.0108972	0.083349	0.0205105	-0.000615574	-0.0634014	0.073097	0.206089	0.130539	0.00846604	-0.00307795	0.224946	0.883738	0.108303	0	
0.189283	-0.0595333	0.127883	0.0445502	0.355928	-0.0742301	0.331518	0.150264	0.0543668	0.0472609	0.0108972	0.134182	0.0439228	-0.0139829	-0.0634014	0.126167	0.209338	0.130539	-0.0332827	-0.00307795	0.236401	1.32238	0.108303	0	0.137158	0.0901143	
0.189283	-0.0635293	0.127883	0.0445502	0.327775	-0.0837122	0.331518	0.110208	0.0530374	0.0899438	0.0108972	0.0940826	0.0528047	-0.0224653	-0.0583263	0.11486	0.221422	0.13722	-0.00838944	-0.00307795	0.236401	1.06873	0.108303	0.0289437	0.0683662	0.0120069	
0.187357	-0.0622503	0.127883	0.0426247	0.380766	-0.0765285	0.306478	0.2153	0.0530374	0.0404124	0.0108972	0.112049	0.0515256	0.00504402	-0.0583263	0.0665878	0.22633	0.0773512	0.012	-0.00115243	0.236401	1.16596	0.108844	0.00864433	0	
0.194015	-0.0597028	0.107488	0.0424308	0.438626	-0.0740404	0.333508	0.157535	0.0630496	0.0265252	0.00728793	0.0663094	0.0624451	0.00504402	-0.0547547	-0.0334299	0.233234	0.114625	-0.0259521	-0.00115243	0.236401	1.16341	0.108844	0.0874714	
0.21057	-0.0635457	0.107351	0.0424308	0.350275	-0.0744117	0.333371	0.157398	0.0556174	0.0280949	0.00715093	0.091859	0.0616421	0.00490703	-0.0608695	-0.00745284	0.242072	0.101175	0.0465109	-0.00128942	0.240176	0.908776	0.108707	0.0137976	
0.21057	-0.062664	0.162919	0.0447956	0.371771	-0.073771	0.334131	0.111959	0.0548575	0.0313171	0.00791081	0.119718	0.0682574	0.00566691	-0.0493435	0.0227549	0.249292	0.101935	0.0339622	-0.000529539	0.240936	0.999069	0.109467	0.000759879	
0.21057	-0.058772	0.162919	0.0360427	0.368205	-0.06188	0.334131	0.227209	0.0604918	0.0260892	0.00295484	0.132408	0.0564378	-0.00535983	-0.0567134	-0.121384	0.278539	0.220164	0.0936599	-0.000529539	0.264797	1.14802	0.10354	0	
0.21057	-0.0531838	0.168507	0.0360427	0.368397	-0.0710211	0.377025	0.118446	0.0412621	0.065821	0.00854303	0.0594315	0.0564378	0.000228365	-0.0463469	-0.12816	0.29704	0.0963041	0.0647329	0.00505866	0.2776	1.19621	0.122607	-0.0331857	
0.21057	-0.051817	0.168507	0.0409931	0.336308	-0.066564	0.304563	0.20073	0.0412621	0.065821	0.031981	0.0568003	0.0473208	0.000228365	-0.0463469	-0.147989	0.253388	0.136848	0.0647329	0.00505866	0.233936	1.19484	0.122607	-0.00322908	
0.21057	-0.051817	0.168507	0.0409931	0.360936	-0.0611571	0.345767	0.116678	0.0366876	0.0310649	0.0122006	0.0688843	0.0473208	0.000228365	-0.0463469	0.0351903	0.248813	0.044049	0.0633275	0.00505866	0.233936	0.873985	0.119554	
0.21057	-0.051817	0.168507	0.044383	0.338547	-0.0646289	0.293725	0.149937	0.0366876	0.0310649	0.00431627	0.112241	0.0492151	0.000228365	-0.0534688	0.219118	0.241559	0.134898	0.0633275	0.00505866	0.231491	0.810483	0.119554	0.0197068	
0.21057	-0.051817	0.139399	0.044383	0.32654	-0.0603956	0.348925	0.195182	0.0364696	0.0310649	0.00431627	0.0349303	0.0516487	-0.0174459	-0.0534688	0.124872	0.241341	0.0767316	0.0780722	0.00505866	0.231491	0.810483	0.127847	-0.0309482	
0.199712	-0.051817	0.14052	0.0517878	0.256857	-0.0628201	0.368309	0.277286	0.0358417	0.0516974	0.00519203	0.061393	0.076778	-0.0192645	-0.0521716	0.14695	0.240713	0.0942835	0.0780722	0.00505866	0.250553	0.810483	0.113686	0.0596047	-0.0373739	
0.179823	-0.051817	0.14052	0.0517878	0.334757	-0.0559974	0.276855	0.165667	0.0358417	0.0157248	0.00519203	0.061393	0.074593	0.00675774	-0.0521716	0.100907	0.220446	0.0810783	0.0372075	0.00505866	0.250553	0.710157	0.113686	0.132094	0	0	0	
0.179823	-0.0427666	0.127413	0.0517878	0.325706	-0.0593496	0.365804	0.162028	0.0260398	0.0416975	0.00519203	0.0553873	0.0563008	0.0108772	-0.0480306	0.148153	0.230516	0.0317526	0.0372075	0.00505866	0.250553	1.07119	0.0992871	-0.0431131	-0.0362831	0	
0.178027	-0.0420774	0.158251	0.0517878	0.325017	-0.063778	0.31117	0.177326	0.0260398	0.0416975	0.00542961	0.0552692	0.0275352	0.011968	-0.0455747	-0.109805	0.258057	0.0317526	0.0372075	0.00505866	0.288289	1.02869	0.0992871	
0.140784	-0.0363201	0.158251	0.0593435	0.31926	-0.0713837	0.342096	0.106247	0.0260398	0.0384337	0.00542961	0.110882	0.0268137	0.011968	-0.0441992	0.100555	0.211578	0.0371113	-0.0107644	0.00505866	0.262834	0.852238	0.0992871	
0.152519	-0.0499205	0.166261	0.0527103	0.317406	-0.0725396	0.342096	0.22239	0.020611	0.0680931	-0.00183745	0.0589586	0.0213426	0.0172802	-0.039441	0.131366	0.1604	0.0371113	0.00999534	0.00572477	0.262834	0.816316	0.0992871	-0.00542879	0	
0.154794	-0.0549096	0.166598	0.0549851	0.289089	-0.0815651	0.342434	0.195418	0.0228612	0.0456287	0.00290715	0.00285071	0.0350202	-0.00141239	-0.0348841	0.195806	0.122628	0.0275744	-0.0124601	0.0037873	0.263171	0.475775	0.10175	
0.154794	-0.0533222	0.14196	0.0412713	0.284469	-0.0723616	0.293843	0.246665	0.0228612	0.0535633	-0.00115253	0.019212	0.0381527	0.0282074	-0.0348841	0.130256	0.123353	0.034454	0.00623137	0.0037873	0.263171	0.376293	0.10175	
0.154794	-0.0598806	0.132152	0.0412713	0.279934	-0.0694426	0.306498	0.201009	0.0360349	0.0521565	0.0106751	0.121568	0.0483839	0.0314368	-0.0348841	0.226185	0.142154	0.0180139	-0.0158942	0.0037873	0.263171	0.406289	0.0845069	
0.154794	-0.0591578	0.128925	0.0412713	0.316301	-0.0728847	0.305778	0.201009	0.0360349	0.0521565	0.0106751	0.0941022	0.0547113	0.0470615	-0.0441254	0.16235	0.182447	-0.0108477	0.00999866	0.0037873	0.264336	0.422286	0.0928734	
0.167744	-0.0595675	0.136007	0.0412713	0.327038	-0.0839161	0.309936	0.150261	0.0330546	0.0521565	0.0106751	0.106676	0.0485682	0.0500905	-0.0351203	0.0762769	0.132975	-0.00159043	-0.00612996	0.0037873	0.264336	0.422696	0.0928734	0.000503144	
0.156421	-0.0583326	0.136007	0.0399194	0.345185	-0.0748953	0.333143	0.10654	0.0330546	0.0521565	0.016835	0.0334013	0.0483212	0.0500905	-0.0351203	-0.0461808	0.134736	0.0177788	-0.0112802	0.0037873	0.290048	0.515132	0.0979987	0	0	0	0	
0.182542	-0.0582387	0.1361	0.0399194	0.296832	-0.0638068	0.336072	0.149	0.0329607	0.0422029	0.0129114	0.0624362	0.0400835	0.0611245	-0.0419547	-0.269243	0.134736	0.0679804	-0.0140938	0.00388113	0.333709	0.395289	0.0980925	-0.00789944	0.0546876	
0.182542	-0.0632814	0.133909	0.0399194	0.301801	-0.0705111	0.321707	0.199444	0.0366277	0.049453	0.00304022	0.0659476	0.0451261	0.0611245	-0.0359359	-0.0125293	0.134188	0.0124478	-0.0198255	0.00388113	0.287838	0.482572	0.0980925	
0.173328	-0.0609372	0.135117	0.0399194	0.336385	-0.0671091	0.288836	0.127848	0.0366277	0.0821654	0.00304022	-0.0123792	0.042782	0.0349528	-0.0399215	-0.0125293	0.172724	0.0692917	-0.00523601	0.00388113	0.287838	0.524417	0.0980925	-0.0156814	0	0	
0.1684	-0.0609372	0.131669	0.0494308	0.364567	-0.0733986	0.316353	0.225849	0.0366277	0.0779602	0.00304022	-0.00076872	0.0435232	0.00766152	-0.0465351	0.0704591	0.172724	0.0246798	0.0134097	0.00388113	0.287838	0.373556	0.0980925	-0.195856	0	
0.1684	-0.0609372	0.151668	0.0494308	0.364567	-0.0792402	0.316353	0.286308	0.0366277	0.0563496	0.00304022	-0.00480305	0.0526048	0.00333367	-0.0465351	0.0398204	0.162523	0.0328057	-0.0126736	0.00388113	0.287838	0.459404	0.0980925	0	0.0643507	
0.167243	-0.0609372	0.154845	0.0412134	0.273406	-0.0710083	0.367144	0.336804	0.0366277	0.0551932	-0.00217731	-0.0177791	0.0526048	-0.00575962	-0.0465351	0.0398204	0.176682	0.00991247	-0.0242667	0.0050375	0.287838	0.248999	0.0980925	0.0226151	0.0153448	0.00706107	
0.166236	-0.0629483	0.153558	0.0402063	0.301397	-0.0775889	0.356713	0.271732	0.0321176	0.0145652	0.0129528	0.0480595	0.049332	0.00339587	-0.0584241	-0.124353	0.194381	0.0609097	-0.0252738	0.00604461	0.287838	0.459293	0.0836293	0	
0.19717	-0.0629483	0.134227	0.0351889	0.320189	-0.0743705	0.323592	0.186338	0.0321176	0.0372892	0.0129528	0.0392897	0.0476107	0.00339587	-0.0601573	-0.0451679	0.21584	0.0506767	-0.00506362	0.00953475	0.298808	0.38529	0.053841	0.0245786	0	
0.211683	-0.0629483	0.134227	0.037449	0.320189	-0.0802441	0.323592	0.170656	0.0321176	0.0372892	0.00391209	0.118032	0.0476107	0.00339587	-0.0528001	-0.0651447	0.220553	0.0478518	-0.0266874	0.00953475	0.273452	0.377618	0.053841	0.0991669	
0.210369	-0.0653593	0.134227	0.0361348	0.211297	-0.0781528	0.310724	0.170656	0.0321176	0.0248749	0.00391209	0.0300894	0.0737162	0.0187473	-0.0552427	0.00512054	0.215049	0.0416278	-0.0275912	0.0108489	0.273452	0.534921	0.053841	-0.00487776	0	
0.210369	-0.0680742	0.169346	0.0361348	0.251386	-0.07927	0.357242	0.3217	0.0324284	0.0472036	0.00360126	0.0577764	0.0573114	0.0184365	-0.0491707	0.0427376	0.215049	0.0562092	-0.0129105	0.0105381	0.273141	0.490669	0.0533422	
0.168558	-0.0680742	0.156228	0.0361348	0.311721	-0.0784982	0.316746	0.25589	0.0398358	0.0470542	-0.00708483	0.0743651	0.0573114	0.000939976	-0.0508283	0.554767	0.252204	0.0562092	-0.0129105	0.0105381	0.273141	0.337626	0.0523903	
0.168558	-0.0660838	0.156228	0.0442388	0.228204	-0.0728516	0.306271	0.25589	0.0400021	0.0470542	0.00236078	0.0538679	0.055321	0.0123447	-0.0459689	0.730094	0.25237	0.0562092	-0.00810666	0.0105381	0.273141	0.281468	0.0523903	0	
0.168813	-0.0660838	0.106151	0.0444935	0.237256	-0.0799651	0.328003	0.345532	0.0400021	0.047751	0.00236078	-0.0141848	0.0626614	0.00268478	-0.0484848	0.490666	0.25237	0.0297028	-0.0383003	0.0102833	0.209906	0.289699	0.0546147	0.00171673	0.0014062	
0.168813	-0.0660838	0.11654	0.0500131	0.291548	-0.0725993	0.306589	0.174742	0.0367013	0.0277874	0.0165693	0.0126647	0.059219	0.00268478	-0.0414407	0.449615	0.244767	0.0297028	-0.0299278	0.0102833	0.320847	0.534771	0.0688308	
0.168813	-0.0698305	0.11654	0.0493526	0.312836	-0.0853369	0.306589	0.267118	0.0321658	0.0641972	0.0219948	0.0633042	0.059724	0.00179949	-0.0417545	0.0840294	0.23072	0.0090823	-0.0192365	0.0102833	0.320847	0.568709	0.0688308	0	
0.202436	-0.0672012	0.131522	0.0487433	0.310207	-0.0885495	0.291116	0.239549	0.0327381	0.0641972	0.0377025	0.0260963	0.062297	0.016171	-0.0493162	0.291624	0.231292	0.00956744	-0.0225153	0.0102833	0.269991	0.382948	0.0787364	
0.202436	-0.0641741	0.105613	0.0487433	0.30796	-0.0903349	0.344159	0.179609	0.0327381	0.0219952	0.0369637	0.120049	0.0592698	0.014146	-0.0350111	-0.0703057	0.231292	0.00956744	-0.0105202	0.0102833	0.269991	0.43719	0.0787364	
0.202436	-0.0662418	0.0877878	0.0487433	0.32932	-0.0756897	0.347534	0.122637	0.0327381	0.0707613	0.044735	0.047351	0.0613375	0.00787343	-0.0389304	0.0626908	0.208076	0.00519903	0.00168459	0.0102833	0.269991	0.50527	0.0787364	
0.202436	-0.0682667	0.0877878	0.051533	0.381047	-0.0803066	0.342957	0.190673	0.0327381	0.0287909	0.0382657	0.047351	0.103188	0.00787343	-0.0407274	0.311297	0.214285	-0.00484397	0.00168459	0.0102833	0.244729	0.455294	0.0752393	0	
0.253036	-0.0710697	0.0877878	0.0232789	0.38385	-0.0803066	0.336766	0.141404	0.0368216	0.0410125	0.0330767	0.0828529	0.102984	0.0199263	-0.0409876	0.505219	0.218369	0.0109962	-0.0113106	0.0102833	0.254275	0.469821	0.0752393	
0.253036	-0.07102	0.0877878	0.0232789	0.444272	-0.0704647	0.295071	0.188266	0.038108	0.0610865	0.0390697	0.100162	0.102934	0.0315937	-0.0423589	0.242403	0.219655	0.085713	-0.0024714	0.0102833	0.254275	0.350213	0.0752393	-0.0342733	0	
0.248013	-0.0646917	0.0877878	0.0177475	0.437944	-0.0726236	0.319158	0.188266	0.0371076	0.0269982	0.0390697	0.077229	0.102527	0.0315937	-0.055508	0.26571	0.218655	0.0253888	-0.00749495	0.0153069	0.254275	0.540521	0.0752393	
0.224441	-0.0700385	0.0893755	0.0177475	0.383221	-0.0804942	0.319158	0.0825168	0.0385511	0.0464061	0.0390697	0.0569927	0.107874	0.0315937	-0.055508	0.0460204	0.247469	0.0594015	-0.0133022	0.0153069	0.261354	0.470654	0.0727945	0.0894464	0.00489119	
0.224441	-0.0700385	0.115984	0.0177475	0.383221	-0.0741613	0.319158	0.153213	0.0385511	0.00822193	0.0348568	0.0352636	0.0997346	0.0233519	-0.0531407	0.224428	0.24119	0.0576893	0.0137855	0.0153069	0.246956	0.394425	0.0909583	0	
0.241689	-0.0590765	0.0972616	0.0177475	0.29105	-0.0758219	0.319158	0.191374	0.0385511	0.0412063	0.0302088	0.0264431	0.0887726	0.0134133	-0.0499046	0.376809	0.24119	0.0148248	0.00890215	0.0153069	0.246956	0.433171	0.0997493	0.0194594	0	
0.249485	-0.0625162	0.111235	0.0353018	0.29449	-0.0825068	0.369368	0.199286	0.0346969	0.0190727	0.0265838	0.0573933	0.0942267	0.0134133	-0.0499046	0.353946	0.228105	0.0623365	-0.00734158	0.0164885	0.276698	0.368814	0.0997493	0.0423376	
0.249485	-0.0607962	0.110854	0.0383079	0.29277	-0.086606	0.369368	0.16759	0.0346969	0.0353879	0.0261535	0.0199757	0.098927	0.0134133	-0.0499046	0.208776	0.228105	0.0578154	-0.0213991	0.0164885	0.276698	0.40211	0.0997493	0.0482238	
0.249485	-0.0554391	0.110854	0.0295047	0.370512	-0.0814383	0.369368	0.125363	0.0346969	0.0115855	0.0261535	0.0734559	0.076501	0.0134133	-0.0532243	0.157541	0.228105	0.0524653	-0.0053972	0.0164885	0.276698	0.577006	0.100109	-0.0717534	
0.249485	-0.0518923	0.106963	0.0329117	0.267097	-0.0862129	0.369368	0.228538	0.0346969	0.0282054	0.00642714	0.0104353	0.0729542	0.0134133	-0.0458034	-0.217628	0.228105	0.0347423	-0.011321	0.0164885	0.276698	0.459692	0.100109	
0.244257	-0.0518923	0.1182	0.0329117	0.267097	-0.0862129	0.3937	0.228538	0.0346969	0.0282054	0.00642714	0.0288288	0.0609783	0.0134133	-0.0458034	-0.212997	0.254747	0.0621911	-0.0131572	0.0164885	0.276698	0.337514	0.0902968	
0.225851	-0.0516396	0.118453	0.0256677	0.273941	-0.0874457	0.395504	0.190293	0.0344442	0.0282054	-0.00687082	0.0815725	0.0547665	0.013666	-0.0468729	-0.153941	0.267941	0.0838099	-0.00439261	0.0167411	0.27695	0.384587	0.0947243	-0.0167411	0	
0.225851	-0.0544952	0.114207	0.0256677	0.35234	-0.082361	0.398027	0.253939	0.0356915	0.0282054	-0.00462745	0.0502625	0.0570327	0.0161889	-0.0450602	-0.202724	0.271711	0.0675476	-0.0132933	0.0192641	0.279473	0.407062	0.0972472	
0.225851	-0.0534936	0.114207	0.0256677	0.351338	-0.0837189	0.362199	0.308361	0.0356915	0.0282054	-0.00462745	0.106517	0.0560311	0.0309945	-0.0469862	0.308507	0.271711	0.00193527	-0.0141573	0.0192641	0.279473	0.297226	0.105963	
0.21886	-0.0572009	0.0854746	0.0298791	0.36315	-0.0848882	0.353838	0.311765	0.0356915	0.00579214	-0.00462745	0.106517	0.0661343	0.00941074	-0.0442007	0.0566249	0.25105	0.0388302	-0.0323443	0.0192641	0.279473	0.300933	0.106211	0.0141669	
0.220606	-0.0572009	0.0854746	0.0334841	0.381365	-0.0769434	0.430055	0.311765	0.0356915	0.00753856	0.0113026	0.126453	0.0559383	0.0125138	-0.0360953	0.0231151	0.25105	0.0466284	-0.0137927	0.0175177	0.25834	0.233632	0.103212	
0.213677	-0.057669	0.0854746	0.0334841	0.374233	-0.0813036	0.393986	0.341741	0.0439355	0.0465067	0.0113026	0.156109	0.0712865	0.0125138	-0.0360953	-0.131758	0.252281	0.0130639	-0.037109	0.0175177	0.275446	0.364388	0.103212	0.0132104	
0.213677	-0.0576408	0.105736	0.0334841	0.321898	-0.0770372	0.393986	0.367078	0.0439355	0.0199361	0.014593	0.155228	0.0532195	0.0117487	-0.0337507	-0.256105	0.266672	0.0533087	-0.0254514	0.0175177	0.297927	0.333462	0.103212	
0.213677	-0.0576408	0.105736	0.0329814	0.331799	-0.0770372	0.393986	0.185385	0.0439355	0.0199361	0.020665	0.178378	0.0532195	0.0185713	-0.0379493	-0.232325	0.2602	0.0406586	-0.0135688	0.0175177	0.297927	0.333373	0.103707	0.0263491	0.0159302	0.0229754	
0.213677	-0.0565036	0.106873	0.0329814	0.330476	-0.0706129	0.395123	0.21288	0.0427982	0.0373025	0.00565116	0.229208	0.0620403	0.025927	-0.0368153	-0.184871	0.19466	0.0417959	0.00421935	0.018655	0.289565	0.430559	0.114743	-0.0379377	0.00511478	0.0231335	
0.209907	-0.047171	0.108067	0.0329814	0.37397	-0.0696284	0.411782	0.21288	0.0379579	0.0245147	0.0052455	0.226934	0.0454327	0.0200771	-0.039293	-0.184871	0.219636	0.0417959	-0.0166334	0.018655	0.289565	0.447289	0.118426	0	
0.220025	-0.047171	0.12013	0.0224882	0.353202	-0.0655532	0.427176	0.326522	0.0448492	0.0308774	0.0052455	0.126227	0.0454327	0.0351171	-0.0477494	-0.139957	0.199625	0.0580271	-0.0130535	0.0190459	0.289565	0.366863	0.118426	
0.243715	-0.0487027	0.122419	0.0388014	0.326555	-0.0756418	0.425644	0.338398	0.0463809	0.041075	0.0037138	0.264405	0.0454327	0.0335854	-0.0435165	-0.0258082	0.199625	0.0641149	-0.00702042	0.0175141	0.272295	0.459512	0.0994502	0	
0.243715	-0.0527836	0.140825	0.0388014	0.247732	-0.0837806	0.475098	0.274361	0.0463809	0.00972481	0.00106133	0.128754	0.0602551	0.0296538	-0.0435165	0.217536	0.192035	0.0562494	0.0125294	0.0175141	0.265934	0.298319	0.101682	
0.220577	-0.0527836	0.185653	0.0410351	0.310221	-0.0779502	0.475098	0.27546	0.0407795	0.0202001	0.00239916	0.0999216	0.0406404	0.0259976	-0.0343335	-0.0904828	0.178201	0.0242124	0.0152773	0.0175141	0.265934	0.422855	0.104812	0	-0.0458499	-0.140302	
0.254715	-0.0508603	0.206834	0.0306457	0.308298	-0.0841156	0.393103	0.294955	0.0524816	0.0231506	-0.00340195	0.121876	0.0497195	0.0259976	-0.0378324	-0.00912493	0.189903	0.0581417	0.0161961	0.0175141	0.265934	0.542998	0.104812	
0.194546	-0.0525961	0.241628	0.0307392	0.253383	-0.0753408	0.355756	0.279122	0.0552536	0.0260768	0.00704664	0.121876	0.051271	0.0173232	-0.0291231	-0.0163814	0.212113	0.0474971	0.0319283	0.0175141	0.283381	0.476787	0.112097	
0.182936	-0.0525961	0.241628	0.0307392	0.252612	-0.0672133	0.44531	0.272363	0.0557457	0.0239247	0.00704664	0.126457	0.051271	0.0315048	-0.0291231	-0.0740907	0.210014	0.0259002	0.0152952	0.0175141	0.228587	0.368585	0.112097	
0.187936	-0.0457485	0.242291	0.0307392	0.23837	-0.0612064	0.376092	0.30355	0.056549	0.00335768	-0.0019049	0.126457	0.0357411	0.0187448	-0.0304709	-0.0626578	0.254785	0.0338503	0.0274619	0.018177	0.22925	0.398033	0.112759	0	
0.21827	-0.0428204	0.225078	0.0261966	0.228601	-0.0491199	0.374111	0.235872	0.0475913	0.0110848	0.0187678	0.123455	0.0328131	-0.00334349	-0.0362933	-0.0315067	0.251876	0.0266861	0.0478331	0.018177	0.22925	0.307566	0.112759	
0.21827	-0.0542012	0.225078	0.0250037	0.239982	-0.0566695	0.365403	0.129642	0.058269	0.0301677	0.0187678	0.0745899	0.0441938	-0.00334349	-0.0362933	0.138429	0.244313	0.042895	0.00894541	0.018177	0.22925	0.335189	0.112759	0	
0.203849	-0.0542012	0.193988	0.0250037	0.272295	-0.0713046	0.455167	0.189129	0.0562444	0.00751568	0.0131644	0.148546	0.0441938	0.00134379	-0.0445196	0.0246711	0.242288	0.042895	0.0153428	0.018177	0.254129	0.346389	0.0996693	0.00398288	0.00386314	
0.203849	-0.0542012	0.133175	0.0293962	0.349417	-0.0621676	0.370623	0.260647	0.0562444	0.00215451	0.000790827	0.0628329	0.0367536	0.00134379	-0.0351679	0.1484	0.173	0.0087748	-0.0129855	0.018177	0.254129	0.312491	0.0996693	
0.22473	-0.0533788	0.149483	0.0251363	0.257021	-0.0553159	0.390084	0.183957	0.0579037	0.00854919	0.0107204	0.0207908	0.0359312	0.00189778	-0.0380212	0.0375539	0.18178	0.0087748	-0.016782	0.018177	0.239419	0.443583	0.0996693	0.0270256	0.0465734	
0.22475	-0.053417	0.149483	0.0251568	0.28532	-0.0737054	0.363643	0.239393	0.0579037	-0.00357807	0.0182647	0.118898	0.0216896	0.00189778	-0.0380212	0.163144	0.218362	0.0325342	-0.0155117	0.0181565	0.245372	0.452997	0.09759	0.0401616	0.214679	
0.21333	-0.0500057	0.151563	0.0338542	0.281908	-0.0737054	0.363643	0.136811	0.0579037	-0.00228188	0.0191462	0.0725097	0.0348036	0.00189778	-0.043986	0.23347	0.245559	0.00524137	-0.0265013	0.0181565	0.245372	0.568578	0.0903963	0	
0.240196	-0.0444024	0.151563	0.0133479	0.276305	-0.0743344	0.363643	0.195461	0.0627837	0.0306283	0.0298453	0.0734979	0.020895	-0.00946562	-0.043986	-0.154018	0.203604	0.0390219	-0.00315305	0.0181565	0.245372	0.390631	0.0903963	0	
0.23907	-0.0478542	0.151563	0.0386684	0.323917	-0.0668599	0.327797	0.184407	0.0666992	0.00258875	0.0184929	0.0459428	0.0415271	0.003878	-0.0462908	0.263055	0.207519	0.0496264	-0.00315305	0.0181565	0.247956	0.407196	0.0903963	0.0106993	
0.23907	-0.0504056	0.157236	0.0259348	0.326469	-0.0565152	0.327797	0.120335	0.0683419	0.0126796	0.0184929	0.0854352	0.0440785	-0.0210454	-0.0462908	0.181949	0.206433	0.0771602	-0.00349788	0.0181565	0.247956	0.397959	0.0903963	
0.177721	-0.0463127	0.120755	0.0238068	0.222267	-0.0682645	0.327797	0.137062	0.0590308	0.0121352	0.0132759	0.0854352	0.0413141	-0.0213174	-0.0462908	0.333395	0.253952	0.0578964	0.0296526	0.0181565	0.243487	0.265028	0.102229	
0.172999	-0.0481458	0.120755	0.0411509	0.197257	-0.0655662	0.341535	0.200867	0.071429	0.0121352	0.014855	0.145938	0.0582463	-0.0172136	-0.0462908	0.19523	0.277372	0.0578964	-0.0113197	0.0181565	0.243487	0.333729	0.0977951	-0.0117398	
