0.229473	0.122722	0.238581	0.0991372	0.420666	0.0294478	0.0198226	-0.0596565	0.0562201	0.102281	0	0	0	0	0	0	0	0	0	0	0	0	0	0	0	0	0	0	0	0	0	0	0	0	0	0	0	0	0	0	0	0	0	0	0	0	0	0	0	0	0	0	0	0	0	0	0	0	0	0	0	0	0	0	0	0	0	0	0	0	0	0	0	0	0	0	0	0	0	0	
0.229473	0.120521	0.238581	0.143035	0.420666	0.0294478	0.0198226	-0.0576811	0.104686	0.164425	0.0311919	0	0	0	0.0840812	0	-0.0406406	0.0673443	0	0.0656309	0	0	0.0475161	0.0174505	0.0191652	0.0167483	0.00167865	0	-0.0324809	0.0211689	0.277861	0.0399985	-0.00599141	-0.00122034	-0.0241375	0.000546612	0	0.00874512	0	0	0.0141841	0	0	-0.00828404	-0.0198226	-0.00447209	0	0	
0.229473	0.120521	0.238581	0.143035	0.420666	0.0233216	0.0198226	-0.00658766	0.216654	0.128846	0.129382	0.0947868	-0.0578133	0.0431282	0	0.0818801	0.0531341	0.00167865	0	-0.0529902	-0.00534906	-0.0285496	-0.0576811	0	0.037146	0.00626283	-0.0314768	-0.0235213	-0.0129016	
0.229473	0.13764	0.238581	0.143035	0.420666	0.0320739	0.0198226	-0.00340438	0.126678	0.176324	0.0852031	-0.0127704	-0.0313506	0.128382	-0.0688992	-0.00536671	0.0872468	-0.01382	0.00174364	-0.0161282	0.0407629	0.0531341	-0.0576811	-0.0186932	0.0122958	0.00446158	-0.0257723	
0.224083	0.136881	0.238581	0.17149	0.434241	0.0150113	0.0198226	0.0130378	0.0854647	0.135411	0.0852031	-0.0435389	0.0505397	-0.0173139	-0.112268	0.0183199	-0.00460831	-0.00330195	0.0194305	0.0864884	0.0138808	0.0711132	-0.0576811	-0.0174372	
-0.0347952	0.147515	0.199043	0.146813	0.434241	0.0114976	0.0121783	0.18191	0.154309	0.151499	0.214674	0.10181	0.0266447	0.0152143	-0.121779	-0.0113658	-0.0435389	0.0806241	0.09314	-0.0196199	0.0239951	0.0893674	-0.0568958	-0.0216098	
-0.0368156	0.270923	0.146813	0.434241	0.0206875	0.218548	0.148224	0.151499	0.235818	0.015192	0.0152143	-0.124104	0.027425	-0.0536186	0.0615892	0.0501269	-0.0152212	0.0893674	0.14666	0.00878085	0.0376142	0.0960181	-0.0501998	
-0.0404364	0.288913	0.149913	0.369558	0.00929502	0.129481	0.111045	0.151499	0.235818	0.0304656	-0.035349	-0.0501998	0.0152143	-0.116914	0.0838015	-0.0474176	0.0615892	0.019062	-0.0126626	0.0467555	0.141641	0.0239951	0.0261002	0.0324554	
-0.0459701	0.185833	0.404852	0.149913	0.379837	0.0147081	0.165076	0.0781219	0.0612212	0.0152143	0.0165315	-0.00221204	-0.0505923	-0.116914	-0.0436257	0.0615892	0.0945493	-0.0233141	0.0467555	0.141641	0.0262822	0.160096	0.0613199	0.046172	
-0.0459701	0.215223	0.410842	0.149913	0.384327	0.0206975	0.114206	0.12337	0.053575	0.0152143	0.0387363	0.0532503	-0.0534763	0	-0.0436257	0.0615892	-0.0299568	0.005478	0.0333722	0.150135	0.0202928	0.0799853	
-0.0107946	0.215223	0.331547	0.137156	0.35117	0.0206975	0.217394	0.12547	0.0932173	0.0152143	0.0820109	0.12819	-0.0589247	0.0763254	-0.0436257	0.0460551	-0.0761522	0.005478	0.043649	0.150135	0.0202928	
-0.0214984	0.215223	0.331547	0.137156	0.35117	0.0206975	0.128605	0.140914	0.0120792	0.0629099	0.200473	-0.0554967	0.0844479	-0.0564164	0.0460551	-0.0401118	0.0202928	0.15327	0.218034	0.0248973	0.0549337	
-0.0624208	0.212652	0.28067	0.115802	0.286964	0.0174928	0.130636	0.117104	0.00950788	0.0609232	0.222014	-0.0601235	-0.0588388	0.0434839	-0.0556842	0.0197081	0.15327	0.264343	-0.0163877	0.0805893	0.0223261	0.0547157	
-0.0659748	0.20819	0.28067	0.117141	0.357639	0.0158752	0.159701	0.0604493	0.0108468	0.034726	0.122568	-0.0587846	-0.0556895	0.0448228	-0.0522221	0.0102003	0.135131	0.171695	0.0749305	0.0240718	0.0791246	
-0.0159434	0.20819	0.350167	0.122067	0.3545	0.0158752	0.121089	0.23684	0.0108468	0.015904	0.13663	-0.0520218	0.0582926	0.0670049	-0.0435722	0.0448228	0	-0.052528	0.0102003	0.135131	0.303549	0.0178354	
-0.0518077	0.233141	0.31509	0.0995551	0.359879	0.0206836	0.137757	0.158421	0.00903904	0.015904	0.137134	-0.0520218	0.0601004	0.0670049	-0.0522382	0.0448228	0.0193506	-0.0541682	0.0277974	0.0120081	0.309441	0.136939	
-0.0252335	0.230633	0.31509	0.104188	0.417152	0.0149072	0.138908	0.158421	0.00903904	0.015904	0.316134	-0.0520218	0.0530331	0.0806009	-0.0576315	0.0448228	-0.0088044	-0.0611062	0.0285805	0.0120081	0.161397	0.0391821	0.132852	0	
-0.0499962	0.200907	0.316458	0.150464	0.417152	0.0203231	0.138908	0.215783	0.00903904	0.0421848	0.26707	-0.0520218	0.0530331	0.077592	-0.0480543	0.0448228	-0.0088044	-0.0638309	0.0606583	0.0120081	0.104642	0.132852	
-0.0499962	0.194333	0.316458	0.0980491	0.347899	0.0203231	0.138908	0.181786	0.00903904	0.0777024	0.254193	-0.0526376	0.116115	0.0938438	-0.0582646	0.0448228	-0.00608	-0.0651092	0.0362656	0.0210471	0.109774	0.132852	-0.00418761	0	0	
-0.0481993	0.215394	0.290332	0.110768	0.347899	0.0116703	0.138908	0.233934	0.00903904	0.0777024	0.147718	-0.0652941	0.116115	0.0917044	-0.0468291	0.0448228	-0.000157526	-0.059401	0.0369391	0.0210471	0.0747171	0.119064	-0.0335286	0	
-0.00691277	0.215394	0.290332	0.171384	0.378556	0.0179898	0.143776	0.239052	0.0128182	0.0535263	0.217038	-0.0805523	0.112335	0.0917044	-0.052923	0.0404479	0.0134076	-0.0298177	0.036722	0.0210471	0.119662	0.110361	
-0.0295882	0.215394	0.230682	0.133276	0.378556	0.0179898	0.152554	0.265209	0.0128182	0.0394784	0.174512	-0.0701628	0.112335	0.0917044	-0.0459733	0.0404479	0.0262154	-0.0412088	0.0530046	0.00822887	0.193007	0.107603	0.0473079	
-0.0295882	0.217843	0.162293	0.133276	0.378556	0.0159353	0.152554	0.190213	0.0128182	0.118755	0.068474	-0.0639068	0.106023	0.0917044	-0.0468224	0.0338423	0.0219578	-0.0049719	0.0561119	0.0102834	0.164923	0.107603	-0.004419	0	
-0.0177805	0.217843	0.249648	0.133276	0.320444	0.0204349	0.186393	0.190213	0.00538367	0.090402	0.156752	-0.0659298	0.113457	0.0791918	-0.0533694	0.0361762	-0.00417262	0.00632279	0.0578248	0.0231016	0.15887	0.159428	0	
-0.0332157	0.213187	0.249648	0.158544	0.360711	0.0204349	0.186393	0.231065	0.00538367	0.130873	0.187157	-0.0708463	0.127546	0.0788991	-0.0508375	0.0445786	0.000150372	0.00632279	0.0798991	0.0231016	0.163528	0.159428	
0.0170852	0.213187	0.180159	0.158544	0.354552	0.0204349	0.166854	0.225556	0.00538367	0.0910325	0.159594	-0.0716794	0.112245	0.0788991	-0.0505486	0.0445786	0.000150372	-0.0447196	0.13186	0.0231016	0.153475	0.118235	
0.0460171	0.213187	0.164808	0.158544	0.305635	0.0189643	0.170045	0.264113	0.00538367	0.114443	0.200904	-0.0716794	0.104388	0.0788991	-0.051066	0.0445786	0.000150372	-0.0526462	0.131421	0.0177179	0.0581947	0.118235	
0.0805731	0.213187	0.164808	0.158544	0.341843	0.0196062	0.145537	0.195548	0.00538367	0.139198	0.151345	-0.0694858	0.104388	0.0788991	-0.0445955	0.0445786	-0.0620767	0.0820721	0.0231016	0.177994	0.118235	0.00616126	
0.0553744	0.213187	0.174853	0.173314	0.341621	0.028152	0.150787	0.172854	0.00538367	0.171417	0.209209	-0.0694858	0.104388	0.0533674	-0.0436513	0.0518925	0.0524153	-0.0546642	0.0555359	0.0145558	0.247316	0.118235	0.0245022	0	
0.0429723	0.195612	0.223761	0.116189	0.341621	0.029596	0.153821	0.175946	0.00531417	0.253963	0.144648	-0.0694858	0.103704	0.0533674	-0.0436513	0.0518925	0.0524153	-0.034986	0.0219272	0.0145558	0.401764	0.148612	0.0639385	
0.00947582	0.195612	0.223761	0.120207	0.341621	0.0211919	0.133081	0.215173	0.00441105	0.253963	0.262754	-0.0704437	0.0799227	0.0616727	-0.0436513	0.0518925	0.0524153	-0.0303213	0.0303719	0.0145558	0.280993	0.149515	
-0.0560456	0.195612	0.223761	0.120207	0.345671	0.0211919	0.142986	0.140267	0.00441105	0.21985	0.206595	-0.0551305	0.0219324	0.0629086	-0.0392829	0.0685485	0.033824	-0.0556447	0.0303719	0.0145558	0.213828	0.149515	0	
-0.0362035	0.195612	0.269158	0.150497	0.345671	0.0211919	0.160209	0.197583	0.00418618	0.162366	0.21193	-0.0603434	0.0343825	0.0520923	-0.0493157	0.0639849	0.033824	-0.0755043	0.0754987	0.0145558	0.162996	0.133177	0	
-0.00507877	0.193777	0.191343	0.126787	0.280767	0.0211919	0.172833	0.255059	0.00917485	0.0427216	0.191093	-0.0698962	0.0293938	0.0520923	-0.0548962	0.055318	0.033824	-0.0654374	0.128189	0.0145558	0.0910927	0.0517975	
-0.0114504	0.230509	0.0994249	0.162276	0.118405	0.426535	0.0226308	0.214521	0.238044	0.0121289	0.0172821	0.154664	-0.0669259	0.0148425	0.00398085	-0.048339	0.0652705	0.0341541	-0.0914188	0.125565	0.0148859	
-0.0359758	0.20696	0.140873	0.175816	0.110665	0.30703	0.0143754	0.205416	0.122704	0.0121289	0.0172821	0.18197	-0.0669259	0.0464071	0.00281129	-0.0328884	0.0652705	0.0352184	-0.0882159	0.119617	0.0170979	0.0739114	
0.00275037	0.20696	0.152776	0.199113	0.110665	0.30703	0.0165558	0.241114	0.128242	0.0121289	0.0776311	0.18197	-0.0669259	0.0550598	0.00281129	-0.0328884	0.0745796	0.0335429	-0.0706841	0.119617	0.0170979	0.223828	
-0.018539	0.206543	0.02826	0.111689	0.110216	0.22362	0.0165558	0.182545	0.127826	0.0107861	0.023829	0.276404	-0.0610013	0.047547	0.00239461	-0.033305	0.0741629	0.0331262	-0.0659943	0.142652	0.0166812	0.223412	0.110945	0	
-0.00909308	0.22419	-0.00641757	0.12667	0.110216	0.438608	0.0187435	0.218559	0.173874	0.00560757	0.0194234	0.17624	-0.0594357	0.0555198	0.00201074	-0.0529672	0.0741629	0.0331262	-0.0546336	0.124852	0.0138752	0.253774	-0.0121669	
0.0124173	0.220198	-0.0138297	0.129547	0.135539	0.326636	0.02162	0.215454	0.177537	0.00560757	0.00812358	0.256263	-0.0585845	0.0902092	-0.0101186	-0.0548705	0.0805159	0.0331262	-0.0750317	0.11186	0.0109987	0.260841	
0.0105822	0.220198	0.0325645	0.129547	0.135539	0.323637	0.02162	0.215454	0.20252	0.00560757	-9.51605e-05	0.284507	-0.0622354	0.0902092	0.0132517	-0.0457069	0.0805159	0.041437	-0.0325673	0.11186	0.0109987	0.260841	
0.0332176	0.220198	0.167403	0.21125	0.134092	0.414947	0.02162	0.197582	0.203196	0.00560757	0.0405233	0.216158	-0.05386	0.0752614	-0.00213258	-0.0457069	0.0805159	0.041437	-0.0325673	0.0920676	0.0166062	0.250876	0	
-0.0466202	0.22592	0.112646	0.21125	0.111599	0.403993	0.02162	0.324821	0.222908	0.00560757	0.0331393	0.191282	-0.05386	0.0715368	0.0148212	-0.0624936	0.0637211	0.0489616	-0.0259978	0.0715034	0.0166062	0.18612	
-0.0229604	0.226297	0.279648	0.212641	0.144933	0.330284	0.0230113	0.324821	0.192714	0.00598461	0.013952	0.150536	-0.053483	0.0544421	-0.0180453	-0.0536133	0.077729	0.048452	-0.0185734	0.0722576	0.00960739	0.269803	
-0.0383159	0.214455	0.258478	0.192499	0.148877	0.330284	0.0230113	0.378512	0.196613	0.00598461	0.00417464	0.235575	-0.0571603	0.0544421	-0.0288438	-0.0527942	0.0668918	0.048452	-0.0504454	0.0722576	0.00960739	0.202533	0	
-0.0160786	0.207611	0.321203	0.186838	0.110729	0.361022	0.0230113	0.352372	0.136874	0.00544072	-0.0153378	0.106077	-0.0610457	0.0376074	0.0195547	-0.0427478	0.0737073	0.0342951	-0.0473566	0.149917	0.0101513	0.313284	-0.0182476	0	
0.0847479	0.206271	0.321203	0.17133	0.133682	0.302836	0.0242295	0.35424	0.115751	0.00357266	-0.0153378	0.0943886	-0.0610457	0.0304848	0.0420155	-0.0581975	0.0709676	0.0389894	-0.0221571	0.126818	0.0120193	0.268027	-0.000714056	-0.042047	
-0.0256112	0.206271	0.288227	0.218523	0.133682	0.358979	0.0242295	0.368579	0.157585	0.00357266	-0.00100577	0.130711	-0.0662334	0.0304848	0.0429724	-0.0531644	0.0709676	0.0299504	-0.0519406	0.0973147	0.0120193	0.221915	-0.0389398	-0.0432217	0.0357945	
0.000532059	0.206271	0.337685	0.165668	0.133682	0.334683	0.0242295	0.30559	0.0909016	0.00357266	-0.0050583	0.160884	-0.0670236	0.0321434	0.0429724	-0.0471377	0.0983803	0.0301576	-0.0462476	0.114174	0.0120193	0.250448	-0.0389398	
-0.0332901	0.206271	0.363558	0.195561	0.135941	0.368591	0.0242295	0.33748	0.0868652	0.00714022	0.0026984	0.317471	-0.0718992	0.0393117	0.0586685	-0.0475015	0.126049	0.0301576	-0.0396556	0.110607	0.00845178	0.213853	-0.0528693	
-0.0419932	0.235014	0.179441	0.278813	0.135941	0.368591	0.0274224	0.208814	0.155902	0.00714022	0.00632051	0.321519	-0.0718992	0.0512696	0.0756756	-0.0475015	0.0912775	0.0409511	-0.0648532	0.107069	0.00845178	0.222785	-0.0645923	
-0.0449768	0.235014	0.179441	0.208516	0.147547	0.313725	0.0274224	0.147619	0.157493	0.00714022	0.0134118	0.255528	-0.0673128	0.071913	0.0756756	-0.0475015	0.0912775	0.0409511	-0.0674808	0.0791403	0.015592	0.195729	-0.0645923	
-0.0349178	0.23639	0.125837	0.229813	0.147547	0.361134	0.0200849	0.131803	0.124853	0.0079341	0.0666904	0.222598	-0.0673128	0.0382027	0.0789675	-0.0395436	0.0826246	0.0409511	-0.082806	0.0877451	0.015592	0.295049	-0.0732858	0.0415801	-0.0160946	
-0.042948	0.23639	0.0964631	0.249229	0.126176	0.35395	0.0200849	0.229967	0.0482782	0.0079341	0.0016338	0.248711	-0.0695144	0.0562665	0.0789675	-0.0481729	0.0826246	0.0409511	-0.0635404	0.0877451	0.015592	0.235635	-0.0773353	0.0234542	
-0.0572064	0.23639	0.140149	0.325136	0.126176	0.303298	0.0286214	0.180569	0.0482782	0.0079341	0.0330142	0.256357	-0.0664273	0.0590075	0.0789675	-0.0428302	0.0826246	0.0409511	-0.0833152	0.0823065	0.015592	0.266978	-0.0773524	
-0.0394765	0.242407	0.00104356	0.251837	0.128238	0.376364	0.0292191	0.180569	0.172698	0.0079341	0.0330142	0.347471	-0.0564394	0.0627056	0.0789675	-0.0454981	0.105088	0.0564041	-0.065523	0.0853249	0.0149943	0.197648	-0.0720785	0.0161994	
-0.0309284	0.213092	0.184137	0.269403	0.0959789	0.315018	0.0220907	0.180569	0.0230829	0.0079341	0.0244163	0.347471	-0.058001	0.0406067	0.0747173	-0.0540143	0.105088	0.0516297	-0.039724	0.088218	0.0221227	0.291625	-0.0781973	-0.0452626	-0.0556613	0	
-0.0425951	0.213092	0.225141	0.269932	0.159161	0.315018	0.00979965	0.173388	0.114253	0.0079341	-0.00378017	0.355448	-0.059218	0.0768852	0.0962019	-0.0540143	0.105088	0.0516297	-0.0223496	0.106564	0.0221227	0.291625	-0.0693734	0.0272823	
-0.0498659	0.196053	0.14362	0.269932	0.159161	0.332274	0.0185144	0.119564	0.132317	0.0079341	-0.00476599	0.491661	-0.062292	0.0768852	0.0962019	-0.0466673	0.105088	0.0344743	-0.0537229	0.100166	0.0221227	0.335659	-0.0693734	-0.00155898	0	-0.00781292	
0.0211987	0.196053	0.245056	0.227254	0.125604	0.327168	0.0185144	0.185964	0.0794297	0.0035257	0.0233565	0.762544	-0.062292	0.0639603	0.0962019	-0.0347503	0.105088	0.0344743	-0.00822185	0.118039	0.0221227	0.220178	-0.0672837	-0.0366798	0.0112902	
0.0211987	0.214554	0.243702	0.227254	0.153465	0.375409	0.0185144	0.174376	0.0837119	0.0035257	0.0446622	0.718687	-0.062292	0.0909646	0.103284	-0.0347503	0.117762	0.0344743	-0.0375719	0.118039	0.0221227	0.29364	-0.0672837	0.0100963	0	0	
0.00172874	0.211023	0.36814	0.235036	0.123574	0.358404	0.0269581	0.17049	0.103352	-0.00474662	0.0446622	0.726959	-0.0491993	0.0992369	0.103284	-0.045559	0.117762	0.0344743	-0.0609997	0.119794	0.0143406	0.140425	-0.0699836	0.0199199	0.0749713	
-0.0852807	0.211023	0.218974	0.235036	0.130046	0.358404	0.0269581	0.17049	0.103352	-0.00474662	0.0423127	0.709015	-0.0612287	0.108639	0.103284	-0.0464674	0.128045	0.0344743	-0.0439726	0.0958066	0.0143406	0.279749	-0.0703401	0.0128425	0	0.0202551	
-0.0365919	0.211023	0.272139	0.235036	0.120237	0.362309	0.0155355	0.17734	0.209749	-0.00399124	0.0793932	0.698822	-0.0623819	0.0982905	0.103284	-0.0464674	0.102867	0.0344743	-0.0485268	0.109394	0.0143406	0.295447	-0.0659511	0.0128425	0.00399124	
-0.00918692	0.233343	0.320301	0.235036	0.120237	0.361023	0.0155355	0.112194	0.138797	-0.00399124	0.0583102	0.636676	-0.0623819	0.0982905	0.103284	-0.0427385	0.0915966	0.0344743	-0.0715149	0.109394	0.0143406	0.295447	-0.0650341	0.0128425	0.0414353	
-0.0274985	0.233343	0.76068	0.288119	0.120237	0.361023	0.0182227	0.144536	0.108385	-0.00399124	0.0375253	0.53372	-0.0623819	0.0680927	0.103284	-0.0560173	0.0915966	0.0350928	-0.042485	0.117475	0.0143406	0.231535	-0.0647586	0.0128425	0	0.130269	
-0.041742	0.238962	0.571984	0.336925	0.122825	0.361848	0.027764	0.144536	0.103692	-0.00394537	0.0375712	0.53372	-0.0699132	0.0680927	0.102888	-0.0570934	0.0997943	0.0297582	-0.0455694	0.0956508	0.0183318	0.219138	-0.0636889	-0.0167779	0.085543	0.040569	0.0820658	
-0.0309613	0.238962	0.571984	0.313067	0.122825	0.361848	0.0356409	0.141559	0.0880737	-0.00394537	-0.0123388	0.547131	-0.0581735	0.0680927	0.115948	-0.0543544	0.0754392	0.0297582	-0.0655209	0.0956508	0.0143864	0.204239	-0.0636889	-0.0117425	0.165372	-0.035384	0.0306917	0	
-0.0322306	0.24654	0.415493	0.313067	0.0893837	0.35288	0.0270965	0.182752	0.103388	-0.00394537	-0.0109133	0.584247	-0.0582379	0.0680927	0.0943984	-0.0506102	0.0754392	0.0273703	-0.0614505	0.0799044	0.0143864	0.204239	-0.0688381	-0.0117425	0.128141	-0.051777	
-0.0322306	0.256082	0.629558	0.345295	0.123913	0.397232	0.0348997	0.182752	0.152886	-0.00394537	0.00442671	0.486717	-0.0598379	0.0680927	0.0943984	-0.0443337	0.0754392	0.0333103	-0.0424733	0.0799044	0.00658322	0.235104	-0.0672792	-0.00700673	0.112585	0.0501791	-0.0273286	-0.0445933	
-0.0220633	0.256082	0.340408	0.345295	0.0992211	0.36346	0.0348997	0.182752	0.151615	-0.00394537	0.00442671	0.486717	-0.0543042	0.0680927	0.0943984	-0.0491217	0.0798156	0.0419541	0.0122933	0.0886453	0.00658322	0.233713	-0.0556524	-0.00700673	0.219528	
-0.0251469	0.258135	0.275653	0.349174	0.114086	0.346824	0.0365357	0.201047	0.161865	-0.00394537	0.00168948	0.486717	-0.0509534	0.0719373	0.0943984	-0.0554696	0.0905573	0.0419541	-0.039413	0.0886453	0.00270415	0.207987	-0.0621622	-0.00700673	0.097914	
0.020212	0.258135	0.32481	0.310404	0.128087	0.392674	0.0365357	0.200275	0.0603443	-0.00394537	0.00217449	0.498515	-0.0460435	0.0719373	0.08989	-0.0518119	0.089289	0.028293	-0.039413	0.0754398	0.00664952	0.296375	-0.0621622	-0.00316219	0.117815	-0.110942	-0.0178359	
0.0372286	0.265131	0.397481	0.311181	0.135734	0.376677	0.0373125	0.200275	0.161114	-0.00394537	0.0186606	0.411487	-0.0532317	0.0832673	0.0712607	-0.0518119	0.089289	0.0428429	-0.0369085	0.0592889	0.00587278	0.21106	-0.0621622	-0.00316219	0.117815	
0.0136266	0.265131	0.529373	0.289878	0.118688	0.353644	0.0377818	0.228982	0.14441	-0.00394537	0.0128854	0.456533	-0.05546	0.0832673	0.0688355	-0.0518119	0.089289	0.0411292	-0.0369085	0.0592889	0.00587278	0.473942	-0.0631112	-0.0328173	0.0836871	-0.0185887	0.0380282	
0.0312192	0.265131	0.576003	0.260771	0.118688	0.353644	0.042327	0.197836	0.170189	-0.00182295	0.00594908	0.452727	-0.0449114	0.0804759	0.0821538	-0.0518119	0.089289	0.0411292	-0.0172294	0.055483	0.00168349	0.480878	-0.066172	-0.0104712	0.104699	-0.0366788	
0.0265313	0.265131	0.244086	0.242166	0.111232	0.353644	0.0181659	0.197836	0.163845	-0.000139462	0.00594908	0.306455	-0.0553611	0.0726596	0.0861358	-0.0526865	0.116394	0.0411292	-0.0689492	0.055483	0.00486218	0.548202	-0.066172	-0.0104712	0.109279	
0.0771363	0.243422	0.320147	0.231726	0.158439	0.431255	0.0194949	0.197836	0.163845	-0.000139462	0.00458615	0.391656	-0.0553611	0.0849294	0.0861358	-0.0526865	0.0625617	0.0531845	-0.0431392	0.0491525	0.00367269	0.411622	-0.0658824	-0.0412058	0.110508	-0.0296465	
0.178992	0.243422	0.191585	0.31349	0.143287	0.35762	0.0152718	0.164531	0.105048	-0.000139462	0.00458615	0.571514	-0.0553611	0.0831975	0.140973	-0.0522972	0.0587654	0.0531845	-0.0410577	0.0687093	0.00353323	0.580498	-0.0677396	-0.0240199	0.157699	
0.284655	0.27545	0.113115	0.311306	0.143287	0.30462	0.0130871	0.17919	0.0771744	-0.000139462	0.00511832	0.571514	-0.0494824	0.0831975	0.140973	0.0574917	0.0733453	-0.0302548	0.100309	0.00571784	-0.0514966	-0.0677396	-0.0240199	-0.0144609	0.108983	0.00496199	-0.024537	
0.360671	0.257036	0.300414	0.311306	0.143287	0.321334	0.0132124	0.195753	0.120648	-0.000139462	0.0282002	0.427314	0.0733453	0.103744	0.140973	0.0775655	0	-0.0535878	0.0639446	0.0058573	-0.0514966	-0.0585907	-0.0271142	
0.16903	0.259311	0.163736	0.323026	0.145562	0.349345	0.0382409	0.122549	0.0901615	0.00961253	0.0323634	0.364068	0.07562	-0.0585268	0.139797	0.0798403	0.0962664	-0.00734189	0.0564673	0.00271229	-0.0466052	-0.023914	
0.0886739	0.259311	0.368876	0.321816	0.158306	0.33779	0.0272357	0.0759742	0.145181	0.00961253	0.0323634	0.382902	0.07562	-0.0585268	0.136256	0.066277	0.0564673	0.086127	0.0309827	0.0123034	-0.0358514	0	-0.023914	0.0102689	
0.0886739	0.25045	0.368004	0.262189	0.158306	0.33779	0.0233305	0.075068	0.0991021	0.00961253	0.048373	0.382902	0.0932338	-0.0715498	0.164463	0.085325	0.0697355	0.086127	-0.00886982	0.0120341	-0.0358514	0.0937113	-0.023914	0.023396	0	0.119304	
0.156402	0.25045	0.32938	0.262189	0.156659	0.363792	0.0211096	0.186712	0.149562	0.0135729	0.0688381	0.378941	0.0932338	-0.0599503	0.164463	0.0879675	0.0727831	0.093542	-0.0147768	0.0120341	-0.0358514	-0.0181091	
0.0848978	0.259323	0.524926	0.285329	0.156659	0.406844	0.0223366	0.104201	0.129562	0.0135729	0.0294311	0.378941	0.0858665	-0.0599503	0.164463	0.103868	0.0727831	0.0831828	-0.0309687	0.0120341	-0.0418734	0.0499374	-0.0181091	0	
0.0664274	0.259323	0.58485	0.259956	0.151619	0.406844	0.0240921	0.139182	0.0668597	0.0135729	0.0294311	0.378941	0.0858665	-0.0688837	0.157863	0.100941	0.0720487	0.0939122	-0.0322619	0.0120341	-0.0418734	-0.0213018	
0.0263553	0.227994	0.700704	0.264185	0.151619	0.406844	0.0283206	0.0690272	0.0899258	0.00760583	0.0192493	0.308396	0.0858665	-0.069213	0.159816	0.100941	0.0577037	0.0813922	0.0117857	0.000199725	-0.0418734	0.0330131	-0.00229207	
0.00864465	0.227994	0.371733	0.209573	0.0927716	0.406844	0.0246659	0.117257	0.0620575	0.00911102	0.0261065	0.306891	0.0858665	-0.0618323	0.159816	0.0789722	0.0561986	0.0706162	0.0508947	0.00780555	-0.0418734	0.0146775	0.316002	
0.00763744	0.240227	0.168883	0.237588	0.0927716	0.432305	0.0194468	0.140978	0.12538	0.00911102	0.0261065	0.306891	0.0858665	-0.0618323	0.159816	0.0789722	0.0561986	0.0706162	0.0527231	0.00780555	-0.0473328	-0.0294721	0.0146775	0	
-0.0285086	0.221363	0.0992601	0.162782	0.130981	0.432305	0.0194468	0.141173	0.0536027	0.00911102	0.0261065	0.231658	0.0858665	-0.0618323	0.159816	0.0789722	0.0813281	0.101356	0.0277155	0.00780555	-0.0381615	0.03362	0.0190074	0.0169397	0	
-0.00390243	0.221363	0.0314181	0.229936	0.125828	0.562999	0.0389021	0.130241	0.066229	0.00911102	0.0627359	0.268763	0.0858665	-0.0550006	0.159816	0.175831	0.0813281	0.0461317	0.0449764	0.00974665	-0.0516611	0.0641154	0.03362	-0.220546	
-0.0288579	0.271102	0.0436739	0.237231	0.122763	0.517765	0.0470539	0.132595	0.0509407	0.00614656	0.0384872	0.268763	0.0858665	-0.0550006	0.159816	0.175831	0.0588338	0.0732729	-0.00705803	0.00296446	-0.0302517	0	0.03362	
0.00345332	0.213991	0.0839266	0.211458	0.0918125	0.575166	0.0409478	0.0945169	0.0985079	0.00911102	0.035746	0.268763	0.0858665	-0.0550006	0.152571	0.175831	0.081992	0.0732729	-0.0264132	0.00296446	0	0.0535753	-0.0383968	
-0.0172053	0.213991	0.119866	0.300089	0.0918125	0.564687	0.0405477	0.0987863	0.127375	0.00911102	0.0826257	0.270337	0.0890619	-0.0550006	0.152571	0.173085	0.081992	0.0818953	-0.0572488	0.00336458	-0.036177	-0.00319548	0.0255955	
0.0807475	0.220599	0.173314	0.256362	0.135521	0.565537	0.040632	0.145754	0.159168	0.00996107	0.0720931	0.306372	0.089912	-0.0511923	0.165799	0.173935	0.081992	0.0739568	-0.00914338	-0.00583079	-0.0378335	0.0556065	
0.0685316	0.220599	0.216389	0.291175	0.136411	0.532929	0.0415143	0.115931	0.159168	0.00671308	0.0720931	0.291065	0.0832673	-0.0511923	0.165467	0.173935	0.0866378	0.057515	-0.00914338	0.00324799	-0.0385889	0.0505487	0.0445736	
0.057331	0.226888	0.101555	0.427217	0.136411	0.558037	0.0296221	0.0929687	0.0772571	0.00996107	0.0960826	0.388392	0.0753581	-0.0511923	0.165467	0.176313	0.0866378	0.0656808	-0.0268119	-0.00671308	-0.0328024	0.0992761	
0.00373181	0.226888	0.204996	0.296979	0.137777	0.446572	0.0348483	0.126404	0.12801	0.00996107	0.0960826	0.388392	0.0673158	-0.0511923	0.165467	0.172807	0.0937722	0.0669574	-0.0460754	-0.00671308	-0.0388271	
-0.00378258	0.226888	0.202545	0.295276	0.142373	0.446572	0.0302232	0.129119	0.0781429	0.0116854	0.0960826	0.345812	0.109791	-0.0539212	0.14668	0.172807	0.106094	0.0467722	-0.0663384	-0.00673484	-0.0391498	
0.0389956	0.226888	0.139301	0.250339	0.0971418	0.446572	0.030777	0.130223	0.0489634	0.0116854	0.0960826	0.54602	0.109791	-0.0517879	0.12388	0.172807	0.0992421	0.0362069	-0.0283218	-0.00728863	-0.0371575	0	
0.00435382	0.226888	0.218416	0.180842	0.0990273	0.409618	0.0390363	0.137099	0.164875	0.00480875	0.0867635	0.533142	0.109791	-0.0515222	0.140158	0.172807	0.104703	0.0726085	-0.0466115	0.0043968	-0.0401988	0	
0.0254832	0.226888	0.554212	0.24745	0.10789	0.390278	0.0308442	0.224575	0.127436	0.00480875	0.0832274	0.537821	0.109909	-0.0501954	0.11157	0.109882	0.0780253	0.107291	-0.0664859	0.0043968	-0.0401988	0.0188659	0.104084	
0.0254832	0.226888	0.486371	0.328002	0.10789	0.390278	0.0272408	0.172851	0.226564	0.000411947	0.0590275	0.537821	0.109909	-0.0501954	0.0864754	0.109882	0.0924164	0.107291	-0.0739152	0.0043968	-0.0392808	0.181161	0	-0.00288702	
0.0106527	0.226888	0.486371	0.282367	0.10789	0.390278	0.0272408	0.206653	0.0710694	0.000411947	0.0494337	0.517992	0.109909	-0.0489377	0.0622528	0.0799974	0.0924164	0.107291	-0.0515371	0.0043968	-0.0348252	0.186034	
-0.0107736	0.226888	0.177137	0.303077	0.120044	0.390278	0.0303176	0.175656	0.152093	0.00348881	0.0494337	0.480023	0.109909	-0.0444099	0.0579133	0.0982584	0.0931678	0.0815553	-0.0425953	0.00131994	-0.0348252	0.285242	
-0.0477547	0.226888	0.164716	0.313277	0.110051	0.404318	0.0318606	0.175656	0.102667	0.00480875	0.0428513	0.514702	0.109909	-0.0448761	0.0828363	0.0982584	0.106279	0.0626132	-0.0474613	-0.000223002	-0.0348252	0.278138	
-0.052265	0.226888	0.141081	0.338465	0.110051	0.39459	0.032823	0.187915	0.129236	0.0015201	0.0584994	0.590874	0.119473	-0.0431379	0.0868836	0.0846755	0.109791	0.0674636	-0.0500299	-0.000223002	-0.0348252	0.180272	0	
-0.0318406	0.227149	0.175739	0.315165	0.17765	0.350539	0.032823	0.24543	0.129497	0.0015201	0.0587605	0.590874	0.112542	-0.0425772	0.0712361	0.0849366	0.125854	0.0676245	-0.0497688	3.81271e-05	-0.0372149	0.195316	
-0.0152224	0.227149	0.136845	0.404796	0.17765	0.350539	0.0419864	0.170697	0.0662952	0.0015201	0.0587605	0.590874	0.112542	-0.0468816	0.080615	0.109687	0.125854	0.0898161	-0.0476444	3.81271e-05	-0.0372149	0.257149	0.0162548	
-0.0618636	0.227149	0.124871	0.345724	0.17765	0.321749	0.0390947	0.238726	0.0463493	-0.00372053	0.0587605	0.596115	0.112542	-0.0383781	0.080615	0.132629	0.0975621	0.0514077	-0.00243233	3.81271e-05	-0.0372149	0.257149	
-0.0494794	0.212342	0.0597662	0.345724	0.174242	0.331012	0.0390947	0.238726	0.1026	-0.00372053	0.047429	0.596115	0.112542	-0.0542309	0.080615	0.132629	0.0973831	0.0785988	-0.0201016	3.81271e-05	-0.0372149	0.137063	-0.0267998	
-0.0172474	0.228536	0.136282	0.27329	0.147348	0.380352	0.0368038	0.238726	0.0555244	-0.00372053	0.0434323	0.600151	0.112542	-0.0542309	0.080615	0.109746	0.0973831	0.101194	0.0027311	3.81271e-05	-0.0372149	0.144724	-0.0157375	
-0.042645	0.227667	0.102371	0.27329	0.126355	0.379483	0.0368038	0.210083	0.0546552	-0.00372053	0.0389384	0.600151	0.102791	-0.0574357	0.105865	0.10827	0.0973831	0.0798241	-0.022963	-0.000831058	-0.052084	0.299266	0	
-0.070946	0.199425	0.0972128	0.257924	0.0910643	0.346647	0.0364637	0.219671	0.130141	-0.00455159	0.0389384	0.596577	0.098536	-0.0574357	0.0787914	0.132589	0.0985217	0.0950319	-0.0356974	0.00406054	-0.045668	0.316169	
-0.0705424	0.236178	-0.00371541	0.257924	0.0972593	0.44716	0.0364637	0.22126	0.0300814	-0.00455159	0.0452923	0.594622	0.107652	-0.0563465	0.0787914	0.125249	0.0985217	0.095121	-0.0490591	-0.000491044	-0.0465466	0.195383	
-0.051188	0.223331	0.0619184	0.296882	0.133146	0.447577	0.0364637	0.194336	0.133148	-0.000795627	0.0728457	0.598329	0.108069	-0.0559299	0.079208	0.125666	0.0951823	0.0917816	0.0140813	-7.44654e-05	-0.0461301	0.191193	0	
-0.0470721	0.230105	0.0292849	0.338148	0.133146	0.362714	0.0364637	0.222562	0.0857913	0.00649853	0.0616466	0.61351	0.108069	-0.0501771	0.0783711	0.126718	0.0878882	0.106005	-0.0343311	-0.006573	-0.0403347	0.191233	-0.0266653	0.251424	0	
-0.0524891	0.20833	0.0711944	0.320731	0.143598	0.457154	0.0316449	0.295136	0.109753	0.00649853	0.0616466	0.61351	0.101753	-0.0501771	0.0783711	0.126718	0.0726089	0.106005	-0.0343311	-0.006573	-0.0440951	-0.0443107	0	0.145158	-0.125576	0	
-0.0637174	0.204399	0.0121581	0.317866	0.145271	0.458827	0.0495124	0.292134	0.1097	0.00659881	0.0633199	0.531636	0.103426	-0.0485038	0.0890801	0.139005	0.0741819	0.104062	-0.0518676	-0.00499997	-0.0424218	-0.0295808	0.210717	
-0.044424	0.211596	0.00748663	0.265456	0.117378	0.458827	0.0495124	0.296313	0.0104096	0.00241978	0.0496905	0.49728	0.117861	-0.0485038	0.13958	0.139005	0.0783609	0.115533	-0.05511	0.00159884	-0.0400318	0.201329	0.0236585	
-0.0159497	0.211596	0.0516485	0.222042	0.120986	0.422234	0.0495124	0.351705	0.075419	0.00241978	0.0496905	0.45326	0.117861	-0.0460742	0.116723	0.139005	0.0874785	0.115533	-0.0281761	0.00159884	-0.0404621	0.198224	0.0228502	
-0.0306128	0.211596	0.0717052	0.248917	0.0904945	0.385212	0.0497703	0.350318	0.125125	0.00241978	0.0740513	0.45326	0.0979135	-0.0523414	0.112824	0.160924	0.0874785	0.125375	-0.0461501	-0.00337405	-0.0404621	0.198224	0.091594	
-0.0316954	0.212588	0.0318193	0.339609	0.0904945	0.421802	0.0499225	0.313664	0.139111	0.00241978	0.0525374	0.445128	0.0667105	-0.0451629	0.104014	0.222452	0.0874785	0.141372	-0.0546822	-0.00960777	-0.0542134	0.22521	0.091594	
-0.00695625	0.212588	0.0573013	0.225115	0.0904945	0.421802	0.048324	0.30241	0.0198798	0.00241978	0.0525374	0.606921	0.0761763	-0.0462897	0.0650519	0.247695	0.0874785	0.163767	-0.0202021	-0.00558947	-0.0423012	0.224751	0.108046	0.0272879	
-0.0171873	0.240089	0.0141792	0.230499	0.0806963	0.421802	0.0484819	0.268792	0.0224074	0.00241978	0.0384103	0.402253	0.0761763	-0.0462897	0.0650519	0.156044	0.109097	0.20709	-0.0142678	-0.00558947	-0.0342263	0.196718	0.108046	0.11966	
-0.0356544	0.240089	0.109858	0.235865	0.124298	0.388614	0.0484819	0.259791	0.00656281	-0.00484796	0.0662612	0.40952	0.0761763	-0.0462897	0.0650519	0.163101	0.104245	0.191371	-0.0254302	-0.00558947	-0.0363017	0.259713	0.108046	0.215662	-0.0412354	
-0.0222493	0.256738	0.145528	0.150163	0.0954212	0.393218	0.0451989	0.220951	0.0219503	-0.000244049	0.0622556	0.40952	0.0807802	-0.0330309	0.0767435	0.15924	0.108632	0.235132	0.0560996	-0.000985556	-0.0316978	0.207229	0.126096	0.138594	0	
-0.0416054	0.273967	0.133977	0.279832	0.132584	0.388065	0.0451989	0.200779	0.00219579	-0.000244049	0.0497693	0.450975	0.0808328	-0.0330309	0.0767435	0.195123	0.109902	0.225878	0.0463394	-0.000741507	-0.0316978	0.329812	0.124821	0.287064	-0.00515246	
-0.0369703	0.240952	0.0444392	0.245446	0.132584	0.385434	0.0363795	0.261294	0.0299197	-0.000244049	0.0647144	0.50725	0.0849076	-0.0326405	0.0631362	0.195123	0.109902	0.21016	-0.0291114	-0.000741507	-0.0316978	0.329421	0.123016	0.294776	0.117444	
0.0170306	0.240041	0.0643084	0.250821	0.132534	0.384524	0.0417541	0.261294	0.0147794	-0.00115444	0.0550383	0.461191	0.0856716	-0.0393046	0.0622258	0.171897	0.109902	0.21016	0.002208	-0.00611611	-0.0326082	0.364661	0.120136	0.262944	0.0147794	0	
0.0295365	0.240041	0.143743	0.24307	0.134416	0.437087	0.0340035	0.256184	0.0193709	0.00395619	0.0520409	0.35371	0.0856716	-0.0316118	0.0488122	0.161047	0.104791	0.205049	-0.00581724	-0.00347614	-0.0326082	0.326107	0.164763	0.339025	0.0140013	
0.0452025	0.240041	0.146524	0.24307	0.134416	0.437087	0.0340035	0.251597	0.0107854	-0.00431966	0.0708232	0.428672	0.0707038	-0.0418673	0.0435853	0.161047	0.107634	0.213325	0.0419936	0.000480051	-0.0408196	0.281847	0.161415	0.308308	-0.0527009	
-0.0129308	0.240041	0.173563	0.24307	0.134416	0.456462	0.0340035	0.290366	0.0107854	-0.00431966	0.0762098	0.528884	0.0707038	-0.0366186	0.0644435	0.161047	0.109528	0.23057	-0.0209003	0.00479971	-0.0461818	0.271983	0.220642	0.198451	
-0.0508825	0.240041	0.156535	0.256509	0.0862169	0.456462	0.0527781	0.289905	0.00308112	-0.00385805	0.0594034	0.623462	0.0707038	-0.0413671	0.0644435	0.165806	0.109066	0.230108	-0.0449254	0.000480051	-0.0300462	0.259932	0.220642	0.21926	
-0.0326147	0.240041	0.00797077	0.221564	0.154768	0.53893	0.0527781	0.289905	-0.003806	-0.00385805	0.058576	0.521187	0.0707038	-0.0413671	0.0717796	0.17765	0.108877	0.21813	-0.0330801	0.0043381	-0.0543867	0.259932	0.220642	0.230472	
-0.0589422	0.240041	0.0326291	0.178854	0.102111	0.410791	0.0510707	0.353605	-0.003806	-0.00105602	0.058576	0.518385	0.0647996	-0.0413671	0.0470089	0.17765	0.129531	0.212336	-0.0471524	0.00324344	-0.0543867	0.265931	0.220642	0.230472	-0.00218742	
-0.0189656	0.238572	0.0452365	0.294494	0.0966217	0.49602	0.0514544	0.351031	-0.0049424	0.000381816	0.0509089	0.481305	0.0893384	-0.0462214	0.0458725	0.176514	0.157929	0.209762	0.0288617	0.000285484	-0.046581	0.149381	0.251986	0.236829	
0.0245703	0.238572	0.182508	0.176892	0.100571	0.49602	0.0514544	0.318802	-0.0049424	0.000381816	0.0572762	0.564086	0.0893384	-0.0432637	0.0642456	0.199659	0.130673	0.209762	-0.0143228	0.000285484	-0.046581	0.218699	0.251986	0.216533	
0.0414813	0.238572	0.122732	0.170501	0.092498	0.49602	0.0403651	0.314442	0.00549978	0.000381816	0.0572762	0.574162	0.0871738	-0.0477006	0.0551431	0.159647	0.146348	0.209762	-0.0061525	0.000285484	-0.0361655	0.175435	0.251986	0.237576	-0.0355585	0	
-0.0154832	0.263366	0.0817749	0.202562	0.121014	0.500702	0.0428495	0.276092	0.00549978	0.000381816	0.0572762	0.574162	0.0871738	-0.0393029	0.0551431	0.159647	0.146348	0.232324	0.0305103	0.00267258	-0.0361655	0.264864	0.223818	0.181788	0	
-0.0398639	0.273361	0.116284	0.142597	0.114094	0.332926	0.0415312	0.274603	0.00438941	0.00187031	0.0380354	0.498438	0.0871738	-0.0416964	0.0551431	0.150772	0.132713	0.230835	0.0471391	0.00118408	-0.0463935	0.250431	0.223818	0.246358	
-0.0204766	0.282065	0.0494841	0.18084	0.137548	0.353235	0.0420836	0.274603	0.00524497	0.00187031	0.0380152	0.546691	0.0978583	-0.0416964	0.0350839	0.150772	0.129303	0.183108	0.039603	0.0030544	-0.036489	0.206328	0.223818	0.252656	-0.030015	
-0.028435	0.282065	-0.0130249	0.167871	0.122564	0.353235	0.0354552	0.222752	0.00524497	0.00951584	0.0310593	0.446813	0.0978583	-0.0418079	0.0675886	0.150772	0.115667	0.156529	-0.0216638	0.0030544	-0.0357459	0.206439	0.193002	0.252656	0.0144744	-0.0102382	-0.00456087	0	0	
-0.0244921	0.282065	0.064236	0.231715	0.123436	0.36581	0.0453805	0.222752	0.00282536	0.00951584	0.0310593	0.446813	0.0911494	-0.0438498	0.0547387	0.151465	0.0923078	0.125723	-0.0530929	0.0030544	-0.0342253	0.159981	0.231421	0.20202	0.00445087	-0.0326773	
-0.0525948	0.282065	0.13156	0.174491	0.131896	0.435032	0.0374477	0.222752	-0.00649366	0.00951584	0.0310593	0.332528	0.0917012	-0.0438498	0.0660755	0.178196	0.0923078	0.125723	-0.065568	0.0030544	-0.0342253	0.159981	0.217045	0.182739	0	0	
-0.0430165	0.297587	0.223219	0.174491	0.15589	0.354255	0.0374477	0.223327	-0.00649366	0.00894067	0.0310593	0.326964	0.103484	-0.0438498	0.123462	0.15223	0.0546049	0.124195	-0.0814011	0.0030544	-0.0342253	0.159981	0.217045	0.180516	0.0250201	0.00385092	
-0.0131704	0.297587	0.500035	0.150344	0.162978	0.354255	0.0352256	0.216887	-0.00649366	0.00894067	0.0385996	0.267037	0.101741	-0.0429958	0.123462	0.160652	0.0689119	0.130305	-0.0468342	0.00653828	-0.0373845	0.213259	0.217045	0.147596	0	0.036012	0.0248336	
-0.0225734	0.253223	0.195424	0.151276	0.166933	0.354255	0.0367422	0.216145	0.00159969	0.00940746	0.0424202	0.26657	0.101741	-0.0429958	0.134597	0.196977	0.0893763	0.13892	-0.036707	0.00653828	-0.0364469	0.175798	0.207521	0.147596	0.112373	
-0.0259457	0.253223	0.136617	0.150221	0.166933	0.376377	0.0367422	0.216145	0.00159969	0.00940746	0.0554687	0.305466	0.101741	-0.0434204	0.12323	0.196977	0.0893763	0.132602	-0.0522361	0.00653828	-0.0380088	0.256195	0.180805	0.214696	-0.0372743	
-0.0584497	0.275171	0.0339001	0.203022	0.166933	0.317493	0.0501235	0.216145	0.0126174	0.00940746	0.0554687	0.276695	0.101741	-0.042874	0.12323	0.17819	0.0893763	0.13656	-0.0429399	-0.00678835	-0.0441304	0.276406	0.14852	0.162152	0.0274922	
-0.0327446	0.275171	0.0431722	0.202008	0.113052	0.429104	0.0491092	0.18455	0.0126174	0.00940746	0.0821851	0.301205	0.101249	-0.032103	0.136402	0.17819	0.0893763	0.13656	-0.0253826	-0.00577399	-0.0350914	0.262555	0.151105	0.236756	0.058237	0	
-0.047234	0.276797	0.013971	0.303204	0.143835	0.410859	0.0491092	0.120092	0.0142427	0.0110327	0.0443822	0.254919	0.102874	-0.0304777	0.140364	0.190487	0.0893763	0.157608	-0.00445214	-0.0041487	-0.0406079	0.275466	0.185022	0.212766	0.122879	
-0.0447086	0.276166	-0.0164714	0.311986	0.153241	0.314989	0.0491092	0.157929	-0.00023969	0.0111609	0.0557147	0.201757	0.0940837	-0.0330605	0.140492	0.190615	0.0921363	0.185277	-0.0351828	-0.0151814	-0.0482596	0.246835	0.185151	0.131081	-0.017839	
-0.0329713	0.276166	0.0413028	0.357686	0.172489	0.408798	0.054922	0.169726	0.0181881	0.0111609	0.0557147	0.358685	0.0940837	-0.0330605	0.140492	0.190615	0.0921363	0.185277	-0.00554197	-0.00402056	-0.0498466	0.280229	0.185151	0.209434	0	
-0.037399	0.262107	0.0680045	0.290899	0.172489	0.408798	0.0526084	0.197358	0.0181881	0.0111609	0.0354335	0.334266	0.0940837	-0.0330605	0.140492	0.147796	0.0914201	0.185277	-0.0410473	-0.00170691	-0.0437956	0.249957	0.185151	0.209434	-0.0279784	
-0.0452638	0.335489	0.0680045	0.303116	0.174621	0.408798	0.0354572	0.188481	0.0181881	0.00944773	0.0462321	0.335979	0.0940837	-0.0330605	0.140492	0.19916	0.0931333	0.226512	-0.0616047	-0.00357593	-0.0403277	0.225321	0.168128	0.168004	0.0762914	-0.0089207	
-0.0379101	0.335489	0.26462	0.303116	0.150448	0.409086	0.0354572	0.278803	0.0181881	0.00944773	0.0233747	0.317093	0.0940837	-0.0330605	0.140492	0.19916	0.0931333	0.184447	-0.0459293	-0.00357593	-0.0303353	0.225321	0.173381	0.194553	
-0.0159808	0.321285	0.237321	0.265463	0.139333	0.409086	0.0548469	0.204604	0.0181881	0.00944773	0.0330803	0.317093	0.0940837	-0.0330605	0.145296	0.19916	0.107013	0.177135	-0.0188509	-0.00559963	-0.0495876	0.231298	0.118126	0.210745	
-0.0423675	0.297001	0.103086	0.267539	0.142435	0.409086	0.0548469	0.20726	0.0171531	0.00944773	0.0346771	0.20389	0.0887711	-0.032621	0.144144	0.286765	0.0680772	0.177135	-0.00483316	-0.00559963	-0.0382778	0.156888	0.11992	0.234071	0	
-0.0629846	0.242255	0.103086	0.216939	0.142435	0.427705	0.0504739	0.190911	0.0171531	0.00944773	0.051659	0.189691	0.0887711	-0.0405656	0.146079	0.286765	0.094427	0.164442	-0.0143786	-0.00701479	-0.0284608	0.155017	0.147596	0.234071	
-0.0545656	0.244065	0.160557	0.222807	0.153637	0.358863	0.0402449	0.195454	0.0189633	0.011258	0.0534692	0.154797	0.0905813	-0.0387554	0.148202	0.288576	0.094427	0.137591	0.00960904	-0.00520456	-0.0408659	0.155017	0.165309	0.249179	0.0241487	
-0.0218918	0.244065	0.160557	0.215693	0.136291	0.376847	0.0661598	0.197047	0.0192501	0.011258	0.0534692	0.248455	0.0998196	-0.0387554	0.148202	0.207443	0.0994277	0.147917	0.0121877	-0.00723329	-0.0347476	0.155017	0.211536	0.184982	
-0.0422673	0.230185	0.170783	0.210277	0.112228	0.392545	0.0467286	0.217214	0.0183009	0.011398	0.0510179	0.187706	0.0904035	-0.0387554	0.129801	0.224434	0.113432	0.147777	0.0245011	-0.00723329	-0.0277331	0.18529	0.260448	0.238773	
-0.0333875	0.218864	0.248886	0.157267	0.11056	0.379825	0.0438875	0.217214	0.00875977	0.00972989	0.0493497	0.162182	0.1015	-0.0464535	0.154579	0.221149	0.113432	0.153199	0.022833	-0.0157902	-0.0274379	0.214441	0.191756	0.285262	-0.182015	0.0538854	
-0.0350653	0.20213	0.141817	0.127941	0.11056	0.415441	0.0438875	0.176598	0.00875977	0.0100708	0.0493497	0.1434	0.111138	-0.0464535	0.154579	0.193189	0.0846459	0.129273	-0.00651135	-0.0161311	-0.0372149	0.274298	0.268338	0.306708	
-0.0383316	0.20213	0.0883885	0.199631	0.114437	0.391962	0.0438875	0.176598	0.00135765	0.0100708	0.0493497	0.151875	0.112324	-0.0464535	0.154579	0.224035	0.0846459	0.135269	-0.0146823	-0.00606029	-0.0343234	0.274298	0.268338	0.258787	-0.00579503	-0.0238335	
-0.0120777	0.230262	0.0257918	0.206347	0.126515	0.389888	0.0437677	0.189892	0.00638525	0.0100708	0.0493497	0.126424	0.112324	-0.0464535	0.138156	0.206474	0.0846459	0.135269	-0.00315392	-0.00594049	-0.0343234	0.322749	0.291755	0.248443	
-0.054124	0.230262	0.2105	0.237779	0.126515	0.389888	0.0636742	0.194977	0.0197353	0.0100708	0.0273879	0.181652	0.112324	-0.0464535	0.160703	0.206781	0.0856441	0.0963464	-0.00748719	-0.0040625	-0.0405203	0.322749	0.291755	0.250422	0	0	
-0.0334037	0.214328	0.419424	0.201525	0.126515	0.389888	0.0636742	0.184508	0.0198662	0.0141333	0.0294	0.207999	0.112324	-0.046008	0.153751	0.199066	0.0965332	0.118486	-0.0453897	-0.0040625	-0.0405203	0.322303	0.318217	0.280978	0.0436907	
-0.024021	0.25752	0.456806	0.201525	0.106366	0.346734	0.0482018	0.176448	0.0188981	0.0141333	0.0294	0.189992	0.112324	-0.045352	0.14522	0.199066	0.132945	0.118486	-0.0373323	-0.0040625	-0.0405203	0.321647	0.27569	0.254181	0	
-0.0289935	0.25752	0.42837	0.319082	0.107538	0.346734	0.0543054	0.141546	0.0153246	0.0141333	0.0294	0.19259	0.112324	-0.045352	0.14522	0.172617	0.118222	0.118486	-0.026943	-0.0040625	-0.0340234	0.321647	0.27569	0.205197	-0.0100708	0	0.0412895	
-0.0515839	0.25752	0.405444	0.261172	0.107538	0.387842	0.0480564	0.148004	0.0256039	0.0141333	0.0360154	0.199624	0.112324	-0.0490218	0.14522	0.119436	0.118222	0.118486	-0.0456708	-0.0040625	-0.0366861	0.305237	0.27569	0.205197	0	0.0901527	
-0.0515839	0.234928	0.355768	0.258058	0.107538	0.387842	0.0480564	0.198278	0.0215113	0.0141333	0.0360154	0.199624	0.112324	-0.0490218	0.151978	0.105594	0.113609	0.0742175	-0.0533851	-0.0040625	-0.0366861	0.27569	0.227477	0.015324	
-0.0485756	0.262841	0.328604	0.258058	0.122538	0.430882	0.0480564	0.123013	0.0194807	0.0141333	0.0215786	0.223168	0.112324	-0.0490218	0.151978	0.0996576	0.113609	0.0742175	-0.0333815	-0.0040625	-0.0366861	0.242769	0.28542	
-0.0104001	0.262841	0.323753	0.212581	0.138834	0.374307	0.0469832	0.121702	0.0194807	0.0128165	0.0400398	0.219165	0.112324	-0.0441706	0.151978	0.143655	0.120187	0.115755	-0.0465864	-0.00143436	-0.0366861	0.242769	0.28542	0.0653392	
-0.00826018	0.245984	0.354652	0.24215	0.129198	0.374307	0.0469832	0.131245	0.0194807	0.0158511	0.0400398	0.21613	0.112324	-0.0441706	0.145845	0.143655	0.11557	0.0725468	-0.0327002	-0.00143436	-0.035759	0.184928	0.175223	0	0.0356007	
-0.0428774	0.265029	0.293982	0.343729	0.142471	0.399672	0.0390174	0.123741	0.0194807	0.0158511	0.0337966	0.209223	0.0980327	-0.0441706	0.146353	0.124826	0.11557	0.0985812	-0.0349428	-0.00143436	-0.035759	0.166982	0.228351	0.0356007	-0.00198445	
-0.0556377	0.265316	0.28586	0.384418	0.113278	0.399959	0.0390174	0.127761	0.0197675	0.0158511	0.0292908	0.271735	0.104073	-0.0461624	0.14664	0.125112	0.11557	0.0986755	-0.0213995	-0.00114754	-0.0408503	0.182655	0.228638	0.0423171	
-0.0538621	0.267535	0.282276	0.394536	0.113278	0.472309	0.0390174	0.11546	0.0197675	0.0147036	0.0304284	0.209137	0.103743	-0.0425787	0.14664	0.112598	0.102089	0.12063	-0.052665	-0.00114754	-0.0402326	0.182577	0.228638	0.0375559	
-0.0541736	0.267535	0.269082	0.394937	0.113278	0.472309	0.0607507	0.11546	0.0197675	0.0147036	0.0325772	0.209137	0.103743	-0.0425787	0.14664	0.137887	0.105691	0.0656923	-0.0623269	-0.0162522	-0.0310058	0.133195	0.248702	0.0375559	
-0.0646978	0.267535	0.269082	0.363075	0.141075	0.385421	0.0607507	0.139181	-0.00118847	0.0147036	0.0165412	0.209137	0.101077	-0.0425787	0.14664	0.148102	0.0933951	0.0656923	-0.046141	-0.0162522	-0.0310058	0.25143	0.249662	0	
-0.0286584	0.267535	0.267598	0.363075	0.141075	0.390852	0.0390758	0.143319	-0.00633506	0.0144274	0.039345	0.227216	0.101077	-0.0410951	0.14664	0.128399	0.0936713	0.0843252	-0.0533069	-0.0159761	-0.0374282	0.238435	0.169718	
-0.0199356	0.202279	0.285926	0.413638	0.158013	0.353091	0.0390758	0.163853	-0.0106966	0.0144274	0.039345	0.227216	0.110438	-0.0410951	0.140331	0.128399	0.122871	0.0946164	-0.0101112	-0.0159761	-0.0374282	0.225881	0.160888	0.0788424	0	
-0.0263996	0.203525	0.256162	0.42926	0.126002	0.359197	0.0466181	0.0870566	-0.00380543	0.0156732	0.0405908	0.318241	0.111684	-0.0448688	0.137487	0.127391	0.122871	0.0925252	0.0174767	-0.00280578	-0.0439524	0.25819	0.135792	0	
-0.00165059	0.245578	0.245616	0.415727	0.128296	0.439687	0.0480488	0.0949397	-0.00380543	0.018479	0.0405908	0.281063	0.111684	-0.0425297	0.137487	0.127391	0.142653	0.0830794	-0.0155964	-0.00280578	-0.0378464	0.211183	0.135792	0.0638306	
-0.00237881	0.231989	0.286374	0.454813	0.177794	0.320811	0.0450095	0.154226	-0.00380543	0.0116878	0.0434144	0.349927	0.111684	-0.0425297	0.137487	0.0950961	0.137396	0.0479681	0.0403634	0.00398543	-0.0399881	0.117142	0.111115	
-0.0348742	0.219203	0.286374	0.375005	0.177794	0.335012	0.0450095	0.0960633	-0.00380543	0.0156732	0.0434144	0.35552	0.124415	-0.0425297	0.152767	0.108493	0.137396	0.0545086	-0.00676879	0.00398543	-0.0399881	0.130837	0.162309	0	
-0.0359206	0.204416	0.288916	0.451317	0.177794	0.385623	0.0450095	0.0960633	0.00291235	0.0156732	0.0434144	0.340645	0.119316	-0.0450713	0.139202	0.103271	0.137396	0.0379952	0.183998	-0.0116878	-0.0367031	0.166491	0.207172	0	-0.0672558	0	
-0.00479345	0.204416	0.257608	0.427186	0.173848	0.385623	0.0450095	0.132771	0.000740884	0.0116878	0.0522697	0.296152	0.119316	-0.0476164	0.139202	0.0682691	0.121425	0.0491724	0.0484865	0.00398543	-0.0365987	0.133502	0.17638	
-0.032848	0.218076	0.266975	0.39636	0.173848	0.323386	0.0393953	0.121579	0.00688423	0.0116878	0.0277358	0.408997	0.119316	-0.0408659	0.139202	0.0683079	0.121195	0.0635465	0.0184716	0.00398543	-0.0438265	0.134117	0.170956	-0.00789365	-0.00212359	
-0.032848	0.247235	0.273297	0.362931	0.196344	0.41568	0.0393953	0.124869	0.00688423	0.0123832	0.0484042	0.418635	0.135315	-0.0471886	0.139202	0.0832557	0.124716	0.077441	0.027178	0.00398543	-0.0353727	0.16459	0.19361	-0.03786	
-0.032848	0.247235	0.290768	0.394833	0.132459	0.41568	0.0393953	0.103291	0.0275932	0.0123832	0.0484042	0.418635	0.124442	-0.0465246	0.139202	0.0931232	0.124716	0.0737307	-0.0570499	0.00398543	-0.0471099	0.161881	0.25869	0	-0.000889509	-0.0225965	
-0.038203	0.184152	0.303742	0.346608	0.163221	0.41568	0.0330053	0.0995645	0.0275932	0.00975261	0.0484042	0.421265	0.124442	-0.0465246	0.139202	0.0931232	0.127347	0.0564241	0.0781678	0.00398543	-0.0471099	0.185515	0.237028	
-0.0230547	0.204564	0.310887	0.346608	0.188469	0.363766	0.0434904	0.0995645	0.00773615	0.00975261	0.0412613	0.421265	0.113097	-0.0536697	0.139202	0.0838083	0.127347	0.0424912	0.122407	0.00398543	-0.0411553	0.251893	0.237028	0.00382769	
-0.0377506	0.214962	0.308099	0.312467	0.188469	0.49692	0.0408504	0.118191	0.0104579	0.00975261	0.0206052	0.421906	0.113097	-0.0508818	0.158478	0.0838083	0.127347	0.0273009	0.0584172	0.00398543	-0.0401483	0.251893	0.202475	
-0.0299969	0.244858	0.287895	0.312467	0.174867	0.442901	0.0408504	0.108087	0.0117259	0.00975261	0.0203246	0.342484	0.113097	-0.0508818	0.158478	0.14565	0.124564	0.0141196	0.0201093	0.00398543	-0.0401483	0.241381	0.202475	
-0.0362293	0.244858	0.287895	0.312467	0.18234	0.410231	0.0411325	0.140414	0.00938221	0.00975261	0.0203246	0.342484	0.113097	-0.0508818	0.153442	0.103029	0.124564	0.0708563	-0.0386407	0.00398543	-0.0401483	0.20417	0.247701	0.0462729	0.00398543	
-0.0362293	0.244858	0.28307	0.311731	0.175587	0.410231	0.0411325	0.140414	-0.00302526	0.00975261	0.0219582	0.359874	0.113097	-0.0467767	0.137586	0.0989824	0.122765	0.0258802	-0.0433337	0.00398543	-0.0357992	0.20417	0.262031	
-0.0223201	0.244858	0.332209	0.318485	0.167435	0.46643	0.0478862	0.11103	-0.00302526	0.00975261	0.0219582	0.447999	0.113097	-0.0467767	0.137586	0.143713	0.144345	0.00460681	-0.0270287	-0.012521	-0.0404924	0.244536	0.234807	0	
