-0.0674052	0.04048	0.0257652	0.258885	0.238982	0.0287215	0.541841	0.19382	0.0764112	0	0	0	0	0	0	0	0	0	0	0	0	0	0	0	0	0	0	0	0	0	0	0	0	0	0	0	0	0	0	0	0	0	0	0	0	0	0	0	0	0	0	0	0	0	0	0	0	0	0	0	0	0	0	0	0	0	0	0	0	0	0	0	0	0	0	0	0	0	0	
-0.0712045	0.04048	0.0257652	0.220351	0.238982	0.0431599	0.54564	0.168291	0.020953	-0.0267663	-0.0159613	0	0	0.00379938	-0.0319441	0.00522425	-0.0800134	-0.0392096	-0.0172986	-0.0363886	0.1183	0.0234853	-0.0054957	0.0834881	0.0410609	-0.0154688	0	-0.052992	0	0.0529589	-0.0332029	0.017435	-0.0194786	0.239563	0	-0.0369146	0.0724311	0	0.0316521	0	0.0184884	0.0170699	0.0227728	
-0.0712045	0.0402679	0.0259772	0.204571	0.222	0.0431599	0.54564	0.170926	-0.0143895	0.0325579	0.0180074	0.0149754	0	0.0481985	-0.0233479	-0.0150411	0.0129727	0.281938	-0.0477061	0.017435	0.0696627	-0.0225652	0.000212062	0.00126269	0.116577	-0.0551096	0.0328494	0.0229849	
-0.0640113	0.038015	0.0246326	0.204571	0.229193	0.0503532	0.54564	0.12357	-0.0369672	0.0464544	0.0860422	-0.00138508	-0.0471971	0.19591	0.0759535	0.0544791	0.112217	0.0766719	0.0400426	-0.0357054	0.0460206	-0.0474778	0.0636474	-0.0241648	-0.0157625	-0.00832583	0.00845597	0.0304457	
-0.0640113	0.0307217	0.0240116	0.204571	0.229273	0.0503532	0.476162	0.54564	0.0464544	0.0461031	0.0337546	-0.00700704	-0.0228571	0.0329879	-0.0531716	0.380888	0.0159592	0.118872	0.0482729	0.0400426	-0.0563571	0.0407222	-0.0413117	0.0576729	-0.0140663	0.147657	
-0.0633909	0.0307217	0.0329879	0.174558	0.229894	0.0509157	0.0240116	-0.00471267	0.0560541	0.116827	0.0200892	-0.00762738	-0.0140663	0.115303	-0.0531716	0.27638	-0.01139	0.368316	0.0226418	0.0665022	-0.0775823	0.54564	-0.0341119	0.0286453	
-0.0598904	0.0168242	0.0329879	0.19078	0.240899	0.0544163	0.0241744	-0.0572923	0.0595546	0.124136	0.0599816	0.0140615	0.519798	0.13855	0.0330919	0	-0.0111279	-0.00856296	0.11832	0.181823	0.0464662	0.0700027	-0.118559	0.54564	-0.052101	
-0.056041	0.0168242	0.0700027	0.207298	0.0544163	0.0241744	-0.0555244	0.0345678	0.0141551	0.0495853	0.0548111	0.687995	0.09933	0.19078	-0.0450612	-0.00856296	0.0399538	0.0237639	-0.0111279	-0.10997	0.526604	0.247613	
-0.0642486	0.0155164	0.0700027	0.17065	0.0544163	0.0265515	-0.0568323	0.0521565	0.0357997	0.0481965	0.0251294	0.526888	0.09933	0.222233	0.247613	-0.0215263	-0.0196737	0.547901	-0.0999889	0.112026	0.0308964	-0.0111279	
-0.0642486	0.0285635	0.0544163	0.0252471	-0.0439291	0.0521565	0.0303103	0.0175104	0.178035	0.84758	0.09933	0.184867	0.234081	-0.0265168	0.0268945	0.547901	-0.0996151	-0.0124323	0.0700027	0	0.229615	0.0567347	
-0.0642486	0.0288363	0.337233	0.0354388	0.22076	0.0245584	0.0504645	0.0498098	0.00914264	0.547901	0.671419	0.223169	0.189205	0.192831	-0.0253325	-0.1125	0.0700027	-0.013121	0.0567347	
-0.0642486	0.0302544	0.530885	0.0431772	0.306251	-0.0948106	0.0245584	0.0589235	-0.000919347	0.0643567	0.0570663	0.0278256	0.52134	0.781429	0.223169	0.185737	0.161939	-0.0190325	-0.0556103	-0.013121	0.0700027	-0.0256586	0	
-0.0642486	0.0302544	0.377192	0.0431772	0.28893	-0.0757477	0.0245584	0.0119303	-0.013121	0.0844541	0.0524215	0.0668847	0.512514	1.40198	0.190983	0.158398	0.0950901	-0.0376372	0.0813427	
-0.0636978	0.0427048	0.245889	0.0621986	0.28893	-0.0708786	0.0245584	0.00570084	-0.013121	0.110012	0.0979047	0.0783507	0.511963	1.11863	0.175157	0.21365	0.0300359	-0.0415407	0.091408	-0.0308254	
-0.0636978	0.0505304	0.218029	0.0621986	0.28893	-0.0919708	0.0214138	0.00370311	-0.0162656	0.110012	0.139309	0.0783507	0.532895	1.20412	0.175157	0.203297	0.0546068	-0.0238354	0.091408	-0.0139069	0	
-0.0561727	0.0505304	0.342533	0.0621986	0.28893	-0.0935359	0.0214138	-0.00501859	-0.0162656	0.133686	0.139309	0.114598	0.52537	0.864713	0.179797	0.184392	0.0828824	-0.0238354	0.091408	0.0290192	0.137127	
-0.0653997	0.0505304	0.445032	0.0621986	0.291744	-0.110939	0.0214138	0.0492846	-0.0162656	0.133686	0.139309	0.101165	0.534597	0.650632	0.179797	0.187252	0.062807	-0.0238354	0.091408	0	0	
-0.0653997	0.0505304	0.966416	0.0699783	0.25075	-0.121808	0.0214138	0.0500472	-0.0162656	0.145367	0.129126	0.101165	0.520983	0.831997	0.179797	0.187252	0.115716	-0.0238354	0.091408	
-0.0653997	0.0505304	0.430218	0.0840832	0.19942	-0.111149	0.0214138	0.0133616	-0.0162656	0.131064	0.146278	0.0700132	0.526901	0.746663	0.12557	0.1761	0.233883	-0.0238354	0.10256	0	
-0.0630651	0.0505304	0.390673	0.055746	0.19942	-0.0875558	0.0214138	0.0233095	-0.0162656	0.010196	0.146278	0.101599	0.524567	1.34831	0.0405945	0.139251	0.254598	-0.0238354	0.115971	-0.00363093	
-0.0523546	0.0465637	0.523319	0.0527077	0.193217	-0.102108	0.0214138	-0.00171782	-0.0269761	0.0215204	0.146985	0.116763	0.503764	1.85399	0.0240843	0.139251	0.102447	-0.0494736	0.115302	0.00774817	
-0.0523546	0.0465637	0.611533	0.0625943	0.212888	-0.0805586	0.0214138	0.0322706	-0.0269761	0.0385764	0.111303	0.093158	0.503764	1.80645	0.0240843	0.0921914	0.117359	-0.0235037	0.115302	0.00774817	
-0.0570929	0.0425445	0.303847	0.0625943	0.208185	-0.0916538	0.0143496	0.0504132	-0.0269761	0.00628872	0.111303	0.093158	0.508503	1.80645	0.009235	0.0504169	0.157368	-0.0344684	0.115302	0.00774817	
-0.0598641	0.057691	0.668728	0.0613735	0.225791	-0.0916538	0.00579868	0.0204097	-0.0355271	0.0233404	0.0616189	0.093158	0.402143	1.7979	-0.00344325	0.225779	0.157368	-0.0344684	0.115302	0.00774817	0.0789678	
-0.0598641	0.057691	0.308458	0.0457547	0.178429	-0.090873	0.00579868	0.0127907	-0.0355271	0.0257511	0.0721149	0.116666	0.395062	1.26344	0.0582146	0.131136	0.0968073	-0.0344684	0.119931	0.00881431	
-0.0606175	0.057691	0.218451	0.0364987	0.222087	-0.0756994	0.00383982	0.0596213	-0.0347736	-0.0113384	0.0763802	0.106852	0.30651	0.743156	0.00676888	0.111965	0.176204	-0.0256842	0.119931	0.00806089	
-0.0602302	0.0635859	0.273773	0.0301201	0.222087	-0.0897695	-0.0056229	0.0174395	-0.0408352	0.00709456	0.0251035	0.106852	0.31432	0.409803	0.0198936	0.111965	0.186818	-0.022283	0.119931	0.00806089	0.0160345	
-0.0512513	0.0698692	0.152764	0.0208452	0.222087	-0.104345	-0.0056229	0.0362927	-0.0408352	0.00709456	0.0606204	0.0926272	0.371017	0.395343	0.0346048	0.0983999	0.217198	-0.0186575	0.119931	0.00806089	
-0.0509349	0.0771597	0.0846689	0.0208452	0.219929	-0.0802183	-0.0056229	0.0413391	-0.0386764	-0.0250464	0.0489233	0.111903	0.355984	0.31914	-0.002486	0.0841514	0.115469	-0.0220431	0.116829	0.00590208	0.00247179	
-0.0509349	0.0711948	0.0846689	0.0418991	0.216999	-0.0745232	-0.00632594	0.0233173	-0.0393794	0.0262338	0.0365003	0.0986426	0.365258	0.564623	0.0552744	0.240509	0.103615	-0.0234778	0.116829	0.00590208	0.0324853	
-0.0556128	0.0836972	0.0631352	0.0360346	0.222617	-0.106003	-0.0058853	0.0233173	-0.0393794	-0.00833098	0.0365003	0.0822544	0.413932	0.564623	0.0786578	0.245956	0.0953433	-0.00864829	0.116829	0.00590208	0.0292311	0.0509033	
-0.0599859	0.0787603	0.0883166	0.0417143	0.222617	-0.0864282	-0.00641091	0.0417748	-0.039905	0.0102443	0.0320859	0.0946027	0.418306	0.686764	0.0244132	0.168373	0.0953433	-0.0185473	0.124757	0.00590208	0.0301883	
-0.0606476	0.0850838	0.226354	0.0354329	0.257216	-0.100441	-0.00641091	0.049109	-0.0392433	0.0411661	0.0685309	0.143243	0.427914	0.462728	0.0231837	0.25419	0.0291417	-0.0301855	0.123802	0.00586004	0.024736	0.0922536	
-0.0480072	0.0850838	0.316296	0.046913	0.257216	-0.08014	-0.00641091	0.049109	-0.0392433	-0.00809316	0.0586096	0.143243	0.415273	0.40007	-0.00812814	0.253683	0.0452262	-0.0300825	0.124308	0.00586004	-0.00528099	
-0.0555336	0.0850838	0.388372	0.046913	0.257216	-0.0911773	-0.00641091	0.0246214	-0.0392433	0.0199026	0.0714603	0.0934159	0.4228	0.434442	0.0565552	0.100316	0.052702	-0.0457752	0.124308	0.00586004	0.0024435	0	
-0.0555336	0.0850838	0.125025	0.0348888	0.236738	-0.081049	-0.00641091	0.009618	-0.0392433	-0.00476991	0.0754428	0.113121	0.365441	1.10398	0.0565552	0.227336	0.0518801	-0.0457752	0.124308	0.00586004	0.0024435	0.0749302	0	0	0	
-0.059198	0.093744	0.0602338	0.0348888	0.234607	-0.0953711	-0.0150711	0.0447363	-0.045773	-0.00476991	0.0410822	0.0841095	0.366975	0.341122	0.0119049	0.133699	0.0244774	-0.0456039	0.124308	0.00372955	0.0024435	0.101381	0	
-0.0634392	0.0845949	0.0802386	0.0348888	0.234607	-0.0824821	-0.00718335	0.0566889	-0.0378852	-0.00792283	0.04897	0.118696	0.39642	0.550285	-4.99522e-05	0.306231	0.0386384	-0.0352848	0.129234	0.00372955	0.0341918	0.146499	0.0254711	
-0.064131	0.0866779	0.0473706	0.0257305	0.236001	-0.0888359	-0.00718335	0.0733552	-0.0392786	0.0214799	0.0456834	0.120089	0.400048	0.404556	-0.00871047	0.306231	0.0839819	-0.0352848	0.129234	0.0051229	0.00981304	0.174094	
-0.0647907	0.0889787	0.0312212	0.0257305	0.256973	-0.0694319	-0.00749836	0.0463742	-0.0392786	-0.00258162	0.0456834	0.106167	0.400708	0.301147	-0.0353407	0.301647	0.0839819	-0.0349698	0.133818	0.0051229	0.0460475	0.115283	0.0150276	
-0.0601427	0.084798	0.104897	0.0246687	0.242501	-0.0694319	-0.00749836	0.105421	-0.0439265	-0.0099357	0.0284481	0.127631	0.400708	0.323853	0.00408616	0.356135	0.0704571	-0.0106587	0.132757	0.0108327	0.00188046	0.124685	
-0.059436	0.0873712	0.174751	0.0246687	0.243208	-0.0804756	-0.00345797	0.202456	-0.0446332	-0.0129712	0.026214	0.127446	0.351649	0.542883	0.024172	0.330714	0.0814383	-0.00258221	0.132757	0.0115393	0.0268653	0.0999805	0.097812	
-0.0583635	0.0982473	0.217707	0.0246687	0.241436	-0.0639653	-0.00891398	0.0882493	-0.0511618	-0.000191442	0.0735263	0.131552	0.381885	0.386159	0.0747381	0.339646	0.14058	-0.00258221	0.123824	0.0126119	0.0430972	0.0785574	
-0.0583635	0.101146	0.00234193	0.0246687	0.203036	-0.0842246	-0.0120363	0.121351	-0.0511618	-0.0184615	0.081615	0.117942	0.367113	0.433299	0.0245685	0.339646	-0.00091195	0.00577736	0.123824	0.0126119	0.0462195	0.112515	-0.022611	-0.0213323	
-0.0542936	0.101146	0.227891	0.0421972	0.203036	-0.107266	-0.0120363	0.113433	-0.0511618	0.0158322	0.105833	0.119485	0.360936	0.193914	0.0483447	0.309496	0.00573018	0.0204897	0.123824	0.0126119	0.0114461	0.111784	
-0.0542936	0.101146	0.11378	0.0290882	0.163613	-0.112783	-0.0120363	0.140823	-0.0511618	0.0117222	0.105833	0.101025	0.377276	0.356351	0.0483447	0.309496	0.0672112	-0.0147308	0.123824	0.0126119	0.0161796	0.0760342	0	
-0.0457996	0.102485	0.287923	0.0235442	0.163613	-0.111624	-0.00900696	0.130183	-0.0481324	0.00859691	0.0859946	0.101025	0.372394	0.204135	0.0888901	0.238146	0.105842	-0.0147308	0.127618	0.0126119	0.0161796	0.123614	0.0266353	
-0.0412357	0.0918966	0.416258	0.0235442	0.148722	-0.106247	-0.00900696	0.110043	-0.0481324	-0.0289011	0.0859946	0.105605	0.359031	0.53723	0.034396	0.238146	0.0966842	-0.0364141	0.127618	0.0126119	0.0161378	0.139776	0.00850451	
-0.0462322	0.0890498	0.387971	0.025448	0.148722	-0.108486	-0.00900696	0.076645	-0.0481324	-0.00498117	0.0859946	0.105605	0.364028	0.408108	0.0620007	0.238146	0.0791631	-0.0390808	0.127618	0.0126119	0.0203476	-0.0182429	0	
-0.0462322	0.0841803	0.424866	0.0255499	0.173615	-0.116876	-0.0106289	0.0721985	-0.0497544	-0.00487923	0.160049	0.121022	0.364028	0.415895	0.0492627	0.176702	0.0512009	-0.0342151	0.127775	0.01251	0.0271298	
-0.0430916	0.086869	0.282057	0.0255499	0.162789	-0.105163	-0.0115039	0.0690831	-0.0506294	-0.0188965	0.159174	0.121022	0.360887	0.414272	0.0412864	0.183504	0.0281926	-0.0342151	0.120973	0.01251	0.0271298	0.0277713	0.112187	0	
-0.0450028	0.0761436	0.191297	0.0255499	0.162789	-0.10638	-0.0115039	-0.0229283	-0.0506294	-0.0188965	0.159174	0.121022	0.366502	0.700027	0.0819744	0.202136	0.00563756	-0.0342151	0.120973	0.01251	-0.00240082	0.0151887	0.0622426	0	
-0.041849	0.0761436	0.209195	0.0255499	0.179103	-0.104015	-0.0115039	0.0247783	-0.0506294	-0.0261228	0.177086	0.121022	0.406045	0.947457	0.0699379	0.190099	0.0589177	-0.0342151	0.133009	0.01251	0.0442548	0	
-0.041849	0.0757829	0.16075	0.0296213	0.191656	-0.104223	-0.0111432	0.0317903	-0.0502686	0.00538117	0.177447	0.121022	0.397923	1.30088	0.108731	0.156234	0.109431	-0.0701923	0.133009	0.01251	-0.00844321	-0.0105746	
-0.0414853	0.0688521	0.283267	0.0114065	0.206674	-0.0705497	-0.00934471	0.0489649	-0.0488339	-0.00171694	0.157012	0.143065	0.423089	1.5023	0.11121	0.200249	0.0877177	-0.0590393	0.133009	0.0128736	
-0.0427544	0.0626221	0.272079	0.00449438	0.188015	-0.0997919	-0.0106704	0.0486556	-0.0475648	-0.0201138	0.173063	0.155224	0.423089	1.46476	0.11121	0.0245276	0.0762046	-0.044768	0.133009	0.0116046	
-0.0385805	0.0613541	0.297736	0.0360657	0.192018	-0.0882959	-0.0106704	0.0579126	-0.0515679	-0.02878	0.19683	0.159228	0.407218	1.46749	0.11121	0.0804611	0.0756792	-0.0221528	0.133009	0.0156077	0.483835	
-0.0385805	0.066265	0.352964	0.0360657	0.17062	-0.0879939	-0.0114459	0.0606347	-0.0523435	0.00872199	0.196055	0.173337	0.388039	1.30744	0.178752	0.0855521	0.00793456	-0.0453156	0.127918	0.0156077	0.565098	
-0.0367357	0.0637281	0.247834	0.0360657	0.172465	-0.0926689	-0.0114459	0.033099	-0.0541882	0.0138084	0.219414	0.175182	0.373171	1.39173	0.159953	0.176394	0.0396729	-0.0337503	0.114353	0.0174525	0.00879433	
-0.0341994	0.0601033	0.101234	0.017726	0.172465	-0.0872293	-0.00782113	0.00741091	-0.0505634	0.00122976	0.223039	0.175182	0.396055	1.11359	0.166574	0.183015	0.0700881	-0.0350059	0.107732	0.0174525	
-0.0467084	0.0601033	0.0822559	0.0323816	0.161493	-0.0875045	-0.00754585	-0.0291092	-0.0505634	-0.00132542	0.219244	0.175182	0.378664	0.52557	0.138453	0.188457	0.016825	-0.0484878	0.10822	0.0174525	-0.0280665	
-0.0352891	0.0601033	0.0979966	0.0404564	0.18264	-0.0896248	-0.0121403	0.0117997	-0.0505634	0.0599163	0.219244	0.169849	0.387693	0.754622	0.109927	0.188457	0.0186117	-0.0365405	0.10822	0.0174525	0	0	
-0.0352891	0.0538217	0.155702	0.0305588	0.126915	-0.105707	-0.0057455	0.0590833	-0.0505634	0.0582466	0.219244	0.169849	0.387693	0.837018	0.109927	0.107047	-0.00332426	-0.0441028	0.10822	0.0174525	
-0.0352891	0.0538217	0.145597	0.0453666	0.175373	-0.106774	-0.0057455	0.062796	-0.0505634	0.0619593	0.223892	0.174302	0.436179	0.837018	0.120353	0.1299	0.0123907	-0.0520089	0.111932	0.0137397	0	
-0.0352891	0.0538217	0.226071	0.0718721	0.151155	-0.0881068	-0.0057455	-0.0315831	-0.0505634	0.0866724	0.242418	0.181627	0.436179	1.52037	0.106706	0.128446	0.124192	-0.0349649	0.116432	0.00924062	0.0278908	
-0.0352891	0.0538217	0.0655431	0.0717299	0.181816	-0.0780514	-0.00386799	-0.00260895	-0.0505634	0.0793847	0.274128	0.181627	0.436179	1.06002	0.0600884	0.173381	0.0524704	-0.0572364	0.121997	0.00938278	0	-0.0136528	
-0.0352891	0.0604104	0.0611529	0.0717299	0.20877	-0.0734393	-0.00386799	0.0161562	-0.0505634	0.0793847	0.276864	0.183606	0.433357	0.830106	0.0978572	0.184619	0.0809688	-0.0446384	0.121997	0.00938278	0	0	
-0.0417304	0.0740671	0.206019	0.0635232	0.207026	-0.0833828	0.00607555	0.0443286	-0.0505634	0.0804843	0.276864	0.182296	0.469649	1.23676	0.0467904	0.208746	0.0315131	-0.0674222	0.121997	0.00938278	
-0.0456146	0.0682486	0.137378	0.0389668	0.148738	-0.113017	0.0130167	0.0306467	-0.0447449	0.0696165	0.230501	0.178018	0.472419	0.70759	0.00450304	0.208746	0.0382029	-0.0763846	0.121997	0.00938278	
-0.042697	0.0637483	0.130329	0.021106	0.148738	-0.0902857	0.0130167	0.0233961	-0.0447449	0.0561388	0.229716	0.155468	0.469501	0.621064	0.0483923	0.264239	0.0467821	-0.0763846	0.129099	0.00938278	
-0.042697	0.0706102	0.191603	0.0427915	0.178495	-0.103179	0.0130167	0.0215456	-0.0447449	0.0614855	0.229716	0.160624	0.487247	0.684082	0.0610827	0.245521	0.0403199	-0.0636202	0.129099	0.00938278	-0.0419934	
-0.042697	0.0708656	0.0214422	0.00923293	0.178495	-0.0959719	0.0130167	0.026497	-0.0447449	0.0614855	0.229716	0.18802	0.490603	0.684082	0.0593176	0.245521	0.0594124	-0.0483745	0.129099	0.00938278	0.0154522	
-0.0456038	0.0654244	0.0124041	0.0376991	0.12803	-0.0978133	0.0127815	-0.0276473	-0.0447449	0.0292969	0.229716	0.18802	0.535289	0.684082	0.0659858	0.164838	0.057113	-0.0264856	0.127927	0.0105544	-0.0212374	
-0.0532258	0.0558205	0.0889707	0.0307303	0.13212	-0.110758	0.0127815	0.0238963	-0.0447449	0.0571945	0.229716	0.198273	0.53485	0.870679	0.044158	0.149593	0.0363909	-0.0609603	0.143173	0.0105544	0	
-0.0532258	0.0502759	0.123291	0.0310816	0.102837	-0.115023	0.0127815	0.0242475	-0.0447449	0.0236223	0.229716	0.198273	0.53557	0.661131	0.100258	0.14882	0.0310914	-0.0609603	0.137833	0.0102031	-0.0186771	
-0.0532258	0.0492357	0.106894	0.0321153	0.138471	-0.117271	0.0138218	0.000962037	-0.0437046	0.0490598	0.231239	0.198273	0.455699	0.663813	0.0864309	0.13118	-0.00604619	-0.0577731	0.13927	0.00876678	0	
-0.0532258	0.056446	0.217802	0.0327643	0.143646	-0.0947104	0.0120669	0.0159186	-0.0454596	0.0490598	0.241219	0.198217	0.508925	1.05643	0.0864309	0.14157	0.0767804	-0.0651953	0.13927	0.00876678	
-0.0501086	0.056446	0.216384	0.0232414	0.166779	-0.092712	0.0120669	0.0409432	-0.0454596	0.0643765	0.214881	0.198217	0.551487	0.740579	0.0947859	0.133314	0.045963	-0.0615338	0.138115	0.00876678	-0.0122609	
-0.0498125	0.0627781	0.101797	0.0240428	0.113132	-0.0976797	0.0120669	0.0342347	-0.043442	0.0522241	0.198744	0.1962	0.549173	0.98924	0.0611298	0.13427	0.0835116	-0.049544	0.138115	0.00674923	0.0155631	-0.0181957	
-0.0514577	0.0627781	0.180932	0.045501	0.102526	-0.12883	0.0120669	0.0210885	-0.043442	0.0344381	0.187531	0.210614	0.550818	0.792009	0.107757	0.121095	0.0212831	-0.049544	0.136274	0.00674923	0.0473758	0.127966	
-0.095468	0.0566777	0.116683	0.0234951	0.195886	-0.118017	0.0120669	0.0363962	0.0502917	0.0298172	0.187531	0.192615	0.551387	1.1947	0.0383918	0.250217	0.0587643	-0.049544	0.136274	0.00848347	0	0.012691	0	0	
-0.095468	0.0572448	0.112228	0.0130907	0.181951	-0.103704	0.0120669	0.091136	0.0502917	0.0307836	0.187531	0.192615	0.551318	1.12386	0.165824	0.357069	0.139171	-0.0620676	0.00848347	0.304627	0.0106904	
-0.0893045	0.0438132	0.0704062	0.032473	0.174715	-0.106319	0.0205108	0.084797	0.0441282	0.00116468	0.20605	0.188392	0.582403	1.31952	0.165824	0.351531	0.0407099	-0.0249011	0.00848347	0.304627	-0.00538677	
-0.0441282	0.0465612	0.027168	0.0427086	0.184288	-0.110324	0.0205108	0.0286902	-0.0451762	0.0409118	0.243875	0.133023	0.582403	0.575989	0.148403	0.351531	0.118709	-0.0341334	0.00848347	0.310616	-0.00538677	0	0.00977995	
-0.0428453	0.0467292	0.0582907	0.0386625	0.209705	-0.112705	0.0157204	0.0707703	-0.0453443	0.0306168	0.227935	0.133023	0.58112	0.602922	0.152201	0.351531	0.0503915	0.00638838	0.00848347	0.310616	-0.00555481	0	
-0.0339227	0.0467292	0.128477	0.0538937	0.215533	-0.082481	0.0157204	0.00979536	-0.0511724	0.0184893	0.227935	0.156315	0.556794	0.439182	0.159353	0.344937	0.0734595	0.00638838	0.0143116	0.355718	-0.0075739	0.0388076	0	0	
-0.0372228	0.0375535	0.127192	0.026167	0.215533	-0.066337	0.0182408	-0.00955522	-0.048652	0.0297704	0.271377	0.156315	0.636982	0.814716	0.147514	0.265911	-0.0208261	0.00440549	0.0143116	0.329808	-0.00722005	0	
-0.0372228	0.0471015	0.0817387	0.0330882	0.215533	-0.0785311	0.0116626	0.0376047	-0.048652	-0.0112097	0.230129	0.156315	0.589659	0.538888	0.19394	0.345464	0.128065	0.0176972	0.0143116	0.329808	-0.0153749	-0.0511537	
-0.0849506	0.0471015	0.156249	0.0262138	0.14942	-0.0785311	0.0116626	0.00485891	0.0368733	-0.00591852	0.200261	0.1781	0.603959	0.938406	0.184325	0.345464	0.128065	0.00523771	0.0137369	0.365801	-0.00708289	
-0.0852812	0.0454414	0.0160283	0.0251454	0.14942	-0.101672	0.011332	0.0271362	0.0368733	0.00496765	0.202481	0.106576	0.603959	0.585975	0.184325	0.340515	0.187781	0.0194096	0.0137369	0.365801	-0.00741352	
-0.0870645	0.0436428	0.13795	0.0336707	0.126402	-0.0927723	0.011332	0.0191388	0.0365545	-0.0089046	0.15708	0.0841943	0.570589	0.727937	0.184325	0.255505	0.13654	0.0198413	0.015839	0.365801	-0.00741352	
-0.0870645	0.0505405	0.161263	0.0336707	0.137226	-0.101278	0.011332	0.0693958	0.0365545	-0.0170605	0.15708	0.0660623	0.570589	0.714563	0.177258	0.301512	0.16985	0.0333008	0.015839	0.348959	-0.00741352	
-0.0887334	0.0520366	0.0886887	0.0419184	0.134	-0.101309	0.00966318	0.037323	-0.0521788	0.0188975	0.103872	0.0571249	0.570589	0.964274	0.177258	0.326886	0.0979182	0.0419198	0.015839	0.341327	-0.0609233	0.0481827	
-0.0325239	0.0367339	0.141221	0.0050738	0.138372	-0.0979701	0.0136395	0.0294205	-0.0522331	-0.00151461	0.111564	0.041497	0.593786	1.06806	0.269672	0.326886	0.0628962	0.0283663	0.0198696	0.434725	-0.0462492	0.0607381	-0.00235133	0	
-0.0854963	0.0474741	0.117562	0.0202325	0.120846	-0.101801	0.0136395	0.0379821	0.035172	-0.00151461	0.147181	0.0620528	0.606802	1.1801	0.269672	0.245549	0.0935515	0.0283663	0.0179608	0.357379	-0.0462492	0.0607381	
-0.0854963	0.0473272	0.0793185	0.0261039	0.185318	-0.103095	0.0136395	0.0560404	0.035172	0.0230579	0.147181	0.0506426	0.606802	1.16096	0.269662	0.247956	0.0706061	0.0447364	0.0179702	0.396434	-0.0314267	0.0459156	0	-0.0136395	
-0.0854566	0.0473272	0.0929195	0.0261039	0.133994	-0.0834544	0.0136395	0.0674617	0.0383347	0.00873312	0.147181	0.0474401	0.606762	1.16096	0.307697	0.18894	0.129296	0.00959737	0.0147677	0.396434	-0.0293844	0.0877028	0	
-0.0854566	0.0473272	0.0549246	0.0412586	0.133994	-0.106782	0.0136395	0.0214554	0.0383347	0.00729174	0.163722	0.0474401	0.606762	1.36428	0.322586	0.246813	0.0419046	-0.0303908	0.0158093	0.411346	-0.0293844	0.0877028	
-0.0854566	0.0473272	0.156819	0.0510694	0.11606	-0.0886166	0.0136395	0.0620952	0.0383347	0.00386436	0.169172	0.0586821	0.606762	1.23718	0.346716	0.246813	0.11698	-0.024124	0.0158093	0.407371	-0.0287521	0.084778	0.0543383	0.0245794	
-0.0854566	0.0491671	0.0938319	0.0510694	0.116012	-0.0876784	0.0136395	0.0685577	0.0383347	0.00386436	0.169172	0.0174123	0.586558	0.697759	0.341182	0.267806	0.0762791	-0.0215183	0.0158093	0.371786	-0.0168723	0.0891327	0.0448237	-0.0305218	
-0.078516	0.0500178	0.0824918	0.0510694	0.137127	-0.0678338	0.0136395	0.0571977	0.0313941	0.0116276	0.183627	0.0174123	0.579617	0.409847	0.376215	0.225184	0.134026	-0.0331653	0.0158093	0.371786	-0.0168723	0.0891327	0	
-0.078516	0.0500178	0.242681	0.0336843	0.110443	-0.0720517	0.0136395	0.0711611	0.0311056	0.0148608	0.166325	0.0234425	0.600226	0.407388	0.3376	0.226261	0.113126	-0.0367695	0.0150211	0.372863	-0.0168723	0.101991	0	0.122508	
-0.078516	0.0500178	0.224215	0.0351055	0.127384	-0.0835134	0.0136395	0.044594	0.0311056	0.0134132	0.166325	0.0155689	0.572282	0.883516	0.323873	0.201298	0.142766	-0.0600113	0.0135999	0.374284	-0.0168723	0.0550316	
-0.0784471	0.0516415	0.169156	0.0271127	0.12077	-0.0943122	0.0176704	0.0234389	0.0310367	0.00334852	0.130651	0.0233313	0.572213	0.883516	0.364655	0.112097	0.142766	-0.049434	0.0135999	0.332084	-0.0177271	0.0558864	0	
-0.0312392	0.0523957	0.178324	0.0271127	0.0998328	-0.112741	0.00515161	0.0370998	-0.0541527	0.00187204	0.126505	0.0251799	0.574134	0.916491	0.375618	0.162586	0.123723	-0.0419386	0.0153188	0.377299	-0.0202498	0.101607	0.00171896	
-0.0312392	0.0523957	0.232497	0.0339946	0.092447	-0.0666184	0.00515161	-0.0085493	-0.0541527	0.0173852	0.138921	0.00276203	0.632982	1.36705	0.375618	0.162586	0.117777	-0.048683	0.0153188	0.332693	-0.0202498	0.0898662	
-0.0312392	0.0444607	0.283926	0.0379107	0.092447	-0.0873162	0.00515161	0.0212266	-0.0541527	-0.00632747	0.133706	0.0433676	0.626306	1.74326	0.443308	0.307168	0.0677009	-0.0301996	0.0153188	0.366605	-0.0300202	0.0929026	
-0.0243026	0.0444607	0.229197	0.0205541	0.126825	-0.0780957	-0.00406895	0.0811952	-0.05901	-0.013061	0.142803	0.0137677	0.624227	1.42288	0.470643	0.317018	0.119248	-0.0397253	0.0201761	0.366605	-0.021413	0.0897951	0	
-0.0149561	0.0444607	0.134268	0.0205541	0.122097	-0.0470288	-0.00657397	0.0642412	-0.05901	0.0390732	0.138661	0.0395147	0.614881	0.792137	0.509557	0.192818	0.1159	-0.0262615	0.0201761	0.311107	-0.0217172	0.0883471	0	
-0.0149561	0.0334085	0.244723	0.0205541	0.117903	-0.071941	0.00129144	0.0625114	-0.0521749	0.0271918	0.122055	0.0282161	0.614881	1.23462	0.479235	0.265271	0.209432	-0.0186858	0.0201761	0.419977	-0.0152918	0.0932829	-0.0259118	0.0151428	-0.00396508	
-0.0149561	0.0334085	0.28468	0.0226912	0.117903	-0.0347166	0.00670763	0.00438576	-0.0521749	0.0041914	0.0948911	0.0282161	0.614881	1.25429	0.470365	0.265271	0.193776	-0.0218885	0.0201761	0.408138	-0.0152918	0.0932829	
-0.0158978	0.0336687	0.217034	0.0226912	0.112533	-0.0635243	0.00670763	0.0683674	-0.0521749	0.0203239	0.112582	0.0319722	0.625692	0.997562	0.454519	0.169022	0.329208	-0.0218885	0.0201761	0.462924	-0.0278714	0.105863	
-0.0679833	0.0437196	0.137353	0.0226912	0.129838	-0.107429	0.0043426	0.0196223	0.0134434	0.00783668	0.0726789	0.0319722	0.583412	0.735703	0.454519	0.191338	0.329208	0.0199293	0.0201761	0.407075	-0.015118	0.0907441	0.000131785	
-0.0679833	0.0466535	0.151663	0.0188658	0.127001	-0.0944771	0.0043426	0.0630363	0.0134434	-0.000419102	0.0584288	0.0564321	0.594348	0.69734	0.454519	0.196715	0.176004	-0.00844481	0.0201761	0.407075	-0.015118	0.0833957	-0.00537019	0	
-0.069897	0.0415795	0.0681476	0.0362579	0.143909	-0.0983848	0.00422114	0.019218	0.0153571	-0.000419102	0.0736118	0.0407779	0.596262	0.958633	0.454519	0.236641	0.233461	0.0161288	0.0201761	0.407075	-0.015118	0.0996191	
-0.069897	0.0415795	0.126675	0.0283574	0.110779	-0.110118	0.00422114	0.0601179	0.0153571	0.00356062	0.04775	0.0264251	0.596262	0.842398	0.397902	0.236641	0.262931	-0.0181041	0.0201761	0.385735	-0.026679	0.11118	
-0.0699651	0.0415795	0.0945648	0.0283574	0.115775	-0.105286	0.00422114	-0.00132853	0.0154252	0.00356062	0.0674373	0.0253615	0.589232	0.596295	0.372769	0.221256	0.203419	-0.0181041	0.0201761	0.395947	-0.0154247	0.100049	
-0.0673685	0.038983	0.0347179	0.0250108	0.173577	-0.123411	0.00831448	0.0450476	0.0154252	-0.00165682	0.0700339	0.0250962	0.589232	0.46964	0.419387	0.225068	0.0841104	-0.0196009	0.0235227	0.55079	-0.0117175	0.0989388	-0.00334657	0	
-0.0670891	0.038983	0.282223	0.0540927	0.205531	-0.123297	0.00831448	0.018215	0.0120981	0.0197101	0.11648	0.0353073	0.58302	0.555236	0.419387	0.225068	0.134243	-0.0466081	0.0265704	0.55079	-0.0117175	0.125371	-0.00155363	
-0.0119245	0.038983	0.163383	0.0540927	0.139707	-0.093595	0.0075118	0.025629	-0.054991	0.0124826	0.11648	0.0298979	0.579169	0.553164	0.434604	0.213363	0.134243	-0.0366833	0.0265704	0.55079	-0.0117175	0.093443	-0.00155363	0	0	0.0454674	
-0.0119245	0.038983	0.052825	0.0398735	0.185117	-0.116515	0.0075118	0.0373882	-0.054991	0.0124826	0.0935309	0.00975161	0.528469	0.674348	0.434604	0.266902	0.163058	-0.0366833	0.0265704	0.547464	-0.0117175	0.0996186	-0.00155363	0.0621312	
-0.0237226	0.0380052	0.174162	0.0509829	0.155814	-0.0895339	0.00451575	0.057183	-0.0579871	0.0124826	0.08993	0.00695788	0.495686	0.671352	0.429405	0.230362	-0.000261594	-0.0366833	0.0265704	0.523832	-0.0165025	0.102358	-0.00155363	0	
-0.0237226	0.0351019	0.0406445	0.066071	0.105022	-0.100828	0.00570838	-0.0131058	-0.0550838	0.0183946	0.075335	0.0116156	0.495686	0.674255	0.429405	0.240221	0.0228108	-0.0349727	0.0265704	0.523832	-0.0213199	0.110079	-0.00155363	-0.0342218	
-0.0226196	0.0351019	-0.000860903	0.0372226	0.117606	-0.109339	0.00541998	0.0564885	-0.0561868	0.0183946	0.0515402	0.045996	0.49236	0.73251	0.395563	0.272531	0.0103133	-0.0346843	0.0276734	0.523832	-0.0213199	0.110079	-0.00296547	0	
-0.0275362	0.0364134	0.00965854	0.0323078	0.162358	-0.101508	-0.00292186	-0.0102392	-0.0547262	-0.004931	0.0515402	0.0416187	0.473748	0.617931	0.395563	0.259651	0.0699711	-0.018166	0.0262128	0.523832	-0.0186019	0.121265	-0.00296547	-0.0273097	0.0510609	-0.0230991	0.0319049	
-0.0275362	0.0364134	0.0144815	0.0217771	0.162358	-0.0936912	-0.00292186	0.0272025	-0.0547262	0.0266706	0.0515402	0.064669	0.502081	0.6198	0.441291	0.226891	0.0204127	-0.018166	0.0262128	0.523832	-0.0186019	0.121265	-0.0106563	-0.00745293	-0.0274274	
-0.0275362	0.0364134	0.0405511	0.0282138	0.190097	-0.0883131	-0.00292186	0.0240312	-0.0547262	-0.0188855	0.0526372	0.0675929	0.502081	0.934007	0.495376	0.223535	0.0306372	-0.018166	0.0295682	0.520477	-0.0186019	0.0845699	-0.014301	
0	0.0364134	0.13177	0.0348634	0.190097	-0.0992864	0.00264041	0.0355747	-0.0547262	0.0290283	0.0628179	0.0715398	0.444977	0.940049	0.436061	0.244456	0.0437469	-0.0433541	0.0295682	0.40441	-0.0186019	0.098589	-0.014301	0.021874	
0.0385288	0.10625	0.0331083	0.148561	-0.102403	0.00052498	0.0268763	-0.0568416	0.0125248	0.0931999	0.0707538	0.444977	1.29863	0.436061	0.252204	0.0541385	-0.02189	0.0295682	0.40441	-0.0207173	0.100609	-0.014301	
0.0389565	0.397926	0.0345275	0.152688	-0.0847255	-0.00396611	0.00751881	-0.0568416	0.0126098	0.0340726	0.0707538	0.444977	0.469522	0.295261	0.0592771	-0.0377007	0.0295682	0.438971	-0.0207173	0.111385	-0.0161055	-0.0265363	
0.0277304	0.397926	0.0459427	0.152688	-0.0988743	0.00187917	0.00751881	-0.0568416	0.065331	0.0340726	0.0707538	0.444977	0.431109	0.182297	0.0431578	-0.0211033	0.0295682	0.392445	-0.0207173	0.0778429	-0.0161055	-0.0232417	
0.0277304	-0.0112476	0.41685	0.0296185	0.186793	-0.111354	0.00187917	0.0181983	-0.0568416	0.0303488	0.0650308	0.0572688	0.444977	0.353538	0.00723364	0.262	0.0271828	-0.0318071	0.0295682	0.392445	-0.0207173	0.0852684	0	
0.0348202	-0.0182837	0.410121	0.0296185	0.184246	-0.113265	-0.00144702	0.0181983	-0.0542945	0.0118267	0.115522	0.0428124	0.444977	0.535886	0.021839	0.262	0.000992261	-0.0327996	0.0270211	0.386872	-0.012912	0.0774631	0.230584	
0.0348202	-0.0197467	0.410121	0.0296185	0.184013	-0.093832	-0.00144702	0.0181983	-0.0542945	0.0118267	0.127621	0.0428124	0.444977	0.322487	0.00807349	0.307558	0.014841	-0.0327996	0.0270211	0.386872	-0.0227163	0.0886624	0	
0.0324349	-0.0189062	0.410962	0.030459	0.180819	-0.0713453	0.000938295	0.0380562	-0.0487145	-0.00914854	0.122962	0.0351773	0.445817	0.409662	-0.0262172	0.292503	0.0231819	-0.0328999	0.022986	0.387712	-0.020331	0.0886624	
0.0324349	-0.0189062	0.410962	0.0355239	0.159908	-0.0893291	0.00940914	0.0409319	-0.0487145	0.0353297	0.122962	0.0254656	0.445817	0.518609	0.0255638	0.292503	0.0578092	-0.0574711	0.022986	0.440547	-0.020331	0.129227	0	
0.0324349	-0.0189062	0.36822	0.0518511	0.167652	-0.11514	0.0110904	-0.00285411	-0.0487145	-0.0135297	0.0939795	0.0264088	0.445817	0.213165	0.083827	0.208276	0.055306	-0.0451052	0.022986	0.440547	-0.020331	0.0831499	0	0.178168	
0.0301783	-0.0189062	0.36822	0.0616315	0.12044	-0.123522	0.0108618	-0.00285411	-0.0487145	0.00963373	0.0939795	0.0264088	0.445817	0.317431	0.0317613	0.208276	0.0688205	-0.0448766	0.022986	0.363283	-0.020331	0.178168	
0.0301783	-0.0285531	0.384261	0.0616315	0.0978755	-0.12181	0.00860397	0.000164181	-0.0487145	-0.00804011	0.0767318	0.0272443	0.4586	0.418716	0.0121683	0.206527	0.072329	-0.0334779	0.022986	0.334797	-0.020331	0.158931	0	
0.0301783	-0.0285531	0.328191	0.0616315	0.116825	-0.101486	0.00860397	0.0269373	-0.0487145	-0.00804011	0.0767318	0.0340931	0.4586	0.499136	0.095759	0.251885	0.153802	-0.0362123	0.022986	0.376929	-0.020331	0.160475	
0.0299968	-0.0285531	0.328234	0.0608066	0.116069	-0.123066	0.00878551	0.0393113	-0.048533	0.025143	0.0738272	0.0335966	0.445893	0.775757	0.083897	0.168196	0.0286809	-0.0618087	0.022986	0.376929	-0.0193926	0.136495	0.0111511	0	
0.031784	-0.0333205	0.301388	0.0608066	0.104932	-0.0962413	0.00878551	-0.0119472	-0.048533	-0.0212692	0.0531443	0.0455455	0.445893	0.80188	0.083897	0.153281	0.116131	-0.0680342	0.022986	0.364186	-0.0122073	0.193375	0.0111511	0.0678938	
0.031784	-0.0333205	0.263024	0.0401955	0.0978747	-0.0805235	0.00789818	0.0229802	-0.0457912	-0.0143025	0.0531443	0.0205452	0.0202442	0.553737	0.0890543	0.191094	0.119414	-0.0671469	0.315541	-0.0122073	0.139874	0.457044	-0.046884	-0.0301624	
0.031784	-0.0357244	0.337909	0.0377915	0.110486	-0.0907425	0.00670637	0.0493873	-0.0457912	-0.019742	0.0745781	0.0143249	0.0226481	0.479161	0.0129449	0.230846	0.145304	-0.0616764	-0.00413348	0.373372	-0.0122073	0.172989	0.45464	-0.0353767	0	
0.031784	-0.0336316	0.340002	0.0398843	0.106972	-0.0928865	0.00670637	0.046848	-0.0457912	-0.012606	0.0746042	0.052323	0.0205553	0.680771	0.0953974	0.215569	0.0853789	-0.0392895	0.326411	-0.00869387	0.158217	0.456733	-0.0218978	
0.0309086	-0.0336316	0.348418	0.0398843	0.104944	-0.118337	0.00845032	0.0225267	-0.0423765	-0.0111648	0.0471516	0.0148307	0.0188846	0.796582	0.0400286	0.246944	-0.0122097	-0.0230341	0.326411	-0.00888908	0.116321	0.456733	-0.0314541	
0.0315483	-0.0336316	0.348418	0.0398843	0.126341	-0.0987037	0.00845032	0.032722	-0.0423765	-0.00413769	0.0429514	0.0148307	0.0188846	0.487948	0.122846	0.214726	0.0144409	-0.0394083	0.456733	0.340786	-0.030286	0.166242	
0.0315483	-0.038072	0.179434	0.0452582	0.0975929	-0.0985398	0.00497503	0.0370819	-0.0423765	-0.011891	0.0414107	0.0418862	0.0188846	0.330324	0.122846	0.299659	-0.00399232	-0.035933	0.456733	0.340786	-0.030286	0.177199	
0.0170308	-0.038072	0.179434	0.0520443	0.0975929	-0.0926148	0.00288707	-0.00475393	-0.0423765	0.0116585	0.0400694	0.0433519	0.0188846	0.596452	0.0595529	0.299659	-0.0002788	-0.0414363	0.456733	0.329997	-0.030286	0.279409	
0.0161742	-0.0425874	0.261233	0.0605802	0.0772744	-0.0871716	-0.00049505	0.060124	-0.0431954	0.0110436	0.0392506	0.0564112	0.0193884	0.595633	0.0934333	0.265644	0.21266	-0.0388731	0.456229	0.314321	-0.013738	0.244042	
0.0152788	-0.043283	0.261233	0.0655285	0.0866272	-0.0862576	-0.00049505	0.0376049	-0.0431954	0.0110436	-0.00329353	0.0503873	0.0193884	0.723574	0.0934333	0.224426	0.312589	-0.0439429	0.456229	0.329783	-0.0161288	0.230209	
0.0156911	-0.043283	0.273385	0.0655285	0.0912201	-0.0612413	0.000920585	0.0293953	-0.0445957	0.00334548	-0.00370586	0.0442568	0.0203763	0.723162	0.112622	0.224426	0.21812	-0.0527145	0.418059	0.366899	-0.0211341	0.300841	-0.0310028	
0.0188882	-0.043283	0.261793	0.0655285	0.0948068	-0.0683127	3.39052e-05	0.0417648	-0.0445957	0.00826972	-0.00370586	0.0311445	0.0203763	0.674986	0.159175	0.314295	0.21812	-0.0300002	0.418059	0.391391	-0.0211341	0.278749	0.00822336	0	
0.00709455	-0.043283	0.236794	0.0686733	0.0948068	-0.0867044	3.39052e-05	0.0159073	-0.0445957	0.0328551	0.0181732	0.0311445	0.0203763	0.595841	0.192881	0.238552	0.208509	-0.0374921	0.418059	0.391391	-0.0211341	0.273505	-0.00486788	0.00596401	
0.00700992	-0.043283	0.274587	0.0686733	0.0924487	-0.0878679	3.39052e-05	0.0511227	-0.0445957	0.0137505	0.0181732	0.0309573	0.0203763	0.578953	0.152255	0.266488	0.177271	-0.0374921	0.418059	0.373025	-0.018776	0.273505	
0.00762355	0.319009	0.0647933	0.080657	-0.0632991	-0.00377618	0.037808	-0.0484058	0.0183395	0.0462395	0.0263159	0.0203763	0.438542	-0.043283	0.329011	0.129132	-0.0412342	0.418059	0.373025	-0.0107944	0.273505	-0.0118825	
0.00824957	0	0.222803	0.0453989	0.117741	-0.0890486	-0.00446491	0.00639002	-0.0490318	0.0183395	0.0279136	0.0524511	0.0203763	0.546403	-0.0360853	0.329011	0.077439	-0.040398	0.418059	0.374842	-0.0210803	0.264816	0.00253479	
0.00576752	0.238052	0.188762	0.0556982	0.0960224	-0.075178	-0.00198286	0.0612578	-0.0465498	0.00183499	0.0755638	0.0481583	0.0203763	1.28498	-0.0360853	0.292132	0.095089	-0.0299044	0.418059	0.374842	-0.0142162	0	
0.00949997	0.224743	0.178703	0.0544858	0.0960224	-0.10711	-0.00532197	0.023315	-0.0502822	0.0434626	0.106421	0.0101216	0.0203763	1.52673	-0.0360853	0.292132	0.168559	-0.0495021	0.400616	0.374842	-0.0179487	-0.0507976	-0.0422651	0	
0.00880241	0.194283	0.193249	0.0544858	0.0960224	-0.0992137	-0.0105161	0.0128375	-0.0506077	-0.000809032	0.0960823	-0.00124847	0.0207018	1.31231	-0.0360853	0.218628	0.168559	-0.044308	0.400616	0.374842	-0.0179487	-0.00651378	
0.00880241	0.136815	0.109811	0.0643961	0.120382	-0.0942268	-0.0105161	0.03698	-0.0506077	0.0073475	0.0960823	0.018474	0.0207018	2.02063	-0.0374713	0.223017	0.0628698	-0.044308	0.341758	0.374842	-0.0270519	-0.00968744	
0.0111972	0.136815	0.16305	0.0614663	0.0910463	-0.083803	-0.0105161	0.036816	-0.0506077	0.0143908	0.0960823	0.0273305	0.0207018	2.34556	-0.0374713	0.172282	0.126868	-0.0413998	0.341758	0.410901	-0.0270519	
0.00631265	0.163308	0.15453	0.0512502	0.109065	-0.0978815	-0.0105161	0.0341404	-0.0506077	0.0252363	0.114689	0.0273305	0.0207018	1.26744	-0.0374713	0.112451	0.134515	-0.00433448	0.314114	0.410901	-0.0270519	0	
0.00971576	0.221217	0.170312	0.0512502	0.0831532	-0.101202	-0.0105161	0.0153977	-0.0506077	0.0193504	0.0976487	0.00701709	0.0207018	1.49792	-0.0388147	0.118362	0.0701719	-0.0181696	0.284383	0.354727	-0.0156843	
0.00911292	0.233978	0.203334	0.0602079	0.0831532	-0.101202	-0.00991329	0.039965	-0.0500049	0.0193504	0.149256	0.0142788	0.0207018	1.90676	-0.0335433	0.157634	0.110385	-0.0303401	0.288359	0.354727	-0.0150815	0.0773285	0.039267	
0.00911292	0.291856	0.172077	0.0648304	0.0963334	-0.0915177	-0.00991329	0.0480362	-0.0500049	0.00871721	0.151872	0.0299962	0.0207018	2.27796	-0.0335433	0.15216	-0.0105149	-0.0250993	0.288359	0.354727	-0.0197838	0.318488	
0.0195698	0.291856	0.17207	0.0648236	0.112137	-0.0898648	-0.0115662	0.008867	-0.0500049	0.0120843	0.151872	0.0319384	0.0207086	2.07576	-0.0335502	0.147587	0.0709717	-0.0347238	0.288352	0.435462	-0.0197838	
0.0126802	0.23917	0.150879	0.0459558	0.112137	-0.0990908	-0.0115662	-0.000887675	-0.0566971	0.0120843	0.151872	0.0471459	0.0274009	1.99397	-0.0357447	0.258538	0.095645	-0.0174862	0.253518	0.403418	-0.0197838	
0.00998376	0.23917	0.157131	0.0543693	0.109933	-0.0974268	-0.0115662	-0.000426654	-0.0566971	0.0132626	0.151872	0.0470022	0.0274009	0.816901	-0.0349887	0.169662	0.179635	-0.0332405	0.253518	0.426279	-0.0197838	
-0.0062349	0.238082	0.143719	0.0539201	0.0988254	-0.0868519	-0.0143338	0.0431071	-0.0556092	0.0097065	0.139847	0.0493538	0.0261197	0.604587	-0.0347955	0.187408	0.00741852	-0.0304728	0.264594	0.463577	-0.0197838	
0.00765864	0.238082	0.153143	0.0539201	0.0797033	-0.0749725	-0.0143338	-0.0103303	-0.0556092	0.0413992	0.148541	0.0441729	0.0261197	0.310608	-0.0347955	0.213482	0.00991832	-0.03727	0.264594	0.463577	-0.0197838	0.0205124	0.0348021	-0.0206269	
0.00765864	0.213682	0.314167	0.0582616	0.0797033	-0.0912175	-0.0143338	0.031692	-0.0556092	0.0877752	0.122725	0.0441729	0.0261197	0.257038	-0.0335366	0.226896	0.0796043	-0.0277112	0.264594	0.433369	-0.0197838	
0.0053444	0.215198	0.322001	0.0277161	0.0905646	-0.0935013	-0.00993207	0.0366267	-0.0532949	0.0877752	0.1462	0.0212367	0.0261197	0.127195	-0.0426433	0.248631	0.106949	-0.0297987	0.30488	0.425503	-0.0151792	0.0156849	
0.0053444	0.215198	0.307523	0.0277161	0.0905646	-0.0957401	-0.00941449	0.0222187	-0.0532949	0.0877752	0.1462	0.0354522	0.0261197	0.459741	-0.0426433	0.276818	0.0256242	-0.0185566	0.290836	0.354338	-0.0151792	-0.0328216	
0.0053444	0.229903	0.307523	0.0369722	0.11423	-0.0948763	-0.00941449	0.0202946	-0.053274	0.0515018	0.178105	0.0745311	0.0260988	0.638271	-0.0421095	0.308963	0.0747867	-0.0213238	0.257908	0.375082	-0.0151792	0	
0.0053444	0.229903	0.342641	0.0327069	0.0947481	-0.111151	-0.0102495	0.00977995	-0.053274	0.0389074	0.142822	0.0745311	0.0260988	1.05829	-0.0421095	0.248236	0.0747867	-0.0204889	0.257908	0.496045	-0.0151792	0.0346177	
0.0053444	0.1843	0.336553	0.0427386	0.078383	-0.0935007	-0.00871634	0.0150436	-0.0498717	0.0168384	0.06114	0.0735163	0.0231345	0.875152	-0.0425475	0.247798	0.0950959	-0.0136129	0.243695	0.511439	-0.0151792	-0.00697598	-0.0264324	
0.00751133	0.204553	0.339622	0.0458082	0.078383	-0.108009	-0.0108833	0.00911556	-0.0520386	0.0576399	0.0621133	0.10152	0.0200649	1.41837	-0.0394779	0.237393	0.160457	-0.0321489	0.246765	0.4778	-0.0173461	
0.00751133	0.217806	0.340183	0.0458082	0.099828	-0.0919452	-0.0108833	0.0449208	-0.0520386	0.0576399	0.0364722	0.116013	0.0200649	2.40799	-0.0380065	0.202251	0.120616	-0.0255595	0.237934	0.467304	-0.0225887	
0.00856462	0.253871	0.340183	0.0471894	0.110223	-0.110387	-0.0119366	0.03948	-0.0530919	0.0118907	0.0549201	0.109208	0.0200649	1.2588	-0.0349771	0.217419	0.139404	-0.0276063	0.237934	0.467304	-0.0236419	0	
0.00374757	0.346187	0.3299	0.0371207	0.0957717	-0.109218	-0.0119366	0.0208167	-0.0530919	0.0256266	0.0549201	0.122027	0.0177062	1.30393	-0.0326185	0.219777	0.14116	-0.0394983	0.240292	0.477429	-0.0236419	
0.00374757	0.346187	0.247769	0.0402699	0.092699	-0.115765	-0.00799551	0.0622511	-0.0530919	0.0218612	0.0657854	0.126221	0.014557	0.834004	-0.0294692	0.280851	0.1945	-0.0434394	0.216045	0.422587	-0.0205692	
0.0087107	0.298993	0.342591	0.02844	0.134475	-0.114393	-0.00872111	-0.000120037	-0.054394	0.00887354	0.0657854	0.105707	0.0175946	0.841775	-0.0312048	0.279115	0.118461	-0.0328417	0.214309	0.360205	-0.031532	0	0	
0.0106031	0.242453	0.329429	0.0168226	0.134475	-0.106939	-0.0106135	0.000386119	-0.0562864	0.0317028	0.0503991	0.0909856	0.0170885	0.839882	-0.0306986	0.324263	0.0721714	-0.0239495	0.214816	0.360711	-0.0334244	
-0.000159552	0.228053	0.300997	0.0615779	0.107352	-0.102161	-0.00679143	0.0434572	-0.0562864	0.0352028	0.0503991	0.0909856	0.0170885	1.33891	-0.0242704	0.313615	0.0450472	-0.0277716	0.214816	0.414616	-0.0264712	0.0131501	-0.0367695	
-0.000159552	0.192237	0.278116	0.0567383	0.11162	-0.0964793	-0.00679143	0.0621677	-0.0508898	0.0197182	0.0711225	0.0819422	0.0116919	1.61898	-0.0249614	0.247764	0.0764223	-0.00425057	0.214816	0.33981	-0.0264712	0.0199259	0.141179	-0.039316	
-0.000159552	0.19464	0.353129	0.0567383	0.111021	-0.1023	-0.00679143	-0.00489694	-0.0508898	0.00683895	0.0713333	0.086985	0.0116919	1.1404	-0.0249614	0.302361	0.143512	-0.0560722	0.189616	0.362622	-0.0264712	-0.0942683	0.13439	0.0446532	
-0.000159552	0.163614	0.338267	0.0781092	0.0900806	-0.0899955	-0.00679143	0.0586175	-0.0508898	0.0336906	0.0713333	0.0645969	0.0116919	1.32241	-0.0249614	0.325772	0.15991	-0.0308926	0.189616	0.323268	-0.0264712	-0.0164119	
0.0023463	0.156131	0.388161	0.0454001	0.111428	-0.111392	-0.005934	0.00466097	-0.0508898	0.0141877	0.0842943	0.0650707	0.0116919	0.829209	-0.0249614	0.308211	0.24702	-0.0378665	0.253655	0.323268	-0.0264712	0.0505929	-0.0364505	
0.0023463	0.156131	0.378692	0.0464717	0.0629247	-0.102364	-0.00372271	-0.010439	-0.0508898	0.0350982	0.0614104	0.00638252	0.0116919	1.1928	-0.0249614	0.215215	0.0953279	-0.0723642	0.253655	0.385869	-0.0264712	
0.00778955	0.138241	0.382112	0.0498922	0.115314	-0.107832	-0.00916596	0.0456678	-0.0563331	0.0388736	0.0543682	0.0381864	0.00827139	1.30805	-0.0232369	0.235864	0.145774	-0.0297462	0.257076	0.389237	-0.0319144	
0.00778955	0.140649	0.311549	0.0513555	0.11425	-0.0978381	-0.012974	0.0357879	-0.0563331	0.0388736	0.109408	0.0261743	0.00827139	1.91726	-0.0211566	0.24655	0.111745	-0.0193812	0.205568	0.350164	-0.0308503	
-0.00525704	0.140649	0.179248	0.0513555	0.118576	-0.111194	-0.012974	0.0545566	-0.0563331	0.00423212	0.109408	0.0401285	0.00827139	1.48726	-0.022903	0.296877	0.0801383	-0.0216306	0.212372	0.379418	-0.0351765	
-0.00525704	0.11795	0.179248	0.0741382	0.0848524	-0.0958873	-0.012974	0.0226214	-0.0563331	-0.00223685	0.109408	0.0406002	0.00827139	1.48726	-0.0247306	0.34515	0.114357	-0.0425283	0.212372	0.343784	-0.0351765	
-0.00418166	0.11795	0.270118	0.0564373	0.081657	-0.0994444	-0.0140494	0.0944899	-0.0574085	0.0280006	0.11604	0.0406002	0.00827139	1.19026	-0.0292218	0.298656	0.114357	-0.0176767	0.225856	0.343784	-0.0330564	0.0298819	
-0.00205438	0.116097	0.275986	0.0599834	0.0707557	-0.0999555	-0.0140494	0.0130357	-0.060371	0.021656	0.125021	0.0668789	0.011234	1.19026	-0.0292218	0.233965	0.158161	-0.0396883	0.22535	0.343784	-0.028538	0.0559879	
-0.00205438	0.113588	0.27646	0.0564067	0.124291	-0.0843458	-0.00734812	0.00158846	-0.0578619	-0.00608411	0.125021	0.1042	0.0123191	0.960035	-0.0328161	0.245574	0.123903	-0.0381858	0.251119	0.352119	-0.0291691	0.0232975	
-0.00849579	0.112273	0.246583	0.0564067	0.090803	-0.12331	-0.000906717	0.0436286	-0.0501049	-0.00608411	0.131462	0.104306	0.0110035	1.2774	-0.0315476	0.303493	0.185858	-0.0498963	0.228149	0.352119	-0.0227277	0	0	
0.00433732	0.113515	0.246583	0.0564067	0.0761478	-0.124701	-0.0137398	0.0168101	-0.062938	0.0389151	0.140865	0.101848	0.0110035	1.2774	-0.0315476	0.303493	0.185858	-0.0588343	0.228149	0.352119	-0.0355608	0	-0.0128331	
0.00349528	0.14077	0.304132	0.0438194	0.0761478	-0.100483	-0.0122533	0.00618778	-0.0648114	0.019617	0.152156	0.109782	0.0128768	0.973144	-0.034042	0.285456	0.149525	-0.047897	0.228149	0.352119	-0.0355608	-0.0128331	0.170934	0.156107	0	
