0.108558	0.085916	0.00842021	0.0117264	0.183357	0.00199999	0.439545	0.0992861	0.0898084	-0.00190748	0	0.0476446	0.0401906	0	0	0	0	0	0	0	0	0	0	0	0	0	0	0	0	0	0	0	0	0	0	0	0	0	0	0	0	0	0	0	0	0	0	0	0	0	0	0	0	0	0	0	0	0	0	0	0	0	0	0	0	0	0	0	0	0	0	0	0	0	0	0	0	0	0	0	0	0	0	
0.0672521	0.085916	0.00842021	0.0117264	0.212494	0.00199999	0.412987	0.093946	0.0898084	-0.00200824	0	-0.00120582	0	-0.0355507	0	0.129139	0	0	0	-0.0466325	0	0	-0.0375934	0	0	0	0.0508098	0	-0.0185969	0.0500171	0.0246629	-0.017016	0	0	0.0590792	-0.0429344	0	0	-0.0289241	0.00812795	-0.0267932	-0.00851156	0.0431416	-0.0412065	-0.0115118	-0.0521144	-0.0316762	-0.0109959	0.0321199	0	0	0.000845916	0	-0.0574524	-0.000955303	0	0	0	-0.013539	
0.0672521	0.085916	0.00842021	0.00651272	0.197457	0.00199999	0.444001	0.093946	0.0898084	-0.00200824	0.00738207	-0.053337	-0.0102862	0	-0.0300708	-0.032869	-0.0426382	0.0524898	0.0145214	-0.0264337	-0.0441762	-0.0251237	-0.0247225	-0.0633363	-0.00412527	0.0412415	0.035845	-0.0199388	0.0431416	0.0704782	-0.013539	-0.0106711	0.0514557	-0.0342671	-0.0477897	-0.0497665	0.0565889	-0.00581268	0.0651575	0	0	
0.0580348	0.085916	0.00842021	0.0201522	0.197457	0.00199999	0.444001	0.0473085	-0.0364967	0.0396156	-0.0772599	0.00046673	-0.0491388	-0.00930779	-0.00756898	0.0745513	0.0227772	0.0192385	0.0725364	-0.0247225	-0.0732068	0.023333	0.093946	0.0645876	0.00981829	-0.0208446	0.0327706	0.10843	0.0354433	-0.0178921	0.178825	-0.0182699	-0.0195706	-0.0520787	-0.0306623	-0.0339537	0.0150462	-0.0152081	
0.0580348	0.116713	0.0142626	0.0201522	0.197457	0.00199999	0.445036	0.0473085	0.0108505	0.0396156	-0.0516553	-0.0285864	-0.041211	0.025362	0.106773	0.126796	-0.0152081	0.0712051	0.0192385	-0.0220872	-0.0247225	-0.0780214	0.027608	0.0784857	0.0972477	-0.015912	0.0282311	0.0241151	0.0137423	0.0620614	0.00266859	0.186651	-0.0192699	0.00714089	-0.0319757	-0.0306623	-0.0297782	0.0150462	
0.118089	0.0978412	0.0142626	0.0201522	0.197457	0.00199999	0.46132	0.0473085	0.196141	-0.0899681	-0.0397413	-0.0446541	-0.0429954	0.025362	0.106773	0.0608653	-0.0152081	0.116382	0.0192385	-0.0220872	-0.0282734	-0.0619856	-0.00125944	0.0484118	0.0972477	-0.0422358	0.0402978	0.0613092	0.168051	0.0665583	-0.01073	0.194313	-0.0371543	-0.0431311	-0.040802	-0.00741135	-0.0178767	0.088647	
0.12292	0.0978412	0.0142626	0.0201522	0.180579	0.00199999	0.456633	0.0330408	0.162693	-0.0422587	0.0314522	-0.0649482	-0.0506668	0.0206198	0.0407997	0.0706032	-0.0152081	0.0325963	-0.0211045	-0.0448676	-0.027172	-0.075223	-0.0150939	0.0484118	0.152949	0.136624	0.0280997	0.00884113	0.103202	0.0523757	-0.043324	0.194313	-0.0532429	-0.01653	0.117881	0	-0.0603748	0.000488697	
0.0958691	0.0978412	0.0142626	0.0133477	0.180579	0.00199999	0.373517	0.0414549	0.0359605	-0.044469	0.0108386	-0.0308917	0.0696693	-0.0506668	0.118466	-0.0152081	-0.0240836	-0.0394762	-0.022072	-0.0847936	-0.0501352	0.0745655	0.170904	0.0725912	0.0292416	0.16193	0.0523757	0.0210086	0.194313	-0.0383717	-0.0176154	0.219699	0.0259405	0.00647016	0	-0.0505289	-0.00346501	-0.0313916	0.0211823	
0.0958691	0.111224	0.0142626	0.0133477	0.180579	0.00199999	0.364504	0.0414549	-0.0156077	0.110658	-0.0432466	0.2082	-0.0227877	0.0885689	-0.0114442	0.0999804	0.0296289	-0.030719	-0.00266864	-0.065331	-0.0375232	0.0745655	0.170904	0.0522345	0.0292416	0.114239	0.0523757	-0.0252373	0.0593182	-0.0176154	0.23231	0.0598643	0.0419696	0.0794776	-0.0189416	-0.0417067	0.0211823	
0.0958691	0.11134	0.0142626	0.0133477	0.180579	0.00199999	0.376576	0.0334543	-0.0156077	0.0801518	0.0204522	0.2082	-0.0372518	0.0525975	0.0197499	0.0556987	0.0244126	0.013151	-0.00266864	-0.065331	-0.0642355	0.115844	0.278354	0.0279096	0.0502154	0.181226	0.033068	-0.0375275	0.00383736	-0.0480519	-0.0289996	0.174015	0.127814	0.0917649	0.113946	-0.0812727	-0.0426684	-0.0573039	0.0211823	
0.0958691	0.106894	0.0142626	0.00936058	0.180579	0.00177162	0.353216	0.0334543	-0.0143821	0.205695	0.0102154	0.2082	-0.028654	0.0251348	0.0434983	0.0401768	0.0703323	0.0069893	-0.065331	-0.0611782	0.110682	0.605632	0.0240353	0.0233272	0.0780613	0.0429614	-0.0280487	0.0207205	-0.0312613	-0.0717759	0.174015	0.127814	0.0493673	0.102759	-0.0846157	-0.016753	-0.012886	-0.0570891	
0.0950858	0.106111	0.0134793	0.0163175	0.179795	0.000988298	0.352433	0.032671	-0.0151654	0.204912	-0.010316	0.207416	0.0266399	0.0882246	0.166972	0.0275321	0.00620598	-0.060261	-0.0167089	0	-0.0795864	-0.0644361	0.109899	0.30224	0.00379734	0.0356298	0.0772779	0.0421781	-0.0204225	-0.010397	0.0314998	-0.0779891	0.418593	0.178026	-0.0297905	0.0600125	-0.0743435	-0.034188	-0.0156413	
0.0950858	0.106111	0.00953958	0.0163175	0.179795	0.000988298	0.352433	0.032671	-0.0151654	0.204912	0.0859545	0.207416	-0.00541621	0.148999	0.225076	0.0243799	0.00620598	-0.0716651	-0.07825	-0.0860379	-0.0644361	0.00962547	0.109899	0.424169	-0.0104558	0.0356298	0.0772779	0.0130711	-0.0758817	-0.0185422	0.0714095	-0.0297493	0.418593	0.302344	-0.0300479	0.0600125	-0.0864053	-0.034188	
0.102399	0.106111	0.00953958	0.0163175	0.179795	-0.00342858	0.352433	0.0260684	-0.0151654	0.204912	-0.00810501	0.251197	-0.0217247	0.240476	0.187399	0.0243799	-0.0275423	-0.0600501	-0.030117	-0.0469803	-0.0280843	-0.0341487	0	0.108137	0.459258	-0.0841144	-0.00347774	0.188877	0.0408605	-0.0825386	-0.00203447	0.0734612	-0.0629048	0.514191	0.302344	-0.0306572	0.126171	-0.0860379	
0.0993011	0.109225	0.00953958	0.0163175	0.15267	-0.00342858	0.352433	0.0260684	-0.0151654	0.0907144	-0.0129875	0.233322	-0.0361727	0.210814	0.187399	0.0173819	-0.0275423	-0.0488583	-0.0493788	-0.0221816	-0.0137252	-0.0743215	0.0963663	0.75793	-0.0954345	0.000279964	0.181332	0.0375381	-0.0852724	-0.00203447	0.0832005	-0.0260393	0.12672	-0.0306572	0.166151	
0.113544	0.109225	-0.0743215	0.00201746	0.15267	-0.00342858	0.466268	0.0260684	-0.0151654	0.125598	-0.0275923	0.233322	0.0174861	0.0887534	0.24182	0.00235207	0.00479886	-0.0691468	0.00953958	-0.0712244	-0.0466756	-0.0306664	-0.0054203	0.0963663	0.580029	-0.0991737	-0.0109666	0.172693	0.0510444	-0.0774534	-0.0279196	0.0801481	0.0667965	0.105349	-0.0610042	0.134071	
0.0677321	0.097003	-0.0632292	0.00304394	0.15267	-0.00342858	0.466268	0.020845	-0.0259893	0.125598	0.024017	0.0963663	-0.00215604	0.114827	0.00854545	0.0239863	-0.0364583	0.0122056	-0.0704131	0.00433867	-0.0234224	0.191175	0.73613	0.208615	0.00348626	0.23683	0.143984	-0.0493766	-0.0183745	0.110824	0.16869	0.0632009	-0.0611333	0.0353541	
0.117983	0.097362	0.135257	0.0193816	0.164719	-0.00242546	0.409378	-0.0806237	-0.0249862	0.226537	0.0495749	0.0973695	0.00954857	0.11583	0.0730717	0.00219426	0.0249894	0.0399092	0.0132087	-0.0734534	-0.0700618	-0.00323188	0.359185	0.200914	-0.00742391	0.251915	-0.0507814	-0.00893297	0.111827	-0.0134185	-0.0785945	0.348023	-0.00115292	
0.0793219	0.097362	0.0660455	0.00618344	0.196215	-0.00242546	0.409378	-0.0784199	-0.0249862	0.226537	0.0626174	0.104336	0.00954857	0.215672	0.0898442	0.00357618	0.0558427	0.0391301	0.0132087	-0.0587025	-0.0409323	-0.00371705	0.229758	0	-0.0121521	0.240837	0.00499548	0.145562	-0.0339994	0.0313506	0.111827	0.0259566	-0.0785945	0.208075	-0.062249	
0.104115	0.097362	0.0946329	0.00618344	0.227898	-0.00242546	0.409378	-0.0625512	-0.0242323	0.231901	0.0749425	0.104336	-0.00119704	0.219443	0.0420992	0.00210412	0.0558427	0.0252048	0.0132087	-0.0762987	-0.0482913	-0.00371705	0.129608	0	-0.0311198	0.240837	-0.0308374	0.235436	-0.0317423	0.111827	0.0259566	-0.03994	0.414272	0.00248412	
0.104115	0.0853412	0.0946329	0.0519066	0.234429	-0.00242546	0.344064	-0.084812	-0.0242323	0.197273	-0.00239237	0.104336	0.00508407	0.0304699	0.0446447	0.0127903	0.0689	0.0440638	0.0132087	-0.0768522	-0.0835412	-0.00371705	0.112806	0	-0.0714298	0.0423184	0.240837	-0.0174306	0.146689	-0.00254911	0.111827	-0.0223844	0.0100678	0.99503	0.000370731	
0.104115	0.123619	0.0851704	0.0199934	0.234429	0.00462069	0.344064	-0.0439953	-0.0242323	0.288111	-0.013739	0.104336	0.00508407	0.153286	0.0775137	-0.0196594	0.0592302	0.0221179	0.0145166	-0.0498049	-0.0833222	-0.0232179	0.112031	-0.00692982	-0.0550623	0.240837	0.021685	0.294395	-0.00254911	0.06834	-0.0148737	0.0100678	0.945227	
0.0721135	0.123619	0.0830926	0.00925476	0.234429	0.00462069	0.317816	-0.0512768	-0.0384425	0.144848	-0.0449013	0.104336	0.0146636	0.00954392	0.0369108	0.0592302	0.0221179	0.0145166	-0.0247263	-0.0575297	-0.0333274	0.113963	-0.0273183	-0.00890459	0.240837	0.021685	0.524841	0.234429	0	0.69288	0.0543531	0.0126882	-0.0503838	-0.00284928	
0.115525	0.123619	0.0830926	0.0270299	0.244984	0.00462069	0.319001	0.107348	-0.0427271	0.0891339	0.0146636	0.0869928	0.0643401	-0.0763244	0.0476499	-0.0581767	0.0432516	0.0376445	0.0145166	-0.0887954	-0.00748425	-0.0436858	0.351692	-0.0273183	0.00700528	0.240837	0.000540115	0.524841	0.213083	-0.00851172	0	0.69288	0.0833761	-0.0414987	-0.0121203	
0.121376	0.121131	0.0393915	0.0270299	0.244984	0.00557499	0.38843	0.0391454	-0.0440328	0.0981427	0.0176355	0.0869928	0.0643401	-0.0902041	0.044789	-0.0617623	0.0432516	-0.00851172	0.0166295	-0.084667	-0.0174223	-0.00629565	0.284964	-0.0437813	-0.017435	0.240837	-0.00726827	0.524841	0.219339	0.0158495	0	0.69288	0.0833761	-0.0135793	
0.123437	0.123552	0.0414534	0.0290918	0.253317	0.00763689	0.361655	0.0412073	-0.0419233	0.0481955	0.0196974	0.0890547	0.0422515	-0.0629669	0.078272	0.0101736	0.00978133	0.0178453	0.0173383	-0.0609253	-0.0348252	-0.0379523	0.287026	-0.0256936	-0.0153731	0.242899	0.0497906	0.27134	0.0823828	-0.0139858	-0.00550639	0.553518	0.782733	
0.0753539	0.0967766	0.0567479	0.0282704	0.29077	0.00763689	0.361655	0.00141071	-0.0419233	0.0966301	0.0150413	0.0890547	0.0556047	-0.0544315	0.0528337	0.0259322	-0.00682837	0.024327	-0.056511	0.000155477	-0.0232239	0.287026	-0.00107083	-0.0501492	0.242899	0.00455369	0.27134	0.0823828	-0.00744865	0.0142023	0.0402604	0.515774	0.741877	
0.0753539	0.112287	0.0792618	0.0285442	0.29077	0.00763689	0.361655	0.0120593	-0.0411977	0.135373	0.0195219	0.0890547	0.0917565	-0.0845906	0.128028	-0.0118519	-0.0116274	0.024327	-0.047225	0.00803551	-0.0243725	0.186421	-0.017361	-0.0326284	0.289977	-0.0195159	-0.0296708	0.0823828	0.087629	0.0142023	0.0402604	0.367519	0	0.828491	
0.124378	0.107168	0.101851	0.0285442	0.268638	0.00763689	0.0505597	0.00781416	-0.0382304	0.0582029	0.0212693	0.0615715	0.145996	-0.0823669	0.361655	0.0383772	-0.0160131	-0.013164	0.024327	-0.0888119	-0.0175874	-0.0243725	0.288557	-0.0543946	-0.0136091	0.272312	-0.00868271	0.0761116	0.477478	-0.0129788	0.0630826	0.323342	
0.124378	0.104682	0.0646243	0.0285442	0.217284	0.00763689	-0.0205171	0.0794781	-0.046636	0.0689271	0.0250494	0.0615715	0.184642	-0.0762106	0.30339	0.0510724	-0.0324855	-0.0310534	0.024327	-0.0868693	-0.0175874	-0.00365939	0.369795	-0.0594063	-0.0244492	0.272312	0.0282624	0.0904298	0.477478	-0.0594115	0.0321679	0.438072	
0.0850418	0.144454	0.0757797	0.0317959	0.242817	0.00763689	-0.0111573	0.206971	-0.046636	0.0376101	0.0442361	0.0615715	0.232672	-0.0648088	0.304391	0.09125	0.00385631	-0.00204437	0.0267248	-0.0731125	-0.0446235	-0.0134398	0.369795	-0.0465623	0.0434989	0.271916	0.005301	0.112206	0.315566	-0.0582898	0.0486307	0.438072	0	0.0653475	
0.0830654	0.118318	0.0404914	0.037799	0.26975	0.00407901	0.0433335	0.135524	-0.0356136	0.0321022	0.0241257	0.0933641	0.334006	-0.0648088	0.304391	0.369322	0.00385631	0.0267469	0.0314487	-0.0803299	-0.0716551	0.0215355	0.369795	9.37904e-07	0.12305	0.268567	-0.000440146	0.112206	0.285333	-0.0695601	0.0456324	0.517435	-0.0177149	0	0	
0.0726036	0.118318	0.0385449	0.0389559	0.238382	0.00353013	0.0417939	0.112594	-0.0356136	0.100928	0.0241257	0.0933641	0.198757	-0.073696	0.393631	0.179182	0.00279678	0.0309719	0.0325768	-0.0680137	-0.0546023	-0.015963	0.238443	-0.0309815	0.132533	0.268567	0.00257445	0.0960694	0.215092	-0.0715951	0.0456324	0.572585	0.0196105	
0.0726036	0.118318	0.0563281	0.0349875	0.150894	0.00353013	0.0605186	0.0780177	-0.0356136	0.100928	0.0306702	0.0933641	0.165891	-0.0694942	0.318999	0.106043	0.00279678	-0.0154324	0.0325768	-0.0662154	0.0614962	-0.015963	0.240614	0.00120993	0.028595	0.268567	-0.0295996	0.0960694	0.398942	-0.0715951	0.035116	0.678213	
0.0726036	0.118318	0.0474498	0.00837464	0.150894	0.00353013	0.268707	0.10828	-0.0295921	0.102801	0.0186379	0.111989	0.0903647	-0.0572225	0.280119	0.238154	0.0112063	0.00111469	0.0325768	-0.062083	0.0589855	-0.015963	0.312491	0.0213374	-0.01246	0.268567	0.00954548	0.0765351	0.0571513	-0.0546285	0.035116	0.675753	0.0143339	
0.0884114	0.143596	0.043556	0.00912382	0.150894	0.00353013	0.0537633	-0.00355949	-0.0349959	0.169206	0.00407182	0.10534	0.00682677	-0.0655875	0.368584	0.193643	0.0149986	-0.0193079	0.0236393	-0.062083	0.0589855	-0.0174394	0.240196	0.0341304	-0.0404765	0.268567	-0.0227888	0.0765351	0.0247304	-0.0482507	0.0560615	0.800273	0	
0.101755	0.143596	0.0312001	0.00912382	0.150894	0.00353013	0.0537633	0.00464327	-0.0349959	0.137074	0.016565	0.110895	0.158996	-0.0539951	0.368584	0.673544	0.0119212	0.00358242	0.0236393	-0.0673135	0.077962	-0.0174394	0.128357	0.0341304	-0.0343594	0.232077	0.00591362	0.0765351	0.0369868	-0.057963	0.0322682	0.800273	
0.11141	0.101762	0.0544673	0.0124997	0.150894	0.00205906	0.131819	0.0454144	-0.0438519	0.137074	0.0136051	0.0752185	0.132933	-0.0473805	0.368584	0.486054	0.0195276	-0.00996112	0.0236393	-0.0796792	-0.0179095	0.0108594	0.109351	0.0207377	-0.00952377	0.272428	0.00220636	0.0817037	0.147501	-0.053538	0.0554578	0.800273	0	
0.095483	0.101627	0.0452917	0.01964	0.162382	0.00269745	0.117763	0.0852576	-0.0438519	0.137074	0.0136051	0.0693868	0.0983861	-0.0343432	0.366039	0.523019	0.0484717	0.0238852	0.0151719	-0.0801098	0.0361726	0.0108594	0.15496	0.0207377	-0.00952377	0.272428	-0.00208425	0.0817037	0.0861765	-0.0663336	0.0248984	0.769994	0.0584691	
0.0946898	0.118064	0.0540327	0.02738	0.162382	-0.0018944	0.10834	0.0647471	-0.0438519	0.11847	0.0185566	0.0693868	0.100439	-0.0419968	0.337883	0.392966	0.0567614	-0.0022669	0.0151719	-0.0864242	-0.0145234	-0.0012312	0.0897364	-0.00709528	0.0269984	0.24922	-0.00208425	0.0817037	0.392345	-0.097368	0.0701784	0.769994	0	0	
0.0989329	0.118064	0.0831361	0.0247542	0.162382	-0.0018944	0.0747779	0.0633512	-0.0438519	0.0913581	0.0321144	0.104195	0.0278724	-0.0664495	0.337883	0.320848	0.0439576	-0.0179862	0.0151719	-0.0726905	0.0511642	-0.0012312	0.00616324	0.0251391	-0.0210959	0.24922	-0.00208425	0.0817037	0.473516	-0.0910357	0.0388316	0.798763	-0.0130075	
0.0989329	0.118064	0.0986761	0.0459529	0.162382	-0.0018944	0.00652176	0.0102627	-0.036667	0.101122	0.0114718	0.114798	0.0456074	0.00246908	0.337883	0.381922	0.0439576	-0.0354822	0.0151719	-0.0671773	0.0334946	-0.020224	0.138972	0.0251391	-0.0210959	0.24922	0.0151337	0.0817037	0.352656	-0.0984197	0.0428145	0.798763	0	0	
0.134957	0.118476	-0.0252741	0.0459529	0.162382	-0.0018944	0.0510602	0.00679564	-0.0409452	0.0958828	0.0299342	0.114798	-0.0480418	-0.0852403	0.337883	0.351936	0.0439576	-0.0283576	0.0151719	-0.00182868	0.0159215	-0.020224	0.105037	-0.00793963	-0.0250387	0.24922	0.0148315	0.0817037	0.501426	-0.0984197	0.0291293	0.822051	
0.134792	0.114691	0.908037	0.0558695	0.162217	-0.00205937	0.0558129	0.0438537	-0.0411102	0.0912712	0.0297692	0.114633	0.0146244	0.00336327	0.337718	0.202974	0.0438832	0.0243139	0.015007	-0.00199365	0.00196068	-0.0203889	-0.0103244	0.026342	-0.0478414	0.277242	0.00144464	0.0815387	0.21996	-0.0949683	0.0626234	0.00692086	0	
0.116689	0.117092	0.908037	0.0223537	0.162217	-0.00205937	0.0564333	0.0761323	-0.0395567	0.159747	0.0297692	0.0951834	0.0246244	0.00336327	0.337718	0.255092	0.0499626	-0.0151799	0.015007	-0.0139731	-0.0381854	-0.0177739	0.0884189	0.119625	-0.0217051	0.277242	-0.0144125	0.0802277	0.19672	-0.0606447	0.052354	0.0637101	
0.0869108	0.130493	0.0223537	0.162217	-0.00205937	0.191066	0.0761323	-0.0493102	0.159747	0.0418757	0.0699933	0.0246244	0.0051726	0.401536	0.22684	0.114896	-0.00809112	0.015007	0.904502	-0.0161982	-0.00688217	0.181034	0.10531	-0.000880693	0.277242	-0.00142688	0.0802277	0.202607	-0.0524563	0.0384736	0.0637101	-0.0351585	
0.0682868	0.159752	0.0223537	0.167691	5.89268e-05	0.17901	-0.0322898	-0.0493102	0.159747	0.0464731	0.0976863	0.00591578	0.0051726	0.389896	0.219482	0.114896	-0.0228064	0.015007	0.904502	-0.0434138	-0.0110514	0.0950751	0.10531	0.0970387	0.295272	-0.0274805	0.0802277	0.0668076	-0.0395314	0.0384736	0.0637101	
0.0782928	0.164701	0.0223537	0.200128	0.0474716	5.89268e-05	0.110304	-3.08347e-06	-0.0513193	0.0438998	0.0369993	0.0649055	-0.0190596	0.0618306	0.389896	0.269852	0.0884661	0.00901892	0.015007	0.985441	-0.0419246	-0.0223129	0.0751523	0.0320869	0.0727845	0.295272	-0.00395235	0.0802277	0.114961	-0.00853459	0.0514021	0.0618447	
0.121289	0.170809	0.0223537	0.200128	5.89268e-05	0.0661934	-0.0535559	-0.0513193	0.0393532	0.0449734	0.0721383	0.0223818	-0.00978628	0.414383	0.283682	0.0884661	0.0368809	0.015007	0.976185	-0.0546001	-0.0202699	0.113781	0.049505	0.104429	0.295272	0.0322324	0.0688539	0.0337258	0.0175957	0.0128954	0.0618447	
0.109149	0.170809	0.0223537	0.200128	5.89268e-05	0	0.0231904	-0.0646859	-0.0540406	0.0312915	0.0442518	0.0721383	-0.0320344	-0.00978628	0.386371	0.471328	0.0884661	0.0325401	0.015007	1.0094	-0.0431461	-0.00608637	0.093088	0.0180719	0.0821158	0.291636	-0.000550496	0.0688539	-0.0026124	0.00243825	0.0128954	0.0618447	
0.109149	0.211672	0.0223537	0.200128	5.89268e-05	-0.0269671	-0.000212353	-0.0600822	0.0440695	0.0442518	0.0721383	-0.0357585	-0.0128914	0.379561	0.113481	0.0503095	0.0918263	0.0133403	0.554115	-0.0257075	-0.00900353	0.110156	-0.00153294	0.15583	0.291636	-0.0134015	0.0688539	0.125769	0.0333546	0.0401827	0.0642395	
0.0659858	0.211672	0.0229681	0.200128	5.89268e-05	0.0638299	-0.0486458	0.0305233	-0.0600822	0.134611	0.060061	0.0760891	-0.0128914	0.322948	0.165083	0.0503095	0.0345396	0.0143081	0.796103	-0.00666145	0.00271514	0.0877241	0.0814657	0.15583	0.270471	-0.00964365	0.0692178	0.125769	0.10839	0.0401827	
0.157088	0.211672	0.0229681	0.173039	5.89268e-05	0.0661261	-0.0592123	0.0817902	-0.0600822	0.11198	0.0360057	0.0644594	0.0424278	0.331365	0.145667	0.0762373	0.0283	0.0120118	1.00356	0.00578488	-0.0191203	0.0750112	-0.0267932	0.0543134	0.192228	0.270471	0.0400841	0.0739323	0.291951	0.00654405	
0.159892	0.214476	0.0300998	0.175843	0.00286294	0.0661261	0.0401304	0.0896861	-0.0590116	0.132811	-0.0283845	0.0522175	0.028492	0.334169	0.0629222	0.0790413	-0.0239365	0.0148159	1.1988	-0.0570387	0.0162682	0.1052	-0.0261116	0.0100161	0.176732	0.253545	0.0428881	0.0832611	0.147981	0.0154201	-0.161897	
0.103222	0.16989	0.0300998	0.166365	0.00286294	0.0735039	0.0580598	0.0710714	-0.0661429	0.132811	-0.0283845	0.0522175	-0.00928725	0.298424	0.124924	0.0790413	0.0060109	0.0148159	1.05992	-0.0484159	0.0162682	0.119654	-0.0299008	0.0815165	0.176732	0.253545	0.0428881	0.0925483	0.213416	0.0585761	-0.0243063	
0.0943447	0.16989	0.0300998	0.166365	0.00286294	0.0735039	0.00902107	-0.000936735	-0.0661429	0.156785	-0.0323128	0.0868835	-0.00928725	0.298424	0.101111	0.0790413	-0.0103299	0.0148159	1.41301	-0.0718293	0.0162682	0.146237	-0.0299008	-0.0164363	0.176732	0.216401	0.0428881	0.0832611	0.175806	0.0436658	-0.0207789	
0.0943447	0.16989	0.0300998	0.166365	0.00286294	0.0799069	-0.0560648	-0.000936735	-0.0686019	0.280788	-0.048517	0.0662365	-0.00928725	0.357649	0.0539152	0.0790413	0.00197341	0.00841287	1.41301	-0.0438449	0.00500137	0.141998	-0.00295998	-0.0164363	0.253564	0.257051	0.0428881	0.0832611	0.0610793	0.0801626	-0.0133158	
0.0943447	0.16989	0.0300998	0.155994	0.00286294	0.0965397	-0.0248084	0.0391755	-0.0686019	0.317975	-0.0567675	0.0873856	-0.034274	0.357649	0.109501	0.0929584	-0.0418486	0.00487119	1.22301	-0.0231793	0.0284595	0.11414	0.0235498	-0.0301981	0.181588	0.257051	0.0490177	0.0832611	0.0610793	0.0716421	
0.107049	0.163876	0.0300998	0.176174	-0.000162792	0.0829322	0.00466016	0.0307003	-0.0686019	0.227715	-0.0436827	0.0873856	-0.0265441	0.390879	0.107399	0.09363	-0.0323744	0.00487119	1.20764	-0.0189262	0.0252197	0.0711583	-0.023887	-0.00822639	0.184614	0.257051	0.057434	0.0832611	0.045951	0.0737754	0	
0.11851	0.163876	0.041144	0.180098	-0.000162792	0.120448	0.000339537	-0.00045074	-0.0614517	0.174388	-0.0558921	0.0873856	-0.0381604	0.342711	0.358761	0.09363	-0.0322846	0.00487119	1.20764	-0.0557915	0.0252197	0.092748	0.00250112	0.0183078	0.211566	0.213284	0.057434	0.12758	0.045951	0.0779824	0.0150434	
0.131068	0.163876	0.0273726	0.176678	-0.000162792	0.120236	0.00959786	0.0659636	-0.0612702	0.309223	-0.0406161	0.0820771	-0.0153447	0.342711	0.340751	0.09363	-0.0302051	0.00508343	1.14664	-0.0437341	0.0205376	0.163674	0.000378102	0.0919271	0.211566	0.221902	0.057434	0.0905875	0.0266072	0.0941243	-0.00541644	0.064822	
0.131068	0.16947	0.049142	0.176678	-0.000162792	0.115739	0.0544129	0.101857	-0.0629331	0.171508	-0.0505628	0.0820771	-0.0421296	0.342711	0.294847	0.0726391	-0.0270566	0.00508343	1.15033	-0.0100632	-0.00619844	0.049697	0.0061707	0.0873018	0.174983	0.221902	0.057434	0.117372	0.0265316	0.0710345	-0.0326752	-0.033834	
0.106004	0.16947	0.049142	0.176678	-0.0103144	0.0960549	0.0672713	0.101857	-0.0629331	0.206919	-0.0505628	0.0868011	-0.0437483	0.342711	0.150249	0.0673834	-0.00453765	0.0159566	1.15033	-0.0441166	-0.00619844	0.00982186	0.0061707	-0.00115531	0.185134	0.221902	0.0466087	0.118991	0.0117396	0.0710345	
0.150766	0.16947	0.049142	0.176678	-0.0122415	0.0873539	0.135844	0.0502443	-0.0629331	0.190485	-0.0505628	0.0712631	-0.0656503	0.342711	0.164137	0.0673834	-0.00952351	0.00723323	0.747851	-0.0120614	-0.00847013	0.0669618	-0.00349283	-0.00367165	0.187062	0.221902	0.0391158	0.148892	0.0248243	0.0494009	
0.151848	0.170551	0.0502234	0.189774	-0.0111601	0.0788411	0.0157517	0.0482911	-0.0618516	0.267017	-0.0494814	0.0723445	-0.0784479	0.343792	0.233943	0.0671054	-0.0237224	0.0168275	0.717626	-0.0377733	-0.0243451	0.0441336	0.0565561	0.0182984	0.187062	0.261763	0.0438623	0.162771	0.0825604	0.0656923	0	
0.199434	0.170551	0.0703195	0.191303	-0.0111601	0.0788411	0.138203	0.0932859	-0.0687435	0.153474	-0.0528514	0.0723445	-0.0652123	0.343792	0.207851	0.0659218	-0.0350669	0.0168275	0.652424	-0.0434677	0.00811576	0.152265	0.0496555	0.0288735	0.245253	0.261763	0.0438623	0.149535	0.0825604	0.101709	-0.00852356	
0.199434	0.170551	0.0512281	0.233121	-0.0139729	0.0872189	0.156454	0.0573798	-0.0675467	0.207723	-0.04444	0.0723445	-0.0587176	0.343792	0.0798248	0.0659218	-0.0386295	0.0110171	0.652424	-0.00993068	0.00811576	0.148406	0.0377119	0.0402418	0.268843	0.233948	0.0438623	0.0843229	0.118592	0.089571	
0.161327	0.170551	0.0376939	0.233121	-0.0142374	0.106219	0.239529	-0.0209109	-0.0727223	0.16196	-0.0446438	0.0695746	-0.0597409	0.343792	0.0685041	0.0311241	-0.0448674	0.0110171	0.652424	-0.0592047	0.00811576	0.159392	0.0193023	-0.0181199	0.231196	0.233948	0.0467861	0.144064	0.152826	0.123238	
0.161327	0.177153	0.0376939	0.179727	-0.0142374	0.0823105	0.200845	-0.0209109	-0.0727223	0.115664	-0.0522473	0.0722372	-0.0566204	0.37832	0.0688523	0.0311241	-0.0448674	0.0110171	0.634789	-0.0603254	0.00811576	0.159392	0.0289589	0.0441755	0.265671	0.233948	0.0467861	0.140943	-0.0367982	0.0702744	
0.161327	0.177153	0.0376939	0.171229	-0.00912986	0.0870918	0.118045	0.045652	-0.0642462	0.152425	-0.0595255	0.0722372	-0.0615563	0.302761	0.203618	0.0121991	-0.0292359	0.0110171	0.625786	-0.0470567	0.0255699	0.152934	0.0289589	0.0844408	0.260563	0.233948	0.0467861	0.145879	-0.0337568	0.0328067	-0.00743392	0	
0.161327	0.115559	0.0376939	0.150621	-0.00912986	0.0821021	0.126403	0.0503862	-0.058484	0.124427	-0.0594586	0.0747191	-0.0841576	0.300249	0.271987	0.0113638	-0.0455472	0.0110171	0.625786	-0.057873	-0.00446741	0.209301	0.0203795	0.139316	0.260563	0.233948	0.0405887	0.0843229	-0.0314065	0.011463	0.0319161	
0.192109	0.115559	0.0322554	0.150621	-0.00912986	0.0821021	0.0967811	0.00187738	-0.0695203	0.135454	-0.0671537	0.0747191	-0.0724405	0.326391	0.148688	-0.000194032	-0.0051037	0.0110171	0.625786	-0.0556481	-0.00446741	0.10439	0.0203795	0.150368	0.260563	0.233948	0.0405887	0.156763	-0.0303493	0.0151916	0.044077	0	-0.0431877	
0.192109	0.0971227	0.0322554	0.150621	-0.00912986	0.0821021	0.183828	0.145822	-0.0693478	0.150253	-0.0589466	0.0747191	-0.0698237	0.326391	0.28561	0.0134597	-0.0125579	0.0110171	0.546214	-0.0140799	0.0218961	0.130118	0.00444084	0.116746	0.275255	0.260574	0.0243003	0.154147	-0.0289778	-0.0261637	0.044077	-0.0478864	
0.146655	0.0971227	0.0282899	0.148233	-0.00912986	0.0967772	0.108397	0.142701	-0.076092	0.198103	-0.0876429	0.0747191	-0.0702983	0.326391	0.431734	-0.00838998	-0.0125579	0.0110171	0.546214	0.0302159	0.0218961	0.131352	0.00390273	0.123051	0.300838	0.260574	0.0243003	0.154621	-0.0426969	-0.0432659	0.044077	0.0107645	0	
0.146655	0.101195	0.0282899	0.127497	-0.00912986	0.092664	0.0876493	0.172788	-0.0715765	0.198103	-0.0860786	0.0769401	-0.0703838	0.299448	0.309325	-0.00344047	0.00576575	0.0110171	0.546214	-0.0511254	0.0103567	0.0994922	0.00390273	0.155569	0.275316	0.260574	0.0381821	0.154707	-0.0647616	-0.0187666	0.044077	
0.146655	0.0799523	0.0280748	0.127497	-0.0142027	0.092664	-0.00210518	0.172788	-0.0656828	0.172867	-0.0613385	0.0769401	-0.0717388	0.31798	0.27596	-0.00344047	0.017581	0.0110171	0.614844	-0.0789109	0.00110884	0.0698079	0.0076069	0.0977498	0.280388	0.260574	0.0616026	0.151489	-0.0457728	-0.0187666	0.0302346	0	0	
0.146973	0.0764982	0.0334031	0.127816	-0.0130461	0.0871546	-0.00178654	0.173106	-0.0653642	0.168182	-0.057004	0.0692937	-0.0584723	0.318298	0.186709	-0.0323313	0.0470134	0.0113358	0.615163	-0.0389944	-0.00037171	0.0978376	0.0102959	0.0473663	0.276638	0.227721	0.0619212	0.138541	-0.0454542	0.00416995	0.0305532	
0.169804	0.0764982	0.0334031	0.127816	-0.0130461	0.0707007	0.0232587	0.0629535	-0.0653642	0.140515	-0.0232283	0.0692937	-0.0379349	0.371574	0.153636	-0.0323313	0.0470134	0.0165442	0.545768	-0.0665802	0.0139976	0.0978376	0.0363808	0.0722388	0.276638	0.227721	0.0619212	0.118004	-0.0466468	0.00416995	0.0324084	
0.207983	0.0764982	0.0240505	0.127816	-0.0130461	0.0707007	0.00562996	0.0629535	-0.0672593	0.140515	-0.0531819	0.0692937	-0.0612383	0.41858	0.0569144	-0.0414193	-0.000805228	0.0165442	0.545768	0.0516518	0.0139976	0.165735	0.0363808	-0.0201593	0.286008	0.227721	0.0493953	0.0953902	-0.0605911	-0.0431932	0.0324084	
0.207983	0.0560184	0.0240505	0.141107	-0.0130461	0.0707007	-0.0257288	-0.00185175	-0.0672593	0.17175	-0.0738373	0.0692937	-0.075378	0.465482	0.111637	-0.0238358	0.00458634	0.0165442	0.545768	-0.028916	-0.00181823	0.165735	0.0363808	0.0080893	0.286008	0.227721	0.0493953	0.0953902	-0.0533942	-0.0431932	0.0324084	
0.196234	0.0560184	0.0362378	0.128763	-0.021145	0.0992266	-0.0123923	0.0114578	-0.0672593	0.195961	-0.037023	0.0692937	-0.0799252	0.465482	0.194589	-0.0440793	-0.0240301	0.0165442	0.437993	-0.0588032	0.0167561	0.0746776	0.0363808	0.0591717	0.294107	0.227721	0.0493953	0.0872952	-0.0533942	-0.0431932	0.0324084	0	
0.182619	0.0944131	0.0543265	0.128763	-0.021145	0.0769369	0.051167	0.0909378	-0.069384	0.195961	-0.037023	0.0692937	-0.0650617	0.465482	0.355005	-0.036245	0.00483992	0.00946712	0.41637	-0.0159557	0.0167561	0.145073	0.0363808	0.0495107	0.294107	0.214025	0.0493953	0.0872952	-0.032567	-0.0112109	0.0332734	0.0643798	0	
0.182619	0.0877402	0.0349942	0.128763	-0.021145	0.101718	0.0725405	0.0203706	-0.0656441	0.107208	-0.0398775	0.0565637	-0.0633869	0.465482	0.531559	-0.0630603	-0.0069503	0.0065986	0.382295	0.0190203	-0.00171973	0.0256944	0.0363808	0.0030348	0.294107	0.219974	0.0694257	0.0845682	-0.0419952	-0.0112109	0.0456862	
0.182619	0.0877402	0.0349942	0.128763	-0.021145	0.102384	-0.00974128	0.0254667	-0.0656842	0.0846211	-0.0197374	0.0676026	-0.0227101	0.465482	-0.0630603	-0.0193814	0.00593225	0.382295	0.00383845	0.00418635	0.088422	0.0296566	0.0829849	0.299503	0.219974	0.0561111	0.0857131	-0.0279643	-0.0547577	0.0456862	0.0761703	
0.182619	0.0877402	0.0349942	0.128763	-0.021145	0.091343	0.0420614	0.047947	-0.0649573	0.0138374	0.00623964	0.0853381	-0.0470673	0.395336	-0.0525001	0.0127626	0.00133214	0.399852	-0.0161708	0.00380502	0.0896473	0.0296566	0.0120587	0.299503	0.222311	0.0502443	0.0857131	-0.0262772	-0.0558301	0	0.0456862	-0.0606193	
0.160342	0.0877402	0.0288464	0.143501	-0.021145	0.0874411	0.0633292	0.00896297	-0.0711791	0.0292473	0.0238438	0.062652	-0.0549163	0.395336	-0.0525001	0.0663353	0.0052341	0.357148	-0.0499817	-0.00422515	0.047902	-0.00508165	0.0460757	0.288458	0.211074	0.0634898	0.0916794	-0.0553706	-0.0709169	-0.0132989	
0.159704	0.0718702	0.0288464	0.143501	-0.021145	0.0874454	0.0373614	0.0243536	-0.0711791	-0.00420769	0.0655617	0.0856494	-0.0549163	0.395336	-0.0587387	0.078526	0.0052341	0.335608	-0.0695794	-0.00422515	0.0516064	0.0194375	0.0226753	0.362423	0.211074	0.0734395	0.0916794	-0.0121986	-0.0382718	0.024277	
0.146402	0.0718702	0.0175356	0.143501	-0.021145	0.104688	0.0615678	0.0467128	-0.0636074	-0.00267126	0.0478852	0.0856494	-0.0552843	0.406941	-0.0617596	0.0791805	0.0110004	0.335608	-0.075041	0.0146454	0.0760005	0.00279376	0.0740615	0.362423	0.211074	0.0623784	0.0916794	-0.0643044	-0.0652575	0.0222179	
0.159122	0.0870959	0.0175356	0.143501	-0.0222002	0.104688	0.121539	0.0467128	-0.0717998	-0.0167328	0.0478852	0.102357	-0.0336911	0.406941	-0.0369598	0.0792171	0.0110004	0.335608	-0.0782599	0.0318249	0.0364937	0.0310081	0.110615	0.363478	0.188092	0.0544763	0.0916794	-0.0745352	-0.0521396	0.0199248	-0.0084905	
0.160906	0.097153	0.0175356	0.150492	-0.0222002	0.104688	0.117353	-0.011729	-0.0731899	-0.0210581	0.0478852	0.102357	0.371546	-0.0528348	0.0792171	0.0110004	0.335608	-0.061972	-0.0502465	-0.0164591	0.0525978	0.0579392	0.0389169	0.394592	0.188092	0.0701834	0.0885247	-0.0583145	-0.0692993	0.0199248	-0.0518237	0	
0.160906	0.097153	0.0311974	0.150492	-0.0222002	0.104688	0.117353	-0.0505952	-0.0731899	0.000202028	0.0478852	-0.0154011	0.311719	-0.0346654	0.084264	0.0110004	0.335608	-0.159679	0.0165209	0.00713488	0.0451991	0.00721985	0.000884771	0.394592	0.230569	-0.0260276	0.0890868	-0.0263969	-0.0533203	-0.0577543	0.0563553	0.0447954	
0.160906	0.097153	0.0311974	0.137549	-0.0259344	0.11106	0.150468	-0.0471785	-0.0616616	0.000202028	0.0478852	0.00298502	0.320903	-0.0445203	0.101238	0.00462827	0.335608	-0.147144	-0.038195	0.00403549	0.00614628	0.0328089	0.0855463	0.398326	0.216621	-0.0119223	0.0707007	-0.0291651	-0.0376269	-0.0738876	-0.00716867	
0.157437	0.104623	0.0311974	0.177339	-0.0390324	0.119201	0.242707	-0.0555663	-0.0616616	0.0178259	0.0635788	0.0197568	0.362456	-0.0445203	0.101238	0.0143312	0.335608	-0.13124	-0.0437613	0.000585269	0.0743697	-0.0188711	0.0855463	0.411424	0.216621	0.0162877	0.0539289	-0.0387854	-0.0807374	-0.0592743	
0.119572	0.104623	0.033811	0.177339	-0.0390324	0.11414	0.242707	-0.0607098	-0.0616616	-0.0110787	0.0363742	0.0197568	0.30618	-0.0445203	0.101238	0.0143312	0.335608	-0.135354	-0.0479416	-0.0240615	0.18254	0.0101201	0.125239	0.411424	0.219624	-0.00050409	0.0539289	-0.0257302	-0.0447865	-0.0902144	
0.119572	0.104623	0.033811	0.177339	-0.0390324	0.11414	0.156702	-0.018504	-0.0584518	0.0519379	0.0214566	0.0197568	0.40186	-0.0530308	0.101238	0.0143312	0.335608	-0.1123	-0.0648411	-0.00371423	0.117986	-0.0225248	0.0727784	0.41662	0.193053	8.05718e-05	0.0539289	-0.0140575	-0.0553185	-0.0804616	-0.0773275	
0.115735	0.122922	0.0385025	0.204485	-0.0343408	0.124008	0.12736	-0.0169666	-0.0666616	0.00601909	-0.0031388	0.0197568	0.365079	-0.0483393	0.10593	0.0190228	0.340299	-0.114258	-0.0794803	-0.00355255	0.122678	0.00152607	-0.0537716	0.41662	0.197745	0.0170577	0.0586204	-0.0475721	-0.0508985	-0.0373866	
0.109456	0.122922	0.0385025	0.204485	-0.033157	0.096636	0.100822	-0.028187	-0.0666616	0.00718835	-0.0031388	0.0185532	0.39765	-0.037047	0.10771	0.0190228	0.356616	-0.104918	-0.0495593	-0.00355255	0.160748	0.0706351	-0.0566814	0.457623	0.197745	-0.010362	0.0586204	-0.00863749	-0.0671394	-0.0449091	0	
0.109456	0.122922	0.0413745	0.204485	-0.033157	0.11011	0.0428649	-0.0334223	-0.0610982	0.0467108	0.00261821	0.0185532	0.294016	-0.0382709	0.10771	0.013186	0.370968	-0.11302	-0.0702637	-0.0304652	0.0796844	0.0500791	0.0028507	0.450639	0.197745	0.0163226	0.0586204	-0.00863749	-0.0629774	-0.0449091	-0.00719617	
0.109456	0.122922	0.0456226	0.204485	-0.033157	0.102383	-0.0287099	-0.00424633	-0.0624892	0.0378152	0.00261821	0.0185532	0.404456	-0.0303709	0.0889961	0.0209123	0.156086	-0.132016	-0.0702637	-0.0237777	0.110161	-0.00833601	-0.0174744	0.450639	0.197745	0.021283	0.0586204	0.000557875	-0.0462407	-0.0316948	0	
0.159596	0.134002	0.0456226	0.239295	-0.043986	0.102383	-0.0500685	0.0220491	-0.0624892	0.0586469	-0.00293636	0.0208774	0.332412	-0.0493204	0.0889961	0.0209123	0.0974522	-0.140673	-0.0540017	-0.0166593	0.15306	-0.00472379	0.0539854	0.406953	0.251634	0.0236072	0.0562962	-0.0428437	-0.0343713	-0.0293706	
0.159596	0.134002	0.0330139	0.239295	-0.043986	0.0926859	-0.0874348	0.005534	-0.0624892	0.0346465	-0.0416919	0.0037736	0.293049	-0.0453918	0.0808778	0.0153249	0.0591917	-0.125612	-0.0480666	0.00118287	0.105718	-0.00472379	0.0663201	0.406953	0.251634	0.0185654	0.0562962	-0.0167098	-0.0708555	-0.0416534	-0.0130345	0	0	
0.161447	0.135853	0.0432005	0.210288	-0.0421352	0.0896029	-0.0911361	-0.011401	-0.0606383	0.0587841	-0.0093175	-0.000454596	0.294045	-0.051532	0.0827286	0.0202587	0.0638508	-0.130815	0.0179697	-0.013218	0.114902	0.00839875	0.0501278	0.438471	0.280183	0.00763557	0.0623753	-0.0322496	-0.0593198	-0.0690632	0.00185084	0.0138376	
0.191706	0.135853	0.0432005	0.164887	-0.0421352	0.106558	-0.0904884	0.0248916	-0.0606383	0.0395783	-0.0110934	-0.000454596	0.39022	-0.0334466	0.0827286	0.0202587	0.076247	-0.116221	0.070596	-0.00840519	0.141756	0.0100517	0.0384074	0.438471	0.280183	0.002752	0.0623753	-0.0124352	-0.0648323	-0.105982	
0.181637	0.141531	0.0432005	0.164887	-0.0421352	0.107702	-0.0983219	-0.00834123	-0.051627	0.0769628	-0.0110934	-0.00766793	0.365233	-0.0408382	0.0827286	0.0185027	0.320405	-0.131016	-0.0275513	-0.0178028	0.141756	0.0100517	0.0159077	0.438471	0.243946	0.00984283	0.0634579	-0.00378324	-0.0653779	-0.0460643	
0.193816	0.141531	0.0403659	0.164887	-0.0421352	0.0837176	-0.0973823	0.0299466	-0.0569737	0.0529873	-0.00954233	0.0103425	0.347537	-0.0645897	0.088175	0.0185027	0.136445	-0.130323	0.0214006	0.0084387	0.183226	-0.00418813	0.0508888	0.438471	0.243946	0.0139834	0.0634579	-0.0387689	-0.0527799	-0.0867836	
0.203356	0.124045	0.0388319	0.163353	-0.0436692	0.0837176	-0.0920297	-0.0021014	-0.0651042	0.0448274	-0.0110763	0.0103425	0.323674	-0.0629233	0.086641	0.0169687	0.134911	-0.125672	0.0244706	0.0069047	0.0989746	0.00730612	-0.0077964	0.438471	0.242412	-0.00267934	0.0619239	-0.0350507	-0.0283348	-0.128885	0	
0.203356	0.124045	0.0298986	0.167314	-0.0436692	0.0948741	-0.0897084	0.00988802	-0.0606726	0.111246	0.0152503	0.0394304	0.297281	-0.0464557	0.0820417	0.0169687	0.170845	-0.125672	0.0244706	0.00389214	0.12025	0.046719	-0.0337605	0.479971	0.242412	-0.00267934	0.0619239	-0.0332271	0.00416603	-0.0991247	
0.202023	0.124045	0.0452983	0.172025	-0.0436692	0.101281	-0.0875154	0.0703928	-0.0538748	0.111246	0.0157909	0.00185563	0.297281	-0.011601	0.0915295	0.0142769	0.0789589	-0.133184	0.0214541	-0.0188823	0.171515	0.040075	-0.00383182	0.479971	0.246776	-0.00267934	0.0619239	-0.0487917	-0.0273097	-0.100228	0	0.0330788	
0.228195	0.124045	0.0452983	0.172025	-0.0436692	0.108306	-0.0760601	0.0654514	-0.0538748	0.0537433	-0.036009	0.0221866	0.297281	-0.0131695	0.0915295	0.00725119	0.202606	-0.147364	0.0234056	-0.00427039	0.223872	0.012036	0.0411996	0.479971	0.246776	0.00518861	0.0588393	-0.0553312	0.0440209	-0.103031	
0.249921	0.124045	0.0319357	0.195281	-0.0484295	0.108306	-0.0538113	0.0435953	-0.0631945	0.0468976	-0.035441	0.0221866	0.360051	-0.0131695	0.0915295	0.00725119	0.178127	-0.144314	0.0641113	-0.00427039	0.219521	0.0169603	0.033609	0.484732	0.237744	0.0203321	0.0588393	-0.0668994	0.0284153	-0.0665948	
0.294357	0.124045	0.0313887	0.195281	-0.0444161	0.089195	-0.0262372	0.00421543	-0.0629153	0.0566494	-0.015157	0.00638748	0.341035	-0.0155139	0.0915295	0.00688079	0.0744886	-0.142953	0.103743	0.0173489	0.229604	0.0321341	0.033609	0.480718	0.252227	0.0204671	0.0587042	-0.0736031	0.012152	-0.0983141	0.0165484	0.0482079	
0.295483	0.12272	0.0300637	0.193956	-0.0544463	0.0825765	0.021996	0.0139047	-0.0601877	0.0574263	-0.0281692	0.00638748	0.342672	-0.0322385	0.0902044	0.0121742	0.256503	-0.123492	0.104214	0.0160238	0.228279	0.0308091	-0.0311886	0.489423	0.212756	-0.00444549	0.0573792	-0.011814	0.00474893	-0.0983141	
0.296813	0.129393	0.0313936	0.188622	-0.0589117	0.0825765	0.042985	0.0293405	-0.0554715	0.0544751	-0.0152047	0.00638748	0.301048	-0.0309086	0.0907512	0.0135042	0.582552	-0.137129	0.0133152	0.0150112	0.214962	0.0573038	-0.0248428	0.458028	0.214086	0.00199975	0.0587091	-0.0589348	0.0163617	-0.0947721	
0.296813	0.129393	0.0756636	0.233947	-0.0589117	0.113612	-0.0164744	0.0492212	-0.0589187	0.068449	0.0280842	0.00638748	0.351086	-0.0473252	0.100465	0.0135042	0.424046	-0.127096	0.0361028	-0.00927358	0.25852	0.0213261	-0.00128401	0.458028	0.239459	-0.0268201	0.0587091	-0.0513088	-0.0257694	-0.0828194	
0.279776	0.171094	0.0756636	0.233947	-0.0636099	0.0895222	-0.0330219	0.12471	-0.0589187	0.0395806	0.0218159	0.00638748	0.351086	-0.0387659	0.100465	0.0135042	-0.124336	0.0773916	-0.0108624	0.167034	0.0487086	0.0282651	0.462726	0.210872	-0.0268201	0.0587091	-0.0374434	-0.0448215	-0.0840586	0.0426232	
0.228211	0.171094	0.0749159	0.233947	-0.0636099	0.109345	-0.0304368	0.100095	-0.0668283	0.112906	0.00303547	0.0567035	0.395256	-0.0388574	0.100465	0.000785359	-0.0157004	-0.115926	-0.0078735	0.0096383	0.120857	0.129226	0.116643	0.462726	0.210872	-0.0268201	0.0587091	-0.0216786	-0.0426456	-0.0842448	-0.0367727	
0.253421	0.159847	0.0774228	0.235094	-0.0561224	0.104818	0.167889	0.0982552	-0.0615722	0.115413	0.0087199	0.025732	0.352044	-0.0363506	0.102972	0.0152207	-0.0311937	-0.131296	-0.0130237	0.0121451	0.242399	0.113355	-0.0111078	0.460287	0.213379	-0.0268201	0.061216	0.0211224	0.00174858	-0.0387834	0.17522	
0.331496	0.17319	0.0699884	0.235094	-0.0593866	0.104818	0.161016	0.0616771	-0.0615722	0.110849	0.0087199	0.032138	0.444219	-0.0283069	0.105821	0.0152207	-0.0279482	-0.13394	0.0404659	-0.0120544	0.12919	0.113355	0.449102	0.213379	-0.0283346	0.0598307	-0.0546442	-0.000224715	-0.096214	-0.10394	
0.306125	0.17319	0.0699884	0.205623	-0.0593866	0.104818	0.134739	0.0159506	-0.0648403	0.111373	0.00718767	0.0254376	0.42064	-0.0254575	0.0966601	0.0152207	0.0162026	-0.12653	0.000557046	-0.0247573	0.12919	0.0923051	0.508047	0.226503	-0.0258079	0.0598307	-0.0442597	-0.000224715	-0.0984281	0	
0.306125	0.148911	0.0563735	0.205623	-0.0593866	0.108507	0.134739	0.0335491	-0.0648403	0.147405	-0.000969261	0.0212835	0.42064	-0.0325868	0.0851824	0.0161128	-0.0256926	-0.119922	0.0418037	0.0149259	0.142892	0.0842608	0.226503	0.00344886	0.0579843	-0.055548	-0.00120272	-0.0859875	0.501971	
0.306125	0.148911	0.0566185	0.205623	-0.0593866	0.103953	0.141632	0.0314919	-0.0648403	0.0788007	-0.000969261	0.0212835	0.410184	-0.020716	0.0811235	0.0115508	0.000170565	-0.132502	-0.0216068	0.0209633	0.0884196	0.0427344	0.214338	0.501971	0.00344886	0.0579843	-0.0441585	-0.0209405	-0.0972138	
0.215145	0.148911	0.0566185	0.205623	-0.0501271	0.100518	0.18957	-0.00969999	-0.0648403	0.0989069	-0.000969261	0.0212835	0.351173	-0.0202383	0.0811235	0.0115508	0.0419804	-0.1257	0.042782	0.0209633	0.134107	0.0376724	0.214338	0.451922	0.101864	0.00344886	0.0579843	-0.0441585	-0.0679944	-0.0799058	
0.215145	0.166392	0.0401324	0.200937	-0.0505013	0.100518	0.3589	0.0063324	-0.0648403	0.090108	-0.019734	0.049382	0.351173	-0.0161059	0.0811235	0.0115508	-0.0176492	-0.125244	0.0662807	-0.00583715	0.0988766	0.0792367	0.214338	0.452296	-0.0623511	0.00344886	0.0579843	-0.0652713	-0.072467	0.031625	
0.165176	0.166392	0.0353704	0.200937	-0.0469205	0.100518	0.186698	-0.0247544	-0.0648403	0.178434	0.0152645	0.049382	0.351173	-0.00433806	0.10219	0.0115508	0.025406	-0.12048	0.0480398	-0.00583715	0.132978	0.0641658	0.232468	0.448715	-0.0889573	0.023047	0.0579843	-0.0652713	-0.0755015	0	
0.183892	0.166392	0.0353704	0.200937	-0.0469205	0.100518	0.154567	-0.0478576	-0.0598571	0.192223	0.0283574	0.0525982	0.442325	-0.0391864	0.10219	0.0115508	0.025406	-0.129823	0.12318	0.00365195	0.112106	0.0616016	0.25268	0.448715	-0.0893989	-0.0197456	0.0579843	-0.0458389	-0.0597213	-0.0270535	
0.188997	0.166392	0.0343266	0.177684	-0.0548802	0.0914721	0.147952	-0.0416014	-0.0676156	0.177119	0.0431345	0.0479772	0.442325	-0.0349764	0.102941	0.022203	0.025406	-0.122846	0.107144	-0.00114688	0.125242	0.0581458	0.25268	0.457208	-0.0650776	-0.0319365	0.0626053	-0.0494892	-0.0403463	0	
0.155216	0.146307	0.0343266	0.177684	-0.0548802	0.0914721	0.205595	-0.0416014	-0.0646958	0.136792	0.0547275	0.0572624	0.442325	-0.0390835	0.102941	0.022203	-0.0150644	-0.145962	0.171427	-0.00114688	0.119606	0.0443441	0.25268	0.439445	-0.0384534	-0.00861112	0.0626053	-0.0517041	-0.0338254	-0.019352	
0.144511	0.146307	0.0343266	0.177684	-0.0548802	0.0893527	0.210652	-0.0487455	-0.0560945	0.139122	0.0194673	0.0600032	0.442325	-0.0233679	0.0839525	0.0243224	-0.0321261	-0.138832	0.131305	-0.0172607	0.106675	0.056654	0.25268	0.439445	-0.0153735	0.0108097	0.0626053	-0.0337354	-0.0574584	0	
0.185225	0.126663	0.045523	0.177684	-0.0515069	0.0893527	0.119725	-0.00953187	-0.0632113	0.19414	0.0194673	0.0600032	0.519266	-0.0426699	0.0839525	0.0243224	0.0142704	-0.131415	0.147418	-0.00968835	0.125193	0.0398491	0.245776	0.436072	-0.0551957	-0.0353601	0.0626053	-0.0651841	-0.0268937	
0.172197	0.117543	0.045523	0.190334	-0.0491194	0.0893527	0.0826584	0.0110493	-0.0643235	0.219919	0.0319886	0.0442078	0.519266	-0.0466959	0.0759149	0.0243224	0.0244404	-0.122496	0.0763076	-0.0053258	0.103196	0.0644385	0.245776	0.433684	0.0197648	0.0207097	0.0626053	-0.0607203	-0.0487823	0.0251733	
0.172197	0.109551	0.0281599	0.185211	-0.0529407	0.112717	-0.0167078	-0.03301	-0.0643235	0.148151	0.0175835	0.040288	0.514501	-0.0274892	0.0764534	0.0143901	-0.0265963	-0.135906	0.0804335	-0.00876259	0.0153288	-0.0224781	0.233442	0.437506	-0.00247122	-0.0293662	0.0626053	-0.0593474	-0.0616767	0.0317114	
0.132037	0.10994	0.0309714	0.186254	-0.0477044	0.116607	-0.0513817	0.0147491	-0.0639346	0.185665	0.0412339	0.0852183	0.51489	-0.0524101	0.0768423	0.0119937	-0.00341563	-0.125032	0.145999	0.00115843	0.0265088	0.0185021	0.218595	0.432658	-0.0245248	0.0210099	0.0629941	-0.0226531	-0.0618324	0.00779183	0.0242093	
0.143645	0.10994	0.0226286	0.169646	-0.0450064	0.0846402	0.0042853	0.0236652	-0.0608154	0.289541	0.0496423	0.0900758	0.51489	-0.0525924	0.0768423	0.0119937	-0.0357092	-0.127028	0.121255	0.00115843	0.0498958	0.0142188	0.218595	0.42996	-0.0233579	0.0172399	0.0629771	-0.0302147	-0.0253715	
0.177772	0.118324	0.0257939	0.169646	-0.0343636	0.0846402	0.00985341	-0.0015877	-0.0634117	0.161071	0.0672128	0.0900758	0.51489	-0.0447491	0.0768423	0.0119937	-0.0357092	-0.111183	0.105964	0.0306139	0.00755843	0.0142188	0.218595	0.419318	-0.000144779	-0.00170475	0.0629771	-0.0302147	-0.0470283	0	-0.000767323	0	0	0	
0.177772	0.118324	0.0257939	0.169646	-0.0343636	0.0862868	0.00985341	-0.0132042	-0.0588486	0.205871	0.0588014	0.112107	0.51489	-0.0514032	0.0768423	0.0216209	-0.0525907	-0.100472	0.101951	0.0231207	0.0861109	-0.0120271	0.20625	0.451974	-0.0239667	0.00889286	0.0629771	-0.0356203	-0.0667937	0	0.0537766	-0.12194	0.0415558	
0.177772	0.118324	0.0136039	0.204961	-0.0343636	0.0812079	-0.025868	-0.027155	-0.0639535	0.205871	0.0588014	0.11471	0.552263	-0.0297544	0.0768423	0.0124605	0.0127684	-0.130435	0.101951	0.0426231	0.139028	0.0393115	0.20625	0.494043	-0.0351999	0.00462708	0.0629771	-0.049121	-0.0744609	0	0	-0.0141506	
0.139841	0.118324	0.0424173	0.204961	-0.0343636	0.0812079	-0.0272351	-0.0436692	-0.0572837	0.190575	0.0421583	0.11471	0.552263	-0.0245701	0.0768423	0.0124605	-0.00933746	-0.142945	0.104692	0.0192369	0.139028	0.0593619	0.20625	0.494043	-0.0351999	0.00462708	0.0629771	-0.0536077	-0.0570355	0.0527661	0	0.0304261	
0.139841	0.118324	0.0424173	0.204961	-0.0378119	0.08595	-0.0324573	0.00505515	-0.0572837	0.253724	0.0402891	0.093318	0.530558	-0.0430117	0.072727	0.0215188	0.0061769	-0.12176	0.0634184	0.0201794	0.0665873	0.0787778	0.219336	0.516656	0.0158701	0.00462708	0.0629771	-0.0504026	-0.0473899	0.0129357	
0.187738	0.139998	0.0424173	0.204961	-0.0378119	0.0926086	0.0306319	-0.0295584	-0.052742	0.253724	0.0402891	0.0862753	0.609003	-0.0551589	0.072727	0.0148602	-0.0282173	-0.117319	0.0616506	0.0193177	0.0874143	0.0787778	0.24364	0.516656	0.0144281	0.0193813	0.0629771	-0.0476695	-0.019446	
0.174806	0.139998	0.0424173	0.243621	-0.0450942	0.0756166	0.00226465	-0.0138918	-0.052742	0.214796	0.0446304	0.0900117	0.663382	-0.0529649	0.072727	0.0148602	0.0121124	-0.119041	0.0930414	0.024988	0.101964	0.126434	0.199385	0.523938	-0.0503754	0.0271655	0.0592407	-0.0389749	-0.0465543	
0.172177	0.139998	0.0539852	0.220339	-0.0450942	0.112589	0.0353951	-0.016812	-0.0698785	0.12402	0.0141147	0.0920617	0.611949	-0.0288035	0.0863588	0.0148602	-0.0318701	-0.137349	0.185442	0.0172021	0.138043	0.126434	0.238067	0.523938	-0.0342389	0.0200179	0.0592407	-0.0519764	-0.0465543	0	
0.172177	0.147177	0.042287	0.220339	-0.0450942	0.112589	0.0485781	-0.0334191	-0.0682107	0.0659984	0.00767456	0.0779831	0.611949	-0.0288035	0.0863588	0.0148602	0.0049179	-0.108303	0.185442	0.0120853	0.109832	0.0955589	0.212411	0.546619	-0.0762379	0.0200179	0.0592407	-0.0506445	-0.0565876	
0.195098	0.147177	0.0485223	0.220339	-0.0432573	0.107502	0.0378102	-0.0352894	-0.0669655	0.0307014	0.0240109	0.0902191	0.611949	-0.0412859	0.0863588	0.0148602	0.0145807	-0.122785	0.162223	0.0120853	0.105816	0.0955589	0.212411	0.544782	-0.0808158	0.0200179	0.0592407	-0.044417	-0.0385838	
0.195098	0.158423	0.0539085	0.206552	-0.0366399	0.100981	-0.0241278	-0.0496966	-0.0578348	0.0307014	0.0394985	0.0786218	0.578577	-0.0358829	0.0863588	0.0148602	0.00061007	-0.101563	0.106886	0.00317276	0.13201	0.0656573	0.212411	0.538165	-0.0806326	0.025769	0.0590574	-0.0565717	-0.057921	
0.186189	0.158423	0.038873	0.228036	-0.0366399	0.0781512	0.0445535	-0.0390832	-0.0565356	0.00467857	0.0394985	0.0786218	0.578577	-0.0497862	0.0863588	0.0148602	-0.0234417	-0.120594	0.139563	0.00317276	0.0639925	0.0656573	0.209754	0.540124	-0.0379519	0.0346192	0.0590574	-0.0531714	-0.0324308	
0.222464	0.128601	0.0374607	0.223412	-0.0377235	0.105356	0.0234946	-0.030925	-0.0574369	0.00950418	0.0258788	0.0745371	0.580951	-0.0314021	0.0854574	0.0121406	-0.024343	-0.123786	0.113739	-0.00576614	0.0851188	0.0376128	0.208852	0.589978	-0.046667	0.0385023	0.0622409	-0.0501367	-0.0586478	
0.222464	0.142878	0.0335283	0.215006	-0.0449099	0.0908932	0.07074	-0.0291527	-0.0602319	0.00376357	0.0235783	0.0744274	0.580951	-0.0301101	0.0854574	0.0114805	-0.0107204	-0.116631	0.0826988	0.0134147	0.104506	0.098008	0.208852	0.597164	-0.0650698	-0.000592535	0.0623506	-0.0447256	-0.0685291	-0.00286944	
0.223726	0.123755	0.0543961	0.216268	-0.0436473	0.0908932	0.0363058	0.0011693	-0.0613029	0.0885511	0.0248409	0.0441029	0.582213	-0.0261876	0.08672	0.012743	-0.0450497	-0.12185	0.0158639	0.0102326	0.075527	0.0680627	0.210115	0.550284	-0.0838086	0.0272781	0.0636131	-0.0714855	-0.0718034	0.0185021	
0.210478	0.123755	0.0543961	0.235756	-0.0417856	0.0908059	-0.0626541	-0.0154695	-0.0613029	-0.00714061	0.0172963	0.0441029	0.471968	-0.0362218	0.08672	0.012743	0.00706476	-0.125719	0.00553812	-0.00841778	0.075527	0.0680627	0.20679	0.57192	-0.0838086	0.0272781	0.0636131	-0.0350878	-0.0448785	0	-0.0417856	
0.210478	0.123755	0.0576672	0.227424	-0.0417856	0.0641242	-0.0745783	-0.0472527	-0.0613029	0.0479698	0.025307	0.0441029	0.474533	-0.0362218	0.107691	0.012743	0.0233247	-0.128352	0.01166	-0.00841778	0.0723543	0.0494965	0.195177	0.562198	-0.11451	0.0501772	0.0636131	-0.0496763	-0.0151492	-0.0214002	-0.0646878	-0.0344509	
0.199699	0.165276	0.0545008	0.194093	-0.0412933	0.0568686	-0.073526	0.0831875	-0.053549	0.0810309	0.025307	0.0441029	0.45997	-0.0362218	0.110725	0.0199986	0.0157262	-0.122704	-0.0202783	-0.00841778	0.0661058	0.114985	0.198466	0.616681	-0.0655005	0.0501772	0.0636131	-0.0246317	-0.0243859	
0.197976	0.165276	0.0545008	0.197458	-0.0412933	0.0568686	-0.0697713	0.0334122	-0.053549	0.0843499	0.025307	0.0342584	0.521163	-0.0533249	0.106764	0.0199986	0.0189477	-0.113941	-0.0154937	0.000510754	0.0912248	0.090787	0.19601	0.616681	-0.0858066	-0.0214103	0.0636131	-0.0285907	-0.0393586	
0.198796	0.185261	0.0730728	0.197458	-0.0412933	0.0557291	-0.0470449	0.047428	-0.053549	0.0351816	0.00624962	-0.0010835	0.450422	-0.0316431	0.104328	0.0211381	-0.00739494	-0.0975516	-0.0203186	-0.00973623	0.119016	0.0381265	0.21852	0.616681	-0.105091	-0.0225491	0.0647519	-0.0619301	-0.0509441	-0.0300777	
0.198796	0.185261	0.0730728	0.197458	-0.0461817	0.134116	-0.0319669	0.042609	-0.053549	0.105123	0.00624962	-0.0010835	0.41471	-0.0305098	0.116062	0.0211381	-0.047741	-0.124111	-0.0388942	-0.0150093	0.136549	0.0337536	0.234543	0.621569	-0.0793845	0.0164057	0.0647519	-0.0457386	-0.0624917	0	
0.205724	0.185261	0.0730728	0.201463	-0.0461817	0.0592164	0.0318365	-0.0043196	-0.053549	0.100019	0.00624962	0.00784989	0.391453	-0.0129901	0.116062	0.0211381	-0.0315285	-0.138078	-0.0597424	-0.00117571	0.146526	0.0337536	0.250923	0.6093	-0.0765115	0.0151134	0.0660443	-0.0526521	-0.0699336	-0.0356176	0.0397212	-0.0165355	
0.205724	0.185261	0.0730728	0.205707	-0.041977	0.0769963	0.0179189	-0.0043196	-0.0467504	0.017978	0.00624962	0.0272588	0.391453	-0.00366352	0.116062	0.0211381	-0.0315285	-0.131873	-0.0743201	-0.0125954	0.131367	0.0417018	0.191634	0.605095	-0.0615901	0.0233954	0.0660443	-0.0895264	-0.0295463	
0.214819	0.161564	0.0604737	0.205707	-0.041977	0.0769963	0.0382982	-0.0308404	-0.0544554	0.0032076	-0.0341311	0.0272588	0.491466	-0.0233112	0.116062	0.0211381	-0.0395655	-0.147809	-0.0692548	-0.0125954	0.0106081	0.0241447	0.216493	0.605095	-0.0551915	0.0422646	0.0660443	-0.0897642	-0.0369444	
0.214819	0.161564	0.0604737	0.205707	-0.041977	0.078695	0.0881991	-0.0461172	-0.0544554	0.0317905	-0.022656	0.0272588	0.390752	-0.0343717	0.116062	0.0211381	-0.0467696	-0.134907	-0.0764042	-0.0255313	0.0229528	0.0120069	0.216493	0.605095	-0.00190705	0.0395327	0.0660443	-0.0696965	-0.0573677	0.0450126	
0.214819	0.161564	0.038681	0.206552	-0.041977	0.0886597	0.0796984	-0.00533266	-0.0541761	0.0317905	-0.0292731	0.0272588	0.325351	-0.0164314	0.110017	0.0211381	-0.00420768	-0.130631	-0.0499232	0.00377769	0.0762135	0.0120069	0.216493	0.618839	-0.00190705	0.0395327	0.0660443	-0.0658754	-0.0328851	0	0.0443412	
0.178492	0.127003	0.038681	0.206552	-0.041977	0.0886597	-0.0129301	0.0786875	-0.0625271	-0.00356916	-0.0292731	0.0272588	0.325351	-0.0164314	0.116658	0.0211381	-0.0222449	-0.132482	-0.0232576	-0.0104871	0.0957674	0.0156615	0.216493	0.618839	-0.0660516	-0.00373289	0.0660443	-0.0273105	-0.0734775	
0.176691	0.127003	0.038681	0.237496	-0.041977	0.102174	0.106886	-0.0487349	-0.0625271	0.0208787	-0.0371102	0.0272588	0.366066	-0.0206594	0.116658	0.0206722	-0.00165175	-0.136123	0.00488004	0.00866504	0.0767231	0.0082372	0.173095	0.671875	-0.0176833	-0.00373289	0.0660443	0.00984782	-0.0478062	0	
0.176691	0.147896	0.0529302	0.237496	-0.041977	0.102174	0.061593	-0.0127017	-0.0594428	-0.0200082	-0.0513341	0.0198331	0.350712	-0.0195569	0.116658	0.0206722	0.00426859	-0.124243	0.0374721	0.00447496	0.0471425	0.0617847	0.237523	0.619797	-0.0200975	-0.00373289	0.0660443	0.0256611	-0.0527155	-0.0617847	0.0546988	0	
0.144447	0.138689	0.0529302	0.237496	-0.041977	0.108866	0.0800592	0.0442968	-0.0546648	-0.0263199	-0.0389467	0.0438998	0.345149	0.00133453	0.116658	0.0139802	-0.0295406	-0.130321	0.0736194	-0.00145758	0.091773	0.0229372	0.174532	0.619797	0.0163291	-0.00385404	0.0661654	-0.0153413	-0.0656965	
0.156159	0.138689	0.0529302	0.237496	-0.041977	0.115676	0.14027	0.052134	-0.063413	-0.00532211	-0.0389467	0.0500813	0.345149	0.0118838	0.107907	0.0198326	0.000819429	-0.136705	0.0052614	-0.0138043	0.0794043	0.0465427	0.175488	0.569896	0.0163291	0.0177666	0.0661654	-0.0580297	-0.0464248	-0.0382508	0.0350634	0	0	
0.172201	0.136371	0.0599399	0.237496	-0.041977	0.0828306	0.186502	0.0488613	-0.0668712	-0.00532211	-0.0388366	0.0516282	0.330891	0.00660912	0.101811	0.0198326	0.0267201	-0.133637	0.0374092	-0.00233188	0.077688	0.0253448	0.234921	0.569896	0.0178761	0.0410285	0.0646185	-0.0471284	-0.0464248	
0.170982	0.122308	0.0599399	0.237496	-0.041977	0.0828306	0.0719702	0.0715879	-0.0535095	0.024338	-0.040349	0.0532916	0.330891	-0.0213503	0.101811	0.0198326	-0.00660096	-0.12757	-0.00532123	-0.00951465	0.121749	0.0441811	0.234921	0.569896	-0.0155206	0.0333509	0.0646185	-0.0229367	-0.0279552	-0.0259374	
0.171228	0.122554	0.0626731	0.237742	-0.0417311	0.0828306	0.0389856	0.0718338	-0.05341	0.0609233	-0.0401031	0.0532916	0.36866	-0.0174564	0.102057	0.0200785	0.0329061	-0.136155	0.0286006	-0.00528729	0.224381	0.00142385	0.235167	0.569896	0.0275728	0.0269998	0.0648644	-0.0361713	-0.0260631	0.0136472	
0.15071	0.124316	0.0630226	0.239687	-0.0418089	0.0645275	-0.0159	0.0543823	-0.0527312	0.0108033	-0.0346156	0.0552071	0.369009	0.00103565	0.102407	0.0201971	0.0862243	-0.125629	-0.00667419	-0.0229052	0.202234	0.0485471	0.235517	0.570323	0.011546	0.0309912	0.0652139	-0.0373956	-0.0418118	
0.15071	0.124316	0.0630226	0.239687	-0.0418089	0.0695178	-0.0151565	0.0543823	-0.0527312	0.0108033	-0.0475552	0.0595095	0.369009	-0.00324802	0.107227	0.0141147	-0.0246353	-0.140901	-0.0222744	-0.0058687	0.215823	0.0191864	0.232492	0.570323	0.011546	0.0102619	0.0652139	-0.045186	-0.0609858	0.0474436	-0.026868	0.060515	
0.165959	0.139196	0.0714068	0.225357	-0.0413209	0.0865528	-0.0603613	0.0548703	-0.0479153	0.0672257	-0.0470673	0.0420476	0.416852	-0.0125895	0.0986656	0.0146026	0.00479395	-0.149528	-0.0246391	0.0205573	0.250883	0.0196744	0.23298	0.570323	0.011546	0.0375823	0.0657019	-0.0345295	-0.0650306	0.0273533	
0.177694	0.139196	0.0714068	0.225357	-0.0441247	0.0949039	-0.0303355	-0.0126133	-0.0479153	0.139394	-0.0470673	0.0420476	0.296101	-0.0287978	0.11776	0.0176111	0.0707958	-0.147291	-0.0279164	-0.0293977	0.250883	0.0196744	0.23298	0.573127	-0.0370136	0.0375823	0.0657019	-0.0620779	-0.0518641	0.0536682	
0.185608	0.13095	0.0712862	0.207331	-0.0441247	0.100334	-0.0495316	-0.0162536	-0.0457126	0.172692	-0.031733	0.032242	0.397982	-0.0420877	0.119909	0.0121814	0.0298771	-0.141161	0.0502656	0.0151353	0.262189	0.0196744	0.23298	0.572396	-0.0263586	0.0393666	0.0657019	0.000303229	-0.0362699	0	-0.0184261	
0.179846	0.122647	0.0675805	0.218153	-0.0364894	0.0737664	-0.0668154	-0.0162536	-0.0457126	0.201531	-0.031733	0.032242	0.370979	-0.0537398	0.119909	0.0194189	0.00594741	-0.138891	0.0503648	0.01452	0.18026	0.0196744	0.23298	0.564761	-0.00949728	-0.00991998	0.0657019	-0.00405719	-0.0310822	0	-0.026757	
0.179846	0.147729	0.0675805	0.218153	-0.036311	0.0835611	-0.0670291	-0.03053	-0.0457126	0.191443	-0.0303366	0.0219073	0.333476	-0.0537398	0.119909	0.0194189	0.00594741	-0.123965	-0.00385479	-0.0241468	0.18026	0.0588725	0.225557	0.564583	0.00883991	-0.007569	0.0657019	0.00549416	-0.0533445	
0.135386	0.150143	0.0675805	0.247494	-0.036311	0.0852766	-0.0624754	-0.0240426	-0.0514552	0.140574	-0.0158042	0.0536571	0.333476	-0.0268787	0.119909	0.0177034	0.0581414	-0.106665	-0.0107936	-0.00812393	0.179722	0.0850272	0.225557	0.583959	-0.035165	-0.0182008	0.058839	0.0126024	-0.0548914	0.0203027	
0.135386	0.167677	0.0749036	0.223273	-0.036311	0.0697958	0.0298965	-0.0126792	-0.0513494	0.0462373	-0.0199291	0.0196031	0.333476	-0.00316341	0.11813	0.0177034	0.00875311	-0.132743	0.107613	-0.0154534	0.0870121	0.0555927	0.225557	0.59209	-0.049442	0.0355469	0.058839	-0.0279212	-0.0578632	0.196444	
0.135386	0.167677	0.0749036	0.230097	-0.036311	0.0702602	0.132255	0.0118653	-0.0468054	0.0611069	-0.0518904	0.0161148	0.34146	-0.00316341	0.11813	0.0177034	0.0403486	-0.125977	0.0321725	0.00428269	0.0318812	0.0562344	0.235311	0.59209	-0.018483	0.0102078	0.058839	0.0135312	-0.0149654	-0.0419124	
0.135386	0.144303	0.0786827	0.212008	-0.036311	0.0661808	0.0211563	0.0608165	-0.0468054	0.0547225	-0.055839	0.0511041	0.34146	-0.00316341	0.11813	0.0182736	0.0134344	-0.113634	0.146377	0.00529394	0.157029	0.0562344	0.235311	0.609357	-0.0287001	0.0257953	0.058839	-0.0221329	-0.024295	-0.0113579	0.0422753	
0.168695	0.156705	0.0772862	0.236567	-0.0399284	0.0793878	-0.0495044	0.058628	-0.0527903	0.0150765	-0.0589976	0.0390463	0.389091	-0.00887459	0.116733	0.0208639	0.0543028	-0.129347	0.253	0.0214456	0.111313	0.0466627	0.233915	0.611578	-0.0435226	0.0257953	0.0574425	-0.0220374	-0.0165623	-0.0361507	-0.00358435	-0.0524637	
0.203359	0.185911	0.0772862	0.236567	-0.0471482	0.112541	-0.0331385	0.0710057	-0.0512374	0.0316344	-0.0611216	0.0447409	0.389091	-0.00887459	0.116733	0.0208639	0.0143923	-0.116276	0.137147	0.00311665	0.122082	0.00951842	0.233915	0.611577	-0.0756304	0.0314899	0.0517479	-0.0150246	-0.0283433	-0.0558475	0	-0.0381431	
0.203359	0.176382	0.0772862	0.236567	-0.0471482	0.0685313	-0.0436985	0.0235943	-0.0283275	0.0434853	-0.0741268	0.0345008	0.389091	-0.0424107	0.116733	0.0208639	0.0450826	-0.0921259	0.119059	0.00392693	0.171126	0.0408516	0.212308	0.611577	-0.0732421	0.0224893	0.0517479	-0.046448	-0.0269017	0.0618861	-0.0367887	
0.186721	0.133449	0.0772862	0.236567	-0.0447932	0.121277	0.00411178	-0.0549753	-0.0283275	0.0306	-0.0787133	0.0405112	0.438547	-0.0424107	0.116733	0.0246614	0.0595329	-0.11339	0.119059	0.00509593	0.143817	0.0247319	0.212308	0.609222	-0.0408409	0.0284998	0.0457374	-0.0172307	-0.00229236	0	-0.0260768	
0.192985	0.133449	0.0772862	0.215956	-0.0447932	0.124581	-0.0301655	-0.0610831	-0.0284723	-0.0481162	-0.0648846	-0.0338775	0.387994	-0.0424107	0.116733	0.00753355	0.0584856	-0.0984317	0.117946	0.00401242	0.128854	0.0247319	0.226343	0.609222	-0.0408409	-0.00238801	0.0457374	-0.0172307	-0.0451135	0.0343282	
0.226345	0.116759	0.0700509	0.239655	-0.0447932	0.118774	-0.0654919	-0.0434633	-0.0258084	-0.0222908	-0.0403497	-0.0628044	0.400751	-0.0424107	0.116733	0.00880747	0.0216185	-0.0984485	0.0662882	-0.00164626	0.0910858	0.040093	0.271181	0.609222	0.0228104	0.0201689	0.0457374	-0.0601979	0.0343282	0.0203766	0	
0.184842	0.109449	0.0700509	0.236177	-0.0447932	0.11933	-0.0750013	-0.0500474	-0.0216217	0.00167462	-0.0551382	-0.0573597	0.400751	-0.0353889	0.11728	0.00880747	0.0665078	-0.110168	0.148114	-0.0127898	0.0663173	0.0593909	0.271181	0.59393	-0.0397753	0.057987	0.0457374	-0.0548755	-0.0285014	0.0449577	-0.0537426	-0.0255018	
0.174482	0.109449	0.0785961	0.236177	-0.0447932	0.11933	-0.0549353	0.00137858	-0.0216217	0.0409541	-0.043055	0.00888023	0.400751	-0.0454836	0.11728	0.00880747	0.0665078	-0.101893	0.0933079	-0.00231012	0.0220461	0.0566169	0.271181	0.59393	-0.0347536	0.0209578	0.0457374	-0.0342408	0.0467357	
0.168023	0.137421	0.0785961	0.241266	-0.0465552	0.0996051	0.00226335	0.0115652	-0.0266721	-0.00764083	-0.031912	0.0266221	0.400751	-0.0327869	0.123551	0.0146222	0.142011	-0.105662	0.0933079	0.00932594	0.062538	0.052383	0.271181	0.595692	-0.0789286	0.0209578	0.0457374	-0.0439718	0.0467357	
0.168023	0.138595	0.0687854	0.274934	-0.0431714	0.0603166	-0.0495089	0.0450201	-0.0266721	0.00847093	-0.0139616	-0.0221984	0.400751	-0.0401431	0.123551	0.0227883	0.0966773	-0.113141	0.107773	0.00932594	0.077131	0.0189836	0.267329	0.605678	-0.0679587	0.0209578	0.0457374	-0.0429832	0.0467357	
0.184891	0.147679	0.0565617	0.274934	-0.0431714	0.0630547	0.049988	0.0835854	-0.0330226	-0.0298801	-0.0139616	-0.00543223	0.39327	-0.067384	0.123551	0.0227883	0.13822	-0.115827	0.105014	-0.00976245	0.0427787	0.0189836	0.267329	0.605678	-0.0617535	0.0209578	0.0457374	-0.0582018	0.0467357	0	0.0155322	
0.184891	0.168958	0.0565617	0.274934	-0.0456897	0.073637	0.0528818	0.0856099	-0.0330226	0.0339999	-0.015599	0.0336829	0.371022	-0.0511814	0.123551	0.0172797	0.0609046	-0.106921	0.105014	0.00342086	0.0667318	0.0303088	0.267329	0.588949	-0.0617535	0.0209578	0.0457374	-0.0575136	0.0467357	
0.194973	0.168958	0.0849022	0.260919	-0.0412661	0.073637	0.0188159	0.0207809	-0.0347113	-0.0185772	-0.0581059	0.0478926	0.371022	-0.0511814	0.12522	0.0172797	0.0134759	-0.0949176	0.123502	0.00342086	0.0886921	0.061366	0.239335	0.547488	-0.00722728	0.0176297	0.0457374	-0.093488	0.0409688	0	0	
0.194973	0.143868	0.0537836	0.260919	-0.0449931	0.0951611	-0.0342225	-0.00599998	-0.0347113	-0.0258173	-0.0684532	0.00767063	0.429331	-0.0324901	0.12522	0.00461121	0.142648	-0.100184	0.10084	-0.000799862	0.108562	0.0522636	0.238383	0.551215	0.00468884	0.0341553	0.0457374	-0.0918379	0.0580881	0	
0.194973	0.143868	0.0537836	0.266682	-0.0501207	0.0745362	0.0526914	0.0650608	-0.0355752	-0.00853729	-0.0665255	-0.00316809	0.324744	-0.0324901	0.12522	0.0134102	0.137916	-0.0971833	0.0395426	0.00471527	0.110349	0.0131894	0.247292	0.611927	-0.0611678	0.00825829	0.043774	-0.0739411	0.0666962	0	-0.00688779	
0.195493	0.144388	0.0543038	0.267203	-0.0473824	0.0746191	-0.0699199	0.0861442	-0.035055	-0.0300546	-0.0708214	0.0124479	0.428508	-0.0458586	0.125741	0.0209373	0.0415993	-0.111062	0.0845595	0.000316177	0.0648446	0.0342077	0.221035	0.592035	-0.0124995	0.0547422	0.0442942	-0.0765629	0.0666962	
0.186643	0.144388	0.0520116	0.267203	-0.0474811	0.113851	-0.0699199	-0.038933	-0.0387732	-0.0582257	-0.0795382	-0.00913917	0.430003	-0.0423309	0.119701	0.0209373	0.0582467	-0.112765	0.111033	-0.0200299	0.118312	0.0192115	0.221035	0.592133	0.0219432	0.0299336	0.0442942	-0.0598869	0.0170304	0	0	
0.283837	0.144388	0.0353973	0.267203	-0.0474811	0.0890421	0.0534353	-0.0287615	-0.0387732	-0.0597459	-0.0848792	-0.0361974	0.435706	-0.0154055	0.119701	0.0209373	0.0682356	-0.127892	0.137122	0.00195788	0.0748189	0.033347	0.221035	0.592133	0.0167643	0.022118	0.0521099	-0.0599797	0.00921472	
0.309027	0.106646	0.042455	0.229781	-0.0545818	0.084647	0.0205331	-0.0209455	-0.0435977	-0.0523461	-0.0635804	-0.0422488	0.45218	-0.00945254	0.114152	0.0152032	0.108992	-0.119713	0.124397	0.00195788	0.148667	0.033347	0.221035	0.599234	-0.00536148	0.0339735	0.0521099	-0.066153	0.0345742	0	0.0413944	0	0	
0.296327	0.173586	0.0274182	0.201356	-0.0564577	0.0754342	-0.0438646	-0.00671138	-0.0536207	-0.0381208	-0.0554926	-0.0391664	0.45218	0.00843802	0.114152	0.0152032	0.0568623	-0.107313	0.124397	0.00943726	0.102787	-0.00836173	0.217763	0.60111	0.0135677	0.0457275	0.052581	-0.0581238	0.0200506	
0.296327	0.153831	0.0274182	0.201356	-0.0564577	0.0800228	-0.0677252	0.045596	-0.0571464	-0.0331163	-0.0285181	-0.0391664	0.476373	0.00843802	0.114152	0.0132268	0.10071	-0.113111	0.103921	-0.0017087	0.121905	0.038211	0.217763	0.60111	0.00185952	0.0401128	0.0495911	-0.0288413	0.0230405	0.0590481	0	
0.198857	0.153831	0.0320417	0.201356	-0.0555912	0.0967812	-0.0330472	0.060021	-0.052605	-0.0236622	-0.0383413	-0.00373032	0.433605	0.00532808	0.0947389	0.0132268	0.100149	-0.118027	0.102715	0.00738256	0.0717685	0.0389943	0.217763	0.60201	0.00267596	0.0401128	0.0495911	-0.0432305	0.0230405	
