0.00590097	1.37671	0.35432	0.174456	0.251702	-0.0973586	0.0684327	0.145557	0	0	0	0	0	0	0	0	0	0	0	0	0	0	0	0	0	0	0	0	0	0	0	0	0	0	0	0	0	0	0	0	0	0	0	0	0	0	0	0	0	0	0	0	0	0	0	0	0	0	0	0	0	0	0	0	0	0	0	0	0	0	0	0	0	0	0	0	0	0	
0.00590097	1.37671	0.428475	0.174456	0.251702	-0.0973586	0.0677657	0	0.00836917	0	0.145557	0	0.0524695	0	0	0	0	0.075295	-0.0285996	-0.0247466	-0.00836917	0	0.00473676	-0.00268346	-0.00413485	0.0191832	-0.00176458	0.0491011	-0.0416083	0.0524007	0	0	0	0	0.255668	0.0335111	0	0	0.0608211	0.0373762	0	0	0.0341174	0.00306177	-0.0419081	0.0253696	-0.0181152	-0.102797	-0.0157065	0.045309	-0.0512835	0.00116794	0.0626985	
0.00590097	0.99767	0.392529	0.174456	0.251702	-0.0965102	0.0677657	-0.0403593	0.0063479	-0.0285996	0.145557	-0.0131212	0.146936	-0.0147481	0.0188014	-0.0190144	-0.0439132	-0.0424216	-0.0413908	0.0981928	-0.000283466	-0.0214678	0.0712425	0.0177538	0.0894108	0	0	0.00135457	0.0185084	-0.0560436	0.0362194	-0.00401966	0.0335268	
0.00590097	1.13554	0.390771	0.133364	0.251702	-0.0973058	0.0677657	0.167025	-0.0378164	-0.0235522	-0.0541797	-0.0394298	-0.0496701	0.0981928	0.00759593	0.0199965	-0.0214678	-0.00962983	0.0177538	0.125052	0.0372464	0	-0.0629876	-0.0207288	0.0964211	-0.0147481	-0.0727772	-0.000786805	-0.0154744	
0.00739922	0.935379	0.413572	0.133364	0.30926	0.0677657	0.095926	0.167025	0.00340874	0.0249122	0.0192062	-0.0437685	-0.0512705	-0.0523838	0.0981928	-0.0925442	0.0199965	-0.0214678	-0.0349857	0.172776	0	-0.0318086	-0.0150651	0.0450906	-0.00386315	
0.00739922	0.935379	0.327848	0.30926	0.0677657	0.098664	0.161756	0.0800002	-0.0210621	-0.00518078	-0.0708093	-0.0710372	-0.00130741	-0.0506928	0.107342	-0.0894059	0.0196956	-0.0161994	0.101493	0	-0.0318086	0.0146171	0.08546	0.130898	-0.0376877	0.00665036	
0.00739922	1.14729	0.153016	0.30926	0.0443619	0.21265	0.161756	0.00643049	-0.0276006	-0.014666	-0.0721377	-0.0344173	-0.0506928	0.111521	-0.075994	0.0196956	-0.0161994	0.0237712	0.0159145	-0.0278206	0.0574394	0.0333306	0.130898	-0.0414389	0.00665036	
0.00739922	1.55069	0.239088	0.319911	0.0443619	-0.0649437	0.0718229	0.161756	0	-0.0570641	-0.00163972	-0.0495292	-0.0195466	0.111521	-0.075994	0.0340628	-0.0161994	-0.000656382	0.0159145	-0.135847	0.0258928	0.0333306	0.138667	-0.0414389	0.00455967	
0.00697357	0.802626	0.26093	0.00194738	-0.0688388	0.1807	0.156868	0.036517	0.237936	-0.0474295	0.013975	-0.059125	0.00943413	0.110369	-0.0804501	-0.00653826	-0.0124627	0.0347	0.0258666	0.0100756	0.127891	-0.0616784	
0.00697357	0.0189591	0.826926	0.187739	-0.00348866	-0.0877167	0.185897	-0.00184412	0.036517	0.245215	-0.0375552	-0.0447314	-0.025814	0	-0.0124627	0.0475635	0.0372891	0.156868	-0.00203583	-0.0871714	0.0966727	0.127891	-0.0616784	
0.00697357	0.0250204	0.726779	0.129027	0.163168	0.0126778	0.036517	0.245215	-0.0459519	-0.0548129	-0.021836	-0.0842858	-0.0108287	0.0348718	-0.0244061	0.144405	-0.00203583	-0.0974874	0.0966727	0.19237	-0.0688256	
0.00697357	0.0412837	0.70688	0.164587	0.0876917	0.0242031	0.0308134	0.036517	0.252141	-0.0264013	-0.0594581	0.0452285	-0.0971263	0.213707	-0.16163	-0.0189724	0.140175	-0.00203583	-0.102912	0.0966727	-0.0521882	
0.00535975	0.0516895	0.911485	0.153276	0.124141	0.0242031	0.0175908	0.0481304	0.329312	-0.0827006	-0.0594581	0.0470486	-0.0993169	0.220967	-0.00405003	0	-0.0252772	-0.0409069	0.178972	-0.00203583	-0.107591	0.131816	-0.0721873	
0.00529725	0.0219031	0.771403	0.0924719	0.012314	0.0175908	0.00327935	0.329312	-0.079351	-0.042225	0.00590279	-0.0965721	0.220525	0.0993453	-0.0800355	0.239214	-0.0906757	-0.0252772	-0.0111848	0.178972	-0.00203583	
0.0035438	0.0423109	0.928063	0.0587054	0.0192494	0.0175908	0.0250434	0.320371	-0.0859601	-0.0719794	0.0801292	-0.0935124	0.208756	0.0993453	-0.0835804	0.176395	-0.100965	-0.00453167	-0.0252772	0.00688348	0.170594	
-0.0252772	0.10887	0.935112	0.0487202	0.0215683	0.0035438	0.0250434	0.113645	-0.080352	-0.0593136	0.0754416	0.207842	0	0.0993453	-0.0830968	0.121387	-0.0990649	-0.00453167	-0.0644321	-0.00153176	-0.0809022	-0.0303518	0.170594	
-0.0355595	0.109093	0.970243	0.0815898	0.0186826	0.00973946	0.000246156	0.193305	-0.0326665	-0.0653734	0.0756645	0.208065	0.14554	0.0995682	-0.0906672	0.21252	-0.0945089	0.00291655	-0.0301861	0.00196979	-0.0801553	
-0.175993	-0.019753	0.56767	0.0902884	0.0126249	0.0530433	0.0255054	0.138858	0.00874246	-0.0758092	0.0634534	0.198907	0.140433	0.116431	-0.0849094	0.16019	-0.102264	0.00291655	0.00973946	0.00179998	-0.0972607	
-0.170688	0.02867	0.748526	0.0319711	0.0117878	0	0.0185175	0.164818	-0.0109475	-0.0824781	0.0269551	0.196115	0.139596	0.140695	-0.0837226	0.123809	-0.0945361	-0.0129762	0.0165658	0.00625778	-0.0958325	
-0.170688	0.0169256	0.848982	0.0319711	0.0414048	0.00535514	0.176517	-0.0274386	-0.0593479	0.0293551	0.202627	0.139596	0.140695	-0.0837226	0.165909	-0.0829073	-0.0139881	0.0165658	0.0251095	-0.0990984	
-0.165591	0.0347659	0.912668	0.0319711	0.0414048	0	0.0304836	0.193245	-0.010315	-0.0353667	0.0129462	0.202627	0.139596	0.140695	-0.0863109	0.120903	-0.0942482	-0.00198181	0.0165658	0.0251095	-0.0825667	
-0.0268984	-0.025717	0.967804	0.00478161	0.0400265	-0.00465503	0.0291052	0.278324	-0.0279918	-0.0824764	-0.0114293	0.186329	0.138218	0.139316	-0.0832739	0.233726	-0.100109	-0.0328143	0.0105543	0.0150929	-0.0815408	
-0.0321624	-0.0286278	0.505036	0.115989	0.00113319	0.0349509	0.1906	-0.0403254	-0.0828026	0.0144391	0.242206	0.17038	0.139316	-0.0832739	0.119559	-0.0926632	-0.0366168	0.0180713	0.00268682	-0.0815408	
-0.167335	0.0271937	0.901508	0.0133117	0.00121541	0.0325201	0.223445	-0.0169231	-0.0878284	-0.0138322	0.251746	0.135832	0.150008	-0.0823959	0.160174	-0.101685	-0.04087	0.0143013	0.00428788	-0.0841715	
-0.16873	0.0510201	0.685713	-0.0354284	0.0098129	0	0.0325201	0.234244	0.0562715	-0.0995575	-0.0240269	0.251746	0.137227	0.150008	-0.0679615	0.102856	-0.0898408	-0.0493275	0.020993	-0.0203012	-0.0917959	
-0.171324	0.0451984	1.00773	0.130609	0.0130231	-0.0477941	0.0325201	0.192312	0.107244	-0.0757188	-0.0164516	0.251746	0.137227	0.15337	-0.0946852	0.156477	-0.0953006	-0.0318888	0.020993	-0.0203012	-0.101295	0.0793037	
-0.159512	0.0762974	1.00773	0.0569723	0.0130231	-0.0665339	0.0325201	0.240411	0.11311	-0.0902885	-0.0597106	0.2908	0.132288	0.179137	-0.0694579	0.192523	-0.0877623	-0.0318888	0.020993	-0.0310209	-0.0988798	0.0204253	0	0.0156715	
-0.159512	0.0762974	1.11521	0.0569723	0.0124558	-0.0583598	0.0293306	0.197517	0.206018	-0.0946291	-0.0213575	0.2908	0.132288	0.179137	-0.0672777	0.265885	-0.0897394	-0.037018	0.020993	-0.0330644	-0.0960443	
-0.159512	0.101313	0.985493	0.0139169	0.00623157	0.0293306	0.257401	-0.0583598	-0.0632119	0.00938208	0.2908	0.132288	0.179137	-0.0578997	0.129713	-0.0777813	-0.037018	0.0203762	-0.0462784	-0.0885113	0.00288197	-0.106773	
-0.159818	0.0690249	0.763097	0.0139169	0.016479	0.0338614	0.211052	-0.0552848	-0.0818281	0.00626514	0.310095	0.132288	0.179137	-0.0736313	0.117635	-0.0950689	-0.0458557	0.0131499	-0.0623722	-0.0818705	0.0444071	
-0.0342634	0.0690249	0.763097	0.0146	0.016479	0.00171495	0.0376697	0.17815	-0.0397538	-0.0801053	0.0366654	0.310095	0.132288	0.179137	-0.0657436	0.171352	-0.0790092	-0.0540697	0.0131499	-0.0793284	-0.0889734	
-0.174721	0.0690249	0.570038	0.0200252	0.047104	-0.0444329	0.0262866	0.0878275	-0.0492483	-0.084778	0.0289619	0.310095	0.132288	0.179137	-0.076172	0.187605	-0.07364	-0.0540697	0.0131499	-0.0597147	-0.0859809	
-0.039584	0.094049	0.65366	0.0285592	0.047104	0.0262866	0.157116	-0.0348318	-0.059582	0.0289619	0.161288	0.163338	0.179137	-0.0674947	0.243072	-0.0950903	-0.061257	0.0131499	-0.0448195	-0.0859809	
-0.0358587	0.0876107	0.855908	0.0285592	0.0463512	0.0262866	0.127519	-0.0399917	-0.0786817	0.0812998	0.232209	0.159613	0.179137	-0.0689827	0.189878	-0.094339	-0.0506634	0.00791808	-0.0448195	-0.0891759	0	0	0	
-0.160128	0.107138	0.865964	0.118706	0.0161324	0.0129998	0.0262866	0.127519	-0.0108106	-0.0823617	0.082727	0.308821	0.125681	0.179137	-0.0634127	0.168717	-0.094339	-0.0551963	0.00791808	-0.0363002	-0.0836447	
-0.154922	0.0877762	0.754805	0.0966307	0.0161324	0.0262866	0.185524	0.0100333	-0.0707174	0.113141	0.280426	0.125681	0.184363	-0.0805406	0.0975771	-0.0864731	-0.0420388	0.00791808	-0.0474591	-0.0923038	0.0114208	
-0.0333882	-0.0262805	0.676442	-0.018512	0.0237827	0.0281147	0.21273	0.0124246	-0.0303694	0.0700251	0.282817	0.133224	0.186754	-0.090509	0.13197	-0.0869402	-0.0373011	0.0103094	-0.0668041	-0.0882716	
-0.0333882	0.0274527	0.605912	0.024028	0.0293729	0.0193656	0.247139	0.0229236	-0.0559971	0.0422117	0.282817	0.189432	0.183767	-0.0906216	0.103256	-0.0851898	-0.036688	0.0103094	-0.0781116	-0.0836772	0.605912	-0.00725968	
-0.0200479	0.0754254	0.577634	-0.00133684	0.0194219	0.250537	0.0193656	-0.0388748	0.0429764	0.24749	0.176092	0.182378	-0.0757406	0.130931	-0.0782541	-0.0418609	0.00516328	-0.0694686	-0.0982674	
-0.033403	0.0735173	0.965362	-0.00133684	0.0104589	0.180432	0.0170229	0.00392566	0	0.00900093	0.253033	0.189447	0.19018	-0.0757406	0.130931	-0.0884579	-0.0538929	0.00516328	-0.043025	-0.0946999	
-0.019543	0.0674743	1.09295	0.0620085	0.0349174	0.205891	0.0170229	-0.050634	-0.0370316	0.302571	0.171134	0.19018	-0.0757406	0.130931	-0.0789998	-0.028005	0.00516328	-0.0666287	-0.0925059	
-0.0225923	0.0239893	1.2438	0.0620085	0.0359381	0.249819	0.0303514	-0.0607706	-0.0334634	0.265041	0.174183	0.185755	-0.0792296	0.153294	-0.0839982	-0.028005	-0.000108375	-0.0568798	-0.0916353	
-0.0255275	0.00833299	0.781646	0.0727446	0.0226314	0.201479	0.0327354	-0.0744003	-0.04531	0.208374	-0.0413935	0.177118	0.185755	-0.0615405	0.172397	-0.0889516	-0.0238282	-0.00333811	-0.0764888	-0.0903791	
-0.00994285	0.035621	0.912125	0.0727446	0.0226314	0.280224	0.0315167	-0.0710975	-0.0384362	-0.0284505	0.185755	0.160661	-0.0743078	0.13035	-0.0993452	0.161534	0.0089403	-0.0755279	-0.080465	
-0.00994285	0.0782377	0.910596	0.0603707	0.0371346	0.117247	0.0315167	-0.0634616	-0.0385738	-0.0337131	0.187897	0.187722	0.2329	-0.0751604	-0.102012	0.162634	0.0089403	-0.0750465	-0.0898231	
-0.0350589	0.0255207	0.608214	0.00960509	0.0584488	0.0608979	0.0181056	-0.0696134	-0.0521035	-0.0337131	0.1751	0.163462	0.116388	-0.0669148	-0.0992687	0.187334	0.0089403	-0.0648237	-0.0665327	
-0.0304765	0.0191013	0.184047	0.0083091	-0.0866959	0.14381	0.0176148	-0.0785449	0.0342254	-0.0182835	0.17945	0.187102	0.0788817	-0.0694787	0.0089403	0.655789	-0.0567609	-0.00066867	
-0.0385566	-0.0100466	0.192127	0.00772145	-0.101871	0.149545	0.00639931	-0.0950072	0.0554109	0.0179857	0.17945	0.187102	0.116068	-0.0555026	0.00263689	0.558797	-0.0562444	-0.0318901	
-0.0252858	0.0631467	0.178856	0.0171165	-0.105211	0.319882	0.0247821	-0.0797472	0.0763834	-0.00747733	0.193924	0.160103	0.0630288	-0.064363	0.00927718	0.633749	-0.043416	-0.0526586	
-0.0248321	0.0168885	0.169044	0.0856589	-0.0960796	0.391791	0.0247821	-0.0623832	0.0240766	-0.0300884	0.186824	0.128391	0.0372952	-0.0683515	0.00927718	0.589624	-0.043416	-0.0734995	0	
-0.0276547	-0.032361	0.171866	0.0561757	-0.10315	0.335061	0.0510476	-0.084847	0.012751	-0.0461324	0.186824	0.0881026	0.0595667	-0.0562277	0.00927718	0.700269	-0.0732822	-0.0440385	0	
-0.0283298	0.00615121	0.172541	0.0675363	-0.0878348	0.311582	0.0454511	-0.0575219	0.0186049	-0.0472135	0.204856	0.102106	0.138968	-0.0486455	0.00217182	0.690101	-0.0753487	-0.0619488	0	
-0.0258536	0.0467879	0.171274	0.0728608	-0.109453	0.348801	0.0424448	-0.0961096	0.0218949	-0.0490941	0.204856	0.141883	0.118078	-0.0539956	0.00522421	0.914984	-0.0665884	-0.0619488	
-0.034813	0.0725194	0.183929	0.0325108	-0.101647	0.32052	0.0424448	-0.0882866	0.0611502	-0.051783	0.204856	0.180521	0.154262	-0.0535492	0.00362533	0.827974	-0.0726189	-0.0559579	
-0.0320804	0.018814	0.181196	0.089469	-0.107383	0.32052	0.0230166	-0.0962242	0.0516895	-0.0439066	0.204856	0.13327	0.147273	-0.0654587	0.00362533	0.573087	-0.0757037	-0.070444	0	
-0.0311839	0.0477563	0.181196	0.0671477	-0.102412	0.347516	0.0165374	-0.095607	0.0529576	-0.0502176	0.203069	0.134167	-0.0692553	-0.0545526	0.00452189	0.786016	-0.0682877	0.112811	
-0.0311839	0.100705	0.181196	0.0745556	-0.0906308	0.174887	0.011584	-0.078713	0.0529576	-0.0471644	0.203069	0.129759	-0.0786545	-0.0535206	0.00452189	0.786016	-0.0699257	0.123839	
-0.183611	0.0776896	0.153137	0.0721413	-0.0939729	0.297511	0.0256424	-0.0802703	0.0536675	-0.0474422	0.19453	0.130469	-0.0322985	-0.0572336	0.00523181	0.569925	-0.073543	0.151467	0.0772019	-0.0241766	
-0.0239827	0.106703	0.153137	0.0721413	-0.0922709	0.297511	0.0053897	-0.0693774	0.0274256	-0.0474422	0.204792	0.141755	-0.0536811	-0.0507478	0.00523181	0.888387	-0.0654622	0.105033	0.108118	0	
-0.0189772	0.136577	0.151686	0.029757	-0.0855632	0.439201	0.016311	-0.0784696	0.0539377	-0.0460894	0.203341	0.140304	-0.0670222	-0.059576	0.00378077	0.638705	-0.0825916	0.178495	0.101756	
-0.0189772	0.168486	0.173367	0.0734586	-0.0885612	0.469839	0.0178068	-0.0784696	0.0272267	-0.0442179	0.203341	0.153131	-0.0667747	-0.0589535	0.00378077	0.778091	-0.0642661	0.212808	0.0725269	0.157398	
-0.0245373	0.208747	0.178927	0.0734586	-0.102874	0.350091	0.0150075	-0.0957379	0.0304253	-0.052045	0.203341	0.19047	-0.0750243	-0.0717198	0.00107528	0.568615	-0.0783877	0.12647	0.0725269	
-0.0229296	0.143773	0.15439	0.169745	-0.0883966	0.344849	0.0150075	-0.0953117	0.0286628	-0.0359783	0.21444	0.19047	-0.0646608	-0.0655171	0.0147827	0.961258	-0.0750707	0.0780212	0.129322	
-0.17732	0.128189	0.0821625	0.13876	-0.0881107	0.372012	0.0229255	-0.0974711	0.0082744	-0.0551855	0.222537	0.270857	-0.0471678	-0.035361	0.0116812	1.03915	-0.0742553	0.15439	0	
-0.17732	0.108244	0.0483475	0.133563	-0.101527	0.327347	0.063058	-0.0633712	0.0242677	-0.0608449	0.213165	0.29284	-0.0430324	-0.0293676	0.0128292	1.3707	0.15439	-0.0433989	0	-0.0608224	
-0.17732	0.110177	0.0669596	0.0874179	-0.0999024	0.353452	0.0580831	-0.0705576	0.026201	-0.0658677	0.203284	0.294774	-0.0819677	-0.062881	0.0152118	1.14422	0.156323	0	-0.0740161	
-0.189645	0.00647064	0.114403	0.0787351	-0.104873	0.406157	0.065464	-0.093445	0.00162416	-0.0588562	0.201364	0.260639	-0.0374678	-0.0709349	0.00568063	1.22921	0.154403	-0.075936	-0.093445	
-0.189246	0.0238654	0.114403	0.199427	-0.10147	0.196972	0.065464	-0.0790912	0.0251855	-0.0532035	0.201364	0.260639	-0.0359974	-0.0709349	0.00568063	1.07701	0.154403	-0.0823485	-0.0422048	
-0.182277	0.0437822	0.113463	0.198273	-0.0945267	0.0218074	0.0714839	-0.063057	0.0349876	-0.0597617	0.190064	0.237157	-0.0528325	-0.0720188	0.0152342	0.93466	0.154403	-0.0832719	0.169694	0	
-0.182277	0.0387457	0.113463	0.146018	-0.100475	0.0376521	-0.0310311	0.0379513	-0.0597017	0.202999	0.237157	-0.0668682	-0.0616229	0.0152342	0.772213	0.154403	-0.0883929	0.171904	
-0.182277	-0.0183811	0.147081	0.14329	-0.0940477	0	0.0384608	-0.053276	0.00550433	0.237157	0.202999	-0.0603147	-0.0741917	-0.0591601	0.00587576	0.936684	0.154403	-0.0902396	0.232458	0.0927301	
-0.185466	0.0124567	0.110517	0.172215	-0.104225	0.0241288	-0.0701029	0.0218604	0.280313	0.202999	-0.0707512	-0.0722493	-0.063856	0.00587576	1.14877	0.154403	-0.0953309	0.204769	
-0.194325	-0.0123911	0.062978	0.0528985	-0.107934	0.306805	0.00860243	-0.0772761	0.0218604	0.251236	0.20532	-0.0633447	-0.0600856	-0.0674856	0.00587576	0.821823	0.163262	-0.0967134	0	0.0284025	
-0.187145	-0.00912224	0.161647	0.119521	-0.0969147	0.190071	0.0224083	-0.0667929	0.0218604	0.259012	0.199659	-0.0633447	-0.0578587	-0.0651266	0.00233554	0.878517	0.160133	-0.0958177	
-0.0270119	-0.0272845	0.242496	0.147343	-0.104576	0.298811	-0.00566098	-0.0768913	0.0404698	0.244363	0.199659	-0.0562121	-0.0412524	-0.0742827	0.00233554	0.77169	0.187145	-0.0960697	
-0.0233531	-0.0479525	0.181368	0.15094	-0.105558	0.226984	-0.00174436	-0.0445917	0.0321344	0.244363	0.199659	-0.0592458	-0.0377259	-0.0749894	0.0134488	0.668288	0.179889	-0.0995609	0.234435	-0.0324325	-0.00745443	
-0.0219227	0.0262382	0.203268	0.107184	-0.0898777	0.14348	-0.00174436	-0.0608732	0.0423314	0.261288	0.199659	-0.06102	-0.0548326	-0.0686384	0.0109495	0.732279	0.173618	-0.10021	0.322469	
-0.0219227	0.00665371	0.140657	0.0931429	-0.0978829	0.230759	0.00060398	-0.0648374	0.0916584	0.299961	0.199659	-0.0590048	-0.057846	-0.0773312	0.0109495	0.505135	0.173618	-0.105491	0.295849	-0.144575	0.00496234	-0.0824556	
-0.0307255	0.0378924	0.140488	0.0542355	-0.109041	0.10258	0.00823979	-0.0816477	0.107357	0.274364	0.195739	-0.0592581	-0.0231407	-0.0649034	0.0196905	0.583166	0.182109	-0.0857797	0.310204	
-0.0307255	0.0200336	0.140038	0.0663229	-0.096754	0.159509	0.00823979	-0.0893064	0.0933779	0.165121	0.1956	-0.0597457	-0.0360226	-0.0796535	0.0196905	0.893428	0.182109	-0.0903874	0.253637	0.057957	
-0.0319401	0.0769324	0.0931036	0.0663229	-0.105834	0.190646	0.00927585	-0.0937334	0.0654138	0.13798	0.1956	-0.0597457	-0.0312107	-0.0844194	0.0196905	1.11633	0.183323	-0.0995686	0.279476	0.0969326	0	
-0.181155	-0.00915006	0.156246	0.0281834	-0.110234	0.174203	-0.00419109	-0.071965	0.0538601	0.251047	0.1956	-0.0588626	-0.0611727	-0.0639226	0.0196905	0.941046	0.151383	-0.0988815	0.234926	0.13775	-0.0332659	
-0.182334	0.0501601	0.166466	0.0230882	-0.109357	0.291724	-0.00419109	-0.0667264	0.0502813	0.220848	0.1956	-0.0588626	-0.0612299	-0.0737105	0.0196905	0.865427	0.152563	-0.107184	0.234926	0.164593	0	0	
-0.0287383	0.0452895	0.173397	0.0230882	-0.100326	0.291724	0.0112345	-0.0700238	0.0411653	0.260902	0.200774	-0.0474174	-0.0825996	-0.083657	0.0130007	0.876023	0.181301	-0.0968267	0.217679	0.108677	
-0.030859	0.0288663	0.130118	0.101031	-0.0999759	0.172466	0.0142635	-0.0762158	0.0266385	0.254577	0.200774	-0.0524739	-0.0618269	-0.0869633	0.0159294	0.86938	0.183422	-0.0882318	0.226949	0.118394	
-0.183629	0.120374	0.130971	0.145429	-0.0951604	0.291653	0.0235922	-0.0827274	0.0281626	0.262102	0.201628	-0.0468009	-0.016845	-0.0880569	0.016783	0.567485	0.153416	-0.0997143	0.302017	0.119247	-0.026021	
-0.183629	0.0437797	0.189929	0.0839763	-0.104398	0.249324	0.048608	-0.0763936	0.0407873	0.203542	0.201628	-0.0536473	-0.027292	-0.0790672	0.016783	0.55689	0.153416	-0.0915466	0.253729	0.149309	
-0.183629	0.0417795	0.156487	0.0839763	-0.0995496	0.200795	0.048608	-0.0659629	0.0659324	0.177755	0.201628	-0.0602622	0.0148721	-0.0787101	0.0217291	0.678888	0.153416	-0.0873946	0.235692	0.149309	-0.0348732	-0.0280526	
-0.0259132	0.0417795	0.115098	0.0875343	-0.105676	0.144081	0.0533328	-0.0671519	0.045436	0.177755	0.201628	-0.0398601	0.00411101	-0.0787101	0.0204074	0.900593	0.149858	-0.0932674	0.207552	0.19036	-0.0409914	
-0.023703	0.0196424	0.210062	0.156041	-0.0968582	0.183565	0.0393112	-0.0646196	0.016472	0.177755	0.20441	-0.055423	0.0214399	-0.0851181	0.0204074	1.32191	0.149858	-0.0953951	0.238282	0.164331	-0.0642814	
-0.023703	0.0781231	0.185702	0.156041	-0.109762	0.228476	0.0393112	-0.0550647	0.035128	0.219511	0.20441	-0.0568078	0.00293324	-0.0694001	-0.00365741	0.977901	0.149858	-0.0912162	0.151973	0.167929	-0.0872842	0.0365599	
-0.0396308	0.0299375	0.0890452	-0.0114496	-0.106422	0.108844	0.0393112	-0.0527755	0.0406942	0.220012	0.20441	-0.0581366	-0.0053734	-0.0729151	-0.0192418	0.851323	0.149858	-0.103178	0.124743	0.167929	-0.0923326	0.0563081	0.0376967	0	
-0.0396308	0.0278719	0.0885696	-0.0114496	-0.109229	0.108124	0.0393112	-0.0662171	0.0266437	0.191355	0.20441	-0.0581366	-0.0372559	-0.0613344	-0.0192418	0.868515	0.149858	-0.101651	0.124743	0.155952	-0.078754	0.0563081	0.0538582	-0.0435432	
-0.0396308	0.00664847	0.0859897	-0.0105814	-0.109229	0.108124	0.028816	-0.0795302	0.0266437	0.230893	0.20441	-0.0581366	-0.0440859	-0.0731287	-0.0104316	0.800145	0.149858	-0.102241	0.167666	0.149268	0.047498	
-0.03767	0.0214622	0.063202	0.0462745	-0.107386	0.145833	0.0187319	-0.0580542	0.0332714	0.232853	0.206371	-0.0561758	-0.0551676	-0.0723271	-0.0164223	0.923583	0.148186	-0.0863633	0.169627	0.151229	0.0554494	0	
-0.0357093	0.0688696	0.0651379	0.0409492	-0.0981989	0.145833	0.0187319	-0.0414337	0.0332714	0.232853	0.206371	-0.057717	-0.031336	-0.0723271	-0.0184686	0.923583	0.153511	-0.0872265	0.123937	0.151229	0.0556892	-0.0157135	0	
-0.0357093	0.0702025	0.0410934	0.0982161	-0.0927976	0.134453	0.0267093	-0.058688	0.0289602	0.270541	0.206371	-0.055004	-0.0236174	-0.0799508	-0.0184686	0.844818	0.184031	-0.0939024	0.175163	0.0913254	0.0604441	
-0.0348151	0.092967	0.077719	0.163235	-0.0955673	0.134453	0.0267093	-0.0476297	0.0118735	0.252016	0.206371	-0.0537009	-0.00909715	-0.0767704	-0.0184686	0.752896	0.148322	-0.0931469	0.119103	0.135765	0.0383557	-0.0356363	0.0567018	
-0.0383078	0.00197963	0.0591591	0.160892	-0.0864898	0.105991	0.0267093	-0.0730552	0.0659292	0.252016	0.201997	-0.0387168	-0.0329983	-0.0681184	-0.011457	0.882166	0.148322	-0.0952545	0.179923	0.219047	0.0342872	0.023385	0	0	
-0.0302865	0.0763397	0.0591591	0.160892	-0.0912896	0.15673	0.00873748	-0.0696582	0.0464037	0.233376	0.201997	-0.0456844	-0.0502185	-0.0537057	-0.011457	0.863407	0.178608	-0.0986718	0.191139	0.223846	0.0342872	-0.0230495	0.0186211	
-0.0322381	0.0919991	0.0518092	0.160892	-0.0945275	0.15673	0.0114936	-0.087333	0.0238283	0.218451	0.201997	-0.0458501	-0.067385	-0.051578	-0.011457	0.967436	0.18056	-0.0959195	0.121936	0.258815	0.0342872	-0.0435351	0	
-0.032413	0.0468836	0.0138491	0.153443	-0.100877	0.15673	0.0114936	-0.0623691	0.0346259	0.21526	0.201997	-0.0585332	-0.0806879	-0.0624933	-0.014726	1.12515	0.143174	-0.0994354	0.19817	0.265164	0.0375562	0.0137497	
-0.031627	0.0468836	0.0399523	0.153443	-0.100877	0.141698	0.0114936	-0.0912276	0.047133	0.304587	0.201997	-0.046251	-0.0755404	-0.0767722	-0.014726	0.786352	0.143174	-0.0980787	0.119189	0.298917	0.0375562	0.0472073	
-0.031627	0.0404295	0.0562728	0.0864875	-0.0917094	0.144809	0.0302983	-0.0593764	0.0255855	0.36081	0.186546	-0.04824	-0.0777423	-0.0815089	-0.014726	0.804857	0.143174	-0.0962814	0.117529	0.307664	0.0403475	0.0286157	
-0.0226007	0.0426169	0.057924	0.108856	-0.0951544	0.150007	0.0248956	-0.0423657	0.0460054	0.429797	0.188734	-0.0460525	-0.0603714	-0.0656129	-0.0129733	0.899136	0.167962	-0.0930675	0.164946	0.280934	0.0407822	0.0297694	
-0.0241159	0.0426169	0.11184	0.121048	-0.100012	0.142834	0.0316221	-0.0760131	0.038356	0.539175	0.175715	-0.0362646	-0.0493057	-0.0640099	-0.0129733	0.521654	0.169478	-0.0870692	0.151933	0.276099	0.0438033	0.00151515	-0.00302111	0.0244673	0.0130138	
-0.0241159	0.0426169	0.125096	0.208671	-0.0982032	0.0799537	0.0295675	-0.0903594	-0.0202333	0.378929	0.190952	-0.0291533	-0.0128514	-0.0640099	-0.00869204	0.621476	0.169478	-0.0925505	0.17287	0.274291	0.0350097	
-0.0223513	0.0426169	0.0906982	0.157889	-0.0981729	0.117045	0.0295675	-0.0871208	0.0357933	0.394072	0.190952	-0.00879955	-0.0326292	-0.0582153	0.00201734	0.758775	0.167713	-0.0979318	0.183108	0.277903	0.0417618	
-0.0223513	0.0426169	0.135969	0.157885	-0.0974535	0.162356	0.0414692	-0.0771326	0	0.302609	0.204707	0.0198907	-0.0225836	-0.0585148	-0.0146103	0.758775	0.142853	-0.0986429	0.183108	0.262233	0.0459371	0.0217665	
-0.0130314	0.0426169	0.184657	0.194682	-0.0974535	0.211451	0.0178508	-0.0748781	0.0499541	0.511476	0.204707	0.0223756	-0.0370667	-0.0584939	-0.0146103	0.745909	0.155885	-0.077815	0.116841	0.326727	-0.0191567	
-0.0130314	0.0374218	0.137499	0.197761	-0.101364	0.181331	0.0178508	-0.0822359	0.0426026	0.511476	0.204707	0.0204079	-0.0514506	-0.0584939	-0.00725887	0.795407	0.142853	-0.0931994	0.111472	0.330637	
-0.0105007	0.0374218	0.137499	0.157523	-0.101761	0.192841	0.021784	-0.0495528	0.0471238	0.466947	0.221367	0.0094702	-0.0521732	-0.0648722	-0.00725887	0.788356	0.153354	-0.0873652	0.149466	0.355236	
-0.0231755	0.0373713	0.116897	0.146154	-0.0970193	0.178537	0.0308708	-0.0617628	0.0374329	0.389257	0.221316	0.00941972	-0.0499657	-0.0626854	-0.0103167	0.842344	0.142803	-0.0853176	0.169997	0.311257	-0.0216995	
-0.0227633	0.039871	0.116897	0.110933	-0.0987979	0.232931	0.0118083	-0.0332292	0.0374329	0.323654	0.215918	0.00708108	-0.0405202	-0.0751034	-0.0103167	0.625745	0.165566	-0.0569369	0.121564	0.241469	
-0.0211958	0.039871	0.113689	0.0919217	-0.0956552	0.232931	0.0177241	-0.0446652	0.0352809	0.233142	0.214916	-0.0161319	-0.0309282	-0.0751034	-0.0103167	0.612609	0.166601	-0.0425194	0.138082	0.211285	
-0.0211958	0.039871	0.140139	0.201487	-0.0997815	0.232931	0.0110217	-0.00541169	0.0318377	0.205082	0.214916	-0.0161319	-0.0527806	-0.0751034	0.00058651	0.406285	0.163221	-0.0650184	0.138082	0.238825	
-0.0211958	0.039871	0.140139	0.181036	-0.0956602	0.232931	0.00758722	-0.0268145	0.0496197	0.207062	0.214944	-0.0161319	-0.0410225	-0.0795059	-0.0146315	0.57272	0.144105	-0.0650184	0.127492	0.234704	0.0737822	-0.0394512	
-0.0307213	0.0379122	0.140139	0.168392	-0.101091	0.232931	0.00758722	-0.0460851	0.0496197	0.292336	0.214944	-0.00664053	-0.0157274	-0.0761956	-0.0146315	0.698809	0.174827	-0.0650184	0.0910427	0.235664	0	
-0.0284209	0.0402126	0.148862	0.168392	-0.0906587	0.235231	0.00900152	-0.03715	0.0490831	0.238944	0.225255	-0.0145016	-0.0164292	-0.073657	-0.0117945	0.572798	0.146406	-0.062718	0.0933431	0.217709	0	0.0808148	
-0.0284209	0.0402126	0.143352	0.118309	-0.0876941	0.182418	0.0150685	-0.0503096	0.0658096	0.218059	0.225255	-0.0303743	-0.0292363	-0.0851068	-0.0164471	0.493053	0.146406	-0.0654943	0.105512	0.214744	-0.225255	0.0298809	
-0.179255	0.0402126	0.192622	0.0559618	-0.0938799	0.151413	0.0150685	-0.0683822	0.0658096	0.283206	0.225255	-0.0354913	-0.0549297	-0.0653109	-0.0164471	0.558567	0.146406	-0.0800466	0.0978706	0.25587	0.156992	
-0.150876	0.0402126	0.0906579	0.140013	-0.100632	0.144014	0.0150685	-0.00071077	0.0704704	0.264159	0.253932	-0.0218463	-0.05368	-0.0495087	-0.0211079	0.503499	0.141872	-0.0722548	0.0978706	0.347422	0.267542	0.0205137	-0.0286774	
-0.0152322	0.0402126	0.0472954	0.231933	-0.092669	0.144014	0.0150685	-0.0534938	0.0511731	0.300599	0.226902	-0.0218463	-0.0426121	-0.0456794	-0.0211079	0.744129	0.141872	-0.0700582	0.0978706	0.339459	0.312558	0.0122394	0	
-0.15728	0.0286026	0.111507	0.161957	-0.0982033	0.144402	0.0154569	-0.0339173	0.0523969	0.300987	0.22729	-0.0214579	-0.0480129	-0.0495459	-0.0219433	0.971133	0.142261	-0.0620546	0.098259	0.345382	0.312558	
-0.0205515	0.0286026	0.0751729	0.192612	-0.0882556	0.140188	0.0154569	-0.0600611	0.0392326	0.297513	0.22729	-0.00546812	-0.0694606	-0.0497369	-0.00877903	0.971133	0.142261	-0.0717267	0.119001	0.335434	0.2905	-0.0289529	
-0.0205783	0.0367283	0.0751729	0.206094	-0.0935789	0.138709	0.0154569	-0.0732333	0.0392326	0.246518	0.232352	-0.00546812	-0.0433373	-0.0539081	-0.00877903	0.971133	0.164603	-0.0775615	0.113065	0.364734	0.302698	
-0.0205783	0.0367283	0.143846	0.193007	-0.0970903	0.138709	0.00784894	-0.0540636	0.0397713	0.30929	0.232352	0.0290089	-0.0286803	-0.0526615	-0.0101921	1.26668	0.164603	-0.0764099	0.113065	0.368245	0.219692	0	
-0.0040397	0.0356969	0.14572	0.211799	-0.102545	0.1977	0.0158071	-0.0711043	0.0656101	0.357876	0.237483	0.050383	-0.0415515	-0.0567337	-0.0179231	0.774672	0.149938	-0.0745362	0.114939	0.375574	0.234535	-0.0035692	
-0.0127532	0.0356969	0.14572	0.235904	-0.102313	0.1977	0.0135712	-0.0747793	0.0510055	0.371343	0.237483	0.037032	-0.0507325	-0.0515352	-0.00331855	0.593746	0.145898	-0.0679351	0.160485	0.38448	0.234535	0.0735174	
-0.158651	0.0356969	0.247365	0.111241	-0.091435	0.195	0.0193446	-0.0799274	0.0386978	0.387705	0.237483	0.0226984	-0.0207542	-0.0515352	-0.00358405	0.785138	0.145898	-0.0788144	0.149826	0.373602	0.234535	0.0901049	0.0316569	0	
-0.141367	0.0349966	0.127801	0.128526	-0.0921353	0.1943	0.0232171	-0.0419609	0.0483225	0.387004	0.236783	0.0219982	-0.0281571	-0.0396187	-0.0139091	0.738383	0.127913	-0.0689197	0.146005	0.373602	0.2542	0	0	
-0.0109938	0.0353458	0.183554	0.0821389	-0.0944625	0.1943	0.0223003	-0.058941	0.0545517	0.309043	0.236783	0.0219982	-0.0253802	-0.0279685	-0.0201383	0.686252	0.12075	-0.0567262	0.152393	0.308799	0.261364	0	-0.0577949	
-0.0101286	0.0362109	0.0947006	0.106494	-0.0807685	0.195165	0.0231655	-0.0593901	0.049956	0.309908	0.237648	0.0157466	-0.0317895	-0.0565227	-0.017075	0.773361	0.131744	-0.0725761	0.153258	0.29597	0.30489	-0.0301152	
-0.0101286	0.0362109	0.135518	0.0907411	-0.0772816	0.195165	0.0231655	-0.0843064	0.049956	0.270649	0.237648	0.00612763	-0.0183026	-0.0520186	-0.017075	0.734826	0.131304	-0.0613326	0.17668	0.337883	0.305329	
-0.0101286	0.0362109	0.0908134	0.0645762	-0.0912666	0.197355	0.0358994	-0.0620308	0.0473181	0.213974	0.237648	0.00611064	-0.0318914	-0.0470736	-0.017075	0.623342	0.123177	-0.0670353	0.17668	0.30966	0.303328	
-0.0101286	0.0362109	0.0563218	0.095586	-0.0925065	0.206706	0.0303366	-0.0573029	0.0385059	0.213974	0.237648	-0.010763	-0.044897	-0.0670614	-0.00826278	0.805985	0.133305	-0.0670209	0.187525	0.296492	0.303328	0	0.00646275	
-0.0104888	0.0362109	0.0973215	0.0962513	-0.100342	0.206706	0.0303366	-0.0553756	0.0428607	0.179089	0.229356	-0.010763	-0.0686967	-0.0613698	-0.0126176	0.834937	0.141937	-0.0808083	0.187525	0.304327	0.295057	-0.0314926	
-0.0104888	0.0362109	0.0973215	0.11384	-0.0965764	0.206706	0.0430246	-0.0349955	0.0376963	0.221417	0.229356	0.0016773	-0.0767156	-0.0613698	-0.00745321	0.834937	0.141937	-0.0813537	0.187525	0.210317	0.325496	
-0.0191584	0.037473	0.254205	0.0971737	-0.094184	0.165143	0.0430246	-0.0525546	0.0548679	0.225629	0.233466	0.0016773	-0.0626085	-0.0358911	-0.00923073	0.685119	0.150606	-0.0882032	0.198653	0.207925	0.325496	0	0	-0.0169607	
-0.00490149	0.037473	0.255736	0.0971737	-0.084864	0.165143	0.0431415	-0.0740209	0.0483168	0.246621	0.233466	0.00144641	-0.050811	-0.0442377	-0.00370966	0.972092	0.136349	-0.0913544	0.198653	0.198605	0.171967	
-0.00803966	0.037473	0.146465	0.151986	-0.0878608	0.153762	0.0556574	-0.0689913	0.048992	0.151279	0.233466	0.00144641	-0.0296909	-0.0442377	-0.00370966	1.14931	0.139488	-0.0767994	0.198653	0.280805	0.192399	0	
-0.00803966	0.0399226	0.109117	0.160172	-0.0941975	0.144272	0.0556574	-0.0512161	0.0660207	0.249508	0.233466	0.0077175	-0.0469164	-0.0493696	-0.0207384	0.864591	0.139488	-0.0661192	0.198653	0.287142	0.192399	0.0309437	-0.00476326	
-0.0122371	0.0399226	0.0824631	0.083383	-0.0798237	0.144272	0.0363057	-0.068833	0.0660207	0.305595	0.233466	0.0086529	-0.0286958	-0.0521396	-0.0207384	0.896932	0.143685	-0.0735976	0.214022	0.23083	0.175652	0.00903575	-0.150168	0.028921	
-0.173417	0.0399226	0.0741742	0.0554193	-0.0820316	0.0880377	0.0363057	-0.0809209	0.0408876	0.305595	0.226787	-0.00774129	-0.0748171	-0.0400177	-0.00494279	0.774861	0.142799	-0.0724981	0.192246	0.262262	0.19849	0.00268616	
-0.0306184	0.0399226	0.0637413	0.0839704	-0.0819654	0.0880377	0.0348713	-0.0850148	0.0483049	0.224645	0.226787	-0.00130117	-0.014451	-0.0400177	-0.0123601	0.567155	0.173417	-0.073139	0.224126	0.262196	0.245446	0.00268616	0.026938	-0.0399226	
-0.0274256	0.0399226	0.138577	0.0839704	-0.0845045	0.114538	0.0361026	-0.0737216	0.0483049	0.316668	0.226787	-0.00127862	-0.0216355	-0.0400177	-0.0123601	0.567155	0.170224	-0.0782526	0.218055	0.264735	0.393606	0.00268616	0.0467293	-0.021007	
-0.0274256	0.044216	0.113175	0.0177424	-0.0797642	0.101848	0.0361026	-0.0671169	0.0583224	0.285634	0.226787	0.0268697	-0.0458952	-0.0501885	-0.0123601	0.566562	0.167828	-0.0762009	0.218055	0.253771	0.393606	0.00268616	-0.0271333	
-0.0274256	0.0449391	0.122927	0.0228221	-0.0908914	0.101848	0.0361026	-0.0180268	0.0502301	0.302568	0.226787	0.0268697	-0.0289738	-0.0667877	-0.0123601	0.678626	0.162748	-0.0824922	0.188081	0.264898	0.382469	-0.00924081	
-0.0274256	0.0436138	0.210035	0.0615371	-0.0858881	0.111575	0.02776	-0.0601981	0.0484399	0.285161	0.220384	0.0268697	-0.0274961	-0.0575835	-0.0105699	0.678626	0.155159	-0.0824922	0.188081	0.254705	0.392918	-0.00197384	0	
-0.0225813	0.0541398	0.24962	0.112858	-0.0937983	0.111575	0.02776	-0.0529767	0.033951	0.282743	0.213848	0.0421268	-0.0106519	-0.0520381	0.00391908	0.74219	0.150315	-0.0802878	0.196302	0.27705	0.503305	-0.00197384	0.0520381	
-0.0293679	0.0541398	0.195643	0.0857358	-0.0905149	0.101197	0.0505332	-0.0721354	0.033951	0.273043	0.213848	0.0497333	-0.00359742	-0.0646645	0.00391908	0.688582	0.157102	-0.0741211	0.202669	0.273767	0.535611	-0.00197384	
-0.0293679	0.0541398	0.0764332	0.0890461	-0.0853681	0.0962777	0.0670815	-0.0744198	0.0351046	0.237018	0.213848	0.0226658	-0.00933629	-0.0646772	0.00391908	0.567931	0.157102	-0.096281	0.183657	0.264937	0.481508	-0.00460478	-0.0224278	-0.0177317	0	
-0.0288858	0.0541398	0.177273	0.0644007	-0.080475	0.144862	0.0670815	-0.0552305	0.0351046	0.243596	0.213848	0.00731384	-0.00933629	-0.0626625	0.00391908	0.635184	0.15662	-0.096281	0.183657	0.260044	0.465983	-0.00460478	
-0.0279708	0.0576943	0.175884	0.100349	-0.0859162	0.144862	0.0723622	-0.040592	0.0572508	0.225874	0.213848	0.023433	-0.0242826	-0.0744596	-0.0169185	0.727937	0.155705	-0.0789714	0.183657	0.235106	0.491986	-0.00460478	-0.16422	
-0.0238976	0.0576943	0.114661	0.100349	-0.08648	0.144862	0.0723622	-0.0519708	0.0507004	0.192121	0.213848	0.0175231	-0.0365648	-0.0739396	-0.0169185	0.674846	0.151631	-0.0760416	0.177665	0.307731	0.439716	-0.00460478	-0.00941071	0.313942	
-0.0238976	0.0576943	0.141645	0.10906	-0.0794273	0.144862	0.0683269	-0.0554833	0.0371893	0.200121	0.200958	0.0287931	-0.00779638	-0.0739396	-0.00340739	0.875741	0.151631	-0.0893365	0.177665	0.300678	0.439716	-0.00460478	-0.0414652	0.00270801	-0.000241558	0	
-0.0238976	0.0591493	0.197577	0.130683	-0.0923259	0.1239	0.0683269	-0.046688	0.0428891	0.338871	0.200958	0.0287931	-0.0402742	-0.0786744	-0.0058502	0.666635	0.151631	-0.0861217	0.175885	0.313577	0.418166	0.00381919	0.0067313	
-0.0340255	0.0591493	0.116184	0.103128	-0.096203	0.1239	0.0683269	-0.0379607	0.0113696	0.286281	0.200938	0.0274555	0.00826124	-0.0764972	0.0143929	0.934638	0.189314	-0.0856989	0.169322	0.317454	0.435053	0.00381919	
-0.0174948	0.0568601	0.0805659	0.122341	-0.0951334	0.177399	0.0378662	-0.0528788	0.0218819	0.194253	0.201375	0.0274555	0.0129926	-0.0800549	0.0143929	0.846969	0.153571	-0.0914849	0.158161	0.316384	0.418522	-0.00323129	-0.0232284	0	0	
-0.0316645	0.0568601	0.0933698	0.0547644	-0.0913162	0.108073	0.0203575	-0.0446894	0.018118	0.225247	0.201375	0.0521652	0.0392142	-0.0758004	0.0126859	1.07309	0.167741	-0.084001	0.168997	0.312567	0.459259	0.0107065	
-0.0316645	0.0568601	0.0808063	0.0547644	-0.0902593	0.108073	0.0203575	-0.0488125	0.00661724	0.225247	0.201375	0.0666928	0.0251081	-0.0741371	0.0241866	0.827293	0.167741	-0.0740891	0.168997	0.31151	0.461911	0.0107065	0.0775292	
-0.0316645	0.0568601	0.121786	0.0744952	-0.0893271	0.146025	0.0203575	-0.0872266	0.00661724	0.241178	0.201375	0.0666928	0.0213229	-0.0673376	0.0241866	0.633339	0.173523	-0.0777194	0.161982	0.337708	0.60121	0.0227884	
-0.0316645	0.0565735	0.14528	0.0744952	-0.0868966	0.123988	0.040639	-0.0836737	0.00170187	0.241178	0.180296	0.0666928	0.0582803	-0.0712459	0.029102	0.576627	0.173523	-0.0804742	0.161982	0.335278	0.60121	0.0100962	-0.0500156	0	
-0.0316645	0.059819	0.210608	0.059261	-0.0919362	0.13588	0.0554395	-0.0594112	0.0132089	0.241178	0.189001	0.0957541	0.0582803	-0.0725929	0.029102	0.454002	0.173523	-0.0790539	0.181171	0.340317	0.60121	0.0150459	0	
-0.0314736	0.059819	0.210608	0.059261	-0.0799026	0.129051	0.0554395	-0.0696346	0.0132089	0.241178	0.189001	0.0957541	0.0155952	-0.0851311	0.029102	0.538474	0.173332	-0.0808889	0.181171	0.328284	0.601019	-0.00291474	-0.0392848	
-0.0314736	0.059819	-0.0284609	0.155567	-0.0799026	0.1458	0.0238473	-0.034999	0.0458037	0.286877	0.189001	0.0957541	0.0425622	-0.0861198	-0.00349275	0.623945	0.171695	-0.0835523	0.172882	0.328284	0.590825	-0.00676452	0.0288138	
-0.027186	0.0478136	0.0882199	-0.0737084	0.102426	0.0399947	-0.0237066	0.0443645	0.17601	0.189001	0.0957541	0.0425622	-0.0761166	-0.00349275	0.888144	0.167408	-0.0857461	0.220295	0.305997	0.586537	-0.00676452	
-0.027186	0.0460962	-0.00668611	0.0295308	-0.0840137	0.102426	0.0249583	-0.0665462	0.0282216	0.143881	0.191129	0.0980682	0.0609649	-0.05981	0.00942322	0.800998	0.167408	-0.0851571	0.158161	0.257309	0.586537	0	
-0.0310933	0.0460962	0.00750027	0.0449507	-0.0739636	0.120254	0.0437004	-0.0661182	0.0282216	0.106407	0.194604	0.102584	0.0559352	-0.0704901	0.00942322	1.02499	0.171315	-0.0838177	0.158161	0.252684	0.631765	
-0.0310933	0.0454649	0.0087805	0.0549608	-0.0764684	0.104261	0.0322831	-0.0789132	0.0688899	0.196961	0.194604	0.0786647	0.0339316	-0.0698613	0.0171831	1.06636	0.161305	-0.0914609	0.158161	0.255189	0.620787	0.00941563	-0.0341306	0.00180579	0.0327056	
-0.0323594	0.0459387	0.0187324	0.0176358	-0.0803961	0.168606	0.0236316	-0.0744986	0.059183	0.230462	0.194604	0.0901523	0.0700402	-0.0834836	0.00865641	1.2673	0.162571	-0.0811668	0.158161	0.270992	0.565369	
-0.0296906	0.0459387	0.0170511	0.0687767	-0.0814085	0.142257	0.0481479	-0.0686114	0.0452756	0.238502	0.194604	0.0901523	0.0936285	-0.070921	0.00865641	1.42379	0.159902	-0.0789133	0.158161	0.27287	0.559791	-0.00275541	
-0.0315621	0.0461677	0.0170511	0.136448	-0.0666167	0.142257	0.00974765	-0.0866994	0.081185	0.247816	0.194604	0.0738797	0.0542488	-0.0720724	0.00481541	1.17221	0.153103	-0.0844939	0.158161	0.212927	0.561662	
-0.0317697	0.0443966	0.0216901	0.0355165	-0.0695443	0.142257	0.0240292	-0.0363553	0.0746196	0.221733	0.194604	0.0738797	0.0542488	-0.0697837	0.00481541	1.05113	0.154737	-0.0888421	0.16622	0.22287	0.56187	0	
-0.0316261	0.0445401	0.0231148	0.0437381	-0.0558633	0.142401	0.0241727	-0.0517985	0.0727897	0.353013	0.194748	0.0740232	0.0581496	-0.077064	0.00495894	1.17523	0.154737	-0.0878033	0.171799	0.18198	0.529078	0.471123	0	
-0.0238237	0.0370073	0.0231148	0.0211518	-0.0363988	0.0947477	0.0241727	-0.0664925	0.0952649	0.351015	0.194748	0.0623113	0.063232	-0.0770388	0.00588454	1.09297	0.146934	-0.0867025	0.171799	0.171521	0.490851	0	0	0	
-0.0212302	0.0370073	0.0231148	0.0413786	-0.0733989	0.0894627	0.0241727	-0.0709093	0.0807749	0.351015	0.194748	0.0623113	0.063232	-0.0722219	0.00588454	1.09297	0.144341	-0.0808487	0.110406	0.231263	0.433329	0.018033	
-0.0236686	0.0370073	0.00991885	0.0511532	-0.0759531	0.124633	0.0241727	-0.0577928	0.104076	0.351015	0.199339	0.0623113	0.0836084	-0.0644358	0.00588454	0.851498	0.146779	-0.0857321	0.135789	0.226918	0.387508	0.0200637	
-0.0236686	0.0370073	0.00991885	0.0511532	-0.0688546	0.102871	0.0272639	-0.0705924	0.0933926	0.333705	0.19887	0.0354898	0.0867395	-0.0759035	0.0165677	0.708426	0.146779	-0.0870421	0.135789	0.196868	0.387508	0.0142186	0.000482918	-0.0444722	
-0.0318725	0.0370073	-0.0123989	0.13125	-0.0751219	0.119177	0.0272639	-0.0680787	0.0620373	0.321104	0.210371	0.0395989	0.0637643	-0.0682004	0.0165677	0.39865	0.154983	-0.0849537	0.174534	0.204038	0.263329	0.028471	
-0.0300807	0.0370073	-0.0123989	0.1376	-0.0752792	0.13231	0.0182496	-0.0407886	0.0648035	0.409575	0.212068	0.0440898	0.0808991	-0.0715112	0.0165677	0.798068	0.146842	-0.0792892	0.14356	0.181657	0.356918	0.028471	
-0.0367948	0.0370073	-0.0123989	0.0826379	-0.0806204	0.0979053	0.0182496	-0.068144	0.0794415	0.353451	0.214543	0.0440898	0.0571995	-0.0650078	0.00192973	0.625593	0.14396	-0.0774924	0.138882	0.218515	0.39032	0.0208475	
-0.0359844	0.0378178	-0.0115884	0.219712	-0.0853311	0.137879	0.0200365	-0.0644786	0.0648064	0.326686	0.215353	0.0449003	0.05801	-0.0688119	0.00443672	0.836659	0.148783	-0.0848422	0.139692	0.19445	0.439754	0.0228967	0.000810448	
-0.0359816	0.0378206	-0.0115856	0.14325	-0.0853282	0.132597	0.0200393	-0.0603105	0.0493909	0.339232	0.215356	0.0639147	0.0440923	-0.0609582	0.0029988	1.13101	0.148783	-0.0813757	0.143541	0.19445	0.454278	0.0244479	
-0.0366334	0.0370575	-0.0113224	0.14325	-0.0831975	0.192594	0.030488	-0.060847	0.0912913	0.34939	0.214593	0.0556464	0.0290689	-0.0676143	0.009153	1.07681	0.148671	-0.0821728	0.142077	0.240428	0.454166	0.0310596	0.0699244	
-0.0326889	0.0363092	-0.0113224	0.165839	-0.0831975	0.185523	0.0126858	-0.0686314	0.0883474	0.268713	0.214593	0.0476658	0.0105147	-0.0395937	0.0112134	0.981505	0.159912	-0.0763187	0.142077	0.205972	0.450222	0.0254006	
-0.0323886	0.0363092	-0.016408	0.115932	-0.0940957	0.182053	0.0126858	-0.0818723	0.0909119	0.318024	0.202902	0.0476658	0.0112957	-0.0594182	0.008649	1.23206	0.159611	-0.0760822	0.142077	0.251728	0.449922	0.0288702	-0.00459372	
-0.0297962	0.0363092	-0.016408	0.237525	-0.0865831	0.159991	0.0453692	-0.0786301	0.0909119	0.25765	0.202902	0.0472781	0.0171577	-0.0594182	0.008649	0.709296	0.14023	-0.0891682	0.149502	0.244216	0.447329	0.0288702	
-0.0297962	0.0332414	-0.0153816	0.210853	-0.080722	0.204581	0.07134	-0.0721799	0.0726951	0.371076	0.202902	0.0472781	-0.0311462	-0.0528567	0.0119585	0.696803	0.141364	-0.0775186	0.146093	0.204721	0.429944	0.0288702	0	0.0477353	
-0.033709	0.0332414	-0.0204951	0.27425	-0.080722	0.205817	0.0636611	-0.0631136	0.0796575	0.357696	0.202902	0.0304785	-0.0493801	-0.0563251	0.00499607	0.450723	0.122649	-0.0566397	0.146093	0.259026	0.37481	0.0288702	
-0.0344803	0.0332414	-0.0167442	0.309035	-0.0804954	0.222474	0.0338581	-0.0702433	0.1131	0.348006	0.217164	0.0193953	-0.0403878	-0.0646143	0.00499607	0.483369	0.123421	-0.0503126	0.146093	0.243869	0.395669	0.0288702	
-0.0249143	0.0341705	-0.0141926	0.300398	-0.0706427	0.233002	0.0347873	-0.0682619	0.1131	0.348935	0.217906	0.0237577	-0.0377207	-0.0567736	0.00592524	0.678238	0.123005	-0.0471269	0.146347	0.283558	0.318223	0.027941	0.177526	
-0.0249143	0.0341705	-0.0141926	0.255287	-0.0525524	0.204567	0.0196612	-0.0823986	0.112917	0.347226	0.217906	0.016301	0.0072822	-0.0607741	0.00592524	0.717647	0.123005	-0.0348572	0.163767	0.265467	0.321014	0.027941	0.0670363	
-0.0320112	0.0341705	-0.0141926	0.241047	-0.0815908	0.142057	0.0263617	-0.0947282	0.128236	0.370291	0.217906	0.016301	-0.0149104	-0.0724806	0.00592524	0.929984	0.121861	-0.0422069	0.138703	0.294749	0.32811	0.032904	
-0.026343	0.0296052	-0.0141926	0.235379	-0.0348855	0.132327	0.0380577	-0.0986689	0.12729	0.370291	0.217906	0.0103325	0.0032088	-0.0715757	0.00592524	0.939132	0.126446	-0.0486419	0.138703	0.282718	0.398583	0.032904	0	
-0.026343	0.0302067	-0.0013338	0.246865	0.0946529	0.206134	0.0380577	-0.0926009	0.12729	0.370291	0.217906	0.0131897	0.0032088	-0.07305	0.00592524	0.865746	0.126446	-0.0536297	0.138703	0.398583	0.032904	
-0.026343	0.0302067	-0.021296	0.230973	0.0946529	0.218886	0.0241114	-0.0953031	0.126704	0.370291	0.217906	0.00259808	0.00289998	-0.0608236	0.00651119	0.865746	0.124986	-0.0650536	0.138703	0.0456557	0.493316	
-0.0288533	0.0302067	-0.0207804	0.20837	0.161197	0.253043	0.0135475	-0.0876984	0.136661	0.363943	0.217906	0.0304601	0.00283209	-0.0631332	0.00678759	0.865746	0.127496	-0.064812	0.149661	0.0456557	0.429647	
-0.0288533	0.0302067	-0.0210799	0.21275	0.161197	0.219352	0.029475	-0.0743049	0.128672	0.36725	0.217906	0.0275813	0.00283209	-0.0481712	0.00678759	1.13064	0.127496	-0.0616987	0.136064	0.0456557	0.349062	0.0474153	0.0228423	-0.0133994	0	
-0.0288533	0.0302067	-0.0198549	0.175555	0.154043	0.228947	0.0172267	-0.090315	0.125602	0.36725	0.217906	0.0369515	0.0991425	-0.0596273	0.00985773	1.30386	0.121649	-0.0691482	0.136064	0.0456557	0.349062	
