0.0238648	0.0134605	0.366658	0.0315157	-0.0757053	0.269119	-0.0049514	0.132753	-0.0190395	0	0.0249215	0	0	0	0	0	0	0	0	0	0	0	0	0	0	0	0	0	0	0	0	0	0	0	0	0	0	0	0	0	0	0	0	0	0	0	0	0	0	0	0	0	0	0	0	0	0	0	0	0	0	0	0	0	0	0	0	0	0	0	0	0	0	0	0	0	0	0	0	0	
0.0238648	0.0134605	0.364503	0.0327201	0.0919187	0.266963	-0.00131345	0.118502	-0.0168838	-0.0422158	0	0.0337781	0	0.0312814	0.0152262	7.76281e-05	0.0239963	-0.0928719	0.0422673	0.0458313	0	-0.0325	-0.0199673	0.0179843	0.0187103	0	-0.00215573	0.0170264	0.0489319	0.0618412	-0.00249944	0.00034371	0.0024821	-0.00169104	-0.0441025	-0.00290306	0.0117404	0.043302	0.0435875	-0.00215573	0.0163449	
0.0238648	0.0134605	0.387802	0.0327201	0.179825	0.238723	-0.000324781	-0.0441025	-0.0168838	0.118502	0.0179843	0.0105194	0	0.00980983	0.00529314	0.0208668	-0.0131574	-0.0990959	0.071947	0.10153	0	-0.00498649	
0.0152945	0.0134605	0.388537	0.0400056	0.305516	0.209056	-0.0176189	-0.0441025	0.00463773	0.120526	0.0187193	-0.0778734	0.00159075	0.0105449	0.00529314	0.0820154	0.0118078	0	-0.00425141	0.103215	
0.011049	0.0134605	0.354791	0.0397527	0.248883	0.226994	-0.0176189	-0.0735824	0.00657818	0.134457	0.0124851	-0.0974896	0.00324344	0.0846087	0.00190818	0.216037	0.037991	0.198494	0.035353	0	-0.00425141	
0.0183064	0.0129129	0.413693	0.0403004	0.319169	0.226994	-0.0181665	-0.0639193	0.00657818	0.116992	0.0124851	-0.0726995	0.00419727	0.0787571	-0.00337261	0.0747753	0.0611086	0.138988	-0.0318069	-0.00868956	-0.00630534	
0.0181585	0.0130607	0.402638	0.0400306	0.268112	0.218246	-0.0181665	-0.0677875	0.0122492	0.111963	0.0324944	-0.0918041	0.00419727	0.0862388	0.016092	-0.0101836	-0.014884	0.0155919	-0.0525335	0	0	0.14122	0.0445966	0.171038	-0.055863	
0.0241791	0.00891347	0.372102	0.0483463	0.291901	0.218246	-0.0181665	-0.0442597	0.0122492	0.111043	0.0114353	-0.0764159	0.00419727	0.0853261	0.0208483	-0.0157867	0.00103575	0.159905	0.067572	0.044357	-0.0339413	
0.0149205	0.00985201	0.341679	0.0514957	0.326461	0.246849	-0.0181665	-0.0437152	0.00854471	0.137843	-0.0157867	-0.0988682	0.000980378	0.0906144	0.0116099	0.0251506	-0.0471285	0.0508005	0.00985201	0.0968277	0.218853	
0.0149205	0.00985201	0.400086	0.300483	0.236773	-0.0181665	-0.0571559	0.00660764	0.11669	-0.0157867	-0.0897166	0.000980378	0.0939516	0.0116099	0.0183618	-0.0225045	0.0508005	0.125751	0.0514957	-0.0717113	0.158847	
0.0149205	0.00985201	0.400086	0.31353	0.254376	-0.0181665	-0.057003	0.00638735	0.106098	-0.0157867	-0.0953927	0.000980378	0.0940447	0.0247389	0.0295175	-0.0594923	0.0508005	0.286585	0.0514957	0.188314	
0.0149205	0.00985201	0.406041	0	0.335599	0.266111	-0.0181665	-0.0436056	-0.00126165	0.112772	-0.00739533	-0.0866384	0.00423051	0.0454369	0.0247389	0.0156208	-0.0133838	0.188314	0.192534	0.0250876	-0.0354139	
0.0149205	0.00918705	0.435931	0.0676756	0.331058	0.246649	-0.0188315	-0.0392423	-0.00126165	0.12902	-0.00739533	-0.0810992	0.00356554	0.051957	0.0167779	0.0098728	-0.026584	0.206973	0.192534	0.0257526	-0.0423463	
0.0125445	0.00501559	0.397061	0.044806	0.322951	0.216327	-0.0188315	-0.0379036	0.00806986	0.142104	-0.00891011	-0.0769863	0.00356554	0.0715731	0.0167779	0.017672	-0.0431593	0.251255	0.120967	0.0257526	
0.0283112	0.007031	0.415326	0.0487873	0.320882	0.218123	-0.0206272	-0.0368888	-0.00590632	0.194106	-0.0071144	-0.0856496	0.00356554	0.0635019	0.0176759	0.0194677	-0.0509054	0.0896617	0.15186	0.0257526	-0.0324594	0	
0.0050076	0.007031	0.446292	0.0630332	0.350088	0.218123	-0.0206272	-0.017096	0.00319477	0.175934	-0.00777784	-0.0794392	0.00356554	-0.00715083	0.0176759	0.0194677	-0.0746383	0.0928978	0.194262	0.0257526	
0.00318712	0.00885148	0.564299	0.00827166	0.33253	0.248001	-0.0206272	-0.0322199	0.00319477	0.150848	-0.00777784	-0.0768288	0.0570194	0.0236362	0.0275059	-0.0717223	0.108564	0.182131	0.0287865	0.0612127	
0.0262642	0.00885148	0.419897	0.00827166	0.337008	0.261606	-0.0218485	-0.0249537	3.95427e-05	0.152069	-0.00655654	-0.0610903	0.0518153	0.0236362	0.0287272	-0.0540476	0.192586	0.199922	0.0287865	0.0928644	
0.0115795	0.00911069	0.408564	0.00466725	0.337008	0.231286	-0.0215893	-0.0272629	3.95427e-05	0.149423	-0.00655654	-0.0521556	-0.0185506	0.0329412	0.015538	0.013126	-0.0561732	0.177342	0.247662	0.0256372	0.0681296	
0.00737398	0.0133162	0.430055	-0.00204841	0.377208	0.284721	-0.0215893	-0.0331607	3.95427e-05	0.139286	-0.00659178	-0.0978018	0.00468434	0.0231857	0.00151714	-0.0710949	0.140102	0.186341	0.0256372	0.0639241	
0.00737398	0.0133162	0.413924	-0.00204841	0.364459	0.235242	-0.0215893	-0.036032	-0.00738368	0.11001	-0.00714062	-0.0992274	0.0912596	0.0231857	0.0194824	-0.0571239	0.142592	0.216263	0.0256372	0.0748296	
0.00134639	0.0193438	0.417686	-0.00204841	0.364459	0.235242	-0.0215893	-0.0358806	-0.0073827	0.16171	-0.00714062	-0.100304	0.0313608	0.0174503	-0.0395199	0.185232	0.251464	0.0256372	0.0476281	
0.0101051	0.0193438	0.469127	-0.00255999	0.288674	0.235242	-0.0215893	-0.0197328	0.00348544	0.170912	-0.00697002	-0.0919336	0.0313608	0.00402378	-0.0455179	0.330006	0.232041	0.0256372	0.0531282	
0.00822153	0.0221041	0.436109	-0.000211483	0.395305	0.205429	-0.0207125	-0.041	0.00348544	0.17884	-0.00697002	-0.102916	0.0350681	0.0185217	-0.0651285	0.240812	0.153255	0.0247604	0.0512447	
0.00822153	0.0231323	0.538081	-0.00522447	0.292223	0.251394	-0.0196843	-0.0535041	0.00348544	0.17884	-0.00162663	-0.0988071	0.0360962	0.0517327	-0.0698005	0.290336	0.179866	0.0237323	0.0428145	
0.00866849	0.0238802	0.532694	-0.00447655	0.27938	0.207708	-0.0189364	-0.071479	0.0145963	0.132599	-0.00817104	-0.0996736	0.0368442	0.0427918	-0.0682737	0.229833	0.231288	0.0229843	0.0428145	
0.002271	0.0238802	0.502065	-0.00447655	0.291797	0.201748	-0.0189364	-0.054502	0.000238057	0.137612	-0.00817104	-0.106822	0.0368442	0.0389155	-0.0507854	0.188516	0.476248	0.030299	0.0428145	
-0.000942715	0.0238802	0.448033	-0.000268355	0.291797	0.249576	-0.0189364	-0.0795757	0.00883611	0.13544	-0.00817104	-0.116511	0.0548053	0.0336079	-0.0547468	0.14591	0.339717	0.0101617	-0.0393583	0.0428145	
-0.000942715	0.0238802	0.391162	0.000444115	0.317225	0.232184	-0.0217393	-0.0609691	0.011639	0.140073	-0.00536819	-0.106273	0.0548053	0.0894007	-0.0879737	0.0765451	0.222549	0.0101617	0.0428145	
-0.000942715	0.0253857	0.391162	0.00194957	0.338587	0.23615	-0.0202338	-0.0609691	0.011639	0.140073	-0.00518627	-0.112997	0.0592204	0.0723826	-0.0847823	0.0339972	0.25608	0.0103146	-0.0140097	0.0201721	
-0.000942715	0.0253857	0.378803	-0.000481351	0.355227	0.237557	-0.0216404	-0.0516412	0.0123643	0.116268	-0.0118705	-0.084437	0.0636724	0.0737892	-0.0652345	0.117541	0.231903	0.0111928	0.0259452	
-0.00010494	0.0245479	0.378803	-0.000481351	0.333447	0.217366	-0.0216404	-0.0563141	0.0143635	0.110309	-0.0118705	-0.108765	0.0565372	0.0737892	-0.0395204	0.060153	0.199715	0.0111928	0.0730725	0.0327295	
0.00940766	0.0245479	0.355868	-0.000481351	0.325495	0.217366	-0.0216404	-0.0563141	0.0143635	0.144289	-0.0105047	-0.101275	0.0457947	0.0169911	-0.0570181	0.0944555	0.238345	0.00850267	0.0290673	-0.0191628	
0.00940766	0.0246319	0.341321	-0.00525768	0.346532	0.217366	-0.0215563	-0.0619105	0.0143635	0.0960999	-0.0105047	-0.109765	0.0600973	0.0196249	-0.0621157	0.091594	0.282068	0.00841862	0.076254	0.0318409	
0.00940766	0.0246319	0.43558	-0.00525768	0.426806	0.268465	-0.0215563	-0.0620182	0.0328525	0.153464	-0.0105047	-0.113403	0.0600973	0.00700262	-0.0459606	0.0431164	0.379288	0.00841862	-0.012669	0.0346298	
0.014203	0.0246319	0.43558	-0.00525768	0.347471	0.268465	-0.0215563	-0.0665506	0.0387643	0.153464	-0.0106748	-0.114367	0.0600973	0.0291941	-0.0417242	-0.0120639	0.310955	0.00841862	0.0346298	0.0159208	
0.014203	0.0246319	0.43558	-0.00362024	0.352591	0.249507	-0.0215563	-0.0665506	0.0483413	0.153464	-0.0106748	-0.0956599	0.0600973	0.0291941	-0.0476784	0.0276214	0.185349	0.00764012	0.0085655	0.0636874	
0.014203	0.0246319	0.440009	-0.0153924	0.366739	0.248719	-0.0215563	-0.0527692	0.0351236	0.153464	-0.013975	-0.104914	0.0413089	0.0371142	-0.0159932	0.0590071	0.0636874	0.00934505	
0.018663	0.0246319	0.435605	-0.0153924	0.283846	0.267451	-0.0215563	-0.0527692	0.0316808	0.153464	-0.0201085	-0.100517	0.0413089	0.0371142	-0.0123569	0.107988	-0.0187266	0.0472306	0.0758532	0.000734778	-0.0445831	0	
0.016501	0.0246398	0.435605	-0.013771	0.297233	0.267451	-0.0215485	-0.0271365	0.0260257	0.185333	-0.0201085	-0.113369	0.0413168	0.0465891	-0.0654634	0.0500821	0.0599557	0.0758532	0.000726898	0	
0.0188517	0.0164254	0.429559	-0.0196347	0.323856	0.248726	-0.0280432	-0.0247858	0.0288955	0.182157	-0.0265475	-0.0999077	0.0283464	0.0472201	-0.0242446	0.045639	0.0311141	0.0774711	0.00735877	0.0194507	
0.0156085	0.0184706	0.365742	-0.0263298	0.262018	0.252894	-0.025998	-0.00285305	0.0243702	0.14845	-0.0265475	-0.10494	0.0303915	0.0472201	-0.00317396	0.244236	0.0566704	0.0121445	
0.00809781	0.0184706	0.371069	-0.0263298	0.241008	0.292166	-0.025998	-0.0225777	0.0243702	0.144199	-0.0227358	-0.0986516	0.0303915	0.0369645	-0.0374016	0	0.118717	0.0614252	0.0121445	
0.00509561	0.0214728	0.382364	-0.0263298	0.443345	0.274363	-0.025998	-0.0237326	0.0291626	0.111471	-0.0243013	-0.102128	0.0303915	0.0149444	-0.0383184	0.0915633	0.058423	0.0121445	0.0977137	
0.00509561	0.0214728	0.382364	-0.0263298	0.443345	0.274363	-0.025998	-0.0237326	0.036103	0.149962	-0.0243013	-0.114725	0.0369012	0.0206674	-0.0700739	0.129138	0	0	0.0707907	0.0271515	
0.00509561	0.0214728	0.435129	-0.0199976	0.468948	0.262959	-0.025998	-0.0256128	0.0279816	0.1594	-0.0217426	-0.0774175	0.0369012	0.0206734	-0.0508832	0.0707907	0.10125	0.0166057	
0.00606793	0.0170238	0.412635	-0.0199976	0.436632	0.262959	-0.025998	-0.0460772	0.0279816	0.202676	-0.0217426	-0.108738	0.0369012	0.0319394	-0.0431537	0.0911323	0.189672	0.0129118	0	
0.000132585	0.0170894	0.398889	-0.0199976	0.404694	0.262959	-0.025998	-0.0461428	0.0259471	0.199801	-0.0240721	-0.103134	0.0154399	0.0566247	-0.0413852	0.0910667	0.141619	0.0131888	
0.0117726	0.0153268	0.352675	-0.0217601	0.32741	0.257801	-0.0277605	-0.0418192	0.0259471	0.198472	-0.0240721	-0.096327	0.0516982	0.0294174	-0.00841874	0.108472	0.14945	0.0173008	
0.00583955	0.0153268	0.342817	-0.0217601	0.297967	0.251545	-0.0277605	-0.0392657	0.0237299	0.152382	-0.0240721	-0.0944853	0.0516982	0.0132587	-0.0148882	0.0493627	0.166169	0.0195795	0.0386986	0	
0.00436918	0.0167972	0.342817	-0.0248223	0.285448	0.256438	-0.0277605	-0.0626309	0.0237299	0.152382	-0.0249363	-0.0909257	0.0516982	0.0517618	-0.0239873	0.0478924	0.165181	0.0195795	-0.0416195	
0.00436918	0.0167972	0.372041	-0.0248223	0.313458	0.242096	-0.0286288	-0.062721	0.0245981	0.138653	-0.0223138	-0.0812302	0.0516982	0.0257175	-0.0129513	0.0639439	0.233267	0.0195795	
0.00436918	0.0167972	0.372041	-0.0337435	0.203719	0.235628	-0.0286288	-0.0602745	0.0214777	0.141746	-0.0223138	-0.0828121	0.0516982	0.0209277	-0.057602	0.0686776	0.311662	0	0.0195795	
0.00214675	0.0167972	0.391697	-0.038076	0.251953	0.295866	-0.0286288	-0.0111079	0.0223102	0.141746	-0.0248758	-0.0953858	0.0516982	0.0309298	-0.0399894	0.0583964	0.311662	0.0155387	
-0.000923766	0.0139537	0.349072	-0.0388537	0.17766	0.295866	-0.0294065	0.0107528	0.0105835	0.141746	-0.0252383	-0.0892304	0.0638842	0.0343717	-0.0459658	0.0558385	0.318957	0.0163165	0.198802	
0.00169472	0.0146766	0.325035	-0.0381308	0.246931	0.298687	-0.0276483	-0.024273	0.0124482	0.140711	-0.0262735	-0.0959801	0.0646071	0.025946	-0.0330328	0.0734539	0.247857	0.0276816	0.20506	-0.0423249	
0.0130276	0.0117589	0.405304	-0.0414659	0.272171	0.275285	-0.0276483	-0.0652119	0.00810484	0.135841	-0.0262735	-0.10608	0.0718941	0.0556083	-0.0190375	0.0798165	0.318924	0.0276816	0.178746	
0.011108	0.0136786	0.303518	-0.050108	0.24745	0.275285	-0.0276483	-0.0800138	0.00810484	0.147921	-0.0262735	-0.10661	0.0612253	0.0435574	-0.00254054	0.0704355	0.0333545	0.197678	
0.011108	0.0136786	0.369441	-0.0516754	0.245139	0.274818	-0.0271817	-0.0827798	0.0157463	0.121728	-0.0319418	-0.0912116	0.0612253	0.0388211	0.00193501	0.0556843	0.0333545	0.333468	
0.014975	0.00982323	0.447836	-0.0525036	0.243583	0.273262	-0.0294812	-0.0842068	-0.00147603	0.120172	-0.0273923	-0.0747315	0.0545122	0.0335297	-0.0294537	0.0684313	0.0263634	0.338922	
0.014975	0.00963184	0.403797	-0.0542414	0.217008	0.275513	-0.0296726	-0.076326	-0.00147603	0.118348	-0.0312195	-0.091435	0.0543208	0.0525202	-0.02312	0.055411	0.0271201	0.384403	0.0198185	
0.0244352	0.00963184	0.403797	-0.0660252	0.241106	0.275513	-0.0296726	-0.0676707	-0.00147603	0.118348	-0.0312195	-0.0869615	0.0573696	0.040483	-0.0599078	0.0567131	0.0235257	0.384403	0.00760972	0.00212583	
0.0149388	0.0063158	0.310049	-0.0677715	0.228717	0.24354	-0.0327714	-0.072634	-0.00169323	0.12445	-0.0280079	-0.112267	0.0540536	0.0376364	-0.0317166	0.0549357	0.0269714	0.384403	0.0715942	-0.0134008	
-0.001532	0.0063158	0.283939	-0.058903	0.287721	0.24354	-0.0327714	-0.0571889	-0.00169323	0.13978	-0.0280079	-0.110619	0.0808104	0.0116138	-0.0369007	0.0290416	0.0269714	0.42073	
0.0163662	-0.0028254	0.285498	-0.0668306	0.337944	0.242479	-0.0327714	-0.0600749	-0.00169323	0.153681	-0.0280079	-0.0865607	0.0652493	0.0574015	-0.013009	0.044817	0.0269714	0.429872	-0.0274111	
0.0163662	-0.0028254	0.424045	-0.0719633	0.37507	0.227691	-0.0327714	-0.0533335	-0.0105884	0.16703	-0.0280079	-0.077416	0.0652493	0.0277847	-0.0516222	0.0613626	0.0269714	-0.0186644	0.429872	0	
0.0163662	-0.0028254	0.296584	-0.0719633	0.305311	0.225796	-0.0301206	-0.0427119	0.0111889	0.131431	-0.029817	-0.0994987	0.0639179	0.0251339	-0.0424222	0.0613626	0.0269714	0.410158	0.0197585	0	
0.0163662	-0.0028254	0.30613	-0.0704057	0.277911	0.218511	-0.0301206	-0.0538627	0.0111889	0.131431	-0.029817	-0.0910362	0.0639179	0.0024177	-0.052789	0.061437	0.0191864	0.450429	-0.0282108	
0.0147805	-0.0008404	0.322008	-0.0731262	0.277911	0.25838	-0.0301206	-0.042145	0.0111889	0.113535	-0.0300563	-0.10944	0.063169	0.0158897	-0.0513108	0.061697	0.0191864	0.383022	-0.040781	
0.0172704	0.00395698	0.344892	-0.0683288	0.306115	0.237113	-0.0253232	-0.0456355	0.00726861	0.127142	-0.0316346	-0.107202	0.0679664	0.0196019	-0.0676734	0.061697	0.014389	0.306088	0	
0.021113	0.000114308	0.34261	-0.0683288	0.313341	0.237497	-0.0257071	-0.027489	0.00293283	0.146417	-0.0312507	-0.0879554	0.0679664	0.0226293	-0.041636	0.0655397	0.014389	0.381747	0	
0.025157	-0.00528173	0.31507	-0.0737249	0.288205	0.237497	-0.0311032	-0.027489	0.00293283	0.146417	-0.0274982	-0.0946572	0.0566082	0.0555647	-0.0643928	0.060565	0.0197851	0.255977	0	0.029045	
0.025157	-0.00151189	0.358904	-0.0745833	0.331087	0.239554	-0.0273333	-0.027971	0.00821152	0.141284	-0.0274982	-0.0901172	0.060378	0.0471796	-0.0538165	0.060565	0.0181498	0	0	0.05382	0.396265	
0.0268273	-0.00717137	0.358904	-0.0802427	0.355942	0.274197	-0.0329928	-0.0211889	0.00374156	0.141284	-0.0274982	-0.0728161	0.0547185	0.06133	-0.0599497	0.0665366	0.0238093	0.359813	
0.0183396	-0.00717137	0.419708	-0.0839697	0.35068	0.229541	-0.0351663	-0.0211889	0.00591503	0.105514	-0.0253247	-0.0902358	0.0547185	0.0635035	-0.0381928	0.0586672	0.0238093	0.359813	0.0853416	0	
0.023558	-0.000824136	0.301426	-0.0755953	0.323519	0.251457	-0.0307579	-0.0404541	0.00615935	0.128512	-0.0251356	-0.0819136	0.0593161	0.0985697	-0.0212388	0.0569175	0.0144203	0.301614	0	-0.0106495	0.312258	
0.023558	-0.000824136	0.41252	-0.0863943	0.284619	0.251457	-0.0307579	-0.0549549	0.00860043	0.153618	-0.0220761	-0.0880873	0.0593161	0.0985697	-0.0215276	0.0468889	0.0144203	0.277341	
0.023558	-0.000824136	0.359622	-0.078428	0.272638	0.266048	-0.0307579	-0.0347999	0.00410427	0.151019	-0.0184474	-0.087509	0.0593161	0.0985697	-0.0270446	0.0321181	0.0144203	0.195525	0	
0.023558	-0.00364748	0.338289	-0.0825936	0.222344	0.262307	-0.0335812	-0.0182852	0.00625226	0.146927	-0.0173083	-0.0575504	0.0476675	0.0856485	-0.0477946	0.047005	0.0164605	0.208294	
0.0238256	-0.00391504	0.377238	-0.0825936	0.309992	0.292793	-0.0335812	-0.0301138	-0.00162883	0.146927	-0.0173083	-0.0654603	0.0384054	0.0633756	-0.0727985	0.0448105	0.0164605	0.21502	0	
0.0267447	-0.000435078	0.383863	-0.0791137	0.279187	0.262576	-0.0301013	-0.00767889	-0.00162883	0.148756	-0.0201105	-0.0794875	0.0418854	0.0633756	-0.0659032	0.0623463	0.0151634	0.24797	-0.0511175	0	
0.0281204	-0.00181084	0.309446	-0.0791137	0.263609	0.262576	-0.0301013	-0.0123862	-0.00286781	0.131518	-0.014976	-0.093662	0.0417371	0.0539616	-0.074201	0.0637221	0.0151634	0.237751	
0.0224	-0.00181084	0.284033	-0.0769822	0.252958	0.233748	-0.0301013	0.0107457	0.00624747	0.137437	-0.0110996	-0.0805832	0.0518074	0.0539616	-0.0531201	0.0772545	0.0101924	0.0423741	0.258943	0	
0.0224	-0.00181084	0.327855	-0.0762842	0.252958	0.233748	-0.0301013	0.00237781	0.00624747	0.150172	-0.0110996	-0.076035	0.0548957	0.0538953	-0.0367149	0.0516539	0.0101924	0.215086	0	0.0596324	
0.0210071	-0.000418001	0.327962	-0.0762842	0.26426	0.289828	-0.0302084	-0.0246059	0.00610922	0.124792	-0.0109925	-0.0726672	0.0548957	0.0203184	-0.00285091	0.050261	0.00425809	0.32374	0.0797733	
0.0190659	-0.000418001	0.301713	-0.0779956	0.253325	0.281911	-0.0302084	-0.0367854	0.0172456	0.125393	-0.0109925	-0.082208	0.0501501	0.0257829	0.00846084	0.050261	-0.00223437	0.406197	0.0526661	0.0940235	
0.0190659	-0.000418001	0.396667	-0.0779956	0.219788	0.281911	-0.0302084	-0.0459067	-0.00536319	0.155555	-0.0135356	-0.0916758	0.0501501	0.0257829	-0.0360913	0.0506601	-0.00223437	0.376695	0.0822522	0.0330798	
0.0318658	-0.000418001	0.41895	-0.0779956	0.219788	0.280049	-0.0302084	-0.0459067	0.000751204	0.159003	-0.0211455	-0.0960503	0.0460271	0.00538205	-0.0392061	0.0478601	-0.00369058	0.340549	0.0805491	0	
0.0318658	-0.000418001	0.375576	-0.085601	0.19007	0.26585	-0.0302084	-0.0363299	0.000751204	0.182883	-0.0251103	-0.0960503	0.0460271	0.0123021	-0.0327671	0.0816894	-0.00369058	0.340549	0.0559922	0.00551678	
0.0324521	-0.000418001	0.386484	-0.0869661	0.23033	0.26585	-0.0302084	-0.0461354	0.00999314	0.143845	-0.0251103	-0.0905653	0.0460271	0.00604234	-0.0395299	0.0828593	-0.0172869	0.289641	0.0390378	0.0616862	
0.0324521	-0.00308147	0.386484	-0.083182	0.220801	0.26585	-0.0328719	-0.0316096	0.00999314	0.109408	-0.0251103	-0.0996316	0.0433637	0.00846016	-0.0243151	0.0828593	-0.0156543	0.289641	0.0734753	0.0735318	
0.0324521	-0.00308147	0.367962	-0.083182	0.264402	0.267184	-0.0328719	-0.0459617	0.00999314	0.137253	-0.024742	-0.0971999	0.0433637	0.0201525	-0.0166841	0.0612311	-0.0219744	0.287135	0.0827432	0.0141912	
0.028972	-0.00673518	0.34744	-0.083182	0.240905	0.283652	-0.0328719	-0.00177743	0.00755605	0.151349	-0.0279434	-0.0697355	0.0484627	0.0253001	-0.0156751	0.074233	-0.0219744	0.273884	0.0801229	
0.0312039	-0.00673518	0.45557	-0.083182	0.297288	0.273998	-0.0328719	-0.0259613	0.00755605	0.121	-0.0310017	-0.0763941	0.057821	0.0278972	-0.0376377	0.0924223	-0.0219744	0.372288	0.0801229	
0.0302029	-0.00566079	0.51459	-0.0821076	0.259677	0.273998	-0.0317975	-0.0276601	0.000641968	0.128358	-0.0310017	-0.0721834	0.0588954	0.0237872	-0.0326385	0.0695653	-0.0289033	0.432091	0.0811973	-0.0262508	
0.0291841	-0.00785835	0.564147	-0.0870415	0.204425	0.273998	-0.033995	-0.0210309	0.000641968	0.136355	-0.0317052	-0.0888997	0.0632321	0.0237872	-0.0412277	0.0617102	-0.0267058	0.277275	0.0956702	
0.0301456	-0.00785835	0.624069	-0.080763	0.22318	0.238241	-0.033995	-0.0308469	0.00509246	0.147918	-0.0277158	-0.0659532	0.0632321	0.0396979	-0.0374294	0.0617102	-0.0249933	0.243253	0.0956702	-0.00933563	
0.0357784	-0.00868159	0.580756	-0.0812866	0.289377	0.230349	-0.0348183	-0.0344855	0.00509246	0.135051	-0.0277158	-0.0921192	0.0624088	0.0398516	-0.0318667	0.0617102	-0.02417	0.266726	0.168671	0	-0.0249972	0	
0.0286861	-0.00868159	0.580756	-0.0812866	0.221465	0.233544	-0.0348183	-0.0354014	0.0113048	0.121662	-0.0277158	-0.0551601	0.0628883	0.0440948	-0.0301189	0.0867583	-0.02417	0.266726	0.145745	
0.0288695	-0.00868159	0.581432	-0.0812866	0.24548	0.260757	-0.0348183	-0.0179664	0.00846385	0.121662	-0.0286462	-0.06264	0.0458988	0.0271693	-0.0294974	0.0904574	-0.0350086	0.352102	0.0468954	0.145745	
0.0217606	-0.00868159	0.568676	-0.0812866	0.234797	0.257119	-0.0348183	-0.0287615	0.00488307	0.123633	-0.0305982	-0.0516091	0.0458988	0.0485907	-0.067561	0.09318	-0.0294289	0.352102	0.131224	
0.0200597	-0.00868159	0.595752	-0.0812866	0.239416	0.258908	-0.0366067	-0.038555	0.0138173	0.103522	-0.0288098	-0.067644	0.034899	0.0274335	-0.0227189	0.109165	-0.0294289	0.365441	0.136068	0	0.0236492	
0.0200597	-0.00868159	0.561307	-0.0811782	0.240003	0.259494	-0.0371933	-0.0273573	0.0144039	0.139316	-0.0282232	-0.0581469	0.0383804	0.0446849	-0.0161675	0.376714	-0.0294289	0.141796	0.143899	
0.0294259	-0.0110581	0.561307	-0.079841	0.270954	0.253602	-0.0371933	-0.0370769	0.0144039	0.15784	-0.0282232	-0.0396528	0.0452719	0.0192315	-0.0104222	-0.0157537	-0.0268882	0.144173	0.0986191	0	0.382686	
0.0258561	-0.0110581	0.534449	-0.0784061	0.201151	0.215119	-0.0374933	-0.0154468	0.0182309	0.162388	-0.0279232	-0.0754	0.0452719	0.00676049	-0.0182941	0.347483	-0.0268882	0.150417	0.0588944	
0.0258561	-0.0110581	0.551424	-0.0752255	0.264778	0.221714	-0.0386683	-0.0432251	0.0194059	0.163563	-0.020945	-0.0673941	0.0491246	0.0288564	-0.0182941	-0.0268882	0.149051	0.0266641	0.343556	
0.0357552	-0.0103266	0.559355	-0.074494	0.281227	0.233598	-0.0405554	-0.0286288	0.0205637	0.183227	-0.01684	-0.0607931	0.049856	0.0270849	-0.0372651	0.343556	-0.028762	0.156787	0.0966236	
0.0265854	-0.0103266	0.506976	-0.0775915	0.280329	0.232701	-0.0396575	-0.0388237	0.0177719	0.182329	-0.0177379	-0.0417309	0.0524745	0.0293873	-0.0247258	0.182977	-0.028762	0.156787	0.0502433	-0.0230272	
0.0238504	-0.0103266	0.481582	-0.076414	0.284821	0.26738	-0.0396575	-0.0511129	0.0152035	0.141266	-0.0177379	-0.0684672	0.0524745	0.0293873	-0.0268785	0.267704	-0.030613	0.156787	0.0406866	0	0	
0.0163671	-0.0066359	0.397976	0	0.2766	0.236484	-0.0415769	-0.0708128	0.0283207	0.143139	-0.0159864	-0.0468888	0.0456752	0.0103363	0.0234549	0.311639	-0.0176494	0.152978	0.0701108	0	-0.0715446	
0.0163671	-0.0066359	0.473757	0.0284246	0.274878	0.234762	-0.0398546	-0.0613446	0.0265984	0.122854	-0.0197099	-0.0603991	0.0456752	0.00861399	-0.00620211	0.301898	-0.0176494	0.150352	0.0232447	-0.0753581	-0.0186674	0	
0.0163671	-0.0066359	0.5071	0.0712426	0.274878	0.234762	-0.0398546	-0.0777902	0.0159333	0.145115	-0.0197099	-0.0603991	0.0456752	0.022334	-0.00620211	0.254928	-0.0121628	0.150352	0.0760277	-0.0713492	
0.0163671	-0.00987458	0.387407	0.094072	0.271978	0.205601	-0.0430933	0.0309808	0.145115	-0.00892414	-0.0197099	-0.0803121	0.0501103	0.0431009	0.189086	-0.024882	0.150352	0.0682469	-0.0781192	-0.0758232	
0.0253818	-0.00987458	0.387407	0.0918907	0.284963	0.238446	-0.0430933	0.0309808	0.191999	-0.00892414	-0.0197099	-0.102296	0.0501103	0.0358718	0.190973	-0.0254752	0.133915	0.0270169	-0.0781192	-0.0758232	
0.00525208	-0.00987458	0.518061	0.0786593	0.339322	0.248945	-0.0430933	0.0349921	0.164188	-0.0113802	-0.0197099	-0.0935794	0.0501103	0.0358718	0	0.206495	-0.0067732	0.104451	0.050036	-0.0802963	-0.07586	0	0	
0.00525208	-0.00987458	0.505099	0.0609638	0.317148	0.25081	-0.0430933	0.0155998	0.164188	-0.0102325	-0.0197099	-0.0899128	0.0501103	0.0505769	-0.0025877	0.270642	-0.0070894	0.104451	0.050036	-0.0920159	-0.0762242	0.0598535	0	0	
0.0159106	-0.00992185	0.505099	0.0693349	0.317148	0.236278	-0.0430933	0.0155998	0.164188	-0.0102325	-0.0197099	-0.0734428	0.0501103	0.0408658	0.278678	0.0138558	-0.0548822	0.104498	0.0607498	-0.0863606	-0.0690053	
0.0244467	-0.00992185	0.399226	0.0997981	0.344864	0.236278	-0.0430933	0.0120349	0.178541	-0.00821852	-0.0188978	-0.0799977	0.0539154	0.0408658	0.246519	-0.0322579	0.110622	0.052997	-0.0884768	-0.0626874	
0.0333425	-0.00722774	0.417793	0.0859921	0.344864	0.235896	-0.0402737	-0.000133583	0.178541	-0.0110381	-0.0188978	-0.0778033	0.056735	0.00622376	-0.0629432	-0.00288708	0.110747	0.0516909	-0.0856572	-0.0648473	0.293641	
0.0136971	-0.00722774	0.463255	0.0393625	0.342102	0.22994	-0.0402737	0.0172767	0.163324	-0.0154398	-0.0143023	-0.0906549	0.056735	0.0186337	0.0242766	0.293641	0.110747	0.06243	-0.0856572	-0.0698708	
0.0151077	-0.00863833	0.417689	0.0438147	0.303101	0.222375	-0.0402737	0.0172767	0.163324	-0.0154398	-0.0143023	-0.0782363	0.056735	0.0353848	-0.0243392	0.295052	0.112158	0.0910907	-0.0755532	-0.0634978	0	
0.0151077	-0.00863833	0.360442	0.074662	0.183897	0.203245	-0.0388394	0.016562	0.16189	-0.0154398	-0.0123705	-0.0751068	0.0445408	0.0347354	-0.037265	0.293169	0.11259	0.0988183	-0.0833148	-0.0631463	
0.0151077	-0.00863833	0.360442	0.0943618	0.227138	0.227204	-0.0388394	0.016562	0.16189	-0.0154398	-0.00859017	-0.0784905	0.0445408	0.0451401	-0.0392068	0.3774	0.135087	-0.00856463	0.0575413	-0.0826623	-0.0771207	0	0	
0.0177213	-0.00844957	0.410066	0.0235872	0.260973	0.225551	-0.0388394	0.0164773	0.174155	-0.0154398	-0.00859017	-0.0737272	0.0198819	0.0403487	-0.0391117	0.377211	0.14341	0.147701	-0.00863833	-0.0800879	-0.0675115	
0.019072	-0.00980032	0.410066	0.066595	0.260973	0.225551	-0.0388394	0.0170514	0.174155	-0.0154398	-0.0074702	-0.0976494	0.0157905	0.0317918	-0.0234088	0.421622	0.140505	0.104853	-0.0800879	-0.0622706	
0.0355227	-0.00980032	0.379307	0.066517	0.260973	0.229754	-0.0388394	0.0261022	0.196711	-0.0161962	-0.00664835	-0.100679	0.00736159	0.0520206	-0.0393544	0.32575	0.165054	0.102841	-0.0800879	-0.0613736	
0.0316378	-0.00759623	0.340815	0.0441563	0.260973	0.191497	-0.0366353	0.0195009	0.179662	-0.0184003	-0.00664835	-0.0974695	0.00956568	0.0106945	-0.0258417	0.32575	0.165054	0.0846239	-0.0772824	-0.0493303	
0.0316378	-0.00759623	0.340815	0.0441563	0.276186	0.217767	-0.0366353	0.0195009	0.145074	-0.0190045	-0.010124	-0.0966957	0.00746932	0.0474527	-0.0291086	0.356548	0.163263	0.0952986	-0.0697782	-0.0498451	
0.0227295	-0.0124447	0.328227	0.0789348	0.276186	0.217349	-0.0357324	0.0272244	0.13347	-0.00908992	-0.010124	-0.0846745	0.00837224	0.0147366	-0.0599936	0.283175	0.178681	0.0962015	-0.0688753	-0.0252716	0	
0.0356475	-0.0124447	0.360198	0.058073	0.428944	0.218716	-0.0370992	0.0285912	0.134837	-0.0181077	-0.0087572	-0.0818497	0.0213911	0.0151849	-0.0567946	0.301068	0.187849	0.127406	-0.0726679	-0.0512304	
0.0306405	-0.0124447	0.407261	0.0621605	0.327887	0.237868	-0.0370992	0.0246593	0.134837	-0.0159753	-0.0087572	-0.102847	0.0288642	0.0091687	-0.0326994	0.301068	0.190064	0.108981	-0.0726679	-0.0512304	
0.0439781	-0.0155723	0.294182	0.0678272	0.338412	0.240815	-0.0398498	0.0269987	0.134837	-0.0132248	-0.0087572	-0.0690998	0.0261136	0.0357082	-0.0182948	0.282067	0.181577	0.140076	-0.0754184	-0.0793318	
0.0439781	-0.0155723	0.339545	0.0653844	0.327888	0.226991	-0.0401469	0.0272958	0.185268	-0.0132248	-0.00259446	-0.0949448	0.0261136	0.0427904	-0.0529842	0.27856	0.181577	0.140076	-0.0754184	-0.0630387	
0.0401692	-0.0117633	0.371038	0.0626784	0.373726	0.226991	-0.0401469	0.0272958	0.15353	-0.0132248	-0.00609827	-0.0762587	0.0173826	0.0466566	-0.0478956	0.311047	0.177768	0.124332	-0.0754184	-0.026545	-0.0662759	0.0344818	
0.0401692	-0.0117633	0.380823	0.0704939	0.373726	0.225318	-0.0401469	0.0272958	0.15353	-0.00224224	-0.00609827	-0.0978484	0.0173826	0.0776926	-0.0471321	0.363743	0.177433	0.188688	-0.0703377	0.026129	-0.0651797	
0.0445083	-0.0117633	0.449509	0.0479895	0.298077	0.225173	-0.0400027	0.0271516	0.153386	-0.0150045	-0.00624244	-0.101363	0.0173826	0.0645043	-0.0471321	0.308001	0.177433	0.19137	-0.0703377	0	-0.0651797	
0.0361575	-0.0139247	0.449509	0.0371656	0.298077	0.226283	-0.0400027	0.0271516	0.134384	-0.00808352	-0.00624244	-0.0698054	0.0213052	0.0645043	-0.0132031	0.310162	0.179594	0.19137	-0.0767806	0.000416566	-0.0684346	-0.0240212	
0.0361575	-0.0139247	0.494325	0.0716092	0.268393	0.22413	-0.0400027	0.0176801	0.134384	-0.00808352	-0.00624244	-0.0938177	0.0213052	0.0522458	-0.0601479	0.199618	0.151497	0.148232	-0.0767806	0.217155	-0.0439117	
0.0356804	-0.0139247	0.494325	0.0704166	0.259965	0.22413	-0.0400027	0.0176801	0.184175	-0.00381393	-0.0028609	-0.093434	0.000999107	0.0084419	-0.0607103	0.146639	0.173344	0.148232	-0.0771405	-0.0383531	0	0.0354856	0.000127882	
0.0279156	-0.00961025	0.405714	0.0353489	0.267306	0.22413	-0.0356883	0.016136	0.156937	-0.00812837	-0.0028609	-0.0789363	0.00531355	0.0466576	-0.039755	0.200658	0.149782	0.118127	-0.072826	-0.0447506	
0.0376161	-0.00961025	0.410587	0.0841465	0.278363	0.22413	-0.0356883	0.016136	0.146118	-0.00812837	-0.0028609	-0.0868809	0.00531355	0.0334246	-0.0588034	0.173521	0.137235	0.132819	-0.0637056	-0.0423445	0	
0.024962	-0.00961025	0.467671	0.0857312	0.233615	0.22413	-0.0356883	0.00894387	0.146118	-0.00179319	0.00403223	-0.0858067	0.00531355	0.0342103	-0.0376655	0.24187	0.126288	0.153258	-0.0637056	-0.0423445	
0.0279886	-0.00961025	0.437491	0.063404	0.289437	0.218005	-0.0356883	0.00894387	0.126632	-0.0121565	0.00580138	-0.0763815	0.0212675	0.0276806	-0.0443677	0.217815	0.118309	0.118369	-0.0673839	-0.0255797	
0.0247091	-0.00732008	0.47358	0.0387664	0.309828	0.228507	-0.0377456	0.00399498	0.118265	-0.0100992	0.00580138	-0.0905122	0.0192102	0.0177646	-0.0509158	0.270326	0.0764181	0.110819	-0.0666104	-0.0299272	-0.0325094	
0.0247091	-0.00273265	0.45699	0.0528325	0.309828	0.226921	-0.0331582	0.0113836	0.138571	-0.0146866	0.00553261	-0.0880868	0.00680158	0.00981498	-0.0435494	0.18297	0.078094	0.115407	-0.0618585	-0.031106	-0.00249497	
0.0269905	-0.0045913	0.428838	0.0662301	0.344078	0.226921	-0.0331582	0.0113836	0.138571	-0.0146866	0.00553261	-0.0998553	0.00680158	0.0253255	-0.0639877	0.20535	0.0765713	0.144907	-0.0618585	-0.0146895	
0.0269905	-0.0045913	0.428838	0.0487465	0.344078	0.226921	-0.0331582	0.0113836	0.127483	-0.0146866	-0.00235939	-0.0781189	0.0105366	0.00939382	-0.0536793	0.241757	0.0746738	0.127861	-0.0705108	-0.0373159	0	0	
0.0306181	-0.00322775	0.339905	0.0462978	0.285435	0.224473	-0.0293459	0.00609947	0.125035	-0.0160502	-0.00237927	-0.0924554	0.00116865	0.00694505	-0.0529744	0.482097	0.0919528	0.144633	-0.0667231	-0.0345044	0.0309559	
0.0306181	-0.00495876	0.339905	0.0352015	0.368442	0.246596	-0.0310769	0.0193718	0.176484	-0.0143192	-0.00237927	-0.0774242	-0.00056236	0.0155253	-0.066732	0.513734	0.0825301	0.207606	-0.0684541	0.0619642	-0.0345044	0	
0.0286349	-0.00495876	0.394192	0.0153572	0.390769	0.246596	-0.0310769	0.0257085	0.176484	-0.0143192	-0.0106785	-0.0737095	0.00946454	0.0274056	-0.0457144	0.395792	0.0530883	0.143696	-0.0701081	0	-0.0345044	
0.0304405	-0.00618718	0.394192	0.0409047	0.390769	0.252214	-0.0335481	0.0301795	0.182829	-0.011848	-0.0129416	-0.0918201	0.00699334	0.0112602	-0.0436473	0.36806	0.077155	0.194328	-0.0742863	-0.0427491	
0.0339795	-0.00618718	0.348879	0.0493591	0.352571	0.252214	-0.0335481	0.0167936	0.182829	-0.011848	-0.0129416	-0.0848078	-0.00599697	0.0105638	-0.0436845	0.326266	0.077155	0.169193	-0.0739593	-0.0475943	-0.0078532	-0.0470267	
0.0230795	-0.00618718	0.37769	0.0254936	0.352571	0.260816	-0.0335481	0.0201183	0.152645	-0.011848	-0.0129416	-0.0940077	-0.0128262	-0.00526287	-0.0589991	0.33289	0.066116	0.169193	-0.0764692	-0.0475943	0	
0.0230795	-0.0074818	0.397843	0.0401469	0.352571	0.259839	-0.0348427	0.0201183	0.147086	-0.00940113	-0.0142714	-0.0802875	-0.0141208	0.0371096	-0.0396394	0.33289	0.066116	0.158497	-0.0763488	-0.0528187	
0.023667	-0.0074818	0.359885	0.0525097	0.352571	0.259839	-0.0348427	0.0114576	0.131215	-0.00940113	-0.0142714	-0.0861957	-0.0163499	0.00726589	-0.051366	0.361646	0.0540778	0.105339	-0.0755783	-0.0552631	
0.023058	-0.00732268	0.426893	0.0525097	0.329336	0.259839	-0.0346836	0.0224589	0.131215	-0.00956025	-0.0142714	-0.0785313	-0.0220735	0.0388148	-0.0738409	0.432974	0.0540778	0.127863	-0.0754191	-0.0574749	
0.023058	-0.00720213	0.399645	0.048277	0.329336	0.247614	-0.034563	-0.0015316	0.141982	-0.00840527	-0.0104491	-0.0826128	-0.0210091	0.0388148	-0.0551894	0.443513	0.0751777	0.125348	-0.0752986	-0.067397	
0.023213	-0.00624324	0.399645	0.0684614	0.268872	0.247614	-0.034563	-0.0015316	0.141982	-0.00840527	-0.0104491	-0.0848274	-0.0314504	0.0123469	-0.0462933	0.442554	0.0742644	0.13672	-0.0673843	-0.0578074	-0.0282371	
0.0213782	-0.00624324	0.507409	0.0616434	0.292277	0.248263	-0.035212	0.00413116	0.142631	-0.00798113	-0.00980019	-0.0794943	-0.0389668	0.0129958	-0.0462933	0.442554	0.0742644	0.137144	-0.0726771	-0.047026	-0.0634747	
0.0268824	-0.00624324	0.564471	0.0546928	0.290716	0.256565	-0.035212	0.00522798	0.137308	-0.00798113	-0.00980019	-0.0729446	-0.00979935	0.055258	0.00851835	0.509016	0.0616586	0.135528	-0.0748947	0.0372784	-0.0579138	0.0183141	
0.0275728	-0.00693362	0.517041	0.0546928	0.299903	0.256565	-0.035212	0.00359948	0.120492	-0.00798113	-0.00566673	-0.0877326	-0.00947129	0.022678	-0.0416826	0.514745	0.0623489	0.135528	-0.0748947	0.0479986	-0.0498271	0.0237827	
0.0261391	-0.00693362	0.517041	0.0643129	0.29077	0.242762	-0.035212	-0.00756167	0.141703	-0.00798113	-0.00906607	-0.0839945	0.00634912	0.0200763	-0.0416826	0.488058	0.0548924	0.129964	-0.0748947	0.0571317	-0.0505468	0	
0.02486	-0.00518806	0.517041	0.0673838	0.233437	0.260755	-0.0347455	0.0124569	0.0985076	-0.0108612	-0.00860707	-0.0707938	0.0081221	0.0587836	-0.0250953	0.560267	0.0536133	0.12033	-0.0744282	0.0654449	-0.0411711	0.113578	
0.0260919	-0.00667579	0.545267	0.0686196	0.234672	0.260849	-0.0359813	0.00731494	0.121587	-0.00379288	-0.0115614	-0.0893676	-0.00580721	0.019553	-0.00575474	0.476032	0.0801015	0.127398	-0.0773347	0.0666807	-0.0417991	
0.0194025	-0.00716064	0.545267	0.0800911	0.190951	0.260849	-0.0359813	0.00731494	0.15472	-0.00379288	-0.0115614	-0.084792	7.32151e-05	0.0251291	-0.00693776	0.500958	0.0805863	0.105389	-0.0788451	0.0661509	-0.0430531	0.0971846	
0.0194025	-0.00716064	0.543232	0.047622	0.172176	0.250832	-0.0359813	0.005469	0.15472	0.00391384	-0.0115614	-0.0753448	-0.00534179	0.0268278	-0.0199471	0.413898	0.0805863	0.165655	-0.0788451	0.0562116	-0.0430531	
0.0255445	-0.00716064	0.53977	0.0676683	0.176559	0.25133	-0.0364794	0.00596717	0.155219	0.00391384	-0.0110633	-0.0740533	-0.00534179	0.0272486	-0.032284	0.440515	0.0805863	0.165655	-0.076815	0.0523267	-0.0229744	
0.0255445	-0.00405687	0.53977	0.0384954	0.151804	0.25133	-0.0333757	0.00340284	0.135059	0.0072818	-0.0110633	-0.0977365	-0.00223803	0.033518	-0.0498728	0.40463	0.0702041	0.0986806	-0.0737112	0.0562189	-0.0229744	-0.0453267	
0.0255445	-0.00405687	0.538874	0.100694	0.214767	0.217815	-0.0324799	0.00250711	0.134164	0.0191868	-0.0111723	-0.0800202	-0.00444117	0.0375405	-0.0498728	0.40463	0.0702041	0.110586	-0.0706505	0.0553232	-0.0157548	0.00436812	-0.0182674	
0.0255445	-0.00603367	0.538874	0.084964	0.151702	0.244915	-0.0344567	0.000263585	0.134164	0.0211636	-0.0109587	-0.0883233	-0.00995894	0.0375405	-0.0456802	0.426567	0.0558204	0.0938421	-0.0794099	0.0586059	-0.00780577	0.0639711	
0.0232845	-0.00413451	0.417661	0.0833673	0.139086	0.217058	-0.0335445	0.0077667	0.115827	0.0124508	-0.0167181	-0.072531	0.000145668	0.0499624	-0.0462159	0.467223	0.0518464	0.0929734	-0.0786696	0.0590571	-0.0173078	0	0	
0.0232845	-0.00413451	0.429673	0.0882659	0.223999	0.217058	-0.0335445	0.0077667	0.091843	0.0124508	-0.0171082	-0.0787183	0.000145668	0.0664543	-0.0602392	0.429018	0.0553647	0.0958325	-0.0673198	0.0590571	-0.0172976	
0.0204945	-0.00413451	0.37905	0.0957102	0.201469	0.217058	-0.0335445	0.0122517	0.108432	0.0124508	-0.0171082	-0.0845695	-0.00514572	0.0262679	-0.0508626	0.394079	0.0715907	0.135255	-0.0673198	0.0590571	-0.0172976	
0.022569	-0.00620896	0.38591	0.0980247	0.178655	0.218256	-0.0341173	0.0173701	0.137019	0.01272	-0.0165354	-0.093287	0.011016	0.0207417	-0.0447924	0.481053	0.0680177	0.119846	-0.0683914	0.065498	-0.012568	0.00912603	
0.0309879	-0.00620896	0.407835	0.0980247	0.194733	0.218256	-0.0341173	0.0105248	0.135418	0.01272	-0.0159597	-0.0840086	0.00643888	0.0420901	-0.0698005	0.488251	0.117844	0.0957303	-0.0683914	0.065498	-0.0136126	0	-0.0025484	
0.0278285	-0.00620896	0.407835	0.0980247	0.186395	0.20943	-0.0341173	0.0105248	0.125065	0.01272	-0.0159597	-0.0896321	0.00643888	0.040608	-0.0721432	0.299492	0.117844	0.122151	-0.0683914	0.0693023	-0.000751065	-0.0220299	0	
0.0278285	-0.00620896	0.481845	0.0530539	0.139592	0.272706	-0.0341173	0.0105248	0.136927	0.01272	-0.0159597	-0.0896321	0.00475923	0.0246009	-0.0191866	0.299492	0.140636	0.14575	-0.0683914	0.0584515	-0.00402495	
0.0313998	-0.00620896	0.428017	0.0392293	0.127916	0.265163	-0.0341173	0.0105248	0.163219	0.0120097	-0.0159597	-0.0862309	0.00475923	0.0264477	-0.0679282	0.244852	0.140636	0.141314	-0.0709125	0.0701275	-0.0057958	
0.030443	-0.00525222	0.389964	-0.00675254	0.151943	0.316036	-0.0341173	0.0105248	0.16133	0.0120097	-0.0159597	-0.0821505	0.00475923	0.0531584	0.0184102	0.23532	0.139679	0.155289	-0.0709125	0.0701275	0	
0.0465232	-0.00525222	0.455806	0.00768058	0.258066	0.291731	-0.0341173	0	0.151401	0.0120097	-0.0140213	-0.0656934	-0.00616318	0.0633554	0.0193118	0.20755	0.139679	0.155289	-0.0709125	0.0688655	0.0105248	
0.0465232	-0.00492578	0.417817	0.0228817	0.210152	0.290378	-0.0324375	0.121427	0.0171266	-0.0157338	-0.072934	-0.00583674	0.0458005	0.00265916	0.298723	0.139679	0.160732	-0.070586	0.0527854	0.0105422	0.0494896	-0.0315117	-0.00662207	0	
0.0311813	-0.00336291	0.362967	0.0213188	0.244981	0.304782	-0.0324375	0.162406	0.0208122	-0.0157338	-0.0911305	-0.0182138	0.0458005	0.00129912	0.381318	0.143204	0.207337	-0.0718988	0.0527854	0.019812	
0.0309882	-0.00336291	0.362967	0.038255	0.244981	0.316575	-0.0324375	0	0.136913	0.0208122	-0.0138752	-0.0754261	-0.0393084	0.0484652	0.0160777	0.644935	0.15589	0.228858	-0.0718988	0.0527854	0.0205676	
0.0279375	0.000625672	0.362967	0.0298626	0.338043	0.325356	-0.0284489	0.133678	0.127368	0.0204772	-0.0138752	-0.100521	-0.0293576	0.0458759	-0.0317188	0.644935	0.14923	0.200584	-0.067222	0.0457471	0.0205676	0	
0.0279375	-0.00102315	0.362967	0.0298626	0.230618	0.285371	-0.0300978	0.0745895	0.151635	0.0249719	-0.0138752	-0.0952106	-0.0311278	0.0458759	-0.0307145	0.558204	0.100814	0.177765	-0.0688708	0.0653061	0.00608846	0.0379554	-0.0822115	-0.0300978	
0.0216221	-0.00327861	0.33954	0.0321181	0.246731	0.267023	-0.0300978	0.0893963	0.157049	0.0249719	-0.0138752	-0.10459	-0.039018	0.0129311	-0.054116	0.584527	0.12777	0.177765	-0.0643831	0.0684682	0.015517	0.010336	0	
0.0360633	-0.00327861	0.395246	0.0356521	0.25869	0.267023	-0.0300978	0.151866	0.157049	0.0298266	-0.0226312	-0.0969189	-0.0350925	0.0363665	-0.054116	0.63652	0.143782	0.188289	-0.0678895	0.0684682	0.015517	
0.0360633	-0.00320116	0.430309	0.0283454	0.201907	0.265745	-0.0300203	0.151944	0.157049	0.0297492	-0.0226312	-0.0799251	-0.0302619	0.0184631	-0.0527411	0.63652	0.143782	0.188289	-0.0678121	0.0868684	0.00474025	
0.0360633	-0.00320116	0.430309	0.0231263	0.223018	0.219811	-0.0300203	0.226726	0.178328	0.0327271	-0.0226312	-0.0870624	-0.0302619	0.0167898	-0.0354643	0.631508	0.0911664	0.219722	-0.0678121	0.0929627	0.024349	
0.0200301	-0.00164812	0.4195	0.0233798	0.181091	0.255263	-0.0300203	0.301119	0.178328	0.038371	-0.0226312	-0.10157	-0.030976	0.0188063	-0.000277905	0.651957	0.0896134	0.242894	-0.0596209	0.0758584	0.0215315	0	
0.0200301	-0.000759601	0.4195	0.0154125	0.258327	0.255263	-0.0291318	0.234169	0.165774	0.0374825	-0.0226312	-0.0857829	-0.021972	0.0342972	-0.000277905	0.651957	0.0896134	0.229719	-0.058549	0.0758584	0.0215315	-0.0158631	0.0344748	
0.0200301	-0.000759601	0.490376	0.00652088	0.268978	0.257596	-0.0314651	0.23545	0.184283	0.0374825	-0.0202978	-0.080543	-0.0119814	0.0354362	-0.000277905	0.651957	0.107555	0.258119	-0.0613752	0.0675411	0.0350251	
0.0267386	-0.000759601	0.489833	0.00652088	0.176354	0.257053	-0.0309216	0.23062	0.183739	0.0394486	-0.0208414	-0.0723258	-0.01376	0.0492686	9.84888e-05	0.574019	0.107555	0.213682	-0.0613752	0.0669976	0.0487267	
0.0267386	-0.000645387	0.489833	0.00362568	0.193503	0.251499	-0.0308074	0.230734	0.183606	0.0393344	-0.0208414	-0.0603048	-0.0127447	0.0470796	0.0114056	0.676813	0.102458	0.181866	-0.0554418	0.0866414	0.043398	
0.0328191	-0.000645387	0.585111	0.00362568	0.196442	0.251499	-0.0308074	0.230734	0.183606	0.0495815	-0.0200289	-0.0912541	-0.0127447	0.0557956	0.0091433	0.676813	0.0899693	0.223874	-0.0554418	0.102925	0.043398	
0.0241576	-0.000645387	0.517102	0.00100379	0.207073	0.251499	-0.0308074	0.306163	0.144021	0.0425431	-0.0239002	-0.0783845	-0.0134083	0.0363798	-0.0274027	0.676813	0.0792928	0.216836	-0.0564873	0.102925	0.043398	0	
0.0260521	-0.00253986	0.471218	0.00752438	0.207073	0.252701	-0.0320091	0.306163	0.153262	0.0425431	-0.0236754	-0.0734537	-0.0205113	0.0377405	-0.0350453	0.708494	0.0589215	0.19563	-0.0564873	0.104126	0.0358798	
0.0260521	-0.00665043	0.426075	0.00752438	0.255901	0.252701	-0.0361197	0.318802	0.150533	0.0516641	-0.0290616	-0.0826331	-0.0246219	0.0578711	-0.0331136	0.708494	0.0589215	0.204793	-0.0690826	0.104126	0.0314415	
0.0304993	-0.0070741	0.350928	0.0133592	0.0820658	0.247702	-0.0307085	0.318348	0.150326	0.0462529	-0.0170565	-0.0767983	-0.0142834	0.0553131	0.0208148	0.640752	0.0647563	0.175098	-0.0496273	0.100122	0.0188367	0.0540387	0.0318994	0	
0.0304993	-0.0070741	0.460871	0.0133592	0.0900279	0.227938	-0.0307085	0.318348	0.170949	0.0463403	-0.0255818	-0.0699873	-0.0142834	0.0564619	0.0458673	0.640752	0.107892	0.200323	-0.0496273	0.100122	0.0188367	0	
