-0.0726532	0.289698	0.924139	0.0553032	0.0350931	-0.0876379	-0.0100121	0.320377	0.378684	-0.0418609	0.0165647	0.123287	0	0	0	0	0	0	0	0	0	0	0	0	0	0	0	0	0	0	0	0	0	0	0	0	0	0	0	0	0	0	0	0	0	0	0	0	0	0	0	0	0	0	0	0	0	0	0	0	0	0	0	0	0	0	0	0	0	0	0	0	0	0	0	0	0	0	0	0	0	0	
-0.0726532	0.319744	0.929698	0.0599506	0.0387285	-0.0846045	-0.0136476	0.320377	0.378684	-0.0418609	0.0165647	0.126922	0.0313149	0	-0.0394351	0.00729946	0.00063644	0.0330999	-0.0296955	0.00363543	-0.00555861	0.0190275	0.04788	0	-0.0399001	0	0.109544	0.0623312	0.00555861	0	-0.0208572	0	-0.0049486	0.0279129	0	0.0120162	0.0239746	0	0.011319	0.0279765	0.0155295	0	0.0211248	0	0	0	0.0476626	
-0.0726532	0.310336	0.887665	0.073343	0.0387285	-0.0846045	-0.0136476	0.320377	0.343656	-0.0418609	0.0168908	0.126922	0.0577257	0.0623312	0	-0.0138468	-0.025806	0.0325665	-0.00555861	0.311349	-0.0384175	0.0503245	0.04788	0.0743953	0.0118126	-0.0220595	0.148289	0	0.0493123	0.0349965	0.00063644	0.0411834	0.0155295	-0.0325665	
-0.0738239	0.311293	0	0.0740193	0.0387285	-0.0846045	-0.0136476	0.35643	0.343656	-0.0418609	0.0168908	0.12655	0.0572155	0.046473	0	-0.0237789	0.0213879	0.00758426	-0.0238821	0.0503245	0.0142058	0.0580527	0.0885807	0.129371	0.0239159	-0.0238326	0.0357644	0.874522	0.0275436	
-0.0738239	0.311293	0.00143034	0.0724835	0.0398804	-0.0871493	-0.0147994	0.35643	0.343656	-0.0418609	0.0106275	0.116799	0.0583673	0.0476248	0.0147538	-0.0266723	0.0180368	0.0213879	0.00758426	0.158915	0.37822	-0.0249856	0.200063	-0.0133311	0.0583222	-0.018074	-0.0412833	0.781068	
-0.0806812	0.241652	0.00143034	0.0724835	0.0398804	-0.0864532	-0.0147994	0.367992	0.369674	-0.0418609	0.000912563	0.130194	0.0813707	0.095452	0.0147538	-0.02222	0.0112269	0.0298876	-0.0105948	-0.00407919	0.312704	0.691634	-0.0453619	0.336996	0.0127678	0.616064	-0.000208677	
-0.0731599	0.241652	0.00247697	0.0720755	0.0405772	-0.0911272	-0.0154962	0.353264	0.369674	-0.0418609	-0.0159487	0.130891	0.064161	0.0708492	0.0147538	0.0170307	0.0341591	0.0291263	0.000521238	0.00311774	0.558296	-0.0222282	0.777447	-0.0453619	0.209932	0.0127678	0.604948	-0.00577734	
-0.0758048	0.254177	0.00247697	0.0695898	0.0405772	-0.0896464	-0.0154962	0.209123	0.369674	-0.0418609	-0.0159487	0.123717	0.0240904	0.0213689	0.0147538	0.0613247	0.00909032	0.0291263	-0.00298411	0.00311774	0.37965	-0.0849819	0.134766	-0.0436179	0.232137	0.0127678	1.04555	0.0495672	
-0.0757649	0.241067	0.00247697	0.0695898	0.0295739	-0.0896464	-0.01091	0.183082	0.326091	-0.0390033	0.0533308	0.163143	0.0238013	0.0200648	0.035047	0.0582918	0.0053099	0.0262687	-0.0058417	0.0110865	0.230563	0.65268	0.250515	0.119239	-0.0227834	0.183529	0.0127678	
-0.0756748	0.242046	0.000925957	0.0695898	0.0295739	-0.0894403	-0.01091	0.183082	0.313324	-0.0390033	-0.013996	0.183354	0.0528844	0.0200648	0.0193183	0.0236343	-0.0135135	0.0191865	0.0204091	0.0110865	0.444513	0.938326	0.257597	0.105179	0	-0.0388944	0.153507	0.0172102	
-0.0756748	0.230798	0.000925957	0.0695898	0.0295739	-0.0894403	-0.01091	0.193817	0.313324	-0.0390033	0.0111625	0.183354	0.020536	0.0239324	0.00724983	0.0534213	-0.00757757	0.0244918	0.00872001	0.00967875	0.462706	0.903586	0.410417	0.115893	0.0172102	0	-0.0419006	0.175122	
-0.0798602	0.230798	0.000925957	0.0612123	0.0295739	-0.0911531	-0.01091	0.179717	0.456782	-0.0390033	0.0111625	0.183354	-0.0061346	0.032178	0.014373	0.0271687	0.0247731	0.0133135	0.0249652	0.00646715	0.679675	0.887341	0.510687	0.198993	-0.0409149	0.016905	-0.0413065	0.487327	0.011902	0	
-0.0782812	0.23096	-0.00294675	0.0590868	0.0242446	-0.0912796	-0.0108846	0.257598	0.426578	-0.0392911	-0.0364743	0.183202	0.0508939	0.0343768	0.0370932	0.0211402	0.0140579	0.0209843	0.0251265	0.0638893	0.592401	0.887341	0.548605	0.115069	0.366072	0.00867746	-0.0373621	
-0.0782812	0.23096	-0.00294675	0.0691804	0.0413601	-0.0912796	-0.0108846	0.257598	0.426578	-0.0392911	-0.0364743	0.158947	0.00795961	0.0428463	0.0370932	0.0362688	0.0230713	0.0122226	0.0219921	0.0758261	0.491941	0.890475	0.163723	0.137496	0.417871	0.00867746	-0.0361935	0	
-0.0782812	0.24106	-0.00294675	0.0666342	0.0413601	-0.0827681	-0.0108846	0.177279	0.426578	-0.0392911	-0.0635819	0.163006	0.0297793	0.0527928	0.0571354	0.0177443	0.0857255	0.00625948	0.0780442	0.0758261	0.727975	0.749431	0.246981	0.0740245	0.237696	0.00867746	-0.0361935	0	
-0.076403	0.338414	-0.00294675	0.0666342	0.0293032	-0.0827681	-0.0108846	0.173152	0.402377	-0.0392911	-0.0215679	0.173853	0.0148446	0.0257793	0.0571354	0.0613107	0.0838473	0.0194433	0.0984885	0.0541537	0.584588	0.702176	0.0480461	0.105729	0.14352	0.00867746	-0.0297556	0.25491	
-0.0728014	0.29634	-0.00294675	0.0666342	0.0292588	-0.0827681	-0.00618316	0.1966	0.476957	-0.0392911	-0.0286048	0.169152	0.0318163	0.0323679	0.0484939	0.0733855	0.0434468	0.0194433	0.0834152	0.0541537	0.812726	0.761019	0.269913	0.0855681	0.279302	0.012385	-0.0405766	0.222525	0	
-0.0739015	0.33002	-0.00233738	0.0625452	0.0357801	-0.0890809	-0.0107536	0.188787	0.380157	-0.0373402	0.00160131	0.159004	0.0383376	0.0388892	0.0504448	0.0426439	0.0267798	0.0290142	0.0834152	0.0401761	0.563101	0.573742	0.237323	0.0759973	0.258952	0.0180084	-0.0405766	0.216687	0	
-0.0739015	0.345952	-0.00720346	0.0503355	0.0357801	-0.0855632	-0.0107536	0.217581	0.381855	-0.0373402	0.00532608	0.159004	0.0453268	0.0307613	0.0504448	0.0315308	0.0611518	0.0428044	0.0725191	0.0370415	0.440125	0.780141	0.810639	0.0579515	0.258952	0.000882787	-0.0495233	0.275388	
-0.0723499	0.414694	-0.00720346	0.0524955	0.0357801	-0.0855632	-0.0107536	0.177678	0.381855	-0.0373402	0.0265487	0.145043	0.0453268	-0.010386	0.0504448	0.0314935	0.0841439	0.0428044	0.0861893	-0.0226316	0.580014	0.633884	0.686509	0.11236	0.213558	0.0271219	-0.0448594	0.252099	0	
-0.0723499	0.371283	-0.0137214	0.0524955	0.0311379	-0.0823915	-0.00611141	0.171639	0.386245	-0.0417306	0.0169137	0.152962	0.0321163	-0.0150281	0.0531561	0.0188555	0.0894048	0.0880689	0.0721026	-0.0152737	0.825007	0.780481	0.645635	0.096997	0.281875	0.0271219	-0.0430982	0.250678	0	
-0.0723499	0.365783	-0.0137214	0.0524955	0.0301009	-0.0855119	-0.00611141	0.228579	0.424298	-0.0417306	-0.01539	0.152962	0.0321163	0.0106135	0.0365354	-0.0254121	0.0786118	0.044219	0.0721026	0.0138747	0.749553	0.805448	0.352722	0.0929131	0.226178	0.0271219	-0.0481077	0.262649	
-0.0705475	0.385639	-0.00903432	0.0506931	0.0280821	-0.0828236	-0.00229027	0.15756	0.424298	-0.0399282	-0.0316738	0.150943	0.0342138	0.00859472	0.0383378	-0.0212007	0.100126	0.0261469	0.065054	0.0520725	0.604402	0.733367	0.702916	0.130022	0.254174	0.0109661	-0.0389223	0.262649	0	
-0.0663504	0.405607	-0.0112146	0.0650177	0.0290233	-0.0828236	-0.00323143	0.145278	0.404487	-0.0399282	-0.0182569	0.155363	0.0617926	-0.0338951	0.0383378	0.0131883	0.0959293	0.0261469	0.0603217	0.013188	0.745546	0.901598	0.78218	0.130022	0.128961	0.00999489	-0.0375185	0.276805	-0.0343603	
-0.0677811	0.396653	-0.00668561	0.0620656	0.0189066	-0.0777499	-0.00323143	0.145278	0.378922	-0.0409308	-0.0127221	0.133235	0.0503982	0.0343975	0.0470783	0.021838	0.10545	0.0155228	0.0719581	0.0320602	0.445612	0.890965	0.68737	0.143865	0.24263	0.00999489	-0.0359845	0.277807	
-0.0726539	0.396653	-0.00668561	0.0726103	0.0189066	-0.0894884	-0.00323143	0.167801	0.397766	-0.0409308	0.00181986	0.133235	0.0321041	0.0259568	0.0448284	-0.0140602	0.0940688	0.0570487	0.0719581	0.0326151	0.445612	0.790673	0.234492	0.164296	0.420657	0.00628588	-0.0349568	0.256886	
-0.0805777	0.439653	-0.0107474	0.0707184	0.0189066	-0.0828943	-0.00323143	0.103445	0.467107	-0.0409308	0.0303826	0.133235	0.0517016	0.00959046	0.0448284	0.00831179	0.0935845	0.0570487	0.0709925	0.0822164	0.543043	0.903459	0.116435	0.244892	0.129729	0.00628588	-0.0353271	0.251524	0	0	
-0.0750522	0.439653	-0.0242207	0.0789431	0.0189066	-0.0900321	-0.00323143	0.156439	0.357978	-0.0409308	0.0247596	0.135772	0.0517016	0.041447	0.0629441	0.0275915	0.0640962	0.0735157	0.0582003	0.0622834	0.543043	0.774495	0.145536	0.305915	0.222443	0.0111749	-0.0392862	0.244666	
-0.0694035	0.377342	-0.0260417	0.0789431	0.0189066	-0.0851473	-0.00323143	0.0826913	0.405972	-0.0409308	-0.0215683	0.156181	0.0524855	-0.0313158	0.0629441	0.0776503	0.0907112	0.0652796	0.0496084	0.0365499	0.636186	0.746192	0.403715	0.314151	0.219838	0.0111749	-0.0472436	0.350817	
-0.0676555	0.278283	-0.0260417	0.0883274	0.0421334	-0.0850397	-0.00323143	0.135829	0.405972	-0.0409308	-0.0215683	0.156181	0.0235037	0.0326241	0.0653587	0.0375299	0.0889632	0.0567589	0.0507588	0.110098	0.498929	0.745041	0.398623	0.322671	0.229788	0.0197152	-0.035943	0.320013	
-0.0697977	0.273361	-0.0260417	0.0894145	0.0313003	-0.0860262	-0.00809985	0.135829	0.410261	-0.0452198	-0.0188683	0.161049	0.0283722	0.038762	0.0768407	0.0716444	0.0539877	0.0525275	0.0473993	0.114387	0.581616	0.602839	0.375435	0.331192	0.15112	0.0197152	-0.0402485	0.322156	0.018033	-0.0354925	
-0.0697977	0.292242	-0.0260417	0.0894145	0.0428974	-0.0819461	-0.00809985	0.158549	0.498072	-0.0452198	-0.0188683	0.161049	0.0296689	0.0577153	0.0768407	0.00900682	0.0539877	0.0525275	0.0527158	0.0897349	0.606397	0.411227	0.289157	0.307382	0.155742	0.0298836	-0.0326147	0.322156	
-0.0727429	0.289473	-0.0258097	0.0894145	0.0428974	-0.0814356	-0.00809985	0.0888391	0.381425	-0.0424511	-0.0188683	0.161049	0.0383353	0.0611647	0.0855447	0.0237314	0.141192	0.0497587	0.049947	0.09972	0.846692	0.42737	0.136224	0.244256	0.405135	-0.00431086	-0.0377297	0.294813	0.0894145	
-0.0647859	0.265315	-0.0218675	0.0896755	0.048135	-0.0775601	-0.00809985	0.111132	0.381425	-0.0424511	-0.0196486	0.161049	0.0153869	0.0350425	0.0798873	0.0647968	0.168844	0.0497587	0.049947	0.117358	0.846692	0.605556	0.159514	0.290414	0.405135	-0.00120008	-0.0322891	0.294813	
-0.0696759	0.265315	-0.0218675	0.0835953	0.048024	-0.0880585	-0.00798886	0.111132	0.43289	-0.0424511	0.0251105	0.160938	0.0152759	0.0349315	0.0926558	0.0322368	0.180217	0.0497587	0.0628912	0.144144	0.633169	0.592612	0.069043	0.260169	0.366686	0.0157134	-0.0330625	0.294813	0	
-0.0682105	0.282803	-0.0247351	0.0838618	0.048024	-0.0869236	-0.00798886	0.111132	0.43289	-0.0424511	0.00284573	0.160938	0.00225861	0.0305875	0.0780157	0.0980412	0.135495	0.0232726	0.0628912	0.10049	0.621109	0.582774	0.100463	0.206739	0.366686	0.0180443	-0.0335884	0.299598	0.0399972	0.0474686	
-0.074612	0.26514	-0.0247351	0.0711103	0.0473717	-0.0869236	-0.00322512	0.107789	0.43289	-0.0424511	0.0156719	0.154054	-0.00250514	0.0258215	0.0780157	0.109107	0.152606	0.0273962	0.0628912	0.10352	0.520143	0.683769	0.0852626	0.202615	0.298942	0.0143239	-0.0423984	0.359713	0.0243481	0.0221245	0.0452113	
-0.074612	0.26514	-0.0247351	0.0746082	0.0448775	-0.0802577	-0.00322512	0.104639	0.439109	-0.0424511	0.0173358	0.154054	0.0102217	0.019384	0.0816806	0.112605	0.126984	0.0360712	0.0628912	0.0765828	0.58364	0.555188	0.21021	0.242656	0.206144	0.0143239	-0.0286196	0.289501	
-0.0752351	0.307159	-0.0247351	0.0746082	0.0448775	-0.0810032	-0.00322512	0.179944	0.408907	-0.0424511	-0.00671908	0.154054	0.0243306	0.0540319	0.0878413	0.10967	0.0662475	0.0418478	0.0628272	0.125155	0.520516	0.651143	0.0600533	0.125897	0.106068	0.0143239	-0.0172756	0.289501	0.0709873	
-0.0752351	0.307159	-0.0247351	0.0674169	0.0196205	-0.0802992	-0.00322512	0.077532	0.440323	-0.0424511	-0.00671908	0.154054	0.0103104	0.061053	0.0878413	0.114605	0.121294	0.0495207	0.092039	0.0847135	0.520516	0.679257	0.0206094	0.14504	0.0200864	0.0143239	-0.0267747	0.304923	
-0.0736212	0.289127	-0.0336259	0.0704742	0.0196205	-0.0821921	-0.00322512	0.0937295	0.423547	-0.0424511	-0.00735939	0.174164	-0.00141257	0.0672757	0.0878413	0.117662	0.123322	0.0581004	0.108641	0.033471	0.474096	0.81201	-0.0391966	0.0959773	0.084027	0.0215222	-0.0350726	0.304923	
-0.069837	0.219489	-0.0336259	0.0704742	0.0196205	-0.0873763	-0.00322512	0.0904742	0.397872	-0.0424511	-0.00750236	0.178981	0.0136725	0.0530497	0.102163	0.141137	0.0971565	0.0581004	0.108641	0.033471	0.481155	0.909633	0.0140697	0.0519622	0.206871	0.0215222	-0.0363286	0.268079	0	0	
-0.0777618	0.221139	-0.0336259	0.0618811	0.0196205	-0.0873763	-0.00322512	0.0974874	0.399522	-0.0441014	-0.0333055	0.178981	0.0218147	0.0530497	0.102163	0.103845	0.0923935	0.0333341	0.102296	0.0351214	0.529595	1.24816	-0.051423	0.0659403	0.193023	0.00903297	-0.0380753	0.267314	
-0.0777618	0.215008	-0.0336259	0.0618811	0.0342242	-0.0860673	-0.00322512	0.0974874	0.380508	-0.0441014	-0.0173359	0.180025	0.0218147	0.0495208	0.102163	0.109465	0.0923935	0.0457359	0.117945	0.0351214	0.5516	1.25724	-0.0865442	0.202935	0.193023	0.00912862	-0.0453639	0.267314	-0.0022644	
-0.0750207	0.248831	-0.0336259	0.0618811	0.0342242	-0.0820742	-0.00322512	0.103855	0.380508	-0.0441014	-0.016913	0.180025	-0.0137735	0.0255763	0.102163	0.116674	0.0896525	0.092283	0.117945	0.0462676	0.509868	1.14897	-0.102273	0.112828	0.162326	0.0162832	-0.0412292	0.267314	
-0.0750207	0.287601	-0.0336259	0.0546722	0.0356163	-0.0820742	-0.00322512	0.0544921	0.380508	-0.0441014	0.0456921	0.202804	0.0300792	0.0255763	0.106228	0.0721559	0.0957844	0.0588234	0.117945	0.0328049	0.352447	0.710744	-0.0480023	0.16889	0.185011	0.0162832	-0.0236464	0.204406	
-0.0750207	0.264836	-0.0447176	0.0537374	0.0191532	-0.0820742	-0.00328011	0.148926	0.380508	-0.0441014	0.0179025	0.158779	0.0142312	0.0485426	0.109658	0.115618	0.098505	0.0285953	0.0928976	0.0328049	0.524683	0.913429	0.131867	0.088438	0.138478	0.0312646	-0.0235852	0.148341	0	
-0.069315	0.320893	-0.0439898	0.0537374	0.0485045	-0.0820742	-0.00328011	0.145987	0.376529	-0.0407567	0.0259593	0.120143	0.0051409	0.0473729	0.109658	0.0739025	0.117455	0.06264	0.0934524	0.0541508	0.16028	1.06577	0.234668	0.074726	0.0640784	0.0312646	-0.0194123	0.207744	0	-0.0151343	
-0.0736327	0.319715	-0.0439898	0.0537374	0.0266047	-0.0802188	-0.00328011	0.145987	0.371776	-0.0407567	0.0259593	0.120143	0.0238831	0.0369802	0.101479	0.0810516	0.0766679	0.06264	0.0934524	0.0569285	0.16028	1.04848	0.157488	0.074726	0.0640784	0.0312646	-0.0380136	0.203531	
-0.0803433	0.319715	-0.0439898	0.0537374	0.0254069	-0.086285	-0.00328011	0.217418	0.371776	-0.0407567	0.0453287	0.120143	0.0146707	0.0460212	0.101479	0.00933016	0.0938632	0.06264	0.0854409	0.0569285	0.368275	0.655023	0.0422711	0.11056	0.19029	0.0312646	-0.0396903	0.224778	
-0.0657794	0.243013	-0.0439898	0.0496159	0.0364191	-0.0830659	-0.00328011	0.165836	0.371776	-0.0407567	0.116085	0.120143	-0.0015227	0.0704382	0.1248	0.0069795	0.105264	0.0507049	0.0696199	0.0232043	0.368275	0.670844	0.0707985	0.104937	0.192787	0.0312646	-0.0396903	0.224778	0	0	0	
-0.0620485	0.245716	-0.0439898	0.0487758	0.0364191	-0.0862427	-0.00328011	0.189403	0.414665	-0.0407567	0.059475	0.117088	0.016475	0.0449427	0.1248	0.00662527	0.117516	0.051215	0.0332039	0.0125759	0.212472	0.70726	0.0985779	0.0430481	0.105372	0.020723	-0.0454797	0.280664	0.0052567	
-0.0620485	0.229836	-0.0439898	0.0488312	0.0364191	-0.0874964	-0.00328011	0.171548	0.380051	-0.0407567	0.0315707	0.117088	0.0218371	0.0436573	0.117841	0.0125726	0.0667795	0.0393007	0.0332039	0.044243	0.239391	0.70726	0.185662	0.0694743	0.105372	0.020723	-0.0330999	0.280664	0.0379463	-0.0694338	
-0.0702723	0.229836	-0.0436739	0.0488312	0.0301968	-0.0833137	-0.00328011	0.18949	0.402529	-0.0407567	0.0460904	0.137644	-0.0116653	0.0688693	0.117841	0.0274033	0.129604	0.0497537	0.0259934	0.0162145	0.363754	0.657041	0.0622517	0.0568941	0.0429607	0.020723	-0.0312087	0.247667	0.222937	
-0.0702723	0.203673	-0.0436739	0.0488312	0.0301968	-0.0855332	-0.00328011	0.18949	0.421322	-0.0407567	0.0705342	0.147082	-0.0227545	0.0377876	0.0927738	-0.0284098	0.143251	0.0678145	0.0534508	0.027833	0.363754	0.703886	0.0359408	0.149315	0.14542	0.00333057	-0.0312087	0.247667	0.150931	-0.0298536	
-0.068958	0.354812	-0.0436739	0.0539549	0.0280638	-0.0831757	-0.00114705	0.215935	0.344966	-0.0407567	0.0592084	0.178371	-0.014252	0.0504787	0.0927738	5.75594e-05	0.08322	0.079091	0.0629634	0.0268275	0.363754	0.464917	0.00324851	0.100303	0.176444	0.0125964	-0.0383183	0.247667	0.181559	0	0	0	
-0.068958	0.303343	-0.0436739	0.0539549	0.0410987	-0.0837851	-0.00144785	0.215935	0.344966	-0.0407567	-0.00676197	0.14212	0.0105612	0.0452063	0.0927738	-0.00927547	0.171288	0.022678	0.0629634	0.00655292	0.363754	0.464917	0.0466689	0.171795	0.246705	0.0109977	-0.0375904	0.221553	0.143777	0.0124229	
-0.068958	0.313766	-0.0425852	0.0539879	0.0410987	-0.0837851	-0.00144785	0.215935	0.422817	-0.0429029	0.0210088	0.14212	0.0105612	0.0452063	0.0927738	-0.0156133	0.115896	0.0558461	0.0651095	-0.00691723	0.476738	0.623401	0.20236	0.204917	0.242734	0.0109977	-0.0411015	0.223699	0.139975	-0.0741396	0	
-0.068958	0.255466	-0.0436916	0.0555658	0.0428763	-0.0897167	-0.00144785	0.215935	0.422817	-0.0429029	0.0285785	0.14212	0.0492023	0.0452063	0.0920525	-0.00703978	0.115896	0.0390923	0.044412	0.0167024	0.518184	0.481723	0.152379	0.256637	0.384984	0.0140408	-0.0405031	0.242569	0.19431	
-0.0694752	0.264794	-0.0436916	0.0555658	0.024755	-0.0847948	-0.00100281	0.213282	0.364521	-0.0429029	0.0216379	0.141675	0.0632681	0.00832	0.0920525	-0.011234	0.196784	0.0474797	0.0277026	0.0235483	0.671244	0.504186	0.270432	0.384522	0.303377	0.0140408	-0.0394601	0.212093	0.187924	
-0.0694752	0.303035	-0.0473891	0.0573058	0.0255784	-0.0847948	-0.0018262	0.241415	0.327111	-0.0429029	-0.0481649	0.142498	0.0513245	-0.0266475	0.0677629	-0.02201	0.175913	0.0474797	-0.000206923	0.0235483	0.717461	0.775822	0.113019	0.299735	0.364698	0.00767707	-0.0394601	0.243889	0.188748	
-0.071251	0.309333	-0.0491649	0.0477061	0.0255784	-0.0858221	-0.00360195	0.232824	0.326094	-0.0421935	0.0180272	0.193516	0.0921587	-0.0293676	0.0659872	-0.0354789	0.101798	0.0213886	-0.00604663	0.0215291	0.688678	0.662331	0.0562228	0.323341	0.305503	0.00590131	-0.0412445	0.241403	0.180741	
-0.0760104	0.286416	-0.0491649	0.0477061	0.0291274	-0.0857556	-0.00700609	0.232824	0.419187	-0.0421935	-0.0219514	0.196921	0.0126556	0.00200247	0.0659872	-0.0486394	0.11623	0.0213886	-0.00604663	-0.00351521	0.623099	0.601687	0.118756	0.299936	0.327044	-0.00247463	-0.0341181	0.280324	0.184145	
-0.0760104	0.193639	-0.0491649	0.0477061	0.0279158	-0.0859214	-0.00579452	0.232824	0.341052	-0.0421935	-0.00378995	0.195709	0.0377895	-0.0345146	0.0659872	-0.0269962	0.0839615	0.0150356	0.0228569	0.0409187	0.7057	0.572783	-0.0245266	0.395845	0.325833	-0.00247463	-0.0310083	0.353511	0.142964	-0.00873248	-0.0604837	
-0.0778484	0.255693	-0.0542364	0.0490937	0.0279158	-0.0867857	-0.00579452	0.232824	0.317907	-0.0421935	0.0228147	0.192103	0.0269914	0.00114897	0.0659872	-0.0197354	0.101505	0.0221577	0.0228569	0.0257703	0.460022	0.645165	-0.0175079	0.333665	0.280309	-0.000670934	-0.0310083	0.353511	0.146764	0.0462289	-0.0825874	
-0.0778484	0.263583	-0.0542364	0.0452305	0.0342044	-0.083173	-0.0120831	0.232824	0.409732	-0.0421935	0.0319739	0.197246	0.0665613	0.00018117	0.0758337	-0.0238845	0.112605	0.0163867	0.0626361	-0.00344246	0.460022	0.57501	0.0456758	0.340223	0.321563	0.00335438	-0.0452436	0.353511	0.153224	-0.022524	0	
-0.0690742	0.263583	-0.0542364	0.0484489	0.0342044	-0.083173	-0.0120831	0.232824	0.372203	-0.0421935	0.00288878	0.197246	0.0665613	0.00018117	0.0758337	-0.0179807	0.143391	0.0163867	0.0657528	0.0256022	0.460022	0.828818	0.241537	0.200436	0.159699	0.00335438	-0.0345219	0.353511	0.153224	0.0622061	
-0.0715339	0.327938	-0.0511693	0.0384887	0.0394301	-0.0848473	-0.0138497	0.232824	0.372203	-0.0421935	0.0046554	0.190648	0.0324451	0.0368342	0.0664106	-0.0496092	0.178467	0.031365	0.0539461	0.0390555	0.460022	0.840625	0.180563	0.185633	0.268992	0.0094749	-0.0345219	0.353511	0.148552	
-0.0715339	0.327938	-0.0511693	0.0200854	0.0394301	-0.0848473	-0.0138497	0.232824	0.372203	-0.0421935	0.0046554	0.179347	0.0107958	0.021033	0.0689529	-0.0702126	0.178467	0.0288498	0.0510428	0.0180233	0.301555	0.694295	0.207604	0.188148	0.514068	0.010903	-0.0324995	0.271353	0.0906219	0.00238071	
-0.070203	0.309149	-0.0511693	0.0105783	0.0394301	-0.0848473	-0.0138497	0.232824	0.372203	-0.0421935	0.0222818	0.179347	0.0107958	0.00997461	0.0689529	-0.0663615	0.197651	0.012504	0.0510428	-0.00219533	0.245578	0.688316	0.318527	0.230188	0.541759	0.010903	-0.0289592	0.21445	0.137113	
-0.0698327	0.278556	-0.0463649	0.0105783	0.0394301	-0.0848473	-0.0138497	0.212571	0.30131	-0.0421935	0.010152	0.212267	0.0107958	0.00997461	0.0749079	-0.0831512	0.197281	0.0124614	0.0612449	0.0254601	0.304334	0.678113	0.234855	0.24868	0.541759	0.00402111	-0.0448119	0.208122	0.137113	0	
-0.0709953	0.256014	-0.0463649	0.0105783	0.0336587	-0.0848473	-0.0138497	0.189137	0.312938	-0.0421935	0.010152	0.212267	0.0362503	0.00997461	0.0854863	-0.0804	0.1833	0.000447757	0.0612449	0.0831791	0.43574	0.451616	0.247021	0.260693	0.703906	0.00402111	-0.0337431	0.231481	0.178004	0	
-0.0709953	0.232008	-0.0463649	0.0105783	0.0336587	-0.0814011	-0.0138497	0.189137	0.443948	-0.0427831	0.00434635	0.206821	0.039248	0.00997461	0.0943714	-0.0920417	0.1833	0.0228943	0.00704258	0.0704572	0.627253	0.792762	0.361791	0.32436	0.313939	0.00402111	-0.0344589	0.23207	0.244492	
-0.0709953	0.282431	-0.0463649	0.0116775	0.0321274	-0.0825784	-0.0122093	0.286301	0.455763	-0.0427831	0.00270589	0.20518	0.0140744	-0.00432616	0.0943714	-0.0887714	0.163149	0.0382112	-0.00440797	0.00634772	0.361141	0.661961	0.442141	0.209763	0.370595	0.00488307	-0.0318364	0.232739	0.193659	-0.019698	
-0.0627067	0.280986	-0.0463649	0.0164271	0.0321274	-0.0825784	-0.0122093	0.286301	0.392053	-0.0427831	0.0227585	0.212143	0.0157236	-0.00432616	0.086183	-0.0859599	0.16632	0.0192321	0.0238229	0.0303984	0.468203	0.819998	0.733106	0.310343	0.334528	0.00488307	-0.0318106	0.242449	0.193198	
-0.0622515	0.290482	-0.0437589	0.0170846	0.0321274	-0.0792973	-0.0122093	0.286301	0.417427	-0.0427831	-0.00873379	0.212143	0.000435794	-0.00132836	0.081497	-0.0799399	0.175653	0.0386488	0.0319223	0.0249832	0.374305	0.610287	0.587011	0.290927	0.391637	0.0154692	-0.0365279	0.242449	0.193198	0.0614239	0.0169515	-0.0295492	
-0.0622515	0.31108	-0.0488888	0.00776985	0.0320791	-0.0792973	-0.0122093	0.286301	0.344503	-0.0427831	0.00580341	0.212143	0.0386467	-0.00132836	0.0917682	-0.0984379	0.207017	0.0167889	0.026231	0.0190994	0.374305	0.696081	0.608871	0.184478	0.391637	0.0354921	-0.0379671	0.304751	0.200605	0	0.00474223	0.0696136	0	
-0.059732	0.306595	-0.0488888	0.00776985	0.0389745	-0.0835393	-0.0122093	0.231539	0.35901	-0.0427831	0.0309697	0.212143	0.0127391	-0.0112268	0.0869675	-0.095919	0.184015	0.0218538	0.0249416	0.056716	0.44077	0.538152	0.451885	0.150168	0.402091	0.0354921	-0.0349432	0.252372	0.173986	0.0098379	0.00281751	
-0.059732	0.306595	-0.0488888	0.0216511	0.0460096	-0.0759883	-0.0108055	0.231539	0.462975	-0.0427831	0.0060244	0.210739	0.0392546	0.0124305	0.0869675	-0.0820378	0.0977327	0.0321795	0.0249416	0.0668604	0.477559	0.76798	0.424422	0.0395164	0.457067	0.0354921	-0.0417019	0.252932	0.184671	
-0.059732	0.313445	-0.0488888	0.0216511	0.0320872	-0.0865366	-0.0108055	0.232911	0.431705	-0.0427831	0.0209406	0.210739	-0.00833364	0.0277255	0.0869675	-0.0727089	0.213982	0.0489863	0.0343308	0.0232328	0.516103	0.844721	0.174148	0.0902065	0.292708	0.0354921	-0.047052	0.212439	0.18915	
-0.059732	0.274267	-0.0488888	0.0216511	0.0519445	-0.0801648	-0.0108055	0.263939	0.413874	-0.0427831	0.0467575	0.197119	0.0626009	0.0135546	0.0869675	-0.0666874	0.178841	0.095936	0.0441161	0.0723146	0.516103	1.10237	0.127199	0.0432568	0.425399	0.0354921	-0.0274231	0.207644	0.207985	0.0639824	
-0.0637696	0.236289	-0.0488888	0.0221579	0.0341757	-0.0881989	-0.0108055	0.243531	0.413874	-0.0427831	0.0324846	0.215136	0.00723533	0.0135546	0.0869675	-0.0737111	0.164061	0.101103	0.0492436	0.00876515	0.516103	0.992123	0.111071	0.03809	0.473297	0.025983	-0.0326092	0.271825	0.201472	-0.0579569	0	-0.0473241	
-0.0637696	0.240921	-0.0436755	0.0182475	0.0403419	-0.0868002	-0.0108055	0.243531	0.413874	-0.0427831	0.0468932	0.215136	0.0372899	-0.00580244	0.0729467	-0.0747884	0.139204	0.0888227	0.040611	-0.00340455	0.406762	0.937871	0.218174	0.065894	0.26256	0.0293143	-0.0326092	0.271825	0.18267	0	
-0.070084	0.257264	-0.0382201	0.0182475	0.0401128	-0.0815086	-0.0108055	0.243531	0.413874	-0.0427831	-0.005085	0.215136	0.0274526	-0.00580244	0.0894026	-0.0443832	0.15869	0.123531	0.040611	0.0245079	0.294449	0.937871	0.229138	-0.027912	0.395465	0.0293143	-0.0437884	0.226497	0.18267	0	
-0.065365	0.189736	-0.0365219	0.0182475	0.037844	-0.0815086	-0.00853666	0.217737	0.405928	-0.0427831	-0.0237097	0.212867	-0.00358952	-0.004435	0.0784909	-0.0547979	0.164886	0.123531	0.0318456	0.0245079	0.294449	0.719109	0.147034	-0.0115239	0.358104	0.0311939	-0.0437884	0.226497	0.149658	0.00263851	0.0358813	0	
-0.065365	0.328017	-0.0365219	0.0182475	0.0463641	-0.0766776	-0.00853666	0.154185	0.39787	-0.0427831	-0.0427172	0.212867	0.0189319	-0.004435	0.0784909	-0.0633683	0.173275	0.123531	0.0397275	0.00112405	0.322152	0.949928	0.354592	-0.02726	0.328204	-0.0033926	-0.0396791	0.272672	0.175028	-0.0124482	
-0.0691559	0.248026	-0.0365219	0.0159795	0.0297878	-0.0824261	-0.00853666	0.154185	0.356664	-0.0427831	0.00736299	0.212867	0.0189319	-7.23857e-05	0.0784909	-0.0307498	0.255966	0.123531	0.0317085	-0.0324936	0.184126	0.623262	0.493957	-0.0198423	0.487846	-0.0033926	-0.030251	0.255096	0.254217	-0.0124482	-0.0451215	0.0392046	
-0.0691559	0.263652	-0.0365219	0.0159795	0.0492771	-0.0824261	-0.0102751	0.153849	0.475511	-0.0427831	-0.0148207	0.22318	-0.00793939	-0.0152973	0.0784909	-0.0206806	0.244801	0.123531	0.0275885	0.0137851	0.348515	0.693223	0.711077	0.0734	0.549836	-0.0033926	-0.0410546	0.256285	0.265447	-0.0123678	
-0.0652714	0.220631	-0.0322472	0.0159795	0.0492771	-0.0811448	-0.0102751	0.158946	0.456754	-0.042042	-0.0132784	0.22318	0.0173841	0.00224625	0.0693831	-0.0470651	0.244776	0.0968718	0.0229375	0.00199223	0.385426	0.706219	0.736995	0.0433311	0.411333	0.0127925	-0.0369729	0.255544	0.265447	-0.0123678	
-0.0594057	0.335805	-0.0298461	0.0159795	0.0375672	-0.0811448	-0.0102751	0.158946	0.42275	-0.0433299	0.00026308	0.22318	0.0143381	-0.000632878	0.0693831	-0.0661855	0.121707	0.0981598	0.00650503	0.0470634	0.435861	0.723379	0.145817	0.0433311	0.351575	0.0108342	-0.0305905	0.182326	0.304185	-0.0123678	
-0.0415538	0.283633	-0.0298461	0.0145892	0.034557	-0.0819731	-0.0102751	0.158946	0.3778	-0.0433299	-0.0291149	0.236901	0.0143381	-0.000632878	0.0693831	-0.0687309	0.160547	0.0725845	0.00650503	0.0130814	0.474977	0.647358	0.0901726	0.0706451	0.344164	0.00745027	-0.0386609	0.188851	0.335338	-0.0123678	
-0.0437578	0.283633	-0.0298461	0.0145892	0.041177	-0.0819731	-0.0102751	0.158946	0.422577	-0.0433299	-0.0291149	0.214935	0.0197912	0.0355537	0.0693831	0.158791	0.0725845	0.00553621	0.00339923	0.284392	0.427723	-0.0303154	-0.00319773	0.250611	0.00850365	-0.043227	0.214929	0.296257	-0.0123678	-0.0343507	0	-0.00655721	
-0.0437578	0.283633	-0.0298461	0.0203584	0.0499984	-0.0793416	-0.0148875	0.139016	0.422577	-0.0433299	-0.00667729	0.209434	0.0357306	-0.0123562	0.0693831	0.300869	0.152211	0.0725845	0.0011409	-0.00315798	0.284392	0.508594	-0.0811408	0.0783339	0.446165	0.00850365	-0.0375902	0.214929	-0.0123678	-0.0239622	-0.0217516	
-0.0406424	0.277639	-0.0298461	0.0203584	0.0527816	-0.0818998	-0.0148875	0.139016	0.442116	-0.0433299	0.00282073	0.221622	0.0357306	-0.000482382	0.0693831	0.329324	0.114831	0.0725845	0.00466685	0.00690968	0.272915	0.870753	-0.0915997	0.0500871	0.527264	0.00850365	-0.0363886	0.22584	-0.0403113	-0.0123678	0.0503371	
-0.0406424	0.354486	-0.0377935	0.0203584	0.026058	-0.0818998	-0.0148875	0.130383	0.444579	-0.0457933	0.0090395	0.221622	0.043132	0.0158517	0.0697604	0.352017	0.105029	0.0699971	0.00713026	0.016934	0.277073	0.570692	-0.0714696	0.00696605	0.559944	0.0276313	-0.0339252	0.184528	-0.0532496	-0.0123678	-0.167619	
-0.0329046	0.313698	-0.0377935	0.0203584	0.026058	-0.0842697	-0.0148875	0.130383	0.429114	-0.0457933	0.0090395	0.221622	0.0317047	-0.0216045	0.0570769	0.352017	0.0856878	0.0446238	0.00713026	0.0433615	0.405743	0.632793	-0.039092	0.0988054	0.517976	0.0276313	-0.0351078	0.274752	-0.0283868	-0.00490386	
-0.0329046	0.367933	-0.0377935	0.0197742	0.026058	-0.0842697	-0.0148875	0.130383	0.368393	-0.0457933	0.0090395	0.221622	0.0188255	-0.00683593	0.0516701	0.432254	0.0356064	0.0511978	0.00713026	0.00242197	0.488905	0.854399	-0.00140769	0.0385457	0.251889	0.0276313	-0.0170294	0.190337	-0.0343445	-0.00249067	-0.0429306	0	
-0.0502728	0.242998	-0.0389552	0.0155939	0.0330861	-0.0842697	-0.0148875	0.130383	0.459333	-0.0457933	0.00122615	0.221622	0.0188255	0.0141612	0.0605117	0.432254	0.0542546	0.0314258	0.014751	0.00581962	0.488905	0.744679	0.112796	0.112416	0.188019	0.0276313	-0.0242402	0.190337	-0.0526489	-0.0190793	-0.0190365	0	
-0.0502728	0.258595	-0.0389552	0.0150476	0.0330861	-0.0839511	-0.0148875	0.118339	0.350989	-0.0457933	-0.0334204	0.228124	0.0571454	0.0169711	0.0605117	0.432254	0.113982	0.041566	0.014751	0.00581962	0.289961	0.744679	0.745815	0.0690556	0.357874	0.0160617	-0.0327959	0.198115	-0.0531952	-0.0190793	-0.0140667	0.0360331	0.0154017	
-0.0502728	0.278251	-0.0364447	0.0150476	0.041699	-0.0839511	-0.0171347	0.118339	0.350989	-0.0457933	-0.0202243	0.230371	0.0272962	-0.00159113	0.0605117	0.414415	0.0638	0.0216631	0.0534005	0.0279889	0.36628	0.398003	0.375542	0.132764	0.225634	0.0292799	-0.0429594	0.198115	-0.0652632	-0.00879426	0	
-0.0435819	0.278251	-0.0364447	0.0150476	0.041699	-0.0839511	-0.0171347	0.153845	0.367452	-0.0457933	-0.00648085	0.230371	0.0283785	0.0298901	0.0560616	0.270484	0.0604222	0.0336918	0.0588097	-4.22185e-05	0.348477	0.556056	0.544153	0.0261344	0.316605	0.0158466	-0.0114325	0.198115	-0.0874986	-0.0121779	0.0576294	0	0	
-0.0460702	0.278251	-0.0255647	0.0167882	0.041699	-0.0856917	-0.0188753	0.152104	0.441443	-0.0475339	-0.00885574	0.230371	0.0301513	0.0298901	0.054321	0.314055	0.0871077	0.0312825	0.0651382	-4.22185e-05	0.346737	0.337929	0.210395	0.0980825	0.469536	0.00858266	-0.0270865	0.198115	-0.0839799	-0.0139185	-0.0502363	-0.03904	
-0.0460702	0.278251	-0.0255647	0.0167882	0.0382033	-0.0815565	-0.0153797	0.154108	0.441443	-0.0475339	-0.0381627	0.237361	0.0266557	-0.000859752	0.054321	0.310559	0.0871077	0.0312825	0.0724843	0.0333591	0.429892	0.479928	0.454513	0.0292539	0.386331	0.0310874	-0.027605	0.198115	-0.0878014	-0.0139185	-0.0827969	
-0.0482263	0.276364	-0.0277209	0.0189444	0.0382033	-0.0843855	-0.0175358	0.184987	0.384186	-0.0478032	-0.0381627	0.212918	0.0266124	-0.000859752	0.0521649	0.316107	0.0741694	0.0450522	0.0705974	0.0214838	0.544103	0.537103	0.489921	0.07075	0.366012	0.0215284	-0.0352388	0.196228	-0.0862512	-0.0160747	
-0.0450017	0.276364	-0.0265237	0.0214764	0.0382033	-0.084445	-0.0175358	0.184987	0.440441	-0.0478032	-0.0381627	0.212918	0.00410103	0.0379203	0.0521649	0.294162	0.0727217	0.0450522	0.0705974	0.0394413	0.397551	0.636247	0.455357	0.03279	0.324743	0.0104771	-0.0352388	0.196228	-0.0816582	-0.0160747	-0.0229907	
-0.0467469	0.276364	-0.0265237	0.0222395	0.0382033	-0.0931373	-0.0175358	0.184987	0.419861	-0.0478032	-0.0369136	0.212918	0.00905082	-0.0160338	0.0521649	0.294162	0.0609321	0.0682483	0.0786828	0.0271071	0.397551	0.524273	0.235737	-0.0235386	0.177622	0.0370141	-0.0338245	0.196228	-0.0583369	-0.0160747	-0.0209041	0	
-0.0467469	0.276364	-0.0265237	0.040923	0.0382033	-0.0823579	-0.0175358	0.214089	0.412791	-0.0478032	-0.0436107	0.240532	0.00905082	0.0027511	0.0521649	0.348763	0.0555908	0.0638725	0.0786828	0.00528793	0.498041	0.554087	0.197348	-0.0311846	0.311528	0.0107936	-0.0320819	0.197449	-0.0555831	-0.0160747	-0.080866	
-0.0467469	0.240229	-0.0265237	0.040923	0.0231796	-0.0816246	-0.0175358	0.214089	0.429665	-0.0478032	-0.0155852	0.240532	0.0153282	0.013448	0.0601959	0.272811	0.0530669	0.0269565	0.0614611	-0.0103049	0.203468	0.816181	0.312755	0.00210116	0.220319	0.0107936	-0.0218256	0.182019	-0.0702934	-0.0160747	-0.0778348	
-0.058519	0.296654	-0.0265237	0.0468469	0.0536397	-0.0839148	-0.0197779	0.193905	0.370283	-0.0478032	0.0232219	0.242774	0.040258	0.01569	0.0601959	0.275053	0.0645303	0.0183899	0.0763184	0.0223429	0.261613	0.572423	0.530669	0.0141418	0.188362	0.028393	-0.0218256	0.195152	-0.0673079	-0.0271341	0.00943278	0	
-0.0668531	0.27394	-0.0176261	0.0535356	0.0563765	-0.0822921	-0.0225147	0.193905	0.436421	-0.0478032	0.0259587	0.24551	0.0416821	0.0184268	0.0601959	0.315572	0.0492452	0.0344876	0.0763184	0.015453	0.359483	0.455898	0.433315	0.0417084	0.109961	0.028393	-0.0148692	0.195152	-0.0525282	-0.0149967	0.0175791	
-0.0683806	0.27394	-0.0191537	0.0483993	0.0514399	-0.0855829	-0.0240422	0.192377	0.436421	-0.0493308	0.0098099	0.24551	0.0659478	-0.00622407	0.0605653	0.299441	0.104432	0.0514615	0.0735589	-0.0215346	0.337896	0.458658	0.259195	0.169278	0.227348	0.0268654	-0.0206577	0.1563	-0.0568852	-0.0165243	0.010484	0	
-0.0683806	0.320228	-0.0191537	0.0483993	0.0514399	-0.0855829	-0.0240422	0.192377	0.39794	-0.0493308	0.0290036	0.24551	0.0130777	0.00819047	0.0605653	0.299441	0.0929191	0.0514615	0.069502	0.014473	0.397145	0.672756	0.259195	0.143514	0.219407	0.0213153	-0.022794	0.1563	-0.0416418	-0.014664	-0.0154144	
-0.067375	0.325056	-0.0169912	0.0462368	0.0514399	-0.0834204	-0.0218797	0.19454	0.407443	-0.0471683	0.0554876	0.24551	0.0327357	0.012014	0.0627277	0.309349	0.0482584	0.0514615	0.069502	0.00498467	0.468547	0.683562	0.229528	0.269257	0.173955	0.0234778	-0.0316118	0.1563	-0.0300799	-0.019741	
-0.067375	0.325562	-0.0222392	0.0410619	0.0494942	-0.0803955	-0.019934	0.208082	0.407949	-0.0476742	0.0470814	0.243565	0.0187333	0.000164302	0.0627277	0.307403	0.064502	0.0390949	0.0571692	0.0194907	0.482324	0.486859	0.481343	0.236904	0.208504	0.0234778	-0.022793	0.202015	-0.0455536	-8.37484e-05	
-0.0691076	0.25507	-0.0222392	0.0410619	0.0390852	-0.0803955	-0.019934	0.208082	0.403831	-0.0435561	0.0470814	0.214598	0.0225045	-0.000433288	0.0627277	0.319617	0.0993286	0.0431685	0.0551251	0.00505859	0.482324	0.479805	0.366587	0.220375	0.271315	0.0234778	-0.0229011	0.19853	-0.0190484	0.0028226	
-0.0711913	0.25507	-0.0243229	0.0431456	0.0241841	-0.079243	-0.0220177	0.193612	0.450263	-0.0456398	0.0470814	0.214598	0.0267716	-0.00771026	0.0635594	0.227811	0.0922368	0.072871	0.0556458	0.0549583	0.432451	0.68924	0.28966	0.120589	0.186456	0.0192218	-0.0425394	0.19853	-0.0344401	-0.0105676	0	
-0.0800774	0.263202	-0.0243229	0.0431456	0.0577732	-0.0710173	-0.0220177	0.197779	0.311717	-0.045791	0.0470814	0.214598	0.0353393	0.00312718	0.064171	0.223167	0.121915	0.0809301	0.0203852	0.0196905	0.665236	0.724651	0.336363	0.112681	0.370834	0.0205146	-0.0285741	0.198681	-0.00699843	-5.52055e-05	0	0	0	
-0.0800774	0.271125	-0.0212047	0.0559191	0.0647389	-0.0735276	-0.0289834	0.197779	0.316341	-0.045791	0.012218	0.221564	-0.00961442	0.00483705	0.0690504	0.230132	0.0928858	0.0809301	0.0817573	0.00199453	0.735897	0.663279	0.715867	0.0574808	0.278799	-0.00450262	-0.0237776	0.191923	0.00557884	0.00256686	0	
-0.0800774	0.348152	-0.0212047	0.0458278	0.0467444	-0.0735276	-0.0289834	0.197779	0.375421	-0.045791	0.05938	0.221564	0.032274	0.00483705	0.0653687	0.230132	0.0917223	0.0747442	0.0412535	-0.0224188	0.76972	0.669757	0.348209	0.0830612	0.286752	0.0110628	-0.0340922	0.149161	0.016002	-0.00591512	0	0	0	0.0285229	
-0.0767978	0.282347	-0.0212047	0.0293263	0.0499332	-0.0682624	-0.0289834	0.172514	0.375421	-0.045791	0.0104536	0.221564	0.0386043	0.00483705	0.0653687	0.305525	0.0949987	0.0636215	0.0412535	-0.00913636	0.76972	0.682679	0.149573	0.0750436	0.170265	0.0110628	-0.0265741	0.187761	0.00344339	-0.0180292	
-0.0767978	0.241199	-0.0212047	0.0293263	0.0499332	-0.0610357	-0.0289834	0.172514	0.351656	-0.045791	0.0467252	0.221564	0.0259979	0.0475554	0.0651537	0.305525	0.105412	0.0853357	0.0412535	0.0147287	0.76972	0.590859	0.0858596	-0.0167204	0.217217	0.0110628	-0.0285022	0.167741	0.0110676	-0.00646133	0.0455157	
-0.0786493	0.245856	-0.0258005	0.0311778	0.0499332	-0.0628872	-0.0308349	0.126769	0.389458	-0.0476424	0.0467252	0.190946	0.0311222	0.000270116	0.0633022	0.260469	0.113093	0.102689	0.0412535	-0.000792257	0.678463	0.63495	0.414016	-0.0306712	0.155817	0.00645272	-0.0218142	0.167741	-0.0126572	-0.00831282	0.0804989	-0.0237309	
-0.0782133	0.30171	-0.0200266	0.0311778	0.0474863	-0.0636829	-0.0284635	0.0894591	0.428738	-0.0476424	0.0179062	0.188575	0.00736032	0.0339271	0.0633022	0.239673	0.0576176	0.102689	0.0470357	-0.000792257	0.550747	0.427761	0.399169	-0.0393744	0.162608	0.00645272	-0.0304853	0.167741	-0.0276481	-0.00831282	
-0.0777667	0.24802	-0.0200266	0.0311778	0.0474863	-0.0610172	-0.0284635	0.0894591	0.342867	-0.0476424	0.0704888	0.188575	0.00736032	-0.0155244	0.0633022	0.239673	0.136362	0.0636539	0.0470357	0.0126543	0.856486	0.622065	0.322883	0.136362	0.306256	0.0167181	-0.00828213	0.205354	-0.0365696	-0.0224979	
-0.0789912	0.299877	-0.0212511	0.0275826	0.0474863	-0.0622417	-0.029688	0.0882346	0.342867	-0.0488669	-0.0018158	0.188575	0.00346912	0.0241814	0.0620777	0.228451	0.0835206	0.0636539	0.0470357	0.00821374	0.54887	0.480475	0.807287	-0.00975854	0.148482	0.0154936	-0.0250268	0.292691	-0.000222418	-0.0215432	0	
-0.0742236	0.327605	-0.0169828	0.0213416	0.0611515	-0.0579734	-0.0254197	0.0768545	0.384194	-0.0445986	0.00848196	0.188575	0.00226872	0.0132329	0.066346	0.217865	0.0828421	0.0469179	0.0306862	0.0180656	0.622003	0.496825	0.486093	0.0634671	0.195441	0.010747	-0.0296071	0.293467	-0.0247114	-0.0172749	0	
-0.0731178	0.334698	-0.0185991	0.0105333	0.0609024	-0.0575371	-0.027036	0.068309	0.384194	-0.0462149	0.013997	0.217062	0.00126799	0.031272	0.0647297	0.217865	0.07048	0.079892	0.0115835	0.0180656	0.53625	0.40819	0.247448	0.030493	0.175849	0.0111978	-0.023285	0.293467	-0.039424	-0.0233832	0.0341155	0	
-0.0699852	0.309578	-0.0185991	0.0105333	0.0609024	-0.0600386	-0.027036	0.068309	0.345292	-0.0462149	0.0311201	0.24489	0.0176876	0.0156899	0.0640824	0.204897	0.053453	0.0735904	0.026475	0.0146285	0.53625	0.540918	0.351053	0.0613006	0.124157	0.0111978	-0.0408678	0.293467	-0.039424	-0.0208504	0.191595	0.183003	-0.0278276	
-0.0800812	0.309578	-0.0185991	0.0111294	0.051114	-0.0638269	-0.027036	0.068309	0.347158	-0.0462149	0.00800607	0.231481	0.0176876	0.0221695	0.0640824	0.204897	0.05586	0.0735904	0.0224508	0.0360714	0.499792	0.622734	0.615718	0.0600317	0.135874	0.0111978	-0.0137837	0.291303	-0.0256202	-0.0121031	0.191595	
-0.0620248	0.23417	-0.0192953	0.0225601	0.0492246	-0.0722626	-0.027036	0.0453127	0.347158	-0.0462149	0.00800607	0.231481	0.0245178	0.00863619	0.0640824	0.24749	0.0378036	0.0672363	0.0350141	0.0650079	0.597738	0.406906	0.329539	0.0651139	0.144824	0.0111978	-0.0170457	0.291303	-0.014539	-0.0121031	0.191595	-0.00591126	
-0.0651663	0.35957	-0.0382215	0.0225601	0.0492246	-0.0733564	-0.027036	0.142428	0.364173	-0.0462149	0.00309133	0.26672	0.0323024	0.00863619	0.0640824	0.207065	0.0964039	0.071787	0.0350141	0.0178785	0.474293	0.512826	0.204369	0.0643484	0.164492	0.0115895	-0.0317145	0.291303	-0.014539	-0.0121031	0.237709	
-0.066438	0.262095	-0.0334235	0.0225601	0.0428824	-0.0733564	-0.027036	0.145113	0.363278	-0.0453203	0.00309133	0.265354	0.0272562	0.0169203	0.0640824	0.180468	0.0742306	0.0517309	0.0341194	0.0174204	0.410684	0.828344	0.263843	0.0389264	0.176848	-0.00545414	-0.0426239	0.298465	-0.0187951	-0.0286859	0.216925	
-0.0722846	0.297614	-0.0334235	0.0225601	0.0465314	-0.0733564	-0.027036	0.169769	0.406628	-0.046577	-0.0121706	0.24476	0.0272562	0.010734	0.0668957	0.180468	0.0569125	0.070719	0.0390341	-0.0164374	0.410684	0.373474	0.279777	0.0849063	0.0716164	-0.00545414	-0.0354671	0.299722	-0.0324498	-0.0286859	0.220416	0	0.105634	
-0.0852373	0.278914	-0.0334235	0.0225601	0.0421482	-0.0711993	-0.0226529	0.132841	0.368922	-0.046577	-0.0141028	0.240377	0.0293628	0.016002	0.0690301	0.176085	0.0807978	0.070719	0.0329297	0.0190384	0.495856	0.345689	0.209625	0.0173752	0.121285	0.0211364	-0.0354671	0.295916	-0.0427224	-0.0193422	0.220416	
-0.0721936	0.218383	-0.0334235	0.0246989	0.0480249	-0.0761152	-0.0226529	0.132841	0.374977	-0.046577	0.0305446	0.240377	0.0499084	0.0341094	0.0811871	0.176085	0.0586392	0.0496417	0.0329297	0.0239053	0.603508	0.622366	0.768099	0.0241167	0.0863422	0.0194149	-0.0123592	0.295916	-0.0428	-0.0317019	0.239824	
-0.0684519	0.23327	-0.0239157	0.0206008	0.0511543	-0.0683614	-0.0189111	0.136974	0.374977	-0.0428353	0.00205642	0.240377	0.0608392	0.0395369	0.0849288	0.194145	0.158964	0.0496417	0.0329297	-0.0112831	0.518713	0.550175	0.976166	0.0407488	0.0467381	0.0231566	-0.0284036	0.256045	-0.032417	-0.0279602	0.202275	
-0.0684519	0.317967	-0.0239157	0.0206008	0.0511543	-0.0748404	-0.0189111	0.133068	0.369013	-0.0463149	0.00790071	0.240377	0.0138954	0.0395369	0.0849288	0.193443	0.125707	0.0325506	0.0364093	0.0405296	0.518713	0.558439	0.756274	0.140476	0.0732751	0.023391	-0.0244801	0.24839	-0.0503915	-0.0127511	0.202275	
-0.0695821	0.292566	-0.0239157	0.0237118	0.0511543	-0.0661869	-0.0189111	0.187593	0.360666	-0.0379681	-0.000947435	0.229869	0.0287063	0.0393831	0.0762804	0.170084	0.143016	0.0242037	0.0168816	0.00541434	0.823861	0.514391	0.771976	0.096493	0.119735	0.0191146	-0.0342643	0.21649	-0.0563694	-0.0127511	0.202275	0.0485065	
-0.0695821	0.292566	-0.0239157	0.0239648	0.0349959	-0.0608406	-0.0174404	0.149014	0.360666	-0.0379681	0.0312052	0.228399	0.0673133	0.0105598	0.0762804	0.168613	0.143016	0.0242037	0.0168816	0.0125854	0.936406	0.76307	0.58395	0.00330337	0.243191	0.0191146	-0.0342643	0.21649	-0.0561164	-0.0169213	0.238467	
-0.071107	0.31614	-0.0239157	0.0239648	0.0349959	-0.0608406	-0.0174404	0.115536	0.360666	-0.0379681	0.0154409	0.228399	0.117646	0.0105598	0.0762804	0.122877	0.116482	0.0315791	0.0168816	0.0272722	0.891818	0.59235	0.986235	0.0678469	0.160251	0.0265412	-0.02489	0.21649	-0.0534222	-0.0276892	0.238467	0.126834	
-0.0646849	0.269924	-0.0433792	0.0106846	0.0349959	-0.056118	-0.0127177	0.120259	0.360666	-0.0332454	0.0195274	0.228399	0.0896872	0.0105598	0.081003	0.199833	0.0809997	0.0315791	0.0465962	0.0299358	0.880087	0.509425	0.696903	0.0180248	0.261162	0.022317	-0.0144452	0.326562	-0.0619798	-0.00600234	0.164343	
-0.0646849	0.269924	-0.0423477	0.0106846	0.039847	-0.056118	-0.0127177	0.116596	0.312004	-0.0332454	-0.0145201	0.219366	0.0361598	0.0382693	0.081003	0.219125	0.0809997	0.0378567	0.0465962	-0.00581468	1.12396	0.485554	0.458785	-0.0260274	0.261162	0.0124936	-0.0062831	0.251097	-0.0538246	-0.00600234	0.164343	0	
-0.0646849	0.269924	-0.0423477	0.0106846	0.0423534	-0.0630709	-0.0152241	0.132117	0.312004	-0.0332454	-0.00674453	0.221872	0.0576428	0.020622	0.0890085	0.221631	0.141494	0.0378567	0.0465962	0.0184945	1.13563	0.531041	0.334695	0.00251688	0.256159	0.0114974	-0.0062831	0.303518	-0.0445436	-0.00600234	0.172163	
-0.0646849	0.250245	-0.0423477	0.0106846	0.0423534	-0.0630709	-0.0152241	0.132117	0.270316	-0.0332454	0.00720573	0.214363	0.0576428	0.0413308	0.0890085	0.189333	0.138728	0.0371146	0.0548348	0.0137035	1.13563	0.63852	0.819383	0.127641	0.32332	0.0114974	-0.00558404	0.303518	-0.0617574	-0.00600234	0.170421	
-0.0676019	0.250245	-0.038267	0.00604231	0.0439821	-0.0630709	-0.0152241	0.151016	0.343864	-0.0332454	0.0154584	0.214363	0.100471	0.0388696	0.0890085	0.19695	0.141645	0.0371146	0.0620528	0.0326917	1.13563	0.466328	0.750636	0.127641	0.16163	0.0114974	-0.00558404	0.248089	-0.0466854	-0.00916795	0.192105	
-0.0676019	0.317389	-0.0342996	0.00604231	0.0544686	-0.0605991	-0.0152241	0.151016	0.414027	-0.0332454	0.080558	0.214363	0.100471	0.0388696	0.0848827	0.215537	0.133231	0.00454122	0.0565418	-0.00525464	1.13563	0.471839	0.623719	0.111641	0.0417884	0.0114974	-0.00558404	0.212683	-0.0579925	-0.00916795	0.192105	-0.0404839	0.268306	
-0.059655	0.249878	-0.0295578	0.00130044	0.0539063	-0.0517439	-0.00991992	0.155758	0.414027	-0.0285036	0.0971768	0.213801	0.0454464	-0.000911564	0.103437	0.159746	0.108113	0.0421742	0.0649296	0.00407876	0.839775	0.56255	0.239152	0.077341	0.0672303	0.00966563	-0.0036247	0.212683	-0.0823915	-0.00442608	0.196847	0.00446984	
-0.059655	0.273425	-0.0277021	0.0140669	0.0499949	-0.0434567	-0.00991992	0.155758	0.414027	-0.0285036	0.0590858	0.183439	0.0380743	0.00718348	0.103437	0.227408	0.193498	0.018596	0.0691885	0.00678527	0.839775	0.486631	0.158295	0.075965	0.0672303	0.0151331	-0.00799086	0.212683	-0.0370901	0.00322257	0.196847	0	0	
-0.059655	0.24603	-0.0277021	0.0140669	0.0494297	-0.0413959	-0.00991992	0.145166	0.414027	-0.0285036	0.0847336	0.183439	0.00336642	0.00662653	0.103437	0.227408	0.144709	0.0380306	0.0735135	0.0593911	0.839775	0.669129	0.0914766	0.0783443	0.238653	0.0288316	-0.0224338	0.245195	-0.0563562	0.00322257	0.196847	-0.0303244	0	
-0.0683553	0.24603	-0.0277021	0.0269111	0.0520259	-0.0413959	-0.00991992	0.129448	0.481048	-0.0285036	0.0512637	0.183439	0.0313053	8.47769e-05	0.103437	0.266078	0.138632	0.0380306	0.0735135	0.0185692	0.483632	0.585582	0.138654	0.0345553	0.160345	0.0288316	-0.0275628	0.245195	-0.0517992	0.000207612	0.196847	
-0.0621346	0.200322	-0.0277021	0.0269111	0.0520259	-0.0446266	-0.00991992	0.139435	0.481048	-0.0285036	0.0661539	0.183439	0.0064525	0.0313955	0.101176	0.24193	0.18	0.0436189	0.0735135	0.0222727	0.483632	0.756828	0.135655	0.0434507	0.199738	0.0494767	-0.00673648	0.223665	-0.0556152	0.000207612	0.261404	0.0906089	0	0	
-0.0627883	0.308655	-0.0277021	0.0266153	0.05387	-0.0355451	-0.00991992	0.139435	0.401505	-0.0285036	0.0360865	0.183439	0.0765595	0.0105339	0.101176	0.225253	0.133242	0.0436189	0.0735135	0.019656	0.357879	0.654016	0.18561	0.0694724	0.196123	0.0268954	-0.0136507	0.223897	-0.0659396	0.00109798	0.221089	
-0.0627883	0.308655	-0.0254926	0.0276371	0.0401775	-0.029078	-0.00991992	0.139435	0.349864	-0.0285036	0.0388305	0.177813	0.0181661	0.0105339	0.111401	0.257327	0.177654	0.0436189	0.0735135	0.078008	0.338952	0.545559	0.140378	0.0693004	0.194396	0.0268954	-0.0136507	0.216513	-0.0649178	-0.00768491	0.221783	
-0.0711888	0.262742	-0.0271153	0.0306921	0.0450304	-0.0378463	-0.0115426	0.103214	0.349864	-0.0301262	0.0164048	0.177813	0.0225734	0.0177892	0.109779	0.288261	0.14098	0.0384508	0.068111	0.0788024	0.489169	0.478847	0.152847	0.0217477	0.194396	0.0471289	-0.0136507	0.254557	-0.0735918	-0.00930757	0.22016	0	
-0.0711888	0.247951	-0.0271153	0.0306921	0.0450304	-0.0413397	-0.0115426	0.103214	0.401019	-0.0301262	0.0450566	0.177813	0.0225734	0.0174548	0.109779	0.218819	0.100504	0.0737828	0.068111	0.0788024	0.467171	0.664276	0.0293427	0.0188301	0.194396	0.0365224	-0.0126294	0.254557	-0.0690837	-0.017961	0.22016	0	
-0.0644062	0.245584	-0.0242446	0.0306921	0.028672	-0.0413397	-0.0048808	0.103214	0.398561	-0.0301262	0.0495266	0.171151	0.0363925	0.010793	0.109779	0.212157	0.115639	0.0320941	0.0479057	0.052907	0.467171	0.67719	0.098187	0.0882578	0.246122	0.0365224	-0.0289577	0.259788	-0.0492832	-0.0164178	0.231257	0.0478531	0	
-0.0636845	0.296086	-0.0242446	0.0306921	0.0259564	-0.0590884	-0.00216521	0.103214	0.366461	-0.0301262	0.0509243	0.181395	0.0336769	0.0398718	0.140471	0.215852	0.114917	0.0099105	0.0479057	0.0828811	0.505614	0.731718	0.0975703	0.110441	0.0894012	0.0365224	-0.0289577	0.2517	-0.0504569	0.00185438	0.231257	0.031934	0	-0.0657365	
-0.0612558	0.234263	-0.0218159	0.0282634	0.0259564	-0.0566598	0.000263475	0.127762	0.342422	-0.0276975	0.00720265	0.177944	0.0336769	0.0224714	0.136127	0.205781	0.0856725	0.0137094	0.0479057	0.0269859	0.45315	0.653231	0.0937714	0.079063	0.105718	0.0368927	-0.0289577	0.2517	-0.0622622	0.0010966	0.233686	0.031934	0	
-0.0602038	0.29452	-0.0218159	0.0365197	0.0326712	-0.0566598	0.000263475	0.0906463	0.342422	-0.0276975	0.0320439	0.177944	0.0336769	0.0244383	0.144383	0.205781	0.134066	0.0222646	0.0479057	0.078805	0.530187	0.720328	0.0388729	0.0217752	0.234613	0.0433655	-0.0289577	0.2517	-0.0378725	0.0010966	0.240784	0.0279538	0	
-0.063906	0.294406	-0.0178674	0.0365197	0.0326712	-0.0598068	0.000263475	0.102158	0.366535	-0.0275834	0.0276167	0.177944	0.0336769	0.0277196	0.144383	0.22994	0.0784499	0.0149865	0.0194616	0.0786908	0.469207	0.521442	-0.0281021	0.0444133	0.128097	0.0239623	-0.0290719	0.240872	-0.0535185	0.00328265	0.254257	0.0496392	0	
-0.0676512	0.299334	-0.0177495	0.0365197	0.0125022	-0.0598068	0.000263475	0.109366	0.36979	-0.0308375	0.0133307	0.155053	0.0152566	0.0283081	0.144383	0.22994	0.0897332	0.0232922	0.0373095	0.142095	0.382763	0.642664	-0.0233182	0.0446553	0.205212	0.0239623	-0.0304932	0.227539	-0.0423665	0.00328265	0.254257	0.0496392	-0.0217363	
-0.0676512	0.299334	-0.0177495	0.0365197	0.0125022	-0.0598068	0.000263475	0.104798	0.36979	-0.0308375	0.055155	0.159773	0.0152566	0.0235084	0.144383	0.22994	0.104816	0.017387	0.0251725	0.160846	0.41971	0.529262	-0.017413	0.0869075	0.171861	0.0499063	-0.0363002	0.227539	-0.0259581	-0.0123877	0.254257	
-0.0676512	0.299334	-0.0177495	0.0365197	0.0360144	-0.0598068	0.000263475	0.0851828	0.36979	-0.0308375	0.00904749	0.191136	0.000485519	0.0235084	0.144383	0.205673	0.104816	0.0425665	0.00824399	0.145542	0.515237	0.697618	0.246893	0.0440338	0.0421639	0.0539436	-0.0455339	0.223126	-0.0259581	-0.0116708	0.254257	-0.0598068	0	
-0.0738564	0.291407	-0.0177495	0.0365197	0.0360144	-0.0602526	0.000263475	0.118541	0.36979	-0.0308375	-0.00324545	0.201718	0.0215138	0.0382852	0.170043	0.205673	0.0985656	0.0425665	0.0135568	0.145542	0.490884	0.486272	0.240637	0.0515924	0.089461	0.0539436	-0.0358706	0.228051	-0.0579314	-0.0116708	0.254257	-0.074266	-0.00724336	-0.0403356	0	
-0.0638317	0.282769	-0.0177495	0.0365197	0.0360144	-0.0709937	0.000263475	0.0897956	0.415535	-0.0282609	-0.0317176	0.187489	-0.0106201	-0.00279363	0.187736	0.205673	0.0844158	0.0399898	0.0109802	0.0846736	0.272566	0.486272	0.206621	0.0966803	0.257325	0.0539436	-0.046507	0.225474	-0.0579314	0.000220867	0.254257	
-0.0638317	0.282769	-0.0177495	0.0423389	0.0360144	-0.0648265	0.000263475	0.0897956	0.480599	-0.0282609	0.0416842	0.202792	0.0102026	-0.0185175	0.193555	0.205673	0.17006	0.0159172	0.000954767	0.0699386	0.375863	0.490655	0.36946	0.0639452	0.242127	0.0493435	-0.0499442	0.210041	-0.037197	0.000220867	0.254257	
-0.0593332	0.276478	-0.0191744	0.0404181	0.0337676	-0.0648265	0.000263475	0.142188	0.467064	-0.0282609	-0.00887884	0.210348	0.0289816	0.00462939	0.188501	0.158419	0.0785298	0.0238343	0.027461	0.0262164	0.271165	0.514888	0.27914	0.052845	0.109976	0.03841	-0.0420619	0.264822	-0.0552487	0.000220867	0.291129	
-0.054687	0.276478	-0.0191744	0.0404181	0.0337676	-0.0673843	0.000263475	0.142188	0.439388	-0.0282609	-0.00887884	0.210348	0.0294561	0.00462939	0.188501	0.201951	0.14784	0.0392567	0.027461	0.0195551	0.380089	0.551775	0.187752	0.0451073	0.0765897	0.03841	-0.0427195	0.249839	-0.0485503	-0.0053171	0.265678	0	0.0347791	
-0.054687	0.259044	-0.0307168	0.0404181	0.0337676	-0.0731737	0.000263475	0.057812	0.451655	-0.0297076	0.000471687	0.228355	0.0030195	0.0329365	0.197792	0.254703	0.0772623	-0.000397854	0.0289077	0.0234078	0.33753	0.67347	0.543584	0.0861859	0.146531	0.0201486	-0.038197	0.26113	-0.0481314	0.00477322	0.265678	
-0.0529838	0.259505	0.0167644	0.0411386	0.0337676	-0.0714136	0.000263475	0.112173	0.452117	-0.0301694	0.00215802	0.228355	0.0248566	-0.000929865	0.198512	0.217984	0.164589	-0.00183906	0.0293695	0.0349985	0.350417	0.67347	0.332146	0.0880888	0.194885	0.0239425	-0.0311365	0.192362	0.0145428	0.265678	
-0.0529838	0.259716	0.0167644	0.0411386	0.0337676	-0.0667149	0.000263475	0.078671	0.441867	-0.0303796	-0.0174008	0.256294	0.0382261	0.0153579	0.198512	0.217984	0.1338	0.011295	0.0103717	0.0471855	0.169503	0.469721	0.327241	0.0751649	0.195991	0.0239425	-0.0283253	0.154926	-0.0134281	0.265678	0	
-0.0529838	0.3097	0.00830246	0.0326766	0.0395945	-0.0778699	-0.00556341	0.120615	0.345811	-0.0303796	0.0131745	0.262121	0.0402013	0.0211848	0.19005	0.212196	0.136833	0.0171388	0.0103717	0.0176013	0.429372	0.61643	0.437082	0.116118	0.148023	0.0239425	-0.0298047	0.154926	-0.0134281	0.265678	0.0516366	0.078671	0	
-0.0526451	0.292879	0.000282774	0.0301058	0.0395945	-0.0778699	-0.00556341	0.0965932	0.365237	-0.0303796	0.0109459	0.262121	0.0387222	0.0718026	0.176334	0.14184	0.0852892	0.00244662	0.0068998	0.0176013	0.224061	0.79993	0.521502	0.172232	0.110133	0.0213982	-0.0197537	0.172026	-0.00867113	0.274642	
-0.0632471	0.292879	0.00660258	0.0364256	0.0317353	-0.0705291	-0.00556341	0.0965932	0.390642	-0.0303796	0.0109459	0.262121	0.0373271	0.057704	0.166212	0.14199	0.0926729	0.0189704	0.0068998	0.0187482	0.417853	0.730672	0.562724	0.107652	0.103949	0.0213982	-0.0188562	0.172329	-0.00887505	0.274642	0	
-0.0632471	0.233965	0.0135699	0.0433929	0.0319925	-0.0705291	-0.00556341	0.0965932	0.389113	-0.0303796	-0.0316408	0.262121	0.0167749	0.0499557	0.17318	0.160562	0.0990082	0.0189704	0.00555898	0.0294924	0.265591	0.968534	0.544293	0.107652	0.121585	0.0469463	-0.0348802	0.219523	-0.00887505	0.271138	-0.0812124	0.0682185	
-0.0632471	0.298236	0.0122266	0.0420496	0.031927	-0.0702778	-0.00556341	0.0965932	0.389113	-0.0303796	-0.0209673	0.262121	0.0367058	0.0225971	0.188658	0.193614	0.156019	0.0128142	0.00555898	0.0294924	0.218338	1.11794	0.63646	0.068611	0.126808	0.0333131	-0.0290091	0.219523	-0.00887505	0.268409	
-0.0578465	0.298236	0.0174981	0.0420496	0.0309516	-0.0702778	-0.00556341	0.111318	0.389113	-0.0303796	0.00261506	0.249945	0.0314857	0.0583931	0.188658	0.160063	0.0754871	0.00849267	0.00538267	0.0907607	0.363225	1.2693	0.529264	0.0575633	0.126808	0.0333131	-0.0467875	0.219523	-0.0272246	0.268409	-0.00499748	
-0.0578465	0.298236	0.0174981	0.0420496	0.0425408	-0.0750213	-0.00556341	0.0779313	0.427201	-0.0303796	-0.011522	0.249945	0.0314857	0.0482687	0.18552	0.14392	0.144616	0.0237794	0.00538267	0.0331725	0.343884	1.12663	0.166103	0.135833	0.101813	0.000177747	-0.0342521	0.193646	-0.0272246	0.268409	0	
-0.0633982	0.298236	0.0174981	0.0420496	0.0464696	-0.072036	-0.00556341	0.0873988	0.427201	-0.0303796	0.00780942	0.273777	0.0176859	0.0482687	0.18552	0.14392	0.0608637	0.02018	0.00538267	0.0431774	0.341801	1.56136	0.3947	0.183539	0.122922	0.000177747	-0.0525149	0.203003	-0.0160549	0.219496	-0.040589	
-0.058173	0.298236	0.0174981	0.0420496	0.0498996	-0.072036	-0.00556341	0.0873988	0.46477	-0.0303796	0.0360179	0.233519	0.022045	0.0584609	0.18552	0.150371	0.0770018	0.0307196	0.0297302	0.0442076	0.376367	1.53702	0.264083	0.113366	0.188516	0.0344172	-0.0378958	0.185312	-0.0153311	0.243519	
-0.0609653	0.298236	0.0121178	0.0444327	0.0360003	-0.0815275	-0.00835574	0.112673	0.378074	-0.0331719	0.0360179	0.233519	0.0152769	0.0823346	0.185111	0.136499	0.0851699	0.0109254	0.0165951	0.0284347	0.477884	1.37407	0.227331	0.175645	0.188516	0.0302022	-0.0279775	0.185312	-0.0103621	0.240727	
-0.0634719	0.332307	0.0100821	0.0424693	0.0319202	-0.0771737	-0.00204709	0.103924	0.416228	-0.0425329	0.00569576	0.229255	-0.00279989	0.0782545	0.162232	0.132419	0.10394	0.0248215	0.0195803	0.0510573	0.434266	1.07052	0.476528	0.101486	0.167912	0.0375855	-0.0282551	0.156564	-0.0166916	0.242955	-0.0309434	
-0.066731	0.37616	0.0100821	0.0424693	0.0319202	-0.0704908	-0.00204709	0.103924	0.416228	0.0417945	0.229255	0.0240516	0.0263945	0.162232	0.143105	0.102937	0.0248215	0.0158406	0.132808	0.396143	1.07426	0.498012	0.138552	0.169161	0.0375855	-0.0282551	0.177454	-0.016257	0.242955	-0.0309434	
-0.0624034	0.37616	0.0204309	0.0420405	0.0303708	-0.0704908	-0.000497701	0.113012	0.441314	-0.0215961	0.0518019	0.227705	0.021425	0.0381427	0.161803	0.106047	0.0541115	-0.000937561	0.0158406	0.091582	0.316029	1.07426	0.670861	0.167332	0.151906	0.0238916	-0.0341225	0.145962	-0.000783428	0.242955	-0.0309434	
-0.0624034	0.311496	0.0167707	0.0420405	0.0303708	-0.0704908	-0.000497701	0.0941146	0.448074	0.0073265	0.227705	-0.00938951	0.0381427	0.161803	0.124913	0.0485415	0.0255319	0.0158406	0.122713	0.297998	1.18231	0.644391	0.164647	0.211592	0.0238916	-0.0332091	0.141508	-0.0177092	0.230498	-0.0309434	0.0552052	
-0.0632228	0.390003	0.0195296	0.0447994	0.0272762	-0.059239	-0.000179489	0.0941146	0.448074	-0.0102538	0.227387	0.0358139	0.0439131	0.164562	0.124595	0.109022	0.0255319	0.0158406	0.0596699	0.244189	1.19189	0.422637	0.160233	0.10794	0.0326544	-0.0332091	0.155357	-0.0117985	0.230498	-0.0309434	0.0753562	
-0.0632228	0.390003	0.0263216	0.0447994	0.0272762	-0.0667229	-0.000179489	0.133686	0.448074	0.00443234	0.0329603	0.227387	0.0358139	0.0439131	0.164562	0.11917	0.136058	0.0102815	0.0158406	0.065174	0.252181	0.892512	0.128262	0.166193	0.233068	0.0326544	-0.0332091	0.194511	-0.00579544	0.233602	-0.0309434	0.0753562	0.0309434	
-0.0593036	0.390003	0.0221787	0.0470314	0.0248983	-0.0731425	0.00219844	0.133686	0.448074	0.00711976	0.225009	0.039358	0.0204585	0.146983	0.116792	0.168821	0.0102815	0.00716688	0.0927054	0.252181	0.814437	0.129534	0.117379	0.150681	0.0326544	-0.0332091	0.194511	-0.00579544	0.233602	-0.0309434	0.0638843	
-0.0620888	0.396768	0.0221787	0.0470314	0.0248983	-0.0618222	0.00219844	0.133686	0.448074	0.0292335	0.225009	0	0.0160268	0.0434488	0.115946	0.116792	0.0779591	0.0260927	0.000235432	0.0818625	0.396062	0.622737	0.366673	0.155584	0.0791974	0.0326544	-0.0332091	0.206926	-0.0181889	0.233602	-0.0309434	0.069515	
-0.0641672	0.396768	0.0221787	0.0474122	0.0248983	-0.0595911	0.00181755	0.12663	0.446764	0.0119329	0.225009	-0.0156042	-0.00362752	0.0313478	0.12706	0.0746414	0.128117	0.00865373	0.021953	0.0908608	0.25832	0.601019	0.384112	0.113033	0.0833159	0.0153563	-0.0332091	0.206926	-0.00881323	0.233221	-0.0313243	0.069515	-0.0374108	
-0.0650136	0.314888	0.0221787	0.0474122	0.0317241	-0.0595911	0.00279123	0.147637	0.366584	-0.0271483	0.209602	0.0176816	0.00330051	0.12706	0.0736678	0.109549	0.0202124	0.0054146	0.0499732	0.338429	0.617557	0.190919	0.101475	0.131877	0.0153563	-0.0216178	0.206926	-0.00881323	0.233221	-0.0313243	0.0794834	0.0456361	0	-0.0109422	
-0.0650136	0.387276	0.0187906	0.0440241	0.0317241	-0.0595911	0.00279123	0.147637	0.337185	-0.0397331	0.209602	0.0586998	-0.0014231	0.035382	0.123672	0.0966884	0.126664	0.0202124	0.0054146	0.0724413	0.330816	0.709413	0.219804	0.100596	0.176833	0.0156496	-0.0249791	0.206926	-0.00958927	0.233221	-0.0313243	0.0794834	0	0	
-0.0644373	0.387276	0.0187906	0.0476549	0.0317241	-0.0632219	-0.000839565	0.144006	0.341155	-0.0192879	0.177877	0.0291943	0.035382	0.139477	0.135674	0.161293	0.0214917	0.0146385	0.0378746	0.285149	0.663452	0.35795	0.128738	0.194922	0.00956145	-0.0291635	0.206926	-0.0132201	0.236606	-0.0349551	0.0881034	0.112206	
-0.0644373	0.387276	0.0187906	0.0476549	0.0317241	-0.0643408	-0.000839565	0.117268	0.341155	0.00066063	0.0291943	0.0215996	0.139477	0.135674	0.099762	0.0127049	0.0146385	0.0601631	0.412127	0.74269	0.371444	0.065602	0.171456	0.00956145	-0.0332441	0.205433	-0.0119918	0.22932	-0.0349551	0.077401	0.173197	
-0.0744616	0.272002	0.0187906	0.0476549	0.0272409	-0.0619262	-0.00088727	0.117268	0.336136	0.0103774	0.235541	0.0194626	0.00603158	0.139477	0.121786	0.0416396	0.00250987	0.00500413	0.0601631	0.412127	0.62032	0.0995604	0.175453	0.0889861	0.00956145	-0.0393564	0.191813	-0.0119918	0.207723	-0.0349551	0.0595293	
-0.0744616	0.30658	0.0216042	0.0504685	0.0272409	-0.0619262	-0.00088727	0.117268	0.336136	-0.0149413	0.219489	0.0194626	-0.00593752	0.109358	0.121786	0.0838079	0.039745	0.00595777	0.00508409	0.281358	0.619367	0.0115125	0.0972197	0.134365	0.00782637	-0.0347587	0.230661	-0.0119918	0.207723	-0.0349551	0.045826	
-0.0730402	0.30658	0.0280082	0.0449999	0.0272409	-0.0629886	-0.00088727	0.117268	0.336136	-0.030042	0.219489	0.0194626	-0.00136088	0.103889	0.134493	0.0606379	0.039745	0.0372976	0.0415762	0.301182	0.57955	-0.00838341	0.0948698	0.184207	0.0392204	-0.0229586	0.244315	-0.0155849	0.225979	-0.0349551	0.0566201	
-0.0695303	0.256239	0.0294368	0.0464285	0.0272409	-0.0629886	-0.00088727	0.123831	0.336136	0.0184813	0.219489	0.0566201	0.0653824	-0.00147713	0.105318	0.134493	0.0764619	0.0475782	0.0366303	0.0796695	0.443788	0.580218	-0.0319174	0.111668	0.250238	0.0181344	-0.0229586	0.244315	-0.0175291	0.225979	-0.0349551	
-0.0743621	0.331983	0.0311857	0.0464285	0.0272409	-0.0601047	-0.00088727	0.123402	0.336498	0.0343557	0.219489	0.0722216	0.00842478	-0.023829	0.0914684	0.121217	0.142322	0.0479401	0.0159259	0.0762963	0.551246	0.583684	0.253864	0.123004	0.257387	0.0181344	-0.0324304	0.233511	-0.0175291	0.233844	-0.035317	0	
-0.0725082	0.331983	0.0326874	0.0464285	0.0272409	-0.0639249	-0.00088727	0.123402	0.336498	-0.0233488	0.173007	0.0722216	0.00842478	0.045587	0.0914684	0.135066	0.148437	0.0616806	0.0236792	0.051681	0.394694	0.601936	0.325469	0.0294074	0.326935	0.0181344	-0.0188721	0.205836	-0.0320574	0.233844	-0.035317	-0.00801793	
