-0.05497	-0.149015	0.178807	-0.199425	-0.0086238	0.0315379	-0.122953	-0.0027952	-0.152263	-0.028274	-0.0485666	-0.0426498	-0.0354335	-0.0283251	-0.0506847	-0.046657	-0.0300101	-0.16504	-0.0038068	-0.0481877	-0.053977	-0.0091478	-0.0567271	-0.0512475	-0.0411279	0.0284402	0.0190452	-0.045009	-0.0472788	-0.0217151	0.0601827	0.0225925	-0.0480543	-0.0423439	-0.0520983	-0.0288601	0.084728	-0.16926	0.0113296	-0.198734	-0.0534674	-0.047639	0.0214446	-0.165472	-0.0921235	-0.046013	0.0285186	-0.200803	-0.0161224	-0.121963	-0.0545121	-0.0517312	0.0528517	-0.157884	-0.164966	-0.131932	-0.0452497	0.0672917	-0.029397	0.0081569	-0.0127956	-0.0442149	-0.0315432	-0.0256223	-0.0487441	-0.0491113	-0.0428934	-0.201891	-0.0175976	-0.029976	-0.0220861	-0.133494	-0.0967297	-0.0467408	-0.0482407	-0.163877	-0.160286	-0.0401213	-0.0402463	
-0.05497	-0.149015	0.204647	-0.206493	-0.00379823	0.0256512	-0.151337	-0.0407043	-0.0644359	-0.0488966	0.0709887	-0.0232753	-0.122953	-0.188403	-0.00747504	-0.164131	-0.0907036	-0.201154	-0.057913	-0.0521729	-0.100671	-0.0554549	-0.0544287	0.122166	-0.159603	-0.0221927	-0.168857	-0.0540919	-0.0541588	-0.0474078	-0.198267	-0.045536	-0.161294	-0.16524	
-0.0403214	-0.132282	0.103984	-0.202029	-0.0202014	0.138534	-0.0467775	0.0482267	-0.0251886	-0.171825	-0.160335	0.00164897	-0.0552007	-0.152561	-0.158656	-0.154497	-0.176814	-0.0549533	-0.0515487	-0.109263	-0.121306	-0.0472383	-0.187605	-0.161067	
-0.054938	-0.167661	0.111539	-0.216696	-0.0186173	-0.193074	0.117292	-0.16951	0.0618494	-0.160691	-0.194533	0.000248213	-0.0547796	-0.170329	-0.198609	-0.160619	-0.0249027	-0.0446658	-0.0507422	-0.0778278	-0.12819	-0.053802	
-0.0422591	-0.135082	0.10964	-0.206187	-0.00656837	-0.202546	0.150104	-0.172416	0.0148619	-0.170985	0	-0.131257	0.00254658	-0.0553478	-0.164467	-0.190487	-0.166886	-0.0289107	-0.0452762	-0.0494595	-0.108846	-0.0481753	-0.187236	
-0.0227893	-0.125425	0.0992258	-0.185816	-0.00150458	-0.184892	0.151526	-0.17146	-0.0514572	-0.133334	0.000611545	-0.0275566	0.0671665	-0.171909	-0.10991	-0.055621	-0.144997	-0.174631	-0.168175	-0.0256468	-0.0477593	-0.0519363	-0.167774	
-0.0368908	-0.128936	0.127424	-0.184785	-0.0102201	-0.171615	0.106004	-0.163332	0.000611545	-0.0525345	-0.116045	-0.0530429	0	0.0301042	-0.15997	-0.114846	-0.147211	-0.130851	-0.0382987	-0.182286	-0.153688	-0.0359433	-0.0426156	-0.0551025	-0.0391373	
-0.0319112	-0.13099	0.0902691	-0.19286	0.0103599	-0.17161	0.116197	-0.166588	-0.0500846	-0.0502611	0.0425978	-0.163958	-0.0977494	-0.14902	-0.121227	-0.171657	0.00299069	-0.0324329	-0.047636	-0.052438	-0.159898	
-0.0385882	-0.136078	0.127322	-0.196288	-0.0138867	-0.188417	0.0686971	-0.166374	-0.035451	-0.0530492	-0.0481362	0.0461139	-0.164512	-0.120248	-0.156016	-0.124284	-0.172775	0.00177993	-0.0294289	-0.0537121	-0.151392	
0.0104463	-0.0903821	0.163637	-0.147498	-0.0169271	-0.140421	0.049533	-0.170911	-0.0487347	-0.0511853	-0.0488053	0.0361016	-0.163455	-0.0151012	-0.104781	-0.136103	-0.111557	-0.00288642	-0.05607	-0.0197705	-0.163801	-0.00297831	
-0.00923701	-0.0970221	0.11092	-0.166427	-0.00268079	-0.162344	0.121568	-0.169398	-0.0466998	-0.0491645	0.0315652	-0.166529	-0.0528255	-0.142142	-0.00492446	-0.124465	-0.0246617	-0.162162	-0.0554053	-0.128632	
-0.0207	0.0885985	-0.160359	-0.0128517	-0.161175	0.161012	-0.161795	-0.0494577	-0.0498643	-0.123387	0.00376877	-0.0541498	-0.154219	0.0396862	-0.159098	-0.0542096	-0.0915423	-0.141509	-0.00282605	-0.127502	-0.018354	
-0.0231109	0.126557	-0.189433	-0.0112778	-0.173787	0.110288	-0.0489615	-0.175415	-0.0451485	0.00181799	-0.145307	-0.169103	-0.0527371	-0.0510316	-0.00416491	-0.172549	-0.111391	-0.161712	0.0710289	-0.14397	
-0.0288728	0.181771	-0.186291	-0.00942705	-0.178944	0.24571	-0.0524697	-0.164761	-0.0468443	-0.00771957	-0.138491	-0.1595	-0.0556883	-0.0544798	-0.162673	-0.139326	-0.107876	-0.152007	0.0411225	
0.00310516	0.0999726	-0.156092	-0.024888	-0.143951	0.197519	-0.0511868	-0.166783	-0.04765	-0.00301406	-0.135486	-0.163448	-0.0551887	-0.0578515	-0.166783	-0.111905	0	-0.0268434	0	0.033707	-0.0834106	-0.116971	
-0.0176952	0.17118	-0.176749	-0.0132826	-0.162395	0.143818	-0.0514534	-0.165647	-0.0462169	-0.00286822	-0.13293	-0.15384	-0.0557931	-0.0477947	-0.163629	-0.128857	0.0392078	0.0226721	-0.00469869	0.0592569	-0.10938	0	-0.148229	
-0.0108311	0.0920061	-0.145773	-0.098829	-0.152033	0.135921	-0.0502384	-0.165457	-0.0438793	-0.0085295	-0.130161	-0.151677	-0.0541888	-0.0530062	-0.162434	-0.124486	0.0194671	-0.00628	-0.00135453	-0.14527	0	
-0.0268247	0.0766049	-0.1843	-0.140745	-0.170341	0.150318	-0.0512396	-0.160709	-0.0467959	-0.00719316	-0.140189	-0.151837	-0.0563986	-0.0586487	-0.163744	-0.137935	0.0229527	-0.0226963	-0.155231	-0.00391492	
-0.0284242	0.0849824	-0.185391	-0.140372	-0.177653	0.116208	-0.0508418	-0.162299	-0.048601	-0.00384761	-0.131754	-0.15629	-0.0532018	-0.0543082	-0.16255	-0.139535	0.0232198	-0.0186926	-0.151052	
-0.0279864	0.114861	-0.187272	-0.12427	-0.175775	0.190099	-0.051231	-0.163924	-0.049394	-0.00520029	-0.135394	-0.141781	-0.0552868	-0.0516155	-0.157961	-0.13793	0.0287046	-0.0294547	-0.161183	0.00124713	0.0291114	-0.027918	
-0.0227476	0.0673652	-0.172473	-0.124922	-0.169851	0.140683	-0.0498773	-0.165851	-0.0460146	-0.00520029	-0.139463	-0.153395	-0.0558146	-0.0538561	-0.161916	-0.132691	0.0766548	-0.0169464	-0.144605	-0.033717	-0.00732096	0.00224361	
-0.0227476	0.0786145	-0.167202	-0.127025	-0.172687	0.089651	-0.0497979	-0.16382	-0.0482603	-0.00335927	-0.13915	-0.150682	-0.0549549	-0.0555866	-0.160294	-0.132691	0.0149414	-0.0174506	-0.0167692	-0.141996	0	0.25286	
-0.0346092	0.117527	-0.191448	-0.138752	-0.180581	0.235581	-0.0483949	-0.162844	-0.16576	-0.0448993	-0.0093923	-0.134849	-0.135139	-0.0540178	-0.051242	-0.159049	-0.145591	0.00729912	-0.0193896	-0.0214791	
-0.0344203	0.13862	-0.190473	-0.136655	-0.180291	0.0796995	-0.0502523	-0.164508	-0.164423	-0.0462409	-0.0091503	-0.121627	-0.129409	-0.0550482	-0.055814	-0.159568	-0.145591	0.0108448	-0.0212959	
-0.0704368	0.0786576	0.0117026	-0.169748	-0.214397	0.111597	-0.0463494	-0.190628	-0.0246739	-0.0484996	-0.00989489	-0.130541	-0.150098	-0.0550023	-0.0567914	-0.226041	-0.178941	-0.149482	
-0.064355	0.0745951	-0.211929	-0.162806	0.115326	-0.0488742	-0.186058	-0.00824634	-0.022155	-0.0476362	-0.0127568	-0.133412	-0.138401	-0.054993	-0.0577647	-0.216746	-0.171912	-0.153513	
-0.0480751	0.125214	-0.196623	-0.14963	0.0826603	-0.0455098	-0.175101	-0.00446529	-0.0195153	-0.05022	-0.0020163	-0.128113	-0.153304	-0.0554393	-0.0574522	-0.199893	-0.157656	-0.15851	0	-0.0374059	
-0.04835	0.125214	-0.197063	-0.154993	0.0997382	-0.0429583	-0.170438	-0.00492945	-0.0178232	-0.0421808	-0.00219922	-0.128663	-0.148167	-0.0548303	-0.0562934	-0.207507	-0.157748	-0.157642	0.0709926	
-0.0421123	0.117735	-0.191148	-0.148065	0.109535	-0.0467574	-0.176347	-0.00667997	-0.0137385	-0.0462545	-0.00596984	-0.128559	-0.149542	-0.0550644	-0.0569145	-0.201503	-0.15557	-0.162692	-0.0834801	-0.103873	
-0.0304062	0.0851687	-0.176826	-0.117777	0.126404	-0.0464369	-0.15858	-0.000174953	-0.0250593	-0.0471069	-0.000478228	-0.130641	-0.147421	-0.0544535	-0.0574766	-0.188701	-0.139339	-0.155229	-0.0838019	-0.00441465	0	
-0.065712	0.170418	-0.0736122	-0.17147	0.113659	-0.0473583	-0.190621	-0.000936906	-0.0163948	-0.0481465	-0.00283523	-0.132293	-0.144135	-0.0536855	-0.0577687	-0.222127	-0.174645	-0.1556	-0.0152034	-0.134705	
-0.065712	0.103797	-0.210918	-0.151761	0.0949176	-0.046986	-0.191262	0.00530599	-0.0206727	-0.0425737	-0.00283523	-0.131675	-0.145005	-0.0546864	-0.0570692	-0.213203	-0.174645	-0.160405	-0.00544985	
-0.0569798	0.0824566	-0.207786	-0.159262	0.104798	-0.0481831	-0.189507	0.0104954	-0.0279075	-0.0502585	0.00418338	-0.130435	-0.144184	-0.0554068	-0.0574148	-0.208948	-0.168377	-0.158057	0.0145258	
-0.061427	0.195662	-0.208166	-0.144952	0.0808785	-0.0470656	-0.184232	-0.00391159	-0.0201463	-0.0468315	0.00543724	-0.135861	-0.141375	-0.0550411	-0.0565368	-0.2057	-0.174622	-0.163376	-0.02718	-0.0248544	
-0.061427	0.20095	-0.207426	-0.158922	0.153446	-0.0496498	-0.195863	-0.00416664	-0.0258923	-0.0470504	0.00225979	-0.139292	-0.154638	-0.0550313	-0.0569953	-0.220253	-0.174367	-0.158359	-0.0296261	0.00913268	-0.0265922	0	0.0246838	-0.00886179	
-0.0237237	0.174732	-0.164501	-0.133405	0.0892248	-0.0462937	-0.160878	-0.00400807	-0.0107309	-0.0447042	0.0162422	-0.132301	-0.147557	-0.0549734	-0.0566087	-0.177515	-0.137854	-0.162279	-0.01326	
-0.043005	0.198612	-0.185208	-0.139729	0.141782	-0.049941	-0.182979	-0.00400807	-0.0121359	-0.0450465	0.00911719	-0.135148	-0.134936	-0.0535738	-0.0572118	-0.203747	-0.157135	-0.162292	-0.00242736	
-0.043005	0.198612	-0.18885	-0.135025	0.10672	-0.0476916	-0.179132	-0.00787497	-0.01484	-0.0510652	-0.124743	-0.141152	-0.150682	-0.0540386	-0.0563742	-0.196544	-0.157135	-0.161594	-0.000985996	
-0.0395466	0.215717	-0.18947	0.0934978	-0.0463614	-0.180287	0.00871225	-0.0183147	-0.049351	-0.146541	-0.145774	-0.137163	-0.0549158	-0.0563114	-0.201473	-0.157135	-0.167919	-0.042471	-0.0097522	
-0.0263121	0.14485	-0.176192	0.00073118	0.167905	-0.046061	-0.155995	0.00206639	-0.0128093	-0.0465885	-0.12374	-0.130128	-0.147934	-0.0541957	-0.0568715	-0.189144	-0.141452	-0.156333	-0.0300475	-0.0147369	0.0635565	
-0.070206	0.163484	-0.211215	-0.0170972	0.110827	-0.0473223	0.019103	0.00149804	-0.0138929	-0.0459286	-0.167867	-0.130577	-0.135159	-0.0538519	-0.0575577	-0.22544	-0.181106	-0.154377	-0.0581605	-0.198535	0.0468626	
-0.0584567	0.207621	-0.195967	-0.049857	0.123264	-0.0465192	-0.0115667	-0.0171441	-0.0478274	-0.153613	-0.132027	-0.142986	-0.0560244	-0.0577009	-0.215128	-0.16838	-0.150584	0.000521074	-0.194136	0.106039	0	
-0.0615084	0.207621	-0.199019	-0.0292055	0.128238	-0.0447427	-0.0217983	-0.0269411	-0.0472887	-0.141292	-0.134983	-0.150981	-0.0543489	-0.0579892	-0.215518	-0.171881	-0.156871	0.00191251	-0.195268	-0.0206416	-0.0137386	
-0.068185	0.177688	-0.214509	-0.0734623	0.148736	-0.0512777	0.0334057	-0.0196584	-0.0509817	-0.154715	-0.128621	-0.140351	-0.0577525	-0.0585676	-0.227048	-0.174495	-0.154951	-0.000652928	-0.206227	
-0.0233505	0.120159	-0.177248	-0.0246754	0.168287	-0.0474502	-0.00714753	-0.0152897	-0.0473265	-0.117029	-0.135448	-0.143447	-0.0559743	-0.0575684	-0.193958	-0.14156	-0.160448	0.00506833	-0.16924	-0.000186591	
-0.0482739	0.121678	-0.197198	0.00969176	0.282507	-0.0485795	-0.0366545	-0.0266254	-0.0498654	-0.143914	-0.139462	-0.151648	-0.0565538	-0.0563395	-0.202325	-0.164188	-0.156468	0.00112959	-0.194153	-0.00534957	
-0.0307697	0.187802	-0.179529	-0.019207	0.162442	-0.0457858	0.00888942	-0.00919762	-0.0464416	-0.128074	-0.125867	-0.157205	-0.0556704	-0.0581086	-0.180637	-0.147567	-0.15784	-0.00773681	-0.176471	-0.00443052	
-0.0214322	0.218128	-0.165351	-0.0111599	0.1359	-0.0478283	0.0119881	0.00182252	-0.0472513	-0.119161	-0.132307	-0.150737	-0.05682	-0.0575699	-0.180095	-0.13823	-0.160645	0.000137736	-0.172407	-0.00870496	
-0.0100075	0.164729	-0.161537	-0.0392172	0.0774499	-0.0446164	0.0061471	-0.0269316	-0.0481861	-0.0985448	-0.133706	-0.137519	-0.0557963	-0.0574856	-0.176322	-0.128765	-0.164648	-0.0022839	-0.158451	-0.0151414	0.000696574	
-0.0396992	0.146955	-0.191653	0.0227835	0.169069	-0.0486443	-0.0229927	-0.0299888	-0.0513758	-0.146068	-0.141887	-0.151932	-0.0578747	-0.0601734	-0.193579	-0.153454	-0.156309	-0.00892892	-0.181416	-0.0132693	
-0.0429675	0.112194	-0.179565	-0.0126527	0.136097	-0.0472147	-0.023232	-0.029857	-0.0497859	-0.132455	-0.126072	-0.141262	-0.0580882	-0.0592654	-0.191317	-0.152574	-0.154176	-0.00888403	-0.185646	-0.0127475	
-0.0324343	0.0971761	-0.176599	-0.0108595	0.156994	-0.0496443	0.0165483	-0.0148022	-0.0488711	-0.130028	-0.132438	-0.101863	-0.0575207	-0.0592011	-0.168863	-0.140366	-0.157448	-0.00829021	-0.170576	-0.00877334	-0.016126	
-0.0261735	0.135048	-0.169385	-0.0601896	0.148553	-0.0486937	-0.0032616	-0.00925012	-0.0509465	-0.119747	-0.12304	-0.0525156	-0.0575326	-0.0588063	-0.155028	-0.129326	-0.151861	-0.0121145	-0.164388	-0.00965455	
-0.0198648	0.165372	-0.168178	-0.0350038	0.0825345	-0.0502117	-0.0390439	-0.0187955	-0.0513174	-0.11505	-0.12874	-0.0681385	-0.0582812	-0.0600545	-0.158509	-0.127808	-0.153048	-0.0157358	-0.156714	-0.0154201	0	
-0.0284479	0.0823672	-0.176651	-0.0239419	0.150358	-0.0511656	-0.0104447	-0.00995932	-0.0475555	-0.108219	-0.123675	-0.0722882	-0.0594476	-0.0598722	-0.17402	-0.136391	-0.160068	-0.0174712	-0.171209	-0.0046424	
-0.0411313	0.170464	-0.178351	-0.0150369	0.113547	-0.0475715	0.00586172	-0.0151244	-0.0484914	-0.142195	-0.131301	-0.0610764	-0.0556929	-0.0573085	-0.192704	-0.147699	-0.16047	-0.00525242	-0.180433	-0.00681793	-0.00488356	
-0.0399007	0.155943	-0.178699	-0.00593304	0.0933361	-0.0487661	0.022235	-0.0213881	-0.0504811	-0.13484	-0.134717	-0.0793888	-0.0552503	-0.0556441	-0.179727	-0.146469	-0.159098	-0.00646248	-0.179619	-0.00461148	-0.00488356	
-0.0351103	0.0778762	-0.175692	-0.0515007	0.184948	-0.0442801	-0.00742836	-0.00572715	-0.0483895	-0.101594	-0.131765	-0.120459	-0.0561064	-0.0566133	-0.186449	-0.139077	-0.160464	-0.00646248	-0.177607	-0.00233603	-0.00748528	0	
-0.00717748	0.10302	-0.159555	-0.032255	0.0699709	-0.0461399	-0.0282978	-0.00536025	-0.0480825	-0.0787714	-0.137212	-0.137526	-0.0560972	-0.0578456	-0.164545	-0.118204	-0.16532	-5.36677e-05	-0.158797	0.00495946	-0.00496257	0.0574346	
-0.0124011	0.152564	-0.158007	-0.0348486	0.0655239	-0.0441767	-0.0228506	-0.0179669	-0.0405622	-0.0994924	-0.135177	-0.153067	-0.0554952	-0.0569382	-0.176054	-0.125393	-0.162329	-0.00577525	-0.160187	0.00190438	-0.00351013	-0.0425845	0.062385	0.00601438	
-0.021976	0.200538	-0.17023	0.0163706	0.165679	-0.0493973	0.00746099	-0.01317	-0.0480003	-0.117045	-0.136121	-0.149457	-0.0584963	-0.059024	-0.184569	-0.142035	-0.164254	-0.009873	-0.160611	-0.00574253	0.00624705	0	
-0.0249089	0.161915	-0.177846	-0.0200045	0.0863012	-0.0478984	0.0117638	-0.0106358	-0.0448016	-0.0932959	-0.134738	-0.157658	-0.0545531	-0.0572909	-0.184768	-0.133377	-0.169536	-0.00274891	-0.167365	-0.00326493	-0.0100838	0.0326982	
-0.00359756	0.200733	-0.154444	-0.0568202	0.126355	-0.0501721	0.0111882	-0.0255829	-0.0491743	-0.088664	-0.137839	-0.154835	-0.0562018	-0.0593818	-0.160719	-0.117603	-0.166747	-0.00772137	-0.144563	0.00128225	-0.000536089	-0.0774128	0.117603	
-0.0201085	0.0770686	-0.17673	-0.0241584	0.194632	-0.0487261	0.00670111	-0.0230189	-0.0479521	-0.126844	-0.139107	-0.157997	-0.0576576	-0.0588124	-0.155978	-0.134533	-0.16592	-0.00616145	-0.165162	0.0130165	4.58911e-05	0.00384731	
-0.0295699	0.150573	-0.183011	-0.0330338	0.102827	-0.0473854	-0.0378077	-0.00242013	-0.043797	-0.121425	-0.139729	-0.151616	-0.0533607	-0.0562049	-0.18456	-0.145605	-0.16709	0.00562908	-0.171977	0.0145091	-0.00132026	0.00682409	
-0.00442397	0.101573	-0.144584	-0.0584781	0.181585	-0.0484865	0.0415454	-0.00257386	-0.047177	-0.0921269	-0.132369	-0.163176	-0.0560993	-0.0582393	-0.165724	-0.120664	-0.166221	0.00553909	-0.150397	0.0253355	0.000306773	0.00310285	0.0134011	-0.00725326	-0.0265811	
-0.00491252	0.171392	-0.155035	-0.0321085	0.236507	-0.0497196	0.0172218	0.00798659	-0.0484921	-0.104685	-0.143524	-0.161047	-0.0556201	-0.057427	-0.169036	-0.124624	-0.176229	-0.00342929	-0.147545	0.00938311	-0.00472941	0.00855239	-0.00722324	
-0.00309798	0.098549	-0.158581	-0.0182556	0.0855413	-0.0472617	-0.0399161	0.0143696	-0.0472672	-0.0956727	-0.144374	-0.147435	-0.0553215	-0.0585123	-0.15128	-0.119816	-0.170451	-0.00299515	-0.15358	0.00992396	-0.00378974	0.0157321	0.107625	
-0.024361	0.203796	-0.169989	-0.033838	0.163342	-0.0491842	-0.0223451	0.00975367	-0.0444178	-0.105363	-0.1336	-0.148215	-0.0555367	-0.0577422	-0.174489	-0.131424	-0.164352	-0.00407232	-0.166598	0.0141247	-0.00815876	0.00464555	
-0.0205544	0.143743	-0.169882	-0.0476082	0.100837	-0.0497808	0.0190338	-0.00935969	-0.0441788	-0.0872243	-0.13652	-0.154083	-0.0550538	-0.0577511	-0.151725	-0.129429	-0.163165	-0.008645	-0.162227	0.00919369	-0.00634693	0.00681418	
-0.0216084	0.14368	-0.178504	-0.0563075	0.153585	-0.0484432	-0.0048696	-0.0191843	-0.0469886	-0.0947754	-0.14208	-0.167349	-0.0544644	-0.0563399	-0.191738	-0.144281	-0.174423	-0.00730734	-0.172472	0.0130972	-0.00283502	0.00980154	
-0.00897496	0.0968354	-0.166081	-0.0439655	0.216601	-0.0474975	-0.0218968	-0.0126368	-0.0456333	-0.0865771	-0.148037	-0.155992	-0.0545323	-0.0563359	-0.153996	-0.130572	-0.171167	0.00155574	-0.163015	0.00920046	-0.00391059	0.00980154	
-0.0275348	0.0834328	-0.183669	-0.0281027	0.199008	-0.0476257	0.0141698	-0.0165208	-0.0428118	-0.101055	-0.145507	-0.150982	-0.0559914	-0.0576709	-0.194507	-0.149129	-0.174056	0.00307423	-0.1854	0.016429	-0.00212242	0.00800356	
-0.0193017	0.162661	-0.175596	-0.0190779	0.0864454	-0.0499595	-0.00578222	-0.0137959	-0.0391884	-0.102901	-0.148479	-0.15102	-0.0550042	-0.0579857	-0.163474	-0.125133	-0.171517	-0.000289337	-0.176585	0.00414008	-0.017885	0.00800356	0.123354	
-0.0183585	0.0935724	-0.180266	-0.0452593	0.108575	-0.0487498	0.00348448	-0.0118504	-0.0426185	-0.136102	-0.150645	-0.169841	-0.056055	-0.0575092	-0.186494	-0.132478	-0.174355	-0.00801864	-0.172407	0.00717128	-0.0105401	0.0198474	
-0.0199778	0.184043	-0.177475	-0.0114756	0.111617	-0.0475397	0.00293171	-0.0143943	-0.043749	-0.126691	-0.147076	-0.162667	-0.0538979	-0.0543944	-0.191399	-0.141599	-0.174489	0.000158259	-0.181612	0.0214775	-0.00649735	-0.000481687	
-0.0358425	0.159958	-0.197347	-0.0291581	0.129024	-0.0459863	-0.00629033	-0.0213237	-0.0433497	-0.125183	-0.153956	-0.148949	-0.0548985	-0.056501	-0.200319	-0.152088	-0.171287	-0.00680251	-0.184678	0.0192656	-0.0111518	0.0243476	0.127397	
-0.00413529	0.123034	-0.149332	-0.0532763	0.0996144	-0.04734	0.0202317	-0.0115568	-0.0361853	-0.107071	-0.145925	-0.163156	-0.0549698	-0.0570424	-0.10636	-0.119518	-0.174677	-0.000633956	-0.156662	0.0220498	-0.0120144	0.0126194	
-0.0251991	0.207584	-0.175709	-0.0807695	0.141248	-0.049626	-0.0111479	-0.0189878	-0.0347602	-0.137209	-0.156582	-0.16451	-0.055456	-0.0574576	-0.171063	-0.143827	-0.176596	0.00367802	-0.183235	0.0211691	-0.00788888	0.0262607	-0.000379207	
-0.0159847	0.103618	-0.170971	-0.0497623	0.150527	-0.0485423	-0.0308338	-0.0189878	-0.0444708	-0.120898	-0.157011	-0.144703	-0.0558371	-0.0573523	-0.165971	-0.141045	-0.180552	-0.0038848	-0.17691	-0.00195884	-0.00831308	0.0182366	-0.0476827	0.00493915	
-0.0148335	0.109084	-0.180855	-0.0751452	0.153768	-0.0467859	-0.0185179	-0.00456435	-0.0377633	-0.124314	-0.157145	-0.175426	-0.05574	-0.0576128	-0.191292	-0.137414	-0.184066	-0.00468733	-0.181023	0.0026339	-0.0128277	0.00847186	0.113909	
-0.0148335	0.112244	-0.182321	-0.0921577	0.180178	-0.0480977	0.0110388	-0.0172459	-0.0446427	-0.132607	-0.159123	-0.153651	-0.0553895	-0.0551791	-0.185194	-0.13453	-0.184271	0.00598108	-0.183189	-2.7912e-05	-0.0157119	0.00828054	
0.00687982	0.164566	-0.161913	-0.0646643	0.0884195	-0.0465016	-0.00334499	-0.0227854	-0.0433021	-0.103475	-0.15863	-0.175959	-0.0553625	-0.0555651	-0.144959	-0.109333	-0.183205	-0.00646434	-0.158895	0.00141043	-0.0191953	0.0239134	0.0826731	
-0.0211517	0.122301	-0.17084	-0.0261189	0.155187	-0.0450936	-0.00672331	-0.00842117	-0.0449814	-0.125661	-0.149126	-0.163516	-0.0561974	-0.0578109	-0.18588	-0.121185	-0.171272	0.00506657	-0.163432	2.67945e-05	-0.0205861	0.0269428	0.000764645	-0.0204129	
-0.0135598	0.0893905	-0.178572	-0.0618203	0.115908	-0.0462176	-0.0279965	-0.00827602	-0.0489861	-0.118593	-0.152957	-0.164655	-0.0550334	-0.0579867	-0.154755	-0.123906	-0.177042	-0.00455522	-0.174012	0.00444377	-0.0178648	0.0137339	0.00863651	
-0.0213653	0.152616	-0.174732	-0.0311693	0.181406	-0.045418	-0.000946373	-0.00970929	-0.0376944	-0.137245	-0.153239	-0.165534	-0.0550696	-0.0573569	-0.166278	-0.126396	-0.175217	0.00321224	-0.174723	0.00642117	-0.0209515	0.0293402	0	0	
-0.0117485	0.143915	-0.165116	-0.0160199	0.0928335	-0.0496331	0.0250226	-0.0109263	-0.0441229	-0.122533	-0.154369	-0.1563	-0.0593325	-0.0592692	-0.175868	-0.122448	-0.174741	-0.00550776	-0.165078	-0.00047837	-0.0121437	0.00201385	
-0.0284812	0.145937	-0.184429	-0.0279063	0.134137	-0.0496331	0.0350533	-0.00469373	-0.0449976	-0.144572	-0.154827	-0.167366	-0.0580912	-0.0607714	-0.181848	-0.138558	-0.17464	-0.00550776	-0.184509	-0.0108041	-0.0127664	0.012018	
-0.0401266	0.120928	-0.186223	0.0324013	0.0972951	-0.0522843	-0.001345	-0.0136231	-0.0450506	-0.130869	-0.132875	-0.137739	-0.057759	-0.0598707	-0.191159	-0.141888	-0.163817	-0.00378987	-0.188947	0.00635504	-0.0127664	-0.00108158	
-0.0243383	0.142653	-0.175619	0.0235444	0.0855957	-0.0515236	0.0111007	-0.00134748	-0.0408779	-0.112839	-0.149704	-0.167414	-0.0590749	-0.0604618	-0.217046	-0.133414	-0.170436	-0.00507268	-0.173557	-0.00260161	-0.00987799	0.000189284	-0.0277294	
-0.0249658	0.119243	-0.182993	0.00467303	0.0702277	-0.0471986	0.0158551	-0.0162848	-0.0462199	-0.127299	-0.14348	-0.166421	-0.0572536	-0.0601745	-0.246098	-0.135539	-0.174086	-0.0069753	-0.177155	-0.00384902	-0.0102719	0.000583216	-0.0785242	
-0.0232996	0.116152	-0.180289	0.0430051	0.155674	-0.0513247	0.0171711	-0.0247778	-0.0450572	-0.118888	-0.137775	-0.151298	-0.0583552	-0.0601745	-0.119518	-0.132925	-0.172525	-0.00663221	-0.171697	-0.000587093	-0.011726	0.00836488	0.0450671	
-0.0415447	0.118478	-0.196286	0.0281292	0.232715	-0.0523695	-0.000101291	-0.0197208	-0.0410075	-0.141688	-0.145412	-0.155995	-0.0573917	-0.0603758	-0.185743	-0.15117	-0.171337	-0.00435871	-0.192568	-0.00259071	-0.011726	0.00289228	0.18493	
-0.0151834	0.118478	-0.16336	0.0506131	0.079225	-0.050138	0.0147403	-0.0139993	-0.0436143	-0.11112	-0.142093	-0.162715	-0.0573088	-0.0597735	-0.170038	-0.130627	-0.173333	-0.00422718	-0.166377	0.00941903	-0.00623661	0.00988435	0.171993	
0.00133432	0.243914	-0.152493	0.0365743	0.0930688	-0.0495566	-0.0252624	-0.018371	-0.036354	-0.0923888	-0.14647	-0.160836	-0.0564096	-0.0586877	-0.167071	-0.105947	-0.172393	-0.00582094	-0.149216	0.0119771	-0.0159241	0.0111951	0.143968	0.00586008	
-0.000207536	0.0783154	-0.161749	0.02962	0.0961968	-0.0495171	-0.0379056	-0.0211965	-0.0440083	-0.0924344	-0.14647	-0.166663	-0.0561424	-0.059225	-0.153266	-0.105922	-0.172317	0.000309361	-0.150284	0.0120884	-0.0170006	0.0159119	0.157323	-0.0794763	
-0.0288135	0.174447	-0.182365	0.0197923	0.0630372	-0.0497643	0.0131703	-0.0226396	-0.0497112	-0.106758	-0.146561	-0.157329	-0.0570209	-0.0597117	-0.201987	-0.142367	-0.173029	-0.00174123	-0.181218	0.0108273	-0.00853984	0.014903	0.189383	0	
-0.0288135	0.125842	-0.18152	0.0421813	0.1472	-0.0450772	-0.0161749	-0.0205446	-0.047387	-0.130579	-0.146561	-0.158088	-0.0571836	-0.0591667	-0.206442	-0.142367	-0.172332	-0.0035749	-0.179679	0.0018655	-0.00853984	0.00460326	0.185006	0	
0.0263818	0.142529	-0.141023	0.00706604	0.127601	-0.046756	0.00612586	-0.0157412	-0.046474	-0.0818384	-0.15416	-0.165902	-0.0550113	-0.0577343	-0.150051	-0.0911904	-0.177289	-0.00581988	-0.126882	0.00846673	-0.0106715	0.00259217	0.135883	0.00228827	0	
-0.0192643	0.169351	-0.168416	-0.00246989	0.126256	-0.0472063	0.0123308	-0.0137144	-0.0423159	-0.126117	-0.147172	-0.135894	-0.0549654	-0.0588953	-0.218533	-0.13526	-0.170408	-0.00661602	-0.172859	0.0120406	-0.00524644	0.00169672	0.184554	0.058829	0.0726445	
-0.00422854	0.129598	-0.160814	0.0152515	0.107308	-0.0475824	-0.00268645	-0.021834	-0.0518951	-0.106806	-0.150974	-0.162799	-0.0594035	-0.0607377	-0.284152	-0.120926	-0.174154	-0.0131602	-0.161557	0.016739	-0.00410979	0.000791752	-0.130696	0.00913319	
-0.0249463	0.144621	-0.166361	0.00585748	0.0804719	-0.0442347	0.0255681	-0.0142077	-0.0511057	-0.134687	-0.141295	-0.146582	-0.0583566	-0.0616749	-0.232495	-0.135688	-0.162049	-0.00946168	-0.168777	-0.00715983	-0.000344282	-0.000174997	-0.0471538	0.0107781	
-0.00599437	0.218594	-0.153416	0.00217244	0.145927	-0.0503369	-0.000200671	-0.0194597	-0.0506807	-0.0943652	-0.140659	-0.145498	-0.0592564	-0.0614196	-0.217756	-0.115224	-0.164305	-0.0150129	-0.151143	-0.00028779	-0.00349573	-0.000174997	-0.0644276	0	
-0.0419649	0.209326	-0.192686	0.0281008	0.111977	-0.0437938	0.0158539	-0.0144847	-0.0450726	-0.138076	-0.137532	-0.14394	-0.0552957	-0.0564469	-0.278819	-0.154513	-0.163791	-0.00205994	-0.174759	0.00293526	-0.00409264	0.000256152	-0.0785642	-0.0147478	-0.0311455	
0.00996523	0.199421	-0.148067	-0.000445827	0.104736	-0.043907	-0.0274776	-0.0149657	-0.0455654	-0.0996255	-0.153256	-0.169567	-0.0555078	-0.0569375	-0.195144	-0.117282	-0.176935	-0.00838393	-0.139524	0.0134255	-0.000673195	0.00274696	-0.0419002	
-0.0264447	0.127102	-0.17591	0.0129062	0.123762	-0.0499348	0.0249368	0.00542375	-0.0517236	-0.123133	-0.138254	-0.14126	-0.059277	-0.0618157	-0.188275	-0.135692	-0.166333	-0.00450548	-0.172561	0.00123796	-0.00425965	0.00279047	-0.00180523	0	
-0.0137917	0.120963	-0.167606	0.00781905	0.0929932	-0.0449332	0.0252292	-0.0167761	-0.04284	-0.115155	-0.148452	-0.146782	-0.0545923	-0.0566085	-0.159054	-0.128126	-0.171572	0.000172129	-0.159159	0.00608803	-0.00884812	0.00818822	0.00390105	0	-0.0129497	
-0.00786949	0.158519	-0.175256	-0.0181001	0.120001	-0.0516198	0.0116474	-0.0209685	-0.049047	-0.117138	-0.148319	-0.160826	-0.0595373	-0.0604005	-0.0048366	-0.13178	-0.178717	-0.170047	0.00179649	-0.000765425	0.000379642	0.0242906	
-0.0240911	0.148273	-0.186182	-0.018475	0.128831	-0.0435044	-0.0209917	-0.000429228	-0.0373983	-0.139755	-0.152735	-0.139808	-0.0552879	-0.0580903	-0.00447251	-0.143133	-0.177495	0.0635806	-0.179073	0.0181827	-0.00850547	0.00325087	
-0.0103155	0.13432	-0.169077	-0.015295	0.273758	-0.0463643	-0.0234971	-0.0122991	-0.0402958	-0.126351	-0.150784	-0.157834	-0.0563869	-0.0582773	-0.00639671	-0.13281	-0.174689	-0.00687918	-0.146556	0.0235725	-0.00166303	0.0129943	0	
-0.00949366	0.13432	-0.163825	-0.00235737	0.123874	-0.0518036	-0.00292729	0.00181461	-0.0477798	-0.125124	-0.145476	-0.161657	-0.0584869	-0.0604676	-0.00992894	-0.131355	-0.176365	0.0352782	0.00754816	0.00107219	0.0100089	0.0282112	
-0.00920506	0.151166	-0.138641	0.0467373	0.0616309	-0.0485733	-0.0507889	-0.012741	-0.0483258	-0.118694	-0.134647	-0.158544	-0.0599976	-0.0584765	-0.000975558	-0.131054	-0.170544	0.0199025	0.00814605	0.00564855	0.0128296	
-0.021029	0.187259	-0.125113	0.00861112	0.103508	-0.0455073	0.0221601	-0.001197	-0.0495017	-0.137839	-0.139302	-0.170027	-0.0548185	-0.0532637	0.00387761	-0.136907	-0.167767	0.0436381	0.00781139	0.0108877	-0.00512515	
-0.0100756	0.0945585	-0.160285	-0.0211305	0.183669	-0.0462715	-0.0264316	-0.00219062	-0.0484764	-0.134586	-0.14661	-0.163414	-0.0550035	-0.0552718	-0.00407051	-0.141634	-0.179992	0.0100185	0.0171061	0.00702972	-0.00147198	0	
-0.0170327	0.155745	-0.145673	-0.0109024	0.131185	-0.0467332	-0.0360986	-0.000737232	-0.0464102	-0.1473	-0.151131	-0.177045	-0.0545048	-0.0546464	-0.00370527	-0.142506	-0.184086	0.0185214	-0.00353769	0.0104336	-0.00715796	
-0.0327426	0.0986129	-0.108676	0.0220927	0.102349	-0.0491963	-0.00390876	-0.00353935	-0.0493024	-0.128696	-0.134558	-0.178784	-0.0565636	-0.0579245	-0.00374732	-0.147733	-0.168459	0.0674802	-0.00848881	0.00852504	-2.21421e-05	
-0.0462358	0.139406	-0.13518	0.052137	0.156173	-0.0481769	-0.0437775	-0.0158704	-0.0489308	-0.145304	-0.139401	-0.191386	-0.0555839	-0.0566298	-0.00355085	-0.156192	-0.166146	0.0559227	-0.00139848	0.0153383	-0.00652001	
-0.0324699	0.200111	-0.108766	-0.0109445	0.200135	-0.0479167	-0.0186709	-0.0149841	-0.049664	-0.144131	-0.134146	-0.182817	-0.0540339	-0.0570764	-0.00904574	-0.146721	-0.169101	0.0673532	0.000743072	0.0126637	-0.00231391	
-0.0324699	0.142904	-0.151174	-9.98903e-05	0.189277	-0.0487608	-0.0331985	-0.000623853	-0.0474978	-0.122696	-0.133894	-0.182817	-0.0561281	-0.0584255	0.0018597	-0.142652	-0.165423	0.0351372	0.0146923	0.00956557	-0.00565438	
-0.0192765	0.159413	-0.111926	-0.0122068	0.182455	-0.0476263	0.00505094	0.011447	-0.0453091	-0.143947	-0.14121	-0.178068	-0.0551872	-0.0574624	-0.0146645	-0.139057	-0.178031	0.0653275	0.00164818	-0.000519204	-0.00546981	0.0851408	-0.00124246	-0.0507235	0	
-0.0471925	0.139931	-0.151578	-0.0228867	0.0947843	-0.0471899	-0.00217443	-0.000271278	-0.0484016	-0.17273	-0.148514	-0.211619	-0.0557265	-0.0581786	0.000961417	-0.167272	-0.176292	0.0543011	-0.0107442	0.00836914	-0.00546981	0	-0.00190767	
-0.0340542	0.102288	-0.139276	-0.0330764	0.223673	-0.0495459	-0.0218261	-0.000146888	-0.0403729	-0.135926	-0.134932	-0.192709	-0.055786	-0.0578028	-0.00800924	-0.160725	-0.176359	0.0523007	-0.0108115	0.0144736	0.00112166	
-0.0272692	0.0930205	-0.170928	-0.0249887	0.156554	-0.0498525	0.0350941	-0.0155894	-0.0521363	-0.143102	-0.141336	-0.177122	-0.0561908	-0.0587765	-0.0181513	-0.152492	-0.171942	0.0110137	-0.00236168	0.00519963	0.00324377	
-0.0486013	0.127834	-0.134875	-0.0108512	0.1395	-0.0511802	0.0140287	0.000144362	-0.0524017	-0.146191	-0.13264	-0.200152	-0.0562603	-0.059526	-0.00569028	-0.166136	-0.170772	0.0680618	0.00785248	-0.00826133	0.000400311	
-0.0486013	0.140507	-0.157605	-0.0108512	0.13562	-0.0498536	0.0238685	-0.00753893	-0.0506443	-0.153035	-0.142297	-0.202232	-0.0579144	-0.059574	-0.00259567	-0.166576	-0.167781	0.0364426	0.00583161	0.011172	0.000840241	0.0357755	-0.0113786	-0.0144241	
-0.0515311	0.209012	-0.159618	0.00825865	0.129615	-0.0471036	-0.0187125	-0.0137121	-0.0503206	-0.141824	-0.12988	-0.192719	-0.0563104	-0.0596919	-0.00664163	-0.165931	-0.160915	0.0345811	0.0024088	0.0141953	0.0049531	-0.00520635	-0.0859762	
-0.0614775	0.154161	-0.157475	0.00744252	0.0483815	-0.0495479	-0.0217398	-0.0136072	-0.047341	-0.159341	-0.13432	-0.197398	-0.0562867	-0.0592745	-0.00855915	-0.169492	-0.159301	0.0478276	0.00411204	0.00797972	-0.00143263	-0.0128798	-0.0421086	
-0.0496061	0.146058	-0.0916521	-0.0022646	0.0458545	-0.0480834	-0.0331258	-0.0139287	-0.0486036	-0.14097	-0.130906	-0.185527	-0.0569804	-0.0582794	-0.00855915	-0.157621	-0.161303	0.0996415	0.0163169	0.00708771	-0.00143263	-0.022638	0.00539682	
-0.0223164	0.118508	-0.147136	-0.0100954	0.0575592	-0.0507318	-0.0264112	-0.0204005	-0.0526805	-0.136835	-0.135575	-0.1638	-0.0555857	-0.0603433	-0.00488871	-0.137422	-0.165602	0.0125567	0.00107478	0.0253075	-0.047764	0.00179658	
-0.0210565	0.101534	-0.157309	-0.00777805	0.0641523	-0.0491606	0.0721947	-0.018055	-0.0490934	-0.123052	-0.129525	-0.165777	-0.0552714	-0.058452	-0.0103591	-0.140072	-0.164706	0.0118713	0.0091328	0.00516961	0.0121291	-0.0318247	0.00331756	-0.0202435	
-0.028823	0.120878	-0.0901253	-0.00219498	0.09549	-0.0434773	-0.00156841	-0.0143333	-0.050013	-0.120746	-0.133443	-0.173455	-0.0561766	-0.0574037	-0.0100461	-0.144019	-0.162813	0.0794509	0.0189775	0.00721581	0	0.00228677	-0.0269867	0.0912191	0	
-0.0378019	0.163238	-0.12246	0.0254469	0.0898036	-0.0502911	-0.0295288	-0.0204478	-0.0497281	-0.10746	-0.132262	-0.182246	-0.0589851	-0.0604028	-0.0117351	-0.151817	-0.163081	0.0608321	0.0175131	-0.000963822	0.0052424	
-0.046227	0.135061	-0.150436	-0.00273623	0.0936414	-0.0524605	-0.0430256	-0.0155536	-0.0488294	-0.13518	-0.136045	-0.193715	-0.0581047	-0.0606664	-0.0105789	-0.161806	-0.162156	0.0323655	0.000888233	0.00475854	0.00590887	-0.000143881	
-0.046227	0.188444	-0.074018	-0.00279992	0.0695348	-0.0502206	-0.0140163	-0.0161815	-0.0510008	-0.114809	-0.134478	-0.185852	-0.0584095	-0.0604525	-0.0104506	-0.162344	-0.156676	0.113679	0.0225554	-0.000414326	0.00644619	0	-0.144245	
-0.0161556	0.219191	-0.143159	0.0217341	0.0688209	-0.050696	0.00472832	-0.0110763	-0.0456108	-0.0919133	-0.132849	-0.157727	-0.0594658	-0.0608565	-0.0109479	-0.121095	-0.163556	0.0195946	0.0108509	-0.000973224	-0.00473086	-0.0968	-0.0281801	
-0.0603428	0.146729	-0.152692	0.000161532	0.0938138	-0.0526267	-0.0351263	-0.00650903	-0.0515501	-0.143373	-0.131981	-0.20648	-0.0583009	-0.0608209	-0.0117325	-0.169064	-0.16058	0.0542485	0.020876	0.00755857	-0.000948855	-0.0158414	
-0.0327499	0.148367	-0.146364	0.0243542	0.0659371	-0.0486269	-0.0322734	-0.00663056	-0.0481652	-0.10199	-0.129261	-0.175187	-0.05704	-0.0584159	-0.00224078	-0.145128	-0.159125	0.0309285	0.0218668	0.0100431	0.00263265	-0.0518476	
-0.0315353	0.118102	-0.135996	0.0393312	0.108346	-0.0488445	-0.0120588	-0.0142592	-0.0499058	-0.110985	-0.136303	-0.169253	-0.0576923	-0.0599858	-0.0125091	-0.144295	-0.162867	0.0421459	0.0253649	0.0155262	0.00391847	-0.104666	
-0.0568205	0.104971	-0.0865314	0.0289605	0.126097	-0.0496643	-0.0266644	-0.00529802	-0.0499678	-0.146683	-0.134758	-0.198995	-0.0592481	-0.0609735	-0.00270392	-0.170838	-0.163778	0.109011	0.0130289	0.0115136	0.00470757	-0.0977136	0.000349827	
-0.0317098	0.0984186	-0.113424	-0.00659482	0.0422763	-0.0465824	-0.0409767	-0.027329	-0.0437628	-0.121777	-0.144145	-0.185798	-0.0570087	-0.0588666	-0.00137294	-0.154885	-0.172945	0.0712715	0.00857694	0.00739672	0.00257065	0	
-0.0419682	0.13628	-0.116788	0.0136401	0.060457	-0.0512782	-0.0400457	-0.00821412	-0.047735	-0.127416	-0.133123	-0.186563	-0.058415	-0.0597068	-0.00221884	-0.156481	-0.161165	0.0742034	0.00656195	0.00870955	0.00415247	-0.0144549	
-0.0419497	0.101117	-0.12461	0.0151337	0.0229763	-0.0481443	-0.0334287	-0.0136186	-0.0490323	-0.131639	-0.120726	-0.181541	-0.0591873	-0.0604478	-0.00243272	-0.15552	-0.160998	0.057653	0.0051789	0.00956592	0.00321071	0	
-0.0264663	0.178737	-0.140631	-0.0237486	0.0519564	-0.045199	-0.0392963	-0.0199232	-0.0406584	-0.119517	-0.143799	-0.183453	-0.0557524	-0.0579885	-0.000594449	-0.148767	-0.180132	0.0532391	0.00513402	0.0121887	-0.00616512	
-0.048222	0.161698	-0.107886	0.00946088	0.10979	-0.0463142	-0.0441719	-0.0201725	-0.0494728	-0.129667	-0.149237	-0.200979	-0.0561382	-0.0576844	0.0060962	-0.174617	-0.179154	0.106768	0.00495634	0.00161665	-0.00033796	0	0	
-0.0273026	0.25107	-0.134595	-0.00184056	0.0992353	-0.045428	-0.0335123	-0.0184313	-0.0461652	-0.100664	-0.130984	-0.175526	-0.0556404	-0.057643	-0.00447352	-0.149951	-0.174368	0.0516691	0.00394247	0.0117175	-0.00033796	
-0.0345238	0.18227	-0.0949217	-0.0241049	0.0671199	-0.0472317	-0.0206692	-0.0176008	-0.0485421	-0.11131	-0.134297	-0.1882	-0.056347	-0.0574969	0.00172982	-0.157536	-0.173141	0.0993117	0.000175903	0.0366546	2.61335e-05	
-0.0379981	0.141785	-0.0872523	0.0326252	0.127584	-0.0494069	-0.0109521	-0.0204098	-0.0495532	-0.105868	-0.136729	-0.188177	-0.0583004	-0.0603607	-0.000584328	-0.157786	-0.171757	0.108238	0.00283404	0.0153133	-0.000884487	-0.00363463	-0.0132496	
-0.0508117	0.205367	-0.0923786	0.0110556	0.0938115	-0.0497885	-0.0153219	-0.0246247	-0.0492889	-0.0944191	-0.129251	-0.199037	-0.0580725	-0.0602847	-0.00664585	-0.169788	-0.166537	0.106069	0.0208411	0.00709423	0.0040481	
-0.0353504	0.270572	-0.130704	0.0310481	0.171253	-0.0500897	-0.00525034	0.000572011	-0.0532848	-0.0839661	-0.124672	-0.172062	-0.0578541	-0.0598004	-0.00294174	-0.156288	-0.167586	0.053683	0.00719557	0.00766009	0.00600918	-0.0877228	
-0.0228457	0.170978	-0.129357	-0.0104779	0.130964	-0.0500319	0.056618	-0.0109377	-0.0471338	-0.084142	-0.145755	-0.169811	-0.0584251	-0.0591549	-0.00637722	-0.156361	-0.180485	0.0576368	0.00240028	0.00335466	0.00729184	
-0.0486833	0.187617	-0.163009	-0.0125614	0.121918	-0.0490287	-0.0145481	-0.0107936	-0.0510699	-0.144715	-0.133579	-0.194351	-0.0580062	-0.0586541	0.00371679	-0.174012	-0.17417	0.042131	-0.00996882	0.00900271	0.00554413	
-0.0365583	0.127434	-0.12238	-0.00175883	0.149526	-0.0426398	-0.0189495	-0.0197014	-0.0443428	-0.119416	-0.130615	-0.184724	-0.0583159	-0.0594408	0.000399872	-0.167326	-0.172858	0.0713176	0.00726199	0.0051466	0.0109834	-0.0106998	
-0.0365583	0.239006	-0.127856	-0.000917501	0.124497	-0.042211	0.00844809	-0.0137894	-0.0410461	-0.132758	-0.137306	-0.184871	-0.0579702	-0.0577448	-0.00743077	-0.160937	-0.172861	0.0635442	-0.00213507	0.00338582	0.0041505	0	
-0.036508	0.317144	-0.103748	0.00343171	0.189292	-0.0466081	-0.0166045	-0.0126043	-0.0462042	-0.112277	-0.124914	-0.177508	-0.0571087	-0.0573869	-0.0100501	-0.158979	-0.17194	0.0885976	0.00938935	0.00789576	0.00375558	0.0111246	-0.135677	-0.0262284	-0.0293942	
-0.0337053	0.196011	-0.131096	-0.0420448	0.182078	-0.0449894	-0.0469913	-0.0120643	-0.0475046	-0.130476	-0.11583	-0.176206	-0.0570315	-0.0587615	-0.00476232	-0.15919	-0.171095	0.00676961	0.00274264	0.0531738	-0.0347294	0.0187272	
-0.0337053	0.224406	-0.118371	0.00453226	0.0948857	-0.0476104	-0.0382871	-0.0120111	-0.0485818	-0.134434	-0.113272	-0.180691	-0.0569301	-0.058649	-0.00591316	-0.155506	-0.169279	0.00308523	0.000381687	0.0714096	-0.0416651	0.0141769	
-0.0471678	0.219408	-0.149525	0.0190462	0.0962912	-0.0470219	0.00119932	-0.0126806	-0.0450534	-0.127518	-0.114128	-0.183851	-0.0568538	-0.0587094	0.00211417	-0.164071	-0.161069	0.0031136	0.00263877	0.0483824	-0.0355305	0.0141485	
-0.0265844	0.280045	-0.144588	-0.00681056	0.10067	-0.0475192	-0.00246183	-0.0138195	-0.0388456	-0.122155	-0.126711	-0.181674	-0.0561544	-0.0585989	-0.000489066	-0.151485	-0.17616	0.00179275	-0.00291987	0.038685	-0.0336066	0.0299301	-0.0113642	-0.150651	
-0.0374388	0.277444	-0.142862	0.0014382	0.125941	-0.0478443	-0.0352795	-0.00903339	-0.0474086	-0.134901	-0.122975	-0.184604	-0.0566453	-0.0593279	-0.00254479	-0.153889	-0.161175	0.00419727	-0.00486193	0.0443972	-0.0216157	0.0149377	-0.0201915	
-0.03057	0.15729	-0.0945666	0.00259986	0.158971	-0.0449849	-0.00149358	-0.0245451	-0.0479468	-0.117535	-0.11717	-0.172545	-0.0572755	-0.0587502	0.00683481	-0.150854	-0.165703	0.00376109	-0.00409443	0.0919096	-0.0319897	0.013534	
-0.0288601	0.15558	-0.122455	-0.0167057	0.159051	-0.0471592	0.00245192	-0.012058	-0.047876	-0.143611	-0.112059	-0.175665	-0.0563052	-0.058518	0.0113217	-0.151287	-0.168671	0.00419376	0.0128179	0.0607018	-0.041088	0.022884	
-0.0281252	0.155963	-0.183858	0.00457416	0.106113	-0.0456256	-0.0127441	-0.000417701	-0.0494842	-0.135257	-0.130024	-0.171367	-0.0562677	-0.0584776	0.00701354	-0.148244	-0.169062	0.00115093	0.00472922	-0.0029814	-0.0262894	0.0234229	
-0.0171909	0.103061	-0.127881	0.0190595	0.0925527	-0.0480181	-0.0403459	-0.0166159	-0.0469446	-0.125808	-0.11912	-0.159256	-0.0558522	-0.058909	0.000487266	-0.14018	-0.171086	0.00274091	-0.0100633	0.0381989	-0.0347927	0.0255876	-0.015747	0.118401	
-0.0238669	0.1536	-0.0996539	0.012966	0.164643	-0.0482203	-0.0280445	0.00610798	-0.0479287	-0.107488	-0.100748	-0.162949	-0.0569035	-0.058003	-0.00715412	-0.1377	-0.162577	0.000748817	-0.00868892	0.0708287	-0.0463951	0.0210693	0.0193249	0	
-0.026952	0.138429	-0.133557	0.0277175	0.157016	-0.0488151	-0.0188809	-0.0111738	-0.045057	-0.116495	-0.117094	-0.166271	-0.0573151	-0.0598732	-0.00475929	-0.136561	-0.165592	-0.00472557	0.00983102	0.037113	-0.0342841	0.0197267	
-0.0347303	0.165611	-0.155493	0.0103564	0.148207	-0.0479368	-0.0288499	-0.00553218	-0.0409856	-0.131213	-0.119986	-0.178613	-0.057415	-0.0584166	-0.00116788	-0.153086	-0.164226	0.00402047	0.00928467	0.0326005	-0.0280072	0.00787424	0	0.00854657	0	0	
-0.0574086	0.197691	-0.170301	-0.00373996	0.1269	-0.0507128	-0.0281245	-0.013525	-0.039028	-0.152064	-0.125205	-0.202249	-0.0581469	-0.0604868	-0.00492602	-0.169384	-0.163432	-0.00142015	-0.00157879	0.0416898	-0.0300746	0.0116148	
0.00170669	0.15849	-0.15126	0.0252815	0.172854	-0.0487625	-0.0459259	-0.00401146	-0.0421204	-0.0815084	-0.123656	-0.139449	-0.0562823	-0.0579182	-0.0107196	-0.108775	-0.162536	-0.00288029	-0.000465188	-0.0108622	-0.031483	0.015903	
-0.059348	0.259177	-0.13721	0.0121291	0.101143	-0.0497697	-0.0312599	0.00111328	-0.0474418	-0.142384	-0.11213	-0.200749	-0.0564124	-0.0582558	-0.0107196	-0.16983	-0.161954	-0.00288029	0.0110031	0.0610114	-0.0323458	-0.0048089	-0.0461454	
-0.049969	0.158412	-0.129025	0.020989	0.146871	-0.0498354	-0.0146686	-0.00101145	-0.0472559	-0.134884	-0.106855	-0.194037	-0.0575967	-0.0588108	-0.00137284	-0.160451	-0.164304	-0.00288029	-0.0127886	0.0615401	-0.0392019	0.00950269	-0.00528498	
-0.0421766	0.214831	-0.15565	0.0266995	0.0878268	-0.0464391	-0.0230869	-0.00463871	-0.0427492	-0.135574	-0.0999491	-0.190911	-0.0565992	-0.0589679	-0.000875524	-0.159378	-0.162252	0.00425443	-0.00645782	0.0215873	-0.0493833	0.00798526	0.0194412	
-0.0495717	0.165382	-0.133057	0.0392633	0.124607	-0.0499339	-0.0191259	-0.0122623	-0.047019	-0.0962694	-0.114471	-0.182795	-0.0574166	-0.0583086	-0.0012878	-0.160718	-0.15719	0.00425443	-0.00605798	0.0545405	-0.034414	0.00828278	
-0.00929632	0.289769	-0.13474	0.0311887	0.0833352	-0.0512845	-1.26088e-05	-0.0169971	-0.0483445	-0.0822806	-0.11779	-0.148616	-0.0579028	-0.0604058	-0.00549572	-0.122587	-0.159959	0.0052005	-0.00775801	0.0209422	-0.0280386	0.0120627	0.0891891	0	
-0.0314425	0.223639	-0.122269	0.0172898	0.0856363	-0.051651	0.0139768	-0.00750181	-0.0530619	-0.102429	-0.0975267	-0.170584	-0.0587931	-0.0595238	0.00199557	-0.139391	-0.158564	-0.000142518	0.0129889	0.047598	-0.0415894	0.00112795	
-0.0498155	0.252672	-0.18743	0.0139432	0.0680936	-0.0505497	0.0229426	-0.0201165	-0.0521253	-0.10633	-0.112167	-0.180398	-0.0572712	-0.0588206	-0.00320291	-0.15046	-0.154707	-0.00344852	-0.00350213	-0.00549179	-0.0280617	0.00173254	
-0.0751501	0.154993	-0.118808	0.0298088	0.116527	-0.0500841	-0.0218109	-0.0113744	-0.046843	-0.153156	-0.101925	-0.206516	-0.056823	-0.0569284	-0.000925625	-0.178812	-0.156157	-0.00270851	0.00263979	0.0910331	-0.0421339	0.00185827	
-0.070942	0.228138	-0.171152	0.0582555	0.0499535	-0.0531323	0.0209901	-0.00628869	-0.0511257	-0.139556	-0.100433	-0.206351	-0.0579171	-0.0592068	0.00463242	-0.174476	-0.15552	-0.00105081	-0.00118112	0.0296355	-0.0353896	0.00311818	0	
-0.0491306	0.138891	-0.0997281	0.0603303	0.0499535	-0.053049	-0.0375148	-0.0202836	-0.0475473	-0.135606	-0.107095	-0.17908	-0.0580233	-0.0600251	0.00937324	-0.155388	-0.152084	0.00167227	-0.00253002	0.0843693	-0.028564	0.00703906	-0.0018734	0	
-0.0369898	0.279143	-0.160484	0.0807322	0.114018	-0.0500082	-0.000242186	-0.0140462	-0.0416653	-0.136399	-0.100179	-0.16648	-0.0552062	-0.0574275	0.00517196	-0.13925	-0.155196	-0.00434175	-0.00389	0.0104303	-0.0404636	0.00861126	0	
-0.0559765	0.167701	-0.15888	0.0270506	0.12636	-0.0465445	-0.00258834	-0.021713	-0.0457074	-0.152565	-0.112059	-0.198518	-0.0545705	-0.0574832	0.00808104	-0.164714	-0.156131	-0.00211071	-0.00317538	0.0352667	-0.0343502	0.00292901	-0.00649899	
-0.0525896	0.175388	-0.0731401	0.0730253	0.354142	-0.0497366	-0.0150443	-0.0180261	-0.0501026	-0.121902	-0.111457	-0.191826	-0.0546847	-0.0568531	-0.00180512	-0.161205	-0.152244	0.00190925	-0.000584733	0.118684	-0.0363074	-0.000217082	0.122668	0	
-0.0452485	0.175388	-0.0659642	0.0355868	0.120845	-0.0488767	0.00986319	-0.0227714	-0.0487201	-0.122989	-0.100315	-0.182019	-0.0550211	-0.055763	0.00879895	-0.15142	-0.15344	-0.00053403	-0.00065168	0.119728	-0.0483311	0.00673203	0.11158	0	0	
-0.0628557	0.162051	-0.0800579	0.0670103	0.35953	-0.0503293	-0.0142165	-0.00388873	-0.0477057	-0.132518	-0.104271	-0.204695	-0.0536047	-0.0574915	0.00459052	-0.169058	-0.146402	-0.000506022	-0.01211	0.121602	-0.0427128	0.00269205	0.118932	0.000183914	
-0.0597269	0.250334	-0.0769124	0.0302774	0.167191	-0.0489602	0.037753	-0.0137143	-0.040908	-0.153459	-0.120347	-0.199149	-0.0550659	-0.0577768	-0.00031407	-0.170487	-0.157937	-0.00306	0.0200104	0.130581	-0.0375733	0.00388776	0.155734	0.0504321	-0.114349	
-0.0757735	0.194188	-0.0590657	0.0420447	0.16856	-0.0489041	-0.0158781	-0.0141271	-0.0437002	-0.160334	-0.0939121	-0.21035	-0.0534879	-0.0558377	0.0105834	-0.176953	-0.152827	-0.00574124	-0.000495665	0.149398	-0.0524281	0.00440921	0.0977134	
-0.0757735	0.166991	-0.057322	0.0423715	0.271132	-0.0465225	-0.0305122	-0.00863297	-0.0471447	-0.153305	-0.11246	-0.210584	-0.0534339	-0.0550343	0.00799664	-0.172906	-0.151652	-0.00978837	0.00409516	0.156473	-0.0283399	0.0112044	0.311301	0	0	
-0.0729844	0.189312	-0.0573304	0.0296856	0.110439	-0.0491993	-0.00217148	-0.0041431	-0.0481624	-0.16113	-0.108429	-0.212853	-0.0550644	-0.0571574	-0.00567196	-0.172906	-0.156024	-0.00782996	-0.00208366	0.154662	-0.039155	0.00916916	0.114937	
-0.0511165	0.177992	-0.0553984	0.0557154	0.126957	-0.0486287	-0.0138304	-0.0131539	-0.0487174	-0.149464	-0.115273	-0.197061	-0.054914	-0.0572116	-0.000657552	-0.1569	-0.151726	-0.00252238	-0.00578514	0.132533	-0.036297	0.0114927	0.181731	
-0.0430335	0.164915	-0.0218638	0.0416628	0.188938	-0.0486287	-0.025153	0.000211756	-0.0478878	-0.149365	-0.113182	-0.186791	-0.0549082	-0.054233	0.00661786	-0.148502	-0.160836	-0.0109206	-0.00169192	0.156502	-0.0478647	0.00222628	0.0963993	
-0.0436065	0.124354	-0.105498	0.0187376	0.173529	-0.0493384	0.0145672	-0.0158119	-0.0418312	-0.147346	-0.107388	-0.183483	-0.0547132	-0.0541669	0.00877776	-0.149075	-0.162901	-0.0109206	-0.0082705	0.0888203	-0.0507595	0.00164903	0.173943	-0.00851665	0.0642715	0	
-0.0389004	0.160949	-0.0513744	0.0245189	0.243058	-0.0498714	-0.0173405	-0.00435654	-0.0453854	-0.139125	-0.0981954	-0.174317	-0.0550443	-0.0494202	-0.00163814	-0.142537	-0.156943	-0.00460129	-0.00771622	0.123155	-0.0498749	0.000669121	0.0912951	0	0.0271141	
-0.00669046	0.179838	-0.0169511	0.0289473	0.114393	-0.0503732	-0.018117	-0.00675743	-0.0476357	-0.0754072	-0.0967473	-0.14901	-0.0560644	-0.0515462	-0.000904254	-0.122871	-0.162798	0.00138927	-0.00311044	0.131985	-0.0593281	0.011024	0.157542	0.0113439	
-0.0499973	0.135535	-0.0259284	0.0326113	0.252977	-0.0476795	-0.0147066	-0.00440575	-0.0436894	-0.123016	-0.0914484	-0.193325	-0.0531213	-0.0536425	-7.99369e-05	-0.151499	-0.158804	-0.0109219	0.00295458	0.162703	-0.0557575	0.0126512	0.142943	-0.0286087	
-0.0371353	0.157773	-0.0279027	0.0356911	0.100914	-0.0495906	0.00605497	-0.0128741	-0.0482182	-0.11675	-0.0829464	-0.183886	-0.0560953	-0.0548643	0.0112936	-0.145906	-0.15701	-0.00169525	-0.00325123	0.14809	-0.0679352	0.00510753	0.211051	
-0.0371353	0.193434	-0.0435535	0.0334694	0.156211	-0.048958	-0.0077655	-0.00425595	-0.0411957	-0.104234	-0.0885363	-0.18108	-0.0555405	-0.0556465	0.00485952	-0.143951	-0.157994	-0.00365029	-0.00052621	0.137207	-0.0633419	0.0122752	0.241429	0	
-0.0275494	0.174777	-0.0976573	0.0346501	0.25369	-0.0482076	-0.0139376	0.0112422	-0.0445741	-0.111095	-0.0930029	-0.170716	-0.0559358	-0.0577328	0.00345909	-0.133578	-0.158331	-0.00398153	-0.00359069	0.0700944	-0.0568646	0.0116592	0.116259	-0.0572696	-0.0378733	0.0201943	-0.0275644	
-0.0313303	0.169862	-0.0623725	0.0190246	0.114724	-0.0492562	-0.00825329	-0.00527963	-0.0485896	-0.141684	-0.104111	-0.168748	-0.0555679	-0.0569482	-0.00359224	-0.137359	-0.153713	-0.00398153	-0.00154092	0.110843	-0.0506858	0.00862164	0.23801	-0.0457771	-0.00398153	
-0.0496945	0.122201	-0.0463699	0.0603467	0.0926225	-0.048449	-0.0412104	-0.0177725	-0.0447653	-0.132355	-0.100394	-0.181051	-0.0556203	-0.0551989	0.00494318	-0.141218	-0.144493	-0.0147643	-0.00499249	0.144737	-0.0405121	0.0146387	0.280594	-0.0191443	0	-0.0481044	-0.023678	
-0.0567192	0.12143	-0.0423105	0.02543	0.196633	-0.0503684	-0.0274247	0.00170303	-0.0466604	-0.117967	-0.103566	-0.191436	-0.0545175	-0.0568985	-0.000488286	-0.148243	-0.150858	-0.0147643	-0.00499249	0.149271	-0.0417626	0.0126349	0.249931	-0.00734156	-0.0863047	-0.0202889	
-0.0201008	0.139242	-0.0194605	0.0490531	0.087049	-0.0447198	0.00321471	-0.00163347	-0.0443799	-0.103604	-0.0906898	-0.142432	-0.0537689	-0.0564058	0.00932273	-0.113729	-0.151728	-0.0140227	-0.00341836	0.1324	-0.0509596	0.0179901	0.197498	-0.00680465	0	0.00136347	0.0119718	
