0.197657	-0.148784	-0.059905	-0.198109	0.400844	-0.185182	-0.109962	-0.191517	-0.187946	-0.0622834	-0.169711	-0.205242	-0.20931	-0.175234	-0.16032	-0.206231	0.0218216	0.16583	-0.210714	-0.200858	-0.0638807	-0.123699	-0.087223	-0.208785	-0.057837	-0.203535	0.0027651	0.164639	-0.154787	-0.0044792	-0.21632	-0.180023	-0.206252	0.0319411	-0.217018	-0.443723	-0.0185887	0.0880111	-0.0672711	-0.00797526	-0.19417	-0.167646	0.0295968	-0.0280762	0.0467528	-0.524833	-0.133786	-0.198531	-0.0350156	-0.114857	0.315407	-0.0604872	-0.189865	0.047851	-0.196204	-0.216575	-0.0457986	-0.0666982	-0.208799	-0.071157	-0.20876	-0.165408	-0.211557	0.0601455	-0.213959	-0.2087	-0.209333	-0.204847	-0.0372391	0.0310974	-0.216868	-0.180809	-0.208419	-0.094953	-0.204358	0.117155	-0.206315	0.312718	-0.149697	-0.0560393	0.142243	-0.200703	
0.203182	-0.148616	-0.0604799	-0.201807	0.256391	-0.185182	-0.110271	-0.171513	-0.0628778	-0.204726	0.0124849	0.0799686	-0.193905	-0.0643372	-0.131613	0.0814065	-0.151976	-0.173096	-0.192484	-0.215748	-0.270483	-0.162089	-0.0547136	-0.0660149	-0.176246	-0.189438	-0.163617	0.374617	-0.147942	-0.0591438	-0.183093	-0.215663	-0.0480108	-0.0660888	-0.151767	-0.208627	0.0577181	-0.200021	-0.211226	-0.210152	-0.202689	-0.0402982	-0.209823	-0.216037	-0.205057	-0.209291	0.177964	
0.192455	-0.139851	-0.059801	-0.193275	0.124168	-0.18172	-0.101506	-0.0672794	-0.158505	-0.0631951	-0.199777	-0.195726	-0.0618236	-0.120121	-0.129246	-0.202646	-0.209919	-0.153324	-0.059281	-0.196677	-0.147781	-0.199609	-0.0512438	-0.0620524	-0.183635	-0.0660684	-0.171878	-0.203335	0.0550649	-0.184918	-0.204817	-0.193464	-0.187779	0.282106	-0.203475	-0.20889	0.0622991	
0.186147	-0.139559	-0.0600925	-0.192816	0.237471	-0.176561	-0.101506	-0.0679076	-0.167101	-0.0645578	-0.0634976	-0.144068	-0.201814	-0.0936218	-0.195626	-0.203719	0.224405	-0.155718	-0.0564742	-0.0600173	-0.0681449	-0.171878	-0.201632	0.0406787	-0.187767	-0.206476	-0.106729	-0.192166	-0.0472453	-0.187003	
0.209203	-0.154055	-0.0600187	-0.205384	0.267835	-0.196659	-0.113402	-0.0671796	-0.178012	-0.0641959	-0.0644595	-0.161295	-0.212373	-0.146796	-0.211283	-0.215088	0.100289	-0.0549975	-0.0673117	-0.181264	-0.215803	0.0416198	-0.196123	-0.216191	-0.120598	-0.164735	-0.0564281	-0.206378	-0.0482905	-0.20556	
0.205227	-0.153162	-0.0609113	-0.206061	0.241647	-0.197688	-0.108574	-0.0672477	-0.179525	-0.0653912	-0.0644273	-0.159472	-0.219552	-0.175227	-0.11706	-0.211547	0.0985305	-0.21161	-0.0562727	-0.0687003	-0.183512	-0.221684	0.0242569	-0.200165	-0.217135	-0.140712	-0.174097	-0.0548003	0	-0.202554	-0.050623	
0.194857	-0.138522	-0.0614886	-0.191421	0.204661	-0.183048	-0.0969914	-0.067578	-0.16117	-0.206619	-0.155839	-0.199118	-0.178325	-0.0939039	-0.196212	0.0711676	-0.0592587	-0.0669038	-0.173557	-0.204467	0.0205739	-0.183634	-0.0657456	-0.163497	-0.171818	-0.0637124	-0.0650776	-0.184612	-0.0530494	
0.201831	-0.156794	-0.0611477	-0.209923	0.131863	-0.196401	-0.109347	-0.0668811	-0.186456	-0.222145	-0.169354	-0.21505	-0.0528855	-0.105027	-0.213372	0.0525737	-0.0470043	-0.067859	-0.192141	-0.22439	0.0489342	-0.198408	-0.0626692	-0.174998	-0.1964	-0.0561335	-0.0665698	-0.200615	
0.213801	-0.156794	-0.061812	-0.210592	0.115936	-0.1998	-0.106804	-0.0667198	-0.175159	-0.225129	-0.173078	-0.198192	-0.0557516	-0.16169	-0.201195	-0.213372	0.209562	-0.0523648	-0.190008	-0.225113	0.0329768	-0.203858	-0.0622438	-0.14673	-0.0682531	-0.178149	-0.0618965	-0.0669087	
0.192781	-0.138438	-0.0619214	-0.191244	0.218071	-0.176902	-0.0882901	-0.0673825	-0.156324	-0.203619	-0.1554	-0.203847	-0.18771	-0.0586076	-0.0989284	-0.185378	-0.0623207	-0.19644	0.0547077	0.0263772	-0.0479539	-0.164014	-0.190086	-0.0608906	-0.167831	-0.0647071	-0.159794	-0.0428498	
0.198203	-0.14996	-0.0582479	-0.202626	0.160789	-0.18409	-0.0947071	-0.0636176	-0.172022	-0.196557	-0.139759	-0.21213	-0.210576	-0.0517444	-0.138586	-0.200177	-0.0618695	-0.204285	0.060138	0.0313631	-0.0446081	-0.15868	-0.0598394	0	-0.161743	-0.0631364	-0.179998	-0.0520265	
0.197447	-0.145588	-0.0629405	-0.197211	0.187337	-0.188192	-0.105187	-0.0678249	-0.172022	-0.195603	-0.157959	-0.214543	-0.2122	-0.0570829	-0.108235	-0.193756	-0.0652119	-0.203328	-0.13984	0.0104801	0.119931	0.0351872	-0.0567332	-0.183426	-0.0640483	-0.0684482	-0.179484	-0.0449059	
0.198052	-0.145588	-0.0629405	-0.200216	0.108072	-0.192448	-0.103989	-0.0691261	-0.172022	-0.195603	-0.166333	-0.212184	-0.211423	-0.0592794	-0.148605	-0.163611	-0.064817	-0.202837	-0.148051	-0.0108782	0.1504	-0.0603293	-0.17781	0.0250348	-0.0554705	-0.175029	-0.0622523	-0.0674706	
0.202005	-0.147567	-0.0590833	-0.197872	0.133464	-0.185185	-0.103989	-0.0659815	-0.167349	-0.192602	-0.162054	-0.213989	-0.210119	-0.0566623	-0.153961	-0.190342	-0.0627832	-0.202837	-0.146043	0.00444045	0.104957	-0.0553175	-0.166396	0.0211676	-0.0410356	-0.178359	-0.0611558	-0.0677838	0	
0.194351	-0.14981	-0.0571608	-0.198334	0.255173	-0.17298	-0.127995	-0.0631106	-0.179788	-0.195767	-0.152123	-0.210963	-0.206415	-0.0534421	-0.154532	-0.198826	-0.0627642	-0.204419	-0.150106	0.0389853	0.0937286	-0.0534492	-0.176071	0.0452775	-0.0464324	-0.172802	-0.0612777	-0.0636589	
0.202863	-0.148602	-0.0579809	-0.196123	0.146344	-0.185262	-0.0988979	-0.0647719	-0.175022	-0.194398	-0.172496	-0.21231	-0.204758	-0.0551772	-0.139859	-0.200944	-0.0618753	-0.204114	-0.174344	-0.00454486	0.0656452	-0.159605	-0.163681	0.0282717	-0.0592616	-0.187982	-0.0620148	-0.0580441	
0.196186	-0.14763	-0.0589528	-0.198856	0.129258	-0.185725	-0.0664519	-0.171721	-0.109807	-0.144063	-0.210656	-0.20447	-0.0544347	-0.153659	-0.193659	-0.0631235	-0.203703	-0.193797	0.00873258	0.0648888	-0.0242136	-0.17536	0.0294466	-0.0537823	-0.191135	-0.0621176	-0.0628546	
0.204684	-0.154653	-0.0605557	-0.205196	0.190783	-0.192271	0.0556394	-0.0653748	-0.17868	-0.0891496	-0.220363	-0.16748	-0.214178	-0.0570782	-0.124363	-0.2126	-0.0662542	-0.211035	-0.202215	-0.0230002	-0.0551274	-0.184766	0.0252774	-0.0497533	-0.19024	-0.0615726	
0.20775	-0.151699	-0.0624507	-0.20948	0.119031	-0.193348	0.12844	-0.0698512	-0.181339	-0.102237	-0.216292	-0.151277	-0.217088	-0.0593107	-0.123713	-0.208903	-0.0664118	-0.212079	-0.197142	0.01296	-0.064259	-0.175717	0.0190593	0	0	-0.034397	-0.0554713	-0.189794	-0.0663383	
0.20872	-0.152319	-0.0617197	-0.207629	0.0836054	-0.181674	0.0688341	-0.0684431	-0.184566	-0.144585	-0.216932	-0.1677	-0.218925	-0.0539563	-0.117424	-0.203465	-0.0669647	-0.210625	-0.202257	0.0462353	-0.0626137	-0.180879	0.0218917	0	-0.0583603	-0.193865	-0.0640412	
0.205757	-0.156614	-0.0584207	-0.205536	0.12915	-0.184089	0.170088	-0.0647497	-0.184566	-0.134504	-0.220644	-0.17493	-0.218889	-0.0539718	-0.101922	-0.203455	-0.0636266	-0.211286	-0.203859	0.0361543	-0.060922	0.0234488	-0.183611	-0.173568	-0.0589732	-0.0486321	
0.21132	-0.156614	-0.0580632	-0.205645	0.138235	-0.192539	0.136114	-0.0645836	-0.184566	-0.123386	-0.221509	-0.173988	-0.218589	-0.0524862	-0.146266	-0.205314	-0.0635104	-0.210018	-0.205459	0.0142601	-0.0644284	0.0279758	-0.187143	-0.183191	-0.0610846	-0.053968	-0.0208387	
0.208373	-0.155544	-0.0580825	-0.208513	0.118205	-0.184988	0.133569	-0.0632952	-0.180167	-0.122316	-0.218784	-0.179165	-0.217894	-0.05363	-0.139538	-0.207549	-0.0619755	-0.210057	-0.20196	0.0259818	-0.0636748	0.0412505	-0.0549515	-0.194676	-0.185224	-0.0600831	
0.199297	-0.147361	-0.0580825	-0.202719	0.0919313	-0.175337	0.231067	-0.0635466	-0.173643	-0.125576	-0.208665	-0.170774	-0.2108	-0.0514095	-0.115731	-0.194003	-0.0634393	-0.199136	-0.191647	0.0331329	-0.0649219	0.0389842	-0.0504393	-0.180832	-0.172731	-0.0604392	-0.0793524	
0.200193	-0.147361	-0.0594519	-0.194974	0.122302	-0.174059	0.150725	-0.0643994	-0.174633	-0.0976747	-0.210855	-0.165713	-0.205257	-0.0510937	-0.107662	-0.200354	-0.0637177	-0.199636	-0.195758	0.0173901	-0.064803	0.0298692	-0.0564539	-0.187417	-0.169763	-0.0568352	-0.192947	
0.202788	-0.147689	-0.0575512	-0.197722	0.0872409	-0.178723	0.13537	-0.0636664	-0.1722	-0.117167	-0.206231	-0.150237	-0.206656	-0.0474357	-0.116619	-0.183106	-0.0641495	-0.199636	-0.191235	0.0329109	-0.0632505	0.0321699	-0.0482907	-0.184282	-0.17558	-0.0565066	
0.201201	-0.148425	-0.0568151	-0.198157	0.187353	-0.153069	0.0870468	-0.062899	-0.1722	-0.125947	-0.210689	-0.162389	-0.211013	-0.0516517	-0.131165	-0.162319	-0.0622691	-0.202706	-0.191745	0.041691	-0.0620748	0.0274839	-0.0483911	-0.175647	-0.167545	-0.0523567	0.0182927	
0.202566	-0.14979	-0.0570547	-0.19884	0.083052	-0.169193	0.322828	-0.0613669	-0.174606	-0.102992	-0.213852	-0.147834	-0.21215	-0.050718	-0.12792	-0.20036	-0.0616522	-0.204212	-0.197358	0.017372	-0.0617692	0.0310617	-0.0516058	-0.185452	-0.165475	-0.0586182	
0.198315	-0.14979	-0.0578183	-0.198814	0.0921375	-0.176581	0.122208	-0.0605621	-0.170196	-0.123524	-0.212341	-0.15975	-0.204412	-0.0486839	-0.150201	-0.175066	-0.0598963	-0.203661	-0.195179	0.0580194	-0.0577098	0.0321092	-0.0486289	-0.173787	-0.172057	-0.0601507	-0.100936	
0.206791	-0.157622	-0.0578183	-0.209411	0.111803	-0.187325	0.140421	-0.0626836	-0.18103	-0.155975	-0.214305	-0.167027	-0.216933	-0.0535109	-0.14176	-0.197327	-0.0629092	-0.212028	-0.202463	0.0581454	-0.0583474	0.0236103	-0.0527876	-0.181024	-0.182911	-0.0585067	-0.00752288	
0.198022	-0.155731	-0.0597092	-0.206447	0.170986	-0.18336	0.138684	-0.0643843	-0.177546	-0.132004	-0.213272	-0.165036	-0.213608	-0.0586318	-0.126936	-0.201437	-0.0649124	-0.210942	-0.198318	0.0214397	-0.0610754	0.0280162	-0.0558598	-0.185471	-0.185128	-0.0619502	0.0858503	
0.195408	-0.155581	-0.0598972	-0.205642	0.0931759	-0.18221	0.0782576	-0.0640931	-0.171778	-0.131824	-0.21923	-0.1686	-0.216433	-0.0545292	-0.130959	-0.206487	-0.066509	-0.213036	-0.202263	0.0385251	-0.0605035	0.0238346	-0.0455044	-0.183032	-0.177974	-0.0596134	-0.00300246	
0.204231	-0.154822	-0.0603264	-0.207375	0.12521	-0.186824	0.0792626	-0.0639881	-0.173289	-0.14638	-0.218315	-0.164826	-0.21663	-0.0564131	-0.148304	-0.204699	-0.0651252	-0.210207	-0.196494	0.0674525	-0.065733	0.0145037	-0.0475645	-0.187742	-0.184167	-0.0621408	0.00426397	
0.206553	-0.154619	-0.0600591	-0.203818	0.15959	-0.186824	0.132084	-0.0628006	-0.172522	-0.130602	-0.217008	-0.17997	-0.218819	-0.0573831	-0.119108	-0.194452	-0.0641487	-0.210207	-0.196551	0.0499209	-0.0633397	0.0253636	-0.0487034	-0.186169	-0.175787	-0.0644489	0.000271929	0	
0.208066	-0.158398	-0.055419	-0.203694	0.119109	-0.187194	0.0710215	-0.0604767	-0.168273	-0.138518	-0.214646	-0.172646	-0.214523	-0.0533448	-0.148825	-0.192347	-0.0617236	-0.21119	-0.189903	0.0616323	-0.0617158	0.0269458	-0.0487001	-0.191836	-0.166483	-0.0602784	0.036893	
0.211082	-0.155725	-0.0584314	-0.205851	0.0760946	-0.182144	0.116426	-0.0628621	-0.176966	-0.136973	-0.218212	-0.168875	-0.218902	-0.0539328	-0.128257	-0.191389	-0.0641424	-0.209906	-0.18758	0.0412082	-0.0630011	0.052162	-0.048075	-0.190059	-0.182628	-0.0598622	0.0259758	
0.20631	-0.156326	-0.0581902	-0.207436	0.148615	-0.18777	0.233696	-0.0626212	-0.173363	-0.160848	-0.219068	-0.172226	-0.21925	-0.0509945	-0.142652	-0.195766	-0.0648223	-0.209718	-0.192076	0.0749352	-0.0615802	0.0304492	-0.0498622	-0.19126	-0.186345	-0.0608267	-0.0712506	
0.204176	-0.153574	-0.0609419	-0.206481	0.105977	-0.188285	0.153258	-0.0631833	-0.185655	-0.142514	-0.204866	-0.166115	-0.220434	-0.0548983	-0.13394	-0.191701	-0.0669181	-0.209718	-0.187158	0.048273	-0.0591511	0.0236049	-0.053449	-0.170102	-0.177909	-0.0639791	-0.0450822	0	0	
0.207568	-0.152075	-0.0618776	-0.204593	0.119002	-0.188285	0.17751	-0.0662698	-0.186227	-0.118682	-0.218353	-0.1641	-0.221025	-0.0591942	-0.13394	-0.202386	-0.0673071	-0.210793	-0.179001	0.0164994	-0.06523	0.021548	-0.0489668	-0.189566	-0.17233	-0.0639053	
0.207789	-0.149436	-0.0621978	-0.204575	0.130804	-0.173072	0.168816	-0.0667063	-0.175485	-0.136403	-0.213958	-0.159262	-0.218523	-0.0594028	-0.121052	-0.192206	-0.0676056	-0.207851	-0.178568	0.0464992	-0.0671892	0.0262616	-0.055408	-0.175152	-0.148475	-0.0640147	
0.212898	-0.156856	-0.0622036	-0.210604	0.0733665	-0.190314	0.199437	-0.0644971	-0.182904	-0.141351	-0.222418	-0.180513	-0.22482	-0.0545861	-0.125346	-0.20897	-0.068831	-0.214857	-0.192044	0.0235362	-0.0681561	0.0315002	-0.0518264	-0.198523	-0.139847	-0.0644697	-0.14177	-0.00327088	-0.135667	
0.21267	-0.153877	-0.062207	-0.20761	0.0693749	-0.190491	0.208654	-0.0664771	-0.180565	-0.153384	-0.220959	-0.18045	-0.222139	-0.0565067	-0.141148	-0.205069	-0.0666671	-0.21088	-0.193001	0.0615215	-0.0643994	0.0287156	-0.0548871	-0.192631	-0.131508	-0.0665698	
0.204921	-0.156265	-0.0598189	-0.208154	0.113229	-0.193019	0.11145	-0.0625568	-0.17996	-0.128019	-0.217586	-0.185015	-0.218276	-0.0593001	-0.166471	-0.184254	-0.0657957	-0.21292	-0.195896	0.0379146	-0.0668309	0.0721661	-0.0523931	-0.200557	-0.141505	-0.0594747	-0.0551444	-0.0051406	
0.19966	-0.151004	-0.0599906	-0.20289	0.0402573	-0.189721	0.0548183	-0.0649407	-0.157614	-0.117467	-0.213017	-0.162362	-0.218668	-0.0545895	-0.160135	-0.19819	-0.0656843	-0.20778	-0.188121	0.0306242	-0.0635853	0.0278893	-0.0554223	-0.186536	-0.12876	-0.0630475	-0.0753263	
0.203842	-0.152046	-0.0583716	-0.204845	0.0706892	-0.19044	0.0770612	-0.065155	-0.171086	-0.139674	-0.212125	-0.178008	-0.211706	-0.0555567	-0.159731	-0.202326	-0.0652308	-0.207125	-0.195659	0.0516531	-0.0629418	0.0222438	-0.0440948	-0.191761	-0.111456	-0.0613007	
0.207752	-0.152029	-0.0587453	-0.201462	0.0914819	-0.185872	0.243106	-0.0645595	-0.175684	-0.111375	-0.21765	-0.164311	-0.210162	-0.0486656	-0.174907	-0.19746	-0.0650493	-0.204707	-0.187401	0.0233705	-0.0652747	0.0235407	-0.0468408	-0.190014	-0.094375	-0.0608092	-0.00307146	-0.0831074	
0.204894	-0.152029	-0.0591112	-0.201491	0.0422833	-0.186873	0.244462	-0.0624775	-0.174142	-0.130393	-0.216709	-0.170644	-0.216526	-0.0530151	-0.159168	-0.193384	-0.0642083	-0.207149	-0.187514	0.0508784	-0.0543793	0.0260123	-0.0525564	-0.190014	-0.102045	-0.0616977	0	0	
0.20788	-0.152029	-0.0591112	-0.206109	0.0640534	-0.179531	0.211248	-0.0626391	-0.173559	-0.136243	-0.210712	-0.166351	-0.215058	-0.0508443	-0.172257	-0.198425	-0.0650901	-0.204711	-0.197617	0.0415383	-0.0613571	0.0245836	-0.0443241	-0.18327	-0.120298	-0.0592663	
0.199	-0.152029	-0.059142	-0.202198	0.0696997	-0.183338	0.0890775	-0.0633647	-0.170299	-0.11236	-0.216197	-0.159901	-0.216564	-0.0543104	-0.16659	-0.202604	-0.0639714	-0.205333	-0.196697	0.0291797	-0.0651171	0.0266718	-0.0453205	-0.175864	-0.0862503	-0.0615906	-0.134851	-0.159555	
0.201573	-0.152029	-0.0585676	-0.205956	0.0696119	-0.178943	0.0750791	-0.0610458	-0.171616	-0.138799	-0.213384	-0.176413	-0.217559	-0.0469854	-0.171578	-0.199158	-0.0649532	-0.206233	-0.194485	0.0583379	-0.0661619	0.0250414	-0.0457873	-0.183366	-0.0547022	-0.0598443	
0.206829	-0.152029	-0.0586365	-0.208623	0.0829606	-0.178943	0.203253	-0.0626682	-0.167819	-0.157718	-0.215269	-0.17475	-0.217107	-0.0518115	-0.151447	-0.198069	-0.0650021	-0.206233	-0.194961	0.0821978	-0.0647211	0.037417	-0.0491025	-0.16616	-0.105079	-0.05617	
0.201601	-0.149355	-0.0597804	-0.201218	0.0767053	-0.171942	0.0860869	-0.061028	-0.171574	-0.130797	-0.212949	-0.162868	-0.212417	-0.0521003	-0.153255	-0.198103	-0.0648286	-0.204569	-0.185056	0.0534253	-0.061784	0.0253723	-0.0461347	-0.178582	-0.105321	-0.0548063	
0.202786	-0.1502	-0.0570067	-0.200021	0.0827852	-0.177674	0.124226	-0.0615853	-0.162444	-0.140504	-0.208731	-0.172233	-0.215277	-0.0521607	-0.153414	-0.198977	-0.0618077	-0.204367	-0.188438	0.044287	-0.0609883	0.0425904	-0.0435354	-0.178356	-0.100756	-0.0562334	
0.200512	-0.1502	-0.0586705	-0.203951	0.0808192	-0.180628	0.0576806	-0.0620169	-0.169139	-0.132356	-0.201779	-0.172779	-0.216491	-0.0512326	-0.141678	-0.19778	-0.0643797	-0.204367	-0.190852	0.0527088	-0.0606702	0.0262418	-0.0529892	-0.182461	-0.108548	-0.0566819	-0.165973	
0.205895	-0.146674	-0.0615442	-0.201958	0.0885408	-0.185376	0.104706	-0.0658881	-0.170509	-0.132574	-0.210074	-0.172891	-0.215154	-0.0528003	-0.1501	-0.18797	-0.0665971	-0.204367	-0.189873	0.0490299	-0.0656229	0.0362219	-0.0548056	-0.184835	-0.120672	-0.0590992	-0.18518	
0.206439	-0.149406	-0.059751	-0.201469	0.0827784	-0.168242	0.0960441	-0.0620747	-0.16744	-0.126133	-0.212017	-0.176467	-0.210512	-0.053735	-0.151011	-0.192335	-0.0643116	-0.203086	-0.194163	0.026362	-0.0641576	0.0389829	-0.0497967	-0.164187	-0.116845	-0.0596609	
0.206439	-0.149406	-0.0606897	-0.20017	0.116798	-0.165111	0.136078	-0.0621427	-0.175188	-0.137514	-0.213582	-0.15823	-0.208434	-0.0524805	-0.13625	-0.197833	-0.0659722	-0.205583	-0.195672	0.0592567	-0.0606098	0.0455358	-0.0545409	-0.171986	-0.106857	-0.0604659	0	-0.0774948	-0.0540829	
0.209325	-0.155183	-0.0600985	-0.210699	0.0907495	-0.175743	0.127582	-0.0638123	-0.168029	-0.136954	-0.216565	-0.17182	-0.218989	-0.0524805	-0.160938	-0.203548	-0.0654638	-0.209969	-0.202113	0.0529193	-0.0596307	0.0500188	-0.0573044	-0.183952	-0.124148	-0.060674	-0.00577683	0	
0.208593	-0.154293	-0.0573729	-0.206939	0.113154	-0.160094	0.160965	-0.0602003	-0.175661	-0.132069	-0.215066	-0.153736	-0.213407	-0.046486	-0.1421	-0.194147	-0.0618691	-0.208458	-0.199068	0.0443117	-0.0596927	0.0573409	-0.0442227	-0.16494	-0.120436	-0.0579999	-0.0020643	-0.113045	-0.00377252	
0.21253	-0.152859	-0.0579581	-0.205097	0.0835832	-0.178807	0.30673	-0.0621214	-0.167173	-0.132069	-0.213657	-0.160555	-0.216818	-0.0528893	-0.109381	-0.200163	-0.0638358	-0.207287	-0.199699	0.0360735	-0.0613716	0.0369655	-0.0499751	-0.162177	-0.0628844	-0.0589159	0.0035602	0.010126	0.00249966	
0.21253	-0.152859	-0.0579581	-0.205097	0.141894	-0.17939	0.126571	-0.0597355	-0.171484	-0.133411	-0.216738	-0.157203	-0.217161	-0.0525678	-0.158961	-0.206084	-0.0630746	-0.208407	-0.199584	0.0454819	-0.0631503	0.0403706	-0.0469443	-0.174016	-0.10339	-0.057719	0.00179016	
0.206737	-0.147598	-0.0608899	-0.203402	0.126261	-0.168214	0.0687339	-0.0658096	-0.167679	-0.112869	-0.209538	-0.17301	-0.21252	-0.0524448	-0.116821	-0.196655	-0.0667948	-0.206008	-0.195749	0.0181745	-0.0659558	0.0375628	-0.0520408	-0.176177	-0.0871236	-0.0581965	-0.0183518	
0.211242	-0.153243	-0.0608899	-0.208653	0.152303	-0.171078	0.0922915	-0.0634157	-0.175732	-0.130479	-0.219744	-0.145489	-0.215897	-0.0510093	-0.119075	-0.208933	-0.0669326	-0.211654	-0.195886	0.0346915	-0.0646453	0.0438977	-0.0561923	-0.181568	-0.0825465	-0.0585135	-0.0239973	0.0305147	-0.128786	
0.211976	-0.152197	-0.0615137	-0.209518	0.151257	-0.188187	0.113115	-0.0641077	-0.174541	-0.125765	-0.219464	-0.171604	-0.176476	-0.0511638	-0.108745	-0.195592	-0.0670817	-0.209363	-0.207331	0.0389649	-0.0648262	0.0825826	-0.0613786	-0.179779	-0.114138	-0.0614335	-0.0370201	
0.209799	-0.157524	-0.0561867	-0.210723	0.102977	-0.178071	0.0862705	-0.059354	-0.173079	-0.120573	-0.219464	-0.166815	-0.218638	-0.0472752	-0.157933	-0.20608	-0.0618882	-0.211495	-0.202064	0.0267515	-0.05845	0.0524103	-0.0527336	-0.1673	-0.105156	-0.0526721	0.000471899	0	
0.211873	-0.150311	-0.065079	-0.208148	0.123591	-0.181893	0.22916	-0.0679427	-0.182296	-0.134735	-0.218014	-0.177177	-0.181845	-0.0560124	-0.144052	-0.198379	-0.069522	-0.211324	-0.202278	0.0368043	-0.0662957	0.0409193	-0.0601603	-0.170039	-0.106102	-0.0638832	-0.0284483	-0.0648836	-0.0266385	
0.211562	-0.150131	-0.0644152	-0.209324	0.0834791	-0.190169	0.105471	-0.068539	-0.178651	-0.0970064	-0.215124	-0.170161	-0.217106	-0.0580421	-0.131983	-0.211154	-0.0697129	-0.211157	-0.203072	-0.000924741	-0.0606786	0.0522568	-0.0530675	-0.171303	-0.122499	-0.0673659	-0.0248683	-0.113806	
0.205452	-0.142974	-0.0648686	-0.203054	0.0850816	-0.187478	0.163825	-0.0693486	-0.166214	-0.122172	-0.200783	-0.171391	-0.209412	-0.0527795	-0.143258	-0.194407	-0.0681206	-0.204739	-0.19541	0.0548815	-0.0699664	0.0641549	-0.0613264	-0.17018	-0.120196	-0.0629426	-0.040037	0.0315615	
0.201801	-0.142974	-0.0656166	-0.203695	0.0790437	-0.1854	0.173057	-0.0710694	-0.161516	-0.12837	-0.20955	-0.155138	-0.20963	-0.0592766	-0.145399	-0.196926	-0.0699279	-0.204739	-0.198189	0.0773604	-0.0705576	0.032365	-0.0606544	-0.167372	-0.0993439	-0.0618523	0.191314	0.0458042	
0.206289	-0.142974	-0.0649045	-0.197947	0.192554	-0.173903	0.0918477	-0.0700888	-0.167069	-0.116223	-0.212746	-0.160958	-0.207807	-0.0576084	-0.137686	-0.190519	-0.0701608	-0.204739	-0.199644	0.0183168	-0.0682166	0.0392125	-0.0584984	-0.169696	-0.117992	-0.0624795	-0.0038348	
0.211111	-0.150018	-0.0649045	-0.210331	0.237643	-0.17879	0.123795	-0.0714364	-0.179481	-0.125403	-0.221038	-0.164596	-0.214911	-0.0517776	-0.138928	-0.199694	-0.070756	-0.211506	-0.209333	0.0234519	-0.0706904	0.0373721	-0.0645134	-0.175745	-0.13367	-0.066982	-0.0218459	
0.211044	-0.151188	-0.064271	-0.209978	0.175962	-0.185961	0.150262	-0.0687456	-0.183111	-0.147115	-0.217373	-0.166059	-0.217726	-0.0545709	-0.158656	-0.207686	-0.0703454	-0.210252	-0.207335	0.0462943	-0.0625885	0.0510383	-0.0578819	-0.182505	-0.120003	-0.0628769	-0.0194247	0.00232089	
0.206726	-0.149573	-0.066031	-0.206596	0.0929293	-0.1861	0.115329	-0.0718557	-0.183111	-0.136655	-0.21814	-0.165538	-0.210487	-0.058543	-0.141051	-0.209189	-0.0714082	-0.210983	-0.206987	0.051218	-0.0707278	0.0460485	-0.0572936	-0.188053	-0.109844	-0.0635029	-0.00500608	
0.211164	-0.147094	-0.066031	-0.206386	0.0692433	-0.182012	0.0777162	-0.0713241	-0.181017	-0.132973	-0.213895	-0.167577	-0.208015	-0.0546409	-0.0986195	-0.19862	-0.0699107	-0.206912	-0.203754	0.0598665	-0.0635388	0.0480364	-0.0635954	-0.182828	-0.111271	-0.0670464	-0.0225416	
0.209151	-0.147094	-0.0657102	-0.205829	0.116752	-0.192813	0.115461	-0.0716366	-0.177265	-0.144736	-0.216601	-0.172734	-0.196916	-0.0503047	-0.137559	-0.207926	-0.070888	-0.209573	-0.201682	0.0679861	-0.0657617	0.0427771	-0.0645407	-0.175737	-0.104746	-0.0674989	-0.00572569	
0.210036	-0.148144	-0.0661865	-0.211831	0.106708	-0.191018	0.0578668	-0.0717133	-0.181916	-0.138896	-0.222676	-0.1786	-0.20784	-0.0577465	-0.129572	-0.214399	-0.0735886	-0.211461	-0.206969	0.067326	-0.0727511	0.0406718	-0.0629412	-0.176756	-0.131688	-0.0667785	0.0161297	
0.211685	-0.150915	-0.0669257	-0.211245	0.207627	-0.189879	0.040226	-0.0710731	-0.18125	-0.141799	-0.221642	-0.174703	-0.208015	-0.0542974	-0.14214	-0.180726	-0.0713997	-0.212862	-0.205721	0.0600549	-0.070448	0.0271823	-0.0590295	-0.171221	-0.128575	-0.0649135	-0.0092741	
0.217947	-0.150915	-0.0649985	-0.209571	0.110371	-0.18398	0.106299	-0.0698331	-0.185508	-0.160738	-0.219031	-0.173306	-0.215407	-0.051714	-0.146291	-0.195284	-0.0704675	-0.212956	-0.209629	0.0589112	-0.0674919	0.0271893	-0.0655557	-0.177451	-0.135381	-0.0673309	0.00484944	0	
0.215009	-0.150915	-0.0660122	-0.208477	0.119422	-0.190879	0.0985006	-0.0715364	-0.1799	-0.141109	-0.22192	-0.181321	-0.220699	-0.0507481	-0.148175	-0.191189	-0.0703838	-0.21328	-0.209386	0.0353744	-0.0704593	0.055983	-0.0611007	-0.179669	-0.122218	-0.0628685	-0.0070675	0	0	
0.215731	-0.150915	-0.0660122	-0.211352	0.219871	-0.180307	0.0620663	-0.0700712	-0.180734	-0.135541	-0.220123	-0.177158	-0.21938	-0.0579413	-0.163428	-0.202885	-0.0712211	-0.213867	-0.207746	0.0333988	-0.0688544	0.0439221	-0.054989	-0.177321	-0.103787	-0.0651213	-0.0197964	
0.210565	-0.150915	-0.065284	-0.211195	0.14867	-0.170549	0.0382913	-0.0713071	-0.180937	-0.135008	-0.221505	-0.168356	-0.218459	-0.0541482	-0.144962	-0.193805	-0.0708982	-0.213087	-0.207983	0.0272797	-0.0675835	0.0468606	-0.0605596	-0.182647	-0.105427	-0.0632022	0.0132144	-0.0245392	
0.213542	-0.150915	-0.065284	-0.208912	0.133413	-0.185411	0.086113	-0.0710497	-0.180937	-0.140321	-0.220039	-0.179807	-0.212011	-0.056365	-0.147214	-0.203306	-0.0696244	-0.213255	-0.204593	0.0332799	-0.0664875	0.043452	-0.0590687	-0.166837	-0.102549	-0.062887	0.0135984	0	0	
0.221472	-0.157785	-0.0668397	-0.215109	0.124145	-0.192281	0.116966	-0.0710064	-0.190651	-0.148051	-0.225698	-0.188817	-0.226519	-0.0562985	-0.172307	-0.170192	-0.0721165	-0.219557	-0.210027	0.0220524	-0.0692017	0.0343393	-0.0595885	-0.18834	-0.140039	-0.0612765	-0.0103963	0.0294804	-0.167952	-0.094855	
0.222684	-0.158997	-0.0658376	-0.217998	0.163478	-0.196272	0.0727859	-0.0702417	-0.191863	-0.146173	-0.227526	-0.189925	-0.221349	-0.0579544	-0.162658	-0.215529	-0.0712683	-0.220769	-0.21613	0.036076	-0.0618511	0.0485903	-0.0619959	-0.192043	-0.094072	-0.0654483	-0.032647	-0.118731	
0.219291	-0.161789	-0.0624528	-0.214322	0.125386	-0.190048	0.0775798	-0.0670677	-0.190728	-0.150679	-0.226814	-0.191525	-0.194896	-0.0555111	-0.181675	-0.202768	-0.0669038	-0.219635	-0.208876	0.045802	-0.062909	0.0360586	-0.0563168	-0.188458	-0.103229	-0.0615277	-0.0289646	
0.218989	-0.160874	-0.0617456	-0.215491	0.131436	-0.196216	0.0900239	-0.0670386	-0.186781	-0.147522	-0.225978	-0.187577	-0.198195	-0.0553747	-0.163942	-0.209835	-0.0671124	-0.218892	-0.209464	0.0221057	-0.0606161	0.0181596	-0.0541068	-0.181449	-0.0795135	-0.0592437	-0.0258431	-0.00951061	-0.0225969	
0.216449	-0.160874	-0.0627414	-0.218574	0.101841	-0.183133	0.100746	-0.0665089	-0.18585	-0.155411	-0.225555	-0.179344	-0.236492	-0.0491204	-0.17304	-0.209443	-0.0670794	-0.217636	-0.211883	0.0576419	-0.0633494	0.0419734	-0.0593369	-0.187272	-0.0897853	-0.0588661	0.0108113	
0.219563	-0.157416	-0.0664485	-0.216859	0.188025	-0.189906	0.0586947	-0.0702707	-0.190642	-0.162869	-0.224449	-0.181823	-0.219418	-0.0609342	-0.170721	-0.204112	-0.0699131	-0.21814	-0.203153	0.0528314	-0.0618413	0.0275304	-0.0587618	-0.186618	-0.0613118	-0.0656246	0.0108113	
0.211134	-0.157697	-0.0664317	-0.217579	0.102161	-0.187868	-0.0255133	-0.188632	-0.144643	-0.220806	-0.180789	-0.225378	-0.0572274	-0.17204	-0.208707	-0.0690083	-0.219119	-0.210759	0.0303793	-0.0700516	-0.070398	0.0273528	-0.0545222	-0.191243	-0.129856	-0.0645617	
0.222113	-0.159657	-0.0661134	-0.219822	0.144872	-0.19339	-0.0403986	-0.189299	-0.129032	-0.229119	-0.178445	-0.226891	-0.0565509	-0.173795	-0.209679	-0.0686198	-0.220627	-0.211515	0.0126304	-0.0664195	-0.0697631	0.0425982	-0.0562395	-0.187313	-0.134781	-0.0611917	-0.170747	
0.209704	-0.150528	-0.066313	-0.209051	0.095189	-0.177195	-0.00191875	-0.178784	-0.13899	-0.218212	-0.181136	-0.219712	-0.0577076	-0.162763	-0.198654	-0.069664	-0.211838	-0.203776	0.0398838	-0.0674606	-0.0706197	0.0475961	-0.0542143	-0.177779	-0.107818	-0.0631072	
0.210428	-0.154069	-0.0655505	-0.214747	0.10892	-0.186024	-0.030571	-0.182892	-0.128372	-0.220629	-0.179812	-0.215141	-0.0577907	-0.178223	-0.20437	-0.0689219	-0.216481	-0.208765	0.0173201	-0.0699207	-0.0698383	0.0433227	-0.0547579	-0.198564	-0.116537	-0.058307	0	0	
0.208945	-0.15703	-0.0626138	-0.21554	0.159918	-0.185033	-0.000484715	-0.189782	-0.133546	-0.224759	-0.183268	-0.208705	-0.0541019	-0.168521	-0.205784	-0.0660673	-0.214777	-0.20652	0.0260255	-0.0530618	-0.06847	0.028841	-0.0501999	-0.180903	-0.162808	-0.058593	
0.208567	-0.158131	-0.061846	-0.213358	0.076117	-0.18779	-0.0344559	-0.180544	-0.133879	-0.22406	-0.177367	-0.220521	-0.0547724	-0.160669	-0.20956	-0.067307	-0.215469	-0.205241	0.028038	-0.0625642	-0.0659968	0.0575347	-0.0541168	-0.17524	-0.117073	-0.0598046	
0.215504	-0.157834	-0.0627364	-0.213358	0.105586	-0.183838	-0.0223117	-0.179307	-0.13711	-0.224046	-0.175526	-0.220628	-0.0564279	-0.140645	-0.206265	-0.0649731	-0.216152	-0.205608	0.0210983	-0.0642867	-0.0672568	0.0331552	-0.0529752	-0.175151	-0.143305	-0.0594273	0	
0.216547	-0.153022	-0.0671259	-0.213158	0.104399	-0.184408	-0.0108017	-0.17855	-0.130783	-0.220035	-0.186162	-0.212525	-0.0611989	-0.146531	-0.212268	-0.0706985	-0.216152	-0.207466	0.0257774	-0.0657745	-0.0711604	0.0364792	-0.056601	-0.188514	-0.109568	-0.063523	-0.0302356	0.0124462	
0.210625	-0.15673	-0.0634114	-0.214751	0.207852	-0.184977	-0.011653	-0.178186	-0.14425	-0.220596	-0.179261	-0.217515	-0.0547594	-0.155502	-0.218314	-0.0677525	-0.217748	-0.201953	0.0433283	-0.0651218	-0.0668619	0.0293348	-0.0516574	-0.189088	-0.150339	-0.0598508	0.0131177	
0.226851	-0.162217	-0.068938	-0.225521	0.0890011	-0.197563	-0.0219421	-0.197055	-0.154447	-0.22323	-0.168337	-0.228679	-0.0637101	-0.175424	-0.21487	-0.0715525	-0.227188	-0.215167	0.0437021	-0.0727403	-0.0715435	0.0296181	-0.0542595	-0.187487	-0.140583	-0.0677035	-0.0102891	-0.0102891	
0.214872	-0.152264	-0.0672163	-0.215954	0.189327	-0.175924	-0.0215655	-0.175071	-0.156968	-0.214978	-0.170864	-0.21911	-0.0601135	-0.157249	-0.208912	-0.0725005	-0.216032	-0.210462	0.0444312	-0.066509	-0.0718601	0.0297181	-0.0468808	-0.193887	-0.118325	-0.0669065	
0.214637	-0.152893	-0.0673663	-0.211982	0.190577	-0.180659	-0.0351062	-0.175818	-0.148193	-0.218293	-0.185767	-0.219912	-0.0602824	-0.163029	-0.20291	-0.0714795	-0.216099	-0.205082	0.0451248	-0.0636692	-0.0724871	0.0269274	-0.0524926	-0.176238	-0.105047	-0.0650551	-0.0793732	0	
0.20723	-0.151553	-0.0687063	-0.215966	0.172406	-0.180451	-0.00704902	-0.18161	-0.160802	-0.219621	-0.178779	-0.21997	-0.064319	-0.179518	-0.20824	-0.0729688	-0.217686	-0.205082	0.0468226	-0.0728325	-0.0718808	0.0492687	-0.06146	-0.188424	-0.122546	-0.0636689	
0.212061	-0.151553	-0.0687403	-0.21555	0.223207	-0.18684	-0.0106283	-0.184531	-0.153151	-0.221049	-0.186639	-0.21845	-0.0642731	-0.17204	-0.216666	-0.0742957	-0.215368	-0.208256	0.0542758	-0.0697469	-0.0738891	0.0348388	-0.0582743	-0.177733	-0.0952253	-0.0675856	
0.213634	-0.151553	-0.0695963	-0.214514	0.162443	-0.180883	-0.0372185	-0.185712	-0.162227	-0.219773	-0.168353	-0.217484	-0.0606567	-0.15888	-0.216499	-0.0720162	-0.215368	-0.203985	0.0511476	-0.0680415	-0.0734421	0.0303532	-0.0625089	-0.19019	-0.110534	-0.0629539	
0.217114	-0.153533	-0.0665048	-0.215877	0.193863	-0.187767	-0.0186896	-0.185712	-0.151491	-0.222812	-0.17047	-0.224676	-0.0613654	-0.132043	-0.213533	-0.0713947	-0.217476	-0.205524	0.0316305	-0.064528	-0.0710207	0.0291632	-0.0561075	-0.190599	-0.0970014	-0.0673377	
0.218916	-0.155003	-0.0654531	-0.216167	0.277521	-0.182098	-0.000964307	-0.175445	-0.149076	-0.21969	-0.168585	-0.223542	-0.0537306	-0.134873	-0.216283	-0.0697565	-0.215302	-0.203932	0.0579096	-0.0600334	-0.0681789	0.0313646	-0.0527768	-0.195491	-0.132764	-0.0666411	0	
0.215241	-0.155003	-0.0646779	-0.216507	0.261166	-0.192974	0.0156966	-0.18902	-0.137482	-0.218285	-0.180687	-0.218224	-0.0595995	-0.133145	-0.2094	-0.0706014	-0.215469	-0.210679	0.0324077	-0.067649	-0.0702075	0.0287141	-0.0538161	-0.177154	-0.100707	-0.0673591	
0.217156	-0.157797	-0.0636674	-0.218138	0.196802	-0.182843	0.0129029	-0.191813	-0.12305	-0.218611	-0.184507	-0.224339	-0.0599002	-0.152216	-0.218847	-0.0703613	-0.2193	-0.211266	0.0141684	-0.0571119	-0.0695058	0.0155995	-0.0565061	-0.191518	-0.116899	-0.0642968	
0.212216	-0.155769	-0.0648504	-0.218257	0.189072	-0.181935	-0.0179715	-0.188036	-0.153266	-0.220319	-0.176309	-0.225696	-0.0626099	-0.114644	-0.217849	-0.0706968	-0.217892	-0.204428	0.071439	-0.0528505	-0.0701851	0.0175468	-0.0617863	-0.194491	-0.112769	-0.0621067	
0.213431	-0.152418	-0.0651034	-0.211613	0.197529	-0.179139	-0.0218243	-0.184685	-0.12141	-0.214737	-0.163868	-0.218918	-0.0566799	-0.167794	-0.210535	-0.0700853	-0.214541	-0.205077	0.0362824	-0.0621481	-0.0682594	0.0338935	-0.0606906	-0.171243	-0.131841	-0.0618127	
0.211188	-0.149846	-0.0651034	-0.211325	0.16893	-0.179112	-0.00449813	-0.183178	-0.136051	-0.216556	-0.177895	-0.217341	-0.0560589	-0.115214	-0.204585	-0.0701462	-0.208513	-0.202506	0.0564031	-0.0672536	-0.0702195	0.0300596	-0.0628443	-0.18097	-0.104932	-0.0647828	0	
0.218197	-0.159967	-0.0623472	-0.217073	0.191503	-0.185599	-0.0320374	-0.189455	-0.130708	-0.222976	-0.169941	-0.224045	-0.0541619	-0.127065	-0.214161	-0.0673158	-0.219294	-0.210791	0.0215065	-0.0668532	-0.0674506	0.034721	-0.0513854	-0.198264	-0.111763	-0.0618076	
0.223363	-0.160795	-0.0620763	-0.217073	0.325766	-0.174184	-0.0356021	-0.188753	-0.14231	-0.219208	-0.171247	-0.228411	-0.0578839	-0.105307	-0.201124	-0.0672095	-0.218507	-0.212163	0.035021	-0.0651164	-0.0655892	0.0359133	-0.0555281	-0.191643	-0.135333	-0.0602944	
0.218308	-0.160795	-0.0613331	-0.217672	0.247296	-0.181998	-0.027086	-0.193883	-0.155611	-0.223484	-0.169092	-0.22734	-0.0515574	-0.13758	-0.220958	-0.0666196	-0.217666	-0.212163	0.0558976	-0.0649817	-0.0647237	0.0314673	-0.054353	-0.191784	-0.141595	-0.0619483	-0.0169423	-0.00644785	0	
0.220649	-0.154396	-0.068105	-0.217354	0.165287	-0.19555	-0.0153161	-0.192661	-0.15019	-0.220284	-0.179255	-0.22601	-0.0605447	-0.154138	-0.214611	-0.0724074	-0.217687	-0.206556	0.0463371	-0.0655157	-0.0711235	0.0283107	-0.0612765	-0.19036	-0.071023	-0.0634063	-0.0638618	
0.216106	-0.154144	-0.065305	-0.213556	0.211429	-0.189727	-0.03683	-0.190045	-0.141105	-0.209157	-0.170512	-0.22183	-0.0602498	-0.149636	-0.20739	-0.0673059	-0.214636	-0.205729	0.0337143	-0.06747	-0.0700645	0.0248732	-0.0617566	-0.183212	-0.092468	-0.0601712	0	
0.216078	-0.157171	-0.0652382	-0.216378	0.208099	-0.178094	-0.0398562	-0.18404	-0.144611	-0.218598	-0.1714	-0.224408	-0.0552833	-0.133442	-0.219464	-0.0688835	-0.219394	-0.211467	0.0341941	-0.0557933	-0.0687019	0.0550329	-0.0622846	-0.189424	-0.127841	-0.0617701	-0.0374389	
0.207875	-0.148162	-0.0647621	-0.207227	0.148135	-0.173753	-0.0295937	-0.18867	-0.138078	-0.213376	-0.16874	-0.216152	-0.0593179	-0.171479	-0.204776	-0.0687045	-0.210092	-0.199799	0.0379241	-0.0659007	-0.0693776	0.037705	-0.0558928	-0.172204	-0.122156	-0.0614892	0	
0.208511	-0.147234	-0.0652919	-0.206299	0.108284	-0.158636	-0.0181155	-0.185262	-0.13715	-0.209608	-0.161708	-0.213914	-0.0568224	-0.12693	-0.202924	-0.0684579	-0.209151	-0.196335	0.0339548	-0.0683438	-0.0682794	0.0355397	-0.0604494	-0.173567	-0.116499	-0.0643232	
0.22029	-0.158566	-0.0662051	-0.214675	0.168499	-0.190376	-0.0107791	-0.192585	-0.134307	-0.219386	-0.172288	-0.226933	-0.0582279	-0.173756	-0.214624	-0.0689722	-0.221027	-0.205354	0.0219334	-0.0682341	-0.068994	0.0369264	-0.05887	-0.184331	-0.138184	-0.0629503	
0.219234	-0.158208	-0.064248	-0.221154	0.238643	-0.196737	-0.0124635	-0.193601	-0.155799	-0.224734	-0.1771	-0.228476	-0.0545234	-0.142618	-0.214483	-0.0683728	-0.221262	-0.207817	0.051649	-0.0645774	-0.0700477	0.0404035	-0.0497209	-0.188182	-0.149835	-0.0635121	
0.212479	-0.149789	-0.0655152	-0.212577	0.224105	-0.190231	-0.0203502	-0.187937	-0.12725	-0.212105	-0.166407	-0.2148	-0.0552964	-0.153754	-0.20072	-0.0695813	-0.212615	-0.202919	0.0200181	-0.0610262	-0.0687315	0.0430477	-0.0569121	-0.174937	-0.160571	-0.0670714	0.0104762	0	
0.209498	-0.151116	-0.0643922	-0.209598	0.240112	-0.183507	-0.00401641	-0.187937	-0.14366	-0.214107	-0.158225	-0.215931	-0.0556234	-0.152367	-0.198306	-0.0672987	-0.211065	-0.192079	0.0361883	-0.0599585	-0.0693096	0.048949	-0.057452	-0.169705	-0.136034	-0.0654655	-0.084565	
0.205325	-0.153177	-0.0611406	-0.20862	0.220595	-0.179763	-0.0383143	-0.183832	-0.135144	-0.215739	-0.150217	-0.217869	-0.0535283	-0.135171	-0.208318	-0.0637146	-0.211269	-0.196767	0.0276718	-0.057142	-0.0660819	0.0413554	-0.0551718	-0.169345	-0.12467	-0.0617692	-0.152297	
0.205589	-0.153028	-0.061599	-0.20909	0.237842	-0.185464	8.56641e-05	-0.185923	-0.149501	-0.211851	-0.175756	-0.221217	-0.0546433	-0.153972	-0.204171	-0.0674586	-0.212639	-0.197415	0.0556688	-0.0431026	-0.0657114	0.0326753	-0.0506648	-0.151855	-0.153731	-0.0639785	0.0356613	
0.213967	-0.153028	-0.0618375	-0.208408	0.159359	-0.185464	-0.0158283	-0.188452	-0.146491	-0.214085	-0.178696	-0.22056	-0.0492852	-0.177051	-0.20593	-0.0661781	-0.21118	-0.203315	0.05164	-0.0534162	-0.0646341	0.0413298	-0.0570106	-0.160315	-0.138121	-0.0641107	
0.206153	-0.153028	-0.0618375	-0.206299	0.226014	-0.179594	-0.0211146	-0.189662	-0.132971	-0.217569	-0.173589	-0.218525	-0.0526658	-0.156081	-0.200302	-0.066602	-0.212691	-0.192711	0.0381196	-0.0592799	-0.0666636	0.039893	-0.0520563	-0.1655	-0.138206	-0.0639343	
0.202288	-0.153028	-0.0616633	-0.208802	0.212928	-0.178801	-0.0211146	-0.191085	-0.135119	-0.213005	-0.153846	-0.220772	-0.0548235	-0.170659	-0.189522	-0.0670703	-0.212082	-0.201187	0.0374089	-0.0649972	-0.0656347	0.0397189	-0.048307	-0.165921	-0.121975	-0.0643982	0	
0.211091	-0.155244	-0.0650197	-0.210141	0.195569	-0.189197	-0.0248258	-0.187541	-0.16378	-0.216015	-0.162521	-0.225252	-0.0554362	-0.186836	-0.20506	-0.0661904	-0.216784	-0.206404	0.0623587	-0.0599881	-0.0687124	0.0446274	-0.0447658	-0.169505	-0.129939	-0.0643413	-0.02521	
0.216479	-0.158282	-0.064831	-0.219264	0.237358	-0.184484	-0.0222724	-0.187187	-0.147842	-0.217036	-0.159142	-0.229029	-0.055878	-0.186777	-0.192298	-0.0667697	-0.219909	-0.207552	0.0384312	-0.0572119	-0.0675837	0.0417874	-0.0494189	-0.169713	-0.1538	-0.0609651	-0.062563	
0.216737	-0.158282	-0.064166	-0.215879	0.211376	-0.195485	-0.0345317	-0.198137	-0.146636	-0.225326	-0.171304	-0.229152	-0.0567499	-0.173579	-0.203654	-0.0692845	-0.218271	-0.21129	0.0456229	-0.0495821	-0.0672743	0.0339888	-0.0560694	-0.162323	-0.18635	-0.0640159	0	0.0559279	
0.217695	-0.158282	-0.0640784	-0.216628	0.271252	-0.195168	-0.0365151	-0.189874	-0.146636	-0.221668	-0.188458	-0.227405	-0.0508751	-0.181232	-0.204196	-0.0691407	-0.219477	-0.211801	0.0372889	-0.0373659	-0.0683413	0.0374262	-0.0560335	-0.175185	-0.170243	-0.0650107	
0.217882	-0.161943	-0.0600997	-0.215975	0.19289	-0.18551	-0.0458769	-0.189874	-0.147963	-0.226864	-0.169807	-0.229834	-0.0472136	-0.167373	-0.200648	-0.0652094	-0.219435	-0.208663	0.0285609	-0.0568238	-0.0628977	0.0430689	-0.0483051	-0.180418	-0.176104	-0.0602153	
0.217716	-0.163737	-0.0583343	-0.218977	0.165074	-0.18551	-0.0256311	-0.186211	-0.157205	-0.222554	-0.173565	-0.22901	-0.045991	-0.16041	-0.202217	-0.0610919	-0.219165	-0.207819	0.0280069	-0.0539503	-0.061712	0.030232	-0.0436005	-0.182841	-0.154069	-0.0568554	-0.142301	
0.215246	-0.166715	-0.0555492	-0.217529	0.265659	-0.190786	-0.0256795	-0.182913	-0.152034	-0.223295	-0.165433	-0.228433	-0.0474537	-0.162946	-0.193298	-0.0599717	-0.217992	-0.204493	0.0296389	-0.0477086	-0.0602049	0.0379097	-0.0325553	-0.18408	-0.157788	-0.0551104	
0.21624	-0.160458	-0.0610164	-0.211715	0.307276	-0.190605	-0.0332117	-0.185823	-0.154348	-0.221187	-0.161029	-0.227155	-0.0517553	-0.184508	-0.205139	-0.0648502	-0.217896	-0.208293	0.0266641	-0.0446391	-0.066812	0.0537632	-0.0531205	-0.177337	-0.160273	-0.0562361	0.0185673	
0.214928	-0.163073	-0.0576254	-0.214168	0.133291	-0.181508	-0.0139875	-0.185823	-0.133307	-0.222696	-0.170236	-0.228373	-0.0491408	-0.156084	-0.208989	-0.0602904	-0.217388	-0.212339	0.0083069	-0.0402773	-0.0618625	0.0458587	-0.0433938	-0.186363	-0.167373	-0.0543895	
0.217645	-0.16412	-0.0577236	-0.21499	0.195458	-0.184595	0.00727562	-0.186869	-0.112067	-0.2187	-0.162154	-0.227951	-0.0498618	-0.170696	-0.198466	-0.0630956	-0.218435	-0.207947	-0.0114992	-0.0312342	-0.0629564	0.0395344	-0.0520161	-0.184913	-0.178308	-0.0544191	-0.100266	-0.00104658	
0.214561	-0.161622	-0.0602207	-0.214091	0.255016	-0.181084	-0.0185086	-0.186869	-0.146067	-0.222169	-0.175457	-0.226836	-0.0516451	-0.182801	-0.18379	-0.064687	-0.218435	-0.208245	0.0225011	-0.0333372	-0.0655467	0.0329435	-0.0516692	-0.190558	-0.168256	-0.0604359	
0.213841	-0.162103	-0.0597383	-0.213161	0.140345	-0.186547	-0.036897	-0.191415	-0.146675	-0.218621	-0.168871	-0.228324	-0.0539705	-0.164942	-0.173631	-0.0627831	-0.218323	-0.207205	0.0258818	-0.0589656	-0.0631972	0.0284844	-0.0531291	-0.189558	-0.162377	-0.0598678	
0.214854	-0.162103	-0.0597383	-0.215341	0.232527	-0.178423	-0.0388973	-0.193305	-0.147639	-0.225523	-0.168525	-0.227985	-0.0511112	-0.134895	-0.198991	-0.0646043	-0.216959	-0.194998	0.0223555	-0.0559462	-0.0635268	0.0439031	-0.0519044	-0.183634	-0.145377	-0.0577945	0	0	
0.219517	-0.162103	-0.0597383	-0.214177	0.189008	-0.176969	-0.0388973	-0.187351	-0.167047	-0.225552	-0.14891	-0.228794	-0.0543847	-0.159108	-0.209986	-0.0633848	-0.217037	-0.210575	0.0419743	-0.0625578	-0.0629428	0.0356899	-0.050397	-0.152947	-0.166761	-0.0608617	-0.0524076	
0.214058	-0.161966	-0.0598755	-0.215093	0.150543	-0.190831	-0.0234895	-0.191119	-0.145543	-0.225819	-0.158852	-0.228662	-0.0522671	-0.163789	-0.196649	-0.0643713	-0.217037	-0.211331	0.0221559	-0.0627938	-0.0634452	0.056271	-0.0510957	-0.16986	-0.15798	-0.0606554	0	-0.112204	
0.215565	-0.161966	-0.0598755	-0.21486	0.135261	-0.183738	-0.0430513	-0.193336	-0.158251	-0.219794	-0.172071	-0.229867	-0.0555272	-0.135067	-0.200577	-0.0654433	-0.217037	-0.206222	0.0447902	-0.0578458	-0.0619643	0.0278878	-0.0566321	-0.16986	-0.157125	-0.0583798	
0.217576	-0.16096	-0.0608812	-0.216118	0.175343	-0.170503	-0.0373058	-0.187638	-0.136636	-0.2227	-0.157403	-0.223313	-0.0567262	-0.150867	-0.139199	-0.0649938	-0.216781	-0.209093	0.0231752	-0.057529	-0.0633249	0.0463765	-0.0564816	-0.186824	-0.140183	-0.0611565	-0.188139	0	-0.168721	-0.0275361	
0.210398	-0.166261	-0.0560332	-0.218143	0.159985	-0.180105	-0.0448631	-0.192522	-0.161268	-0.215527	-0.161498	-0.220904	-0.0464837	-0.130889	-0.159151	-0.0584336	-0.218093	-0.210548	0.0403382	-0.0527816	-0.0595555	0.0458815	-0.0446951	-0.170363	-0.158228	-0.1107	0.000519501	0.0556076	-0.089718	
0.212744	-0.160542	-0.061752	-0.217446	0.301932	-0.188654	-0.0338399	-0.193401	-0.161268	-0.218383	-0.174799	-0.217135	-0.0562402	-0.170444	-0.16899	-0.0634548	-0.216645	-0.207657	0.0454759	-0.0624119	-0.0630259	0.0458815	-0.044772	-0.188355	-0.143325	-0.0619323	0.0374965	0.0552589	0.00834415	
0.209919	-0.160542	-0.061752	-0.214997	0.266495	-0.188339	-0.019505	-0.186448	-0.147281	-0.220213	-0.169855	-0.2249	-0.0554638	-0.16761	-0.189386	-0.0642457	-0.217972	-0.209232	0.00432422	-0.0603611	-0.0652341	0.0430039	-0.0567047	-0.168698	-0.155483	-0.0607048	-0.0613687	
0.21647	-0.160542	-0.0609221	-0.215672	0.329819	-0.172961	-0.0290753	-0.191948	-0.158464	-0.227402	-0.178167	-0.228078	-0.0547342	-0.150719	-0.17136	-0.0650343	-0.219294	-0.210231	0.019539	-0.0614903	-0.0657294	0.0560402	-0.0571236	-0.178828	-0.152762	-0.0572425	
0.217412	-0.160542	-0.0616097	-0.216192	0.124423	-0.186679	-0.0223445	-0.188267	-0.15609	-0.219954	-0.178088	-0.226221	-0.0534737	-0.14871	-0.187467	-0.0639796	-0.21966	-0.211152	0.0287857	-0.0646347	-0.0584234	0.0350285	-0.0573849	-0.189699	-0.133763	-0.0587409	
0.211593	-0.156532	-0.0616097	-0.214066	0.199491	-0.166982	-0.00595382	-0.180832	-0.132331	-0.220469	-0.159872	-0.219234	-0.049262	-0.160489	-0.203944	-0.064235	-0.214357	-0.200762	-0.00878354	-0.0635925	-0.0667939	0.0483341	-0.0553057	-0.189147	-0.122763	-0.0606697	-0.026295	
0.217566	-0.163035	-0.0589887	-0.218366	0.18951	-0.175425	-0.0204523	-0.186943	-0.150132	-0.228003	-0.15758	-0.216525	-0.0465003	-0.113227	-0.187119	-0.0638825	-0.22016	-0.208548	0.02533	-0.0643033	-0.0623743	0.0455012	-0.0423442	-0.185381	-0.120993	-0.0578893	
0.220323	-0.172018	-0.0587203	-0.227196	0.202235	-0.196677	-0.0320844	-0.199935	-0.159116	-0.235105	-0.172623	-0.234284	-0.0491649	-0.141946	-0.204511	-0.0638825	-0.227296	-0.220852	0.0130025	-0.0587431	-0.0637934	0.0627763	-0.039253	-0.202787	-0.108303	-0.0517933	-0.0287059	
0.212407	-0.16778	-0.0529919	-0.217795	0.124175	-0.18315	-0.0462081	-0.190491	-0.161452	-0.225423	-0.17545	-0.22744	-0.0449624	-0.122972	-0.201914	-0.0578789	-0.217686	-0.208137	0.0273422	-0.0565728	-0.058775	0.0523767	-0.0384888	-0.1934	-0.0983805	-0.0462505	
0.213207	-0.163024	-0.059094	-0.21728	0.110259	-0.180292	-0.0310375	-0.185132	-0.130675	-0.223074	-0.167657	-0.226402	-0.048793	-0.136292	-0.210342	-0.0609553	-0.218902	-0.210529	0.0249963	-0.0517786	-0.0596469	0.0651505	-0.047899	-0.181647	-0.140314	-0.0566147	-0.0623727	
0.207289	-0.164847	-0.0565622	-0.213757	0.104698	-0.184869	-0.0218766	-0.187387	-0.140133	-0.22384	-0.155703	-0.221447	-0.0517458	-0.157411	-0.196786	-0.0597359	-0.218902	-0.20733	0.0160427	-0.0521019	-0.0581471	0.0583344	-0.0440457	-0.191372	-0.0924995	-0.0502182	0.0312609	-0.0867046	-0.013687	
0.20858	-0.164847	-0.0565622	-0.215489	0.117358	-0.190708	-0.0308941	-0.188867	-0.141569	-0.215101	-0.150108	-0.220245	-0.0519351	-0.154694	-0.195333	-0.0609426	-0.219873	-0.210055	0.0183304	-0.0583054	-0.0613361	0.0454686	-0.0405544	-0.188473	-0.123276	-0.0539624	
0.207785	-0.162378	-0.0583948	-0.215983	0.15001	-0.189953	-0.0316888	-0.187454	-0.143973	-0.212004	-0.180806	-0.209335	-0.048372	-0.171508	-0.200292	-0.0638476	-0.217901	-0.208256	0.0304031	-0.0638329	-0.063805	0.0625172	-0.0393131	-0.189084	-0.12638	-0.0568863	0.0404844	0.0816909	
0.202218	-0.161939	-0.0604873	-0.215235	0.105942	-0.189953	-0.0422152	-0.183232	-0.165028	-0.219231	-0.149861	-0.227069	-0.0446063	-0.123369	-0.208401	-0.063097	-0.220251	-0.211359	0.0441411	-0.0612866	-0.0628087	0.0757034	-0.0422556	-0.1942	-0.130795	-0.0586259	0	
0.211065	-0.160257	-0.0605936	-0.213322	0.105942	-0.189526	-0.0405328	-0.183362	-0.136186	-0.204215	-0.171412	-0.223185	-0.0525523	-0.12837	-0.177182	-0.0642544	-0.216818	-0.20798	0.012888	-0.0647219	-0.0654242	0.0514192	-0.0376808	-0.192518	-0.11165	-0.0515604	0.0531789	0.0179994	0.000193555	
0.203642	-0.160257	-0.0608825	-0.214889	0.172909	-0.197682	-0.0405328	-0.177383	-0.1459	-0.216768	-0.14853	-0.218497	-0.0527912	-0.11174	-0.207305	-0.0657318	-0.216818	-0.209265	0.022503	-0.0574916	-0.0645622	0.065751	-0.0405218	-0.181974	-0.0954817	-0.0565199	0.000482471	0.0640485	
0.207331	-0.160257	-0.0584917	-0.215002	0.237688	-0.192151	-0.0405328	-0.18666	-0.13969	-0.214219	-0.134952	-0.221905	-0.0484782	-0.136523	-0.207586	-0.0650366	-0.217001	-0.212369	0.0218728	-0.063424	-0.0652974	0.0510512	-0.0346475	-0.175212	-0.114261	-0.0565938	-0.00244418	-0.16903	0.0260844	-0.116926	-0.0741106	
0.200618	-0.159056	-0.0611342	-0.212166	0.108792	-0.192776	-0.0429199	-0.18666	-0.1393	-0.217246	-0.16081	-0.221162	-0.0476754	-0.103764	-0.202486	-0.0646024	-0.217325	-0.205839	0.00102723	-0.0626878	-0.0651403	0.0381707	-0.0385941	-0.187109	-0.0911942	-0.0610944	-0.0004577	0.0118839	0.0485367	-0.0259432	-0.121688	
0.201635	-0.159202	-0.0613925	-0.211876	0.148777	-0.192776	-0.026351	-0.173751	-0.153532	-0.216428	-0.17096	-0.222925	-0.0476985	-0.16715	-0.19584	-0.0662598	-0.215774	-0.203886	0.0420776	-0.051692	-0.0668106	0.0556666	-0.0427453	-0.195777	-0.103665	-0.0584739	0.00154324	0.00405496	
0.205125	-0.156784	-0.0637997	-0.213747	0.177607	-0.187616	-0.011269	-0.184307	-0.147084	-0.216731	-0.161803	-0.225956	-0.0495994	-0.145207	-0.198441	-0.0684068	-0.218126	-0.209969	0.0233156	-0.0650288	-0.0681653	0.0714007	-0.0343946	-0.192905	-0.0627201	-0.0573815	0.000287843	0.0214225	
0.205231	-0.160589	-0.0638357	-0.216667	0.103056	-0.186188	-0.0283689	-0.190187	-0.154259	-0.219307	-0.147384	-0.221605	-0.0459523	-0.139692	-0.207993	-0.0684663	-0.220946	-0.207102	0.033557	-0.0668564	-0.0677899	0.0586766	-0.0434308	-0.176832	-0.13633	-0.0595079	0.000323832	-0.00468242	-0.00240988	0	-0.0389468	
0.207155	-0.160589	-0.064491	-0.216667	0.0618844	-0.197247	-0.0283689	-0.193135	-0.159044	-0.215058	-0.152961	-0.228017	-0.0533004	-0.121788	-0.20518	-0.0666187	-0.220572	-0.211187	0.0444278	-0.0640127	-0.0687217	0.0649372	-0.043501	-0.189127	-0.11679	-0.0611461	0.00104794	-0.0186447	-0.060596	
0.208578	-0.160589	-0.0640733	-0.217188	0.14064	-0.194792	-0.0283689	-0.190506	-0.157093	-0.218537	-0.147929	-0.228955	-0.0450212	-0.176989	-0.199244	-0.0674851	-0.219368	-0.214393	0.0452498	-0.0635329	-0.0657841	0.0479105	-0.0355321	-0.196873	-0.123489	-0.0631717	-0.000542199	-0.0179374	0.0308533	
0.21092	-0.160589	-0.0639653	-0.218255	0.227501	-0.189305	-0.0146468	-0.187057	-0.13851	-0.212423	-0.154986	-0.230355	-0.0426029	-0.130646	-0.196786	-0.0677152	-0.220099	-0.209471	0.0268834	-0.0643	-0.0683491	0.0631333	-0.0405952	-0.198938	-0.123783	-0.0612741	-0.000146266	-0.0295675	-0.195597	0	
0.210228	-0.161727	-0.0633944	-0.214715	0.18814	-0.189047	-0.0162275	-0.181093	-0.137522	-0.218099	-0.155501	-0.226607	-0.0414191	-0.147102	-0.184872	-0.0668525	-0.220543	-0.21522	0.018951	-0.0645989	-0.0662402	0.062363	-0.0442095	-0.188847	-0.146288	-0.0598736	0.000421354	-0.015015	0	-0.0404214	
0.214805	-0.165831	-0.0632656	-0.21831	0.165474	-0.20403	0.00893648	-0.192219	-0.123628	-0.213456	-0.175249	-0.233533	-0.0501842	-0.177153	-0.155517	-0.0661078	-0.224646	-0.218362	0.00407492	-0.0689002	-0.0676766	0.0633986	-0.0463278	-0.188869	-0.0965606	-0.0589259	0.000621452	-0.00842912	-0.186213	0.0397254	
0.212768	-0.162818	-0.0673149	-0.218313	0.160074	-0.209238	-0.0202443	-0.192219	-0.13595	-0.214419	-0.157049	-0.23016	-0.0569196	-0.156875	-0.180363	-0.0696563	-0.224996	-0.212386	0.03556	-0.0699103	-0.0694852	0.0343781	-0.0482118	-0.187891	-0.155332	-0.0599667	0.00165786	-0.00257045	0.0342487	0.0037707	
0.205177	-0.162818	-0.0649525	-0.221405	0.24726	-0.205429	-0.02201	-0.194103	-0.154347	-0.220451	-0.170699	-0.23096	-0.0545538	-0.155372	-0.19837	-0.068486	-0.224996	-0.216819	0.0422711	-0.0692832	-0.0678717	0.0619802	-0.0538236	-0.19178	-0.13086	-0.0644638	-0.00108346	-0.016128	
0.206613	-0.158156	-0.0636784	-0.212838	0.237274	-0.178162	-0.0160741	-0.188167	-0.150936	-0.221805	-0.150464	-0.227333	-0.0538145	-0.108491	-0.168248	-0.0678843	-0.218075	-0.209401	0.0412577	-0.0703817	-0.0667977	0.0505861	-0.0452624	-0.188374	-0.129449	-0.0616018	-0.000911722	-0.0168254	0	0.0376254	-0.145557	
0.208429	-0.16025	-0.0598515	-0.212838	0.241499	-0.192421	-0.00230639	-0.187785	-0.133612	-0.215655	-0.14417	-0.228081	-0.0529444	-0.159135	-0.172911	-0.0652759	-0.218095	-0.20449	0.0125038	-0.0662991	-0.0662227	0.0404233	-0.0511147	-0.194144	-0.130861	-0.0595565	-0.00248264	-0.00417173	
0.193102	-0.160093	-0.0619242	-0.21281	0.253831	-0.197497	-0.0192	-0.180091	-0.135212	-0.218138	-0.15394	-0.226931	-0.048378	-0.134082	-0.190238	-0.063951	-0.218491	-0.21591	0.0346092	-0.0647808	-0.0654198	0.0511478	-0.0465492	-0.17864	-0.132059	-0.0636208	-0.00056634	0.0118474	0.010847	
0.192488	-0.160093	-0.0630473	-0.215836	0.148839	-0.184016	-0.0192	-0.183179	-0.145702	-0.212813	-0.147785	-0.226151	-0.0529855	-0.118612	-0.199685	-0.0667694	-0.219094	-0.20757	0.0423008	-0.065927	-0.065231	0.0391571	-0.040394	-0.183834	-0.136111	-0.0635251	0.0004005	0.0181057	0.000885056	0	
0.208366	-0.161165	-0.0619756	-0.215836	0.205709	-0.186439	-0.00558917	-0.181806	-0.138342	-0.20802	-0.165044	-0.227005	-0.0489623	-0.175926	-0.199703	-0.0645549	-0.218194	-0.211669	0.0415585	-0.0622116	-0.0625514	0.0593392	-0.0318516	-0.178029	-0.138967	-0.0617294	0.00175514	0.0270732	
0.213218	-0.161165	-0.0622114	-0.211634	0.121706	-0.193421	0.0227937	-0.191729	-0.143603	-0.20597	-0.143101	-0.227162	-0.0541725	-0.17725	-0.178748	-0.0631807	-0.219247	-0.214665	0.0377819	-0.0632245	-0.0649981	0.057614	-0.0440541	-0.194234	-0.138904	-0.0619009	0.000485985	0.026171	
0.207719	-0.157067	-0.0603491	-0.204915	0.183408	-0.184217	0.0282981	-0.18922	-0.138098	-0.214998	-0.158106	-0.222813	-0.0531354	-0.147042	-0.175758	-0.0642308	-0.213743	-0.194093	0.0584337	-0.0623542	-0.0647835	0.0452123	-0.0321918	-0.178489	-0.137777	-0.0631949	0.00039231	-0.0277176	-0.0719779	-0.0571056	0.0276794	-0.130101	
0.201492	-0.157651	-0.0604836	-0.207464	0.148607	-0.18982	-0.012518	-0.177632	-0.130177	-0.217337	-0.136201	-0.223128	-0.0487926	-0.161648	-0.176674	-0.0604306	-0.212215	-0.20211	0.011432	-0.0613285	-0.064542	0.0615141	-0.0325184	-0.17668	-0.120639	-0.058816	0.000197374	-0.0255263	0	-0.117971	
0.195181	-0.157228	-0.0600438	-0.20614	0.199513	-0.185235	-0.0216505	-0.180659	-0.147249	-0.214945	-0.138989	-0.222654	-0.0480414	-0.119142	-0.192793	-0.0627077	-0.211791	-0.199694	0.0445226	-0.0551502	-0.0627601	0.0502263	-0.0432206	-0.179161	-0.145526	-0.0589225	0.000730572	-0.00454462	
0.203862	-0.157833	-0.0600438	-0.208166	0.393267	-0.186863	0.0147813	-0.174059	-0.15477	-0.217253	-0.118762	-0.22224	-0.0483723	-0.119598	-0.184459	-0.0597469	-0.212397	-0.2003	0.0665763	-0.0634545	-0.0646104	0.0509312	-0.0343365	-0.171034	-0.109121	-0.0585007	0.00129203	-0.0194931	-0.0746898	0.0278535	-0.000605357	0	
0.203862	-0.157833	-0.058803	-0.210904	0.199199	-0.190287	-0.0326312	-0.189892	-0.136762	-0.217137	-0.163588	-0.223854	-0.0486011	-0.161245	-0.202758	-0.0599128	-0.213183	-0.19502	0.0178865	-0.0636371	-0.0631268	0.0354389	-0.0348413	-0.165739	-0.139803	-0.0605591	-0.000206486	-0.0202426	0.085887	
0.204082	-0.153749	-0.0617979	-0.208878	0.272338	-0.189198	-0.0267438	-0.182968	-0.134609	-0.208636	-0.154704	-0.222722	-0.0521896	-0.164742	-0.182805	-0.0648666	-0.212962	-0.202623	0.0260968	-0.0592048	-0.0640063	0.0749997	-0.034438	-0.178422	-0.121439	-0.0626099	-0.000206486	-0.0588055	
0.196914	-0.157777	-0.059088	-0.208878	0.30045	-0.192361	-0.0196104	-0.181259	-0.135463	-0.215645	-0.159423	-0.220443	-0.0464208	-0.119441	-0.206825	-0.0604041	-0.211832	-0.199836	0.0268527	-0.0624347	-0.0615762	0.0476563	-0.0416849	-0.165725	-0.121439	-0.0585823	0.00111127	-0.0656162	-0.14473	-0.0571471	
0.201643	-0.157777	-0.0574256	-0.205744	0.319756	-0.184141	-0.0196104	-0.182171	-0.0512391	-0.219113	-0.162162	-0.222037	-0.0469588	-0.136641	-0.205478	-0.062924	-0.212675	-0.205636	-0.0549705	-0.0515565	-0.0627434	0.0417934	-0.0407047	-0.182601	-0.115591	-0.0572924	-0.00136588	-0.0153068	0.0344417	
0.204763	-0.161694	-0.0619848	-0.217876	0.225592	-0.188974	-0.0274367	-0.184886	-0.11589	-0.226818	-0.161954	-0.226976	-0.0453255	-0.101265	-0.214965	-0.0655375	-0.220502	-0.201447	0.0379287	-0.0663519	-0.0673972	0.0382508	-0.0427734	-0.186457	-0.134655	-0.0612561	0.000514811	-0.0555759	0.0307554	0	
0.204309	-0.153132	-0.06522	-0.211591	0.260003	-0.193798	-0.0268085	-0.182654	-0.121581	-0.216667	-0.158939	-0.219825	-0.054161	-0.147195	-0.202074	-0.0668824	-0.213282	-0.19382	0.0135202	-0.0665523	-0.066183	0.0351268	-0.0352115	-0.188338	-0.138015	-0.0654113	-0.000652348	-0.0262575	-0.0830754	0	-0.108569	
0.20031	-0.153132	-0.0630947	-0.208036	0.241138	-0.190959	-0.0408375	-0.180444	-0.137943	-0.21491	-0.154489	-0.222049	-0.0469383	-0.151176	-0.188156	-0.0672785	-0.212102	-0.206461	0.0465399	-0.0637527	-0.0679505	0.0466084	-0.030105	-0.187468	-0.14806	-0.0632316	2.1764e-06	-0.0105433	
0.19749	-0.153132	-0.0642203	-0.212215	0.142023	-0.18162	-0.0460895	-0.187945	-0.108686	-0.217842	-0.151721	-0.217251	-0.0509665	-0.151761	-0.18878	-0.0672785	-0.212102	-0.202272	0.0168893	-0.0664071	-0.0667769	0.0234903	-0.0433845	-0.184032	-0.130004	-0.0650341	0.00202311	-0.0465508	0.0215159	
0.203627	-0.152996	-0.0645823	-0.210441	0.173696	-0.183229	-0.0235748	-0.182293	-0.142944	-0.202146	-0.14508	-0.222705	-0.0559066	-0.164359	-0.163973	-0.0667106	-0.214297	-0.204858	0.0296182	-0.0684537	-0.0690773	0.0602063	-0.038876	-0.192901	-0.138867	-0.0638326	-0.000459872	-0.0440382	
0.193736	-0.152996	-0.0645823	-0.208362	0.131535	-0.166878	-0.0235748	-0.180917	-0.138384	-0.220059	-0.127141	-0.223818	-0.0494538	-0.170795	-0.189129	-0.0684124	-0.211724	-0.211797	0.0258797	-0.0668049	-0.0693457	0.0332837	-0.0333634	-0.194546	-0.140154	-0.0654991	0.000629437	-0.0647739	
0.202597	-0.152996	-0.0646299	-0.205501	0.121746	-0.176208	-0.0375448	-0.180621	-0.110117	-0.218775	-0.148948	-0.224334	-0.0508575	-0.119071	-0.159209	-0.0687315	-0.212517	-0.206855	0.0173931	-0.0624582	-0.0684674	0.0532524	-0.0522102	-0.190263	-0.149386	-0.0637377	-1.50657e-05	-0.0318491	
0.200312	-0.152996	-0.0646299	-0.210707	0.165283	-0.171347	-0.0375448	-0.187339	-0.117892	-0.22131	-0.146807	-0.220099	-0.0467713	-0.14509	-0.171405	-0.0677124	-0.212517	-0.202988	0.0238725	-0.0646064	-0.0678551	0.0331317	-0.045261	-0.189886	-0.1435	-0.0646284	0.000433344	-0.0173813	-0.0551697	0.0526615	
0.200109	-0.152996	-0.0644148	-0.206668	0.164298	-0.164712	-0.0208289	-0.184787	-0.108593	-0.221456	-0.157898	-0.222406	-0.0491932	-0.119274	-0.194904	-0.0669286	-0.212745	-0.209773	0.00524938	-0.0628229	-0.0678803	0.0673379	-0.0493969	-0.184305	-0.122159	-0.0646336	0.000843711	-0.051242	
0.205085	-0.153453	-0.0618384	-0.21029	0.0996156	-0.178043	-0.0181058	-0.189133	-0.132319	-0.215852	-0.143435	-0.222026	-0.0459496	-0.140025	-0.171292	-0.0684146	-0.209993	-0.205364	0.0404575	-0.0636997	-0.0682294	0.0620177	-0.0468205	-0.183358	-0.122862	-0.0617332	-0.00172852	-0.0224998	
0.210217	-0.153453	-0.0620491	-0.209768	0.0988884	-0.172208	-0.0394281	-0.189054	-0.123122	-0.218403	-0.148523	-0.220074	-0.041072	-0.141228	-0.176146	-0.0671288	-0.211108	-0.204613	0.0244959	-0.0647919	-0.0672182	0.0401026	-0.0490655	-0.194516	-0.133851	-0.0635251	-0.002286	-0.0249995	
0.202538	-0.156659	-0.0589163	-0.210698	0.129732	-0.183722	-0.0275256	-0.175985	-0.127361	-0.221059	-0.154826	-0.221933	-0.0481188	-0.141178	-0.166262	-0.0630036	-0.21348	-0.202188	0.0380021	-0.0547982	-0.0665061	0.0451824	-0.0325217	-0.179336	-0.112483	-0.0619995	-0.00298433	-0.0511285	-0.195598	-0.0544977	
0.205469	-0.15545	-0.0598058	-0.20954	0.170428	-0.186126	-0.0560734	-0.174776	-0.125113	-0.217528	-0.154346	-0.219784	-0.0499957	-0.139145	-0.188066	-0.0640257	-0.212679	-0.206368	0.0285736	-0.0568494	-0.0641041	0.0460716	-0.0416683	-0.190709	-0.125853	-0.0588905	-0.00139875	-0.0248007	
0.202575	-0.150135	-0.0618479	-0.205127	0.168188	-0.182119	-0.0272456	-0.182688	-0.133572	-0.215847	-0.170262	-0.213269	-0.0525776	-0.0866651	-0.180045	-0.0663495	-0.209055	-0.198671	0.0350885	-0.0538357	-0.0675551	0.0398583	-0.0218168	-0.190741	-0.119273	-0.0646612	0.000276718	-0.0453265	
