-0.0316823	0.067079	0.03907	0.082333	-0.0368598	0.066333	-0.0453933	-0.0533023	-0.0287963	0.091501	-0.0166978	0.0342866	-0.0351582	-0.0217007	-0.0310638	-0.0484861	-0.048615	0.108929	-0.0390797	-0.0528947	0.15882	0.040069	-0.0504328	-0.044473	0.0274359	0.0070857	-0.0550579	-0.0497465	0.0050774	-0.0161693	-0.0049879	0.164908	-0.029974	-0.0531892	0.0141655	-0.0136203	-0.0224641	0.100564	-0.0561235	-0.0287426	-0.0545283	-0.0272472	0.0608146	0.0168431	0.071513	-0.0417616	-0.0542565	-0.0111316	0.164287	-0.006876	-0.00048337	0.0875133	0.046304	-0.0168025	0.002638	-0.0550579	-0.0525963	0.00916	-0.0518012	-0.0391425	0.16462	0.053082	0.111137	-0.0169468	-0.0474443	0.029377	-0.0457996	-0.011409	-0.0231853	0.077838	0.38886	0.0159491	-0.0225821	-0.0532612	0.0215486	-0.0545061	0.045311	0.556533	0.319494	-0.103715	-0.0515929	-0.0364874	
-0.0347606	0.0658118	0.040582	0.0826143	-0.0380598	0.0484485	-0.045112	-0.0529628	-0.0299509	0.101505	-0.0198585	0.0938023	-0.0373772	-0.0454144	-0.0307825	-0.0319162	-0.022488	0.107019	-0.0387984	-0.00965669	-0.0551519	-0.0479126	-0.00180929	-0.0120582	-0.0310024	-0.0296927	0.100564	-0.0227389	0.0246238	-0.0269659	-0.0451135	-0.0384002	0.162691	-0.0144807	0.10302	-0.0536698	0.154195	-0.00901925	-0.0557959	0.129661	0.0440068	0.111418	0.0066654	-0.0427693	-0.0462534	0.249664	0.0306801	-0.0111912	-0.0529799	0.485378	0.187691	-0.109901	-0.0444122	
-0.0316059	0.0898423	0.0686931	0.073622	-0.0380598	0.0702017	-0.045112	-0.0440565	-0.0220291	0.110375	-0.0530764	0.0928053	-0.0452972	-0.0277139	-0.0467595	-0.0565058	-0.0057344	-0.0558544	0.0339565	-0.0273747	-0.0274982	-0.0239219	0.0724296	0.465222	0.0991012	-0.0407864	0.251602	0.0996757	-0.0553979	-0.0194447	0.237172	-0.024089	0.302353	0.00114011	-0.0513079	
-0.0315361	0.0782585	0.0360407	0.0796632	-0.0387414	0.0568424	-0.0469232	-0.0452972	-0.0339028	0.0813129	-0.00681089	-0.0530764	0.299075	0.0343026	-0.0310425	0.262038	-0.0508318	-0.052643	0.228073	0.251835	0.118287	-0.0143214	-0.0057344	0.473231	-0.0515665	0.135	-0.0549734	
-0.0406207	0.0947491	0.104823	0.0828408	-0.0381184	0.0481364	-0.0459426	-0.0334483	-0.024465	0.0793833	-0.0101948	-0.0540919	0.289401	0.0125603	-0.0297432	-0.0194528	-0.0414242	0.0787459	0.101298	-0.0331554	-0.00165211	0.57858	-0.0424339	0.111112	-0.0542549	
-0.0280608	0.0878684	0.0722538	0.0722041	-0.0297257	0.0447225	-0.0460618	-0.0391778	-0.0282451	0.100391	-0.0201655	-0.0317415	-0.0540919	0.468704	0.0306533	0.140796	-0.0534019	-0.0517787	0.636633	0.184683	-0.0232453	-0.00782331	0.0816127	-0.0179948	0	-0.0542361	
-0.0288347	0.0916333	0.0606254	0.0742751	-0.0278298	0.043735	-0.0479545	-0.0390102	-0.0288588	0.0764115	-0.00540155	-0.0313034	-0.0555934	0.383037	0.0384023	0.168418	-0.0240899	-0.00972544	0.0858309	-0.0504346	-0.0513663	0.0379118	0.18387	-0.0568349	0.634177	0.0137472	
-0.0202486	0.0647712	0.123084	0.0722779	-0.0365515	0.043735	-0.0509334	-0.035007	-0.0320079	0.0679898	-0.0312418	-0.03167	-0.0555934	0.0484486	-0.0240899	-0.00972544	0.106901	-0.0505835	-0.0562114	0.1532	-0.0570939	0.647576	0.131529	0.0210672	0.0946559	
-0.0241802	0.0722383	0.0760751	0.0915255	-0.0336162	0.0357059	-0.0484153	-0.0373073	-0.0243856	0.082484	-0.0255095	-0.031591	-0.0562372	0.039095	0.374522	-0.0234639	-0.00578118	0.134091	-0.0544296	-0.0549235	0.125373	-0.0510502	0.0404766	0.490924	0	0.184688	
-0.0283025	0.0694282	0.122457	0.104252	-0.0413288	0.0381969	-0.0484619	0.046642	-0.0345663	0.0595826	-0.0276857	-0.0338065	-0.0567186	0.285666	-0.0289285	-0.0062626	0.122815	-0.0546863	-0.0563736	0.135733	-0.0521368	0.105321	0.508572	-0.0367293	0.0827397	
-0.0330099	0.0567548	0.0727292	0.0849897	-0.0312735	0.0569928	-0.0490202	0.035367	-0.0313625	0.0623202	-0.0171367	-0.0365645	-0.0565075	0	-0.0254793	0	-0.00538756	0.120905	-0.0300284	-0.0545432	0.142617	-0.0464549	0.0587903	0.489648	-0.0430531	0.201475	0.00921419	
-0.0285114	0.0751064	0.0558965	0.0722769	-0.0356342	0.0318863	-0.0486825	0.0115412	-0.0295462	0.0859869	-0.0189227	-0.0324257	-0.055612	-0.00619933	-0.026555	-0.0296925	0.134802	-0.0571593	0.245485	-0.0487286	0.440929	0.0145454	
-0.0245206	0.06626	0.0683508	0.0892593	-0.0397749	0.0592572	-0.0507513	-0.01624	-0.0271315	-0.0314189	-0.0290383	-0.0327776	-0.055084	-0.00619933	-0.0543675	0.125378	0.0626997	0.00113594	0.101739	0.412688	-0.0407355	
-0.0358945	0.0628747	0.029192	0.0908577	-0.0391606	0.043887	-0.0503358	-0.0123096	-0.0265448	-0.0278818	-0.0548568	-0.0128161	-0.0379753	-0.0565721	-0.00648202	0.0913022	-0.0537717	0.0810027	0.55369	0.00113594	0.08508	
-0.0285027	0.0466927	0.0495531	0.0777017	-0.0386425	0.0560891	-0.047344	-0.00498213	-0.028395	-0.0239587	-0.0545746	-0.0242203	-0.0357314	-0.0549123	-0.00405813	0.14029	-0.0468845	0.0830564	0.457562	0.00474857	0.171621	
-0.0272659	0.0614872	0.0566363	0.0788523	-0.0327793	0.0388611	-0.0492928	0.0349997	-0.0317845	-0.0211087	-0.0579549	-0.0139173	-0.0286811	-0.0543987	-0.0113424	0.218965	-0.0397363	0.0838607	0.0232046	0.000813377	0.131788	0.363663	
-0.0260429	0.0530275	0.0433053	0.0887982	-0.0359476	0.0635024	-0.0480589	0.015903	-0.0290373	-0.0226814	-0.0492408	-0.0116294	-0.0287828	-0.0562708	-0.0116069	0.0634091	-0.0473374	0.0648196	0.379609	0	-0.00247491	0.132925	
-0.0229528	0.0509884	0.055843	0.09399	-0.0327573	0.0534139	-0.0496614	0.0588103	-0.027594	-0.0220248	-0.0465104	-0.0145556	-0.0558875	-0.00716051	0.118045	-0.0435121	0.0732631	0.511833	-0.0352361	0.113659	-0.00247491	0.00539103	
-0.0230681	0.065514	0.0584461	0.0805547	-0.0367986	0.0759502	-0.0476803	0.0583147	-0.0308002	-0.0286122	-0.0546393	-0.00201539	-0.0554612	-0.000296286	0.0911724	-0.033613	0.0923356	0.395986	-0.0323629	0.144797	-0.002497	0.00983074	0	
-0.02915	0.0784715	0.0747716	0.0618249	-0.0371157	0.0620396	-0.0494016	0.067918	-0.0242899	-0.0211594	-0.0594809	0.0315517	-0.0569438	-0.00882161	0.226253	-0.0397889	0.045441	0.467623	-0.0284288	0.251521	0.000354219	0.000506401	-0.00228051	
-0.0290953	0.0775155	0.0634984	0.0573827	-0.0355641	0.0654493	-0.0480788	0.0409073	-0.0273653	-0.0237993	-0.0598453	-0.00180905	-0.0560654	-0.00332066	0.127752	-0.0564383	0.0625612	0.547574	-0.0270852	0.182324	0.00415469	-0.0405486	
-0.0295491	0.074362	0.0670718	0.0503271	-0.0322062	0.0516496	-0.0483336	0.0361677	-0.0277669	-0.0303601	-0.060405	0.00880457	-0.0558639	-0.00700634	0.0875231	-0.050397	0.122085	0.487361	-0.0270852	0.120816	-0.00495612	-0.0307372	
-0.032918	0.0779036	0.0843475	0.0569874	-0.0324811	0.0500083	-0.0485176	0.0549821	-0.027756	-0.0238598	-0.0610674	-0.0186774	-0.0562096	-0.00446702	0.188479	-0.0438005	0.0773211	0.663542	-0.0332948	0.127016	-0.00442034	
-0.0313863	0.0678937	0.0687634	0.0553821	-0.0423891	0.0412701	-0.0496912	0.0850413	-0.0275714	-0.0181709	-0.0581786	0.0141548	-0.0559665	-0.00458424	0.212253	-0.0480046	0.106166	0.606897	-0.0256791	0.126637	-0.00442034	
-0.0322404	0.0433901	0.0351092	0.0534929	-0.0439683	0.0421885	-0.0490468	0.0411575	-0.0192718	-0.0274569	-0.0612973	-0.00619104	-0.0566161	0.00188924	0.15177	-0.047631	0.122485	0.483986	-0.0288845	0.115753	-0.00312069	
-0.0180237	0.0783423	0.050516	0.0421592	-0.0450263	0.0522006	-0.0510434	0.0553514	-0.0227058	-0.0232274	-0.0606848	-0.0176232	-0.0556594	0.00188924	0.129699	-0.0532922	0.0733598	0.531061	-0.0253285	0.102379	-0.00312069	-0.00136246	-0.0235151	
-0.0257845	0.0615373	0.0309493	0.0704693	-0.0435812	0.0418913	-0.046542	0.0324726	-0.0177134	-0.0172725	-0.0560007	-0.0229425	-0.0515483	0.00411785	0.181449	-0.0483291	0.0820504	0.543713	-0.0239541	0.133071	-0.00912745	0.00459284	-0.0376764	
-0.0183737	0.0595704	0.0439956	0.0848956	-0.0338916	0.04991	-0.0485089	0.0357327	-0.0147607	-0.0146564	-0.0539089	-0.00548362	-0.0535153	-0.00160851	0.232763	-0.0477596	0.0900725	0.526981	-0.0304649	0.194541	-0.00108578	0.000985328	0.0352958	-0.00896816	
-0.0138236	0.0721974	0.0235255	0.0652331	-0.0334134	0.047789	-0.0490559	0.0307961	-0.0258329	-0.0248893	-0.0595749	-0.00940648	-0.0543548	-0.00101998	0.131636	-0.0557112	0.0739406	0.558084	-0.025631	0.132346	-0.00108578	-0.00202753	
-0.033809	0.0805056	0.0491315	0.0940912	-0.0334134	0.037498	-0.0490559	0.0376585	-0.0214649	0.000814501	-0.0586177	-0.00303526	-0.0550816	-0.00101998	0.157374	-0.054128	0.0550374	0.640155	-0.025962	0.142993	-0.00108578	0.000718319	0.0119939	
-0.0325014	0.0995545	0.0504907	0.0940912	-0.037065	0.0220014	-0.0485467	0.0262178	-0.0208231	-0.0330482	-0.0594799	-0.0184675	-0.0561676	-0.00101998	0.155725	-0.00994791	0.0866798	0.694906	-0.0279458	0.142755	-0.0070854	-0.00166678	-0.00955813	0.0325103	
-0.0320056	0.0952023	0.0327494	0.113171	-0.0373873	0.0294221	-0.0496892	0.0898131	-0.0269567	-0.0272758	-0.0582243	-0.0312404	-0.055734	-0.000533616	-0.00253085	-0.0539055	0.104104	0.499088	-0.0304838	0.156348	-0.00789463	-0.0060308	
-0.0252286	0.0975418	0.0319266	0.116418	-0.0370196	0.0326424	-0.0481414	0.0359439	-0.0246395	-0.0219359	-0.0568877	-0.0375896	-0.0564433	-0.000533616	0.00254465	-0.0574761	0.09677	0.536632	-0.0304838	0.136934	-0.00336554	-0.0173793	-0.0155101	
-0.0236195	0.0555228	0.035847	0.0926746	-0.0356544	0.0808238	-0.0481414	0.0258376	-0.0208829	-0.0190762	-0.0608805	-0.0173529	-0.0543087	-0.00422589	0.00175937	-0.0498166	0.101724	0.55507	-0.0290853	0.138788	-0.0106817	-0.0103323	0.0259704	-0.0287662	0	
-0.0177215	0.0568326	0.0397266	0.108706	-0.0292559	0.0466408	-0.047105	0.0235514	-0.0210054	-0.0191113	-0.0593058	-0.0143614	-0.0546421	-0.00376847	0.00221678	-0.0457392	0.102181	0.417359	-0.0284329	0.0913234	-0.0102243	-0.0133413	0.00684887	-0.0348164	
-0.0216802	0.0691682	0.039676	0.0784557	-0.0322719	0.0394666	-0.0470841	0.0354043	-0.0166378	-0.0298056	-0.0595376	-0.0250748	-0.0555407	-0.000224978	0.00183269	-0.0460105	0.101154	0.493365	-0.0257916	0.115892	-0.00172572	-0.0188019	
-0.0260618	0.0826792	0.0423941	0.0898562	-0.0312901	0.0510858	-0.0478769	0.02773	-0.0242465	-0.0236139	-0.0587744	-0.0399267	-0.0543329	-0.00201583	0.00397418	-0.0409333	0.0863221	0.474668	-0.0182784	0.206324	-0.00681446	-0.00906246	
-0.0175577	0.0780777	0.0185692	0.088801	-0.0332082	0.0527867	-0.0465533	0.0205885	-0.0216512	-0.00975879	-0.0584499	-0.00789937	-0.0526321	0.000740269	0.00567506	-0.0296833	0.0998902	0.595212	-0.0222348	0.101269	-0.00511358	-0.00201256	0.0212529	
-0.0221792	0.0780777	0.0329061	0.0940558	-0.0293545	0.0488041	-0.0473857	0.0671641	-0.024967	-0.0179329	-0.0540936	-0.0167265	-0.0538249	0.000740269	-0.00219936	-0.0434302	0.104965	0.542034	-0.0252319	0.126235	-0.00223902	-0.0118017	0	0	
-0.0226132	0.0663421	0.040081	0.0980578	-0.0229463	0.06469	-0.0461951	0.0649152	-0.0228253	-0.0144909	-0.0518614	-0.0124894	-0.0522266	-0.000557124	-0.00183719	-0.0513175	0.0835247	0.671097	-0.0252215	0.112333	-0.00192883	-0.0156324	-0.0145379	0.0231401	0.00879407	-0.0290631	0	
-0.0149261	0.0913208	0.0221897	0.115543	-0.0356652	0.0675617	-0.0453064	0.0137509	-0.0223084	-0.0224249	-0.057252	-0.0159371	-0.0535083	0.000336037	-0.00545966	-0.0298687	0.105819	0.468778	-0.0170327	0.0868219	-0.00110608	-0.0183619	-0.0185608	-0.00257262	0.0152978	0.106101	0.0145548	0	
-0.0248414	0.0743996	0.0355718	0.0922089	-0.0356274	0.0776153	-0.0453064	0.0315677	-0.0275789	-0.0190359	-0.0570443	-0.0163097	-0.0520612	-5.40015e-05	0.00321601	-0.0442892	0.112376	0.519137	-0.0217248	0.138215	-0.00173988	0.00095268	0.0197079	
-0.0180642	0.0753732	0.0575969	0.103923	-0.0356639	0.0656106	-0.0468544	0.0786804	-0.0275789	-0.0248641	-0.0531742	-0.0162484	-0.0520612	-0.00202274	-0.00650689	-0.0286059	0.118878	0.447366	-0.0254527	0.181565	-0.00173988	-0.000985112	-0.0158226	
-0.0389345	0.0488623	0.0516419	0.103923	-0.0329265	0.0628845	-0.046485	0.0239695	-0.0242202	-0.0249431	-0.0612046	-0.0129366	-0.0548259	-0.00474881	-0.00235662	-0.0529477	0.114663	0.779204	-0.021174	0.0788272	-0.00372984	-0.0236227	-0.0134263	0.0680954	-0.0327747	0.0185621	
-0.0193397	0.0861262	0.0363901	0.121116	-0.0358607	0.0641114	-0.0462351	0.0308166	-0.0190196	-0.0223855	-0.056397	-0.0164114	-0.0514865	-0.0013341	-0.00569792	-0.0514511	0.113713	0.485076	-0.0177593	0.129948	0.00258835	-0.0182814	-0.0027366	0.00312074	-0.0430182	
-0.0267433	0.0675738	0.0509654	0.0813368	-0.0308967	0.0589646	-0.0459119	0.0538514	-0.0281312	-0.0257611	-0.055608	-0.0138468	-0.0517568	-0.0013341	-0.0040274	-0.0349802	0.091831	0.563434	-0.0212323	0.0599188	0.00258835	-0.0130183	-0.00503916	
-0.0349332	0.0612543	0.0477208	0.0798682	-0.0344033	0.0604967	-0.0456534	0.0525848	-0.0303783	-0.0292736	-0.0557195	-0.00813137	-0.0547311	-0.00238024	-0.0109266	-0.0470128	0.0941706	0.445565	-0.0257844	0.0689357	0.000454044	-0.0148501	-0.00691423	0	0.0173445	
-0.0249013	0.0613377	0.0845022	0.0855849	-0.0272229	0.039121	-0.0456795	0.0322707	-0.0301983	-0.030256	-0.0575913	-0.0177013	-0.0518948	-0.00238024	-0.0084758	-0.041179	0.125118	0.508943	-0.0245386	0.0995884	0.000454044	-0.0197825	-0.00831703	-0.0163463	
-0.0276514	0.0695876	0.0600722	0.121592	-0.0341702	0.0588038	-0.0467815	0.0645449	-0.0346792	-0.0299012	-0.0572748	-0.0265288	-0.0543754	-0.00202547	-0.0109144	-0.0433262	0.122398	0.629559	-0.0254176	0.102823	-0.00150052	-0.0180304	0.00648492	
-0.0207148	0.0561496	0.0514668	0.0923629	-0.0346908	0.0666327	-0.0465294	0.0736688	-0.0253102	-0.0290322	-0.057787	-0.0113002	-0.0524506	-0.00335299	-0.0059656	-0.0404498	0.110266	0.46243	-0.0220334	0.0856631	0.00425057	-0.0113856	-0.0136934	
-0.0192868	0.0557471	0.0406729	0.0923629	-0.0236692	0.0775818	-0.046932	0.0483336	-0.0305822	-0.035213	-0.0583332	-0.00279223	-0.051417	-0.00375553	-0.0109041	-0.0441451	0.14704	0.486618	-0.0159759	0.111454	-0.00235434	-0.00938354	-0.00506665	
-0.0281235	0.0499444	0.0326809	0.105611	-0.0284568	0.0644141	-0.0463009	0.0264454	-0.0277246	-0.030146	-0.0575347	-0.00686838	-0.0523004	-0.00163094	-0.00300107	-0.0503271	0.142729	0.424574	-0.0283734	0.112105	-0.00235434	-0.00935281	-0.0323126	0	0.0130147	-0.334248	0.000950645	
-0.0308406	0.043483	0.023091	0.111056	-0.034782	0.0532171	-0.0463009	0.00616772	-0.0289022	-0.0248878	-0.050131	-0.0135787	-0.052281	-0.00163094	0.00111186	-0.0365693	0.141235	0.619205	-0.0235501	0.175292	0.00232245	-0.00988376	-0.0503908	-0.00109089	0.0146139	
-0.00625412	0.045046	0.0975686	0.0796911	-0.0297053	0.0599042	-0.0475393	0.0436554	-0.032944	-0.0209886	-0.0557763	-0.0211779	-0.0521995	-0.00249741	-0.00727795	-0.0313272	0.107204	0.428761	-0.0207946	0.0870576	-0.000541808	-0.0227042	-0.036524	
-0.0312482	0.0624763	0.0549995	0.0808274	-0.0211235	0.0737394	-0.0468174	-0.0338005	-0.030036	-0.0302024	-0.0522524	-0.0173537	-0.0516052	-0.00249741	-0.00724563	-0.0219749	0.0918222	0.551808	-0.0228679	0.145343	-0.000541808	-0.0218216	
-0.0387974	0.0624763	0.0459627	0.0921166	-0.0309199	0.0422251	-0.0470971	-0.0383212	-0.0319587	-0.0229703	-0.0522302	-0.0208141	-0.0521599	-0.0019799	0.00148863	-0.0166265	0.1118	0.527705	-0.0228679	0.133122	0.00160173	-0.0208846	0	
-0.0270477	0.0692189	0.0713311	0.0855698	-0.0225894	0.0334765	-0.0432635	-0.0289949	-0.0351051	-0.0242787	-0.047976	-0.0142844	-0.0515939	-0.00543185	0.00148863	-0.0415086	0.0998041	0.550817	-0.0233451	0.119264	-0.00741401	-0.0193472	-0.0180989	
-0.0121799	0.0680684	0.0464749	0.10623	-0.0313761	0.0344507	-0.0434137	-0.0391072	-0.0188609	-0.0244289	-0.0486629	-8.35185e-05	-0.0519561	-0.00481835	0.003301	-0.0418298	0.0891135	0.41287	-0.0234546	0.106708	0.000298556	-0.0136532	0	
-0.036979	0.0742944	0.0409923	0.113703	-0.0287336	0.0663026	-0.0447744	-0.0446229	-0.0287629	-0.0234577	-0.0583511	0.012725	-0.0520243	-0.00408697	0.003301	-0.0422265	0.111085	0.429866	-0.0228086	0.158646	0.00027246	-0.0242761	
-0.0364778	0.0845245	0.0428649	0.0790887	-0.0307797	0.0463904	-0.0466215	-0.0362779	-0.0248793	-0.0300768	-0.0587365	-0.0174474	-0.0521425	-0.00204083	-0.00188886	-0.0493893	0.077952	0.527663	-0.0228113	0.101736	-0.00111268	-0.0186521	
-0.028582	0.0663539	0.0544631	0.0837389	-0.0273606	0.0397143	-0.0452486	-0.0209089	-0.0219118	-0.0256545	-0.0541064	-0.0108654	-0.047968	0.000239682	0.00108351	-0.0493367	0.103689	0.527663	-0.0152946	0.115855	0.00116783	-0.00649771	
-0.0370829	0.0801143	0.0709778	0.11669	-0.0317907	0.0292209	-0.0481255	-0.0447779	-0.0299592	-0.0303338	-0.0554389	-0.00404193	-0.0540525	-0.00337009	-0.00197958	-0.0470204	0.111586	0.507922	-0.02435	0.130295	-0.00230756	-0.013498	
-0.0304448	0.063587	0.045831	0.113054	-0.0272066	0.0364268	-0.046229	-0.0376323	-0.0195184	-0.0292994	-0.0593397	-0.000476314	-0.0505228	-0.00187233	0.0028941	-0.0414287	0.0587479	0.482379	-0.02435	0.123215	-0.00533164	-0.0186684	-0.0247586	0	
-0.0343764	0.0651561	0.0808291	0.0872921	-0.0284755	0.0413727	-0.0470025	-0.0173522	-0.0342041	-0.0249177	-0.0562174	-0.0232971	-0.0533857	-0.00305432	-0.00738935	-0.0352041	0.0970917	0.525687	-0.0201628	0.0796539	-0.00160955	-0.0171972	0	
-0.0382021	0.0600905	0.0621092	0.125881	-0.0206744	0.0386155	-0.0470025	-0.0246023	-0.0341508	-0.020695	-0.0577841	-0.00295345	-0.0524127	-0.00305432	-0.00964535	-0.0353217	0.0763284	0.522304	-0.0236439	0.101099	0.00410653	-0.0171972	-0.00491146	
-0.0305807	0.0628273	0.0759882	0.10627	-0.0211976	0.0388205	-0.0475509	-0.0127058	-0.0257313	-0.0321161	-0.0540945	-0.0120932	-0.0529261	-0.00456437	-0.00964535	-0.0145829	0.0849997	0.432657	-0.0170131	0.17013	0.00145635	-0.0244561	
-0.0355935	0.0542463	0.0319456	0.100016	-0.0289662	0.0450283	-0.0452719	-0.0341588	-0.0333577	-0.024553	-0.0506364	-0.0201723	-0.0521101	-0.00296268	-0.00809563	-0.0285147	0.0746785	0.485055	-0.0265427	0.218421	-0.00256067	-0.01924	-0.059357	-0.00712071	
-0.027784	0.07107	0.0767825	0.131732	-0.0321994	0.0523146	-0.0462104	-0.0273401	-0.030705	-0.02024	-0.056991	-0.0198146	-0.054236	-0.000973216	-0.00758282	-0.0481331	0.0573796	0.573536	-0.0265427	0.0919361	-0.00256067	-0.0151486	
-0.0236715	0.0554549	0.0282684	0.13699	-0.033808	0.0306309	-0.0454683	-0.0208351	-0.0302313	-0.0245327	-0.055723	-0.0155509	-0.0535732	-0.000973216	-0.00692595	-0.0424746	0.0695447	0.473677	-0.028966	0.157668	-0.00124942	-0.0133088	
-0.0302941	0.0560234	0.0345113	0.109028	-0.0211775	0.0334881	-0.0443007	-0.033636	-0.0283825	-0.00179395	-0.0571907	-0.0185507	-0.0530643	-0.000973216	-0.0114969	-0.0439479	0.100543	0.419629	-0.023011	0.167683	-0.0208207	-0.0304954	
-0.03159	0.0412154	0.0434313	0.112214	-0.0370096	0.0463582	-0.048676	-0.0250148	-0.0261407	0.00124793	-0.0622795	-0.0225628	-0.0557466	-0.00347128	-0.0112233	-0.0508011	0.06221	0.357736	-0.0271975	0.103551	-0.0323979	-0.0155434	0.0243023	
-0.0271404	0.0585455	0.0652357	0.115738	-0.030297	0.0471608	-0.045536	-0.0319006	-0.0227225	-0.00588703	-0.0596852	-0.0304687	-0.0526065	-0.000331215	-0.00808325	-0.042244	0.0642691	0.621823	-0.0225862	0.128689	-0.0267367	-0.00984958	0	
-0.0288992	0.055941	0.0539315	0.117728	-0.0363255	0.0314748	-0.0488165	-0.0407085	-0.0264316	-0.00667793	-0.0589735	-0.0107248	-0.055887	-0.00297575	-0.00441654	-0.0433985	0.0451172	0.342188	-0.0277574	0.121085	-0.0347792	-0.0150801	-0.0149073	
-0.0316272	0.0558741	0.0330218	0.104895	-0.0346423	0.0386946	-0.0488165	-0.0300957	-0.0178741	-0.00667793	-0.0622982	-0.00574225	-0.0561648	-0.0040723	-0.00828742	-0.0395408	0.0453584	0.378997	-0.0231642	0.156421	-0.0188019	-0.0202499	0.0114881	
-0.0353594	0.046377	0.045115	0.107221	-0.0330143	0.0365101	-0.0485505	-0.0402679	-0.0175423	-0.00975693	-0.0609339	-0.0272096	-0.0549627	-0.00216275	-0.00421207	-0.040222	0.0773267	0.384363	-0.0228982	0.226447	-0.0357315	-0.0222247	0.0143153	
-0.0305094	0.0473262	0.0677629	0.112855	-0.0332408	0.0327144	-0.0492384	-0.0336665	-0.0177577	-0.00125276	-0.06123	-0.0234622	-0.0562742	-0.00193622	-0.00878858	-0.0459079	0.0537017	0.389621	-0.0235331	0.147381	-0.0308152	-0.0166379	-0.0216822	-0.00976199	
-0.0285841	0.055642	0.119385	0.111408	-0.0312634	0.0451551	-0.045055	-0.0351739	-0.020661	-0.0047491	-0.0561682	-0.0305949	-0.0535791	0.000312932	-0.00490648	-0.0275924	0.0691881	0.433191	-0.0157491	0.140064	-0.0239662	-0.00734773	
-0.03666	0.0482837	0.0938251	0.0911056	-0.0315738	0.0442201	-0.046793	-0.046788	-0.0251244	-0.00784653	-0.0620418	-0.014567	-0.0548338	-0.00206153	-0.00345841	-0.0428011	0.0775989	0.419261	-0.025751	0.0973647	-0.0179375	-0.0156682	
-0.0335839	0.0607732	0.0674891	0.0758797	-0.0324472	0.0373157	-0.0478703	-0.0376824	-0.0274921	-0.0109776	-0.0580118	-0.0377762	-0.055939	-0.00243759	-0.00508733	-0.0487933	0.0661633	0.42584	-0.0263599	0.201085	-0.0308543	-0.0171133	0	0.018535	
-0.0321114	0.0817757	0.119958	0.0847729	-0.0285653	0.0364592	-0.0464827	-0.0234585	-0.028651	-0.00783697	-0.0589436	-0.031713	-0.0550809	-0.00329409	-0.0072436	-0.0396793	0.0647546	0.409693	-0.0321356	0.216253	-0.0267989	-0.0208794	
-0.0255043	0.0527346	0.144209	0.0956446	-0.0322723	0.0402868	-0.0478543	-0.0378229	-0.0221575	-0.00277245	-0.0611384	-0.0196522	-0.0561083	-0.00329409	-0.0072436	0.000947938	0.101821	0.474998	-0.0327837	0.130195	-0.0163521	-0.0227829	-0.0195883	0	0.00747479	
-0.0268572	0.0546392	0.093503	0.102875	-0.0363181	0.0453614	-0.0467779	-0.0324699	-0.0263904	-0.00268266	-0.0580664	-0.0066879	-0.0544065	-0.00147148	-0.00759306	-0.0519196	0.10349	0.440553	-0.0218853	0.177387	-0.0343246	-0.0170621	0.0100551	
-0.0350069	0.0729375	0.0689225	0.114581	-0.0353861	0.0449923	-0.0454014	-0.029155	-0.0233883	-0.00130617	-0.0582329	-0.0336837	-0.0509847	-0.000118959	-0.014895	-0.0398774	0.101309	0.33017	-0.0225614	0.211887	-0.0269226	-0.0198903	-0.00329169	-0.0113127	0	0.000296325	
-0.0423358	0.0631223	0.10121	0.0836762	-0.0328862	0.0406997	-0.0496719	-0.0176147	-0.0198821	-0.00879189	-0.0621078	-0.0316309	-0.055506	-0.00198361	-0.0127744	0.0142452	0.0942881	0.422265	-0.0304495	0.110865	-0.0297739	-0.0168379	-0.00405192	-0.0289043	0	
-0.041166	0.0651516	0.09032	0.0814449	-0.0375482	0.0406997	-0.0496719	-0.0176957	-0.0267328	-0.00879189	-0.062645	-0.0150478	-0.0565822	-0.0053561	-0.0145796	-0.0494339	0.0800914	0.416881	-0.0278246	0.121685	-0.0298794	-0.0153422	0.00246968	-0.0373269	
-0.0346719	0.0594627	0.0652962	0.108282	-0.0364526	0.0352669	-0.0468605	-0.0350639	-0.0230269	0.00168593	-0.0581828	-0.0286239	-0.0536816	-0.0028071	-0.0088896	-0.0514959	0.0799902	0.337174	-0.0227287	0.176754	-0.028021	-0.0181163	0.00884943	
-0.0347811	0.0674498	0.0646623	0.10634	-0.0342057	0.0401111	-0.0467662	-0.0351336	-0.0288181	0.00168593	-0.0532433	-0.0237894	-0.0528732	0.00135138	-0.00387643	-0.0430215	0.0892456	0.365751	-0.0270267	0.189908	-0.028021	-0.0186197	-0.00260199	-0.0108678	-0.0336659	0.00146325	
-0.0363821	0.0849083	0.0773731	0.0967279	-0.0283109	0.0539093	-0.0480826	-0.0338538	-0.0279303	-0.00513498	-0.0569132	-0.0182435	-0.0555379	-0.00139024	-0.00661471	-0.0529257	0.0698212	0.396794	-0.0259411	0.0990515	-0.03689	-0.0151409	-0.000521855	0.0262025	
-0.0363989	0.0727234	0.0690473	0.112917	-0.0377495	0.0556934	-0.048629	-0.0285663	-0.0318717	-0.007082	-0.0574495	-0.0297195	-0.0545204	-0.00329006	-0.00896273	-0.0534504	0.0808369	0.467422	-0.0259411	0.167939	-0.0375127	-0.0148612	0.00281908	0.016584	
-0.0384625	0.0658961	0.0681646	0.088304	-0.0294499	0.0434035	-0.04991	-0.027792	-0.0266701	-0.0025505	-0.0525176	-0.0164373	-0.0545204	-0.00474224	-0.0119336	-0.0375622	0.096931	0.354412	-0.0298853	0.16713	-0.0283184	-0.0121004	0.00427126	0.00608645	
-0.0343761	0.0694354	0.0531903	0.105532	-0.0351127	0.0434035	-0.0462922	-0.0436729	-0.0360978	-0.00243878	-0.0508217	-0.0103077	-0.0546923	-0.00391815	-0.0146679	-0.0531766	0.0593771	0.482753	-0.0294519	0.141002	-0.0255524	-0.0199745	0.00376479	
-0.0386184	0.066527	0.0544396	0.121617	-0.032596	0.0340538	-0.045438	-0.0420243	-0.0308934	0.0011075	-0.0510012	-0.0200867	-0.0521578	-0.00170926	-0.0024352	-0.0359361	0.104218	0.380138	-0.0200482	0.125316	-0.0300368	-0.01591	0.00367514	
-0.032459	0.0877502	0.0562656	0.105418	-0.0342189	0.0495997	-0.0437934	-0.0309407	-0.0282879	-0.000624948	-0.0501389	-0.0179806	-0.0538879	-0.00201695	-0.00403914	-0.0441783	0.0776916	0.388125	-0.0229111	0.237795	-0.0311425	-0.0162601	0.00367514	
-0.0368957	0.0850008	0.0600141	0.084324	-0.034869	0.0501608	-0.0440174	-0.0189275	-0.0279199	0.00177215	-0.0522902	-0.0278162	-0.0527643	-0.00201695	0.00269704	-0.0361643	0.0740536	0.422669	-0.0271864	0.146612	-0.0322664	-0.0102333	0.0130272	
-0.0342473	0.0537127	0.0790371	0.0907513	-0.0327816	0.0450074	-0.0509388	-0.0440035	-0.031255	-0.00256227	-0.0584707	-0.025457	-0.0595846	-0.00749323	-0.00683721	-0.0484158	0.0547014	0.364245	-0.0288857	0.173695	-0.0326292	-0.0188554	0.0130272	0.0226885	0	-0.0167589	
-0.0391619	0.0537127	0.0706579	0.109731	-0.0338931	0.035338	-0.0516661	-0.0398307	-0.0226242	-0.00698464	-0.0563172	-0.015301	-0.0600735	-0.00749323	-0.00652071	-0.0589817	0.0664623	0.423119	-0.0324493	0.127869	-0.0441543	-0.0240771	0.0118038	
-0.0314742	0.0537127	0.0622584	0.0770252	-0.0340835	0.0294825	-0.0515236	-0.0364644	-0.0250299	-0.00644144	-0.0498194	-0.0160322	-0.0588188	-0.0101143	-0.00652071	-0.0568482	0.0690838	0.509076	-0.0322416	0.151625	-0.0359927	-0.0276952	0.0114643	-6.40702e-05	
-0.0221013	0.036057	0.0947462	0.087834	-0.0241588	0.0561417	-0.053569	-0.00756038	-0.023971	-0.00465737	-0.0621512	-0.0148752	-0.0587318	-0.0101804	-0.00427677	-0.0525415	0.0801374	0.572512	-0.0319351	0.174432	-0.0323829	-0.0303759	0.0175445	-0.00810057	0	
-0.0317623	0.0673475	0.0636537	0.090865	-0.0278853	0.0581477	-0.0479266	-0.0390362	-0.0197719	8.02258e-05	-0.0518082	-0.0233078	-0.0532285	-0.00534499	-0.00725644	-0.0415358	0.056684	0.489073	-0.0289879	0.242373	-0.028247	-0.00808474	0.022489	0.0151462	-0.0026038	0.0161844	
-0.0329551	0.0810621	0.105684	0.0903588	-0.0283915	0.0529054	-0.0466915	-0.00702277	-0.0208882	8.02258e-05	-0.0549246	-0.0243549	-0.0531066	-0.00483879	0.000681938	-0.0499125	0.0657224	0.479516	-0.0300346	0.296454	-0.0303692	-0.0130425	0.0137839	0.0101393	0	
-0.0300317	0.0705809	0.0883477	0.105534	-0.0301743	0.0314511	-0.0458837	-0.025135	-0.0236742	8.02258e-05	-0.0565623	-0.0185614	-0.0530436	-0.00420361	0.000681938	-0.054036	0.0771271	0.390193	-0.0318777	0.248023	-0.0324423	-0.0216821	0.00450518	0.00281811	
-0.032486	0.0768472	0.0894592	0.0724097	-0.0273409	0.0636356	-0.04649	-0.00281708	-0.025707	-0.00243231	-0.0572905	-0.0188822	-0.0552928	-0.00420361	0.000681938	-0.0416412	0.0688285	0.486197	-0.0262139	0.157477	-0.0238866	-0.00487604	0.00665061	0.00529463	-0.00548675	
-0.0242444	0.0597611	0.079788	0.0911812	-0.0275384	0.0759739	-0.0467594	-0.0135869	-0.0269634	0.00143138	-0.0556471	-0.0234079	-0.0538642	-0.00388428	-0.000322042	-0.0461324	0.0795526	0.357727	-0.0243419	0.21378	-0.01744	-0.00295176	0.00562404	
-0.0209972	0.060387	0.107163	0.0595481	-0.027779	0.0604102	-0.0467594	0.00532321	-0.0284638	-0.00249932	-0.0509835	-0.0351921	-0.0538108	-0.00272379	-0.00509606	-0.0455274	0.0820357	0.47203	-0.0279415	0.122276	-0.0254334	-0.0210728	0.012168	-0.0100227	
-0.0331234	0.0854749	0.0699989	0.0856934	-0.0198471	0.0463614	-0.0447287	-0.006547	-0.0254314	-0.00103054	-0.0548389	-0.0322377	-0.0526494	-0.00272379	-0.00661623	-0.0452402	0.0861958	0.470627	-0.0268668	0.121121	-0.0315713	-0.0159675	0.012168	-0.0526053	-0.00874284	
-0.0321921	0.0699552	0.0659635	0.0838942	-0.0340475	0.0388415	-0.0466682	-0.00463789	-0.0262709	0.00129007	-0.05419	-0.0212324	-0.0532792	-0.00272379	-0.00191975	-0.0500012	0.0683183	0.343518	-0.0261769	0.228177	-0.0244315	-0.014428	0.0196699	
-0.0249011	0.0658798	0.0751491	0.0817708	-0.0212701	0.0494403	-0.0490175	0.0181316	-0.0326802	-0.00147786	-0.0462132	-0.0186414	-0.0546315	-0.00575431	-0.00570371	-0.0535802	0.0728532	0.430907	-0.0308909	0.107124	-0.0228979	-0.0104455	0.01771	
-0.0383699	0.0629429	0.117433	0.0908061	-0.0297813	0.0403296	-0.0500635	-0.00116977	-0.0323272	-0.00175485	-0.0551125	-0.00254958	-0.0553506	-0.0060313	-0.00388047	-0.0501411	0.0928428	0.464335	-0.0290274	0.0886981	-0.024939	-0.00334023	0.0114332	
-0.0331763	0.0486354	0.0853048	0.0755802	-0.0288372	0.0486747	-0.0516742	-0.00100333	-0.0303391	0.00244236	-0.057936	-0.00237949	-0.0556778	-0.00586486	-0.00768666	-0.052963	0.0854857	0.359312	-0.0315191	0.20051	-0.031431	-0.00899216	0.00572007	
-0.0347285	0.0531141	0.0611651	0.0761437	-0.0328636	0.0347478	-0.0495545	-0.00385374	-0.0296061	-0.00486994	-0.0552722	-0.00241176	-0.0558787	-0.00408724	-0.00957536	-0.0449423	0.0851306	0.416219	-0.0266813	0.150199	-0.029876	-0.00231861	0.00388646	-0.0056804	
-0.0233038	0.0833417	0.0685483	0.073873	-0.0336171	0.0391961	-0.0493051	-0.00490401	-0.0300429	-0.00572984	-0.0549838	-0.00494819	-0.0558787	-0.00181655	-0.00102996	-0.0541102	0.0711024	0.435926	-0.0301965	0.253981	-0.0211897	-0.00623226	0.00161577	-0.0236434	
-0.0413474	0.0695043	0.0329513	0.0706031	-0.0358369	0.0463553	-0.0484863	-0.00962525	-0.0216436	-0.00523537	-0.0545843	-0.0328621	-0.0557207	-0.00165858	-0.00330417	-0.0406487	0.0590251	0.485125	-0.031167	0.174801	-0.0176072	-0.00801305	0.00320873	0.00187771	0.203709	
-0.0401648	0.0670853	0.0599874	0.0731075	-0.03715	0.0331473	-0.048895	-0.00558326	-0.0243616	0.00221131	-0.0550869	-0.0197419	-0.0558866	0.000602549	-0.00256504	-0.0510395	0.059514	0.322448	-0.0285796	0.197477	-0.0261947	-0.0246921	0.00412062	0	
-0.0245872	0.0860249	0.0665267	0.0731075	-0.0311483	0.0436974	-0.0486936	-0.0151559	-0.0239127	0.00241267	-0.0567855	-0.0241737	-0.0546996	0.000803909	0.00215883	-0.0475328	0.0607471	0.445549	-0.0244139	0.23125	-0.034525	-0.00942999	-0.00892611	
-0.0230522	0.0720984	0.0925159	0.0731075	-0.0305112	0.0561988	-0.0477622	0.0130255	-0.0258178	-0.00340653	-0.0551692	-0.0198226	-0.0545664	0.000803909	-0.00170511	-0.0485704	0.0719855	0.457547	-0.0244577	0.186762	-0.0323079	-0.00525897	-0.00475254	-0.0413211	0.00246916	
-0.0343868	0.0676407	0.0736736	0.0650596	-0.0310611	0.042134	-0.0483099	-0.0150617	-0.0260122	0.00724129	-0.0580301	-0.0366752	-0.0574139	-0.00304489	-0.00923791	-0.0340326	0.0670272	0.318378	-0.0260947	0.223948	-0.0274482	-0.015338	0.00539523	0.0151765	
-0.0350617	0.0625754	0.0683866	0.0756216	-0.0402765	0.0376095	-0.0492702	-0.0160273	-0.0311653	0.0058563	-0.0550867	-0.0391849	-0.0534123	0.000228969	-0.00670287	-0.0501707	0.0825826	0.338835	-0.0260947	0.107293	-0.0258597	-0.0193541	0.0022774	0.0229333	
-0.0284673	0.0508096	0.0683866	0.0623706	-0.0392732	0.0590081	-0.0484302	-0.00325294	-0.0262835	0.00115377	-0.0583319	-0.0289896	-0.0576977	-0.0011923	-0.00812414	-0.0558714	0.069992	0.461464	-0.0294009	0.121679	-0.0251353	-0.0118346	-0.00201792	0.0183172	
-0.0259135	0.107528	0.0354471	0.0644546	-0.0402878	0.0312987	-0.0516881	-0.0185309	-0.0254239	0.00658599	-0.059034	-0.0361939	-0.0573172	-0.000177644	-0.00388686	-0.0560049	0.0986764	0.514816	-0.0270071	0.131512	-0.0266758	-0.0210712	0.0010504	-0.0144164	
-0.0201747	0.0695765	0.0686328	0.0493608	-0.0408885	0.0566757	-0.0489664	-0.00966892	-0.0259915	0.00727851	-0.0561084	-0.0262713	-0.0579367	0.000334382	-0.00708297	-0.0540977	0.0807029	0.466309	-0.0290027	0.144459	-0.0213178	-0.0204306	0.000538378	0.00117536	
-0.04339	0.0846433	0.0400442	0.0732807	-0.0449982	0.0326523	-0.0499286	-0.00763137	-0.028075	0.00435401	-0.0611886	-0.0228537	-0.0597347	-0.000116519	-0.00804521	-0.0586385	0.0797232	0.483998	-0.02939	0.183693	-0.0321246	-0.0232165	-0.00640839	0	
-0.032255	0.0695062	0.0395682	0.0868232	-0.0362948	0.0450198	-0.0515599	-0.00107596	-0.0243105	0.00310563	-0.0564482	-0.0102604	-0.0590383	-0.00585544	-6.145e-05	-0.0536128	0.0854327	0.619865	-0.0347359	0.30692	-0.033086	-0.0181729	0.000367024	0	
-0.0375123	0.0606544	0.0915011	0.0838981	-0.037715	0.0520125	-0.0492612	-0.00175955	-0.0241149	-0.00197553	-0.0534834	-0.0278551	-0.0560187	-0.00234265	-0.00409452	-0.0510649	0.0786242	0.392347	-0.0288443	0.163359	-0.0374186	-0.0581127	-0.000208852	0.0475636	0.0109251	-0.00350154	
-0.0389146	0.0792934	0.0478877	0.116708	-0.037573	0.0515773	-0.047321	0.0355196	-0.0206042	-0.000474325	-0.0580973	-0.0126191	-0.0549039	-0.000765598	0.000733588	-0.0530445	0.0867099	0.543791	-0.0291651	0.188643	-0.0362598	-0.0177408	-0.00222105	-0.0227575	
-0.0210137	0.07843	0.0902368	0.0801257	-0.0430905	0.0458313	-0.0516757	0.00885744	-0.0287995	-0.0391021	-0.0627785	0.0130131	-0.0599379	-0.00280274	-0.00274632	-0.0548271	0.0435885	0.492637	-0.0283927	0.226534	-0.00279468	-0.00561815	-0.0126642	
-0.0383865	0.0944331	0.0853408	0.0778449	-0.0403337	0.0469451	-0.0506477	0.0159806	-0.0336146	-0.0310002	-0.0600971	-0.013308	-0.0574623	-0.00177466	-0.000704279	-0.0342846	0.0590161	0.53428	-0.0295796	0.138639	0.0017716	-0.0194819	-0.0155156	
-0.0224181	0.0663668	0.0874435	0.0999568	-0.0373006	0.0509073	-0.051133	0.00742188	-0.029915	-0.034773	-0.0518204	-0.0229236	-0.0587175	-0.00269101	-0.00281859	-0.0517188	0.0767664	0.464877	-0.034233	0.118751	-0.00157015	-0.0187828	-0.0220186	
-0.0394276	0.0622832	0.0878544	0.0797423	-0.0358324	0.046187	-0.0502365	0.0110092	-0.0235327	-0.0231104	-0.0556076	-0.0219596	-0.0582265	-0.000934273	-0.00619456	-0.0418095	0.0629615	0.434247	-0.0256855	0.151459	-0.00433746	-0.00812147	-0.0175466	0.00725801	0.0209442	
-0.0353325	0.0667781	0.0760513	0.0818333	-0.0384268	0.0532213	-0.0486011	0.0158979	-0.026786	-0.0265904	-0.0545929	-0.00926808	-0.0569014	-0.000608499	-0.00586878	-0.0548724	0.0789563	0.519132	-0.0301891	0.117921	-0.00113415	-0.00796694	0.0118965	
-0.0385346	0.031545	0.0935588	0.0765147	-0.0384335	0.0518422	-0.0511761	0.0029639	-0.0281172	-0.0274468	-0.0593017	0.021851	-0.0577154	-0.00198763	-0.00724792	-0.0203988	0.066802	0.478354	-0.0308168	0.186811	-0.00120062	-0.00811252	-0.0259696	
-0.0344587	0.0525427	0.0744572	0.087597	-0.0358121	0.0422293	-0.0503279	0.00437367	-0.0291808	-0.021202	-0.0608916	-0.0160997	-0.0567472	-0.00135428	-0.00550664	-0.0445352	0.0438277	0.408708	-0.0222679	0.172792	-0.000899566	-0.00161843	-0.0263911	0	
-0.0347049	0.0468377	0.0683334	0.0851303	-0.0394252	0.0374274	-0.0493304	0.00387291	-0.031162	-0.0249802	-0.0581112	-0.00336331	-0.0555164	-0.00135428	-0.00550664	-0.0517713	0.0829954	0.537896	-0.0284289	0.190748	0.00665999	-0.0103535	-0.0195166	0.0347821	0	0.00925955	0	
-0.0355249	0.050636	0.0782276	0.0791443	-0.0401548	0.0402102	-0.0493304	-0.00696537	-0.0303347	-0.0198059	-0.056731	-0.0170585	-0.0555164	-0.001011	-0.00753309	-0.0546691	0.0537942	0.424735	-0.0219299	0.154453	0.00410692	-0.00631956	-0.0349409	
-0.0220231	0.0446915	0.0526264	0.0630234	-0.0389066	0.0776824	-0.0489476	0.000622283	-0.0300844	-0.0227438	-0.0463489	-0.0144145	-0.0555138	-0.00027459	-0.00679668	-0.0519071	0.0812511	0.408424	-0.0263098	0.186188	-0.00119713	-0.00613728	-0.0352001	
-0.0282659	0.0686418	0.108056	0.0658819	-0.0309943	0.0844142	-0.0486401	-0.0106966	-0.0326765	-0.0224493	-0.0577004	0.00927796	-0.0551532	-0.00676877	-0.00177317	-0.043775	0.0573272	0.477436	-0.0229204	0.132748	0.00491559	0.00126261	-0.0322489	
-0.0304336	0.070999	0.0664709	0.0652924	-0.0371898	0.0542183	-0.050261	0.00356356	-0.0296415	-0.0314861	-0.0569363	0.013991	-0.0554099	-0.00264674	0.00466641	-0.0542485	0.0888779	0.34783	-0.0246217	0.169788	0.00704087	-0.00222247	-0.0428749	-0.0176026	
-0.0326023	0.0458016	0.0553797	0.0440834	-0.02965	0.0542183	-0.050261	0.0242485	-0.0225772	-0.0323258	-0.0562135	0.0272605	-0.0574398	-0.00264674	0.00647955	-0.0515311	0.068366	0.5513	-0.0246217	0.196185	0.00706953	-0.0164612	-0.0337458	0.00769482	0	0.00305816	
-0.0219817	0.0593384	0.0425022	0.0721944	-0.0370456	0.0572841	-0.048098	0.0169479	-0.0205942	-0.0342424	-0.0536029	-0.023541	-0.0587244	-0.00264674	-0.00285341	-0.0387711	0.0605029	0.347097	-0.0260776	0.212956	0.00505708	0.00103647	0.00478288	0	
-0.027701	0.0410373	0.0491134	0.044448	-0.0353804	0.0980628	-0.0481388	0.00935105	-0.0207887	-0.0225912	-0.0590347	-0.00334655	-0.0569653	-0.00264674	-0.00065586	-0.0487673	0.0495188	0.528599	-0.0290448	0.107249	0.00505708	-0.0172935	-0.0262475	
-0.0373658	0.047869	0.0385346	0.0677531	-0.0339939	0.0566861	-0.049511	0.022228	-0.0277332	-0.035589	-0.054058	-0.00879975	-0.0569653	-0.00264674	-0.00065586	-0.054519	0.0644307	0.437357	-0.0243943	0.157022	0.00852334	-0.0207759	-0.0443603	
-0.035094	0.066155	0.0554822	0.0693764	-0.0298174	0.0524739	-0.050977	0.0152915	-0.0304257	-0.0373126	-0.0565472	-0.0139146	-0.0569653	-0.00189505	-0.00065586	-0.0562937	0.0888968	0.434466	-0.0273834	0.260445	0.00238105	-0.0183984	-0.0326937	-0.00830667	0	0	
-0.0254361	0.0787464	0.0386911	0.0724653	-0.0255837	0.0663224	-0.050977	-0.00226755	-0.0281528	-0.0362973	-0.0584633	-0.000647629	-0.0575065	-0.0058143	0.00378172	-0.0550725	0.0334306	0.620102	-0.0230634	0.247407	0.00818457	-0.0203581	-0.0421374	-0.00491876	
-0.0291432	0.105834	0.0668502	0.105272	-0.0286098	0.0537783	-0.050977	0.0174115	-0.0228936	-0.0227169	-0.0513508	0.00625022	-0.057434	-0.00437291	0.00378172	-0.0503235	0.0434941	0.570304	-0.0240403	0.225995	0.000897781	-0.0185381	-0.0471374	-0.00909842	0.00940015	-0.0133165	
-0.0299855	0.0950636	0.0469672	0.134232	-0.0325796	0.0584436	-0.0465609	0.0175966	-0.030542	-0.0295481	-0.0559737	0.00382013	-0.0565764	-0.00437291	0.00647802	-0.0522576	0.0576851	0.39496	-0.0304873	0.14306	0.0041709	-0.0259036	-0.0333055	-0.00909842	0.131032	
-0.0326143	0.094849	0.0944058	0.0901009	-0.02873	0.0584436	-0.0498896	0.0285219	-0.0323706	-0.0336816	-0.0582251	-0.0153008	-0.0544595	-0.00437291	0.00665758	-0.0440798	0.0713407	0.368882	-0.0278634	0.137174	0.00474087	-0.0181216	-0.00220485	-0.00672397	-0.000116626	
-0.0306234	0.0843719	0.0541061	0.0779036	-0.026524	0.0559441	-0.0516002	0.0101	-0.025451	-0.0311167	-0.0605412	-0.00217817	-0.0569709	-0.00701021	0.000666923	-0.0482515	0.0707924	0.33544	-0.0278634	0.110976	0.00747596	-0.0181216	-0.0188602	
-0.0329871	0.0843719	0.0679426	0.053397	-0.0286959	0.0559441	-0.0517106	0.0189429	-0.0224572	-0.0302909	-0.0595179	0.0170321	-0.0560954	-0.00565445	-0.000821416	-0.0482423	0.0674331	0.437738	-0.0278634	0.248495	0.00901078	-0.00957229	-0.0264398	0.0243749	
-0.018834	0.0645253	0.0550145	0.0591666	-0.0297636	0.0626828	-0.0454627	0.0063352	-0.0282637	-0.028313	-0.0594997	0.00147032	-0.0549707	-0.00303479	0.000112128	-0.0506813	0.0846157	0.378805	-0.0252438	0.178579	0.0050267	-0.00695264	-0.0107814	
-0.0224634	0.103238	0.0465486	0.0646991	-0.0265852	0.0519341	-0.0462889	0.0174138	-0.0331407	-0.0253873	-0.0592787	0.0385336	-0.0546402	-0.00809021	0.0008174	-0.0429532	0.0679967	0.378805	-0.0252438	0.165493	0.0137621	0.0011806	-0.0227846	0.00382781	
-0.0255749	0.100296	0.0681105	0.0788835	-0.0153708	0.0443698	-0.0485718	-0.00569785	-0.0348211	-0.0258721	-0.0602416	-0.000978968	-0.0566728	-0.00949055	-0.00105235	-0.0392662	0.0657411	0.347653	-0.0301327	0.20507	0.00986453	-0.0121855	-0.0286984	-0.00173243	
-0.0230961	0.090196	0.076717	0.0648095	-0.0211285	0.0440757	-0.0490444	-0.000784311	-0.0243491	-0.0233982	-0.0606674	0.000769001	-0.0563451	-0.0089174	0.00218448	-0.0455444	0.0906197	0.335879	-0.0223637	0.148719	0.00901161	-0.0142265	-0.0279185	-0.00505384	0.0103602	
-0.0267549	0.0606316	0.0741007	0.0675947	-0.0232971	0.0529602	-0.049043	0.00981129	-0.0342803	-0.0229153	-0.0580397	-0.000906151	-0.0572171	-0.00976732	0.00545272	-0.0297683	0.065662	0.428505	-0.0243375	0.143134	0.00574734	-0.0108711	-0.0241974	0.00218289	
-0.0295729	0.0707681	0.0374722	0.0616027	-0.028685	0.0462948	-0.047763	-0.00870982	-0.0326955	-0.0259508	-0.060752	0.0135045	-0.0558771	-0.00793655	0.0053645	-0.0445204	0.0848594	0.466273	-0.0226513	0.122449	0.0124351	0.00513467	-0.00131123	0.00544948	-0.00054542	-0.0146465	
-0.00547623	0.0716661	0.0458445	0.0719871	-0.022714	0.0331661	-0.0467398	-0.00319498	-0.0277729	-0.0246886	-0.0591777	0.0152273	-0.0541958	-0.0063835	0.00303256	-0.0270044	0.0639623	0.331236	-0.0226513	0.159134	0.00204333	-0.0130066	-0.0433513	0.00723716	-0.0318587	
-0.0172055	0.0957208	0.0504147	0.0562329	-0.0317721	0.0416182	-0.0467398	0.00187665	-0.0243347	-0.0161163	-0.0575213	-0.00720009	-0.0519235	-0.0063835	0.00180558	-0.0447041	0.0684794	0.531219	-0.0155262	0.14234	-0.00180833	-0.0144392	-0.012741	-0.0122855	0.00674849	
-0.0216974	0.0859296	0.0397848	0.0765988	-0.0251006	0.0234581	-0.0467398	-0.00192917	-0.027106	-0.0288732	-0.05908	-0.00406702	-0.0540227	-0.0063835	-0.00164684	-0.0311924	0.0734696	0.394421	-0.0216692	0.115581	0.00422778	-0.012377	-0.0350371	-0.00512084	0	
-0.0259507	0.0774137	0.0608708	0.072825	-0.0290347	0.0352605	-0.0456553	-0.00142625	-0.0223917	-0.0290085	-0.0580301	0.00523596	-0.0527865	-0.00282609	-0.000395379	-0.0434866	0.079325	0.386454	-0.0123269	0.120308	6.22006e-06	0.00144425	-0.039495	-0.011382	-0.00895473	
-0.0169221	0.0819993	0.0264538	0.0683443	-0.0365491	0.0474487	-0.0487748	0.000521847	-0.0289906	-0.0350755	-0.0589152	0.00348249	-0.0564154	-0.00468216	0.00587687	-0.0446473	0.0815382	0.35622	-0.0164754	0.113991	-0.0036397	-0.0237747	-0.0435906	-0.00838935	
-0.0236466	0.0575195	0.0309569	0.0910923	-0.035023	0.0410934	-0.0543332	-0.00120099	-0.029363	-0.0329744	-0.0604329	0.00236679	-0.0593201	-0.011118	0.00152775	-0.0472	0.0530347	0.331061	-0.0263671	0.118628	0.00317055	-0.0233939	-0.0233719	-0.00695757	
-0.0254396	0.0965503	0.0467944	0.0826369	-0.0314107	0.0575889	-0.0541331	0.0164643	-0.0397963	-0.031904	-0.0628625	-0.0150997	-0.0598007	-0.011118	-0.00627967	-0.050379	0.107401	0.444999	-0.0282981	0.11326	0.000415218	-0.0233939	-0.0259617	0.00100058	0.00381968	
-0.0311156	0.0783289	0.0526657	0.0748027	-0.0326496	0.0251599	-0.0541331	0.0136538	-0.0408043	-0.0386017	-0.0638264	0.00216213	-0.0595659	-0.0114295	-0.00298807	-0.046994	0.0982892	0.437993	-0.0227537	0.113294	0.00422274	-0.0162092	-0.015438	0.00341122	-0.0476032	0.0270118	
-0.0428365	0.0715493	0.0413819	0.0768747	-0.03089	0.0379582	-0.0531899	-0.00186768	-0.0386118	-0.0333888	-0.0662635	0.0147277	-0.0609372	-0.0136648	-0.00136777	-0.0270769	0.0710125	0.493189	-0.0334895	0.0898349	0.00592535	-0.0113862	-0.0407387	0.00246577	0.0296615	
-0.0405995	0.100969	0.0554402	0.0760622	-0.0263628	0.0355946	-0.0515708	-0.0152181	-0.0307876	-0.0357561	-0.0647173	0.0192769	-0.0614591	-0.0136648	0.00271125	-0.0262687	0.0998587	0.303796	-0.0286961	0.166667	0.0117163	-0.0100595	-0.0340661	-0.00955361	
-0.0404996	0.0785168	0.0583243	0.089043	-0.0280606	0.0403851	-0.0533716	-0.00157084	-0.0377977	-0.0362009	-0.0626829	-0.00698776	-0.0607409	-0.0136648	-0.00774217	-0.0396764	0.0851472	0.446096	-0.022706	0.121845	0.0135051	-0.0186246	-0.0299099	-0.00955361	0.0178503	
-0.0406539	0.0628616	0.0433411	0.0654654	-0.0267385	0.0336268	-0.0518575	-0.00249369	-0.0362218	-0.0330348	-0.0614788	-0.00343091	-0.0604214	-0.0116844	-0.00576181	0.011476	0.103326	0.437123	-0.0220717	0.126008	0.0135051	-0.0153656	-0.00886453	-0.00554485	-0.00767042	0	
-0.0307848	0.0683013	0.0782217	0.0561611	-0.0322943	0.0443793	-0.051497	0.0176066	-0.0244932	-0.0367456	-0.0616693	0.0280257	-0.058586	-0.0116844	-0.00825183	-0.0346696	0.052101	0.491696	-0.0245711	0.155231	0.00731299	-0.0223584	-0.0394456	0.00756594	-0.0467766	0.00935787	0	
-0.0413846	0.0632009	0.0692502	0.0775001	-0.0223705	0.0371835	-0.0520885	0.0048045	-0.0286643	-0.0297344	-0.0615008	0.0135689	-0.058586	-0.00993088	-0.0110599	-0.0285115	0.10135	0.547578	-0.0232366	0.101709	0.00697136	-0.0143911	-0.0307651	-0.0114892	0.0863263	-0.00586918	
-0.0325268	0.067829	0.0959328	0.0775001	-0.026471	0.0426457	-0.0520885	0.0209353	-0.0312323	-0.0235519	-0.0610804	-0.00476866	-0.058586	-0.00993088	-0.00626596	-0.0193015	0.0686302	0.372162	-0.0232298	0.092923	0.0103431	-0.019969	-0.00647809	0.0432275	
-0.0325268	0.102349	0.0625285	0.0631674	-0.0272953	0.0408439	-0.0516193	-0.0112789	-0.0268413	-0.0193318	-0.0567514	-0.00507364	-0.0583809	-0.00993088	-0.00497487	-0.0320887	0.0461031	0.406478	-0.0309742	0.142407	0.010501	-0.0141932	-0.0325538	0.00648029	0.00855315	0.051565	
-0.0403029	0.0761674	0.0985063	0.066627	-0.0386667	0.0458832	-0.0528071	-0.0171653	-0.0314465	-0.0323237	-0.0627034	-0.00908917	-0.05473	-0.00993088	-0.00497487	-0.0367638	0.0944264	0.534841	-0.0267423	0.176081	0.00760956	-0.0240182	-0.0149536	0.00989839	
-0.0404349	0.0734177	0.0533933	0.0714581	-0.0370403	0.0368409	-0.0501296	-0.0105212	-0.0304232	-0.0378529	-0.0600114	0.00756941	-0.0577729	-0.0053795	-0.00733721	-0.0414247	0.0585075	0.437207	-0.0275808	0.213313	0.00934091	-0.0241709	-0.00623128	-0.0147677	
-0.0356043	0.0824783	0.0737762	0.0884232	-0.0429169	0.0430513	-0.050286	-0.00999657	-0.0217525	-0.0278322	-0.0564211	-0.0232897	-0.0565383	-0.00218066	-0.00733721	-0.0124423	0.0265614	0.45721	-0.0215743	0.102484	0.00208306	-0.0172499	-0.021909	-0.00560558	-0.0185046	
-0.0149561	0.0799577	0.0779864	0.0603675	-0.0405363	0.0409049	-0.0518888	0.00304116	-0.0286566	-0.026741	-0.0607974	-0.0240286	-0.0567762	-0.00380424	-0.00733721	-0.0119952	0.0395002	0.429477	-0.0277902	0.106781	8.41766e-05	-0.0143386	-0.0226802	-0.00621981	
-0.0422316	0.0631936	0.074047	0.0596046	-0.0342217	0.0332978	-0.0535378	-0.0155792	-0.0290321	-0.0431147	-0.0591112	-0.0238192	-0.0577923	-0.00823999	-0.000547823	-0.0429345	0.0571212	0.657167	-0.0289846	0.115958	0.00332559	0.00394495	-0.0179578	-0.0117525	-0.0246567	
-0.0323786	0.0770411	0.131278	0.0688477	-0.0350845	0.0460053	-0.049543	-0.00921495	-0.0252565	-0.0337485	-0.0558351	-0.0196543	-0.0547669	-0.004947	-0.0012021	-0.00826567	0.0568279	0.481733	-0.02332	0.108414	0.00940946	-0.0196553	-0.012363	-0.010085	
-0.0358949	0.0727194	0.0554132	0.0744569	-0.0341186	0.0310487	-0.0502733	0.00640427	-0.0274331	-0.0327088	-0.0608458	0.0237406	-0.0574056	-0.0105834	-0.00847055	-0.0345451	0.0466875	0.394422	-0.0313071	0.128257	0.00644022	-0.0115181	-0.0258381	-0.0183749	-0.0198935	
-0.0293697	0.0758453	0.109397	0.0709634	-0.0294745	0.0520909	-0.0498319	0.00663245	-0.0315766	-0.0347638	-0.0566801	0.000900058	-0.0591575	-0.00889633	-0.00363181	-0.0242294	0.0467282	0.386843	-0.0286942	0.162195	0.0142318	-0.00897039	-0.0162777	-0.012375	0.0903883	
-0.0338577	0.09323	0.0879857	0.0629101	-0.039097	0.0339813	-0.0472135	-0.00753268	-0.0290025	-0.0400987	-0.0619335	-0.00513999	-0.0587174	-0.00681151	-0.00126606	-0.0379865	0.0567284	0.397674	-0.0249493	0.0796187	0.00373879	-0.00445238	-0.0352043	0.0266695	0	
-0.036262	0.0882672	0.102866	0.0688071	-0.0366764	0.0452923	-0.0497141	-0.0159824	-0.0291869	-0.0371883	-0.0626556	0.00989182	-0.058349	-0.00681151	-0.00281425	-0.0477262	0.0611181	0.360626	-0.0291895	0.104817	0.00611618	-0.0154743	-0.0371664	-0.0148834	
-0.0328617	0.102881	0.0748669	0.098938	-0.0402659	0.0298445	-0.0497141	-0.00712698	-0.0380881	-0.0301233	-0.0600971	-0.00468016	-0.0574751	-0.00681151	0.000202553	-0.0309007	0.0661299	0.454614	-0.0283673	0.116728	0.00398647	-0.0117071	-0.0472723	-0.0180035	
-0.0259086	0.0793509	0.0519703	0.0674012	-0.0337502	0.036335	-0.051603	-0.0210636	-0.0365453	-0.0372708	-0.0585856	-0.00795167	-0.0592925	-0.00698568	2.8387e-05	-0.0278597	0.04254	0.474241	-0.0271999	0.112161	0.00693972	-0.0187662	-0.0362453	-0.0172458	0.00551624	0.00708733	
-0.030593	0.0521446	0.0622902	0.0594384	-0.0265912	0.0572536	-0.0505332	-0.0121912	-0.0322448	-0.036649	-0.0603269	-0.0093	-0.0583928	-0.0102548	0.00799616	-0.0250043	0.0391598	0.31644	-0.0278262	0.104406	0.0097942	-0.0174702	-0.0314119	-0.01175	
-0.0311664	0.0642732	0.0585974	0.0564017	-0.0405597	0.0391958	-0.0504473	-0.0145983	-0.0355202	-0.0393984	-0.0621083	-0.00297654	-0.0580094	-0.00683483	-0.00656332	-0.0239833	0.0524361	0.369611	-0.0278315	0.158751	0.00794023	-0.0200487	-0.0100501	-0.00130695	
-0.0391431	0.0503639	0.0927468	0.0673501	-0.0385782	0.0583466	-0.0495988	-0.0155954	-0.0297175	-0.0369245	-0.0616501	-0.0226076	-0.0550314	-0.00519807	-0.00492655	-0.00731248	0.0677589	0.463776	-0.0230839	0.104382	0.00794023	0.000126364	-0.00886865	-0.00428187	0.0151849	
-0.0314486	0.0699893	0.0806954	0.0880261	-0.0372997	0.0673488	-0.0495988	-0.0133709	-0.0262637	-0.0386649	-0.0606928	-0.00787497	-0.0554876	-0.00519807	-0.00544799	-0.0308353	0.0564563	0.38809	-0.01937	0.177493	0.00444095	-0.00949519	-0.0298239	-0.0161423	-0.0126985	
-0.00945159	0.0403696	0.0880232	0.081386	-0.0339867	0.0492808	-0.0473944	-0.00858084	-0.0290065	-0.0283359	-0.0577787	-0.00139437	-0.054285	-0.00421108	0.000621503	-0.0122887	0.0782411	0.403817	-0.0215012	0.130514	0.00479877	-0.001494	-0.00899483	-0.0154592	0.0357854	-0.0079662	0.0152731	0	
-0.0151584	0.0919702	0.0519066	0.0872819	-0.0406734	0.0454984	-0.047758	-0.0167164	-0.0247844	-0.0284231	-0.0595074	0.0241453	-0.0540031	-0.00294674	0.000616277	0.0189192	0.0691183	0.424489	-0.0283204	0.143714	0.00523826	-0.00164664	-0.0278856	-0.0126018	0.0138502	
-0.0294253	0.0580114	0.0862387	0.0775458	-0.0316717	0.0553326	-0.0485456	-0.0168868	-0.027992	-0.0299597	-0.0610962	-0.00401481	-0.0561006	-0.00804829	0.001893	-0.0213195	0.0567769	0.415126	-0.0294537	0.24624	0.0139357	-0.00924379	-0.0143296	-0.0152647	
-0.0162891	0.0614552	0.0554968	0.0563505	-0.033965	0.0539046	-0.0507978	-0.0118668	-0.0281099	-0.0304303	-0.0572974	-0.000107251	-0.0547437	-0.00582967	-0.00735766	0.014418	0.0661068	0.464225	-0.0266929	0.220791	0.0160067	0.00110295	-0.0229867	-0.0158765	-0.0164681	
-0.0343634	0.0555077	0.0607249	0.0626854	-0.0358074	0.0428884	-0.0493973	-0.00816078	-0.0280469	-0.0309926	-0.059784	0.00825464	-0.0545492	-0.00609977	-0.00376903	-0.0270139	0.0611289	0.443627	-0.0264132	0.197314	0.0203739	0.000421645	-0.0169779	-0.0140043	0.00756584	
-0.0330383	0.070016	0.058791	0.0756753	-0.036051	0.0428884	-0.0506917	-0.00484914	-0.029949	-0.0198221	-0.0587203	-0.0164584	-0.0558061	-0.00498272	0.00833496	-0.0370738	0.0793201	0.361756	-0.0348714	0.12404	0.0165314	-0.0144349	-0.0238813	-0.0113632	-0.0458062	0	
-0.0289113	0.0684959	0.0885598	0.0764544	-0.0353834	0.0634689	-0.0448391	-0.0107582	-0.0291045	-0.0232088	-0.0538024	-0.0049815	-0.0522688	-0.0022626	0.0123447	-0.0393362	0.0593844	0.384902	-0.0314837	0.119251	0.015365	-0.00122407	-0.0380109	0.0196483	0.00987933	
-0.0293849	0.078394	0.0708711	0.0764544	-0.03537	0.065649	-0.0473424	-0.000316193	-0.0324521	-0.0266279	-0.0536734	-0.0131339	-0.0522565	-0.00476589	-0.00669186	-0.0430703	0.108507	0.346019	-0.0297477	0.192205	0.0075181	0.00307333	-0.0336666	-0.0167072	0.0496755	-0.0142715	-0.00109414	
-0.0389529	0.0634485	0.0241438	0.0640648	-0.0374433	0.0694473	-0.0473001	-0.000316193	-0.0324521	-0.0142216	-0.059433	-0.0194695	-0.0538383	-0.00269254	0.000929449	-0.0385128	0.07057	0.38361	-0.0320765	0.192215	0.00544475	0.00811577	-0.00137646	-0.00633907	0	0	
-0.041961	0.0689599	0.0374017	0.0640648	-0.0345066	0.0534178	-0.0521487	-0.0104682	-0.031565	-0.0260594	-0.0587128	-0.00789528	-0.0573608	-0.0051543	-0.00806813	-0.0437519	0.092827	0.387454	-0.0350307	0.129309	0.00714218	-0.0123278	-0.0179907	-0.0141258	-0.0103365	-0.026711	
-0.0303546	0.0586286	0.0511222	0.0790197	-0.0363976	0.0584186	-0.051002	-0.016519	-0.025244	-0.0362425	-0.0619542	-0.0237261	-0.0567605	-0.0051543	-0.00744425	-0.0524668	0.0671866	0.437358	-0.0307346	0.15655	0.00434311	0.0168844	0.00319229	-0.00854741	-0.0425509	-0.0256036	
-0.0287916	0.0536924	0.0546579	0.0856931	-0.0327158	0.0509009	-0.0492949	-0.0118489	-0.0231787	-0.0302827	-0.0620129	-0.00618855	-0.0570846	-0.00868998	-0.00744425	-0.036509	0.0582174	0.424259	-0.0337324	0.0885698	0.0121527	-0.0130594	-0.0411734	-0.0114142	-0.0251411	-0.00993737	
-0.029195	0.0781697	0.0492014	0.0782629	-0.0369661	0.0445195	-0.0490493	-0.0151231	-0.020661	-0.0187076	-0.0606682	-0.0207114	-0.0572161	-0.00796118	-0.00671544	-0.0438994	0.0723549	0.408754	-0.0270276	0.112347	0.0121527	0.000879324	-0.00818689	-0.0100463	0.0177874	-0.00601502	
-0.0279348	0.0655677	0.0523901	0.0664936	-0.0371588	0.0458347	-0.0474656	0.0165144	-0.0290543	-0.0300527	-0.0609202	-0.0193825	-0.052809	-0.00437301	-0.00647815	-0.0253041	0.0739387	0.438539	-0.0301856	0.12976	0.0101483	0.00253195	-0.0327807	-0.00680923	
-0.0279815	0.0736759	0.0688397	0.0893879	-0.0367437	0.0431088	-0.0480842	-0.0131147	-0.0254278	-0.0268465	-0.0616222	0.00247504	-0.0536327	-0.00561177	-0.00863215	-0.0508756	0.0790817	0.433472	-0.036608	0.133787	0.0133825	-0.00108328	0.0432131	-0.00327514	0.00161681	0	
