-0.027127	-0.0288309	-0.0175003	-0.0122295	0.192647	-0.236273	-0.179345	-0.0143714	0.0558733	-0.0324714	-0.0432528	-0.0254889	-0.0034884	-0.0382887	-0.0420314	0.0615022	-0.203712	0.0612522	-0.0080966	-0.0342186	-0.124503	-0.0411305	0.0215455	0.0293254	0.0176656	0.02119	0.0014634	0.0087681	-0.0584198	0.0631402	0.0704548	-0.213789	-0.0321289	0.0233309	-0.0380783	-0.0045506	-0.008305	-0.045857	-0.0330396	-0.242018	0.0404476	-0.0290139	-0.0266621	0.168728	0.0173766	-0.0129783	-0.251178	0.00477076	-0.0337087	-0.0282852	-0.0300768	0.187536	0.0138909	-0.0568393	-0.0489971	0.206583	-0.166484	0.0073614	-0.0530388	-0.185386	0.0246544	-0.034443	-0.22311	-0.0312208	-0.0443391	-0.0441641	-0.0384908	0.257422	-0.0376777	-0.0616673	-0.019636	-0.0201759	0.0009815	-0.0554397	-0.0137494	0.0235599	0.12646	-0.224941	0.0164897	0.0990558	0.319929	0.163733	-0.0158798	
-0.027127	-0.0278494	-0.0175003	-0.0204753	0.19333	-0.238573	-0.179345	-0.0136886	0.0402045	-0.0326159	-0.0427463	-0.0225353	0.0017335	-0.0413989	0.0544695	-0.136531	-0.026449	-0.0511516	0.0890411	-0.0455315	-0.0338302	-0.24063	0.022505	-0.0210208	0.207716	-0.230971	-0.0372694	-0.0304112	-0.05706	0.0232674	-0.0531429	-0.212142	0	0.00304847	-0.178712	-0.0441196	-0.0437638	-0.03635	0.184551	-0.0289524	-0.0504657	-0.0431627	-0.0530613	-0.0129064	0.0398957	0.146453	-0.224237	0.0399597	0.0591057	-0.250023	-0.104428	0.2006	
-0.0289757	-0.0278494	-0.0437616	-0.0188927	-0.0343254	0.188077	-0.179687	-0.0170696	0.0406642	-0.0312035	-0.0452625	-0.0280275	0.00761252	-0.0543378	-0.0413989	0.0255447	-0.0289681	-0.0542974	0.10686	-0.240854	-0.0513251	0.180525	-0.239063	-0.225914	-0.217754	0.0381984	-0.231655	0	-0.0439347	-0.0161606	-0.0445479	-0.0409417	0.190766	-0.0368605	-0.0594253	0.048256	-0.0545961	-0.0175003	-0.219692	-0.249407	
-0.0259435	-0.0292623	-0.0441695	-0.0203056	-0.0337778	0.190503	-0.17944	-0.0156566	0.0417672	-0.0340308	-0.0450442	-0.0285069	0.0121463	-0.056609	-0.0434093	-0.0364659	0.137796	-0.242425	-0.219898	-0.0429899	-0.0447269	0.166757	-0.0450071	-0.0457413	-0.248664	0.266517	-0.0382636	-0.0575862	-0.0525976	-0.0220184	-0.229402	-0.050228	
-0.0286843	-0.0309286	-0.0350127	-0.0241913	-0.0342793	0.198721	-0.1829	-0.00743805	0.0434335	-0.0326988	-0.0394418	-0.0132075	0.0105329	-0.0468087	-0.0431344	-0.0355312	0.0774699	-0.240978	-0.0389031	0.0102145	-0.0459503	0.210076	-0.0453931	-0.0485129	-0.250078	0.292563	-0.211905	-0.0510685	-0.0214571	-0.0193821	-0.231967	-0.0417254	
-0.0320068	-0.0309286	-0.0397528	-0.0148326	-0.0337182	0.196137	-0.174108	-0.0100224	0.0563307	-0.231455	-0.0429118	0.0900415	0.0119021	-0.0489791	-0.0433166	-0.0333772	-0.240622	-0.0444287	-0.038104	0.0152977	-0.0457783	-0.00853915	-0.0428585	-0.0366985	0.226727	-0.215614	-0.0537389	0.0861018	-0.0193821	
-0.0295916	-0.0312475	-0.0453254	-0.0148326	-0.0322391	0.187351	-0.18097	-0.0188082	0.0789414	-0.228539	-0.0549219	0.158725	-0.0427079	-0.0570974	-0.0335902	-0.23901	-0.0548363	0.0263058	0.0464892	0.0059241	0.00838605	-0.0424817	0.0150739	-0.0441377	-0.00755734	-0.0572941	-0.0367614	0.162464	-0.222856	-0.0604319	0.0806116	-0.0193401	
-0.024562	-0.0309488	-0.0490707	-0.0213405	-0.032706	0.187351	-0.187444	-0.0188082	0.0340095	-0.242765	-0.0195947	0.13773	-0.0431899	-0.0591892	-0.0372522	-0.240391	-0.0548877	-0.0439202	0.00201441	0.116049	-0.0485464	0.0126233	-0.0445857	-0.0276673	-0.0573187	-0.0340851	0.192981	-0.223491	-0.0600468	
-0.0294829	-0.0286474	-0.0447	-0.0197781	-0.0320507	0.189369	-0.185041	-0.0167904	0.0379774	-0.243773	-0.0201906	0.234157	-0.0422596	-0.0544167	-0.0366172	-0.0510496	-0.215166	-0.0406189	0.0116755	0.0697391	-0.0506611	0.00645844	-0.240391	-0.043671	-0.0203324	-0.0552974	-0.0340103	0.244931	-0.0567918	
-0.0299423	-0.0284824	-0.0434591	-0.020418	-0.034042	0.190007	-0.178047	-0.015286	0.0487307	-0.242351	-0.0192567	0.23899	-0.0432302	-0.0529123	-0.0339026	-0.0152464	-0.0488135	-0.214299	-0.0405983	0.01437	0.0522551	-0.0477452	-0.054512	-0.240118	0.0149943	-0.0439099	-0.0317455	0.213411	
-0.0228813	-0.0295479	-0.0479237	-0.0217035	-0.0335222	0.190007	-0.175135	-0.015286	0.0380479	-0.240116	-0.0180397	0.22241	-0.0424061	-0.0531561	-0.036792	-0.017765	-0.0296034	-0.0519578	0.000692211	-0.00355491	-0.237852	-0.0578667	-0.228896	-0.0438432	0.00144451	0.136544	-0.0437604	0.0172076	-0.0439466	-0.0333505	0.225347	
-0.0286669	-0.0314482	-0.0462613	-0.0213522	-0.0358935	0.191623	-0.175589	-0.0133131	0.0352622	-0.226799	-0.0213913	0.26272	-0.0424061	-0.0523329	-0.0332948	-0.0215836	-0.049588	0.0218503	-0.235022	-0.0559453	-0.224875	-0.0403046	0.00711742	0.0507854	-0.0491072	0.0198257	-0.0420854	-0.0340756	0.255129	
-0.0251133	-0.0286191	-0.0492218	-0.022229	-0.0339129	0.191854	-0.173968	-0.0153542	0.0426448	-0.24673	-0.0228231	-0.0352249	-0.0441228	-0.0552713	-0.242991	-0.0364402	0.276525	-0.0420999	-0.0121434	0.0203157	-0.229584	-0.0601724	0.00284792	0.0888511	-0.0523172	-0.0442323	-0.0351521	0.155833	
-0.0223706	-0.0312543	-0.0442333	-0.0264491	-0.0366184	0.194608	-0.182265	-0.0131242	0.0662088	-0.237892	-0.0222989	-0.0322706	-0.0431875	-0.0541283	-0.242297	-0.0318233	0.2588	-0.0405895	-0.0155641	0.00928752	-0.227833	-0.0578509	0.0030734	0.00125949	0.0565636	0.133936	-0.0474085	-0.0452348	-0.0266377	
-0.024844	-0.0300991	-0.0472194	-0.0205097	-0.0372673	0.202438	-0.192716	-0.0135563	-0.247037	-0.0551758	-0.022214	-0.0295889	0.0781412	-0.251649	-0.0329251	0.246618	-0.042576	-0.0148489	-0.0427203	0.0259974	-0.231558	-0.0580723	0.00234069	-0.0511274	-0.0458516	0.158703	-0.0291424	0.0118508	
-0.0236499	-0.0300594	-0.0464577	-0.0206229	-0.0356571	0.202438	-0.190223	-0.0142517	-0.25243	-0.0545189	-0.0181608	-0.0349792	-0.0421293	0.0435149	-0.252914	-0.0292656	0.144884	-0.0395809	-0.0188293	-0.0558861	0.00984863	-0.215776	-0.0478207	0.0040801	0.018629	-0.0438074	0.185995	-0.0356564	
-0.0216803	-0.0277663	-0.0501813	-0.0185273	-0.0368023	0.193239	-0.181024	-0.0148913	-0.229936	-0.0532155	-0.0197509	-0.0337413	-0.0411449	0.0480137	-0.241515	-0.0355	0.133152	-0.0416576	-0.0575725	-0.0300864	-0.221222	-0.0507727	0.000126201	0.000361862	-0.0437234	0.143123	
-0.0208979	-0.0273986	-0.0480374	-0.0201211	-0.0347027	0.196974	-0.184878	-0.0150096	-0.236079	-0.053263	-0.0208489	-0.0290499	-0.0416745	0.0446094	-0.241045	-0.0356183	0.0681675	-0.0394937	-0.0582093	-0.0439883	-0.0345553	-0.206997	-0.0488409	0.0789852	0.00257994	0.0194657	
-0.0264	-0.0291387	-0.048289	-0.0203449	-0.0352124	0.196981	-0.184767	-0.0132694	-0.23967	-0.0552638	-0.0227356	-0.0338948	-0.0431371	0.0532711	-0.246727	-0.0390661	0.283592	-0.0363997	-0.0582995	-0.0464588	-0.0317321	-0.22461	-0.0510792	0.149276	0.00697119	0.00237413	
-0.028644	-0.0296409	-0.0445743	-0.0181941	-0.0356541	0.200051	-0.18525	-0.00969743	-0.240906	-0.0515636	-0.0227508	0.161062	-0.0443157	0.050859	-0.246843	-0.0339736	-0.221368	-0.0414583	-0.0546232	-0.0393206	-0.0477673	0.00227958	0.015417	
-0.0234094	-0.0277621	-0.0457968	-0.021855	-0.0324489	0.197106	-0.185897	-0.0130234	-0.226842	-0.0507907	-0.0206229	0.169005	-0.0422366	0.0555019	-0.245127	-0.0351717	-0.0562688	0.020347	-0.040849	-0.0309989	-0.0129976	-0.0476438	-0.227047	-0.00291106	
-0.0285799	-0.0302622	-0.0465088	-0.0172	-0.0341905	0.197446	-0.185321	-0.0126838	-0.232556	-0.0528374	-0.0212792	0.241086	-0.0419322	0.0622024	-0.24558	-0.0370586	-0.0561124	0.0418381	-0.0381043	-0.0293692	-0.0431047	-0.216958	-0.135044	-0.00765942	
-0.0265285	-0.0278322	-0.0491268	-0.0153128	-0.0349722	0.195557	-0.187756	-0.014573	-0.223611	-0.0523696	-0.0211394	0.0764426	0.0493432	-0.240975	-0.0376329	-0.0560727	0.0290483	-0.0372158	-0.0348559	-0.0425192	-0.226174	-0.217682	0.0470276	-0.0417493	
-0.0243425	-0.0291035	-0.0457534	-0.0200106	-0.0329143	0.183887	-0.167945	-0.0127966	-0.218445	-0.0538769	-0.0202793	0.249512	-0.0312306	0.0563242	-0.228819	-0.0348124	-0.0542478	0.0407839	-0.0393427	-0.0453456	-0.206802	0.0270938	-0.0420904	
-0.0327007	-0.0310379	-0.0523636	-0.0205984	-0.0363762	0.179759	-0.171994	-0.0162535	-0.218588	-0.0576927	-0.0205821	0.169017	-0.0319638	0.0446643	-0.22626	-0.0409028	-0.0586921	0.0138426	-0.0458274	-0.0504212	-0.201098	-0.0155333	0	-0.0429205	-0.00742219	0.0290849	
-0.0288416	-0.028914	-0.0390296	-0.0157456	-0.0364758	0.210049	-0.193116	-0.00499636	-0.24051	-0.0462096	-0.0234775	0.14736	-0.0333469	0.0551074	-0.24737	-0.028166	-0.0503133	0.028344	-0.0453659	-0.0387555	-0.210452	-0.0429913	
-0.0274199	-0.0299209	-0.0357682	-0.022497	-0.036333	0.219069	-0.195662	-0.00266357	-0.233867	-0.0432246	-0.0204307	0.208779	-0.0373172	0.0375965	-0.256898	-0.0273643	-0.0449895	0.0341129	-0.0440882	-0.0369451	-0.240896	
-0.0252458	-0.0303437	-0.0496965	-0.0156694	-0.0312042	0.196274	-0.189656	-0.0176596	-0.218999	-0.0567793	-0.0190501	0.164748	-0.0279153	0.024484	-0.247205	-0.0436361	-0.0577371	0.0239355	-0.0415894	-0.0501946	-0.225708	
-0.0297911	-0.0285175	-0.048329	-0.0187364	-0.0356878	0.203242	-0.198232	-0.0115979	-0.250922	-0.0531434	-0.0214029	0.0596472	-0.0296766	0.0261985	-0.2488	-0.0369828	-0.0540032	0.021912	-0.0441891	-0.0453654	-0.215733	0.00173882	0.0289014	
-0.03017	-0.0296529	-0.0459669	-0.022754	-0.0364293	0.198982	-0.183276	-0.00923586	-0.234553	-0.0503413	-0.0230307	0.0973081	-0.0298598	0.0368902	-0.242197	-0.03781	-0.0503424	0.0264981	-0.0442775	-0.0479038	-0.215274	0	
-0.0300027	-0.0294856	-0.0474865	-0.0225691	-0.0376679	0.19403	-0.183276	-0.014355	-0.230651	-0.0562061	-0.0194893	0.115499	-0.0336522	0.038663	-0.2406	-0.0430401	-0.0580761	0.0199888	-0.0439102	-0.0503245	-0.221472	0.0249189	0	
-0.0272164	-0.0291187	-0.0455257	-0.0175523	-0.0406959	0.19443	-0.176004	-0.013955	-0.216206	-0.0554648	-0.018997	0.13476	-0.0293973	0.03552	-0.241766	-0.04264	-0.0592531	0.0395706	-0.0443381	-0.0452513	-0.223871	0.0776844	
-0.0296945	-0.0289344	-0.0426086	-0.0208463	-0.0376817	0.198303	-0.184095	-0.00984443	-0.229002	-0.0510494	-0.0207236	0.16804	-0.0312213	0.0385794	-0.242226	-0.0317737	-0.0516379	0.00569847	-0.0447489	-0.0424298	-0.221837	
-0.0281924	-0.0307099	-0.0433381	-0.0170086	-0.0364433	0.198488	-0.17634	-0.00971319	-0.209105	-0.0484725	-0.019612	0.144728	-0.0296232	0.0348098	-0.239486	-0.0320041	-0.0521773	0.0270525	-0.041988	-0.0345153	-0.221978	
-0.0281462	-0.0297607	-0.04654	-0.0160672	-0.0366051	0.193675	-0.187771	-0.0140292	-0.205769	-0.0526094	-0.0211596	0.117959	-0.0309728	0.0463785	-0.240931	-0.0397001	-0.0564121	0.0160327	-0.043031	-0.0479108	-0.221867	0.0264799	
-0.0279229	-0.0277112	-0.0471684	-0.0160672	-0.0335241	0.195152	-0.181657	-0.0125524	-0.208804	-0.0526351	-0.0191722	0.0930879	-0.0298316	0.0521654	-0.239355	-0.0366561	-0.0546486	0.00367622	-0.0430151	-0.0435208	-0.219937	0	0.0161042	
-0.0267372	-0.0318585	-0.05033	-0.0186277	-0.0373654	0.190436	-0.175313	-0.0136232	-0.157677	-0.0535573	-0.0231682	0.196459	-0.0383145	0.0382055	-0.240383	-0.0403949	-0.055007	0.0100724	-0.0439494	-0.0456131	-0.217651	
-0.0239665	-0.0254784	-0.0375357	-0.0189843	-0.0320709	0.199494	-0.178789	-0.00733583	-0.196533	-0.0468522	-0.0208756	0.243163	-0.0347254	0.0314396	-0.239081	-0.0326645	-0.0495336	0.052353	-0.0407979	-0.0348831	-0.220009	-0.14797	
-0.0213249	-0.0255935	-0.0558161	-0.0191495	-0.0358832	0.180255	-0.177422	-0.0227958	-0.226191	-0.0626851	-0.0197527	0.209966	-0.0332876	0.0497913	-0.234718	-0.0481245	-0.0652219	0.018038	-0.0409133	-0.0467523	-0.216475	0.0332403	
-0.0207193	-0.030373	-0.0533364	-0.0186227	-0.0333552	0.182377	-0.179066	-0.0196777	-0.196644	-0.0571474	-0.0208553	0.209914	-0.0312264	0.0342077	-0.232563	-0.0405864	-0.0630666	0.0145298	-0.040857	-0.0537564	-0.21676	
-0.0221675	-0.0278444	-0.0463249	-0.0213474	-0.0372937	0.199543	-0.192054	-0.014563	-0.230182	-0.0556842	-0.020022	0.211147	-0.0322652	0.0340112	-0.247831	-0.0409237	-0.0589253	0.0121498	-0.0424809	-0.0468277	-0.235066	
-0.0271404	-0.031797	-0.0488625	-0.0214167	-0.0386374	0.183366	-0.17906	-0.0122018	-0.21942	-0.0547374	-0.0223806	0.263623	-0.0359409	0.0358385	-0.229611	-0.0403249	-0.0565827	0.00573728	-0.0431365	-0.046713	-0.202721	
-0.0244272	-0.0290837	-0.0405315	-0.0187035	-0.0372577	0.20121	-0.197529	-0.011856	-0.232733	-0.0516402	-0.0198434	0.167865	-0.0302258	0.0353695	-0.243673	-0.039689	-0.0523619	0.00801954	-0.041194	-0.0446505	-0.230234	-0.0316464	-0.0141377	-0.0214696	
-0.0235364	-0.0272262	-0.0425305	-0.0195911	-0.0372185	0.188326	-0.180265	-0.0135317	-0.229638	-0.0541866	-0.0176456	0.22945	-0.0300024	0.0290707	-0.232383	-0.0389794	-0.0568651	0.0133091	-0.0404849	-0.048484	-0.22063	
-0.0257543	-0.0289354	-0.0374987	-0.0213846	-0.0373368	0.19793	-0.183338	-0.00837578	-0.236247	-0.0489405	-0.0191325	0.268333	-0.031354	0.0451483	-0.244313	-0.0368716	-0.0455026	0.00450157	-0.0436518	-0.0420319	-0.217154	
-0.0257543	-0.0312541	-0.0449369	-0.0223458	-0.0384321	0.200228	-0.200054	-0.0118597	-0.243958	-0.0535192	-0.0205219	0.239364	-0.0402958	0.0369166	-0.24563	-0.0389193	-0.0567807	-0.0108339	-0.0440552	-0.0471232	-0.238585	-0.0450746	
-0.0257543	-0.0311358	-0.0416073	-0.0236965	-0.0384321	0.202176	-0.198752	-0.00991238	-0.226722	-0.0519613	-0.017729	0.168876	-0.0332408	0.0506982	-0.248715	-0.0325975	-0.0540217	0.00531306	-0.0430055	-0.0439354	-0.217984	-0.00167087	-0.165465	0.000649862	0.0168534	
-0.0255022	-0.0308238	-0.0414359	-0.0161686	-0.0397444	0.203942	-0.19554	-0.00814596	-0.226382	-0.050348	-0.0222202	0.268484	-0.031646	0.034267	-0.243359	-0.0340227	-0.0541866	0.0144382	-0.0435063	-0.0424281	-0.2306	-0.0378142	-0.14648	
-0.0265095	-0.0298378	-0.0432444	-0.0222084	-0.0388018	0.202134	-0.187828	-0.00995444	-0.237337	-0.0514445	-0.0212201	0.146986	-0.0350958	0.0424981	-0.247747	-0.0382665	-0.0550919	0.0253743	-0.0442398	-0.0384522	-0.219015	-0.0295722	
-0.0251231	-0.0300262	-0.0481959	-0.0213989	-0.0371973	0.189981	-0.187108	-0.0162537	-0.221942	-0.056966	-0.0223835	0.174523	-0.025535	0.0478135	-0.23931	-0.0421971	-0.0569745	0.00280672	-0.0426229	-0.0489557	-0.220015	
-0.0250593	-0.0284494	-0.0349239	-0.0158787	-0.0348398	0.200473	-0.1842	-0.00576176	-0.231283	-0.0464699	-0.0241914	0.194477	-0.030543	0.0412786	-0.24008	-0.0317052	-0.0466667	0.00465352	-0.0426229	-0.0403987	-0.223575	
-0.0250048	-0.0300781	-0.0421202	-0.0345608	0.203373	-0.197539	-0.00977395	-0.220076	-0.049812	-0.0226275	0.145391	-0.0272986	0.0409964	-0.24829	-0.0316235	-0.0545151	0.0332301	-0.042824	-0.0456217	-0.234938	-0.0215937	
-0.0272402	-0.0286808	-0.0430606	-0.0365414	-0.0158199	0.181419	-0.172555	-0.00926701	-0.215922	-0.0505382	-0.0201771	0.0958248	-0.0285231	0.0481034	-0.223258	-0.0374877	-0.0515456	-0.000767777	-0.0428722	-0.0409068	-0.203825	0	0	
-0.0260816	-0.0316903	-0.0418089	-0.0345288	-0.0205046	0.181311	-0.174026	-0.00926701	-0.207109	-0.0479804	-0.0174547	0.339128	-0.0294842	0.0430218	-0.223149	-0.0290522	-0.053488	0.00351562	-0.0432748	-0.0395669	0	-0.202152	
-0.0286577	-0.0319208	-0.0345164	-0.0374731	-0.0211708	0.202658	-0.192996	-0.00964983	-0.232005	-0.0491194	-0.0162987	0.15465	-0.0282782	0.0380126	-0.245794	-0.0354967	-0.0550182	0.0031328	-0.0419018	-0.0455041	0.00629304	-0.227925	
-0.0215277	-0.0319764	-0.0455983	-0.0363551	-0.0233091	0.195633	-0.187247	-0.016675	-0.242393	-0.0562021	-0.0182128	0.10638	-0.0259356	0.0396342	-0.249824	-0.0421779	-0.061211	0.010185	-0.0429097	-0.0483528	-0.0128442	-0.22577	
-0.0280753	-0.0313172	-0.0489744	-0.0364281	-0.0204014	0.196016	-0.189868	-0.0149152	-0.229929	-0.055345	-0.0208099	0.0530028	-0.0318231	0.0486606	-0.246217	-0.0399721	-0.0465595	0.00845013	-0.0437657	-0.0482025	-0.0223422	-0.223967	
-0.0244061	-0.0340879	-0.0318749	-0.0389918	-0.0220498	0.206712	-0.184552	-0.00421961	-0.226018	-0.045771	-0.0226633	0.0957992	-0.0264122	0.0486378	-0.247728	-0.0329102	-0.0465845	0.00764822	-0.044601	-0.043376	-0.0084915	-0.213377	
-0.0281195	-0.0328241	-0.0344158	-0.0356195	-0.0198473	0.195616	-0.184209	-0.00922862	-0.210896	-0.0489722	-0.0192891	0.0913552	-0.0367057	0.0649448	-0.239765	-0.0393485	-0.0536367	0.00733483	-0.0433031	-0.0466782	-0.0109556	-0.221348	
-0.0259501	-0.0332404	-0.0368992	-0.0388298	-0.0258303	0.199849	-0.187712	-0.00559323	-0.220234	-0.0473418	-0.0226527	0.0586492	-0.0310015	0.0472704	-0.243527	-0.0332665	-0.0523447	0.0132511	-0.0434759	-0.0432012	-0.0166495	-0.213074	-0.0147341	
-0.023832	-0.0322594	-0.0384078	-0.0373862	-0.0210447	0.204554	-0.181728	-0.00677172	-0.207005	-0.0473417	-0.0191178	0.184856	-0.0336882	0.0537347	-0.24847	-0.0307506	-0.051767	0.0170037	-0.04185	-0.0407008	-0.0184278	-0.226962	
-0.0252536	-0.0315339	-0.0403604	-0.034451	-0.0171486	0.212559	-0.197303	-0.00872601	-0.200683	-0.0499632	-0.0191178	0.106746	-0.0277062	0.0473377	-0.25808	-0.0307319	-0.0548427	0.0211557	-0.0429768	-0.0438411	-0.0199431	-0.235295	0.000730909	-0.00224266	
-0.0264841	-0.0299105	-0.0411217	-0.0374868	-0.0205932	0.212797	-0.197156	-0.00803704	-0.240273	-0.0474855	-0.0208263	0.173221	-0.0285158	0.068666	-0.251521	-0.0303948	-0.0542061	0.023589	-0.0425337	-0.0446316	-0.0236726	-0.226204	-0.005065	
-0.0294144	-0.0311818	-0.0484145	-0.0341768	-0.0236221	0.205751	-0.189118	-0.0150831	-0.207653	-0.056579	-0.0208263	0.207519	-0.010795	0.0412631	-0.255534	-0.0388246	-0.0597812	0.0191879	-0.0419039	-0.0510216	-0.0251859	-0.221149	0.000114802	
-0.0280184	-0.0316323	-0.0450005	-0.036817	-0.0234132	0.208355	-0.194094	-0.0124792	-0.16561	-0.0527738	-0.0199577	0.100663	-0.0267249	0.0584591	-0.257081	-0.035591	-0.0576993	0.0093675	-0.0422372	-0.0503937	-0.0126556	-0.236562	
-0.0260848	-0.0307771	-0.0388339	-0.0373221	-0.020518	0.200353	-0.181662	-0.00804963	-0.221465	-0.0496887	-0.0201907	0.11714	-0.0235915	0.0494496	-0.24492	-0.0318372	-0.0526179	0.00898327	-0.0421857	-0.0426761	-0.0127407	-0.222438	
-0.0254816	-0.0317935	-0.0433032	-0.0378405	-0.0216272	0.19773	-0.187625	-0.0106725	-0.218299	-0.0505365	-0.0245815	0.107008	-0.0211208	0.0403402	-0.24348	-0.0360772	-0.0548627	0.0257902	-0.0418213	-0.0434411	-0.0211234	-0.215731	0	
-0.0303985	-0.0307826	-0.0408697	-0.0360578	-0.0201539	0.20386	-0.185926	-0.0106725	-0.231969	-0.0504042	-0.0225913	0.136694	-0.00814705	0.0458235	-0.241796	-0.0380274	-0.0566945	0.0190751	-0.0420141	-0.0470669	-0.0114061	-0.227595	
-0.0286812	-0.029537	-0.0456987	-0.0371415	-0.020986	0.203255	-0.185926	-0.0116436	-0.222401	-0.0521199	-0.0179185	0.0535119	-0.0226902	0.0391882	-0.251483	-0.0377508	-0.0574298	0.0298231	-0.0416833	-0.0498105	-0.0139706	-0.23173	0	-0.0144097	
-0.030382	-0.0319157	-0.0446797	-0.0344415	-0.0264757	0.204351	-0.197105	-0.011951	-0.218605	-0.053638	-0.0198064	0.211838	-0.0282542	0.0485381	-0.246104	-0.0357529	-0.0568911	0.0209349	-0.0425193	-0.0473714	-0.0146672	-0.234916	-0.0568843	-0.0147426	
-0.0277827	-0.0327452	-0.0529352	-0.0384505	-0.0219552	0.195334	-0.197105	-0.0217818	-0.241294	-0.0618744	-0.0203569	0.168042	-0.0273317	0.0446361	-0.243652	-0.0427561	-0.067805	0.0142018	-0.0431228	-0.0597271	-0.0208351	-0.228611	0.000833352	
-0.0258157	-0.0324133	-0.0500303	-0.0371328	-0.0201783	0.200212	-0.199738	-0.0169035	-0.227656	-0.0574468	-0.0225808	0.0867726	-0.0247729	0.0252531	-0.25413	-0.0397349	-0.0601779	-0.00136264	-0.0414233	-0.0506845	-0.0316226	-0.227016	0.0451462	
-0.0279446	-0.0324133	-0.0456693	-0.0354976	-0.0167093	0.202419	-0.191858	-0.0169035	-0.252464	-0.0572095	-0.0250516	0.217925	-0.0144269	0.0327688	-0.25313	-0.0446485	-0.062287	0.0175423	-0.0414335	-0.0519945	-0.0272768	-0.232264	0.0553713	-0.00319396	
-0.0268603	-0.030052	-0.0414159	-0.0375302	-0.0199174	0.20558	-0.191858	-0.014504	-0.245071	-0.0541848	-0.0236637	0.123633	-0.024355	0.0555011	-0.250986	-0.0387658	-0.0581409	0.00975808	-0.0413975	-0.0492931	-0.00732565	-0.227224	
-0.025681	-0.0323221	-0.0420052	-0.0362664	-0.0210371	0.207098	-0.203288	-0.0129862	-0.236949	-0.0513165	-0.0224553	0.161133	-0.0283039	0.0357012	-0.255134	-0.0391701	-0.0579706	0.0196922	-0.0418353	-0.0493331	0.00547364	-0.23888	0.00230948	-0.00264294	
-0.027006	-0.0324571	-0.0381878	-0.0346157	-0.0217103	0.209782	-0.202294	-0.0103027	-0.246371	-0.0516136	-0.0181579	0.175255	-0.024969	0.0536261	-0.251621	-0.0315875	-0.0536992	0.0236907	-0.0413789	-0.044481	0.0044147	-0.228988	
-0.0277465	-0.0342857	-0.0437484	-0.0366748	-0.0200217	0.206527	-0.199846	-0.0128169	-0.243594	-0.0535543	-0.0214517	0.158939	-0.0232579	0.0394794	-0.251621	-0.039422	-0.0584794	0.0271845	-0.0421194	-0.0509823	-0.0235854	-0.23096	-0.0250004	0	
-0.026315	-0.0342857	-0.0450773	-0.0332512	-0.0202837	0.206527	-0.197723	-0.0128169	-0.249501	-0.0542924	-0.0208214	0.280828	-0.0270822	0.0316067	-0.253469	-0.0387526	-0.0583728	0.0148479	-0.0420529	-0.050093	-0.0109237	-0.241471	
-0.025213	-0.0315038	-0.0328255	-0.0339356	-0.0207227	0.209749	-0.196902	-0.00987204	-0.247878	-0.0509447	-0.0195601	0.116702	-0.0277247	0.0411385	-0.251521	-0.0358862	-0.0543913	0.0236507	-0.0415856	-0.0447594	0.0141766	-0.225233	
-0.0227554	-0.0314318	-0.0381434	-0.033017	-0.020107	0.209749	-0.196902	-0.00987204	-0.241708	-0.0507101	-0.0226614	0.164673	-0.0325677	0.0476405	-0.249066	-0.0339795	-0.0524102	0.0200185	-0.0421224	-0.0455586	-0.00621507	-0.23326	0.00502968	
-0.0301574	-0.0305771	-0.0447559	-0.034018	-0.022161	0.206942	-0.195404	-0.012679	-0.23504	-0.0536472	-0.0226614	0.0970988	-0.0246231	0.0201516	-0.253085	-0.0367865	-0.0570376	0.0481553	-0.0410961	-0.0494589	-0.015081	-0.235954	
-0.0207873	-0.0314489	-0.0451514	-0.0374347	-0.0175607	0.206942	-0.197742	-0.012679	-0.245931	-0.054471	-0.0214117	0.200674	-0.0322889	0.0520625	-0.24699	-0.0335124	-0.0571408	0.0105696	-0.0410091	-0.0490373	-0.0122735	-0.228869	0.0122285	-0.161522	
-0.0275346	-0.0314993	-0.0383312	-0.0358668	-0.0175607	0.208045	-0.202031	-0.0115761	-0.250447	-0.0529679	-0.0186389	0.0989567	-0.0273957	0.0665204	-0.255304	-0.0329827	-0.0564096	0.0240006	-0.041412	-0.0481722	-0.0180242	-0.237207	0	-0.223103	
-0.0269071	-0.0310771	-0.0388812	-0.0325968	-0.0211928	0.197276	-0.184408	-0.0115761	-0.236205	-0.0513249	-0.0194425	0.192784	-0.0201811	0.048634	-0.241134	-0.0348332	-0.0574297	0.0401944	-0.0406547	-0.0478601	-0.00521884	-0.224018	
-0.0248493	-0.0318886	-0.0476186	-0.0334082	-0.0168143	0.208666	-0.201051	-0.016017	-0.250734	-0.0576787	-0.0254909	0.184625	-0.025667	0.0477878	-0.260383	-0.0413024	-0.0618822	0.0303942	-0.0418085	-0.0511858	-0.229303	
-0.0263631	-0.0318886	-0.0438331	-0.0377456	-0.0232291	0.19604	-0.192584	-0.0162324	-0.240984	-0.056657	-0.0243695	0.119515	-0.0229554	0.0457651	-0.247964	-0.0398437	-0.0604747	0.0255049	-0.0414382	-0.0544285	-0.221673	0.0487989	-0.0164341	
-0.0251904	-0.0318367	-0.0470722	-0.0368787	-0.0150594	0.194586	-0.190313	-0.0179021	-0.239728	-0.0595383	-0.0200735	0.170585	-0.0269431	0.0437849	-0.243476	-0.0422306	-0.0625307	0.0378699	-0.0430857	-0.0565219	-0.227354	
-0.0245149	-0.0330303	-0.0374835	-0.0367951	-0.0183366	0.202905	-0.192982	-0.00924008	-0.235741	-0.0500611	-0.0244906	0.140285	-0.0223779	0.0379791	-0.245459	-0.0288136	-0.0549548	0.0174784	-0.0426302	-0.0440176	-0.214841	
-0.0234329	-0.0320462	-0.0442898	-0.0369935	-0.0255348	0.197529	-0.187959	-0.0146165	-0.240274	-0.0573628	-0.0195246	0.235071	-0.0271498	0.0414315	-0.244398	-0.0321936	-0.0604034	0.0240206	-0.0422005	-0.0515807	-0.227769	
-0.0267319	-0.0317359	-0.046452	-0.0358861	-0.0117978	0.20033	-0.197604	-0.0129192	-0.246985	-0.0519989	-0.0187946	0.129296	-0.0324431	0.0506653	-0.243784	-0.0342824	-0.0589158	0.0135257	-0.0427286	-0.0541318	-0.220958	-0.0233392	
-0.0270619	-0.0307611	-0.047884	-0.0363737	-0.0158144	0.200371	-0.183352	-0.0128998	-0.23639	-0.0550736	-0.0184225	0.226663	-0.0287704	0.0436892	-0.249144	-0.0333195	-0.0589054	0.038077	-0.042545	-0.0533743	-0.2267	-0.0935572	
-0.0284447	-0.0320891	-0.0542885	-0.0383573	-0.01309	0.1935	-0.182765	-0.0196414	-0.240393	-0.0610501	-0.0184726	0.197117	-0.0334432	0.058671	-0.250762	-0.0432301	-0.0656813	0.0216032	-0.0434191	-0.0581818	-0.225331	
-0.031133	-0.0336307	-0.0487709	-0.0401642	-0.0217769	0.199417	-0.188973	-0.012397	-0.238425	-0.0543322	-0.0194509	0.181276	-0.0303422	0.0343512	-0.246511	-0.0343269	-0.0605117	0.036899	-0.0423115	-0.0485448	-0.220443	-0.0308583	0.211814	0	
-0.0331809	-0.0338932	-0.0474623	-0.0398678	-0.0217548	0.200502	-0.189573	-0.0115335	-0.246196	-0.0542408	-0.0218143	0.172178	-0.0252459	0.0422966	-0.250295	-0.035444	-0.0589476	0.042057	-0.0442418	-0.0497521	-0.21599	
-0.0313238	-0.0338932	-0.0495332	-0.0378108	-0.0237464	0.200777	-0.189937	-0.015298	-0.253855	-0.0581616	-0.0228973	0.122928	-0.0308852	0.0797941	-0.254449	-0.0353838	-0.0628068	0.0269018	-0.044034	-0.0538645	-0.209868	0	0	
-0.0331463	-0.0305817	-0.0554199	-0.0396631	-0.015491	0.180174	-0.173034	-0.0200355	-0.220359	-0.0643084	-0.0227717	0.151308	-0.00795352	0.0331515	-0.235895	-0.0437747	-0.0676821	0.0204748	-0.0441289	-0.0530173	-0.199643	
-0.0330536	-0.0336531	-0.0542993	-0.0388442	-0.0155888	0.185735	-0.178596	-0.0200355	-0.234923	-0.0598054	-0.0222378	0.10822	-0.0303496	0.0492705	-0.242292	-0.0464341	-0.0673881	0.0123397	-0.0442265	-0.0615715	-0.216681	0.0316826	
-0.0300979	-0.0332248	-0.0398712	-0.0384217	-0.0245755	0.213265	-0.201879	-0.00888154	-0.252572	-0.0509478	-0.0200136	0.120033	-0.030291	0.0428574	-0.254339	-0.0307338	-0.0561381	0.0370862	-0.0427087	-0.0482142	-0.218302	
-0.0287261	-0.0349534	-0.048137	-0.0398835	-0.0121035	0.195988	-0.175009	-0.0145008	-0.248882	-0.0553907	-0.0160523	0.155397	-0.0195755	0.0485066	-0.241284	-0.0370133	-0.0614521	0.020264	-0.0427087	-0.0521972	-0.212035	0.0129149	
-0.0318175	-0.0341854	-0.0338183	-0.0381644	-0.0167848	0.208231	-0.182171	-0.00859761	-0.255736	-0.0514722	-0.0206587	0.140489	-0.0328482	0.0650692	-0.249283	-0.0352639	-0.0553167	0.0257624	-0.0436415	-0.0476463	-0.222599	0.0335525	-0.0345466	
-0.0319948	-0.0341198	-0.0391357	-0.0407782	-0.0198878	0.184922	-0.1626	-0.0102271	-0.22887	-0.0522433	-0.0206587	0.140581	-0.0286278	0.0471619	-0.229418	-0.0312482	-0.0573775	0.0350746	-0.0445985	-0.0473961	-0.198797	
-0.0322135	-0.0331432	-0.0418571	-0.0404887	-0.0181182	0.186915	-0.1626	-0.00823451	-0.229429	-0.0502507	-0.0206587	0.1823	-0.0342356	0.024783	-0.231107	-0.0326272	-0.0559608	0.0370672	-0.0447479	-0.0499708	-0.201027	-0.232599	-0.0274899	
-0.0295707	-0.0331432	-0.0445103	-0.0396242	-0.0227423	0.184262	-0.160718	-0.0108877	-0.214856	-0.0529038	-0.0206587	0.0874713	-0.0353849	0.0380605	-0.231079	-0.0389675	-0.05594	0.0156316	-0.0439585	-0.0509114	-0.198754	
-0.0260397	-0.0345029	-0.0454056	-0.0403344	-0.0209724	0.184318	-0.160718	-0.0106243	-0.233104	-0.0528478	-0.0211878	0.231266	-0.0335829	0.0301509	-0.22875	-0.0347294	-0.0566564	0.0341009	-0.045083	-0.050184	-0.193835	-0.0269443	-0.0126458	
-0.0298397	-0.0333401	-0.0423908	-0.0395883	-0.0193829	0.193236	-0.172015	-0.00707486	-0.234228	-0.0509411	-0.0229376	0.147236	-0.0299542	0.0358062	-0.238211	-0.0327292	-0.0517805	0.0415585	-0.0445693	-0.0447389	-0.212993	0.0223421	-0.0146472	-0.0195669	0.00354941	-0.018345	
-0.028862	-0.0308767	-0.0443016	-0.0378414	-0.0157236	0.191635	-0.177055	-0.0111396	-0.23636	-0.0530884	-0.0173285	0.269221	-0.0324821	0.0393518	-0.238436	-0.0342051	-0.0550984	0.0265258	-0.0427061	-0.047471	-0.210648	
-0.0283981	-0.0320044	-0.0437464	-0.0383512	-0.0193303	0.186831	-0.177055	-0.0160962	-0.235554	-0.056929	-0.0161812	0.104863	-0.0338131	0.0378519	-0.238962	-0.0426138	-0.0590407	0.0327137	-0.0421126	-0.0546011	-0.214089	0.00015277	
-0.0283981	-0.0294642	-0.0431279	-0.0369728	-0.0168767	0.186831	-0.174074	-0.0160962	-0.233025	-0.0552257	-0.0153439	0.134802	-0.0284001	0.0377806	-0.232748	-0.0359256	-0.0577933	0.0138885	-0.0421761	-0.0510362	-0.207823	-0.0363186	
-0.0292613	-0.0312035	-0.0410484	-0.0366904	-0.0171993	0.191515	-0.178901	-0.0161454	-0.220362	-0.0565334	-0.0168214	0.0864211	-0.0267113	0.0501531	-0.24109	-0.0334035	-0.0600453	0.00678565	-0.0412091	-0.0506533	-0.218155	0.00597816	-0.00244007	
-0.0273553	-0.0276497	-0.0414071	-0.0377185	-0.0156044	0.194269	-0.178958	-0.0133911	-0.239631	-0.0511721	-0.0145501	0.26626	-0.0275021	0.0484081	-0.238288	-0.035999	-0.0574909	0.0180562	-0.0420928	-0.0494829	-0.221511	-0.114006	0	
-0.0307911	-0.0332522	-0.0456489	-0.0383724	-0.0231977	0.191411	-0.179919	-0.0145766	-0.237158	-0.056768	-0.0213696	0.260062	-0.0307824	0.0359675	-0.236134	-0.0388569	-0.0609316	0.0293361	-0.0443482	-0.0521542	-0.21863	-0.0202492	0.00437474	
-0.0296457	-0.0309135	-0.0445691	-0.0374406	-0.0189706	0.191609	-0.185803	-0.0151149	-0.236299	-0.0572348	-0.0208308	0.138719	-0.018666	0.0436665	-0.245348	-0.0389099	-0.0616041	0.0465514	-0.0437289	-0.0503694	-0.223694	-0.0033481	
-0.0262725	-0.0301723	-0.0392191	-0.0360484	-0.0132309	0.192791	-0.177338	-0.0116605	-0.230303	-0.0501934	-0.0175457	0.257471	-0.0280967	0.035936	-0.23754	-0.0294271	-0.055277	0.0290679	-0.0402212	-0.0479941	-0.215784	
-0.0287135	-0.033639	-0.0407961	-0.0409379	-0.0175038	0.193611	-0.176123	-0.00834802	-0.239914	-0.0509387	-0.0211497	0.162607	-0.0348064	0.0340141	-0.236361	-0.0249224	-0.0566414	0.0351233	-0.0451107	-0.0506568	-0.220955	0.0361985	
-0.0262304	-0.0322229	-0.041713	-0.0410008	-0.0180444	0.199887	-0.19114	-0.0135464	-0.252022	-0.0549521	-0.0203517	0.153424	-0.0309733	0.0384904	-0.250707	-0.0351104	-0.0618881	0.0205783	-0.0441744	-0.0518875	-0.219596	
-0.0318798	-0.0317866	-0.0434939	-0.0409854	-0.0124335	0.199887	-0.190024	-0.0139828	-0.243566	-0.0560978	-0.0183299	0.158317	-0.0319996	0.0414977	-0.244041	-0.0389361	-0.0606549	0.00840382	-0.0439194	-0.0498931	-0.22872	
-0.0311626	-0.0311825	-0.0400001	-0.0366716	-0.0155837	0.198719	-0.185323	-0.0122269	-0.23501	-0.0527747	-0.0191567	0.151554	-0.0245549	0.0414729	-0.243766	-0.0351941	-0.0583847	0.0207137	-0.0422286	-0.0452693	-0.226217	0	0	-0.00416877	0.0366564	
-0.026708	-0.0308665	-0.0429449	-0.0401446	-0.0115694	0.203969	-0.190316	-0.0113137	-0.235881	-0.0526489	-0.0237308	0.103741	-0.0257742	0.0384509	-0.24976	-0.0353328	-0.0581359	0.019161	-0.042395	-0.0492402	-0.222488	0	0	
-0.0282183	-0.0289022	-0.0430364	-0.0398369	0.204544	-0.185213	-0.0138429	-0.253853	-0.0551782	-0.0201415	0.130016	-0.0106267	0.0229423	-0.254847	-0.0386336	-0.0597605	-0.00845372	-0.042593	-0.0523775	-0.218495	-0.0189708	
-0.0235866	-0.0310884	-0.0427153	-0.0389858	0.197768	-0.184551	-0.0135218	-0.234428	-0.0548929	-0.0201415	0.274072	-0.027512	0.0283207	-0.244253	-0.040409	-0.0607373	0.0111475	-0.042593	-0.045633	-0.216739	-0.0148869	
-0.0314338	-0.0320892	-0.0453496	-0.0381598	0.199511	-0.186295	-0.0135218	-0.238587	-0.0420443	-0.0201709	0.127299	-0.0192521	0.0341559	-0.246958	-0.0386294	-0.0604805	0.00327972	-0.0546706	-0.0421508	-0.227162	-0.0186856	
-0.0326461	-0.032149	-0.0416061	-0.0379863	0.204366	-0.186485	-0.0107178	-0.237688	-0.0203337	-0.0186382	0.229545	-0.0322045	0.043039	-0.24652	-0.0353041	-0.0574706	0.0122288	-0.051904	-0.0447245	-0.220817	-0.0130386	0.0173595	-0.0429866	0.000561572	-0.0361261	
-0.0318947	-0.0333795	-0.0400259	-0.0404305	0.203044	-0.185163	-0.0107971	-0.239391	-0.017195	0	0.264665	-0.0315639	0.0371619	-0.24979	-0.0356067	-0.0574038	0.0258878	-0.0514416	-0.0466883	-0.219545	-0.0437211	-0.00186641	0.0851427	-0.0185589	
-0.0307866	-0.0319434	-0.0389957	-0.0385578	0.203044	-0.1946	-0.00933882	-0.234662	-0.0222976	-0.0208802	0.118734	-0.0362504	0.0343464	-0.250621	-0.0356067	-0.0569403	0.00990933	-0.0494238	-0.04533	-0.20689	-0.0438009	0.00495081	0.00756223	0	0	
-0.03103	-0.0298302	-0.0440529	-0.0412824	0.195908	-0.180722	-0.00932956	-0.240375	-0.0238309	-0.0199523	0.230939	-0.0340918	0.0309317	-0.238025	-0.0355898	-0.0574608	0.0015885	-0.0511036	-0.0459063	-0.212006	-0.0438102	0	0.00509361	0.0271743	
-0.0299911	-0.0321269	-0.0451458	-0.0346806	0.207828	-0.192642	-0.00932956	-0.253895	-0.019049	-0.0225709	-0.0305377	0.0208684	-0.25375	-0.0356445	-0.0577914	0.00384978	-0.0523745	-0.0467667	-0.235716	-0.0438622	0.16296	0	
-0.031981	-0.0342613	-0.0420977	-0.0423847	0.194423	-0.181781	-0.00943715	-0.238089	-0.0224729	-0.0196443	0.12175	-0.032025	0.0347888	-0.23929	-0.0370505	-0.0571825	0.00220841	-0.0528215	-0.0447138	-0.221872	-0.04497	-0.0427884	-0.013808	
-0.0280947	-0.0342613	-0.0436022	-0.0410026	0.193756	-0.174801	-0.00710052	-0.223433	-0.0284336	-0.0196443	0.156206	-0.0368003	0.0442263	-0.234839	-0.035231	-0.055666	0.0139521	-0.0497791	-0.0450481	-0.210768	-0.0435873	-0.00685645	0	
-0.0270559	-0.0303356	-0.0534472	-0.0388288	0.192666	-0.183091	-0.0175191	-0.241775	-0.023005	-0.0180527	0.191739	-0.0320015	0.041918	-0.246741	-0.0408843	-0.0652729	-0.00783415	-0.0592592	-0.0483227	-0.21549	-0.0436614	0	
-0.026878	-0.0300216	-0.042065	-0.0398617	0.202014	-0.183091	-0.00817113	-0.235664	-0.021559	-0.0144695	0.199163	-0.0303521	0.0363378	-0.238902	-0.0346173	-0.055517	0.0223258	-0.0504526	-0.0442961	-0.211508	-0.042405	-0.209357	
-0.0309933	-0.0312189	-0.0470053	-0.0357095	0.192153	-0.169754	-0.0130917	-0.228321	-0.0232444	-0.0177514	0.118096	-0.0348252	0.0470728	-0.238331	-0.0393467	-0.0599449	-0.00157906	-0.0569235	-0.0510035	-0.208424	-0.0434966	0	
-0.0315293	-0.0305173	-0.0514698	-0.0379209	0.188902	-0.183391	-0.0163429	-0.236148	-0.0243902	-0.0176812	0.13271	-0.0327761	0.0309122	-0.238459	-0.039655	-0.0637481	-0.0122103	-0.0574487	-0.0513535	-0.209667	-0.0439343	-0.0100504	0.0114652	
-0.0281605	-0.0314192	-0.0407039	-0.0356196	0.199145	-0.175459	-0.00609958	-0.223116	-0.0253422	-0.0213263	-0.0352698	0.0437862	-0.239251	-0.0328881	-0.0525399	0.0210902	-0.0482497	-0.0465673	-0.208014	-0.043061	0.017856	0.129361	-0.00339957	
-0.0216834	-0.0315445	-0.0400502	-0.0381141	0.198347	-0.163086	-0.00689774	-0.198716	-0.0233306	-0.0215594	0.341583	-0.0311635	0.0328343	-0.232275	-0.0346256	-0.0535003	0.0240554	-0.0495278	-0.0449621	-0.203367	-0.0423541	-0.000559972	
-0.0278462	-0.0331721	-0.0411027	-0.0403745	0.214116	-0.193207	-0.00880662	-0.245171	-0.0220393	-0.0227814	0.237111	-0.0305727	0.043861	-0.253943	-0.031791	-0.0560662	0.0118898	-0.0519849	-0.0449966	-0.22842	-0.0437586	-0.0087248	
-0.0322117	-0.0297296	-0.0469578	-0.0405191	0.195082	-0.171637	-0.0126851	-0.236568	-0.0210747	-0.0203706	0.0157361	-0.0280612	0.045636	-0.243013	-0.0389355	-0.060164	0.0165808	-0.0558286	-0.0486215	-0.220743	-0.0444185	0	0.0138406	0.113126	
-0.0274225	-0.0283624	-0.0423733	-0.0387654	0.19873	-0.178755	-0.0143054	-0.0222143	-0.0173056	0.0169646	0.1265	-0.0297827	0.0524766	-0.248131	-0.0374121	-0.0586999	0.00139802	-0.0529328	-0.0523954	-0.204417	-0.0411078	
-0.0312522	-0.0280397	-0.0343563	-0.0387654	0.208801	-0.173429	-0.00423396	-0.0202659	-0.0191917	-0.00805196	0.129521	-0.0342833	0.0482176	-0.244134	-0.0273087	-0.0504288	0.0353484	-0.0448173	-0.0301863	-0.211924	-0.0415424	
-0.0242146	-0.0301901	-0.0405447	-0.039064	0.217304	-0.197376	-0.00817707	-0.0242632	-0.0223821	0.000994348	0.25868	-0.0323726	0.0315501	-0.258942	-0.0341614	-0.055244	0.00974567	-0.0495794	-0.045472	-0.230611	-0.0420795	
-0.026022	-0.0316681	-0.0384023	-0.0403226	0.21189	-0.180227	-0.00606109	-0.0184489	-0.0230315	-0.000110869	0.152477	-0.0337948	0.0429229	-0.252639	-0.0294824	-0.0539626	0.0120389	-0.0486101	-0.042903	-0.225722	-0.0428143	
-0.0276159	-0.0328351	-0.0381481	-0.0382398	0.21461	-0.189351	-0.00301655	-0.0209955	-0.0233567	-0.0129632	0.150518	-0.033978	0.0378572	-0.254245	-0.0287844	-0.0504578	0.0250319	-0.0457511	-0.0386293	-0.206872	-0.0419643	0	
-0.0273532	-0.0313584	-0.0388221	-0.0416731	0.206356	-0.186187	-0.00470145	-0.0241024	-0.0230618	0.00347338	0.222702	-0.0355762	0.0376529	-0.246126	-0.0333263	-0.0507153	0.0410671	-0.0471333	-0.0413013	-0.220248	-0.0430815	
-0.0267019	-0.030829	-0.0370659	-0.0398276	0.215586	-0.1979	-0.00708424	-0.025912	-0.0206956	0.00352878	-0.0432473	-0.0348239	0.0447069	-0.255259	-0.0368212	-0.0549635	0.00518584	-0.0487889	-0.039072	-0.237177	0.151444	
-0.0236219	-0.0282948	-0.0397576	-0.0382015	0.196501	-0.17398	-0.0082701	-0.0216398	-0.0211612	0.0116789	-0.0420471	-0.0297828	0.0502886	-0.237111	-0.0337263	-0.0535069	0.0377041	-0.0469783	-0.0448168	-0.218317	0.194623	0.0186992	
-0.0286578	-0.0298667	-0.0356983	-0.0402789	0.217912	-0.192107	-0.00792882	-0.0233109	-0.0205793	-0.00167605	0	-0.0326221	0.0227967	-0.259424	-0.0357058	-0.0552203	0.0215954	-0.0465572	-0.0454246	-0.240392	0.262316	0.0943677	-0.21735	-0.0423884	
-0.0271415	-0.0289857	-0.0382305	-0.0369917	0.213025	-0.20051	-0.0093026	-0.0174804	-0.0205793	0.00166538	-0.20863	-0.0256733	0.0486187	-0.254321	-0.0361856	-0.0565021	0.0368669	-0.0509511	-0.0470183	-0.223015	0.162645	0.198122	-0.0432532	0.00123589	
-0.0277117	-0.0305813	-0.0353093	-0.0389835	0.219529	-0.198974	-0.00374229	-0.0194169	-0.0189144	-0.00546372	-0.0420883	-0.0302112	0.0249133	-0.253379	-0.0308249	-0.0489383	0.0069329	-0.0436057	-0.0375839	-0.228439	0.171256	0.00349837	
-0.0276893	-0.0306019	-0.0326465	-0.0360505	0.219529	-0.198974	-0.00374229	-0.0194169	-0.0167683	0.0230508	-0.0417832	-0.0273881	0.0413929	-0.253551	-0.0302748	-0.0482054	0.0150693	-0.0423895	-0.041735	-0.229471	0.364131	-0.00255817	-0.24726	-0.0175958	
-0.0287589	-0.0294156	-0.0347379	-0.0346034	0.222219	-0.198064	-0.0035556	-0.017331	-0.0167683	-0.0013932	-0.0418035	-0.0297011	0.0183276	-0.254356	-0.0293691	-0.047759	0.0203732	-0.0418266	-0.0416937	-0.221233	0	-0.223552	0.21425	
-0.0283841	-0.029305	-0.0354039	-0.0362419	0.220228	-0.202811	-0.0054822	-0.0211058	-0.0409214	-0.0355705	0.026864	-0.250832	-0.0317698	-0.0447504	0.0132637	-0.043387	-0.041209	-0.24372	0.00720802	-0.0194424	0.254788	
-0.0299543	-0.0301861	-0.037065	-0.0368652	0.217961	-0.195203	-0.00967489	-0.020832	-0.0422967	0	-0.0287317	0.0276442	-0.253281	-0.0371511	-0.0490181	0.00919231	-0.0479729	-0.0471179	-0.243036	0.002702	-0.0194424	0.187392	
-0.0265499	-0.0297104	-0.0405188	-0.0354301	0.217961	-0.200343	-0.00967489	-0.0194678	-0.0418694	0.151957	-0.0268596	0.0270017	-0.261074	-0.0363319	-0.0534408	0.0191047	-0.0483302	-0.0452947	-0.236963	-0.0018133	-0.0166163	0.0106244	0.0102039	
-0.0254902	-0.0308375	-0.0336024	-0.0372327	0.206748	-0.183117	-0.0036624	-0.0223311	-0.0410744	0.122863	-0.0162001	-0.0254248	0.048324	-0.234399	-0.0314616	-0.0468132	0.0227767	-0.0416743	-0.0405397	-0.222447	0.000815219	0.0261393	
-0.027183	-0.0301202	-0.039786	-0.0381327	0.208629	-0.19466	-0.00984198	-0.0203871	-0.0416096	0.0929808	-0.0154464	-0.031038	0.052594	-0.245397	-0.0356669	-0.054817	0.014678	-0.0478287	-0.0420087	-0.233275	0.000294762	-0.0044192	
-0.0270195	-0.0302015	-0.0398536	-0.0361996	0.215319	-0.20174	-0.00984198	-0.0235001	-0.0412776	0.142821	-0.0189137	-0.0341343	0.0471045	-0.251207	-0.0362901	-0.0549465	0.00705095	-0.0476406	-0.0448017	-0.239293	0.0202213	0.0114635	
-0.0261213	-0.0308968	-0.0412112	-0.0371146	0.211587	-0.199366	-0.0111996	-0.0194267	-0.042545	0.0649671	-0.0193497	-0.0284419	0.0564943	-0.258362	-0.0381912	-0.0565751	0.0111489	-0.0471913	-0.0475283	-0.234399	0	-0.00548763	
-0.0242993	-0.0334794	-0.0422116	-0.0378801	0.21602	-0.191465	-0.00975246	-0.0201366	-0.0423565	0.139994	-0.0185547	-0.0323016	0.0443635	-0.259329	-0.0367441	-0.0551638	0.0125059	-0.0463622	-0.0484764	-0.22626	0.0135717	0.00136239	
-0.0288288	-0.0322654	-0.0421446	-0.0397624	0.21602	-0.208047	-0.00975246	-0.0206068	-0.0418522	0.0795226	-0.0136692	-0.0315187	0.0341388	-0.258298	-0.0329753	-0.0551838	0.0270397	-0.0483115	-0.0466153	-0.234832	-0.00603594	
-0.0301148	-0.0328467	-0.0424966	-0.0377863	0.21602	-0.198109	-0.00975246	-0.0206068	-0.0421348	0.26539	0.00837209	-0.0219019	0.0379577	-0.260169	-0.0374238	-0.0559444	0.0158177	-0.0483115	-0.048558	-0.24074	0.00292605	-0.0200951	-0.00164389	
-0.0277717	-0.0323285	-0.0376975	-0.037909	0.214823	-0.194169	-0.00975246	-0.0244393	-0.0422587	0.233785	-0.0178305	-0.0324754	0.0324009	-0.260155	-0.0386899	-0.056077	0.0260894	-0.0483115	-0.04547	-0.240014	-0.0719189	0.00825353	0.00184076	
-0.0245273	-0.0311451	-0.045518	-0.0364879	0.211911	-0.192784	-0.012665	0.0389749	-0.0176369	-0.0415889	0.168726	-0.0196138	-0.0332994	-0.255647	-0.0412792	-0.0589191	-0.00235254	-0.0519245	-0.0470987	-0.239735	-0.00237756	0.031045	0	
-0.0249684	-0.0317913	-0.0391703	-0.0399239	0.214577	-0.193823	-0.0087598	0.0432118	-0.0178755	-0.0446476	0.157334	-0.241882	-0.0309139	-0.0195316	-0.259049	-0.0369925	-0.0568655	0.00632242	-0.0503111	-0.0499645	
-0.0204941	-0.0315252	-0.0417273	-0.0389107	0.212204	-0.195026	-0.011762	0.0376495	-0.0165522	-0.0443571	0.0872025	-0.243934	-0.0306176	-0.0202719	-0.255608	-0.0399625	-0.0590638	0.000787277	-0.0514703	-0.0524747	0	
-0.0266353	-0.0329051	-0.0365018	-0.0406906	0.228255	-0.200976	-0.00722759	0.0357126	-0.0236797	-0.0444457	0.0853937	-0.244771	-0.0330243	-0.0209967	-0.271974	-0.0361629	-0.0555855	-0.000463946	-0.0501376	-0.040918	
-0.0243094	-0.0335833	-0.039173	-0.0399221	0.225973	-0.210984	-0.00950886	0.0447715	-0.0236656	-0.0444457	0.206094	-0.26149	-0.0308176	-0.022788	-0.27127	-0.0411037	-0.0580078	0.0263685	-0.0503412	-0.0428733	0	-0.0307217	
-0.0245632	-0.0335776	-0.0389327	-0.0406532	0.224566	-0.208849	-0.00788043	0.037515	-0.0230775	-0.0445493	0.0964231	-0.252688	-0.0340012	-0.0224871	-0.265723	-0.0386319	-0.0567044	0.00580596	-0.0483513	-0.0429443	-0.0375854	-0.0193261	
-0.0294571	-0.0332812	-0.0374833	-0.0413665	0.224736	-0.211679	-0.00771002	0.0445473	-0.018934	-0.0440203	0.13476	-0.257441	-0.0323163	-0.02008	-0.267123	-0.0384682	-0.0563599	0.0230968	-0.0470158	-0.0399408	-0.0372222	
-0.0203009	-0.0317471	-0.0412591	-0.0399454	0.239292	-0.234054	-0.0100594	0.0468391	-0.0200457	-0.0428366	0.141374	-0.271212	-0.0297787	-0.0221866	-0.279966	-0.0378111	-0.0581171	0.0107735	-0.0511961	-0.0441703	-0.00952299	
-0.0252052	-0.0314122	-0.0422011	-0.0378031	0.239292	-0.229969	-0.00993629	0.0391365	-0.0240412	-0.0422644	0.0804972	-0.246214	-0.027738	-0.0206514	-0.283539	-0.0378067	-0.0573752	0.0202787	-0.0497664	-0.0480284	0.00107298	
-0.027743	-0.0332082	-0.0422011	-0.0374964	0.226447	-0.219799	-0.00993629	0.0490023	-0.0255479	-0.04337	0.115781	-0.254624	-0.0336803	-0.0229849	-0.270935	-0.037183	-0.0551877	0.0159162	-0.049944	-0.0485941	-0.23239	
-0.0225602	-0.0325156	-0.0418823	-0.037874	0.217338	-0.208718	-0.00993629	0.0456194	-0.0197193	-0.0430873	0.12525	-0.236106	-0.0248407	-0.0241814	-0.261687	-0.0376268	-0.057978	-0.0074204	-0.0512439	-0.0496249	-0.0889472	
-0.0228717	-0.0279294	-0.0434817	-0.0311752	0.202112	-0.188556	-0.0117902	0.0341949	-0.0158257	-0.0428687	0.149861	-0.234931	-0.0311792	-0.0224137	-0.244765	-0.0376268	-0.0572671	-0.00424711	-0.0502523	-0.0503185	0.00703867	
-0.0242595	-0.0313643	-0.0406527	-0.0378091	0.210864	-0.194962	-0.00835512	0.0465936	-0.0164216	-0.0419772	0.224862	-0.232736	-0.0307509	-0.0214109	-0.247916	-0.0374894	-0.0548908	0.00440732	-0.0475674	-0.0460168	
-0.0276828	-0.0310266	-0.0415189	-0.034421	0.209265	-0.197247	-0.00913642	0.058175	-0.0200767	-0.0427106	0.193195	-0.231096	-0.0294205	-0.0214958	-0.249968	-0.0382723	-0.0559522	0.0186838	-0.0500967	-0.0463111	
-0.0232271	-0.0313273	-0.0490761	-0.0348401	0.187051	-0.180688	-0.0152302	0.0623538	-0.0206329	-0.0427477	0.113228	-0.211576	-0.0211564	-0.0208832	-0.233673	-0.0399936	-0.0619198	-0.00556499	-0.0542638	-0.044892	0	
-0.0230253	-0.0307138	-0.0479662	-0.0300721	0.188082	-0.179726	-0.0164533	0.038494	-0.0181994	-0.0416571	0.0839241	-0.218523	-0.0290733	-0.020314	-0.236994	-0.0411171	-0.0619002	-0.0155394	-0.0545262	-0.0504605	
-0.0223288	-0.0310367	-0.0428234	-0.0303193	0.192595	-0.183519	-0.0119405	0.0458183	-0.0167555	-0.0416938	0.254435	-0.227485	-0.0199579	-0.0189297	-0.233064	-0.0359157	-0.0570871	-0.0118379	-0.0485591	-0.0453043	0.023544	
-0.0259032	-0.0292165	-0.0374084	-0.0320509	0.210173	-0.197745	-0.00908224	0.039	-0.0195395	-0.0417922	0.103805	-0.235317	-0.029899	-0.0220977	-0.249123	-0.0328248	-0.0546788	0.000742162	-0.0465308	-0.0407726	-0.108458	
-0.0281083	-0.0311806	-0.0398726	-0.0349316	0.207412	-0.194782	-0.00805289	0.0258753	-0.0150972	-0.0428216	0.101723	-0.230857	-0.0270184	-0.022029	-0.249595	-0.033047	-0.0549682	0.0064944	-0.0476418	-0.0464924	
-0.0278264	-0.0299938	-0.0498002	-0.0309721	0.199372	-0.189086	-0.0181911	-0.043712	-0.00665869	-0.0399645	-0.0199305	-0.231248	-0.0293666	0.0462309	-0.249723	-0.0171082	-0.0628375	-0.0467173	-0.0522297	
-0.0287205	-0.0271154	-0.0495909	-0.0296322	0.199372	-0.175906	-0.0181911	-0.0465852	-0.00818075	-0.0401328	-0.0208415	-0.236622	-0.0274518	0.0422308	-0.247444	0.00631878	-0.0617036	-0.0508259	-0.0520325	
-0.0313207	-0.0343941	-0.0433655	-0.0386759	0.193395	-0.186999	-0.0109129	-0.0410198	-0.0201487	-0.044782	-0.0232454	-0.223212	-0.0345549	0.0537795	-0.239089	0.0174183	-0.05893	-0.046683	-0.0520434	0.0379474	0.00125509	
-0.0292922	-0.0286272	-0.0458592	-0.0295758	0.193395	-0.181389	-0.0148056	-0.0403593	-0.0175293	-0.0407677	-0.0213148	-0.223445	-0.0267547	0.0606722	-0.231495	0.00436948	-0.0588643	-0.0472319	-0.0530497	0	-0.0189142	-0.0671431	-0.0490075	0.00609417	
-0.0299692	-0.0315988	-0.0474035	-0.0311999	0.20087	-0.193717	-0.0168703	-0.0398709	-0.021647	-0.0407636	-0.0177222	-0.23353	-0.0306903	0.038918	-0.246777	0.00073334	-0.0611269	-0.0481801	-0.0533539	
-0.0236031	-0.0290748	-0.0438911	-0.0334191	0.205178	-0.193717	-0.0125628	-0.0387343	-0.0183269	-0.0411278	-0.0177222	-0.234024	-0.0297001	0.043183	-0.246393	0.0161844	-0.0579355	-0.0456715	-0.0481243	
-0.0314745	-0.0288702	-0.0473097	-0.03138	0.197289	-0.186029	-0.0166927	-0.0449288	-0.0223961	-0.0404637	-0.019668	-0.226506	-0.0295649	0.0501844	-0.244884	-0.00394608	-0.0620069	-0.0476316	-0.054737	
-0.0297752	-0.0315437	-0.0432884	-0.0325706	0.19945	-0.187077	-0.0126081	-0.0397481	-0.0188331	-0.040337	-0.0184726	-0.237399	-0.0332014	0.0566934	-0.240238	-3.4538e-05	-0.0583792	-0.0414544	-0.0494824	0	
-0.0228019	-0.0326354	-0.0425317	-0.0296211	0.19945	-0.186703	-0.0125548	-0.0419951	-0.0188864	-0.0429002	-0.0201822	-0.22668	-0.0281599	0.0738371	-0.24183	0.013503	-0.0586712	-0.0460321	-0.0497495	
-0.0269297	-0.0308402	-0.041687	-0.0309432	0.19274	-0.184641	-0.0122447	-0.042218	-0.0154469	-0.0424041	-0.0199939	-0.225518	-0.0266308	0.057168	-0.234425	0.00460973	-0.0583734	-0.044623	-0.0507246	
-0.0312251	-0.0315613	-0.0491303	-0.0338604	0.201803	-0.186772	-0.0153657	-0.0431387	-0.0211602	-0.0426639	-0.0215594	-0.229228	-0.0328552	0.0589685	-0.247491	-0.0013111	-0.0622002	-0.0527989	-0.0521944	
-0.0236281	-0.0307091	-0.0442659	-0.0370095	0.205183	-0.186772	-0.0128385	-0.0430011	-0.0191779	-0.0411165	-0.0207072	-0.236673	-0.0272425	0.064803	-0.249796	-0.00640155	-0.0579394	-0.0445515	-0.0514106	0	
-0.0284571	-0.029555	-0.0423091	-0.0307365	0.216762	-0.191428	-0.0108817	-0.0352418	-0.0192264	-0.0424119	-0.0198653	-0.245749	-0.0292491	0.0291761	-0.254687	0.0161575	-0.0564283	-0.0467543	-0.0473132	9.13744e-05	0	
-0.0238028	-0.0329643	-0.0445293	-0.0355379	0.184314	-0.155868	-0.0106922	-0.0352994	-0.0220133	-0.0437804	-0.0205772	-0.211577	-0.0309599	0.0510076	-0.227099	0.00813503	-0.0588766	-0.0479449	-0.0493479	
-0.0316001	-0.0327625	-0.0527973	-0.0371099	0.200389	-0.178886	-0.0169239	-0.0489222	-0.0228691	-0.0435461	-0.0240784	-0.225719	-0.029513	0.0486188	-0.252201	-0.025352	-0.0644455	-0.0561006	-0.0574524	-0.00481312	
-0.026131	-0.0317576	-0.0462584	-0.0346151	0.20111	-0.188013	-0.0162032	-0.0452758	-0.0232847	-0.043765	-0.0184107	-0.23099	-0.0340685	0.0592415	-0.250821	-0.00189438	-0.0570092	-0.0564941	-0.0643598	-0.0179973	
-0.0271617	-0.0301925	-0.0469386	-0.0322061	0.202444	-0.184998	-0.0166953	-0.0446383	-0.0194076	-0.0421703	-0.0165492	-0.0629616	-0.0293793	0.0407979	-0.254216	-0.00281653	-0.0557487	-0.0464783	-0.236995	-0.000554949	
-0.0274997	-0.030042	-0.0537309	-0.0309803	0.196197	-0.197764	-0.0229423	-0.0484612	-0.0218797	-0.0426524	-0.0243549	-0.0318408	0.0577479	-0.24629	-0.0109363	-0.0623272	-0.0581547	-0.229217	-0.0693118	
-0.0288176	-0.0259763	-0.0431306	-0.0337748	0.202711	-0.182202	-0.012955	-0.0364746	-0.0220691	-0.0425648	-0.0176452	-0.0311286	0.0612944	-0.248392	-0.00389095	-0.0523399	-0.0515977	-0.222125	-0.0590736	0.0220465	
-0.0270231	-0.0269192	-0.057388	-0.0359025	0.177908	-0.178754	-0.0251313	-0.0509692	-0.0241114	-0.0425505	-0.0189525	-0.0308031	0.0431775	-0.230491	-0.0146328	-0.065459	-0.0609335	-0.216535	-0.0705569	0.0305423	
-0.0240928	-0.0306666	-0.0467708	-0.0349624	0.187665	-0.180339	-0.0132865	-0.038867	-0.0207545	-0.0445521	-0.0184703	-0.033009	0.0479021	-0.229979	0.00259997	-0.0556755	-0.0535163	-0.20872	-0.0608283	0.0810117	0	-0.0348383	
