-0.0107825	-0.0558334	-0.0154214	-0.0032953	-0.01191	0.0139377	-0.0039993	0.0112168	-0.0175226	-0.0167367	0.0029396	0.0007168	0.0898206	0.0229089	0.135901	8.3e-06	0.172736	0.0188004	-0.0190369	-0.0058653	0.076496	-0.0146724	0.148793	0.0216438	-0.007514	0.0410202	0.0075336	-0.0127939	0.0084085	0.00139	0.0941346	0.225277	0.0781766	-0.0010096	0.0495631	-0.0172272	-0.008037	-0.0177974	-0.0149134	0.0268324	-0.009734	-0.00442529	0.0102049	0.0089713	0.444801	0.002881	0.118771	0.029872	-0.0186645	0.0791086	-0.0198911	0.0408175	0.02862	0.164396	0.029736	-0.0141416	-0.017713	-0.0070613	0.0122116	0.181601	-0.0164297	0.0137838	0.0534853	-0.0150269	-0.0056787	-0.0135274	-0.0070838	0.019238	0.0198395	0.418394	-0.00878269	-0.0038184	0.0474619	-0.0004092	0.0207946	0.00030147	0.0067798	-0.0192191	0.0039163	0.0179826	0.0056552	
-0.0145229	-0.0637802	-0.0106004	-0.00587043	-0.01191	0.00285803	0.0023499	0.0144825	-0.0175226	0.144433	0.248087	0.0139672	-0.0190369	-0.00279401	0.114467	0.108245	-0.0144074	0.00281311	0.075568	0.0738436	-0.0380843	-0.015279	0.0488923	0.029736	-0.0136296	0.0752543	0.0622444	0.467534	0.143733	0.148838	0.0336977	-0.0193176	0.0440697	-0.018157	0.0408175	-0.0104166	0.00584792	-0.0135522	0.0240437	0.330098	-0.0123669	0.0327677	0.0316464	0.0205982	
-0.0155122	-0.0631379	-0.00636051	0.00269384	-0.0125082	0.00798011	0.00276591	0.0182329	0.235111	0.215079	0.00563468	-0.0167064	0.0508085	0.0115475	0.0525563	0.0478911	0.028294	-0.0129284	-0.015506	0.147728	0.170838	0.098532	-0.0203574	0.269544	-0.0146784	-0.0191532	
-0.0120479	-0.0497397	-0.00751898	-0.00225633	-0.0126355	0.00502287	-0.00319714	0.0298343	0.235364	0.185975	0.00488933	-0.00299007	0.0376904	-0.0191033	0.0512831	0.0347652	0.019588	-0.011052	-0.0202162	0.114509	-0.0168727	0.0853987	-0.00303611	0.0607131	-0.0130881	
-0.00912053	-0.0540173	-0.0117384	0.010706	-0.0119235	0.0175602	-0.00363072	0.0246102	0.241279	0.273558	0.0113789	-0.00012107	0.0292884	-0.0183002	0.0394442	0.0388719	0.0247708	-0.0090913	-0.0194428	-0.0220351	-0.0167184	0.194807	0.106769	0.0687593	
-0.0141819	-0.0572141	-0.00817145	0.00279697	-0.0122593	0.0114147	-0.000262537	0.020005	0.243547	0.277267	0.0149706	0.00997105	0.0500555	0.000914418	0.00151064	-0.0158909	0.0542014	0.042426	0.0348771	-0.0122277	-0.0197787	-0.0246507	-0.0185257	0.151661	0.147002	0.137051	
-0.00994408	-0.0516845	-0.0101619	0.00195546	-0.0119744	0.0177294	-0.00460316	0.0209631	0.316849	0.245675	0.000203145	0.0179225	0.0618064	-0.00885987	0.00699638	0.116198	-0.0186564	0.023924	0.0362358	0.0316842	-0.0120109	-0.0197787	-0.0252865	-0.0131181	-0.0179004	0.148724	0.170251	
-0.0107719	-0.0592754	-0.00626558	0.00929058	-0.0140271	0.00718774	0.0202265	0.270755	0.223207	0.00669418	0.00357728	0.150887	0.0143468	0.129056	-0.0190753	0.10249	0.102674	-0.00434978	0.0445012	0.034503	-0.00845228	-0.0202832	-0.012139	-0.0038127	-0.0171868	
-0.0141069	-0.0550437	-0.00506757	0.00888723	-0.0109184	0.00796115	-0.0148256	-0.00768531	0.0240704	0.205481	-0.00104173	-0.000109031	-0.00256327	0.18547	0.0480538	0.161036	0.0823423	-0.0195933	0.085831	0.0817736	-0.0111028	0.00460917	0.039546	0.0124712	-0.0152719	-0.0215686	-0.0140077	
-0.0126571	-0.0538446	-0.0104558	0.0025183	-0.0143143	0.00826325	-0.0175889	0.237457	-0.00139262	0.000989671	0.0286746	0.175236	0.0315966	0.195235	0	-0.018632	0.133252	0.0332059	0.0804095	0.0163448	0.0383469	0.0204928	-0.0192725	-0.0210274	-0.0128268	
-0.0123266	-0.0518861	-0.0102222	0.00349683	-0.0124877	0.00826325	-0.0169504	0.037293	0.0116138	0.338409	-0.00333404	0.00466881	0.029236	0.0253684	0.231215	0.0687576	0.221317	-0.00908183	-0.0161627	0.12757	0.0408437	-0.0102558	-0.0204844	-0.0142016	
-0.0116472	-0.0602146	-0.00953315	-0.00143757	-0.0118678	0.0159574	-0.015396	0.046428	0.0143599	0.180011	-0.00250632	0.00369668	0.0287835	0.0266011	0.318273	0.096222	0.159692	-0.0141621	-0.0162661	-0.0199015	0.186159	0.101376	0.000720306	0	0	-0.0127722	
-0.0098113	-0.0446248	-0.00919883	0.0015216	-0.0130739	0.00456422	-0.0182799	0.0290134	0.0217862	0.317337	-0.00434219	0.00157966	0.0566818	0.0282179	0.117877	0.0957202	0.226491	-0.0103922	-0.0181353	-0.0191885	0.129001	0.119121	0.0191134	-0.0140297	
-0.00888231	-0.0461493	-0.00815091	0.00106667	-0.0135303	0.0256362	-0.0170713	0.0305892	-0.00852316	0.335562	-0.00386531	0.00505149	0.029639	0.0305448	0.160091	0.158192	0.22827	0.0132723	-0.0198818	-0.0204228	0.11103	0.158926	0.00559273	-0.0444483	-0.00462754	
-0.00992975	-0.0423179	-0.00809214	-0.00154901	-0.0123418	0.0133085	-0.017329	0.0258586	-0.00698532	0.354612	-0.00459869	0.00478522	0.0141703	0.0166595	0.214231	0.0696106	0.134748	-0.0195212	0.0652066	-0.0200634	0.0847637	0.00652259	0.0307114	-0.0103834	-0.0221249	-0.0329078	
-0.010532	-0.0419445	-0.00809214	0.00265009	-0.0128276	0.0121982	-0.0169157	0.0258586	-0.0215104	0.257277	-0.00324417	0.000771129	0.0385158	0.0472022	0.216094	0.162286	0.157242	-0.0183351	0.0402284	-0.0202743	0.208574	-0.000412914	0.0115842	-0.0110281	-0.0373482	-0.0520022	
-0.0103955	-0.0472032	-0.0101821	0.000108276	-0.0130075	0.0160329	-0.018452	0.0311173	0.0103652	0.279246	-0.00508368	0.00139395	0.0536566	0.0292069	0.11083	0.132296	0.146784	-0.0200761	0.059484	-0.019084	0.133392	0.0126222	-0.000299779	-0.0124932	0	-0.0265762	
-0.00737226	-0.0461748	-0.00759256	-0.00223283	-0.0130549	0.01683	-0.0180709	0.0302598	0.0128131	0.293031	-0.00768105	0.00134661	0.046148	0.0244496	0.235169	0.0790322	0.182962	-0.0167454	0.0207288	-0.0199786	0.166098	-0.00540728	-0.013417	-0.0296067	
-0.0132872	-0.0515036	-0.0122313	0.000378834	-0.013048	0.268319	-0.016856	0.0355886	0.00158807	0.01133	-0.000629445	0.00134661	0.0447668	0.0308471	0.161765	0.0583728	0.154116	-0.0165773	0.0344318	-0.0195643	0.160144	-0.0179345	-0.01402	-0.0153507	
-0.0103497	-0.0438012	-0.00766703	0.00454807	-0.0124254	0.255104	-0.0184094	0.0273792	-0.00365065	0.0118558	-0.00378022	0.00176061	0.0744958	0.0183095	0.184524	0.043855	0.200372	-0.0169836	0.041241	-0.01975	0.165612	-0.00550007	-0.0283461	-0.0160254	-0.00120621	0.00265264	
-0.00760078	-0.0448386	-0.00965842	-0.00525216	-0.0120863	0.319942	-0.0177691	0.0291044	0.00609583	0.00380014	-0.00564431	0.00245892	0.0531172	0.0219633	0.174221	0.0103295	0.106995	-0.0155831	0.0299123	-0.0184801	0.186212	0.00846837	-0.0377146	-0.0237783	
-0.0108347	-0.0408299	-0.0117864	0.00712239	-0.01135	0.234948	-0.0160338	0.0263868	0.0116688	0.0210832	-0.00241039	0.00136567	0.0600044	0.0204825	0.207509	0.0601569	0.186999	-0.0120986	0.0154948	-0.017608	0.091711	-0.0101488	-0.0259371	-0.012016	-0.0152788	
-0.00721094	-0.0417685	-0.00912574	-0.00103187	-0.011618	0.158396	-0.0163018	0.0268417	-0.000161099	0.0139578	-0.00489312	0.00187992	0.0805423	0.0188201	0.22995	0.0560776	0.271026	-0.0150812	0.0349366	-0.0195188	0.144858	0.0174559	-0.0320692	-0.0178834	0.102651	
-0.0113365	-0.0404231	-0.00382411	-0.00515236	-0.0119382	0.508081	-0.0164727	0.0242271	0.0062516	0.0138059	-0.000964436	0.000607054	0.0573119	0.0339952	0.310161	0.0450986	0.15956	-0.0142741	0.0483378	-0.0175098	0.113641	-0.00818132	-0.0228138	-0.0112012	
-0.00916901	-0.0359311	-0.013149	0.00781923	-0.0119044	0.33588	-0.0172552	0.0217412	0.00390883	0.0257371	-0.00476506	0.00281072	0.0276638	0.0352553	0.171233	0.0303587	0.190576	-0.0149383	0.041547	-0.0174761	0.0936674	-0.00610374	-0.0269604	-0.0139599	
-0.0119102	-0.0347687	-0.0126074	0.00411587	-0.011425	0.307844	-0.0169651	0.0181446	0.0199455	0.00676213	-0.00249615	0.00239032	0.0444545	0.0261463	0.188029	0.0183421	0.205752	-0.0164809	0.0193372	-0.0179863	0.143242	0.00672092	-0.0158542	-0.00285372	0.00516965	-0.00780015	0	0.00899797	
-0.0113444	-0.0365462	-0.0132144	-0.000365465	-0.0120461	0.23491	-0.0169861	0.0193011	0.0129765	0.0240836	-0.00186151	0.00176929	0.0197148	0.0147193	0.132089	0.0581835	0.20314	-0.0186307	0.018341	-0.0190601	0.140935	-0.00518372	-0.0240078	-0.00853748	0.0015941	
-0.0104131	-0.0381275	-0.0112854	-0.00745	-0.0127357	0.294103	-0.016776	0.0218138	0.0143002	0.0122187	-0.0027971	0.00270063	0.0171902	0.0306092	0.0900881	0.0210984	0.110152	-0.0160661	0.0156606	-0.018768	0.10837	-0.0244661	-0.0240135	-0.00872515	-0.0144426	0	-0.00101702	
-0.0108125	-0.035132	-0.0104456	0.00594931	-0.0140274	0.254514	-0.0178414	0.0188928	0.0127883	0.0103714	-0.00255007	0.00151565	0.0221602	0.0214931	0.187754	0.0696582	0.254067	-0.017165	0.0752215	-0.0200899	0.125451	-0.0107595	-0.0236592	-0.00754016	0.0306239	
-0.00941224	-0.0438842	-0.00735335	-0.000768608	-0.0123351	0.245572	-0.0158433	0.0267239	0.0129882	0.00797101	-0.00222542	0.00170133	0.0252814	0.0311402	0.131905	0.0356283	0.144254	-0.0179677	0.0284463	-0.0185705	0.1732	-0.00317457	-0.0254308	-0.0104783	
-0.0147442	-0.0374494	-0.00929824	0.00438451	-0.012694	0.275232	-0.0180862	0.0209965	0.0146448	0.00347071	0.00326498	0.00170133	0.0237992	0.0236452	0.082333	0.0137	0.215343	-0.0140977	0.035465	-0.0190602	0.216806	-0.0162124	-0.0212885	-0.00944547	
-0.00862422	-0.0363585	-0.00520596	0.000968008	-0.0127108	0.18961	-0.0163803	0.020722	0.0139533	0.000738578	-0.00230214	0.00170133	0.022573	0.0241035	0.0939979	0.0199604	0.241353	-0.0113262	0.0728022	-0.0188391	0.116854	0.038567	-0.0239276	-0.00902354	0.00228604	
-0.013158	-0.038809	-0.00808496	0.000208327	-0.0117575	0.208644	-0.0171717	0.0241459	0.0274529	0.00609442	-0.000531117	0.00130481	0.0324214	0.0292802	0.172851	0.0278715	0.21002	-0.0155309	0.0539124	-0.0185933	0.184466	-0.00527883	-0.00959503	0.00447608	
-0.00716633	-0.0381886	-0.00266024	-0.00679787	-0.0123703	0.2642	-0.0173395	0.0232202	0.0276026	0.00530828	-0.00639526	0.00168597	0.0166872	0.0293912	0.192095	0.0489356	0.151353	-0.0135515	0.17107	-0.0173347	0.191419	0.00478378	-0.0101808	0.00190263	0.00490914	
-0.0110358	-0.0496264	-0.00276736	-0.0053738	-0.0127231	0.262543	-0.0173359	0.0335966	0.00846449	0.00575775	-0.00205777	0.00281499	0.0416138	0.0330913	0.160928	0.0539886	0.228352	-0.00964095	0.0892895	-0.0174267	0.0991454	-0.0119405	-0.0297273	-0.0172355	
-0.0136914	-0.0416534	-0.0108475	0.00208059	-0.0118403	0.247308	-0.016779	0.0278303	0.0269395	0.00017805	0.00209511	0.00121632	0.0395129	0.0323456	0.255979	0.0380335	0.19661	-0.0172687	0.0392189	-0.0202544	0.125754	0.000388929	-0.0164606	-0.00318786	
-0.0142438	-0.0373744	-0.00736873	0.012671	-0.0136635	0.263297	-0.0172826	0.0209859	0.0100031	-0.00137578	0.00161948	-0.000284349	0.0606907	0.0287652	0.207289	0.0553215	0.129225	-0.0177021	0.0805486	-0.0202803	0.1237	-0.0136648	-0.0158918	-0.00318393	-0.00522785	
-0.0140294	-0.0368426	-0.00900852	0.000904813	-0.0141905	0.405121	-0.0187309	0.0209275	0.0244285	0.012979	0.00149269	0.000166396	0.0328557	0.0271515	0.200128	0.0543391	0.121317	-0.0178772	0.0400545	-0.020836	0.157985	-0.0181425	-0.00920033	0.00583695	-0.00472883	
-0.0140294	-0.040154	-0.0116911	0.00445326	-0.0119379	0.31427	-0.0179615	0.02451	0.0157804	0.00845321	0.000144009	6.81168e-05	0.0402115	0.0219245	0.160431	0.0558179	0.136346	-0.0165443	0.0690758	-0.0200712	0.236099	-0.00676845	-0.0153649	-0.00194124	-0.013725	-0.00291124	0	
-0.013965	-0.0398235	-0.0101274	0.00319401	-0.0130911	0.188103	-0.0178431	0.02451	0.0135736	0.00845321	0.000649203	0.000633955	0.0400549	0.0162943	0.140955	0.0367577	0.103393	-0.0170003	0.251432	-0.0196123	0.135039	0.00948164	-0.0131206	0.0020016	
-0.0128859	-0.0298643	-0.00673878	-0.00828986	-0.0119832	0.222164	-0.0176974	0.0159031	0.00745004	0.00616106	0.000677963	0.00270561	0.055258	0.0185551	0.134432	0.0681108	0.103605	-0.0169455	0.120732	-0.0186416	0.128638	-0.0034991	-0.0202093	-0.00763263	-0.00641517	0.0212304	
-0.0135026	-0.0347758	-0.00826801	-0.0043318	-0.0127302	0.221868	-0.0188664	0.0185206	0.0172916	0.0152859	0.00107236	0.00385639	0.0306509	0.0233736	0.174559	0.150807	0.12196	-0.0175879	0.0598232	-0.0186416	0.130703	0.0128269	-0.0199757	-0.00761925	-0.00477369	
-0.0179939	-0.0338376	-0.0126046	0.00625704	-0.0137566	0.0810044	-0.0180191	0.0186843	-0.00307985	0.0138902	0.0060403	-1.65677e-05	0.0440527	0.0216711	0.208754	0.0462728	0.100038	-0.0150165	0.124659	-0.0192158	0.075547	0.0199157	-0.020419	-0.00526964	0	-0.0117474	0	0.0214151	
-0.0150429	-0.0386405	-0.012492	0.00355991	-0.0144186	0.193394	-0.0182497	0.0220805	0.00137892	0.00930611	0.00217035	0.000267089	0.0330929	0.0186372	0.133971	0.0433445	0.137239	-0.0163476	0.199113	-0.0204332	0.136848	0.0023391	-0.0135325	-0.00154871	0.000697769	0.00709067	-0.0105583	
-0.0123949	-0.0375435	-0.00910917	-0.00109043	-0.0137277	0.0806049	-0.0185303	0.0218571	0.00634792	0.0103297	0.0019823	0.000123665	0.0621102	0.0193281	0.144218	0.0404885	0.194689	-0.0137836	0.0881669	-0.0188785	0.253895	0.00421602	-0.0160587	-0.00432519	-0.00237591	
-0.013935	-0.0360386	-0.00679716	0.00798851	-0.0125935	0.156287	-0.0191475	0.0215896	0.0111098	0.0109267	0.00322286	0.000123665	0.0226364	0.023163	0.213866	0.0553934	0.0966689	-0.0197362	0.160472	-0.0195379	0.152913	-0.000935207	-0.0220836	-0.0102687	
-0.0154692	-0.0406426	-0.0111077	0.0085557	-0.0125935	0.192895	-0.0180802	0.0236793	0.0169834	0.026311	0.00269586	0.000123665	0.020983	0.029818	0.0559195	0.103793	0.138471	-0.0189654	0.106365	-0.0191963	0.107761	-0.0205925	-0.0133635	0.00025327	-0.00997841	0.00263418	-0.00328225	
-0.0156782	-0.0392625	-0.00929419	-0.000492035	-0.0103891	0.144854	-0.0184586	0.0229836	0.0253527	0.0121843	0.00433023	0.000123665	0.028287	0.0240254	0.048805	0.0424679	0.165593	-0.017772	0.107337	-0.019841	0.111043	-0.000886684	-0.0138964	-0.000353604	
-0.0138934	-0.0406264	-0.00990702	-0.00012857	-0.0120006	0.197689	-0.0176824	0.0238362	0.0172709	0.0112081	-7.8628e-05	0.000485757	0.0602756	0.0117779	0.187518	0.10292	0.142957	-0.0184918	0.331165	-0.019673	0.130527	0.048131	-0.0161193	-0.00311383	-0.0201826	0.000250331	
-0.0112369	-0.0317615	-0.00605231	0.00030846	-0.0120095	0.147838	-0.0173574	0.0159746	0.0288831	0.0104213	-0.00224875	0.00168088	0.0678624	0.0246584	0.232685	0.0923109	0.181224	-0.019203	0.186794	-0.0189756	0.0974398	0.00294516	-0.0115688	0.000744822	
-0.0129496	-0.0381214	-0.0107798	0.00417255	-0.0124233	0.174017	-0.0180162	0.0215301	0.00841296	0.00647433	0.000901317	0.000299138	0.0603691	0.0339328	0.161195	0.054884	0.188981	-0.0186896	0.273803	-0.0194241	0.149443	-0.00817097	-0.0141796	-0.000355049	-0.0081874	
-0.0176	-0.0379528	-0.00848136	-0.000751498	-0.0109554	0.213553	-0.0181765	0.0215301	0.0139698	0.0125974	0.00555168	0.00343313	0.0212403	0.0193416	0.127585	0.0105108	0.267467	-0.0180434	0.120347	-0.0200508	0.137361	0.0243492	-0.0145137	-0.00188244	-0.0130612	
-0.0137433	-0.033647	-0.0107668	-0.00324774	-0.0129937	0.134481	-0.0171678	0.0187478	-0.00687225	0.0221384	0.000845062	0.00282806	0.0226297	0.0212102	0.192499	0.0258734	0.153072	-0.0194494	0.100986	-0.0191747	0.19461	0.0102736	-0.0237392	-0.0117907	-0.000563096	-0.00437253	
-0.0142596	-0.0365109	-0.0088969	0.00173112	-0.0129937	0.264455	-0.0172349	0.0207926	0.0191348	0.0101378	0.00297684	0.000739053	0.0489703	0.0193865	0.198856	0.0453334	0.196276	-0.0199445	0.112708	-0.0203042	0.155637	0.0303277	-0.0138092	-0.00186067	0.00454152	
-0.0142791	-0.0370405	-0.00998329	0.00246587	-0.0132093	0.125517	-0.018742	0.0205367	0.00955382	0.010847	0.001437	0.00253935	0.0428984	0.0262053	0.26652	0.0162784	0.131693	-0.0196961	0.172658	-0.0203042	0.0908694	0.0348264	-0.0190074	-0.00540597	0.00154951	0.0683437	
-0.0125743	-0.0388494	-0.00221385	0.000773306	-0.0124167	0.128235	-0.0184508	0.0243921	0.0112725	0.00712396	0.00017895	0.00312061	0.0208405	0.0154568	0.332947	0.036011	0.112345	-0.0191229	0.17219	-0.0190245	0.162155	0.0124669	-0.0161913	-0.00350936	0.00515727	
-0.0111404	-0.0416258	-0.00542253	0.00664915	-0.0128276	0.103876	-0.0166038	0.0239408	-0.0100866	0.00720283	-0.00158669	-0.000146678	0.020403	0.0223852	0.137178	0.0220458	0.0901741	-0.0191922	0.169064	-0.0203078	0.106132	0.0286349	-0.0311021	-0.0180137	0.00469227	
-0.0138693	-0.0371468	-0.00596169	0.00580825	-0.0134405	0.128762	-0.0185219	0.0217266	0.00412119	0.00772103	0.00226413	-0.000146678	0.0451578	0.0231192	0.31524	0.0597173	0.140875	-0.0196694	0.117703	-0.0186936	0.15335	0.0354022	-0.0212666	-0.00830955	0.00899513	
-0.0123622	-0.0340962	-0.00538138	0.00481385	-0.0134405	0.151416	-0.0150453	0.0196258	0.00592542	-0.00161925	0.00158356	0.000488738	0.0565934	0.0249504	0.198288	0.0687839	0.150507	-0.0184569	0.0626008	-0.0183689	0.0717535	-0.0175872	-0.0203356	-0.00901821	-0.00100052	
-0.0127166	-0.0365264	-0.00484398	0.00974197	-0.0129073	0.190338	-0.0165764	0.0196258	0.0155018	-0.00436835	0.000431649	0.000599079	0.0518389	0.0237791	0.0815934	0.0747997	0.164377	-0.019596	0.110332	-0.0202152	0.168232	-0.0050938	-0.0164861	-0.00493889	0.000287747	
-0.013725	-0.0428538	-0.00484398	0.0102635	-0.0118158	0.219689	-0.0186077	0.0264074	0.0141674	0.00709947	0.00183976	-0.0017794	0.0487085	0.02629	0.291243	0.0298092	0.160411	-0.0188028	0.069822	-0.0188291	0.108659	0.0165688	-0.0214489	-0.00627332	0.00574661	0.00627183	
-0.0128171	-0.0346599	-0.00739301	0.0127872	-0.0111481	0.140617	-0.0169591	0.021247	0.0146173	0.00733745	0.000587533	0.0029916	0.0707768	0.0263262	0.186167	0.0652976	0.126327	-0.0182005	0.13265	-0.0194194	0.202379	-0.000512142	-0.0141854	-0.00180161	-0.00499252	
-0.0153223	-0.0383261	-0.00743418	0.00344105	-0.0124857	0.111944	-0.0171088	0.0216791	0.0105656	0.00424428	0.000712255	0.00248971	0.0477195	0.031454	0.178456	0.0652258	0.132949	-0.0196317	0.0994532	-0.0203517	0.195419	0.00464921	-0.0182474	-0.00315945	0.00549751	
-0.01302	-0.0383261	-0.0106852	0.0027182	-0.0145264	0.312965	-0.0172237	0.0216791	0.0197908	0.000184945	-0.000874493	-0.00116456	0.0452251	0.0360249	0.16602	0.118656	0.104601	-0.0200921	0.132759	-0.0187903	0.1191	-0.0191551	-0.00475495	0.0190346	0.00234135	
-0.0150022	-0.0380583	-0.0122868	-0.000862095	-0.012236	0.169857	-0.0176866	0.0216791	0.00942711	-0.00467005	0.00148707	-0.00116456	0.0203257	0.0234603	0.0797584	0.033262	0.077549	-0.020805	0.106175	-0.0210615	0.149028	0.00501731	-0.0248243	-0.0112953	0	
-0.0134641	-0.0378642	-0.011365	-0.00308428	-0.0139404	0.169009	-0.0166496	0.0216791	0.0129544	0.00413389	-0.00110276	0.00110583	0.0293523	0.0287529	0.191251	0.0275941	0.151969	-0.0204694	0.0634959	-0.0204646	0.141743	0.0146072	-0.0198977	-0.00636874	-0.0105635	-0.00397667	
-0.0153159	-0.0318767	-0.00764921	0.00126742	-0.0148169	0.0767752	-0.0179426	0.0141867	-0.00288417	0.00865462	0.000152208	0.000229416	0.0436758	0.0264853	0.113928	0.0180458	0.211178	-0.021338	0.108985	-0.0210162	0.13827	-0.00322169	-0.0223631	-0.00972998	
-0.0138823	-0.0317725	-0.00463805	-0.00434259	-0.0140872	0.108956	-0.0189473	0.0141867	0.0054122	0.00192788	-0.00128132	0.000229416	0.0324591	0.0228977	0.213767	0.0311647	0.140317	-0.0196241	0.0573215	-0.0211979	0.105602	0.0013212	-0.0193958	-0.00448693	
-0.0151459	-0.0340582	-0.00559938	0.000718345	-0.0128435	0.209655	-0.0164911	0.0180334	0.00695868	0.00233313	0.00149824	0.00143262	0.0436716	0.0220697	0.33614	0.0277304	0.162638	-0.0204934	0.0795264	-0.0204685	0.106845	0.00374544	-0.0133477	-0.000664408	-0.0114542	
-0.0149233	-0.0326687	0.00406844	-0.00477492	-0.0129208	0.354481	-0.0191318	0.0157179	0.00123868	0.00546069	0.00123271	0.00118521	0.0347822	0.0329981	0.0734853	0.041749	0.103816	-0.021627	0.045093	-0.0195232	0.0854079	-0.0263614	-0.0125577	
-0.0127606	-0.0401373	-0.00841931	3.65823e-05	-0.0130332	0.175721	-0.0192124	0.0251645	0.00417553	-0.00458949	-0.000248157	0.00170102	0.0642254	0.0282362	0.180512	0.0294758	0.12768	-0.0207126	0.0771686	-0.0206604	0.111793	-0.0224198	-0.00824566	
-0.0120912	-0.0375843	-0.000211984	-0.00324137	-0.0130332	0.211894	-0.0178987	0.0210704	0.00499872	0.00658865	-0.00091756	0.00105955	0.0769284	0.0306595	0.199653	0.0465482	0.146362	-0.0209425	0.0342214	-0.0201967	0.0804822	-0.0173578	-0.00477346	
-0.0120912	-0.0374577	0.0105768	0.00243434	-0.0130332	0.106539	-0.0161212	0.0216727	0.0168612	0.00795694	-0.00143798	-0.000556559	0.0548242	0.0306595	0.241411	0.0818553	0.13791	-0.0206484	0.0948401	-0.0209608	0.124411	-0.0157594	-0.00329525	
-0.00827684	-0.0456536	-0.00727246	0.00594688	-0.013752	0.137534	-0.0182038	0.0291854	0.00812169	0.00590416	-0.0021227	-0.00109535	0.0313818	0.0306595	0.168154	0.0557011	0.225522	-0.0203863	0.147014	-0.0197675	0.0923433	-0.0205609	-0.00809677	
-0.00728166	-0.039825	-0.00102072	0.014024	-0.0112418	0.124637	-0.0164746	0.024215	0.0050912	0.0207706	-0.0066511	-0.00160473	0.0242381	0.0263349	0.149315	0.0491935	0.135428	-0.0190328	0.0844375	-0.0188924	0.200493	-0.0197279	-0.00792832	
-0.0110714	-0.0519088	-0.000568652	0.00503606	-0.0127653	0.0997137	-0.0164116	0.0362982	0.0174284	-0.00242967	-0.00286135	-0.000416385	0.0329237	0.0283541	0.229885	0.0481698	0.18576	-0.0205743	0.200416	-0.020412	0.145819	-0.0176565	-0.00408723	-0.0057062	
-0.010697	-0.0408938	-0.00307609	0.00324777	-0.0115843	0.190165	-0.0185401	0.0247056	0.0104412	0.00832478	-0.00163354	-0.000416385	0.0381041	0.0282935	0.220436	0.0490851	0.160143	-0.0214106	0.11723	-0.0208081	0.235352	-0.0165269	-0.00321908	
-0.0125442	-0.037332	-0.00165222	0.0123783	-0.0137974	0.151024	-0.0179976	0.0221658	0.015248	0.00593685	-0.000276409	-0.00153444	0.0591708	0.0241291	0.249035	0.0390838	0.178973	-0.0185074	0.147674	-0.0205436	0.1906	-0.0168764	-0.00388468	-0.00228894	0.04613	
-0.0111479	-0.0425262	-0.00251189	0.0195699	-0.0120421	0.261024	-0.0172212	0.0248295	0.00942719	0.00109611	-0.0028337	-0.00253057	0.0677176	0.0392153	0.370178	0.0306162	0.167349	-0.019214	0.092591	-0.0206387	0.226754	-0.0216186	-0.0103547	0.0223025	0.0387689	
-0.0105817	-0.048323	-0.00315528	0.00811997	-0.0115446	0.145948	-0.0186942	0.031481	0.020282	0.00441266	-0.000610253	-0.000313659	0.0906795	0.021949	0.245541	0.0350975	0.17633	-0.01885	0.0700834	-0.019644	0.0964947	-0.017296	-0.00369045	0.0108394	0.0241619	0.00545849	0	
-0.0125264	-0.0370022	-0.00615157	-0.00273241	-0.0130449	0.206606	-0.0188548	0.0195606	0.0154584	0.00960711	0.000472358	0.00155668	0.0270925	0.0241823	0.2265	0.0328585	0.153495	-0.0183287	0.080685	-0.0203524	0.100574	-0.0139224	-0.00171977	
-0.0142901	-0.0388737	-0.00867658	0.00343866	-0.0130449	0.11775	-0.0178894	0.021348	0.0126077	0.00761037	-0.000266108	0.00144666	0.102216	0.0263719	0.222384	0.043292	0.196385	-0.0182982	0.0717186	-0.0209187	0.160994	-0.0177203	-0.007007	-0.00427915	
-0.0107883	-0.0412716	-0.00893897	0.00464165	-0.012808	0.131438	-0.0188237	0.0241139	0.013179	0.0134178	-0.00190197	0.000721926	0.0905802	0.0351353	0.428924	0.0223895	0.188246	-0.0158006	0.0793061	-0.0210645	0.173295	-0.0173529	-0.00562711	
-0.0112318	-0.0346381	-0.00638544	-0.00285148	-0.0132044	0.160979	-0.0187896	0.0176053	0.0135282	0.0188523	-0.00149573	-0.00133931	0.142486	0.0366592	0.241169	0.052179	0.194373	-0.0172103	0.0398563	-0.0202771	0.189373	-0.0168314	-0.0031581	-0.00803091	
-0.0122492	-0.0338571	-0.00694014	0.00715071	-0.0128828	0.203777	-0.0170789	0.0176053	0.0256883	-0.000252055	0.000253024	-0.00133931	0.131524	0.0215822	0.244819	0.0479934	0.13931	-0.0181655	0.0870047	-0.0198465	0.112375	-0.012103	0.00103633	
-0.0166533	-0.0368126	-0.0103932	0.00981571	-0.0135972	0.209362	-0.0186789	0.0196522	0.0226508	0.00627083	0.00235745	-0.000846923	0.153909	0.0338809	0.184064	0.0451131	0.197783	-0.0196672	0.171145	-0.022658	0.201078	-0.0111595	0.00336031	0.00168604	0.00181996	
-0.0141133	-0.0363548	-0.00501124	0.00298788	-0.0142623	0.148748	-0.0183065	0.0196099	0.00618904	0.0156204	-0.000920219	-0.00234812	0.143862	0.0207982	0.293612	0.0680485	0.234016	-0.0155176	0.0750423	-0.0217309	0.168628	-0.0191063	-0.00530214	0.000247272	-0.00101062	0.0114399	
-0.0150309	-0.0354109	-0.00923493	0.00143875	-0.0136348	0.146272	-0.0184444	0.0193724	0.0163058	0.0119355	0.00185401	-0.00234812	0.0748683	0.0312753	0.138383	0.0508467	0.157567	-0.0181559	0.133619	-0.0217309	0.146813	-0.01222	0.00158419	0	
-0.0129139	-0.038308	-0.00544806	0.00875485	-0.0136348	0.22671	-0.0188901	0.0227108	0.00567644	0.0154938	-0.00157732	-0.00177897	0.0897724	0.0279755	0.121859	0.0456019	0.154694	-0.0164605	0.0679887	-0.0216992	0.200987	-0.0195966	-0.00598937	
-0.0178632	-0.0303695	-0.00288123	0.0130986	-0.0136348	0.26608	-0.0197633	0.0142651	0.00677629	0.0251336	0.00590566	-0.00177897	0.0907036	0.0299738	0.284148	0.0807938	0.182195	-0.0178299	0.0876538	-0.021876	0.220649	-0.0228635	-0.0109448	-0.0100798	
-0.0158402	-0.0284796	-0.00650309	0.00984811	-0.0124951	0.237756	-0.0189704	0.0133237	0.00638091	0.0117383	0.00183769	-0.00278179	0.095223	0.029778	0.334312	0.0528365	0.120878	-0.0146947	0.0937784	-0.0217756	0.203081	-0.0283257	-0.0131673	0.0172205	
-0.0134804	-0.0376143	-0.00893505	0.00510978	-0.0117332	0.154149	-0.0192857	0.021557	0.0108093	0.0158056	-0.000381415	0.000945259	0.0956185	0.0259172	0.36596	0.0680778	0.205721	-0.0184735	0.127276	-0.0220069	0.215683	-0.0185291	-0.00376621	
-0.0145734	-0.0386656	-0.0063596	0.0168494	-0.0121006	0.364513	-0.0179964	0.0213589	0.0210177	0.01435	-0.000717513	-0.0023718	0.107384	0.0182892	0.130901	0.0652127	0.127526	-0.0138091	0.147129	-0.0219313	0.155199	-0.0121407	0.00335494	
-0.0152016	-0.0377964	-0.00305336	-0.00111082	-0.0127915	0.158666	-0.017116	0.0213589	0.0160548	0.0128641	-0.00103552	-0.000604183	0.0913245	0.0368108	0.115595	0.037509	0.15039	-0.0174266	0.0378167	-0.0219088	0.135384	-0.016596	-0.00230107	0.00601679	
-0.0143923	-0.0380672	-0.00569627	0.00223397	-0.0122818	0.215757	-0.0195108	0.0213589	0.00407183	0.00269515	0.000942383	-0.000604183	0.100544	0.0368108	0.139231	0.0392524	0.176303	-0.0175382	0.0770213	-0.0226074	0.125122	-0.02374	-0.0111965	-0.0236481	0.011779	
-0.0169764	-0.0308125	-0.0085484	-0.000668811	-0.0129655	0.194017	-0.0161641	0.0146574	0.00884376	0.00650099	0.0046225	-0.000567569	0.108398	0.0368474	0.227671	0.0253334	0.12998	-0.0194222	0.125288	-0.0220094	0.102642	-0.0225247	-0.0103211	0.00882628	
-0.016915	-0.0357214	-0.00178084	-0.00335374	-0.0130421	0.131305	-0.0179829	0.0189236	0.0149475	0.0133564	0.00322822	0.00103075	0.0863043	0.0367265	0.385401	0.0476293	0.147418	-0.0188864	0.169913	-0.0217279	0.0875779	-0.0137777	-0.00078449	
-0.0171906	-0.0311643	-0.0110596	-0.000961089	-0.012057	0.275274	-0.0184809	0.0140511	-0.00243497	0.0190933	0.00350389	-0.000396071	0.0768397	0.0223829	0.202506	0.0403475	0.139116	-0.0186617	0.076312	-0.022066	0.0983094	-0.0240896	-0.0110283	
-0.0162455	-0.0367432	-0.00975402	0.00478701	-0.0130543	0.239593	-0.0174777	0.0192735	0.013669	0.00692191	0.00257499	-0.000396071	0.0694932	0.0227017	0.0992314	0.0208475	0.116939	-0.0198884	0.131093	-0.0214864	0.139086	-0.0209339	-0.00812909	0.0839837	
-0.0150409	-0.0354928	-0.0138178	0.00951645	-0.0120708	0.242138	-0.0187704	0.0211328	0.00219068	0.00807412	8.98276e-05	-0.00207133	0.108589	0.0296004	0.186327	0.0585029	0.119903	-0.0187625	0.151076	-0.0214864	0.147661	-0.0246141	-0.0116479	-0.00583265	
-0.0152909	-0.0345517	-0.00700811	-0.00191974	-0.0132396	0.182188	-0.0195883	0.0197625	0.0123764	0.00734284	-0.0022277	-0.000470087	0.120966	0.0255469	0.141224	0.0762865	0.145514	-0.0204277	0.226677	-0.0224793	0.0983008	-0.0148208	-0.00217067	0	
-0.0159587	-0.041553	-0.00706128	0.0102611	-0.0140548	0.134931	-0.0202509	0.0268028	-0.00555956	0.0181711	0.00178424	0.000856424	0.12425	0.0279604	0.16173	0.0762972	0.150062	-0.0190945	0.0862152	-0.0222207	0.164586	-0.0257429	-0.0131085	
-0.0171891	-0.0325591	0.00344564	0.012164	-0.0137133	0.16011	-0.017698	0.0162825	0.0174722	0.0157933	0.00101166	0.00145455	0.103714	0.0229491	0.26274	0.032059	0.101951	-0.0205078	0.170855	-0.0214607	0.192445	-0.0167253	-0.00362052	-0.00959909	
-0.0167362	-0.0340453	-0.00864725	0.00694315	-0.0137133	0.22277	-0.0176984	0.0165335	0.0113403	0.0241303	0.000558715	-0.00095926	0.119308	0.0305198	0.286927	0.0386049	0.165503	-0.0201392	0.0801648	-0.0212654	0.11994	-0.0126021	-0.00362431	-0.00649433	0	0	
-0.0167777	-0.0352943	-0.00950727	0.00801618	-0.0137133	0.0656839	-0.0178559	0.0180286	0.00480028	0.0262673	0.000663718	-0.000491647	0.0887838	0.0232028	0.143094	0.011865	0.144188	-0.0189429	0.0712023	-0.020752	0.212441	-0.0109515	-0.00362431	0	
-0.0181197	-0.0337912	-0.00693418	0.00729624	-0.01457	0.207672	-0.0162729	0.0171719	-0.0023279	0.0218621	0.00167888	-0.00228042	0.0563288	0.0302185	0.157302	0.0571466	0.135269	-0.0213169	0.107137	-0.0224747	0.113664	-0.0202406	-0.00837302	0	
-0.0131827	-0.0365623	0.00386041	0.0064673	-0.0145741	0.104639	-0.0187595	0.0188047	-0.00139666	0.0227568	-0.00451354	-0.00133169	0.0847823	0.0252716	0.216222	0.0658883	0.17162	-0.019137	0.0409753	-0.0222867	0.106798	-0.019327	-0.00765115	
-0.0157173	-0.0361296	0.00105369	0.00764493	-0.0145741	0.145583	-0.0175077	0.0183719	0.0148258	0.0166901	-0.00180482	-0.00133169	0.0700184	0.025528	0.151664	0.0338831	0.143714	-0.0218035	0.0412878	-0.0215099	0.175479	-0.00729115	0.00258177	0	
-0.0140737	-0.0390422	-0.0082853	0.0121382	-0.0151145	0.228965	-0.0183916	0.0217884	0.00925533	0.0240465	-0.00344834	-0.00265891	0.0202446	0.0352826	0.252509	0.0650879	0.106533	-0.0206208	0.124067	-0.0212968	0.133739	-0.0101208	-0.000878494	0	
-0.016011	-0.0405232	-0.00763725	0.0123396	-0.0134424	0.233762	-0.0183916	0.0217884	0.00101888	0.0199479	-0.000239826	-0.00265891	0.0299478	0.0256032	0.138932	0.0279309	0.0917412	-0.0206542	0.0817073	-0.0221374	0.141884	-0.0181013	-0.00715322	-0.00439621	0.00366659	0.00225469	
-0.017615	-0.0369571	-0.00598148	-0.000724046	-0.0142518	0.22545	-0.0187457	0.0187062	0.0112982	0.0300524	0.00123937	-0.00213468	0.0577724	0.0271024	0.193469	0.0472399	0.145275	-0.0209657	0.0679215	-0.0217537	0.150465	-0.0180172	-0.00529547	-0.00319303	0.0170887	
-0.0154928	-0.0337043	-0.0118563	0.00699554	-0.0142518	0.106548	-0.0189638	0.0157164	-0.00196691	0.0119221	-0.000882799	-0.00219263	0.0304539	0.021867	0.198557	0.0681648	0.237242	-0.0196438	0.0541282	-0.0217537	0.123061	-0.0223313	-0.00960964	-0.00261138	0	
-0.0145772	-0.0393462	-0.0135753	-0.000837143	-0.012588	0.13063	-0.0162567	0.0224605	0.00711568	0.023367	-0.00160764	-0.00219263	0.0321023	0.0232961	0.233488	0.00840899	0.162297	-0.0211125	0.0612493	-0.0213955	0.0613678	-0.0185202	-0.00694219	-0.000131816	-0.0126902	-0.0039035	-0.00174184	
-0.0161556	-0.0325257	-0.00144322	0.0060876	-0.0125273	0.124337	-0.0187763	0.0165478	0.011453	0.0119216	-6.71672e-05	-0.00210461	0.0369796	0.0238009	0.206603	0.0518325	0.162217	-0.0198335	0.177422	-0.0222155	0.111074	-0.0144438	-0.00408271	-0.00483942	
-0.0141963	-0.0358366	-0.0127784	0.011542	-0.0127434	0.15102	-0.0183151	0.0173475	0.00660597	0.0156676	-0.0022425	-0.00117795	0.0403464	0.0291434	0.126797	0.0275358	0.158482	-0.019787	0.0687828	-0.0219671	0.163206	-0.0219306	-0.00814656	-0.0050481	
-0.0165015	-0.0429397	-0.0121471	0.0123896	-0.0146067	0.123841	-0.0182437	0.0244591	0.0154557	0.0143984	-0.000307725	-0.00117795	0.0526133	0.0281243	0.0893161	0.0404117	0.162843	-0.0212428	0.161813	-0.022333	0.15347	-0.0142704	-0.000439655	-0.010656	-0.0114805	0.00290141	0	
-0.017983	-0.0351139	-0.00836413	0.000431924	-0.0136447	0.123481	-0.0182437	0.0180238	0.0222112	0.000657357	0.00249402	-0.000674244	0.0748918	0.0270718	0.0853547	0.0263158	0.211172	-0.0210749	0.17367	-0.022333	0.0987111	-0.0214358	-0.00609813	
-0.0169879	-0.0401422	-0.00906994	-0.000301266	-0.0133224	0.168531	-0.0190127	0.0233744	0.0403615	0.00607223	0.00152532	-0.000351929	0.0401848	0.0249749	0.175844	0.0709657	0.137764	-0.0200066	0.0817321	-0.0226684	0.0872549	-0.0159262	-0.00354232	
-0.0166715	-0.0413785	-0.0104735	0.0143463	-0.011532	0.14031	-0.0187943	0.0233721	0.0122642	0.00733963	0.00210451	-0.000458263	0.0684344	0.0233134	0.350199	0.0820517	0.128719	-0.0187364	0.0991667	-0.0217713	0.0868991	-0.0167103	-0.0037804	
-0.0150041	-0.0424161	-0.00558321	0.00122275	-0.0132596	0.0999013	-0.0167538	0.0242129	0.0211684	0.017137	-0.00128601	-0.000458263	0.101359	0.0250766	0.119801	0.00961344	0.167898	-0.0182051	0.0575482	-0.0217713	0.138217	-0.00978465	0.00314528	
-0.0128771	-0.0359824	-0.00274276	-0.00181848	-0.0132937	0.120037	-0.0200064	0.0170345	0.00303842	0.0217176	-0.00234596	-0.000785967	0.0363847	0.0251056	0.164634	0.0234512	0.135458	-0.0207786	0.0615549	-0.0223937	0.0997554	-0.0158189	-0.00213797	0	
-0.016277	-0.0370518	-0.00313733	-0.00352266	-0.0146067	0.138289	-0.0195995	0.0181672	0.0114258	0.0108155	-0.000802662	-0.000785967	0.0727564	0.0251056	0.124437	0.0706679	0.15462	-0.020161	0.0693376	-0.0223002	0.0875547	-0.0120105	0.000289917	0.00263584	-0.0128209	0	
-0.0131789	-0.0362774	-0.00513329	-0.00478113	-0.013277	0.108596	-0.020228	0.0183022	0.0141274	0.0237105	-0.00216276	-0.000524743	0.0899679	0.0266564	0.118232	0.0395135	0.166446	-0.0208828	0.129109	-0.0223002	0.0643632	-0.0141511	-0.000677002	-0.00437714	-0.00122511	
-0.0173328	-0.0386299	-0.00363194	0.00491247	-0.0140914	0.122164	-0.0195724	0.0195158	0.0223412	0.0104785	0.00191841	-0.000161621	0.0558825	0.0212929	0.106392	0.0735245	0.168163	-0.0210687	0.111318	-0.0230658	0.126365	-0.0116665	0.00174314	-0.00793887	
-0.0173075	-0.0381809	0.00748746	-0.00224102	-0.0135047	0.090907	-0.0199203	0.0190047	0.0237897	0.0197045	0.000958902	-1.50103e-05	0.0489929	0.0388122	0.157885	0.06557	0.132878	-0.0195182	0.100386	-0.0216963	0.170156	-0.00445194	0.00698818	-0.0104094	0	-0.00282595	
-0.0107246	-0.0370854	-0.00585412	0.00371861	-0.0146012	0.0918871	-0.0171495	0.022874	0.0229518	0.0194692	-0.0046413	0.00146029	0.128866	0.0353632	0.205946	0.0237588	0.184474	-0.0202836	0.102941	-0.0209928	0.176465	-0.017016	-0.00656987	-0.00663552	0.010176	
-0.0129875	-0.0469089	0.000227706	0.000763097	-0.0138405	0.25294	-0.0150851	0.0295224	0.0242075	0.0129002	-0.00161882	-0.000167009	0.065946	0.0274131	0.169027	0.0708547	0.156952	-0.0200307	0.144358	-0.020952	0.074182	-0.00675223	0.00303011	-0.00756857	
-0.0119948	-0.0453512	-0.00288265	0.00353743	-0.0130919	0.255071	-0.0170453	0.0295127	0.0208162	0.0102489	-0.00173491	0.00127178	0.0926074	0.0230826	0.112612	0.00741001	0.185465	-0.0186852	0.0706923	-0.0213461	0.127437	-0.0230155	-0.00859651	-0.00456116	
-0.0127619	-0.0456516	-0.00400909	-0.000979607	-0.0130919	0.231659	-0.0182972	0.0296518	0.00823313	0.0128559	-0.00116275	0.00127178	0.0568879	0.0230826	0.0996921	0.0379194	0.147971	-0.0193746	0.0742424	-0.021035	0.157663	-0.018899	-0.00743301	-0.00600917	
-0.0140934	-0.0510805	-0.0089162	0.000355316	-0.0137666	0.209867	-0.018441	0.0333231	0.00360943	0.00500698	-0.00214768	-6.31441e-05	0.0945505	0.0289559	0.207103	0.0303647	0.203021	-0.0190948	0.0884816	-0.0209062	0.115707	-0.023406	-0.0101876	-0.00925879	0.0018102	
-0.0160782	-0.0511353	-0.00308225	-0.00202038	-0.0132297	0.196501	-0.0190387	0.0346022	0.0146095	0.00476541	-3.0644e-05	-4.94056e-05	0.06432	0.0295329	0.201988	0.0175089	0.214603	-0.0154526	0.0471421	-0.02073	0.0919269	-0.0107528	-0.00228208	-0.00182718	-0.000150423	-0.00215082	0	
-0.0153664	-0.0509531	-0.0127674	0.00281033	-0.0122893	0.205854	-0.0190387	0.0353235	0.0295389	0.00939648	0.00110759	0.000926672	0.0574258	0.0185785	0.260878	0.0194788	0.225391	-0.0194836	0.0748456	-0.0203296	0.0579881	-0.011011	-0.00117881	-0.00269736	-0.00229111	0.00899141	-0.00938036	0.00534187	
-0.0139573	-0.0471153	-0.0003857	0.000711284	-0.0144362	0.181171	-0.018835	0.0309651	0.0289253	0.0145286	0.000340339	0.000591648	0.122081	0.0217184	0.236563	0.0215486	0.14793	-0.0185596	0.0789794	-0.020996	0.0999396	-0.0124195	-0.000344675	-0.0042717	-0.00054267	
-0.0144486	-0.0525047	-0.00628286	-0.00519478	-0.0144362	0.223451	-0.018835	0.0378114	0.0252616	0.0229265	0.00127044	0.000415514	0.0433175	0.0205889	0.191124	0.0510047	0.223844	-0.0213075	0.0252171	-0.0214316	0.0874832	-0.0171928	-0.00511213	-0.00692861	0.00213808	
-0.0131958	-0.0474963	-0.0019401	0.00089357	-0.0149513	0.138569	-0.0189107	0.0327272	0.0147247	0.00534267	-0.00236722	0.000219439	0.0744172	0.0339867	0.20633	0.0317629	0.189839	-0.0197474	0.0539805	-0.0202792	0.103151	-0.0207663	-0.00991493	-0.00560961	-4.43118e-05	0.00786646	
-0.0138429	-0.0425182	-0.00332174	0.000983754	-0.0149513	0.23804	-0.0193639	0.0263854	0.02781	0.0125575	-0.000907097	0.000219439	0.101173	0.0317293	0.164654	0.0245857	0.151884	-0.0186851	0.0796795	-0.0208135	0.0742409	-0.0158255	-0.00436782	-0.00794932	0.000555891	-0.0068017	
-0.0130535	-0.0424716	-0.00792917	-0.00224652	-0.0153982	0.181632	-0.0189415	0.0263854	0.0214175	0.0153438	-0.00152623	0.000219439	0.100394	0.0328492	0.352154	0.035504	0.253621	-0.0189198	0.165366	-0.020644	0.0529406	-0.00810218	0.00215898	-0.00440572	0.00153144	-0.00705405	
-0.0119996	-0.0547739	-0.00413264	0.00379477	-0.0132714	0.297951	-0.0183646	0.0387461	0.0133111	0.0150682	0.00145828	0.00101879	0.0893682	0.0208902	0.207244	0.0323252	0.235281	-0.0201122	0.0821576	-0.0200354	0.144465	-0.010833	0.000123914	-0.00843261	-0.000731372	0.0234275	0.0174	
-0.0108262	-0.0482428	-0.00591409	8.20268e-05	-0.0132714	0.172429	-0.0179982	0.0336192	0.0115424	0.00284736	-0.00223156	0.000355817	0.134701	0.0281936	0.181712	0.0196963	0.150773	-0.0199961	0.0777559	-0.0200354	0.113166	-0.0126201	-0.00249603	-0.0066708	-0.000731372	0.0388547	0	-0.114142	0	
-0.0106444	-0.0463279	-0.00356633	0.00821573	-0.0132714	0.182376	-0.0179982	0.0316604	0.00108464	0.00905615	-0.00485706	0.000355817	0.142663	0.0334279	0.205804	0.0338423	0.21059	-0.0189619	0.137552	-0.0203482	0.0707688	-0.0211788	-0.0102971	-0.00448825	-0.000207998	-8.6747e-05	-0.000872553	-0.00233549	
-0.00909156	-0.049592	-0.00958818	0.00687739	-0.0127438	0.140085	-0.0186177	0.0361395	0.0164842	0.0102973	-0.00496579	0.00138396	0.112332	0.0343952	0.206592	0.0376743	0.192501	-0.0182462	0.153066	-0.020703	0.127179	-0.0180172	-0.00599155	-0.00273257	-0.000703241	-0.00400921	0.00284444	-0.0103864	-0.00939055	-0.000469355	
-0.0113474	-0.0414485	-0.00279385	-0.0013083	-0.0130127	0.125238	-0.0186121	0.0256726	0.0137353	0.00925772	-0.000816568	0.00111507	0.148208	0.0333185	0.244751	0.0413493	0.192941	-0.0186304	0.112162	-0.0202252	0.144437	-0.010613	0.000645956	-0.00339501	-0.00151012	0.000307251	0.00125301	
-0.0114931	-0.0426307	0.000357173	0.0115402	-0.0135892	0.114013	-0.0179137	0.0277195	0.0325728	-0.000706663	0.000417429	-0.000896371	0.0615878	0.0207141	0.248713	0.0239546	0.16472	-0.0210243	0.0628028	-0.0201446	0.212085	-0.0120437	-0.00198704	-0.00553071	-0.00149681	-0.000640872	0.00247192	-0.000886808	
-0.0136061	-0.0406634	-0.00359411	0.00768231	-0.0123885	0.0951636	-0.0158774	0.0278158	0.00482141	0.00667253	-0.000587102	-0.00020682	0.0683093	0.0215341	0.138442	0.0649182	0.142542	-0.0207751	0.0687105	-0.0203172	0.278627	-0.0164584	-0.00581538	-0.00553071	-0.00285881	0.000500991	0.003017	0	0.00985733	
-0.0102916	-0.0445025	-0.00724598	-0.00197147	-0.0135625	0.114606	-0.0152823	0.0278158	0.0156515	0.00120672	-0.00390153	0.00201133	0.103735	0.0281925	0.219116	0.0173503	0.107848	-0.0189272	0.0706944	-0.019645	0.256291	-0.0119489	0.00101564	-0.00850096	-0.00241298	0.000500991	-0.00093146	0.117139	
-0.00611197	-0.0410903	-0.00474116	-0.00151303	-0.013808	0.111374	-0.0180028	0.0271592	0.0130788	0.00758471	-0.00801276	0.00176578	0.0340543	0.026385	0.306379	0.00903951	0.150175	-0.0194647	0.0695361	-0.0195332	0.241828	-0.0192096	-0.00650042	-0.00874651	-0.000454228	0.00256139	0.00166018	0	
-0.00973091	-0.0399728	-0.00446554	0.000482617	-0.013808	0.087451	-0.0183105	0.0242089	0.0264373	0.00101164	-0.00528318	0.00176578	0.0285572	0.0229636	0.157528	0.0348706	0.123434	-0.0158116	0.165313	-0.01929	0.144811	-0.0177304	-0.00380285	-0.00554052	-9.44589e-05	0.0146299	-0.000601833	0.0163324	
-0.00547151	-0.047011	-0.00752839	-0.0036553	-0.013808	0.0996071	-0.0191615	0.0303259	0.00854818	0.00101164	-0.00822244	0.00176578	0.0290461	0.0256369	0.377785	0.0131511	0.145988	-0.0186162	0.0525964	-0.0197246	0.16353	-0.0209986	-0.00707109	-0.0105831	-0.00131345	-0.000833309	0.00287168	0.0157813	
-0.00711544	-0.0428611	0.00150428	-0.00102627	-0.0134316	0.112993	-0.016669	0.02771	0.0326308	-0.00254498	-0.00613603	0.00176578	0.0416383	0.0231611	0.176841	0.00973544	0.206368	-0.0173733	0.0774016	-0.0198335	0.258676	-0.0134782	-0.00233259	-0.00647264	-9.56389e-05	0.000559794	0.0010415	
-0.0108922	-0.0442858	-0.00578355	0.00649997	-0.0131671	0.153003	-0.0205982	0.0269268	0.021518	0.00852858	-0.00328042	-0.0011024	0.0345474	0.0269407	0.175702	0.0209261	0.147985	-0.0196676	0.0664978	-0.0212133	0.173439	-0.0131233	-0.00174166	-0.0101676	0.000215175	0.00839092	-0.000237736	
-0.0118036	-0.0431696	-0.00541909	-0.000423502	-0.0143742	0.157675	-0.0186387	0.0272793	0.0288509	0.00727784	-0.00222428	-0.000749876	0.0441563	0.0156311	0.222966	0.0188467	0.150335	-0.0182394	0.0453491	-0.0203914	0.236873	-0.0174793	-0.00533758	-0.00949648	0.00175942	0.00323509	0.000114788	
-0.0120379	-0.0494165	-0.00831959	-0.00228744	-0.0131131	0.186746	-0.0193516	0.0332888	0.0317758	0.00656122	-0.00198993	-0.000749876	0.0598447	0.0183123	0.145461	0.0317603	0.127859	-0.0176056	0.204318	-0.0201637	0.267275	-0.0174793	-0.00533758	-0.00943152	-0.00269299	0.00590083	0.00256826	-0.0032882	
-0.0131437	-0.0506714	-0.0049937	-0.00327458	-0.0140138	0.187805	-0.0189786	0.0332888	0.0172337	0.00656122	0.000173688	-0.0019325	0.075661	0.0183123	0.205803	0.006706	0.146709	-0.0175139	0.126189	-0.0211558	0.267275	-0.0200084	-0.0071831	-0.00701194	-0.00196962	0.00706739	0.00450793	
-0.0104142	-0.0470444	-0.00798283	0.00143181	-0.0148266	0.173323	-0.0193276	0.0291799	0.0172707	0.00578256	-0.00295292	-8.85323e-05	0.0609732	0.0313527	0.171551	0.0568821	0.112956	-0.016467	0.218695	-0.0216759	0.354641	-0.0205054	-0.00666419	-0.00910116	-0.000561304	0.010155	0.00308668	0.00762753	
-0.0112398	-0.0429758	-0.0100401	-0.00352492	-0.0131501	0.175457	-0.0199806	0.0251323	0.0156023	0.0177817	-0.00421004	-8.85323e-05	0.0727785	0.0169527	0.1277	0.0163409	0.126148	-0.0190545	0.0954797	-0.0212186	0.309174	-0.0211409	-0.00794513	-0.00915489	3.75481e-05	0.00243866	-0.00268048	-0.00702858	-0.0092539	0	
-0.0129485	-0.0409049	-0.00879884	0.0013598	-0.0121397	0.100348	-0.0172721	0.0245277	0.0181494	0.0147638	-0.00285005	-0.000554967	0.0475668	0.0253063	0.259051	0.0346427	0.170082	-0.0169849	0.107728	-0.0194463	0.307551	-0.0214365	-0.00810906	-0.00791213	-0.00278048	0.0133112	0.000467579	
-0.0126385	-0.040686	-0.00744847	-0.00269296	-0.0144855	0.20593	-0.0191379	0.023555	0.0037617	0.00168846	-0.00426427	-3.383e-05	0.0800808	0.0236045	0.152357	0.0158309	0.106788	-0.0168524	0.07675	-0.0202487	0.274953	-0.0359928	-0.0226818	-0.00564991	-0.00178417	0.00888725	-0.000953805	0.00814537	
-0.0107374	-0.0412279	-0.00673265	-0.00554831	-0.014824	0.183564	-0.0202027	0.0232165	0.00912058	0.012078	-0.00650393	-0.000614445	0.052099	0.0213094	0.2356	0.015525	0.163418	-0.0186704	0.143299	-0.0205872	0.248575	-0.026688	-0.0156021	-0.00874867	-0.0030687	0.0164285	0.000350139	0	
-0.0139406	-0.037733	-0.000859278	-0.0104956	-0.0139887	0.219609	-0.0192645	0.020333	0.000597987	-0.00151126	-0.00320668	-0.000614445	0.045701	0.0257177	0.177129	0.0399444	0.147408	-0.0178654	0.0946606	-0.0215819	0.340089	-0.0352472	-0.0228164	-0.00636846	-0.0024818	0.00232145	-0.00180594	-0.0232816	
-0.0133507	-0.0420838	-0.00908611	-0.0133914	-0.0142963	0.123037	-0.0192645	0.0239946	-0.0132953	0.00755336	-0.00230506	0.000810197	0.0747194	0.0225786	0.141037	0.0253416	0.180975	-0.018251	0.0657584	-0.0209649	0.258066	-0.0407141	-0.0260136	-0.00572591	-0.00253472	0.00232145	-0.000629154	0	
-0.0151075	-0.0395145	-0.00957771	-0.00647243	-0.0139511	0.16122	-0.0190839	0.0222719	0.00852813	0.00158962	-0.00188902	0.000810197	0.0679032	0.0306157	0.111702	0.0279465	0.129321	-0.018445	0.05165	-0.0209649	0.268685	-0.0294513	-0.0133695	-0.0048055	-0.00379039	0.00619177	-0.00134295	
-0.0110319	-0.0369827	-0.0102358	-0.0103911	-0.0133972	0.141923	-0.0187037	0.0184276	-0.00381579	0.00534844	-0.00504026	-0.00139255	0.0640351	0.0274296	0.233126	0.030141	0.145386	-0.0144215	0.0740973	-0.0215155	0.187735	-0.0234201	-0.0133695	-0.0103938	-0.00172368	0.00635648	-0.000132359	
-0.0130324	-0.039786	-0.0102358	-0.0107161	-0.0130739	0.190093	-0.0202999	0.0228586	-0.012926	0.00847878	-0.00317198	-0.000849541	0.0951203	0.0302732	0.105515	0.0454653	0.164422	-0.0178449	0.0752585	-0.0213961	0.117108	-0.0339494	-0.0239752	-0.00715666	-0.00257374	0.0122052	0.00047241	
-0.00820294	-0.036812	-0.0165363	-0.00140712	-0.0136667	0.146116	-0.0204106	0.0203565	0.00435123	0.00847878	-0.0068937	-0.000221842	0.0481013	0.0346319	0.188241	0.0349544	0.149286	-0.0167545	0.0767115	-0.0209293	0.156396	-0.0288946	-0.017981	-0.00658408	-0.00327781	0.00702286	-9.56574e-06	-0.00738259	0.00473004	0.00962612	-0.00185523	
-0.01106	-0.0382189	-0.0153426	-0.00845143	-0.0136667	0.116784	-0.0189734	0.0213409	-0.00486536	0.00847878	-0.00586066	-0.000221842	0.0499512	0.0300021	0.172192	0.0377394	0.2198	-0.0146401	0.171421	-0.02084	0.151779	-0.0364267	-0.0226312	-0.00757212	-0.00360742	0.0206621	0.00191933	-0.0102245	-0.00259969	0.0203666	-0.00180957	0.011138	0	
-0.0090732	-0.0358131	-0.0118106	-0.00488168	-0.0132063	0.246856	-0.0173978	0.0193644	0.0125098	0.00605203	-0.00765549	-2.98233e-05	0.0445183	0.0363844	0.080477	0.0336413	0.210345	-0.0152755	0.0736582	-0.020648	0.306656	-0.0180117	-0.00641432	-0.00273564	-0.0023214	0.00235792	0.00250012	0.00493868	-0.00762952	
-0.0123911	-0.0327391	-0.0145923	-0.00913469	-0.0131872	0.126155	-0.0200376	0.0154792	0.0105431	0.00708675	-0.00433755	0.00246287	0.0815845	0.0298023	0.191805	0.046632	0.123182	-0.0168424	0.0913348	-0.0198296	0.210175	-0.0220456	-0.003621	-0.0078013	-0.0082561	0.00929257	-0.0020275	0.00265812	-0.0034361	
-0.0111193	-0.0386812	-0.0145923	7.68145e-05	-0.0144455	0.124304	-0.0180708	0.0211618	0.00638477	0.000780214	-0.00395703	0.000935299	0.083698	0.0278702	0.353581	0.117492	0.174169	-0.015267	0.155348	-0.0200492	0.13268	-0.015809	-0.00500759	-0.0073359	-0.00370198	-0.00289352	9.77853e-05	-0.0190621	0.00159419	-0.00647108	0.0189145	
-0.0110668	-0.0383274	-0.0176093	-0.00626286	-0.0140591	0.239325	-0.0198548	0.0202512	0.0231069	0.0171816	-0.00492002	-0.000723846	0.0470589	0.0250455	0.244996	0.0313727	0.154759	-0.0195055	0.193416	-0.0220769	0.148949	-0.0262499	-0.00200081	-0.007409	-0.0118232	-0.00122484	-0.00458714	0	-0.00137623	
-0.0124877	-0.03834	-0.0166423	-0.00528456	-0.0132644	0.19303	-0.0183564	0.0209059	0.0245666	0.00367873	-0.00203194	0.00032279	0.0630628	0.0293428	0.136633	-0.00133382	0.152356	-0.0183883	0.116272	-0.019926	0.211573	-0.0180745	-0.0040446	-0.0042154	-0.00663743	-0.0041167	-0.000520555	-0.00384425	
-0.0124877	-0.0323228	-0.0122817	-0.00748615	-0.0132331	0.0930523	-0.0173154	0.0149576	0.0205142	0.0083545	-0.00209727	0.000626143	0.0607343	0.0219445	0.139009	0.0284627	0.142707	-0.0142669	0.0690899	-0.019926	0.13943	-0.0171811	-0.00341333	-0.00650428	-0.00677669	0.00437113	-0.000520555	-0.00183796	0.00673407	
-0.0134919	-0.0327496	-0.0149307	0.000621336	-0.0134737	0.1328	-0.0176248	0.0152777	0.00115508	-0.000942807	-0.00108729	0.000135068	0.0698587	0.0269126	0.131604	0.0393308	0.155746	-0.0178638	0.0897808	-0.0198764	0.155512	-0.0294272	-0.00517483	0.00082979	-0.0166427	-0.000208162	-0.000304672	-0.0028084	
-0.0113331	-0.0415746	-0.00952946	-0.00435463	-0.0124659	0.122135	-0.0181977	0.0240435	0.0144746	0.00581648	-0.00471014	0.000481163	0.0523262	0.0176159	0.106402	0.047908	0.128518	-0.0177849	0.115738	-0.0201507	0.106731	-0.0185769	-0.0030204	-0.00449481	-0.00808899	0.00882667	-0.00357218	-0.00101535	0.00886531	
-0.0111068	-0.0327596	-0.0144769	-0.00255585	-0.0123392	0.224664	-0.0166698	0.0154546	0.017891	0.00789271	-0.00508701	-0.000592398	0.0672529	0.0309429	0.122053	0.0306814	0.113318	-0.0177773	0.138598	-0.0201272	0.123583	-0.0199414	-0.00163766	-0.00326381	-0.00537237	0.000916243	-0.000883966	-0.00207147	
-0.013807	-0.0353801	-0.0142345	-0.00243063	-0.010723	0.222948	-0.0196041	0.0180752	0.0185874	0.0185645	-0.00238678	-0.000887575	0.134023	0.0262889	0.221635	0.0345807	0.120441	-0.0177773	0.0759831	-0.0201272	0.197418	-0.0109737	-0.00423358	-0.00544959	0.0017929	0.00480037	-0.000883966	-0.00274999	
-0.00847658	-0.0343114	-0.0112346	-0.00796215	-0.0136841	0.249354	-0.0178196	0.0180752	0.0188834	0.00677651	-0.00771725	0.00157668	0.0726615	0.0366638	0.10641	0.0235406	0.146235	-0.017772	0.0707324	-0.0194101	0.159256	-0.013658	-0.00389052	-0.00278502	-0.0012989	-0.00142673	-0.00334136	
-0.0139118	-0.0349847	-0.0125223	-0.00335196	-0.0136841	0.217941	-0.0188449	0.0180752	0.0131394	0.00708444	-0.00314649	-0.00414281	0.0910943	0.0260192	0.141018	0.200504	0.116758	-0.0142597	0.0711192	-0.0193641	-0.00512963	-0.0178871	0.000619913	-0.00246519	-0.00152562	
-0.0111254	-0.0411085	-0.0101277	0.000430407	-0.013035	0.199126	-0.019106	0.021893	0.0186476	0.00970793	-0.00487181	-0.00233322	0.0812534	0.0259708	0.159851	0.141551	0.169405	-0.0177792	0.092969	-0.0197576	-0.00368277	-0.018828	0.000619913	0.00342353	-0.00567577	0.00772115	
-0.0112308	-0.0346153	-0.00721773	0.00780536	-0.0135271	0.150595	-0.0183411	0.0173148	0.000996621	0.00891823	-0.00265283	-0.00289583	0.121592	0.0249521	0.091541	0.114243	0.181157	-0.0149973	0.145549	-0.0190143	-0.00326415	-0.0249128	0.00130709	0.00355682	-0.012528	
-0.0120847	-0.0376475	-0.0100194	0.00148074	-0.012475	0.251261	-0.0194791	0.0208709	0.00137099	0.00245422	-0.0032292	-0.00145966	0.0451537	0.0197705	0.223056	0.144132	0.247621	-0.0184231	0.0959926	-0.0201842	-0.00325444	-0.0281381	0.000797575	0.00305692	-0.0142817	-0.00804727	
-0.0117982	-0.0384091	-0.00997606	-0.00669617	-0.0123228	0.222337	-0.0175401	0.021923	-0.000986751	0.00260645	-0.00336674	-0.00148741	0.0641677	0.0283768	0.293897	0.212504	0.181958	-0.0164422	0.085516	-0.019471	-0.00483566	-0.0177615	0.00115514	0.00610197	-0.00475094	
-0.0145538	-0.0391098	-0.0113202	-0.00246142	-0.0123228	0.233377	-0.0187483	0.0229611	0.0223642	0.0106723	-0.00251533	-0.00170686	0.0580676	0.0283768	0.283571	0.133473	0.20703	-0.0156792	0.199067	-0.0181512	-0.00533563	-0.0168091	0.000274352	0.00959226	-0.0059246	-0.00496593	
-0.0148565	-0.0426487	-0.00773683	0.00223548	-0.012569	0.144764	-0.0190716	0.0250853	0.00385753	0.00293101	-0.000224786	-0.00229186	0.0702394	0.026697	0.168555	0.166704	0.120391	-0.0178055	0.268543	-0.018771	-0.00339131	-0.0266918	-0.000600423	0.00797324	-0.0139923	0.0288343	0	
-0.0104253	-0.0367327	-0.0102198	0.00358214	-0.0140826	0.202513	-0.016951	0.020195	-0.0110381	0.00488945	-0.00645467	-0.00422135	0.101583	0.0250489	0.130092	0.111633	0.211709	-0.0147864	0.145204	-0.0195638	-0.00459952	-0.0311878	0.00183298	0.000286702	-0.0151508	-0.00162923	-0.00247375	
-0.0114387	-0.0411455	-0.01177	-0.00738901	-0.0140019	0.102425	-0.0193476	0.0228877	0.00690362	0.0105006	-0.0054657	-0.00097851	0.0890757	0.0184137	0.14727	0.0904863	0.151566	-0.0137944	0.100919	-0.0210814	-0.00150863	-0.0255431	0.000975302	0.000551882	-0.0125547	0.00386569	0.00330884	0	
-0.0136568	-0.0399853	-0.00613558	-0.000788231	-0.0131015	0.282465	-0.0179606	0.0241213	0.00559119	0.00197992	-0.00173402	0.000280784	0.150945	0.0218703	0.224156	0.176125	0.188994	-0.0148659	0.0445073	-0.0203498	-0.00375325	-0.0276888	0.00100386	0.00525492	-0.0138957	0.00182328	0	
-0.014735	-0.0388492	-0.0137986	-0.0029233	-0.0141749	0.287934	-0.0179606	0.0217176	-0.000587917	-0.00134369	-0.00120107	-0.00288033	0.101453	0.0179746	0.142398	0.127302	0.192798	-0.0160976	0.0302056	-0.0202114	-0.00475475	-0.0201875	0.00100386	0.0117769	-0.00585234	0.00119866	0.0161099	
-0.0104345	-0.0399413	-0.0123365	0.00306275	-0.0147666	0.182259	-0.0194334	0.022314	0.0212873	-0.00130123	-0.00431902	-0.000837548	0.148562	0.0327389	0.120004	0.0750596	0.181322	-0.0193508	0.0179626	-0.0206395	-0.00314056	-0.0141601	0.00174071	0.00378789	-0.000276534	0.00255458	-0.00304645	0	
-0.0147881	-0.0374409	-0.011009	0.000917141	-0.013007	0.210159	-0.0194533	0.022314	0.00117535	0.00517067	3.45758e-05	-0.00170273	0.10099	0.0327389	0.291138	0.117871	0.132293	-0.0183624	0.0617298	-0.0206395	-0.00373042	-0.0164396	-2.62481e-07	0.00491431	-0.00255602	0.000794949	0.0279037	
-0.0149153	-0.0446373	-0.0096289	0.00434897	-0.012859	0.25632	-0.0189761	0.0289619	0.00123369	0.0114664	0.0016593	-0.000413391	0.124202	0.0328869	0.249235	0.178753	0.150818	-0.0172212	0.0671227	-0.0201381	-0.0047178	-0.0242163	0.000274374	0.0139285	-0.00989922	0.000794949	0.0145367	0.0046627	-0.000123717	
-0.0150883	-0.0421194	-0.00834723	0.00421057	-0.0120803	0.257811	-0.0182378	0.0260748	0.0191704	0.00370038	3.99961e-05	-0.00332803	0.0966762	0.0328869	0.14841	0.203932	0.154144	-0.0187224	0.0643545	-0.0199125	-0.0052992	-0.0128855	0.000488303	0.0199096	0.00152312	1.62832e-05	0.00670427	
-0.00973432	-0.0376645	-0.0076531	-0.00577305	-0.0133849	0.233886	-0.0184684	0.0228214	0.0139574	0.00780624	-0.00226595	-0.00301715	0.113917	0.0145007	0.195357	0.242312	0.116053	-0.0181214	0.0778172	-0.0196668	-0.00512926	-0.0222739	0.00240463	0.00531413	-0.00615684	0.00116847	0.00050894	
-0.0139511	-0.0376079	-0.00250521	-0.00355578	-0.0131684	0.239866	-0.0180754	0.023538	0.0168513	0.0186395	0.00145587	-0.00227783	0.081556	0.0382124	0.154591	0.183442	0.090921	-0.0134944	0.415615	-0.0189766	-0.00199368	-0.0160962	0.00309479	0.00810651	-0.00195181	0.000207931	0	
-0.0118262	-0.0375484	-0.00767999	0.0043666	-0.0144933	0.348064	-0.016678	0.0222896	0.032528	0.00797188	-0.000294712	-0.000252711	0.0799736	0.0421301	0.149838	0.152094	0.081485	-0.0158726	0.177548	-0.0209346	-0.000986085	-0.0251683	0.00217661	0.00655508	-0.0123092	0.00104445	0	
-0.0141225	-0.0427239	-0.0119221	0.00708234	-0.0132603	0.31502	-0.0189861	0.0273159	0.030507	0.000471687	-3.49246e-05	-0.00199481	0.119953	0.0363871	0.0766939	0.151367	0.169378	-0.0167362	0.0904832	-0.0208639	-0.00399496	-0.00973375	0.00224736	0.00825712	0.00294658	0.00200122	0.00210722	
-0.0109629	-0.0396745	-0.00474657	-0.00226881	-0.012898	0.170151	-0.0188982	0.023678	0.0116238	0.000752229	-0.00378297	0.000488487	0.0935754	0.0259739	0.0950182	0.161596	0.100454	-0.0163837	0.0424151	-0.0220251	-0.00358189	-0.025137	0.00165884	0.00951555	-0.010213	-0.000182511	-0.0106041	0.00180376	0	
-0.0136132	-0.03877	-0.00679306	0.00953651	-0.012898	0.286789	-0.0190536	0.0215377	0.0110098	0.000752229	4.45011e-05	-0.00223455	0.103379	0.0279616	0.320368	0.137835	0.1448	-0.0173704	0.0373118	-0.0213047	-0.00393115	-0.0178193	0.00125973	0.00951555	-0.00571506	-0.000472636	
-0.0155901	-0.038856	-0.0123001	0.00436206	-0.0126042	0.144264	-0.0197241	0.0215377	0.0128667	0.00383631	0.000178321	-0.00138524	0.115792	0.0300633	0.231085	0.146424	0.150542	-0.0184073	0.06368	-0.0206323	-0.00530139	-0.01995	-0.000653329	0.00657562	-0.00571506	-0.00047176	
-0.0149949	-0.0336462	-0.00650127	-0.0055464	-0.0136468	0.214585	-0.0190369	0.0176677	0.00870822	-0.00107746	-0.00120027	-0.00288199	0.0706636	0.0300633	0.168169	0.183532	0.123529	-0.0183419	0.0991844	-0.0205463	-0.00498567	-0.0243235	-0.000145884	0.0031716	-0.0100189	0.00107221	
-0.0145414	-0.0328116	-0.0127969	0.00138172	-0.0124196	0.325214	-0.0189844	0.0175557	0.0279782	0.00747483	-0.000476015	0.000776111	0.153643	0.03552	0.217972	0.141727	0.142909	-0.0204773	0.0862668	-0.0206835	-0.00556944	-0.0187065	0.000916399	0.00359229	-0.00410675	-0.000702483	
