0.1325	-0.0716218	0.0503327	0.009973	0.269027	0.0530906	-0.0637836	0.0237223	-0.0200369	0.189834	-0.024464	0.0089113	-0.0178195	-0.0136545	0.0144957	-0.0174621	0.0241512	0.002477	0.0186107	0.0514236	0.0098845	-0.0542352	0.0517345	0.0423073	-0.00963018	-0.015309	0.0031057	0.0786266	-0.0233495	-0.0008499	0.004921	-0.0550286	-0.0171963	0.0340368	-0.0087168	0.0646629	-0.0008336	-0.0223086	-0.0085103	-0.013014	0.0039976	0.0892986	0.0195512	0.0217759	0.0398366	-0.0077216	0.0113593	0.230908	0.0056078	0.00768649	0.018369	-0.0197979	0.0262891	-0.0230747	-0.0224938	0.0904256	0.0392017	0.101006	0.373863	-0.0066148	0.0199499	-0.0085689	-0.0132437	0.00509509	0.0120559	-0.00458187	-0.0159344	0.0291898	0.0742696	-0.0153889	-0.0170956	0.0033078	0.0309102	-0.0156911	0.0408599	0.0361646	0.319478	0.0508641	0.0599827	0.0629046	
0.103247	-0.0221822	0.0503327	0.00644286	0.267394	0.047394	-0.0538853	0.0232221	-0.0200369	0.171192	-0.025077	0.179734	-0.0131139	0.01185	-0.0134014	0.0743961	0.124881	0.00317266	-0.0465841	-0.0106926	0.104604	-0.0200543	0.0547646	-0.00484456	0.208535	0.00675172	-0.0164508	-0.0254338	0.110534	0.0409145	-0.0236919	0.0330327	-0.0183286	-0.00644153	0.0463272	0.0155334	0.0649665	0.00768649	
0.101819	-0.0223096	-0.0109136	0.00829047	0.29064	0.0409231	-0.0537174	0.0275105	-0.0200369	0.0307182	-0.0196245	0.243595	0.0957086	0.139362	-0.0160998	0.0167934	0.0375754	0.155016	0.0491903	-0.0165879	0.0379085	-0.0236919	0.0514808	0.0692996	0.0092776	
0.101914	0.0351923	0.00804858	0.264641	-0.0194121	0.0419978	-0.0132259	0.0254494	-0.0200369	0.015936	-0.010936	0.0536043	-0.0148832	-0.0237874	0.0250464	0.0485663	0.0627794	0.0283104	0.0371271	0.302422	-0.0628453	0.0143096	0.00989884	
0.102848	0.02195	-0.0127859	0.213854	-0.0134558	0.0468396	-0.0162446	0.0255512	-0.0187628	0.0236396	-0.0088283	0.0793766	-0.0155544	-0.0238893	0.0470176	0.0627575	0.0943347	0.00835978	0.046026	0.304041	-0.0641867	0.0138429	0.00581316	
0.1174	0.0152705	-0.0127479	0.131913	-0.0212913	0.0388964	-0.015862	0.018411	-0.0200713	0.0330479	-0.00598001	0.0623738	0	-0.0245046	-0.0160372	0.0737803	0.0139587	0.0424402	0.269702	-0.0631125	0.0150897	0.0103986	
0.117392	0.00715243	-0.0119025	0.13085	-0.0176158	0.04584	-0.0169137	0.0261504	-0.0205961	0.0289957	-0.00937387	0.0555787	-0.0250081	0	-0.0152521	0.0918671	0.00901953	0.0746928	0.344278	-0.0578028	0.013468	0.0120058	
0.0966746	0.0217497	-0.0126517	0.220941	-0.0226269	0.0419852	-0.0172735	0.0257876	-0.0200106	0.0371309	-0.0152614	0.0577714	-0.0246454	0.0252626	-0.0152521	0.0543409	0	0.0101058	0.0493595	0.244476	-0.0586669	0.00587199	0.0123231	
0.107184	0.0534363	-0.0129333	0.13718	-0.0195257	0.0363103	-0.017121	0.0243005	-0.00771119	0.0371403	-0.0299707	0.061321	-0.0246539	0.0426184	-0.0154964	0.0722441	-0.00584638	0.0116084	0.0816358	0.212268	-0.0612029	0.00925373	0.00629402	
0.109414	0.082229	-0.0124414	0.151653	-0.0173209	0.0401317	-0.0160697	0.0207467	-0.019264	0.0243467	-0.0192286	0.0709077	-0.0239056	-0.0143013	0.133249	0.0135334	0.0618798	0.238415	-0.0691566	0.00470857	0.00706517	
0.124193	-0.0124414	0.105032	0.139828	-0.0216693	0.0451779	-0.00899544	0.0247413	-0.0195676	0.0131058	-0.0153943	0.0668029	-0.0243932	0	-0.0151305	-0.000752991	0.0098388	0.00744811	0.084781	0.249071	-0.0638854	0.00301957	0.00968152	
0.177058	-0.0134811	0.0872623	0.161651	-0.0144808	0.045458	-0.012216	0.0210239	-0.0204537	0.0200286	-0.0106097	0.0566214	-0.0250152	-0.0125458	0.0121256	0.14001	0.259567	-0.0555866	0.00529803	0.0102161	
0.127425	-0.0110124	0.0998918	0.206928	-0.0174209	0.0455699	-0.014602	0.0199963	-0.0205758	0.00899696	-0.0365521	0.0662918	-0.024674	-0.0146008	0.012451	0.0878957	0.252209	-0.0707326	0.00345316	0.00990141	
0.133569	-0.0114907	0.0659009	0.212515	-0.0183021	0.0403917	-0.016338	0.0218364	-0.0199743	0.0317125	-0.0345949	0.0667701	-0.023877	-0.0153597	-0.00524739	-0.00248756	0.00632756	0.0681497	0.293634	-0.0685709	0.00134256	0.00786145	
0.156039	-0.0122378	0.0611488	0.197188	-0.0165543	0.0443114	-0.0145882	0.024269	-0.0197716	0.0141778	-0.0148083	0.0601787	-0.0244065	-0.015355	0	0.0206178	0.0257724	0.0122019	0.141737	0.323646	-0.0592643	0.00400425	0.00805807	
0.125005	-0.013552	0.0438958	0.176972	-0.0199676	0.0447117	-0.0166124	0.0258175	-0.0197716	0.0151801	-0.0124439	0.0577627	-0.0238801	-0.0139589	0.00463762	0.0113402	0.0699916	0.291238	-0.057089	0.00855763	0.0096656	
0.139685	-0.013552	0.0741744	0.119133	-0.0185461	0.0456549	-0.0169861	0.0232755	-0.0200102	0.0145564	-0.0253264	0.0684063	-0.0241992	-0.0129183	0.0109754	0.0707461	0.336784	-0.067696	0.0106284	0.00788964	
0.157148	-0.0131739	0.0873189	0.144988	-0.0214517	0.0478852	-0.0143828	0.0236697	-0.019957	0.012146	-0.0223086	0.0606857	-0.0244025	-0.015962	0.00272249	0.0256846	0.0250768	0.104086	0.26001	-0.0607134	0.0023353	0.00795123	
0.102593	0.00695472	0.0518134	0.170694	-0.0190008	0.0530321	-0.0201772	0.021776	-0.0201757	0.019869	-0.0242431	0.0737362	-0.0245941	-0.0166961	0.0184861	0.146464	0.231459	-0.0740634	0.00415705	0.00909993	
0.14354	0.00691755	0.060163	0.0978439	-0.0173686	0.0470999	-0.0160738	0.0240737	-0.0202915	0.0036811	-0.0188287	0.0574009	-0.0251517	-0.0159403	0	0	0.00777752	0.0895969	0.29491	-0.0542952	0.00388959	0.0109385	
0.152556	0.00661444	0.032398	0.163544	-0.0189243	0.0450775	-0.0158811	0.0246821	-0.0205687	0.0295655	-0.000677146	0.0579813	-0.0247529	-0.0113749	0.00797988	0.189179	0.274128	-0.0571463	0.00769063	
0.136527	-0.0142033	0.0702974	0.155229	-0.0197056	0.0426143	-0.0185411	0.0193901	-0.0205549	0.0185132	-0.0199458	0.0543392	-0.0251495	0.0102609	0.11215	0.220795	-0.0527515	0.000815276	-0.0157088	
0.132725	-0.0131628	0.0768531	0.127165	-0.0193422	0.0416952	-0.015826	0.0217226	-0.0205455	0.0101422	-0.0154709	0.0615747	-0.0250818	0.00737543	0.0110591	0.0917335	0.231859	-0.0598727	0.00122232	-0.016125	
0.136446	-0.0131628	0.0566554	0.124826	-0.0201753	0.0416952	-0.0160446	0.0206434	-0.0202563	0.00215763	-0.0114894	0.0615747	-0.0250948	0.013709	0.128456	0.239311	-0.0609161	0.00090945	-0.0159756	
0.140132	-0.0135792	0.010157	0.0913841	-0.0193781	0.0430045	-0.0142325	0.0216397	-0.0202563	0.0446198	-0.00227387	0.0604223	-0.0252662	-0.0231547	0	0.0229998	0.0158125	0.11797	0.273248	-0.0571382	0.00418149	-0.0164158	
0.133902	0.00683464	0.0169155	0.0843585	-0.0162255	0.0432898	-0.019843	0.0231067	-0.0201871	0.0239483	-0.000222132	0.0617657	-0.0252237	-0.126074	0.0388352	0.0453674	0.0171373	0.148764	0.278282	-0.0616949	0.00536958	-0.0128876	
0.162027	-0.0130293	0.033269	0.147532	-0.0194612	0.0386102	-0.0165613	0.0264348	-0.0195406	0.00540411	-0.0124605	0.0618125	-0.0241909	0.0191092	0.072177	0.300771	-0.0609356	0.00829509	-0.0156405	
0.141683	-0.0129755	0.0645285	0.192644	-0.01649	0.0485408	-0.0164365	0.0219333	-0.0202934	0.00627196	-0.00240765	0.0600654	-0.024067	0.013994	-0.0118222	0.0131492	0.0459287	0.303982	-0.0599965	0.000508126	-0.0115896	
0.158371	-0.0137125	0.0292514	0.217933	-0.0213794	0.0461898	-0.0172605	0.0229187	-0.0199695	0.00108326	-0.0217346	0.0608024	-0.0246245	0	0.00827834	0.0897579	0.283932	-0.0592954	0.00641578	-0.0158234	
0.152828	-0.0134355	0.0470489	0.122236	-0.0215334	0.0447594	-0.0168147	0.0262284	-0.0211229	0.0118096	-0.0156646	0.058063	-0.0253739	0.0012482	0.00721286	0.0494437	0.267736	-0.0593724	0.00362917	-0.0155607	
0.179098	-0.0138142	0.0321922	0.126792	-0.0191116	0.044967	-0.0170551	0.0213651	-0.0205878	0.0195062	-0.0322845	0.0685136	-0.025867	0	0.0122223	0.0382378	0.356494	-0.0688272	0.00215229	-0.0174142	
0.169475	0.00681143	0.0813327	0.174366	-0.0185038	0.040443	-0.015606	0.021343	-0.0194575	0.0156346	-0.0118507	0.0587778	-0.0246615	0.0101962	0.009534	0.0829623	0.320894	-0.0595488	0.00333779	-0.0154004	
0.189229	-0.0131176	0.0323734	0.207609	-0.0168746	0.051612	-0.0161843	0.02176	-0.0199428	0.0114636	-0.0204746	0.0627501	-0.0240908	0.00592816	0.033415	0.273446	-0.0622927	0.00785395	-0.0117887	
0.170911	-0.0122155	0.056058	0.130061	-0.0202534	0.055312	-0.0167525	0.0208787	-0.0193337	0.011388	-0.0233084	0.0680311	-0.0232754	0.0165446	0.0705772	0.251375	-0.0675007	0.0012925	-0.0129054	
0.139102	-0.0122155	0.0693195	0.0811847	-0.0191944	0.0464826	-0.0152369	0.0224128	-0.0193337	-0.000257256	-0.0319342	0.058597	-0.0238347	0.0554649	0.0198644	0.00844821	0.0505305	0.301006	-0.0600568	0.00693764	-0.0127146	
0.174652	-0.0129378	0.0822807	0.195425	-0.0220426	0.0521996	-0.0162027	0.0211562	-0.0189579	0.030314	-0.028436	0.0578052	-0.0239532	0.000206873	0.010558	0.0338152	0.320039	-0.0583907	0.0100011	-0.0123567	
0.170281	-0.0129378	0.0832585	0.13087	-0.0183285	0.0573529	-0.0128938	0.0209962	-0.0193946	0.0100766	-0.0251821	0.0578052	-0.0237932	0	0.000469752	-0.0101201	0.00830701	-0.00157347	0.0119504	0.0388115	0.308295	-0.0548255	0.00938304	-0.0101759	
0.170615	-0.0152438	0.0391956	0.191996	-0.0206131	0.0519602	-0.0149126	0.0212155	-0.0213419	0.00794567	-0.0288306	0.0645386	-0.0256598	0.0280268	0.0123177	0.0711225	0.211906	-0.063787	0.00844705	-0.016443	
0.163134	-0.0130755	0.0370809	0.253607	-0.0193188	0.0420787	-0.017781	0.0210929	-0.00647779	0.0249891	-0.0124995	0.0505575	-0.0247076	0.0157441	0.0632673	0.306885	-0.0492151	0.00848241	-0.0130877	
0.166573	-0.0141068	0.0164565	0.136776	-0.0182903	0.0478876	-0.0149219	0.0194606	-0.00692831	0.0207536	-0.0234189	0.0552442	-0.0250803	0.0214676	0.0884838	0.28987	-0.0545077	0.00729363	-0.0170957	
0.173094	-0.0141068	0.0590184	0.122431	-0.0242328	0.0450042	-0.0152181	0.0242354	-0.00682678	0.000155155	-0.0142863	0.0523521	-0.0257229	0.00944412	0.0142563	0.085739	0.197468	-0.0484328	0.0132713	-0.0165904	
0.169735	0.00519105	0.0513351	0.155825	-0.0177876	0.0532741	0.0199801	0	-0.0201985	0.0159186	-0.0181833	0.0524103	-0.0241041	0.0188559	0.0931226	0.312934	-0.0498111	0.00670881	-0.0170057	
0.155872	0.00596407	0.0270424	0.213175	-0.0222171	0.0483704	0.021112	0.0523217	-0.0193585	0.0244714	-0.019486	0.0487716	-0.0248136	0.0133388	0.270236	-0.0470966	0.00441828	-0.016125	
0.182481	-0.0133576	0.0203499	0.172962	-0.0197522	0.0207402	0.0790251	-0.0186792	0.0175017	0.0438292	0.00688377	-0.0238314	0.00169973	0.0249535	0.0152414	0.0500057	0.277709	-0.0491894	0.0145924	-0.0165355	
0.148803	-0.0125831	0.0816034	0.0826132	-0.0186883	0.0208034	-0.0186792	0.0355362	0.0573648	0.00652933	-0.0233229	-0.00109937	0.00693088	0.0635569	0.270523	-0.0620395	0.0145924	-0.0208121	
0.118937	-0.0120575	0.0977754	0.184147	-0.0163991	0.0215259	-0.0142341	-0.0195696	0.0343428	0.0456008	0.0071286	-0.0245163	0.0115628	0.0533875	0.207985	-0.0532082	0.0198618	
0.157037	-0.0175039	0.104721	0.10585	-0.0157848	0.020801	-0.0201055	-0.0247273	0.0143359	0.0483298	0.00740743	0	0	0.0106016	0.0557862	0.269576	-0.0554711	0.018598	-0.0286938	
0.163677	-0.0161298	0.0817714	0.0922245	-0.02154	0.0208013	-0.00726796	-0.0243737	0.0194968	-0.0157158	0.0462133	-0.0123441	0	0.0160184	0.0557862	0.232944	-0.0542454	0.0152564	
0.189378	-0.0143686	0.086092	0.0942478	-0.0228095	0.0244709	-0.00767634	-0.0243383	0.00425589	-0.0194798	0.0435738	-0.0116488	0	0.00545532	0.0642838	0.316314	-0.0658851	0.013589	
0.197878	-0.0143736	0.176916	0.164836	-0.0226252	0.0216059	-0.0189286	-0.0239037	0.0101427	-0.00805425	0.0447846	-0.0118007	0.00585304	0.00419926	0.0122703	0.05608	0.252961	-0.057069	0.0155309	
0.155025	-0.0127658	0.126644	0.189521	-0.0181951	0.0218493	-0.0192155	-0.0242207	0.010919	-0.00398572	0.0446007	-0.0116168	0.000815786	0.0112817	1.63208e-05	0.017149	0.0555125	0.291899	-0.0552418	0.0155309	
0.137282	-0.0140305	0.137593	0.107823	-0.0229009	0.0191891	-0.0199043	-0.0244697	0.0237968	-0.00656083	0.043178	-0.0118012	-0.00887197	0.0162655	0.0146782	0.00841379	0.0557649	0.26591	-0.0537745	0.0295617	
0.17834	-0.0141184	0.111234	0.0841625	-0.0208457	0.0250356	-0.00657308	-0.0246578	-0.00835047	0.0398885	0.0276013	-0.0131909	0.0286567	0.00753131	0.0552697	0.265273	-0.0535846	0.0261784	
0.14103	-0.0140699	0.0935572	0.102031	-0.0218538	0.0219536	-0.0084966	-0.0246387	-0.00419735	0.0341716	0.00670177	-0.0114571	-0.0387487	0.000424848	0.0111829	0	0.00886604	0.0593939	0.316965	-0.0591671	0.0150413	
0.151151	-0.0115057	0.0745052	0.280996	-0.0229408	0.0196138	-0.00569313	-0.0246936	-0.00579436	0.0506153	0.00794963	-0.0142605	0.00921414	0.0615307	0.275111	-0.0601596	0.0188028	
0.148734	-0.0115057	0.152196	0.127691	-0.0224396	0.0235311	-0.0054371	-0.0243157	-0.0033477	0.0415629	0.00975998	-0.014124	0.00826427	0.0580695	0.340166	-0.0532901	0.0215271	
0.12112	-0.0124795	0.104795	0.216388	-0.0229814	0.0204462	-0.0194691	-0.0247458	-0.00265989	0.0462215	0.011329	-0.0124775	0.00742019	0.0567806	0.316548	-0.0542893	0.0175815	
0.158659	-0.0135077	0.104344	0.153351	-0.0233306	0.0208012	-0.00706309	-0.0243295	-0.0101565	0.044487	0.0206783	-0.0121934	0.011348	0.0564965	0.235032	-0.0542893	0.0247702	
0.138285	-0.0147077	0.132897	0.192264	-0.0211131	0.0209064	-0.00599023	-0.024646	-0.0100905	0.046888	0.0378341	-0.0132662	0.010849	0.0527341	0.246506	-0.0470698	0.0166378	
0.164854	-0.0149087	0.139312	0.228445	-0.0205545	0.0208404	-0.0192058	-0.02458	-0.0131022	0.0464982	0.014952	-0.0019782	0.00632936	0	0.01543	0.0523443	0.314588	-0.0508637	0.0235657	
0.151102	-0.012631	0.1783	0.137139	-0.0196101	0.0234778	-0.00723363	-0.0245042	-0.0102924	0.0460535	0.048338	-0.0118216	0.0271936	0.00562749	0.0505796	0.302241	-0.0499066	0.0187538	
0.148074	-0.0153695	0.0837811	0.23495	-0.0223753	0.0185966	-0.00640222	-0.0257003	-0.00898738	0.0473983	0.0274262	-0.0141569	-0.000411924	-0.000456175	0.0117792	0.0619466	0.290439	-0.0557497	0.0169796	
0.13842	-0.014046	0.237641	0.214423	-0.0218806	0.0217302	-0.00614504	-0.0250958	-0.00918607	0.0489972	0.0283527	-0.0131211	3.19928e-05	0.0122707	0.0529958	0.346994	-0.0520515	0.0231599	
0.158746	-0.0158994	0.0956766	0.257636	-0.0140779	0.0228678	-0.00622321	-0.0247513	-0.00557779	0.0438913	0.0646515	-0.0109803	0.00209469	0.0046714	0.0134105	0.0529177	0.323686	-0.051681	0.0264838	
0.17839	-0.0130913	0.110972	0.150433	-0.0184131	0.0204909	-0.00746732	-0.0249874	-0.0114301	0.0471978	0.0629062	-0.0106526	0.00209469	0.000717292	0.0143269	0.0644511	0.327303	-0.0639307	0.022832	
0.178268	-0.0143069	0.129814	0.272793	-0.0179979	0.0226901	-0.0069599	-0.0248657	-0.00475033	0.0470266	0.0275794	-0.0104813	0.00209469	-0.00477471	-0.00826905	0.0166172	0.0679438	0.388163	-0.0683215	0.0254612	
0.157998	-0.0131489	0.126753	0.243132	-0.0220276	0.0230755	-0.00707979	-0.0252721	-0.000547483	0.050665	0.0628884	-0.0136756	-0.00119029	0.0163215	0.0684512	0.327381	-0.0704938	0.0217025	
0.148904	-0.0150898	0.0735177	0.17523	-0.0173416	0.0219479	-0.0207318	-0.0247472	-0.00825265	0.0435495	0.0273769	-0.0137255	-0.00119029	0.0314027	0.012529	0.0546538	0.333205	-0.0549402	0.0227514	
0.150128	-0.0178539	0.105073	0.1273	-0.0215249	0.019748	-0.0188029	-0.0252435	-0.00574578	0.0507322	0.0303406	-0.0112277	0.000854003	0.00805602	0.0208071	0.0590536	0.333205	-0.0616903	0.022636	
0.135513	-0.0179006	0.112689	0.134275	-0.0183542	0.0208296	-0.019052	-0.0251564	-0.0037381	0.0459461	0.0543891	-0.0104438	0.000854003	0.00144526	0	0.0105044	0.0591772	0.294285	-0.0622114	0.0241157	
0.138136	-0.0156823	0.0868515	0.262662	-0.0196837	0.0211802	-0.020672	-0.0253368	0.00495708	0.0460801	0.0396949	-0.0120638	-0.000765979	0.0296403	0.0680164	0.330035	-0.0693005	0.0347677	
0.191509	-0.0161383	0.114561	0.186286	-0.021464	0.0202758	-0.020672	-0.0248245	0.00305421	0.0451452	0.0118445	-0.012732	-0.000765979	0.0132328	0.0555843	0.278694	-0.0579066	0.0274348	
0.163413	-0.0163497	0.132127	0.147482	-0.0234171	0.020257	-0.0212094	-0.0247729	0.00122243	0.0475883	0.0157564	-0.0135401	-0.00207188	0.011843	0.0183133	0.0596461	0.232196	-0.0601907	0.0291987	
0.153893	-0.017814	0.180313	0.204511	-0.0196905	0.0208498	-0.0182992	-0.0254084	-0.00528242	0.0492883	0.048683	-0.0116376	0.00144586	0.0106948	0.0500758	0.27517	-0.048081	0.0157056	
0.188273	-0.0172337	0.268808	0.161308	-0.0192058	0.0213002	-0.0181872	-0.0238833	-0.00332265	0.0438779	0.036709	-0.0118233	0.000321178	0.00572953	0.00604246	0.0127666	0.0588647	0.224701	-0.0601199	0.0255635	
0.171821	-0.0159794	0.128801	0.235777	-0.0146388	0.020068	-0.00849882	-0.0238667	-0.0111778	0.0460196	0.0444546	-0.0107588	0.000321178	0	0.0142959	0.0587502	0.227523	-0.0613061	0.0241981	
0.142342	-0.0172832	0.0849453	0.20046	-0.0194099	0.0231078	-0.00637325	-0.0251533	0.00349445	0.0529437	0.0287327	-0.01342	0.00115043	0.000291604	0.0169006	0.0679921	0.247962	-0.0691866	0.0221918	
0.147852	-0.0161884	0.108829	0.204902	-0.0192136	0.0208126	-0.00513103	-0.0234766	-0.0079539	0.0517789	0.0398072	-0.013573	-2.22963e-05	0.0062059	0.018533	0.0596667	0.241622	-0.0582307	0.0296134	
0.146887	-0.0129289	0.165421	0.181138	-0.0206694	0.0202576	-0.00727557	-0.0236116	-0.0105066	0.0496605	0.0696224	-0.0113979	-0.000337302	0.0211601	0.0598708	0.307504	-0.0610825	0.0205548	
0.160457	-0.0141496	0.119561	0.157055	-0.0208344	0.0211887	-0.0190646	-0.0237028	-0.00856919	0.0436973	0.0130771	-0.0106437	1.15825e-05	-0.0588225	-0.0227569	0.0204428	0.0670185	0.261529	-0.0694548	0.0239242	
0.133981	-0.0133517	0.0861997	0.232305	-0.0215911	0.0228123	-0.0189245	-0.0239383	-0.00197646	0.0495649	0.0184929	0.00774072	1.15825e-05	-0.00360621	0.013601	0.0641376	0.250793	-0.065463	0.019487	
0.147823	-0.0161004	0.111243	0.215955	-0.0210552	0.0184173	-0.0211793	-0.0239528	-0.00619715	0.0442898	0.0587464	0.00744543	-0.00253848	-8.12486e-05	0.0217143	0.057741	0.243638	-0.0579668	0.0344577	
0.126708	-0.0148162	0.113234	0.134495	-0.0203818	0.0202511	-0.0216275	-0.0237119	-0.00603702	0.045186	0.0197702	0.00744543	-0.00298677	-0.00169522	0.0399345	0.0142832	0.0580757	0.27819	-0.0579888	0.0235854	
0.135905	-0.016762	0.101758	0.176378	-0.0200195	0.0192707	-0.0194095	-0.0252519	-0.00529428	0.0461779	0.019213	0.00616422	0.00042147	0.00689151	5.1315e-05	0.00426825	0.0217684	0.0679754	0.205642	-0.0686886	0.0174806	
0.141127	-0.01149	0.180765	0.173756	-0.0178493	0.0184914	-0.0197325	-0.022928	-0.00647326	0.0443426	0.0229218	0.00590529	-0.00167071	0.000774816	0.0122782	0.0649473	0.232308	-0.0616592	0.0274735	
0.118912	-0.0128706	0.10944	0.208717	-0.016163	0.0194563	-0.0204352	-0.0227543	-0.00498313	0.0538252	0.0379543	0.00793849	-0.00240298	-0.00374752	-0.00479693	0.000660477	-0.0360866	0.00916052	0.052782	0.29726	-0.0516339	0.0194459	
0.115868	-0.0171128	0.12084	0.45463	-0.0160876	0.0221997	-0.0177911	-0.0249177	-0.0137647	0.045224	0.0206475	0.00760958	0.00238804	0.00195932	0.0102089	0.0164239	0.0642598	0.223382	-0.0647293	0.0175226	
0.113238	-0.0157077	0.203258	0.219321	-0.017173	0.0196934	-0.0184517	-0.0253816	-0.00900468	0.0452857	0.0277084	0.00791817	0.00209775	-0.00409028	0.0104084	0.0595186	0.296061	-0.0613892	0.0214027	
0.102014	-0.0127064	0.114923	0.25122	-0.017234	0.0219631	-0.0182661	-0.0246135	-0.0175167	0.0452857	0.0178539	0.00781909	0.00166175	-0.000419257	0.012346	0.0653081	0.277731	-0.0630499	0.0166447	
0.125041	-0.0162281	0.0890243	0.172253	-0.0213333	0.0217883	-0.0190263	-0.0252851	-0.0129566	0.0510622	0.00718566	0.00698851	0.000544941	-0.00283838	0.0567723	-0.020698	0.0113214	0.0548572	0.298102	-0.0538446	0.0130343	
0.108962	-0.0168533	0.0701432	0.200738	-0.0173912	0.0203382	-0.0163905	-0.0250853	-0.00660465	0.0466996	0.0119524	0.00698851	0.00318075	-0.00297308	0.00787629	0.0539453	0.34444	-0.0559755	0.020709	
0.0976498	-0.0152616	0.124974	0.125375	-0.0207828	0.0211861	-0.0196476	-0.0252511	-0.00566003	0.04682	0.0158826	0.00786987	0.000925391	0.00144391	-0.00072089	0	0.0215333	0.0593597	0.270201	-0.0570193	0.0249174	
0.14233	-0.0140134	0.208904	0.23687	-0.0165873	0.0217281	-0.0196476	-0.0255602	-0.000648515	0.0488498	0.0245548	0.00806811	0.000925391	-0.000308983	-0.00931549	0	0.0139996	0.0582761	0.294471	-0.0573863	0.0124356	
0.114652	-0.0164043	0.142183	0.181998	-0.0214337	0.0196645	-0.0195703	-0.0255472	-0.00483655	0.0413186	0.0203861	-0.0109558	0.00155811	0.0056993	0	0.0118041	0.0517248	0.300836	-0.0516074	0.0215889	
0.12513	-0.0160223	0.0876029	0.195158	-0.0154946	0.0183991	-0.0193389	-0.0257391	-0.00575187	0.0394089	0.0213199	-0.0104849	0.00155811	0.00277495	-0.000869638	-0.00467108	-0.00665969	0.000589822	0	0.0128795	0.0654315	0.29007	-0.0644523	0.0284577	
0.129208	-0.0164027	0.0558585	0.139109	-0.021054	0.0219144	-0.00709742	-0.0259345	-0.000469445	0.0475328	0.0128755	-0.0115066	0.00140197	0.00905717	0.0108297	0.0521071	0.251788	-0.0512778	0.0143455	
0.14744	-0.0157351	0.110953	0.188152	-0.0183756	0.0220834	-0.00776223	-0.0250896	-0.00823099	0.0526743	0.0115465	-0.0117241	0.000806617	0.0151506	-0.00986127	0.0149548	0.0556763	0.208273	-0.0559733	0.0226539	
0.122456	-0.0141433	0.0972985	0.102755	-0.0230617	0.0183439	-0.019891	-0.0255071	0.00352	0.0516793	0.00569509	-0.0132367	0.000150317	0.00111544	-0.0200413	0.00862079	0.0580543	0.236974	-0.057737	0.00682607	
0.100079	-0.0164591	0.176561	0.190858	-0.021531	0.0170861	-0.0179966	-0.0249785	-0.00418949	0.0530459	0.0117415	-0.0113883	0.00156248	0.00356151	-0.00556642	0.00555105	0.0107019	0.0621923	0.300328	-0.061029	0.00896944	
0.104839	-0.0169711	0.0566081	0.161807	-0.0203782	0.0182648	-0.00815101	-0.024931	-0.00574746	0.0520861	0.0155196	-0.0103711	0.00161994	0.00673375	0.0112825	0.0505686	0.254952	-0.0503651	0.0188376	
0.145341	-0.0155538	0.13434	0.152412	-0.0212281	0.0194996	-0.0189436	-0.0244783	-0.0101885	0.0399312	0.000591814	-0.0111922	0.00119844	0.00338894	0.000196273	0.0112673	0.0396378	0.285638	-0.0408818	0.017611	
0.101064	-0.0171909	0.1281	0.154416	-0.0198459	0.0193473	-0.0188289	-0.0251315	-0.00607284	0.0449972	0.000591814	-0.0113547	0.000678214	0.00136816	0.00696178	0.0488681	0.247807	-0.0482663	0.0127144	
0.121131	-0.0180018	0.109592	0.192535	-0.022657	0.0174562	-0.00759474	-0.0248473	-0.00766288	0.0444113	0.00347213	-0.0107823	0.00119968	-0.00226969	0	0.0084954	0.0488172	0.254762	-0.046515	0.020248	
0.120132	-0.0163257	0.0839856	0.321155	-0.0217549	0.0189721	-0.00861261	-0.0260166	-0.00454919	0.0473188	-0.000733574	-0.0111588	0.00183378	0.000879272	0.0135879	0.0488172	0.254498	-0.0486141	0.019161	
0.125969	-0.0171356	0.0810184	0.231816	-0.0226004	0.0176894	-0.00787971	-0.0260166	-0.0104453	0.0502504	0.00259441	-0.011296	0.00183378	0.00582256	-0.00764913	0.0118883	0.0567849	0.2072	-0.058507	0.0141774	
0.11918	-0.0172759	0.0381883	0.138025	-0.0179235	0.0192336	-0.00693705	-0.0262232	-0.00531439	0.0433987	0.00139081	-0.0122182	0.00184714	0.00999821	-0.00184714	0.00983606	0.0525926	0.251093	-0.0531286	0.0153725	
0.125783	-0.0152464	0.0365646	0.14832	-0.0232629	0.0202542	-0.0199997	-0.0253844	-0.0095022	0.045653	-0.000583474	-0.0116705	0.000359329	0.000707404	-0.00513263	0.012726	0.0455674	0.218725	-0.0489149	0.0193786	
0.113962	-0.0156952	0.045837	0.158347	-0.0197218	0.0203361	-0.0186775	-0.0254417	-0.0124194	0.049508	0.00814176	-0.0125684	0.00147576	0.0027462	0.00120258	-0.0181591	0.0138114	-0.0211265	0	-0.00126304	0.00950497	0.0476061	0.261585	-0.0473966	0.0193975	
0.125348	-0.0157964	0.0272592	0.264826	-0.0158023	0.0198455	-0.0177941	-0.0247919	-0.0248252	0.048206	0.000354701	-0.0116849	0.00225342	0.00325669	-0.00284552	-0.00406675	0.0227038	0.015457	0.0461216	0.248496	-0.0465664	0.0165765	
0.127831	-0.0174735	0.0303958	0.19883	-0.0187632	0.0213853	-0.0202364	-0.0252316	-0.00812212	0.0478434	0.00393071	0.00744265	0.000975539	0.00512791	0.000561333	0.0113632	0.0563913	0.240205	-0.0570888	0.0103492	
0.129438	-0.0188352	0.0255037	0.180992	-0.0208515	0.0179765	-0.0184293	-0.0265932	-0.0129771	0.0439881	0.000201337	0.00720631	0.00326511	-0.000800341	0.000901766	0.0114434	0.055603	0.239797	-0.0563657	0.00935606	
0.13883	-0.0156654	0.044983	0.246002	-0.0221044	0.0155351	-0.0198659	-0.0237633	-0.00346913	0.049297	0.00119582	0.0074734	-0.000448837	-0.000355912	0.00647234	0.00182964	0.000187813	-0.00367324	0.0173269	0.0545613	0.267727	-0.0557858	0.0160081	
0.155058	-0.0129223	0.0608789	0.269601	-0.0205584	0.0173886	-0.0199066	-0.0236635	-0.00353228	0.0488881	0.00738356	0.00751408	-0.000448837	0.00251074	0.00770222	-0.00389444	0.000187813	0.0107931	0.052878	0.250142	-0.0549785	0.0261341	
0.139495	-0.0155085	0.0471174	0.169871	-0.0161742	0.0199939	-0.0190765	-0.0235528	-0.0153101	0.0407026	0.0016449	0.00905383	-7.8106e-05	0.00229409	0.001033	-0.00701368	0.00917965	0.0424278	0.230007	-0.0467083	0.0318478	
0.156841	-0.0142338	0.0461172	0.171783	-0.0215576	0.0199053	-0.0182886	-0.0243263	-0.00960852	0.0359973	0.000616893	0.00760892	0.00114654	0.00105591	0.0055652	0.00299506	0	0.00750868	0.0438577	0.182856	-0.0467524	0.020761	
0.153263	-0.0159566	0.0429196	0.191603	-0.0139953	0.0204507	-0.0169258	-0.0238798	-0.0114649	0.0434089	-0.000309335	0.00585722	0.0025093	0.00297429	0.00463339	-0.00353208	0.0107629	0.0558436	0.273971	-0.0574989	0.0170802	
0.153195	-0.0135139	0.0551295	0.181774	-0.0217953	0.019317	-0.0203356	-0.0243989	-0.00685455	0.0416138	-0.00276018	-0.0118674	-8.45922e-05	0.00358657	0.00607012	-0.00423715	0.015604	0.0449864	0.19583	-0.0481564	0.0165975	
0.141774	-0.0143477	0.0874257	0.291393	-0.0221413	0.0188022	-0.0213407	-0.0248575	-0.0064784	0.0477066	0.00288083	-0.0132537	0.000229215	0.00192683	0.0154291	-0.0121815	0.0149996	0.0516751	0.220071	-0.0541183	0.0246269	
0.135594	-0.0151121	0.0962792	0.262101	-0.0187281	0.0203744	-0.0182551	-0.0250644	-0.00669382	0.0401267	0.00305817	-0.0098613	0.00248451	0.00699249	0.006916	-0.00228964	0.0140348	0.0456302	0.267045	-0.0466429	0.0298554	
0.12463	-0.0140638	0.0378533	0.176314	-0.0163298	0.017613	-0.0202179	-0.0253471	-0.0057979	0.0409313	0.000858257	-0.0126288	0.00052164	0.00283366	0.00515132	-0.00401904	0.0121314	0.0506844	0.270402	-0.0516742	0.0242168	
0.142571	-0.0148728	0.0187634	0.226996	-0.0203469	0.0176019	-0.0201926	-0.0250085	-0.0085294	0.0379222	0.00666831	-0.0112008	0.000546942	0.00326428	-0.00185541	1.02797e-05	0.0157496	0.0568421	0.290859	-0.0592346	0.0350962	
0.155005	-0.0129418	0.215035	-0.0215477	0.0172347	-0.0203801	-0.0235369	-0.0121408	0.0389073	0.00531432	-0.0105907	-0.00123405	0.00050011	0.00100369	-0.00419296	0.00959016	0.0405492	0.240628	-0.0445283	0.0261126	
0.160091	-0.0154651	0.150583	-0.00926248	-0.0185395	0.0161831	-0.0202001	-0.0230458	-0.00631633	0.0385411	0.008412	-0.00906716	-0.000464936	0.0030716	0.00994683	0.0261302	0.0132807	0.0515351	0.240591	-0.0537593	0.0240446	
0.132239	-0.0151536	0.125619	-0.00432688	-0.0152651	0.0213106	-0.021236	-0.0235667	-0.00360271	0.0424033	0.00604014	-0.0117809	-0.00107776	5.18613e-06	0.0116056	-0.0372639	-0.00215585	0.0184236	0.05468	0.234914	-0.0553155	0.0249808	
0.138608	-0.0167775	0.121754	-0.0109854	-0.006104	0.0186919	-0.0084095	-0.0237776	-0.00825631	0.0446922	-0.0003709	-0.0125646	-0.000815787	0.00158801	0.00991076	0.0175188	0.0547504	0.285771	-0.0543516	0.0334258	
0.133889	-0.0167566	0.176875	-0.0064264	-0.0166525	0.0186092	-0.0206833	-0.0247565	0.000342345	0.0435362	0.00267192	-0.0116445	9.9478e-06	0.00233287	0.00435147	0.000445789	0.0188307	0.0594936	0.296033	-0.0630652	0.0309131	
0.139513	-0.0176985	0.290898	-0.0101248	-0.0234107	0.0198347	-0.00970342	-0.0243663	0.00339616	0.0426706	0.00430471	-0.012126	-0.00180106	-0.00220781	0.000886268	0.0100092	0.0676075	0.287232	-0.0709955	0.0320437	
0.118464	-0.0162956	0.15204	-0.00674894	-0.0172261	0.0224624	-0.00783554	-0.0248404	-0.00094332	0.0443305	0.00802636	-0.0113071	0.000853228	-0.00366319	0.00540143	-0.0112051	0.00702213	0.0701625	0.287199	-0.0698049	0.0434987	
0.123715	-0.0153214	0.117515	-0.00957583	-0.0202714	0.0214227	-0.00799817	-0.023943	-0.00174009	0.0490774	0.00886073	-0.0134459	-0.00250946	-0.00111408	-9.9639e-05	0.000844237	0.0151792	0.0616139	0.343413	-0.0608489	0.0479386	
0.138409	-0.011635	0.18874	-0.0129981	-0.0199014	0.0235412	-0.0218443	-0.0244186	-0.00709469	0.0451285	0.0103706	0.00968978	-0.00168532	-0.000761374	-0.00109046	0.0135585	0.0673228	0.284186	-0.069325	0.0455074	
0.146782	-0.0158137	0.156153	-0.0112943	-0.0195825	0.0223898	-0.0208656	-0.0236565	-0.00483606	0.0525624	0.00411162	-0.0130414	-0.00226748	0.0106301	0.0056352	0.0126602	0.0622319	0.250723	-0.064785	0.0371445	
0.177007	-0.0162979	0.168564	-0.0125816	-0.019943	0.0213476	-0.020598	-0.0249666	-0.00441497	0.0431942	0.00269987	0.0103336	0.000251968	0.0044656	0.000197085	0	0.0126705	0.0101834	0.0606243	0.296764	-0.0641934	0.0285643	
0.137297	-0.0176825	0.249472	-0.0121234	-0.0142453	0.0214863	-0.020598	-0.0251052	-0.00424217	0.0441539	0.00384522	0.00937393	0.000251968	-0.0033724	0.00192746	0.0118271	0.0670708	0.236859	-0.0701285	0.0311283	
0.165187	-0.016864	0.181153	-0.00984522	-0.0206303	0.0190799	-0.0226567	-0.0250324	-0.00134727	0.0439632	0.00504238	-0.0130921	-0.00180672	-0.00573638	0.00499205	0	0.0736608	0.0135667	0.0668802	0.306945	-0.070709	0.0323396	
0.151127	-0.015921	0.200196	-0.0113589	-0.0148848	0.0210117	-0.0215295	-0.0250324	-0.00435872	0.0470238	0.000110294	-0.0119649	-0.000679493	-0.00164811	0.00779395	0.0136966	0.0650719	0.267789	-0.068806	0.0230086	
0.150187	-0.0177098	0.191644	-0.0135008	-0.0217586	0.0234756	-0.0215743	-0.0242423	-0.00814092	0.0465745	0.00106558	-0.0129749	-0.00137417	0.0037835	0.00253858	0.0124943	0.0648086	0.273977	-0.0687963	0.0181796	
0.148402	-0.0181359	0.152935	-0.0127497	-0.0213355	0.0226354	-0.0227205	-0.0247139	-0.00631692	0.0446739	-0.000212501	0.00837729	-0.00216137	-0.00550276	0.0125537	0.0154996	0.0599725	0.297718	-0.0625817	0.0433776	
0.139403	-0.0167692	0.181534	-0.0149538	-0.0212907	0.0191041	-0.0249588	-0.0249005	0.00175165	0.0469321	0.00706238	0.0104582	-0.00434046	0.000326724	0.00477265	-0.0127405	0.0135184	0.063091	0.262973	-0.0651361	0.0195664	
0.142635	-0.0180508	0.212949	-0.0107387	-0.0170917	0.0214536	-0.0206908	-0.0250811	-0.00115131	0.0414285	-0.00225088	0.00913123	-0.000339323	0.00169108	0.00242497	0.0131353	0.0703198	0.297451	-0.0730278	0.0286138	
0.144452	-0.0171379	0.165745	-0.0110185	-0.0202328	0.0220897	-0.0217939	-0.025979	-0.00482093	0.05075	0.00059651	0.00973478	-0.000553666	-0.00587817	0.000367771	0.0210888	0.0128672	0.0595061	0.28877	-0.0636496	0.0340464	
0.143718	-0.0149424	0.176098	-0.0152861	-0.0262511	0.0220835	-0.0262427	-0.0258276	0.00607764	0.0440687	-0.00341384	-0.0178036	-0.00500249	-0.00587817	0.00263382	0.0122708	0.054949	0.266138	-0.0553592	0.0304713	
0.156629	-0.0179736	0.219467	-0.0179302	-0.0255826	0.0204228	-0.0267179	-0.0258276	-0.00124438	0.0487569	0.000779593	-0.0177331	-0.00500249	-0.0115178	0.00704956	0.00360866	-0.0296309	0.0349346	0.0156976	0.0604919	0.293668	-0.063262	0.0371415	
0.126824	-0.0173997	0.228118	-0.00759278	-0.0198502	0.0218783	-0.0200273	-0.0253605	-0.00443393	0.042801	0.00279341	-0.0120003	0.00155031	-0.00325855	0.00645873	-0.0203216	0.0155209	0.0600246	0.245131	-0.0618915	0.0369808	
0.142306	-0.0154932	0.178655	-0.0126359	-0.0224638	0.0188487	-0.0233474	-0.0246524	0.00408097	0.0434063	0.00262604	-0.0158956	-0.00283653	-0.0064995	0.0142767	-0.0121177	0.012464	0.0688709	0.318199	-0.0662013	0.0405362	
0.164301	-0.0171272	0.153707	-0.00928948	-0.0173272	0.0188084	-0.00914805	-0.0248909	0.00306858	0.045163	0.00752887	-0.0124157	-0.000704601	-0.0026623	0.00793939	0.0110369	0.0604608	0.288095	-0.0616331	0.0343283	
0.14408	-0.0166979	0.264463	-0.00674436	-0.00788546	0.0203545	-0.00916218	-0.0259832	-0.00391621	0.0486877	0.00255994	-0.0124016	0.000122897	-0.000834879	0.00704549	0.00116649	0.0101333	0.0609386	0.314572	-0.0637064	0.0425875	
0.200184	-0.0182016	0.284111	-0.0133561	-0.0117617	0.0231559	-0.008301	-0.0262418	-0.00950207	0.0436647	-3.45809e-05	-0.0130361	0.000441243	-0.00653437	0.00323822	-0.00440242	0.0152732	0.0565974	0.293303	-0.057645	0.0310212	
0.162074	-0.0161148	0.103141	-0.00902531	-0.0172558	0.0203074	-0.00647686	-0.0258784	-0.00787456	0.0476628	0.000159079	-0.0145432	-2.85657e-05	-0.0128749	0.00249285	-0.00785505	0.0272249	0.0115048	0.0603185	0.333053	-0.0590741	0.0336714	
0.135765	-0.0145772	0.129888	-0.00998145	-0.00593287	0.0216894	-0.0073176	-0.0252611	0.00110058	0.0445689	-0.000999614	-0.0151562	-0.000984707	-0.00819905	0.00269884	-0.00761472	0.0451698	0.00880836	0.0562029	0.275845	-0.0561249	0.0239804	
0.178249	-0.0174673	0.167946	-0.0111349	-0.0104643	0.0169346	-0.00730032	-0.0256246	-0.010096	0.0441441	0.00383834	-0.0132908	0.00089791	-0.00452348	0.0108152	0.0113982	0.0111623	0.0487658	0.309475	-0.0498056	0.0240459	
0.131535	-0.0169993	0.31623	-0.0107346	-0.0054611	0.0224752	-0.0072777	-0.0259104	-0.00144391	0.0475344	0.00108648	-0.0120922	0.00209658	-0.00213441	0.003895	-0.0224264	0.0130659	0.0525087	0.322883	-0.0547216	0.0491058	
0.120441	-0.0169993	0.178005	-0.0121038	-0.00802141	0.0217901	-0.00650446	-0.0256967	-0.00445282	0.041834	0.00907393	-0.0142157	0.00072736	-0.00580993	0.000745301	0.0134729	0.0502791	0.316644	-0.0510968	0.0221166	
0.163223	-0.0159045	0.205055	-0.0153424	0.0039108	0.019305	-0.00650446	-0.0252809	0.00206729	0.0437113	0.00110018	-0.0142157	0.00072736	-0.00149495	0.00601459	-0.00607058	-0.00782084	0.0121351	0.0597959	0.335198	-0.0605359	0.0332775	
0.14297	-0.0150199	0.223473	-0.0109998	-0.00641209	0.0207109	-0.00650446	-0.0255884	0.00172202	0.0411436	0.00110018	-0.0142157	0.00072736	-0.00767597	0.00346602	0.0142172	0.0567591	0.315419	-0.0551026	0.026909	
0.154512	-0.0116989	0.216991	-0.0140284	-0.0166497	0.0224836	-0.00650446	-0.0261814	0.0034227	0.0483912	-0.0015862	-0.0159163	-8.08579e-06	-0.00993993	0.00372999	0.0109571	0.0142362	0.0471373	0.270949	-0.047859	0.0447634	
0.138261	-0.0163972	0.252754	-0.0126597	-0.00295111	0.025525	-0.00699397	-0.0264792	-0.0112379	0.0413808	-0.000718689	-0.013928	0.00148688	-0.00797517	0.0145011	0.018242	-0.0102536	0.0124382	0.0480256	0.275712	-0.0475441	0.0333349	
0.132651	-0.0149989	0.200661	-0.0136689	0.00612624	0.0210832	-0.0079487	-0.0250997	-0.00535772	0.0487423	-9.77396e-05	-0.0136048	-0.0012077	-0.00361608	0.00500644	0.00883162	0.0549811	0.221645	-0.0539494	0.0412242	
0.141364	-0.0125391	0.349882	-0.0152979	-0.00809147	0.0198678	-0.00676982	-0.0245846	-0.00360846	0.04249	0.00113004	-0.0150883	-0.00155904	-0.00974665	-0.000216811	-0.0157189	-0.00573802	0	0.00928316	0.0567599	0.239219	-0.0566337	0.0476491	
0.17927	-0.0160089	0.193449	-0.013707	-0.000300306	0.018571	-0.00725001	-0.0250519	-0.00764157	0.0459718	0.00458215	-0.0141979	-0.000521972	-0.00868839	0.00639404	-0.0117723	0.010307	0.0499196	0.193345	-0.0491494	0.0477003	
0.144957	-0.0140753	0.195334	-0.0122981	-0.0142345	0.0198516	-0.00707466	-0.025384	-0.000927792	0.0486914	0.0141244	-0.0143732	-0.000382072	-0.0099864	0.00698053	0.0135291	0.0476437	0.202863	-0.0488616	0.0498422	
0.179047	-0.0142754	0.211287	-0.0121233	-0.00789092	0.0212844	-0.00690999	-0.024506	-0.00392819	0.0470702	0.00273215	-0.0152019	-0.0025196	-0.0067322	0.00475229	0.0126375	0.0556358	0.217947	-0.0573485	0.0418677	
0.133928	-0.0153776	0.214441	-0.00637334	-0.0110264	0.0195078	-0.0203749	-0.0249117	-0.00366574	0.0548613	0.00159012	-0.0130913	0.000782829	-0.00843795	0.0115566	0.0114518	0.0556402	0.216174	-0.0545469	0.0381439	
0.15113	-0.0138467	0.190847	-0.0123243	-0.0186553	0.0176776	-0.0206462	-0.0250234	-0.00974398	0.0489252	0.000597474	-0.0123276	0.000412718	-0.00243377	-0.000461551	0.00885611	0.0549373	0.290656	-0.0546742	0.0488837	
0.160964	-0.0118892	0.237643	-0.00878868	-0.0122643	0.0214263	-0.0212433	-0.024515	-0.0107204	0.0508992	0.000793075	-0.0127993	-0.000752024	-0.00230801	0.010427	0.0113294	0.0543503	0.222171	-0.0547903	0.0446405	
0.167626	-0.0137214	0.243236	-0.00941447	-0.0137226	0.0199304	-0.0203601	-0.0238058	-0.0200806	0.0560667	0.00162883	-0.0129599	0.000131125	-0.00648986	0.00302337	0.0386297	0.0361069	0.0160888	0.0553941	0.241972	-0.0571066	0.0419383	
0.131851	-0.0129211	0.180549	-0.00304987	-0.00650611	0.0215986	-0.0210976	-0.0238698	-0.0151297	0.0599121	0.000707695	-0.0138343	-0.000486843	-0.00338287	0.00589083	0.0109348	0.0602104	0.251816	-0.0604823	0.0295797	
0.154079	-0.0112064	0.135375	-0.00800225	-0.0134104	0.0166882	-0.0211081	-0.0242956	-0.00198011	0.0524884	0.00448731	-0.0146585	-0.00156006	-0.00126629	-0.000310125	-0.00211216	0.0144818	0.0597827	0.205797	-0.0597187	0.0360073	
0.174584	-0.0128883	0.19059	-0.00561059	-0.00703216	0.0198695	-0.0227569	-0.0244429	-0.00367012	0.0529647	-0.00203795	-0.014431	-0.0021152	-0.00533892	-0.000837439	0.0143353	0.0581665	0.28079	-0.0594592	0.0354463	
0.135087	-0.0171936	0.213927	-0.00652895	-0.00593061	0.0209974	-0.0201583	-0.0254641	-0.00370778	0.0565273	0.00442112	-0.0118965	0.00129751	-0.00830701	0.00194879	0.0104672	0.0566037	0.269716	-0.0577458	0.0381906	
0.12608	-0.0153908	0.107739	0.00037006	-0.0141925	0.0191231	-0.0219894	-0.0253227	0.00445632	0.057813	-0.000680738	-0.0151748	-0.000694996	-0.0114518	0.00147617	0	0	0.00936004	0.0624193	0.264037	-0.0614631	0.0418411	
0.129633	-0.0137274	0.1793	-0.0107436	-0.014237	0.0222582	-0.0216637	-0.0246826	0.00222407	0.0564866	0.00277858	-0.0153598	-0.00181113	-0.00220466	0.00543729	-0.0114249	0.00912681	0.0607441	0.263712	-0.0570612	0.0385201	
0.125015	-0.0129279	0.212097	-0.0170409	-0.0190447	0.0200106	-0.0246061	-0.0243241	0.00244081	0.0559517	-0.000130497	-0.0167163	-0.00458431	-0.00686177	0.00347176	0.0176185	0.0545018	0.279457	-0.0565508	0.0409804	
0.118512	-0.0145763	0.181851	-0.0093161	-0.0159558	0.0194919	-0.0193809	-0.0234033	0.000251054	0.0536734	-0.000290021	-0.0112919	0.000234041	-0.00659744	0.00149956	-0.00934847	0.00281195	0.0134035	0.0110818	0.0545018	0.257836	-0.0535484	0.0311539	
0.131573	-0.0119403	0.205878	-0.0113712	-0.0156826	0.0180739	-0.0223082	-0.0230859	-0.00191941	0.0590912	0.00733333	-0.0142964	-0.00249113	-0.00670524	0.00209118	-0.00133984	-0.0155492	0.0113517	0.0625188	0.288023	-0.061286	0.0393718	
0.131011	0.001727	0.330674	-0.0118364	-0.0137971	0.0188064	-0.0196129	-0.0254119	-0.00490412	0.0590912	0.00315033	-0.0125781	0.000820665	-0.0067309	0.00623388	-0.0120841	0.010155	0.0724636	0.249257	-0.073216	0.0510906	
0.122928	0.0312721	0.229708	-0.0115248	-0.0091518	0.0168289	-0.0200834	-0.025699	-0.0072965	0.0535517	-0.00127249	-0.0133084	0.00133788	-0.00812646	0.00975789	-0.0155164	0.0101105	0.00119111	0.0139419	0.068094	0.280252	-0.0680551	0.0482787	
0.13682	0.0461355	0.16547	-0.00915754	-0.014377	0.0200027	-0.0230522	-0.0261261	0.00165805	0.0540099	2.87333e-05	-0.0162772	-0.00163089	-0.00514653	0.0104177	-0.0151714	0.0126806	0.052924	0.222582	-0.0515329	0.000874358	
0.098557	0.0461355	0.284919	-0.0136121	-0.0113993	0.019266	-0.0212379	-0.0254031	-0.000159814	0.0506485	0.00483897	-0.013425	0.000186972	-0.00641209	0.0206055	-0.0151846	0.0121173	0.0585562	0.295133	-0.060054	
0.137933	0.047882	0.195138	-0.0117934	-0.00828219	0.0196308	-0.0212379	-0.0240215	-0.00135086	0.0537845	0.00108056	-0.0131652	-0.00155946	-0.000648372	-0.00215307	-0.0135958	-0.00653413	0.0145817	0.0594818	0.299291	-0.0627895	
0.140385	0.039645	0.136377	-0.00906907	-0.00664745	0.0201436	-0.0209241	-0.0238994	-0.00105703	0.0546454	0.00911983	-0.0128728	-0.00136438	-0.00761024	0.00150915	-0.0122756	0	-0.00334554	0.0181266	0.0638133	0.264819	-0.0649747	-0.0108923	
0.13477	0.0426983	0.137463	-0.00846436	-0.00567749	0.0199783	-0.0222386	-0.0242826	-0.00421862	0.0564966	-0.00323204	-0.0148783	-0.00267883	-0.00295375	0.00615855	-0.010647	-0.00335752	0.0288839	0.056952	0.259422	-0.0557125	
0.11386	0.0413122	0.0839781	-0.0122767	-0.00884298	0.0225283	-0.0208264	-0.0243062	-0.0119789	0.0481875	-0.000456636	-0.0129498	-0.00090856	-0.00565707	0.00226829	0.0230998	0.0566342	0.268693	-0.0586035	-0.0121137	
0.113713	0.0472144	0.173843	-0.010581	-0.0075075	0.0182834	-0.0208264	-0.0237466	-0.00200682	0.0479456	0.0015031	-0.012708	-0.00132154	-0.00615031	-0.00381608	-0.0103911	-0.00489182	0.00287187	0.0124532	0.058991	0.242785	-0.0609729	-0.00748984	
0.12441	0.0449674	0.184744	-0.00633031	-0.0113343	0.0183073	-0.0208264	-0.0241077	-0.00482103	0.0507811	0.00160043	-0.0139908	-0.00132154	-0.00167864	0.00542621	0.0336027	0.00357254	0.0170338	0.0533398	0.221116	-0.0536689	-0.0103576	
0.12222	0.0518546	0.150364	-0.0096587	-0.0129524	0.0220999	-0.0196426	-0.0236643	-0.00412856	0.0487443	0.00173129	-0.0135709	-0.000901647	0.00346893	0.00171166	-0.000663455	0.0227281	0.070055	0.278664	-0.0682894	-0.0112829	
0.118067	0.0490433	0.158891	-0.0113225	-0.00843543	0.0242679	-0.0204761	-0.0227586	-0.00140067	0.0484555	0.00185578	-0.0141423	-0.00245935	0.000363916	0.00704164	-0.00183152	0.0160781	0.0659539	0.268169	-0.0653225	-0.0118993	
0.109698	0.0371959	0.244281	-0.0129334	-0.00301353	0.0223312	-0.0218256	-0.0236077	-0.00747884	0.0484509	0.000107978	-0.015348	-0.00216119	-0.00464188	0.0135548	-0.000856386	0.0130592	0.0619284	0.226117	-0.0615059	-0.0132998	
0.118802	0.0423944	0.240065	-0.0073381	-0.0129234	0.0224515	-0.0203064	-0.0237096	-0.00553121	0.0540537	-0.00245318	-0.0132544	-0.000641925	-0.000597287	0.000435497	-0.00210811	0.0733517	-0.00919794	0.0101427	0.061354	0.269308	-0.0623638	-0.0123539	
0.0950722	0.0308491	0.227008	-0.0109723	-0.00348557	0.0237389	-0.0192803	-0.0249887	-0.00535213	0.0411566	-0.00183482	-0.0102992	0.00194006	-0.00166286	0.00140838	-0.000918533	0.0120409	0.0561232	0.257759	-0.0569131	-0.0136388	
0.123875	0.0355901	0.115373	-0.00798463	-0.00972418	0.0167479	-0.0195878	-0.0246718	-0.00286537	0.0419353	0.000436761	-0.0104962	0.00163257	0.00210274	-0.000868708	0.00273785	0.0169152	0.0526908	0.263516	-0.0550952	-0.0139977	
0.109917	0.0237311	0.205722	-0.00796608	0.00226718	0.0232149	-0.0192808	-0.0248951	-0.00849893	0.0436373	-0.00271748	-0.0125432	0.000626671	-0.00313804	0.00218848	-0.00183529	-0.0127347	0.0173596	0.0554651	0.261685	-0.0553719	-0.0154763	
0.121491	0.0256538	0.169385	-0.00753849	-0.006268	0.0191913	-0.0192832	-0.0248951	-0.010459	0.0468978	-0.000626008	-0.0118863	0.00128359	-0.00921895	0.00501248	0.00138919	0	0.00999065	0.0123708	0.0563781	0.264272	-0.0568661	-0.0148458	
0.116914	0.0270971	0.138138	-0.00993205	-0.00370187	0.0192232	-0.0187202	-0.0244818	-0.0140094	0.0452722	0.00521583	-0.00969769	0.00133588	-0.00039957	0.00232324	0.00177858	0	-0.00840799	0.0259777	0.0547525	0.318044	-0.0577625	-0.016243	
0.129687	0.0255074	0.156855	-0.0079939	-0.00927643	0.0281192	-0.0203536	-0.0244095	-0.00986208	0.0449307	-0.000192457	-0.011267	-0.000233428	-0.000492231	0.00523702	-0.00624858	-0.0108321	0.000363944	0.0614132	0.0172507	0.0547525	0.318108	-0.0581974	-0.0164907	
0.128873	0.029094	0.193603	-0.00968141	-0.0149367	0.0209937	-0.0192176	-0.0244778	-0.00544024	0.0487591	-0.00188428	-0.0112776	0.000686259	0.0014307	0.00525056	7.01946e-05	0.0441802	0.0479441	0.0149563	0.0558602	0.294049	-0.0574964	-0.0143083	
0.119308	0.0252237	0.106143	-0.00398866	-0.010546	0.0190646	-0.0191277	-0.0253842	-0.00577253	0.0450353	0.00321009	-0.00954561	0.00166658	-0.00549444	-0.00199193	0.00192528	-0.00375027	0.00285462	0	0.018893	0.0625922	0.27055	-0.0651087	-0.0151079	
0.128488	0.0227067	0.141659	-0.00779065	-0.0117505	0.019798	-0.019563	-0.0250093	-0.0109548	0.0458371	0.00358496	-0.0107827	0.000856425	-0.00337476	0.00152733	0.0011919	0.0166431	0.058059	0.378507	-0.0604092	-0.0164898	
0.14496	0.030575	0.165678	-0.00960071	-0.0120585	0.0207671	-0.0193464	-0.0258227	-0.0132737	0.052102	-0.00327797	-0.0114221	0.00132446	-0.0115298	0.0037956	0.0033011	0.0216105	0.058915	0.296925	-0.0613295	-0.0156737	
0.147343	0.0275152	0.235579	-0.010023	-0.0156586	0.0257965	-0.0215094	-0.0253346	-0.0109861	0.0569125	0.00388039	-0.0135563	-0.000963079	-0.00517829	0.00561922	-0.00459375	0.0147029	0.0567925	0.294622	-0.0587385	-0.0145288	
0.113309	0.023265	0.125381	-0.00505171	-0.0196649	0.0198033	-0.021385	-0.0245375	-0.00741968	0.0466368	-0.00411516	-0.0135563	-0.00180055	0.000180869	0.00224943	0.00377489	0.012916	0.0620783	0.25811	-0.0635547	-0.012707	
