0.045005	-0.0495091	-0.190272	-0.0026974	-0.103581	-0.0379689	-0.0088608	-0.0968076	-0.0439599	0.404368	-0.0022306	-0.201499	0.00046396	-0.0197588	-0.169575	-0.0261079	-0.0397212	-0.0003549	-0.0970924	0.102969	0.234888	-0.0437258	-0.0061899	-0.0660219	-0.0357828	-0.016028	0.0098094	-0.173919	-0.0611105	-0.0059906	-0.104853	0.0393504	-0.191647	0.0319143	0.011904	-0.045262	-0.0354462	0.370037	-0.0100294	-0.088841	0.0644944	-0.0331354	0.168716	-0.134465	0.0327683	0.0086605	0.0367616	-0.0253572	-0.0438653	-0.173241	-0.198558	-0.241407	0.24089	-0.0655209	0.0055856	0.00635829	-0.0213719	-0.0578265	0.0554397	-0.054359	0.0036359	-0.0262769	-0.131489	-0.0331848	-0.025536	-0.0820799	-0.0950587	0.0112139	-0.151328	-0.046011	0.0921803	-0.103225	-0.0278346	0.0174968	-0.0967255	0.0017027	-0.0377074	-0.0108753	
0.0400949	-0.0495071	-0.185171	-0.0026974	-0.103581	-0.0245217	-0.0109622	-0.0499036	0.327933	0.165984	0.00531369	0.00217437	-0.158968	-0.0948884	0.0137395	0.0993696	-0.042002	-0.104853	-0.199065	-0.196462	-0.00538835	-0.025779	0.148319	0.0274958	-0.118389	0.158882	-0.0271165	0.128638	-0.0651085	0.0388564	-0.000275	-0.0169276	-0.0384659	0.0671344	-0.0262769	-0.104203	-0.0281644	-0.0128206	-0.0865563	0.014876	-0.151328	0.0921803	-0.0991512	
0.0400949	-0.0502111	-0.192476	-0.0118802	-0.0429619	-0.0274672	0.0409211	0.0601177	-0.0474147	0.0100759	-0.20667	-0.165653	-0.0404086	-0.0385088	0.063893	0.190726	0.236201	-0.154296	0.178728	0.0103705	0.0657819	0.0180442	0.0432202	-0.0292981	0.114409	-0.0139606	-0.104853	-0.186521	0.0099636	0.116547	-0.106549	0.0715254	
0.0400469	-0.050291	-0.193027	-0.00566694	-0.0442132	-0.034429	0.0123595	0.17312	-0.114571	0.132649	-0.204277	0.0788175	0.00215033	0.0871084	-0.175996	-0.156881	0.189826	-0.0318603	0.046726	0.00225408	-0.21396	-0.208049	0.0123231	0.0954006	-0.0213559	
0.0387413	-0.0519328	-0.182486	-0.00778651	-0.0431563	-0.0249119	0.0237075	0.0789153	-0.107518	-0.0132422	-0.187574	-0.0016418	0	-0.00493712	0.0739879	-0.00579164	-0.169003	0.037538	-0.148186	0.140494	-0.0352169	0.114604	0	0	-0.185577	0.00821663	0.0413472	-0.206954	
0.047905	-0.0519328	-0.21569	-0.00762802	-0.0274621	-0.0267749	0.0190245	0.0400916	-0.12273	-0.194951	-0.208695	0.000939863	0.0400457	-0.00970271	0.0546764	0.0119274	-0.186234	0.00792647	-0.163705	0.188632	-0.034101	0.108987	0	-0.222473	0.0254572	
0.0479019	-0.051374	-0.186793	0.0078512	-0.0362992	-0.0395774	0.0269779	0.0478467	-0.0904945	-0.16754	0.0102853	0.0743052	-0.0132019	0.123735	-0.196568	-0.0807544	0.115381	-0.17417	0.00947252	-0.190736	-0.137803	0.0915488	-0.0353986	0.0962608	
0.0479019	-0.0518071	-0.186523	0.00372854	-0.041067	-0.0240538	0.0196429	0.123066	-0.0872535	-0.163841	0.0127688	0.0499968	-0.0151996	0.127904	-0.193327	0.210908	0.123054	0.0439759	-0.162545	0.0153065	-0.184724	-0.134562	0.184297	-0.0355498	
-0.0515564	-0.186892	0.00986604	0.0431742	-0.0325938	0.0134464	0.15196	-0.114927	-0.183499	0.00378216	0.0282074	-0.0162819	0.195478	-0.100533	0.189914	-0.156484	0.166094	-0.194377	0.109217	-0.204467	0.0409422	-0.034291	
-0.0363894	-0.0512458	-0.194613	-0.0041935	0.0421439	-0.0278048	0.0064517	0.0329511	-0.108417	-0.181605	0.00876785	0.0309735	-0.00981145	0.232741	-0.100511	0.0962255	-0.149974	0.0742588	-0.182222	-0.000256915	0.131906	-0.203643	0.0196667	
-0.0340913	-0.0488705	-0.194582	0.00409541	0.0376153	-0.0286518	0.00961818	0.076795	-0.105885	-0.178342	0.0100123	0.0433204	-0.0118043	0.176909	-0.20897	0.0401994	-0.152349	0.153846	-0.184593	0.156	-0.201893	0.036896	
-0.0518324	-0.220461	-0.0077183	0.053105	-0.029846	0.00987333	-0.0332571	-0.123359	-0.197529	0.00943171	0.0972614	-0.00359211	0.112057	-0.226455	0.0608336	-0.166861	0.0890222	-0.184975	0.0863968	-0.221531	0	0.0118539	
0.0195255	-0.0518324	-0.200491	-0.0179604	0.0455468	-0.0260855	0.00750955	-0.0316385	-0.106833	-0.180156	0.00813148	0.0581641	-0.0143067	0.16479	-0.209919	0.0346287	-0.150336	0.0691481	-0.164128	0.106088	-0.206008	-0.0816768	
0.0139778	-0.0522332	-0.178361	0.0040854	0.0464609	-0.0220018	0.034536	-0.0344611	-0.0961335	-0.171038	0.0080797	0.114051	-0.0190902	0.121018	-0.200777	0.0714611	-0.141218	0.0791867	-0.15129	0.18853	-0.196361	0.0062549	
0.00963819	-0.0504464	-0.156727	-0.0090047	0.0544405	-0.0285759	0.017254	-0.0295335	-0.103861	-0.176738	0.0108112	0.045642	-0.0133047	0.247661	-0.209775	0.0698362	-0.151501	0.0621341	-0.204114	-0.0284904	0.132104	0.0215504	
0.0201152	-0.0497659	-0.173406	0.0140377	0.0413091	-0.0193174	0.0350157	-0.0296972	-0.111334	-0.187971	0.00669889	0.0879795	-0.0130277	0.154052	-0.219387	0.0700112	-0.161297	0.0851181	-0.214776	0.120983	-0.0814995	
0.0238007	-0.0502848	-0.166999	0.00253555	0.0403596	-0.0305655	0.0963617	-0.0296972	-0.098839	-0.180803	0.0106961	0.0527632	-0.010605	0.192629	-0.208388	0.0561903	-0.150299	0.0714281	-0.20407	0.0891563	0.025866	-0.000192406	-0.00918145	
0.0116231	-0.0502848	-0.151838	-0.189689	0.0426511	-0.0208523	0.129463	-0.0281451	-0.0870381	-0.162654	0.00543487	0.0665235	-0.0076614	0.163625	-0.196587	0.0682398	-0.138498	0.075221	0.0802963	0.00408692	
-0.0502848	-0.161195	-0.188018	0.0426943	-0.0196331	0.0181474	-0.0306395	-0.0884762	-0.163516	0.00531577	0.0141576	-0.00188187	0.140884	-0.19657	0.145635	-0.138498	0.0836987	0.113769	-0.0161414	
-0.0507642	-0.212759	0.0502149	-0.0256967	0.0289221	-0.0368099	-0.107964	-0.181004	-0.178832	0.0057289	-0.00567968	0.17011	-0.217456	0.255225	-0.159386	0.0530212	0.200916	-0.0412871	
-0.0354091	0.132555	-0.215625	0.0454103	-0.0499924	0.0152504	-0.028423	-0.115765	-0.192922	-0.182769	0.0157195	0.00674883	0.13591	-0.221395	-0.0319264	-0.163326	0.0937106	0.191776	
-0.0185366	0.107282	0.126805	-0.210238	0.0419452	-0.0505744	0.0164782	-0.0304267	-0.114917	-0.18548	-0.181888	0.00269208	0.00295875	-0.221639	-0.0273527	-0.163521	0.0339825	0.173339	-0.00200497	
-0.0277563	0.107772	0.0666371	-0.196994	0.04882	-0.0505942	0.0229944	-0.03443	-0.100379	-0.169464	-0.175992	0.00659763	0.00223056	-0.203655	-0.022373	-0.145621	0.0987173	0.102477	
0.0311188	0.186316	0.0785107	-0.199469	0.0487029	-0.0495969	0.0161198	-0.031821	-0.101742	-0.17673	-0.175912	0.010399	0.0112301	-0.204762	-0.0331927	-0.14621	0.0298917	0.147025	0.0440945	-0.0558653	
-0.0417813	0.179147	0.139496	-0.201309	0.052001	-0.0494393	0.0169666	-0.0267361	-0.105847	-0.177828	-0.186176	0.0052695	0.00197403	-0.208819	-0.0380658	-0.150963	0.0580575	0.310377	
-0.0424887	0.222307	0.056941	-0.201196	0.0390773	-0.0511606	0.0194378	-0.0364921	-0.105409	-0.167043	-0.171892	0.00668817	0.00973901	-0.208819	-0.0379441	-0.149158	0.0806974	0.129291	
0.0349572	0.200179	0.209246	-0.178713	0.0461518	-0.0513997	0.0130031	-0.0311589	-0.0898958	-0.149281	-0.154515	-0.00202756	-0.00371588	-0.193793	-0.0345167	-0.134132	0.0248671	0.17147	
0.00743244	0.0952019	0.0895556	-0.182961	0.0485646	-0.0520423	0.0195985	-0.0288227	-0.0906357	-0.158556	-0.167953	0.00349582	-0.00371588	-0.193822	-0.0283805	-0.134132	0.0550111	0.14467	
-0.0494658	0.196592	0.0374948	-0.194149	0.044252	-0.0520283	0.00665215	-0.0349759	-0.0980114	-0.168622	-0.176933	-0.00519459	0.0172951	-0.207322	-0.0327215	-0.147679	0.0882159	0.143062	
-0.0599521	0.0892932	0.233165	-0.195227	0.0415919	-0.0541618	0.0163248	-0.031503	-0.102734	-0.157962	-0.172488	-0.00208095	0.00607489	-0.207426	-0.0402997	-0.14589	0.0694352	0.121466	0	
-0.0761831	0.117707	0.081448	-0.193101	0.0364944	-0.0533463	0.0104003	-0.0296221	-0.100529	-0.164326	-0.173546	-0.00172667	-0.0198201	-0.205222	-0.0347859	-0.143685	0.0831644	0.0890559	
0.0184846	0.0823456	0.105144	-0.193922	0.036469	-0.0542129	0.00507832	-0.0337546	-0.0979142	-0.156899	-0.166526	0.00431267	0.00587456	-0.202487	-0.0388182	-0.14107	0.0961647	0.0791062	-0.0120886	-0.0204369	0	
-0.0649597	0.0631485	0.112502	-0.212915	0.0381721	-0.0530098	0.0184487	-0.0301839	-0.120921	-0.177198	-0.182881	0.00182526	-0.00721487	-0.220674	-0.0338889	-0.15923	0.0644929	
-0.0264236	0.111403	0.075471	-0.191203	0.0385376	-0.0527768	0.00900638	-0.0385799	-0.103247	-0.160529	-0.162544	-0.00499508	-0.0133294	-0.205243	-0.0409676	-0.143799	0.127627	-0.000990711	0	
-0.0217491	0.19543	0.0464514	-0.188497	0.0373709	-0.0539758	0.0113685	-0.0382706	-0.0929462	-0.154899	-0.156459	-0.00290328	-0.00230547	-0.199624	-0.0403441	-0.138073	0.0964752	-0.034269	0.0355179	
-0.00634903	0.159381	0.145496	-0.21546	0.0410145	-0.052764	0.00624994	-0.0394177	-0.118996	-0.178234	-0.18977	0.00205464	-0.0102069	-0.223265	-0.0408351	-0.161714	0.204108	-0.0692825	0.0240215	
-0.024587	0.127776	0.0590071	-0.211401	0.0403449	-0.0508719	0.00732734	-0.0365191	-0.130466	-0.195629	-0.196657	-0.0055646	0.00452483	-0.228696	-0.039862	-0.170168	0.259343	-0.0321367	
0.0106901	0.203448	0.168532	-0.200944	0.0408173	-0.0500747	0.0121044	-0.0369915	-0.119046	-0.173899	-0.187793	-0.00563363	0.0171331	-0.217214	-0.0382176	-0.158749	0.0961827	-0.0784057	
-0.0527979	0.0826399	0.0661238	-0.202787	0.0427846	-0.050231	0.0149832	-0.0324405	-0.117167	-0.185484	-0.191442	-0.00577386	0.0101324	-0.217257	-0.031763	-0.158791	0.127743	
-0.0115162	0.114564	0.0893575	-0.204727	0.0426086	-0.0495578	0.0134262	-0.0380048	-0.122056	-0.173566	-0.18914	-0.000544329	0.0114169	-0.218286	-0.0377954	-0.159723	0.189701	
-0.0252045	0.106538	0.0658557	-0.214285	0.0377376	-0.0508565	0.0299383	-0.0405502	-0.136329	-0.188312	-0.202049	-0.00403224	-0.00404297	-0.228658	-0.031755	-0.169788	0.162525	0.0553067	
-0.015728	0.0531278	0.0669305	-0.202479	0.0378587	-0.0510069	0.0117973	-0.038423	-0.10999	-0.175544	-0.182737	-8.10252e-05	-0.0138504	-0.214668	-0.0355112	-0.155765	0.157465	
-0.0173232	0.0781638	0.0436165	-0.185678	0.0365899	-0.0530014	0.0130246	-0.0385815	-0.106732	-0.161551	-0.147913	-0.0104249	0.00510318	-0.205348	-0.0336306	-0.144889	0.138173	0.104319	-0.144889	0	
-0.0400858	0.0614386	0.127167	-0.187887	0.038322	-0.049115	0.014565	-0.037321	-0.113351	-0.164478	-0.172409	-0.0106798	0.00674865	-0.208916	-0.0310228	-0.152077	0.0839774	0	
0.029435	0.0858608	0.0942913	-0.183185	0.0430841	-0.0497543	0.00735708	-0.033737	-0.109339	-0.160234	-0.16631	-0.0122064	0.00710144	-0.204987	-0.0336964	-0.146589	0.193479	
0.066582	0.0442264	0.0989715	-0.182421	0.0382504	-0.0520371	0.00695817	-0.0391047	-0.107661	-0.16877	-0.170102	-0.00934597	0.00275532	-0.204866	-0.0292727	-0.145699	0.113147	-0.131191	-0.055933	
-0.0165055	0.027628	0.178649	-0.19847	0.0465286	-0.0512123	0.0134555	-0.0361623	-0.113544	-0.170258	-0.187299	7.55524e-05	-0.0172207	-0.208677	-0.0229433	-0.14951	0.140991	0	-0.187299	0.0398864	
-0.0554494	0.0445755	0.0779826	-0.214483	0.039493	-0.0516588	0.00933555	-0.035653	-0.131512	-0.191914	-0.226765	-0.00168911	0.00214525	-0.195914	-0.0309673	-0.167632	0.132162	-0.0013799	
-0.0381213	0.129224	0.212019	-0.210354	0.035802	-0.0515138	0.00265324	-0.0363827	-0.117626	-0.1877	-0.226825	-0.00410647	-0.00182736	-0.195191	-0.0254912	-0.167632	0.242783	
-0.00148776	0.0209371	0.0758308	-0.199373	0.0405797	-0.0517647	0.0272838	-0.0358957	-0.110032	-0.174637	-0.211574	0.000227256	-0.0030012	-0.1759	-0.0307556	-0.152539	0.21507	-7.97894e-05	
-0.0541278	0.0376991	0.0568701	-0.181692	0.0426097	-0.0508877	0.0164122	-0.0290862	-0.0938483	-0.154415	-0.195579	-0.000945607	-0.00886893	-0.177488	-0.0342829	-0.136521	0.236269	0.000553688	
-0.039597	0.0554275	0.0788271	-0.204281	0.0443833	-0.0521026	0.0152875	-0.0315197	-0.114909	-0.179408	-0.215637	0.00510266	0.0124077	-0.19091	-0.0358992	-0.155656	0.0982934	-0.0263425	0.065055	
-0.0494004	0.0462272	0.061088	-0.20483	0.0450281	-0.0517001	0.0113864	-0.035109	-0.120061	-0.178176	-0.219866	-0.00362985	-0.00887663	-0.181265	-0.0261022	-0.159901	0.150023	-0.0473711	-0.00664863	
-0.0606633	0.0378759	0.0812773	-0.19027	0.0437152	-0.0499245	0.0157216	-0.0302608	-0.0961549	-0.16004	-0.197311	0.00775327	-0.00694525	-0.171325	-0.0382355	-0.139332	0.149896	-0.0381173	0.0165423	0	0	
-0.00995985	0.0471613	0.0926841	-0.188476	0.0435649	-0.0506986	0.0101554	-0.032088	-0.0953896	-0.161468	-0.196572	0.00412273	-0.000780158	-0.175972	-0.0311173	-0.138587	0.160952	-0.0183143	0.000570165	-0.00380392	-0.0443591	0	
0.024736	0.0514735	0.12077	-0.193396	0.0434681	-0.0535252	0.0282906	-0.0319861	-0.0888972	-0.157977	-0.196524	0.0109285	-0.00744788	-0.169106	-0.0377376	-0.136566	0.148985	-0.0402375	0.0225912	
-0.00898511	0.120824	0.0941096	-0.180165	0.0371666	-0.0528991	0.0764512	-0.0322953	-0.079747	-0.142051	-0.187373	0.00609242	-0.00258087	-0.158727	-0.0282189	-0.127416	0.150685	-0.0330078	0.0365125	0.016027	
-0.0600637	0.0453118	0.0329668	-0.213489	0.0367603	-0.0529136	0.022982	-0.0276297	-0.119128	-0.184547	-0.221687	0.00233945	0.00489579	-0.180561	-0.036075	-0.162441	0.190831	-0.0397106	-0.000498481	
-0.0558507	0.104922	0.0548221	-0.208344	0.0387934	-0.0523557	0.0180522	-0.0299974	-0.123803	-0.184374	-0.221158	0.00197094	-0.0112557	-0.196449	-0.0395568	-0.161925	0.179606	-0.026794	-0.0174264	
-0.0184877	0.0809783	0.105492	-0.196964	0.0411136	-0.050185	0.0625655	-0.0356391	-0.10615	-0.15812	-0.203596	0.00623648	0.000555236	-0.17812	-0.0274839	-0.145175	0.167816	-0.0433396	0.00754157	-0.0581812	0.0210271	
0.00161051	0.187646	0.0727416	-0.216165	0.033801	-0.0511562	0.0141652	-0.0379766	-0.127822	-0.176229	-0.22106	0.0112376	-0.0121593	-0.194917	-0.03276	-0.16259	0.128298	-0.0399221	0.00216379	
0.00989982	0.257612	0.035024	-0.19857	0.0328479	-0.0507818	0.0320421	-0.0370976	-0.111449	-0.150692	-0.204687	0.0045142	-0.00626686	-0.168502	-0.0316992	-0.146217	0.21304	-0.0314961	
-0.00384305	0.0836104	0.143218	-0.208777	0.0436707	-0.0510087	0.0817813	-0.0322664	-0.121075	-0.176923	-0.214261	0.00523125	0.00918309	-0.18901	-0.0311743	-0.155843	0.159406	0.0235422	-0.000566806	-0.0189979	0.0133005	0	
-0.0325667	0.14061	0.0900713	-0.177645	0.0385228	-0.0511121	0.0309737	-0.0369134	-0.0922751	-0.155855	-0.191615	-0.0035738	-0.00663777	-0.163863	-0.0349998	-0.132377	0.215365	-0.0132751	
-0.0413624	0.0755724	0.0638839	-0.200922	0.0414975	-0.0519979	0.0111941	-0.0370179	-0.108973	-0.169643	-0.208339	0.00924467	0.00519109	-0.181441	-0.0348357	-0.149075	0.109549	-0.0345819	0	
-0.0476548	0.0208924	0.213893	-0.193285	0.0351069	-0.05135	0.0275334	-0.0374629	-0.10294	-0.163898	-0.202216	0.00393296	-0.00458225	-0.174789	-0.0318796	-0.143043	0.120273	0.0362999	-0.147682	0.0662486	
-0.0366509	0.0775459	0.0952433	-0.217708	0.0445007	-0.0512248	0.0238733	-0.0369146	-0.124912	-0.184504	-0.224238	0.00353687	-0.0100996	-0.19505	-0.022266	-0.165014	0.15689	-0.0237233	0	
-0.0973939	0.091456	0.190018	-0.205436	0.0447843	-0.0509563	0.0193278	-0.036133	-0.118097	-0.171009	-0.213244	0.00368726	-0.00978718	-0.180018	-0.0170811	-0.154021	0.120778	0.0110442	0	
-0.0761542	0.0948711	0.145331	-0.186489	0.0504171	-0.0512278	0.010614	-0.0388281	-0.104173	-0.154916	-0.195281	0.00382553	-0.00710805	-0.158412	-0.0307783	-0.136016	0.244079	
-0.0329129	0.11094	0.141437	-0.192935	0.0422055	-0.0500655	0.0136978	-0.0360752	-0.106949	-0.164518	-0.203819	0.00339244	-0.00366348	-0.175322	-0.0267385	-0.145825	0.24825	
-0.0193133	0.103747	0.121456	-0.194767	0.0486046	-0.0498993	0.0250733	-0.0365648	-0.103948	-0.157302	-0.199405	0.00711421	-0.00608553	-0.16286	-0.0315757	-0.140811	0.194247	0.000431582	0.0489395	
0.0375377	0.0980868	0.146246	-0.192428	0.0414693	-0.0502676	0.0511302	-0.0317114	-0.106484	-0.156086	-0.20185	0.00247094	0.00158016	-0.17669	-0.0336197	-0.142399	0.234091	
-0.0715576	0.036377	0.0780638	-0.212847	0.0396622	-0.0516539	0.170298	-0.0337242	-0.116629	-0.167887	-0.218249	0.00481292	-0.0197837	-0.185651	-0.0382214	-0.158753	0.185465	-0.194258	-0.0750715	-0.0191756	0	
-0.0420604	0.084077	0.0371808	-0.204393	0.0353907	-0.0518591	0.0188341	-0.0396227	-0.108778	-0.170066	-0.210083	0.00581654	-0.00554486	-0.176124	-0.0355755	-0.150531	0.17868	
-0.02171	0.0963544	0.0688232	-0.207252	0.0382858	-0.0519684	0.0358417	-0.037612	-0.112132	-0.171464	-0.213669	0.0111036	-0.00858533	-0.184649	-0.0378247	-0.154277	0.19853	
-0.0894695	0.179918	0.245242	-0.221456	0.0439146	-0.0526606	0.0312785	-0.0349859	-0.129672	-0.187883	-0.231273	0.004133	-0.00281163	-0.213115	-0.0367567	-0.171817	0.153416	
-0.0393108	0.0540895	0.054245	-0.223174	0.0473925	-0.0513117	0.0486449	-0.0387221	-0.128703	-0.180291	-0.232195	0.00350086	-0.00418691	-0.203351	-0.039453	-0.172739	0.318615	
-0.0367707	0.0485378	0.0326899	-0.219791	0.0442751	-0.0519146	0.0397552	-0.0370693	-0.1244	-0.187152	-0.228033	0.00151944	-0.00440666	-0.190338	-0.0366875	-0.168577	0.204056	0	
-0.0613452	0.0663353	0.0381138	-0.221612	0.0513835	-0.0521229	0.0270892	-0.0379173	-0.126168	-0.181987	-0.228033	0.0028768	0.0112286	-0.194291	-0.00794063	-0.168577	0.193618	0	0.102696	0	0.0335991	
-0.0377803	0.0678166	0.0751184	-0.219746	0.0466365	-0.049931	0.0129202	-0.0347009	-0.130792	-0.175655	-0.228033	0.00543135	0.017903	-0.198573	-0.0326223	-0.170769	0.110709	0	-0.0470051	
-0.0700204	0.0998802	0.216246	-0.217633	0.0568638	-0.0504776	0.0174942	-0.0332456	-0.127395	-0.180407	-0.22915	-0.000297836	0.00843654	-0.19697	-0.0299324	-0.171886	0.152919	0.163652	
-0.0571732	0.0773007	0.0298089	-0.219035	0.0467322	-0.0519011	0.0388198	-0.0396373	-0.129523	-0.183318	-0.227358	0.00261896	0.0147777	-0.192163	-0.0348661	-0.168213	0.268079	-0.0429436	
-0.0395631	0.0446091	0.0743116	-0.205218	0.0513675	-0.0518834	0.0293535	-0.0361031	-0.116172	-0.15966	-0.21204	0.00399524	0.0270446	-0.183768	-0.0303303	-0.152869	0.202357	
-0.0406841	0.100354	0.148925	-0.225542	0.0620564	-0.0518593	0.0876128	-0.0351779	-0.139518	-0.195649	-0.233997	0.00692627	0.0154635	-0.191429	-0.0240089	-0.174818	0.154945	
-0.0248833	0.0465597	0.0662296	-0.210157	0.0472742	-0.0506212	0.0313691	-0.0328086	-0.122199	-0.176492	-0.219795	0.000959145	0.00547086	-0.191932	-0.0167765	-0.161624	0.184085	0.0107642	-0.113858	
-0.0378945	0.0230464	0.0790478	-0.197041	0.0522722	-0.0505789	0.0339318	-0.0323842	-0.11337	-0.168219	-0.213347	-0.00406303	0.00460003	-0.187878	-0.0252043	-0.154885	0.294987	-0.102834	
-0.0617239	0.0737604	0.093759	-0.200184	0.0535061	-0.0505374	0.0093353	-0.0341748	-0.116626	-0.169805	-0.215394	-0.00343846	0.0138805	-0.19538	-0.0356965	-0.157901	0.281406	-0.0293173	0	
-0.0397469	0.0507429	0.0306559	-0.202943	0.0552144	-0.0499427	0.0306286	-0.0367328	-0.121051	-0.177489	-0.215891	-0.00340686	0.0116398	-0.182978	-0.0352399	-0.158398	0.143824	0.01259	
-0.0878258	0.0410469	0.0481592	-0.207183	0.049333	-0.0488608	0.0376666	-0.0330445	-0.126701	-0.178166	-0.221513	-0.00041526	0.0105777	-0.14982	-0.0240635	-0.165163	0.203873	-0.0144181	
-0.0279677	0.0895552	0.0322744	-0.19395	0.0567446	-0.0513737	0.0305731	-0.037102	-0.112926	-0.166723	-0.208494	-0.00444404	0.00739832	-0.174727	-0.0195975	-0.150059	0.268634	0	
-0.00903918	0.150866	0.0678814	-0.192011	0.0623205	-0.0517828	0.0325848	-0.0369858	-0.108483	-0.166943	-0.208467	-0.00440787	0.0190479	-0.160025	-0.0337957	-0.150032	0.141748	
-0.0345803	0.0318411	0.0458542	-0.197239	0.0529422	-0.0508809	0.0872486	-0.0381301	-0.109489	-0.169278	-0.208463	0.00230888	-0.00688721	-0.171328	-0.0243847	-0.150032	0.209372	
-0.0433916	0.0194748	0.0801635	-0.202109	0.0460108	-0.0511446	0.0843095	-0.0393583	-0.110196	-0.170604	-0.208463	0.00742426	0.0161853	-0.182629	-0.0331217	-0.150032	0.28637	-0.0179999	0	
-0.0705604	0.0574874	0.115688	-0.197306	0.0462568	-0.0518878	0.030566	-0.0403398	-0.102863	-0.169362	-0.205498	0.0064687	0.0186413	-0.162984	-0.0139677	-0.147067	0.281839	
-0.0175339	0.129372	0.0557629	-0.198819	0.0478225	-0.0510278	0.0385155	-0.0368773	-0.109271	-0.168633	-0.205594	0.00988428	0.0137241	-0.164319	-0.0291564	-0.147163	0.155571	
-0.0838991	0.175588	0.0394787	-0.225719	0.0487444	-0.0525203	0.0568243	-0.0395149	-0.14139	-0.201417	-0.233637	0.00297647	-0.00872493	-0.198656	-0.0263636	-0.173605	0.0938306	-0.0254083	
-0.0101452	0.253914	0.0299414	-0.20073	0.0431501	-0.0507387	0.0368987	-0.0395801	-0.108094	-0.176553	-0.208315	0.00259722	0.0332407	-0.175115	-0.0287371	-0.150027	0.212641	0	0	
-0.0121045	0.211199	0.0721989	-0.195745	0.0460228	-0.0505623	0.0472943	-0.0374461	-0.108877	-0.173466	-0.20534	0.00152007	0.0071024	-0.152744	-0.0332933	-0.146913	0.137788	-0.0190417	
-0.0526158	0.0473058	0.0458451	-0.208492	0.0472301	-0.0505001	0.0589687	-0.0384526	-0.121726	-0.188694	-0.218189	0.00146722	0.00968647	-0.183712	-0.0228375	-0.159762	0.293189	
-0.0282643	0.139413	0.0470783	-0.218255	0.0481264	-0.0505001	0.0788693	-0.0359778	-0.130674	-0.194433	-0.227137	0.000873239	0.00714102	-0.186662	-0.0124133	-0.16871	0.117961	0	-0.06374	
0.0627119	0.169483	0.0333846	-0.185798	0.0498919	-0.0503235	0.0669348	-0.0370661	-0.0988236	-0.151457	-0.191269	0.00744955	-0.0059873	-0.144416	-0.0191623	-0.132792	0.148548	-0.0571167	
-0.0226604	0.107366	0.0501589	-0.203441	0.0572628	-0.0517228	0.0296198	-0.0406907	-0.115276	-0.170063	-0.209841	0.00740159	-0.0136357	-0.168068	-0.0212495	-0.150306	0.245	
0.00159403	0.0869476	0.0747088	-0.196104	0.0463309	-0.0501943	0.0367055	-0.0343545	-0.109736	-0.179657	-0.209835	0.00415976	0.0296945	-0.171114	-0.0262697	-0.151834	0.163048	-0.00438439	
-0.0725223	0.0238696	0.098581	-0.218142	0.04646	-0.0502419	0.0341093	-0.0365305	-0.127633	-0.189193	-0.224251	0.00527258	-0.00973273	-0.18398	-0.0136638	-0.166973	0.163441	
-0.0186581	0.0242482	0.0493601	-0.2341	0.0569208	-0.0506986	0.0744445	-0.0369869	-0.14555	-0.206344	-0.242202	0.00486951	0.0147864	-0.203754	-0.0201873	-0.184433	0.161741	0.127015	-0.000333719	
0.0306784	0.0305271	0.0493671	-0.209919	0.0538513	-0.0501625	0.0304503	-0.0401178	-0.119806	-0.179449	-0.216424	0.00878458	0.00952696	-0.157404	-0.0292336	-0.158381	0.154015	0	-0.0151341	
-0.0519848	0.0424557	0.166346	-0.212189	0.0513308	-0.0520102	0.036295	-0.0389273	-0.112799	-0.185581	-0.221601	0.00587705	0.0146099	-0.162319	-0.0187652	-0.162646	0.109758	
0.0218874	0.0819767	0.0816811	-0.207024	0.0477141	-0.0509692	0.0376232	-0.0334407	-0.111711	-0.171881	-0.211249	0.00542871	0.00436977	-0.156807	-0.0245857	-0.152832	0.136998	0.0318262	
-0.0369288	0.0650494	0.108967	-0.229298	0.0423146	-0.0511027	0.00800097	-0.0414281	-0.139716	-0.20107	-0.236453	0.00332122	0.0137433	-0.178676	-0.0249598	-0.177995	0.224073	0.0666941	
-0.0853968	0.0604403	0.242717	-0.23445	0.051148	-0.0501074	0.0070998	-0.0379687	-0.146291	-0.204654	-0.240029	0.0120759	0.0054282	-0.193542	-0.0247798	-0.181579	0.204018	0.000243278	0.0234532	
-0.0113208	0.115336	0.216673	-0.220398	0.0521017	-0.0503507	0.00874958	-0.0357207	-0.133569	-0.190878	-0.224517	0.00975842	0.00926145	-0.167686	-0.0190635	-0.16606	0.213831	0	-0.00399488	
-0.0190226	0.0547925	0.166552	-0.214866	0.0438857	-0.0500414	0.00582712	-0.034026	-0.121167	-0.191155	-0.221454	0.00604723	-0.000800128	-0.174783	-0.00868199	-0.164744	0.127122	0.139299	-0.00349219	-0.0175756	-0.0405688	
-0.0117161	0.0418762	0.148999	-0.217913	0.0504204	-0.0486	0.00872748	-0.0347396	-0.120978	-0.185853	-0.221645	0.0119813	-0.00417194	-0.186206	-0.0241169	-0.164893	0.215848	0.00739544	
-0.0596633	0.059593	0.149413	-0.218107	0.0492713	-0.0509503	0.00472478	-0.0382215	-0.120978	-0.19074	-0.221642	0.00976867	-0.000362393	-0.168382	-0.029032	-0.162789	0.247021	-0.0149972	
-0.06416	0.0808166	0.21665	-0.220456	0.0488811	-0.0498643	0.00805893	-0.0393947	-0.123115	-0.194319	-0.224644	0.00789296	0.00750249	-0.172623	-0.0229496	-0.166261	0.227309	-0.0241984	0	
-0.0697789	0.0168359	0.110169	-0.217441	0.0438945	-0.0502382	0.0069244	-0.0361391	-0.11683	-0.189764	-0.224666	0.00823906	0.0110144	-0.183392	-0.0311944	-0.16624	0.320815	-0.000524251	-0.000442411	
-0.0409836	0.0817584	0.139323	-0.203252	0.0438198	-0.0499122	0.00813443	-0.0398369	-0.111738	-0.184405	-0.216306	-0.00166695	0.0168329	-0.186297	-0.0305855	-0.157856	0.222796	
-0.0585728	0.0785596	0.181974	-0.216668	0.0520928	-0.0503801	0.00531608	-0.0399258	-0.124738	-0.192462	-0.22247	0.00662181	0.000416335	-0.174198	-0.0118014	-0.163904	0.102497	
-0.0985789	0.15286	0.0868761	-0.230638	0.045348	-0.048676	0.0060876	-0.040004	-0.140405	-0.196769	-0.235847	0.00841276	-0.00671698	-0.212792	-0.0211902	-0.178209	0.164679	
-0.0182905	0.0508907	0.158235	-0.216164	0.0489364	-0.0492717	0.00542042	-0.0376037	-0.124547	-0.191425	-0.224922	0.00391737	0.00590144	-0.180881	-0.0281061	-0.167255	0.175204	
-0.0519484	0.0742709	0.217976	-0.200686	0.0447852	-0.0499188	0.0144088	-0.0368629	-0.110459	-0.169784	-0.210819	0.00124697	0.0154981	-0.170433	-0.0234786	-0.152288	0.0865617	
-0.0450501	0.0710351	0.153272	-0.1975	0.0375206	-0.0498877	0.0162507	-0.0364789	-0.106207	-0.172611	-0.208138	0.00255527	-0.00448821	-0.163531	-0.018495	-0.149805	0.148247	
-0.0567128	0.04898	0.19611	-0.208782	0.0547893	-0.0477378	0.0161041	-0.0330439	-0.117188	-0.188459	-0.218455	0.0018157	0.00709149	-0.182857	-0.00177291	-0.162475	0.179301	-0.00155952	0.0522012	0	
-0.0212365	0.0560306	0.0777699	-0.191138	0.0538719	-0.050393	0.024596	-0.0341132	-0.103441	-0.179072	-0.204709	-0.00593717	0.011584	-0.121464	-0.0118436	-0.145982	0.137557	0.018197	
-0.0376416	0.0412565	0.0615532	-0.187741	0.0494932	-0.0499282	0.00918087	-0.0390151	-0.102783	-0.171946	-0.203882	-0.00319177	-0.0121515	-0.170426	-0.0213233	-0.144349	0.134784	0.00485489	-0.0189956	
-0.00741912	0.0318135	0.0601821	-0.176957	0.0534712	-0.0503594	0.0121632	-0.0418555	-0.0886377	-0.149356	-0.189726	-0.00393668	-0.00880869	-0.134151	-0.0137968	-0.130204	0.295374	
-0.0208917	0.0610453	0.0604817	-0.165678	0.0426927	-0.0508045	0.0174284	-0.040429	-0.0938206	-0.157668	-0.190621	-0.0139425	-0.00232318	-0.123569	-0.0253375	-0.131098	0.132864	0.0285538	
-0.0173092	0.0353825	0.116851	-0.171785	0.0436656	-0.0509839	0.0122211	-0.0362914	-0.0998536	-0.153257	-0.194715	-0.007843	0.0145492	-0.147896	-0.0164017	-0.135184	0.125541	-0.016107	0.0326512	-0.00408602	
-0.0311308	0.107446	0.132743	-0.178896	0.0449749	-0.050228	0.0171187	-0.0369544	-0.111514	-0.168422	-0.201993	-0.00918126	0.0105739	-0.154832	-0.00935771	-0.143381	0.110825	-0.0172214	
-0.0167868	0.0815973	0.061771	-0.181587	0.0467082	-0.0502934	0.00765631	-0.0419067	-0.10513	-0.167131	-0.201938	-0.00744503	-0.00226602	-0.127062	-0.0259458	-0.141992	0.113561	
-0.0460912	0.0384277	0.0780592	-0.176923	0.0435688	-0.0505039	0.0111893	-0.0398402	-0.0918022	-0.153804	-0.188629	-0.00153099	0.0227549	-0.140543	-0.016745	-0.128664	0.132852	0.06728	
-0.0460527	0.0391803	0.0538373	-0.171843	0.0523951	-0.052426	0.0117683	-0.0361142	-0.0881178	-0.15558	-0.184412	0.00144633	0.00117987	-0.136386	-0.0170044	-0.124359	0.095763	-0.0367062	-0.000346242	
-0.0545297	0.0843203	0.0767668	-0.204794	0.0548552	-0.0508274	0.0197696	-0.0412291	-0.119258	-0.178411	-0.218818	-0.000949796	0.00804607	-0.172291	-0.0131945	-0.15882	0.175065	-0.00831592	0.00675116	
-0.0398431	0.0669657	0.0538349	-0.180481	0.0554935	-0.0497243	0.0895636	-0.0379927	-0.111325	-0.171395	-0.204223	-0.0130346	-0.0181168	-0.158979	-0.0164836	-0.144808	0.18998	
-0.00404245	0.0554161	0.0562611	-0.199049	0.042454	-0.050391	0.0221728	-0.0419619	-0.12314	-0.180576	-0.212461	0.00489981	-0.0115489	-0.155017	-0.00942565	-0.152996	0.148892	0	
-0.0503116	0.0369501	0.0532371	-0.195958	0.0467222	-0.0525418	0.0296474	-0.0406623	-0.126969	-0.179366	-0.212461	-0.00381496	-0.0132825	-0.169976	-0.0233227	-0.151683	0.15203	
-0.0400388	0.0575077	0.0455841	-0.199833	0.0453742	-0.0526647	0.0220731	-0.0379353	-0.122842	-0.179061	-0.212419	-0.000934602	0.00309191	-0.165919	-0.030464	-0.151683	0.255149	
-0.0579675	0.26202	0.131082	-0.216732	0.048979	-0.049874	0.0165973	-0.0360795	-0.131307	-0.194983	-0.228358	0.00149828	0.013043	-0.193788	-0.000361209	-0.169381	0.149361	
-0.0596253	0.035272	0.121726	-0.197803	0.048979	-0.0498817	0.0216191	-0.0385015	-0.110707	-0.177405	-0.210062	0.00304818	0.00295211	-0.171206	-0.0245507	-0.150726	0.275521	0	
-0.0631155	0.0728748	0.170218	-0.197859	0.0479045	-0.0507164	0.0152437	-0.0372666	-0.106784	-0.18205	-0.208574	0.00837541	0.00948672	-0.156945	-0.0261598	-0.149208	0.14664	0	
0.0732095	0.0537476	0.12322	-0.189062	0.051925	-0.0508679	0.010321	-0.0384918	-0.101566	-0.173559	-0.204458	-0.00456019	-0.00534413	-0.164732	-0.0246369	-0.145251	0.15993	0.0111946	
-0.0305851	0.235603	0.132383	-0.203018	0.0514935	-0.0508151	0.0133279	-0.0352271	-0.113631	-0.187193	-0.221522	-0.00807263	-0.00248068	-0.186278	-0.0154987	-0.162373	0.178649	0.0895615	
-0.0210166	0.147588	0.0640033	-0.200608	0.0406178	-0.0510193	0.0168688	-0.037972	-0.117887	-0.184582	-0.215522	-0.00420471	0.00121733	-0.166747	-0.0170239	-0.156286	0.102456	
-0.0250366	0.0397465	0.125563	-0.184427	0.0575935	-0.050608	0.0148273	-0.0353009	-0.104602	-0.180106	-0.2099	-0.0119262	0.00157656	-0.149088	-0.0150053	-0.15075	0.119342	0	0.00754132	
-0.0573932	0.17621	0.186616	-0.196953	0.0417269	-0.050608	0.0241096	-0.0370053	-0.115062	-0.170842	-0.213754	-0.00691176	-0.00230503	-0.159905	-0.0177	-0.154566	0.212347	0	
-0.0451731	0.0746455	0.282531	-0.202776	0.0436135	-0.0504976	0.02669	-0.0315207	-0.119077	-0.177888	-0.217662	0.00517531	0.00389478	-0.1763	-0.0185587	-0.158581	0.117701	
-0.0638617	0.098566	0.178568	-0.176114	0.0454632	-0.052603	0.0160476	-0.0396909	-0.10365	-0.162395	-0.202337	-0.00271411	0.0033042	-0.149709	-0.021983	-0.142147	0.09221	-0.0242783	
-0.0268097	0.113832	0.180669	-0.172251	0.0370037	-0.0521886	0.0217241	-0.0373339	-0.0932249	-0.159055	-0.195663	-0.0102907	0.000234573	-0.151785	-0.00900792	-0.135474	0.249063	
-0.0391001	0.178523	0.164386	-0.180103	0.0476551	-0.0521886	0.0151374	-0.0382137	-0.0978108	-0.158165	-0.201702	-0.0101412	-0.023881	-0.174678	-0.0207475	-0.141582	0.153135	-0.048651	
-0.00296603	0.158786	0.0816557	-0.189791	0.0455324	-0.0512618	0.0228731	-0.0372463	-0.12255	-0.179189	-0.2233	-0.0198898	0.016237	-0.155275	-0.0168153	-0.163078	0.229981	
-0.0657302	0.142152	0.169309	-0.210524	0.0399652	-0.0492328	0.0171576	-0.0346554	-0.148224	-0.205589	-0.248966	-0.02482	0.00138339	-0.202239	-0.0231378	-0.191625	0.104775	-0.191535	
-0.0403905	0.0454361	0.130161	-0.20147	0.0463464	-0.0494232	0.037348	-0.0338576	-0.116339	-0.175229	-0.220411	-0.00623157	-0.0107416	-0.178885	-0.0192657	-0.163564	0.119896	
-0.0396734	0.115869	0.163242	-0.203797	0.0493184	-0.0525045	0.0122261	-0.0376135	-0.115836	-0.182696	-0.220464	-0.00205059	0.0064513	-0.176363	-0.0172847	-0.161218	0.0974051	0	
-0.0565194	0.105743	0.121858	-0.205406	0.0442794	-0.0496526	0.00871936	-0.0355408	-0.127081	-0.189585	-0.230103	-0.00961843	0.00449265	-0.200146	-0.0233558	-0.173221	0.13045	0.000536563	-0.0568824	-0.00571315	
-0.0949923	0.175806	0.349675	-0.22638	0.038162	-0.0507618	0.0100573	-0.0376701	-0.139191	-0.198828	-0.243032	-0.00461509	-0.00850758	-0.21142	-0.0182726	-0.184661	0.168562	-0.0283317	0.0200081	
-0.0478261	0.167145	0.224729	-0.227946	0.0434023	-0.0501542	0.00770246	-0.0351354	-0.137927	-0.198542	-0.243032	-0.00229066	-0.00892872	-0.203336	-0.0244231	-0.185058	0.172763	-0.0204156	0.0148579	0.0307021	
-0.0604265	0.102642	0.117505	-0.235347	0.0451555	-0.0518656	0.0205558	-0.0357162	-0.140698	-0.203141	-0.245803	0.000639703	-1.2962e-05	-0.206296	-0.0257094	-0.186045	0.0785294	0.00555048	-0.0393515	-0.199165	
-0.0637044	0.125618	0.0904311	-0.231413	0.0432606	-0.0527215	0.0142282	-0.0319371	-0.145907	-0.199968	-0.245803	-0.00349626	-0.00527835	-0.187005	-0.00722829	-0.186045	0.190033	-0.0117186	
-0.101554	0.0601408	0.157368	-0.21888	0.0454908	-0.0510493	0.031644	-0.0350914	-0.12828	-0.194552	-0.2325	-0.00135842	0.00766444	-0.185896	-0.0302937	-0.173268	0.190652	
-0.0269376	0.145285	0.0735797	-0.222427	0.0528808	-0.0511836	0.0195465	-0.030321	-0.120246	-0.189716	-0.231041	0.00149882	0.00351715	-0.195086	-0.0288435	-0.17165	0.214161	
-0.0578919	0.07572	0.113635	-0.226154	0.0416141	-0.0510263	0.0526196	-0.0326071	-0.127354	-0.194311	-0.230984	0.00681218	0.0213295	-0.18982	-0.0294062	-0.172633	0.0630486	-0.0235273	-0.0332816	
-0.0511709	0.0695145	0.101552	-0.215331	0.0514129	-0.0495664	0.0137158	-0.0326071	-0.128173	-0.173317	-0.224261	0.00109204	-0.00931486	-0.180642	-0.0107801	-0.165811	0.0976836	-0.167055	
-0.0570619	0.136235	0.0710451	-0.20576	0.0591263	-0.0505363	0.0236763	-0.0324611	-0.111711	-0.17859	-0.21194	0.00599184	0.00111699	-0.179338	-0.0237248	-0.15353	0.130284	0.0387048	
-0.0151463	0.139993	0.149421	-0.221192	0.0451854	-0.0524591	0.00782088	-0.034083	-0.139041	-0.192282	-0.226409	0.00733518	0.0192069	-0.171944	-0.0175826	-0.165971	0.138776	0	
-0.0550317	0.122051	0.108435	-0.196997	0.0435152	-0.0499902	0.0209087	-0.0332325	-0.101745	-0.168272	-0.204578	0.00291779	0.027248	-0.161444	-0.0220254	-0.146106	0.186182	
-0.0393696	0.0879563	0.109433	-0.206574	0.0484154	-0.0507873	0.0255917	-0.0304243	-0.114789	-0.178206	-0.214038	0.00303877	0.0124514	-0.149708	-0.0185608	-0.155566	0.104341	
-0.0239622	0.113428	0.152569	-0.189016	0.0435397	-0.051565	0.04123	-0.0330685	-0.0969446	-0.161451	-0.196209	0.00399573	0.00626591	-0.147204	-0.0323358	-0.137296	0.137138	-0.0010946	0.000450691	
-0.0485603	0.0639013	0.0607992	-0.202504	0.0409025	-0.0501025	0.0197604	-0.0371205	-0.110725	-0.17394	-0.210075	0.00417672	0.0329648	-0.167703	-0.0212183	-0.151315	0.090507	-0.0201872	0.000537792	0.0228023	-0.000243806	
0.00789871	0.0551458	0.16503	-0.185575	0.0388485	-0.0502566	0.016597	-0.037423	-0.0950715	-0.15776	-0.19499	0.000470679	0.0253102	-0.145322	-0.0268944	-0.136255	0.161249	0.00997688	0.0379017	
-0.0247953	0.190213	0.112681	-0.222088	0.045133	-0.0503842	0.0246733	-0.033811	-0.133153	-0.185159	-0.229356	0.00154544	0.0449257	-0.183074	-0.0227399	-0.170622	0.0830076	
-0.0415773	0.0678356	0.0371895	-0.200367	0.0436953	-0.0485283	0.0101047	-0.0376151	-0.105079	-0.166045	-0.205306	0.00575132	0.0409881	-0.164733	-0.0306032	-0.148655	0.246355	
0.0275076	0.0656196	0.0392634	-0.192916	0.0466642	-0.0504912	0.0134687	-0.0330037	-0.104434	-0.160865	-0.20317	0.00214328	0.0169273	-0.154903	-0.0335461	-0.144413	0.19953	
-0.0109951	0.042437	0.123641	-0.200059	0.043541	-0.0507578	0.0158609	-0.0372998	-0.110467	-0.171908	-0.206863	0.00354626	0.00473741	-0.164919	-0.0268924	-0.148251	0.0790661	
-0.00445177	0.0472449	0.0885162	-0.197115	0.0455141	-0.0507578	0.0364524	-0.0377885	-0.121389	-0.179423	-0.220017	-0.00937394	-0.0145771	-0.179082	-0.0337028	-0.161338	0.125153	0.0577958	
-0.0251784	0.0746481	0.0456116	-0.196914	0.0464601	-0.0503236	0.013779	-0.0374267	-0.108391	-0.174769	-0.20713	0.000104699	0.00845671	-0.164937	-0.0187574	-0.148775	0.0967272	
0.0112541	0.0437893	0.136974	-0.18204	0.0461552	-0.0500938	0.0428823	-0.0331264	-0.100528	-0.157127	-0.193161	0.00020524	-0.00371156	-0.14343	-0.0225128	-0.13459	0.125333	
0.0543208	0.0310353	0.103189	-0.182705	0.0511222	-0.0496138	0.0375598	-0.0276972	-0.104705	-0.166321	-0.20193	-0.00958314	-0.00711363	-0.174771	-0.0279566	-0.143397	0.145685	0	
-0.026108	0.0341069	0.0666425	-0.211215	0.0446206	-0.0506114	0.040235	-0.0300706	-0.135568	-0.190499	-0.229349	-0.00995858	-0.00818447	-0.187701	-0.0216076	-0.170817	0.0965254	0.000161207	
-0.0121696	0.129695	0.0570451	-0.197265	0.0502496	-0.049505	0.0386284	-0.0313211	-0.12146	-0.182899	-0.214363	-0.0035631	0.00564542	-0.166989	-0.0346486	-0.155771	0.155641	
-0.0568771	0.103469	0.137267	-0.192533	0.0477587	-0.0505698	0.0291043	-0.0316819	-0.130005	-0.175206	-0.218518	-0.00967748	-0.0131821	-0.166554	-0.0125233	-0.160186	0.165766	
0.0221215	0.0626349	0.044387	-0.177685	0.0470771	-0.0508574	0.0381078	-0.0318276	-0.121729	-0.178537	-0.216076	-0.0269909	-0.0126614	-0.163154	-0.0308232	-0.157621	0.130988	0	
0.00984432	0.155218	0.0493521	-0.206639	0.043898	-0.0503432	0.0232907	-0.0322725	-0.128648	-0.191424	-0.220649	-0.00345771	0.0118101	-0.179312	-0.0119152	-0.163121	0.228849	0.0181539	0.0659864	
-0.0152336	0.0748969	0.0984926	-0.177523	0.0439697	-0.0509795	0.022379	-0.0361368	-0.114551	-0.173391	-0.207911	-0.0202663	0.00142772	-0.170353	-0.0278713	-0.149555	0.108161	0.00304452	
0.0396276	0.112934	0.074471	-0.182265	0.0511177	-0.0509202	0.0781643	-0.0379836	-0.122373	-0.190008	-0.22256	-0.0296932	-0.0170591	-0.188816	-0.033615	-0.164205	0.158149	0.0220703	0.00532554	
0.024003	0.0821424	0.200257	-0.166518	0.0459856	-0.0509127	0.0345712	-0.036308	-0.104898	-0.170039	-0.202721	-0.0250565	0.00392471	-0.167831	-0.0288325	-0.144365	0.133863	-0.00111003	
-0.0160092	0.0403657	0.0850121	-0.186625	0.0495283	-0.0509127	0.0589384	-0.0363086	-0.11069	-0.17848	-0.211804	-0.0127855	0.00102923	-0.179304	-0.0242589	-0.153423	0.119508	0.0160525	9.22625e-05	0.00074927	
-0.0222295	0.0308846	0.0594183	-0.18564	0.049416	-0.0518745	0.0493225	-0.0371214	-0.11069	-0.176396	-0.211692	-0.0120106	0.0220042	-0.184049	-0.0331255	-0.153423	0.164488	0.0145265	0	
-0.0147063	0.05591	0.14344	-0.187051	0.0479437	-0.0570744	0.0446813	-0.0346162	-0.128816	-0.183838	-0.220358	-0.0151241	0.00309303	-0.19097	-0.0333587	-0.161733	0.15692	0.00153452	0.0378742	0.00524459	
0.00848163	0.169364	0.0424228	-0.191837	0.0437594	-0.0641097	0.0191399	-0.0372526	-0.11771	-0.175007	-0.209253	-0.00691397	0.00151161	-0.167271	-0.0328942	-0.150628	0.0941453	0.0594216	0.0125326	
0.0058948	0.0262547	0.0870298	-0.188453	0.0414468	-0.0517046	0.0327733	-0.0340967	-0.113329	-0.174468	-0.208672	-0.00829215	-0.00989629	-0.175183	-0.034668	-0.150088	0.10271	-0.00478616	0.00757299	0.0354107	
0.0209369	0.0596069	0.163189	-0.192037	0.0411182	-0.0505695	0.017299	-0.0337681	-0.122406	-0.181564	-0.215558	-0.0119357	0.0172066	-0.188344	-0.0294595	-0.156988	0.156584	0.0201631	0.0144158	0.107411	0.00697668	
-0.00218343	0.0891214	0.0402605	-0.209368	0.0480747	-0.0512117	0.0107671	-0.0373352	-0.129394	-0.187918	-0.222546	0.0059326	0.00138984	-0.175966	-0.0231403	-0.163999	0.12647	-0.0104079	0.0151818	
0.0123727	0.102833	0.0525595	-0.188841	0.0417715	-0.0512277	0.0393984	-0.0355125	-0.118304	-0.171214	-0.211471	-0.00769547	0.00907393	-0.175657	-0.0276449	-0.152908	0.0647934	-0.0120105	0.000688871	0.107363	
0.0413908	0.0816474	0.0617224	-0.167574	0.043002	-0.0531275	0.0217812	-0.0377914	-0.118799	-0.171716	-0.211966	-0.0299427	0.00242557	-0.17819	-0.0221335	-0.151571	0.121539	-0.00209559	-0.0006447	
-0.024623	0.0788235	0.0234325	-0.180982	0.0458647	-0.0531275	0.0288668	-0.0401203	-0.118799	-0.173368	-0.211966	-0.0137681	0.0124321	-0.175844	-0.0298446	-0.151571	0.114899	-0.00553617	0.0078621	0.0100456	
-0.0184235	0.155135	0.0737009	-0.186023	0.0364618	-0.0535056	0.0369934	-0.0341258	-0.118799	-0.177123	-0.211966	-0.0108805	-0.00831209	-0.17255	-0.0395158	-0.151571	0.199627	-0.00692067	-0.00680149	
0.00123462	0.0831341	0.108597	-0.18335	0.042983	-0.0520926	0.0290224	-0.033122	-0.113253	-0.171926	-0.205799	-0.00524808	-0.0112116	-0.152591	-0.0261467	-0.146662	0.134998	-0.0203545	-0.00597093	
-0.0503674	0.0395969	0.0601255	-0.218178	0.0429106	-0.0550541	0.0154053	-0.0447311	-0.139428	-0.191009	-0.23281	-0.00104674	-0.00465546	-0.178165	-0.0356164	-0.171438	0.235984	-0.00341881	-0.00147778	0	-0.0613724	0	
-0.0553789	0.0431097	0.0283767	-0.191901	0.041894	-0.0531443	0.0206035	-0.0385892	-0.121225	-0.179166	-0.214633	-0.0106251	0.00280333	-0.17398	-0.0356739	-0.153235	0.212794	-0.00836456	-0.00241524	-0.0619517	
-0.0474169	0.0480171	0.0267844	-0.192448	0.0394963	-0.0544663	0.0262699	-0.0379269	-0.110627	-0.168207	-0.203985	0.00267645	0.0170485	-0.165703	-0.0208069	-0.142637	0.136526	-0.00604375	-0.0101983	
