0.0005769	0.177541	-0.05314	0.0028553	-0.227103	-0.0530701	0.0165431	-0.0112371	0.0367209	-0.0019716	0.0564222	-0.0471111	-0.0570889	-0.046099	-0.0011832	-0.0193641	-0.0050845	-0.0146213	0.0663602	-0.176613	-0.0195198	0.0054427	-0.0646113	0.0765799	-0.230357	-0.0168474	0.0088355	-0.0524157	-0.0569891	0.236902	0.0421089	-0.0244318	0.0942681	-0.0518547	-0.0524964	-0.0484801	-0.0350425	-0.0553438	0.0422969	5.65e-05	0.133706	-0.0251709	-0.0608737	0.197162	0.0057195	-0.062969	-0.225569	-0.0255987	-0.194526	0.0417596	-0.0232742	-0.0407161	-0.0588515	0.170391	-0.0542868	-0.0168954	-0.00575861	0.145713	-0.0589906	0.0251987	0.329573	-0.0406024	-0.0422665	0.0185328	-0.0415172	-0.0588057	-0.0056031	-0.0542522	-0.0521321	-0.0574979	-0.0135632	-0.031118	-0.0582832	0.0411137	0.0267648	0.0402188	0.0200045	-0.0487558	-0.0551905	-0.0566782	-0.0443386	-0.0289642	0.0110095	
0.000542142	0.177541	-0.0525616	0.0028553	-0.226768	-0.0530701	0.00673817	-0.0135664	0.0462373	-0.00344086	0.0572237	-0.0446264	-0.0479868	-0.0212002	-0.0274304	-0.230357	0.118248	0.0375841	-0.0573777	-0.0401863	0.0242032	0.0444668	0.149078	-0.0628971	0.179522	-0.0599393	-0.0611027	-0.0408717	-0.183225	-0.0240381	-0.0161315	0.0251987	0.162906	0.00256623	0.0305749	-0.0351134	-0.0593879	-0.0505589	-0.0243751	0.0405353	0.0230388	0.0692468	0.0138173	-0.0545293	-0.00775351	-0.0330259	
-0.00193029	0.187172	-0.0493962	0.00602071	-0.232047	-0.0499421	0.00990357	-0.00745038	0.0380616	-0.00356275	0.0525892	-0.041461	-0.0540694	0.0258335	-0.0325782	0.105005	0.0535567	-0.2262	0.0258703	-0.0562128	0.325771	-0.0589652	0.17633	-0.0129661	-0.0540699	-0.00888776	0.140806	-0.0340569	-0.037819	0.0494615	0.0285536	0.0685728	0.016368	0.0231969	0	
0.00275114	0.186457	-0.0531145	0.00028011	-0.225627	-0.0509231	0.00918878	-0.0118878	0.0394875	-0.00110372	0.0553161	-0.038367	0.0201123	0.229539	-0.226586	-0.0569276	0.0599033	0.0620493	0.0891067	-0.0599943	0.211238	0.052465	-0.0342672	-0.0136809	0.0459689	0.0900667	
-0.0410841	0.186457	-0.0511301	-0.0277913	-0.229638	-0.0509231	0.00028011	-2.93494e-05	-0.00376081	-0.000501251	0.00383178	-0.211525	-0.0562188	0.053588	0.0476891	0.0572319	0.2055	-0.0539899	0.113527	0.0194596	0.0266006	-0.0166991	0.049652	0.0729702	
-0.0420076	-0.0512913	-0.0149369	-0.0340884	-0.229601	-0.0509231	0.00413206	0.192689	-0.000344289	0.0191776	0.00421846	0.212493	-0.0566862	0.0556213	0.0459568	0.247686	0.0362491	-0.239103	0.0102777	-0.0144597	-0.00784965	0.0517976	
-0.0419942	0.0466828	0.0556752	-0.0358138	-0.234842	-0.0517046	0.00134281	0.234726	-0.00217767	0.0363023	0.000321205	0.000779424	-0.0568193	0.0558491	0.189267	0.039503	-0.237522	-0.0519749	-0.0140586	0.0256729	0.0553702	
-0.0427646	0.0910748	0.0549103	-0.0299065	-0.25379	-0.052475	0.00417128	0.159939	-0.0213209	-0.000798938	-0.0148209	-0.000806393	0.0361554	-0.057734	-0.00369904	0.0686845	0.212266	0.0369431	-0.262849	-0.054124	
-0.0378334	0.0779359	0.052001	-0.0264407	-0.223376	-0.0516305	0.000705551	0.273428	-0.0163491	-0.000538849	0.0164654	-0.00503601	0.0534999	-0.0577026	-0.00161909	0.178625	0.0553543	0.0438467	-0.211963	-0.0537176	
-0.0348768	0.0784933	0.0532994	-0.0292338	-0.233871	-0.0500054	0.00399053	0.12333	-0.0163491	-0.0167007	-0.00728483	-0.000912746	0.0448255	-0.0584571	-0.0138397	0.0586191	-0.0524862	0.190686	0.0512028	0.0119127	-0.239299	-0.00150915	
-0.0389391	0.0279332	0.0513944	-0.0334607	-0.24171	-0.0507049	0.00638858	0.0860369	-0.0140127	-0.232781	-0.0270305	-0.000153873	0.0491573	-0.0556268	-0.0051552	0.05169	-0.0497715	0.194644	0.0245294	0.0318147	0.062982	-0.00269149	
-0.0381561	0.0303069	0.0479001	-0.0227927	-0.242858	-0.0496443	0.00667217	0.0870178	-0.0144456	-0.218845	-0.0125111	-0.00352391	0.0467155	-0.0558865	0.00972385	0.089036	-0.050513	0.194644	0.0325063	0.0202162	-0.00215192	
-0.0423962	0.0607522	0.0488609	-0.0179955	-0.232948	-0.049461	0.00161029	0.149064	-0.0121236	-0.222462	-0.0052604	-0.00218956	0.0319401	-0.0553964	0.000101043	0.0702673	-0.0499001	0.194644	0.0465659	-0.00133031	
-0.0382424	0.0452177	0.0485075	-0.0310372	-0.246566	-0.0492388	0.00531912	0.0865099	-0.0120147	-0.236768	-0.00147858	-0.00186397	0.0573581	-0.05409	-0.0112998	0.0416291	-0.0487043	0.201477	0.0280787	-0.00334945	-0.20889	0	
-0.0365379	0.0215993	0.0502684	-0.0240279	-0.238772	-0.0503359	0.00235776	0.240654	-0.0172938	-0.240509	0.0156666	-0.00012229	0.0540993	-0.05453	0.00489926	0.0525204	-0.0490039	0.197577	0.0371407	-0.00338809	-0.0557926	0	
-0.0398035	0.0421427	0.0524137	-0.0180224	-0.242758	-0.0491912	0.00262215	0.230495	-0.0188459	-0.245592	-0.0183373	-0.00220145	0.028974	-0.05453	0.0109066	0.0625218	-0.0487816	0.197577	0.0357606	-0.00353291	
-0.0380117	0.0514076	0.0540306	-0.0288598	-0.24356	-0.0504841	0.00320581	0.333945	-0.0292411	-0.251841	-0.00787305	-0.00303821	0.0483931	-0.0563179	0.00828942	0.0581335	-0.0511469	0.20098	0.0325303	-0.00154711	
-0.0417394	0.0151959	0.0540205	-0.0185942	-0.240917	-0.0521155	-0.00334182	0.244735	-0.0191441	-0.248775	0.013892	-0.00152895	0.0417771	-0.0566754	-0.0137782	0.0510003	-0.0518887	0.200239	0.0285411	-0.0026847	
-0.0432266	0.0302771	0.0531261	-0.0181627	-0.24881	-0.0521097	-0.0012741	0.196994	-0.022691	-0.242486	-0.00127833	-0.00359138	0.0467205	-0.0575667	0.00585632	0.0721065	-0.0520013	0.206353	0.031382	-0.00337156	-0.0103762	-0.0161328	0	
-0.0427211	0.0204416	0.0533041	-0.02752	-0.234006	-0.0511526	-0.000386158	0.0809919	-0.0202587	-0.213933	-0.0106398	-0.00254631	0.0400139	-0.0568532	0.00600495	0.065661	-0.0516913	0.190905	0.0306266	-0.00189319	
-0.044141	0.0398384	0.0557821	-0.0277539	-0.240733	-0.0521975	-0.00143103	0.041203	-0.0238046	-0.240014	-0.0210659	0.000461401	0.0663315	-0.0575457	0.0156021	0.0567595	-0.0516079	0.196587	0.0355263	-0.00373714	
-0.0389546	0.053299	0.0537725	-0.022017	-0.231818	-0.0517443	0.00199024	0.198853	-0.0225171	-0.239806	-0.00927481	0.000616863	0.0459441	-0.054929	-0.00665201	0.0638951	-0.0485345	0.193176	0.0347437	-0.00536969	0.0161956	
-0.0429218	0.0438058	0.0534232	-0.0297462	-0.244756	-0.0502834	0.00805674	0.108328	-0.0230299	-0.244877	-0.0037129	0.000952727	0.014065	-0.0564323	0.0127043	0.0554605	-0.0497354	0.199647	0.0364575	-0.00357902	0.0221891	
-0.0437885	0.0383693	0.0540689	-0.0245546	-0.24054	-0.0502834	0.00447001	0.0916119	-0.0124698	-0.237693	0.00833592	-0.00338598	0.0234293	-0.0558113	0.0235908	0.0603643	-0.0469026	0.199647	0.0395823	-0.00819813	
-0.0433644	0.0860699	0.0519135	-0.0340024	-0.249159	-0.050074	0.00447001	0.106725	-0.0181018	-0.250001	0.0100216	-0.00182639	0.0189213	-0.0563878	-0.000884413	0.0609408	-0.0521522	0.20605	0.044728	-0.00216735	0.0140771	
-0.0382803	0.0648194	0.0506215	-0.0205044	-0.240542	-0.0488962	-0.000214741	0.158514	-0.0174165	-0.24541	-0.000714379	-0.00307658	0.0102953	-0.0530391	-0.0107299	0.045418	-0.0501769	0.203844	0.0357629	-0.00111508	0.0954558	
-0.0405505	0.0608811	0.0499802	-0.0265914	-0.25658	-0.0488962	0.00492372	0.0943751	-0.0106988	-0.256319	0.0335284	-0.00141713	0.0229979	-0.054678	0.00906015	0.0642804	-0.0480791	0.214764	0.0364769	-0.00404758	
-0.0372608	0.0815538	0.0517167	-0.0242494	-0.224843	-0.050466	-0.00392403	0.187494	-0.0199459	-0.225644	0.00132478	-0.000343408	0.0257623	-0.0539597	-0.0133306	0.0700103	-0.0516329	0.182602	0.0427341	-0.00173296	
-0.0424871	0.0116787	0.0528034	-0.0197552	-0.242177	-0.0530259	-0.00268384	0.113309	-0.0225058	-0.229488	0.00581436	-0.00432817	0.0266704	-0.056673	0.0016391	0.0656891	-0.0526098	0.199108	0.0513209	-0.00117615	
-0.0409418	0.0219102	0.0506287	-0.0312127	-0.258005	-0.0508816	0.00578612	0.0872497	-0.0209605	-0.261272	0.02819	-0.0044979	0.0184858	-0.056028	0.0137412	0.0508758	-0.0520027	0.214481	0.0456477	0.00124145	-0.00424424	
-0.0391991	0.0351387	0.0512578	-0.0312127	-0.257068	-0.049581	0.00547216	0.045812	-0.0208459	-0.245037	0.005467	-0.00371764	0.0194093	-0.0561279	0.00493972	0.0426344	-0.0513373	0.210595	0.0348719	-0.0019027	0.0044763	
-0.0407113	0.0241304	0.0540894	-0.0130684	-0.252034	-0.0495163	-0.00499098	0.0600526	-0.0157507	-0.261617	0.0242696	-0.00219171	0.0256771	-0.0559112	0.00949527	0.0521872	-0.0524599	0.210595	0.053253	-0.00106757	0.0184787	-0.0109787	0.0137285	
-0.0464559	0.023369	0.0530419	-0.0247635	-0.246166	-0.0523912	-0.00188395	0.21287	-0.0217179	-0.254518	0.0266231	-0.00466971	0.018486	-0.0569643	0.00433462	0.0650347	-0.0525652	0.203722	0.0420802	-0.00113906	0.0304139	
-0.0422863	0.103026	0.0531831	-0.0313076	-0.250397	-0.0517241	0.00450681	0.0967711	-0.0253052	-0.253753	0.0258604	-0.00246057	0.0234754	-0.0575782	0.0364052	0.0594968	-0.0550614	0.203722	0.0696798	0.00103143	0.0230479	0	
-0.0455974	0.0543931	0.0535281	-0.0353979	-0.240181	-0.0527329	0.00586269	0.178272	-0.0157738	-0.238026	-0.00584759	-0.00638321	0.0156563	-0.0575023	0.014666	0.0526576	-0.0557223	0.192991	0.0433651	0.0027495	0.00854796	-0.00827759	0.012657	-0.00317398	0	0	
-0.0441319	0.0490404	0.0563029	-0.0238779	-0.248338	-0.0535302	0.00378211	0.185604	-0.0193538	-0.252206	0.0106308	-0.00319977	0.016905	-0.0590945	-0.00143326	0.0487149	-0.0540214	0.199161	0.0522317	0.00183216	0.00861989	0.0234747	-0.00296092	
-0.0434946	0.0367287	0.0543106	-0.0294558	-0.244391	-0.0524711	0.00250013	0.105045	-0.0122493	-0.24361	-0.00639963	-0.00411961	0.0246757	-0.0589628	0.0187825	0.065797	-0.0563721	0.199161	0.0509841	0.00287656	0.032895	-0.00362849	
-0.0451303	0.0475802	0.0559125	-0.0228871	-0.248279	-0.053681	0.00159534	0.145114	-0.0187904	-0.248686	0.00793123	-0.00209453	0.0242532	-0.058613	0.0122868	0.0670689	-0.0539192	0.199161	0.0749785	-0.00231953	-0.0140923	-8.32644e-05	
-0.0434273	0.0449045	0.0530821	-0.017023	-0.233032	-0.0523267	-0.000787774	0.141052	-0.0157195	-0.237491	0.010203	-0.00322193	0.0174295	-0.0562156	0.00730765	0.0751099	-0.0537483	0.1879	0.0441678	0.00227136	-0.00306494	0.0040462	
-0.0416555	0.0259121	0.0530377	-0.0224899	-0.233069	-0.0527658	-0.00133879	0.205278	-0.0135366	-0.230477	0.0306741	-0.00521731	0.0181343	-0.0571366	-0.000883431	0.0754799	-0.054218	0.187349	0.0371961	0.00271713	0.00131694	0.00199742	
-0.042482	0.0683184	0.0518959	-0.0245899	-0.233256	-0.0517735	-0.000342349	0.112745	-0.015515	-0.237409	0.0498299	-0.00549543	0.0239153	-0.0569366	0.0240583	0.0652955	-0.0531845	0.187349	0.0635301	-0.0017007	-0.0105493	0.00743149	-0.024647	0.0394577	
-0.0404804	0.0523217	0.0521216	-0.0206421	-0.232724	-0.0524281	-0.00294692	0.244726	-0.0233896	-0.243052	0.0172805	-0.00599798	0.0260548	-0.05705	0.026668	0.0660007	-0.0525102	0.1898	0.0673273	-0.000837847	-0.00903893	-0.000264319	0.0543613	
-0.0406533	0.0646719	0.0502975	-0.032825	-0.215469	-0.0526011	0.00125316	0.129442	-0.0213015	-0.224286	0.0224823	-0.00764941	0.0252589	-0.0574125	0.0184373	0.0736298	-0.0546141	0.171416	0.0457552	0.00391917	-0.0169535	-0.00236265	-0.000172935	
-0.0421983	0.0643232	0.0550404	-0.0279672	-0.241102	-0.0522903	0.00478375	0.210347	-0.0230628	-0.250685	0.0380477	-0.0035101	0.0202778	-0.0565999	0.0330344	0.0766114	-0.0536555	0.196595	0.0515049	-0.000693945	0.000618728	-0.00409251	
-0.0433235	0.0642512	0.0531615	-0.0323991	-0.234431	-0.053346	-0.00134369	0.209165	-0.0238825	-0.237547	0.0210641	-0.00305677	0.0202146	-0.0575235	0.0283539	0.0647172	-0.0542022	0.187917	0.0428904	-0.000147225	-0.0134401	-0.00107092	
-0.0429258	0.05006	0.0507681	-0.0276221	-0.227993	-0.0526688	0.00487278	0.149837	-0.0178466	-0.23909	0.0483919	-0.00443216	0.0164936	-0.0568036	0.00823364	0.0647054	-0.0530476	0.181553	0.0531969	-0.000811438	-0.0147565	0.00400564	
-0.0429258	0.031468	0.0498704	-0.0330745	-0.2231	-0.0529693	0.00558293	0.288389	-0.0135143	-0.234869	0.00891913	-0.00618344	0.0190355	-0.0570399	-0.0115856	0.0636323	-0.0536056	0.179363	0.0563119	0.00134173	-0.00209434	0.00663328	
-0.046607	0.0281144	0.0495887	-0.0164756	-0.227926	-0.0528706	0.0111396	0.147325	-0.0173564	-0.223768	-0.0112636	-0.009019	0.0188121	-0.0584145	0.0244409	0.0736094	-0.053961	0.184135	0.0500755	0.000283213	0.00535027	-0.00328273	
-0.0436885	0.0786215	0.0506466	-0.0249286	-0.228448	-0.0527343	0.00740881	0.112029	-0.0218034	-0.222922	-0.0147748	-0.0092437	0.0167811	-0.0585642	0.0140021	0.0598309	-0.0529109	0.184135	0.0464212	-0.00180998	0.00963601	0.00442363	
-0.0474967	0.0497572	0.0508827	-0.0239727	-0.227685	-0.0532791	-0.00153671	0.294134	-0.0167894	-0.233759	-0.0180839	-0.00901698	0.0163186	-0.0594433	0.0332039	0.0814298	-0.0538864	0.18355	0.0374251	0.000213089	0.0188746	-0.00262975	
-0.0451945	0.017939	0.0551376	-0.014777	-0.217423	-0.0527469	-0.00651879	0.197217	-0.0167894	-0.221854	-0.0124337	-0.00383219	0.0172511	-0.0594433	0.0253068	0.0704966	-0.0537034	0.169985	0.0321997	3.00868e-05	0.0135608	-0.00304752	0.040404	
-0.0457004	0.0211539	0.0526913	-0.0166585	-0.217157	-0.0523619	-0.00277031	0.146585	-0.0218706	-0.224728	-0.0163596	-0.00582492	0.0211123	-0.0590604	0.00455134	0.0597681	-0.0546403	0.169985	0.0533024	0.000385977	0.00322709	-0.00390584	0.0104035	
-0.0471335	0.0181354	0.0531084	-0.00952212	-0.226433	-0.0523619	-0.000313868	0.0564435	-0.0174779	-0.240576	-0.00763134	-0.00565472	0.0146163	-0.059451	0.0116462	0.0483428	-0.0551643	0.184536	0.0603238	0.000910043	0.00984999	-0.00501163	
-0.0448523	0.0246995	0.0542916	-0.011292	-0.221076	-0.0526775	-0.00408492	0.212046	-0.019239	-0.232626	-0.0174521	-0.00431224	0.0173257	-0.0586981	0.00514234	0.0543099	-0.0535146	0.176935	0.0531441	0.000382978	0.0129982	-0.00531424	
-0.0483644	0.0410018	0.0528847	-0.0196258	-0.222542	-0.0526775	0.00336398	0.231321	-0.0206884	-0.222412	-0.0261792	-0.0060911	0.0174472	-0.0587087	-0.00606734	0.0629796	-0.0531317	0.176935	0.0369726	8.46264e-08	0.0260289	0.00129941	0.0153637	0	
-0.0475965	0.0330239	0.048317	-0.0254031	-0.217858	-0.0563099	0.00343932	0.138483	-0.0225242	-0.232653	-0.0236046	-0.0124945	0.0180708	-0.0611516	0.0290668	0.0465199	-0.0553006	0.172505	0.0528549	6.16859e-05	0.0237705	-0.00102543	-0.0162063	-0.00665337	0.000866264	-0.0552772	
-0.0475965	0.0288467	0.0476987	-0.0244284	-0.245664	-0.0532243	0.000430773	0.103018	-0.0253567	-0.261806	-0.0107832	-0.0114499	0.0187576	-0.0611516	0.00573671	0.0646703	-0.0576816	0.201223	0.0481705	0.00182616	0.0184154	0.000389789	-0.013394	-0.0552772	
-0.0469092	0.0286191	0.0530151	-0.0194253	-0.243876	-0.0548088	-0.00370562	0.222594	-0.0178768	-0.256516	-0.0164079	-0.00778027	0.0176204	-0.0612225	-0.00446571	0.052118	-0.0562771	0.200594	0.0460164	-0.00119006	0.0221692	0.00247104	0.0200104	0.015979	-0.0546155	
-0.0459428	0.0331231	0.0537853	-0.0231454	-0.228051	-0.051615	-0.00162998	-0.0178963	-0.237952	-0.0145474	-0.00682827	0.0166807	-0.0593303	0.0447285	0.0524569	-0.0558688	0.182193	0.0535875	0.000447176	0.016659	-0.00384721	-0.0541228	
-0.0470005	0.0334507	0.0554642	-0.0181292	-0.240096	-0.0556916	-0.00315154	-0.0213005	0.05548	-0.251305	-0.0144114	-0.00301099	0.0127327	-0.0619387	0.0388988	0.0558429	-0.0568102	0.191907	-0.0350865	-0.000201029	0.0157372	-0.0587929	0.00414199	
-0.0450393	0.0322212	0.0535988	-0.0126216	-0.238318	0.000685158	-0.0032646	-0.0214704	0.039521	-0.25138	-0.0138165	-0.00717344	0.00943082	-0.0609419	0.0222186	0.0702537	-0.0569344	0.191907	0.00133623	0.0134093	-0.0559278	0.00118978	
-0.045007	0.0289627	0.0566591	-0.0214239	-0.235204	0.00174895	-0.00476317	-0.022798	0.0450982	-0.248678	-0.0140782	-0.0047379	0.0104448	-0.0607212	0.0231459	0.0588344	-0.0564207	0.190075	0.0322532	-0.000933696	0.0145379	-0.0559352	0.00119713	0.0147364	
-0.0459821	0.0330536	0.049485	-0.0332984	-0.231356	-0.00141755	-0.0053193	-0.0206248	0.0445953	-0.23833	0.00322033	-0.0132874	0.0124569	-0.0619442	0.00181011	0.0673258	-0.0563976	0.181989	0.00381028	0.000129356	0.0316309	-0.0565576	0.000129865	
-0.0496679	0.049972	0.0528179	-0.0311759	-0.261362	-0.00149729	-0.0053193	-0.027254	0.0389304	-0.277541	-0.0127042	-0.00634112	0.0117347	-0.0619849	0.0341742	0.0690006	-0.0585865	0.215294	0.00206465	0.0202573	-0.0543711	-0.000824514	
-0.0474092	0.0183873	0.0520541	-0.0271601	-0.234221	-0.0576084	-0.00531652	-0.0274458	0.0409593	-0.238424	-0.0146726	-0.00855563	0.0129569	-0.0624726	-0.000250613	0.0584414	-0.0579879	0.184485	1.72191e-05	0.01565	-0.00162656	0.00456155	
-0.0482263	0.0210932	0.0549291	-0.017812	-0.261271	-0.0556705	-0.00402747	-0.0312948	0.0376355	-0.261535	-0.0222682	-0.00654377	0.010193	-0.0615486	0.0162654	0.0461542	-0.0577898	0.207659	0.00101574	0.0102345	0.000254231	
-0.0470527	0.0649796	0.0562612	-0.0248323	-0.259297	-0.0563415	-1.82646e-05	-0.0216869	0.0408132	-0.263268	-0.0232853	-0.00662611	0.0107464	-0.0609203	0.0390849	0.0598619	-0.0556916	0.207447	0.000357338	0.0127724	-0.00347986	
-0.0464131	0.0736647	0.054815	-0.0231072	-0.249783	-0.0572445	-0.0027686	-0.0275337	0.0347877	-0.250651	-0.0184056	-0.00712948	0.0164448	-0.0614162	0.00950171	0.0568005	-0.0558679	0.199814	0.00280209	0.00784682	-0.00175243	
-0.045663	0.0485586	0.052681	-0.0226252	-0.252058	-0.0568239	-0.0048375	-0.0179845	0.0487345	-0.258127	0.00898065	-0.00771945	0.0128963	-0.0621701	0.0064504	0.058676	-0.0566923	0.199814	0.00379641	0.0127887	-0.00190622	
-0.0463534	0.050586	0.0502224	-0.0226456	-0.245666	-0.0538032	-0.00594308	-0.0252279	0.0512354	-0.253755	-0.0251224	-0.0119653	0.0110406	-0.0621701	0.0067562	0.0618823	-0.056981	0.199814	0.000144897	0.0127887	-0.0016175	0.038155	
-0.0440309	0.0246862	0.0495829	-0.0149362	-0.249251	-0.0516466	-0.00944811	-0.0213844	0.0573806	-0.25334	-0.0182646	-0.0101068	0.0138916	-0.059414	0.0206071	0.0868287	-0.0548099	0.201985	-0.00129334	0.0229614	-0.00110042	0	-0.0121761	
-0.0438273	0.0257451	0.0529205	-0.0341686	-0.254455	-0.0524741	-0.00494162	-0.0250104	0.047692	-0.254388	-0.0131308	-0.00734129	0.0183105	-0.0605404	-0.0120381	0.0709887	-0.0530749	0.202637	0.000529397	0.00894956	-0.00230491	
-0.0436639	0.059157	0.050695	-0.0195589	-0.258659	-0.0524069	-0.00986591	-0.0211936	0.0374048	-0.26392	-0.0208489	-0.010574	0.0206742	-0.0610739	0.0135797	0.0854626	-0.0555144	0.210828	-0.000274741	0.0121659	-0.00145374	-0.045469	-0.0272716	
-0.0445513	0.0528453	0.0528666	-0.0264787	-0.259871	-0.0493597	5.94518e-05	-0.019068	0.0300854	-0.262116	-0.0141134	-0.00421925	0.0140929	-0.0590741	0.0153644	0.0609295	-0.0541992	0.209235	-0.00109823	0.0194314	0.000140325	-0.0191743	
-0.0427022	0.0386749	0.0524197	-0.0148121	-0.248094	-0.0504836	0.000747048	-0.0241772	0.0412102	-0.245249	-0.00540041	-0.00409675	0.019141	-0.0581909	0.00989444	0.0700988	-0.0534577	0.198674	0.000974459	0.0351369	-0.000409828	-0.000881775	0.00041932	
-0.0442027	0.00803539	0.052105	-0.0176791	-0.279403	-0.0518254	-0.00538319	-0.0243077	0.0438242	-0.264341	-0.0266593	-0.0069038	0.0223819	-0.0603923	0.0213218	0.0805796	-0.0540192	0.225428	6.31865e-05	0.0160983	0.00147116	
-0.0440691	0.00975801	0.0550735	-0.02665	-0.236206	-0.051466	-0.00616211	-0.0315692	0.0294102	-0.242256	-0.020412	-0.00303743	0.0262951	-0.060566	0.0295289	0.0619659	-0.0562078	0.189137	0.00144648	0.0237052	0.00124679	-0.0509475	
-0.045403	0.0295016	0.0513166	-0.0223596	-0.238612	-0.0540448	-0.00833287	-0.0260212	0.036653	-0.236533	-0.0270461	-0.0081302	0.0277753	-0.0615489	0.00280665	0.063265	-0.0561269	0.186415	-0.000589478	0.0333503	-0.000305246	-0.00385071	
-0.0458823	0.0297636	0.0513201	-0.0301403	-0.279217	-0.0511923	0.000348045	-0.0235429	0.0650972	-0.283374	-0.0293709	-0.00785544	0.0247133	-0.0615489	0.0328009	0.0548358	-0.0560618	0.224638	-0.00440855	0.0400255	-0.0005051	
-0.0417274	0.0157454	0.0555959	-0.0180273	-0.244772	-0.0550355	-0.00527535	-0.0228992	0.0412151	-0.247371	-0.0314619	-0.00560047	0.0265678	-0.0611979	0.0167257	0.0760067	-0.0543079	0.193831	-0.000820485	0.0244405	-0.00228828	
-0.0467108	0.0417804	0.0509347	-0.0164758	-0.238839	-0.0514651	-0.00253699	-0.01877	0.0391402	-0.232387	-0.027607	-0.0103366	0.0223925	-0.0603751	0.0401972	0.0345698	-0.0550842	0.187146	-0.0029125	0.000709843	0.000610473	
-0.044359	0.0548615	0.0532881	-0.0207749	-0.231419	-0.0513296	-0.00102205	-0.0201383	0.0356911	-0.206879	-0.0307866	-0.00692444	0.0131254	-0.0603189	0.0404235	0.0372914	-0.0550197	0.178844	-0.0013275	0.00627996	0.000546036	
-0.0415278	0.0330885	0.0495364	-0.0394082	-0.232223	-0.0500072	0.0098601	-0.0153085	0.039757	-0.202982	-0.0248703	-0.00622578	0.0215385	-0.056445	0.0162905	0.0585696	-0.0521318	0.182443	-0.000476331	0.0131942	-0.000368828	
-0.0409707	0.0545891	0.0506961	-0.0272167	-0.252723	-0.0469326	0.0061456	-0.0203188	0.037006	-0.2287	-0.0244954	-0.00648075	0.0183047	-0.0571378	0.0258301	0.048204	-0.0521095	0.203778	-0.00337323	0.043805	0.00183963	0.00489308	
-0.042497	0.0541788	0.0520026	-0.0201373	-0.250729	-0.0487616	0.00544995	-0.0224428	0.0367829	-0.253282	-0.0193181	-0.00309993	0.0201337	-0.0574781	0.0319922	0.0447801	-0.0513781	0.203778	-0.00222223	0.035387	-0.00128559	
-0.0414061	0.0248824	0.0542706	-0.0388781	-0.226332	-0.0493273	0.00123627	-0.0212801	0.0457584	-0.236815	-0.00487724	-0.00414236	0.0222589	-0.0588471	0.0298718	0.0520712	-0.0544014	0.181756	-0.00184245	0.0155992	-1.9004e-05	-0.00188364	
-0.0406697	0.0181936	0.0570036	-0.0267971	-0.231521	-0.05188	-0.00516601	-0.030008	0.0374119	-0.22235	-0.0140347	-0.00477316	0.0383604	-0.0613998	0.016209	0.0400987	-0.0549943	0.181461	-0.00231522	0.0247274	0.000301859	-0.0099884	
-0.041451	0.0309192	0.0547561	-0.0389674	-0.242635	-0.0499302	-0.000727762	-0.0291489	0.0440217	-0.234067	-0.0305473	-0.00676162	0.0297652	-0.0612104	0.0327454	0.0559504	-0.0558634	0.19171	-0.00461778	0.0270151	1.4758e-05	-0.0179349	
-0.0426193	0.0352959	0.0575007	-0.0174557	-0.243735	-0.0526402	-0.00712515	-0.0221115	0.05862	-0.244331	-0.0287252	-0.00247087	0.035337	-0.0612562	0.0478741	0.0387038	-0.055579	0.19171	-0.00261698	0.0100218	0.000395347	-0.00217879	-0.0222761	0.0193137	-0.00811166	
-0.0425122	0.054095	0.0569223	-0.0277429	-0.238186	-0.0517266	-0.00188038	-0.0210391	0.0358892	-0.242293	-0.0148005	-0.00067713	0.0166066	-0.0596194	0.0722388	0.0479306	-0.0546742	0.194088	-0.000579572	0.0217051	-0.000258951	0.0174622	0.0155837	
-0.0395564	0.0393112	0.0504831	-0.0329797	-0.254026	-0.0520221	0.00551173	-0.0164158	0.0560752	-0.25729	-0.0277601	-0.00630875	0.0201983	-0.0580938	0.0444979	0.0491928	-0.0524032	0.211241	0.000434595	0.0142146	-0.00238063	-0.00569726	0.000642168	
-0.0400345	0.0435784	0.0530537	-0.02209	-0.240373	-0.0494486	-0.00506074	-0.0234544	0.0361248	-0.240982	-0.0225933	-0.00326673	0.0292916	-0.0588195	0.0303117	0.0758549	-0.0528813	0.194079	-0.00197532	0.00785237	-0.00102423	0.00717331	
-0.0431525	0.0406408	0.0574529	-0.0163275	-0.228226	-0.0513974	-0.000924297	-0.0149149	0.0560946	-0.233667	-0.0211781	-0.00131452	0.0210882	-0.0593377	0.0311007	0.0551744	-0.0525914	0.183321	0.000288583	0.0208952	-0.00381707	-0.0112955	-0.00862796	-0.0071281	
-0.042193	0.0235107	0.048655	-0.0157439	-0.22353	-0.0484474	-0.00602246	-0.022743	0.0490013	-0.234097	-0.0240539	-0.00665749	0.0192932	-0.0595671	0.0338625	0.0469866	-0.0522475	0.183321	-0.00266138	0.01197	-0.00214752	-0.0108295	
-0.0461696	0.0530739	0.00169724	-0.0179891	-0.242793	-0.0520959	-0.00836072	-0.0219573	0.0349285	-0.25018	-0.0109224	-0.00356687	0.0149593	-0.059924	0.0434208	0.0609517	-0.0519191	0.195022	9.59101e-05	0.0116131	-0.000886894	0.0218501	0	
-0.0429643	0.053784	-0.0550185	-0.0177063	-0.230315	-0.053109	-0.00380695	-0.0260822	0.0504405	-0.245952	-0.00067445	-0.00426252	0.0132701	-0.058667	0.0495419	0.055281	0.192379	0.00148278	0.0114899	0.000804033	-0.00662236	
-0.0418183	0.0527163	-0.0538031	-0.00691283	-0.251763	-0.05227	-0.0107456	-0.0229125	0.0376762	-0.260114	-0.00824174	-0.00192551	0.0151503	-0.0589832	0.0389268	0.0571872	0.208607	0	0.000901716	0.0160478	-0.000248708	-0.00578022	
-0.0441958	0.0504341	-0.0533767	-0.0167819	-0.252928	-0.05227	-0.0086126	-0.0242622	0.0329067	-0.262313	-0.0114511	-0.00730337	0.0135681	-0.0588905	0.0177381	0.0469782	0.208607	0.000539689	0.0131144	0.00281522	0.000175601	-1.63609e-05	
-0.04564	0.0514686	-0.050185	-0.0097032	-0.225526	-0.0525403	-0.0086126	-0.0132715	0.0260235	-0.238662	7.81345e-05	-0.00556824	0.0240564	-0.0588905	0.0169363	0.0699151	0.182065	-0.0280524	0.000809964	-0.00975843	-0.000429815	-0.0223346	0.0215529	0.00529697	
-0.0431446	0.0500973	-0.0538045	-0.0145623	-0.233264	-0.0525403	-0.010056	-0.0245335	0.0184333	-0.237003	0.00618101	-0.00428984	0.0219534	-0.0576313	0.0213672	0.0899155	0.182065	0	0.00169123	0.0258604	-0.0186161	0.0106121	
-0.0435769	0.045976	-0.0534872	-0.0116631	-0.233264	-0.0525403	-0.00732773	-0.0288714	0.0311367	-0.235084	-0.0262448	-0.00965688	0.0174931	-0.0597414	0.0367502	0.0574782	0.182065	0.00105426	0.0237304	-0.0333074	
-0.0422097	0.0516005	-0.0503876	-0.0109058	-0.26326	-0.050473	-0.00590255	-0.0220992	0.0264897	-0.274072	0.016594	-0.00348813	0.0238539	-0.0581009	0.0417735	0.0704216	0.218042	-0.000524951	0.01263	-0.0261373	-0.0101219	
-0.04181	0.0511784	-0.0513861	-0.00998518	-0.245962	-0.0500647	-0.00675693	-0.0189836	0.0269237	-0.255342	-0.0199945	-0.00448724	0.0229334	-0.0577726	0.0452457	0.0750819	0.201917	0.00090876	0.00343574	-0.0280401	
-0.0435684	0.0499666	-0.0552037	-0.0167427	-0.245955	-0.0531195	-0.0106788	-0.0216034	0.0336566	-0.254139	-0.0189339	-0.00774257	0.027634	-0.0594867	0.0554553	0.0641301	0.199297	-0.000275512	0.0073332	-0.0341654	0.0139146	-0.00261976	
-0.040964	0.0491932	-0.0541096	-0.0104621	-0.241787	-0.0499098	-0.00792737	-0.0189797	0.0235315	-0.254372	-0.0193184	-0.00811749	0.0198347	-0.0580924	0.0120949	0.0770244	0.201046	-0.00301982	0.0134902	-0.0246813	0.12804	
-0.0391286	0.050356	-0.0541096	-0.0204909	-0.249058	-0.0514262	-0.00336521	-0.0236877	0.0224379	-0.257018	-0.00139991	-0.00548423	0.0293475	-0.0586284	0.0171143	0.0683769	0.201046	-0.000650228	0.0215597	-0.0228708	0	0.011394	
-0.0401622	0.0522376	-0.0541096	-0.025316	-0.244081	-0.0518926	-0.00336521	-0.0221303	0.0201884	-0.244667	-0.00742833	-0.00439308	0.0180891	-0.057785	0.0517664	0.0598374	0.194603	0.00048868	0.0298723	-0.0187258	0.0333815	0.0230221	-0.00337074	
-0.0433715	0.0535617	-0.0547459	-0.0187146	-0.228884	-0.0501337	-0.00529178	-0.0187444	0.0224872	-0.216302	0.00171464	-0.00289347	0.0230268	-0.0581709	0.0578915	0.0492939	0.189931	-0.00242591	0.0245466	-0.0216675	0.0165098	-0.0421149	
-0.0406782	0.0487064	-0.0553279	-0.0187146	-0.234852	-0.0504715	-0.00522153	-0.0186742	0.0221256	-0.250574	-0.0119267	-0.00854287	0.0215357	-0.0575416	0.0762361	0.0717011	0.196399	-0.00231452	0.0274195	-0.0206537	0.0238434	
-0.0440148	0.0475764	-0.0530414	-0.0233929	-0.234785	-0.0505989	-0.00714824	-0.0133653	0.0346673	-0.259986	-0.0161931	-0.00844593	0.0120016	-0.0573117	0.0275002	0.0870507	0.205041	-0.000565107	0.00762645	-0.0336787	0.00533792	-0.00783556	
-0.0439419	0.047433	-0.0549701	-0.0127699	-0.247362	-0.0520368	-0.00719642	-0.0270139	0.0285078	-0.255901	-0.000265184	-0.00725836	0.0149931	-0.0573367	0.0251009	0.0436331	0.204993	0.000296634	0.0254277	-0.0267745	0.0223323	0.0435006	
-0.044213	0.0553521	-0.0545723	-0.0269776	-0.24921	-0.0551183	-0.00456332	-0.0233698	0.0273134	-0.256812	-0.0196687	-0.0033803	0.024443	-0.0604688	0.00745016	0.0653031	0.202254	5.09807e-05	0.0107326	-0.0290277	0.00779079	0	-0.209081	
-0.0385697	0.050388	-0.0539125	-0.0221362	-0.23384	-0.0529829	-0.000514886	-0.0236459	0.0255289	-0.234837	-0.0170704	-0.00664487	0.0204592	-0.0575132	0.0248213	0.0758143	0.193246	0.000576463	0.0163394	-0.0272937	0.0138078	0.00205619	-0.0289887	
-0.0385697	0.0499396	-0.0539125	-0.0242345	-0.236837	-0.05167	0.000220419	-0.0230683	0.0181742	-0.236087	-0.00783374	-0.00373444	0.0141827	-0.0576022	0.0318425	0.0672004	0.193246	-0.00179601	0.0261029	-0.018564	-0.00658652	-0.0215481	
-0.0422372	0.0512863	-0.0525332	-0.0222395	-0.24873	-0.05167	0.000220419	-0.0254018	0.0257988	-0.253849	0.000177471	-0.00541048	0.016122	-0.0563866	-0.000681863	0.0747605	0.202846	-0.00260736	0.0142095	-0.00102138	0.00824506	
-0.0336469	0.0471123	-0.0525332	-0.0319589	-0.256767	-0.0532206	0.00528896	-0.0207698	0.0273843	-0.254266	-0.00261272	-0.0085017	0.0172298	-0.0578297	0.0113936	0.0737443	0.215139	0.0016336	0.00766117	-0.000895499	0.00592519	-0.00882519	-0.0119086	
-0.0403433	0.0532647	-0.0552654	-0.0356989	-0.247261	-0.0517078	-0.000709417	-0.0152239	0.0488806	-0.256761	-0.00654518	-0.00527053	0.0163793	-0.0578297	0.0297309	0.0781686	0.210515	-0.000238826	0.0223446	0.00302497	0.0069263	-0.0152176	0	
-0.0399039	0.0528253	-0.051473	-0.0361006	-0.264926	-0.0522014	0.000864932	-0.0172748	0.0279908	-0.273396	-0.0176822	-0.00483368	0.0154385	-0.0578219	0.0290996	0.0655679	0.219006	-0.000858551	0.00373622	-0.0018459	0.0209665	-0.013039	0	
-0.0389853	0.051139	-0.0511734	-0.0258351	-0.256588	-0.0519017	-0.00211022	-0.0174921	0.041714	-0.253517	-0.0143945	-0.00722034	0.0125115	-0.0572237	0.0314864	0.0700244	0.219306	0.000903448	0.0184934	-0.00113246	-0.0115395	
-0.041415	0.0485308	-0.0519824	-0.020499	-0.251531	-0.0501883	-0.00372974	-0.0231707	0.039579	-0.261611	0.0163858	-0.00949719	0.012225	-0.0567423	0.0273713	0.0795194	0.219306	-0.00136019	0.00683515	-1.22423e-05	-0.00491899	0.00402568	
-0.041758	0.0533453	-0.0520119	-0.0298607	-0.25833	-0.0525591	0.00160651	-0.0266143	0.039203	-0.249171	0.0118578	-0.000931694	0.00629585	-0.0567378	0.0149162	0.053412	0.216789	0.00130497	0.0111862	-0.00301304	-0.00858708	
-0.0396798	0.0493588	-0.0530646	-0.0258834	-0.234134	-0.0524358	-0.00263932	-0.0206686	0.0286395	-0.235339	0.0279211	-0.00556318	0.00886693	-0.0565097	0.0152267	0.0615468	0.196195	0.00209186	0.0177347	-0.000602147	-0.0103739	-0.00877144	
-0.042973	0.0524811	-0.0534026	-0.0405774	-0.260519	-0.0527272	0.0048018	-0.0184366	0.031772	-0.260741	-0.000919058	-0.00407853	0.012176	-0.0571239	0.00867873	0.065642	0.216735	0.000412774	0.0143266	0.000605625	-0.0194665	0	-0.00894918	0	0	0	
-0.0387408	0.0515752	-0.0521789	-0.0335151	-0.235111	-0.0530613	-0.00214783	-0.0170456	0.025114	-0.240761	0.0103303	-0.00545421	0.0143174	-0.0554267	0.00122192	0.0666824	0.192931	0.00211378	0.0136032	-0.000871133	-0.00985511	
-0.0385718	0.054601	-0.0509359	-0.0348359	-0.224005	-0.0530613	-0.00214783	-0.0192255	0.025466	-0.230705	0.0221893	-0.00203751	0.0158277	-0.0568973	-0.000586166	0.0860142	0.18822	0.00162954	0.00680477	-0.00184668	-0.0143115	
-0.0390251	0.0496953	-0.0514011	-0.0362884	-0.222963	-0.0524237	0.00175065	-0.0192784	0.0418718	-0.234304	-0.0147217	-0.00643572	0.00895358	-0.0543371	0.0370076	0.0535314	0.188854	0.00256913	0.0011681	-0.00167716	-0.0116317	
-0.0385122	0.0492963	-0.048274	-0.0347537	-0.233409	-0.0540123	0.00175065	-0.0155943	0.0229175	-0.226268	-0.000212294	-0.0049556	0.0123763	-0.0566464	-0.00188236	0.0819718	0.196023	0.00415771	0.0107542	-0.00513663	-0.00533738	
-0.0377526	0.0507704	-0.0513341	-0.0463089	-0.226233	-0.0565384	0.000784478	-0.0154474	0.0327497	-0.242742	0.0103043	-0.00607937	0.0198657	-0.0603156	-0.00704747	0.0827467	0.190712	0.00286116	0.0052095	-0.00112501	-0.0158906	0.0305858	
-0.043823	0.0499795	-0.0539246	-0.0293865	-0.232639	-0.054567	0.000784478	-0.0237361	0.0370895	-0.235829	0.019688	-0.00725757	0.0172883	-0.0595203	-0.00733655	0.0546982	0.187908	0.00160923	-0.00331044	-0.000322562	-0.00926965	
-0.0444845	0.0555103	-0.0547395	-0.0363942	-0.217919	-0.0556382	0.000188487	-0.0145904	0.0390548	-0.227131	-0.0165755	-0.00291083	0.0203549	-0.0599238	-0.00278113	0.0508898	0.17848	0.00217322	0.00600526	-0.00233122	-0.0156126	-0.0156124	
-0.0433964	0.05064	-0.0527637	-0.0395954	-0.220726	-0.0543411	0.00160877	-0.0243232	0.0380985	-0.221024	0.00605816	-0.00717117	0.0106773	-0.0583028	0.0347026	0.0729584	0.1799	0.00229642	0.00741813	0.000298638	-0.00139619	
-0.0425365	0.055088	-0.0498172	-0.0379791	-0.215984	-0.0533185	3.80663e-05	-0.0166922	0.0314441	-0.213866	0.0129436	-0.00197011	0.0130467	-0.0586977	0.0325929	0.055113	0.173598	0.00127376	0.00337052	-0.00264781	-0.00797171	
-0.0409924	0.0556092	-0.0533284	-0.036421	-0.221552	-0.0528911	3.90792e-05	-0.0147246	0.0296351	-0.206405	0.00412348	-0.00284798	0.0199204	-0.0592998	0.0152345	0.0887323	0.173599	0.00116107	0.00616363	0.000237304	-0.0167111	
-0.0418779	0.0511301	-0.0512454	-0.035233	-0.217058	-0.0525542	0.00154322	-0.00964213	0.0295837	-0.220009	-0.00882193	-0.00687178	0.0139002	-0.0586496	0.0133599	0.0724231	0.176244	-0.00220767	0.0160426	0.000195572	-0.0275846	0.0317237	
-0.0426563	0.0526617	-0.053	-0.0394985	-0.215823	-0.0533291	-0.000526281	-0.0166601	0.031622	-0.224351	0.0127304	-0.00249048	0.0162717	-0.0587534	0.0110947	0.0619989	0.175879	-0.000814906	0.0156782	-0.00163361	-0.0112805	0.00364718	0	
-0.0423054	0.0482669	-0.0543748	-0.0379288	-0.207363	-0.0529782	-0.00127059	-0.0159277	0.0460037	-0.229334	-0.0164236	-0.00903321	0.0176312	-0.0575802	0.0557378	0.0727996	0.17623	-8.98892e-05	0.00660948	-0.000718659	-0.00835507	
-0.042242	0.0541309	-0.0522563	-0.0408845	-0.211614	-0.0535223	0.0045156	-0.0183626	0.0366781	-0.209662	0.0176962	-0.00172504	0.016708	-0.0580481	0.0331087	0.0804444	0.178382	0.000189149	0.0109507	-0.00266511	-0.0133297	-0.0159315	
-0.0418775	0.0504015	-0.0544036	-0.0317789	-0.226683	-0.0531578	0.00398698	-0.0207265	0.0395321	-0.220813	-0.0121035	-0.00657114	0.0141186	-0.0580885	0.0402144	0.0749262	0.180346	-0.00012632	0.0204081	0.000520564	-0.0154223	0	
-0.042925	0.0397278	-0.0518342	-0.0400565	-0.228984	-0.0516473	-0.00153919	-0.00626065	0.038315	-0.224468	-0.00150385	-0.0145325	0.0280564	-0.0568521	0.0280483	0.0445524	0.185476	0.00127202	0.00809939	0.000448939	-0.0237398	0.0873024	
-0.0423466	0.0495875	-0.0523314	-0.0380615	-0.243461	-0.0522618	0.000689624	-0.0130068	0.0389966	-0.239329	-0.0180444	-0.00591218	0.0162237	-0.0560214	0.0308476	0.066878	0.198714	0.000621543	0.0113959	-7.97095e-05	-0.0143713	-0.00788462	
-0.040594	0.0437082	-0.0521853	-0.0413119	-0.229215	-0.0529233	0.000689624	-0.0130068	0.0278396	-0.235369	0.0285242	-0.0117729	0.0284883	-0.0570273	0.0361913	0.0653738	0.185813	0.00164417	0.00285666	0.000380022	-0.017689	-0.00507616	
-0.0429513	0.0426367	-0.0534504	-0.0334143	-0.232615	-0.0530774	0.000689624	-0.0146686	0.0326125	-0.220806	0.00614372	-0.0138961	0.0221611	-0.0576843	0.0246036	0.0580081	0.185813	0.00165465	0.0175305	0.00163788	-0.015132	
-0.0408802	0.0480657	-0.0540377	-0.0389909	-0.230056	-0.0497537	0.000689624	-0.0228331	0.0372335	-0.233149	-0.0179726	-0.00613029	0.0162471	-0.0566473	0.0277038	0.0662877	0.185813	-0.000632096	0.0127402	0.00222518	-0.01386	
-0.041572	0.0419935	-0.0513776	-0.0397561	-0.242766	-0.0508754	-0.00014389	-0.0161593	0.0264741	-0.240527	-0.0129806	-0.0148084	0.0273345	-0.0567085	0.0423996	0.0660841	0.192957	0.000267879	0.00500945	-0.00139545	-0.00923203	
-0.0410207	0.0471965	-0.0548061	-0.0484227	-0.237704	-0.0534328	0.00317567	-0.0149505	0.02643	-0.2464	0.00294986	-0.01143	0.0210778	-0.0576027	0.0299531	0.0592081	0.190089	-0.00082963	0.00709769	0.000401298	-0.00178805	
-0.0397006	0.0482852	-0.0536936	-0.0357471	-0.234243	-0.0535908	0.0031897	-0.0120498	0.0350711	-0.241509	-0.0130415	-0.00751032	0.0232196	-0.0582847	0.0265665	0.0582502	0.188235	0.000906537	0.0140894	-0.000725553	-0.0102977	
-0.0482236	0.0462434	-0.0539669	-0.0361994	-0.257812	-0.0530982	-0.00232736	-0.0144568	0.0453616	-0.254929	-0.0228708	-0.0132255	0.0168993	-0.0580558	0.0108615	0.0678747	0.206547	-0.00180698	0.0126591	-0.00240861	-0.0217162	0.00197743	
-0.0462485	0.0485669	-0.0551483	-0.038041	-0.253767	-0.0543546	-0.00232736	-0.0169878	0.0287877	-0.259466	-0.0246524	-0.0117038	0.0212715	-0.0601114	-0.00299606	0.0962596	0.206547	0.000288779	-0.00237822	-0.00122369	-0.0156586	-0.014333	0.00399191	
-0.0459595	0.0516311	-0.0529337	-0.0371833	-0.256048	-0.0556018	-0.00203841	-0.019321	0.0327637	-0.257269	0.000997425	-0.00666956	0.0198064	-0.0591861	0.0106017	0.0592524	0.206836	-0.000368561	0.0137571	-0.00176831	-0.0155188	-0.0161495	
-0.0450599	0.050934	-0.0537992	-0.0364795	-0.241902	-0.0553834	-0.00203841	-0.0163814	0.0289506	-0.238257	-0.0257656	-0.00957957	0.0238509	-0.0603145	0.0102517	0.0607154	0.195497	9.22479e-05	0.0176192	-0.00325926	-0.00393541	
-0.0389412	0.0494635	-0.0526543	-0.0225727	-0.23885	-0.0528415	-0.00534146	-0.0178536	0.0444023	-0.24542	-0.0122541	-0.00684	0.0312488	-0.0577241	0.0121771	0.0503265	0.197604	0.00242006	0.014106	-0.0016076	-0.00538182	-0.029514	0.0157319	0.000127958	
-0.04424	0.050322	-0.051934	-0.0368937	-0.246274	-0.0542855	-0.00546559	-0.0157749	0.0262475	-0.24972	-0.0135638	-0.00658655	0.0292594	-0.0577566	0.00557258	0.0539057	0.200664	0.00249098	0.00354314	0.00194834	-0.0164249	0.00112555	0	
-0.0437861	0.0549171	-0.0547469	-0.0231853	-0.232129	-0.0535867	-0.00808819	-0.017443	0.0533954	-0.232251	0.0196476	-0.00458591	0.0232975	-0.0584915	0.0254522	0.0701368	0.18494	0.000413567	0.00486986	0.00132737	-0.00520161	
-0.0439416	0.0547365	-0.0541231	-0.035653	-0.228451	-0.0544217	-0.00346143	-0.0203373	0.0356607	-0.219715	0.00678739	-0.00183626	0.0168782	-0.058785	0.0363065	0.0502715	0.18494	0.00234553	0.0234396	0.00070355	-0.00381204	-0.000947757	
-0.045005	0.0541308	-0.0541231	-0.0277754	-0.253966	-0.052968	-0.00508567	-0.0144867	0.0383611	-0.256775	-0.00529567	-0.00208758	0.0420548	-0.0589366	0.0190467	0.06394	0.206312	-0.000659592	0.0138116	0.000550776	-0.0128595	-0.0794458	
-0.045005	0.0551379	-0.0547115	-0.0311091	-0.269415	-0.0526187	-0.00605502	-0.0161307	0.0377366	-0.269228	0.0443196	-0.00303735	0.0179284	-0.0582141	0.0128441	0.0347294	0.225122	-0.000114512	0.0160288	0.00170632	-0.0128458	-0.0303553	
-0.0404008	0.0508201	-0.0525172	-0.0376469	-0.265129	-0.0523377	-0.00412986	-0.0114262	0.0333777	-0.26983	0.0404677	-0.00538211	0.026106	-0.0561998	0.0229567	0.0363827	0.22472	0.00124869	0.0147299	0.000123499	-0.0142313	0.020234	-0.0209936	
-0.044918	0.0528994	-0.0519589	-0.0384656	-0.256991	-0.0507953	-0.00137474	-0.0145888	0.0429882	-0.263004	-0.00259296	-0.00259447	0.0220267	-0.0568091	0.00971829	0.0653203	0.213543	-0.000293709	0.0111423	-0.00102786	-0.00900066	-0.00641204	-0.0246969	
-0.044792	0.0496775	-0.0525743	-0.0346513	-0.238711	-0.0531627	-0.00137474	-0.0135468	0.0380889	-0.24391	0.000486261	-0.00527163	0.0155052	-0.0566737	0.0182825	0.0600459	0.19798	0.0016793	0.0127508	0.00498122	-0.00278605	0.0132771	-0.0354659	0.0547428	
-0.0442529	0.0494972	-0.054884	-0.0413462	-0.24311	-0.0527729	0.00251504	-0.00927263	0.0520681	-0.237999	0.0109888	-0.00599011	0.0218948	-0.0562839	0.0438528	0.0387052	0.19837	0.00251632	0.0108837	0.00461981	-0.0159557	-0.0204758	
-0.0438856	0.0446928	-0.0536184	-0.046156	-0.253267	-0.0510436	0.00675602	-0.0154582	0.0293738	-0.249761	-0.0140657	-0.0110208	0.0218588	-0.0571871	0.0200153	0.0529452	0.210723	0.00278002	0.0253515	0.00179801	-0.019106	0.0193682	-0.0134685	0.0250451	
-0.0438856	0.0477568	-0.0516865	-0.0409954	-0.239535	-0.0514557	-0.00143046	-0.0154582	0.0348875	-0.23722	-0.0133139	-0.0072017	0.0190635	-0.056104	0.0306917	0.0405987	0.194758	0.0012362	0.0232933	0.000548022	0.00294285	-0.0102283	
-0.0458798	0.0480095	-0.0536116	-0.0425832	-0.234324	-0.0522485	0.00665817	-0.0168367	0.0383416	-0.215886	0.00431555	-0.00490405	0.0259718	-0.0568258	0.0378754	0.0390919	0.194758	0.000814647	0.0369523	0.00278202	-0.00636662	-0.0268834	-0.00709455	
-0.0456298	0.0435232	-0.0519056	-0.0342683	-0.234029	-0.0511689	0.00124643	-0.0115034	0.0384363	-0.244128	-0.00866713	-0.0113772	0.0151713	-0.0563524	0.0161205	0.0493764	0.194758	-0.000179275	0.00467065	0.00189811	-0.0107353	-0.0392997	0	0	0	-0.0157975	
-0.042345	0.0459715	-0.0527187	-0.0297479	-0.237248	-0.0512172	0.0361577	-0.0240685	0.0291448	-0.238299	0.0177492	-0.010404	0.0167335	-0.0570127	0.016937	0.0510179	0.194758	-0.000217983	0.0177869	0.00200171	-0.00230023	-0.00815633	-0.0291961	
-0.0402553	0.0453539	-0.0535321	-0.0136814	-0.234333	-0.0506748	0.01632	-0.0194489	0.0375022	-0.203962	-0.0160883	-0.0080124	0.0205726	-0.056268	0.033308	0.0346274	0.189439	-0.000318118	0.0113234	0.0032488	-0.00554807	-0.0427978	-0.201457	
-0.045032	0.0520405	-0.0544888	-0.0214707	-0.230935	-0.0529002	0.0143924	-0.020044	0.054682	-0.185333	0.014464	-0.00407301	0.0181108	-0.0587793	0.0339861	0.0770558	0.186934	-0.00040929	0.00840884	0.000155333	-0.00830205	-0.0173868	0	
-0.0426288	0.0450227	-0.0534965	-0.0243845	-0.237092	-0.0535978	0.0192892	-0.0208438	0.0611007	-0.224596	-0.00881807	-0.0112572	0.0348299	-0.0581652	0.0231833	0.0570983	0.193872	0.000788541	0.00774851	0.000486441	-0.00941637	0.00430772	-0.0186153	
-0.0443111	0.0493837	-0.0534441	-0.0135532	-0.239829	-0.0535978	0.013104	-0.00985916	0.0299839	-0.225119	0.0133759	-0.00392795	0.0257586	-0.0574672	0.0236923	0.0777979	0.193872	0.00106471	0.00135773	0.000233469	-0.0215514	-0.0582099	
-0.0421199	0.0520623	-0.0534689	-0.0208555	-0.235344	-0.0526456	0.0204063	-0.0154079	0.033878	-0.215535	0.0570987	-0.00376399	0.0245437	-0.0576771	0.0201361	0.0920621	0.193872	-0.000134396	0.00602697	0.000394452	-0.00846289	0.00384056	
-0.044838	0.0489027	-0.0534689	-0.0128317	-0.239646	-0.0516337	0.0127884	-0.0211875	0.0291766	-0.232283	0.0172526	-0.00394618	0.0281453	-0.05734	0.0267638	0.0910824	0.197764	0.000446712	0.00360527	0.000235637	-0.00844003	-0.0434596	
-0.0438467	0.0488248	-0.0539289	-0.0082143	-0.244947	-0.0513553	0.00817103	-0.0156003	0.0299988	-0.225324	0.00115197	-0.00326662	0.0233292	-0.0568126	0.0187814	0.0667078	0.203782	-0.00124002	0.0110513	-0.00035603	-0.0160759	0.00034728	0.000188116	0	
-0.0431371	0.0527254	-0.0539289	-0.0148459	-0.253791	-0.0510801	0.014059	-0.0156003	0.0408113	-0.228066	-0.00449564	-0.00281809	0.0144234	-0.0583578	0.0124937	0.0725984	0.203782	-0.00180533	0.0122825	0.00108361	-0.0138029	-0.0161323	0.0106528	0.0166947	
-0.0437173	0.0482796	-0.0539289	-0.00922533	-0.249728	-0.053908	0.0062038	-0.0101272	0.032307	-0.229123	-0.00192366	-0.0065852	0.0330258	-0.0577416	0.00731748	0.046976	0.203782	0.00102256	0.0107014	0.00319552	-0.013593	-0.0259664	0	
-0.0412141	0.0483493	-0.0531701	-0.0161376	-0.227141	-0.0532727	0.013116	-0.00798916	0.0290464	-0.222748	-0.00158852	-0.00409028	0.032265	-0.0581235	0.0128692	0.0760541	0.17889	0.00107118	0.0152144	-0.00110876	-0.0260373	0.00969496	
-0.0431277	0.0504293	-0.0554943	-0.0150904	-0.268458	-0.055826	0.00718343	-0.0131555	0.0368094	-0.26071	-0.00745644	-0.00485183	0.0306196	-0.0585885	0.0222434	0.080726	0.218915	0.00283986	0.0104116	0.00132316	-0.0207701	-0.0207672	-0.00666809	
-0.0455194	0.0523133	-0.0551686	-0.0250272	-0.266604	-0.0532746	0.020389	-0.0177196	0.0368618	-0.266516	-0.0177021	-0.00157727	0.0322057	-0.0585885	0.0420807	0.0585362	0.217968	-0.000639251	0.00659324	0.000233565	-0.0185891	-0.0626462	0.00911589	-0.0168452	0.000804121	0	
-0.0427915	0.0513014	-0.0563774	-0.0197243	-0.269846	-0.0534873	0.0112691	-0.0180499	0.0409866	-0.261521	-0.0240441	-0.000511927	0.022524	-0.0585885	0.0466741	0.0689169	0.220552	-0.000426561	-0.00429746	0.00312288	-0.0178663	-0.0529395	0	-0.037981	0.0234189	
-0.0424598	0.0471256	-0.0550079	-0.0158823	-0.261186	-0.0537065	0.00749143	-0.0120427	0.0365663	-0.262574	0.00926061	-0.00556643	0.0218184	-0.0592268	0.0277701	0.0699089	0.220552	-0.00052223	0.00213247	0.000255989	-0.017199	-0.0831201	-0.0334963	0.0494678	-0.0215003	
-0.0428464	0.0507088	-0.0551539	-0.025128	-0.257834	-0.0642693	0.02324	-0.00706965	0.0408872	-0.259671	-0.0187969	-0.0065317	0.0215319	-0.0599058	0.019589	0.0563396	0.215723	-0.000278413	7.78139e-05	-0.00149636	-0.0246477	-0.0747843	0.00959585	0.0955022	-0.00765655	0.0108551	
-0.0427405	0.0520279	-0.0550996	-0.0173969	-0.265508	-0.0532942	0.00372245	-0.0184044	0.0370042	-0.269515	-0.0168854	0.000694248	0.0250008	-0.0582613	0.0382059	0.0822494	0.221018	-6.81585e-05	0.00133955	2.57256e-05	-0.0247747	-0.0764149	0.0197781	
-0.0427405	0.0514573	-0.0546942	-0.0263031	-0.232382	-0.0543413	0.0176866	-0.0184044	0.044514	-0.237715	0.0110019	-0.00263609	0.0216572	-0.0587498	0.0946397	0.0800216	0.182978	-0.000316997	0.00759427	5.5287e-05	-0.00669568	-0.0256576	0.180429	
-0.0417538	0.0495246	-0.0534668	-0.0156801	-0.265204	-0.0519524	0.00622451	-0.010155	0.0423029	-0.2699	-0.0155844	-0.00136032	0.0215476	-0.056086	0.0516917	0.0531596	0.216968	0.00295388	0.0292988	0.0015126	-0.0221831	-0.0550981	
-0.0447624	0.056333	-0.0542085	-0.0238807	-0.26117	-0.0536108	0.0115755	-0.0230285	0.0380594	-0.269938	-0.0151015	0.000312783	0.0264906	-0.0595356	0.0283937	0.091252	0.213518	-0.00135941	0.00732455	-0.000826348	-0.00676026	-0.0532933	-0.0342445	-0.0235443	0.00581202	0	
-0.0452215	0.0549711	-0.0561135	-0.0226004	-0.257096	-0.0536108	0.0108569	-0.0216085	0.032214	-0.266545	0.0103466	-0.000534054	0.0212106	-0.061264	0.00598897	0.0636906	0.208575	0.00151883	0.0123492	-0.000463939	-0.00780572	-0.0906207	-0.00450092	-0.0449709	
-0.046019	0.0569696	-0.0571927	-0.0220558	-0.257568	-0.0577309	0.00978575	-0.0221495	0.043606	-0.269592	-0.0206199	0.00281911	0.0386013	-0.0616117	0.04458	0.0744004	0.207685	0.00020099	0.00583751	0.00110818	-0.0133113	-0.0607739	
-0.0478916	0.0541361	-0.0571927	-0.0276373	-0.250888	-0.0560355	0.0151142	-0.0160289	0.0376295	-0.256356	-0.000913312	-0.000731319	0.0227818	-0.0605739	0.0192138	0.0594863	0.203877	0.000235027	0.0135269	0.00110818	-0.0205745	-0.0592545	-0.010755	
-0.0459891	0.0529195	-0.0548967	-0.0133589	-0.233265	-0.0550396	0.0148136	-0.028888	0.0418192	-0.249123	-0.0104792	0.00156458	0.0272796	-0.0599593	0.0421025	0.0568118	0.193129	0.00156334	0.00864404	0.0015591	-0.0029602	-0.0395768	0.0152594	0	
-0.0459891	0.0569537	-0.0540783	-0.0214421	-0.266346	-0.0540523	0.0156283	-0.00806899	0.0280421	-0.268061	-0.0112629	0.00149268	0.0301427	-0.0599593	0.0129524	0.0585952	0.218181	-0.00128379	0.0006712	0.000232459	-0.0336755	-0.0690445	0.00179764	-0.0958124	0.0162467	0	
-0.0463468	0.0548767	-0.0542489	-0.0254834	-0.244119	-0.0552977	0.0187445	-0.0192467	0.0304372	-0.252254	-0.00207576	-0.00143252	0.0202092	-0.0597384	0.0194759	0.0597317	0.195365	0.00122092	0.0166772	0.000772668	-0.0156266	-0.036698	0	
-0.044981	0.0548979	-0.0542489	-0.0254834	-0.245134	-0.053749	0.0223366	-0.00840683	0.0414774	-0.237421	0.0136303	0.00167053	0.0230594	-0.059366	0.0229778	0.0506459	0.195365	-0.00125944	0.0158273	-0.000696973	-0.0305811	-0.0203539	-0.00534812	-0.0346465	
-0.0438694	0.051918	-0.0526652	-0.0170534	-0.244775	-0.0525141	0.0178046	-0.0198458	0.0306007	-0.248009	0.00519793	-0.00164499	0.0280797	-0.0595642	0.00517372	0.0780391	0.194807	-0.00182807	0.0114325	-0.00220905	-0.0125334	0.00205764	
-0.0440411	0.0519315	-0.0532472	-0.0213037	-0.24175	-0.0536683	0.0220548	-0.0224738	0.0344871	-0.242418	0.00298158	-0.00163151	0.0212337	-0.0587274	0.0118556	0.0462937	0.190934	0.00101916	0.00415943	0.000770374	-0.0148465	-0.055776	
-0.0414649	0.0528845	-0.0518732	-0.0153586	-0.261099	-0.0501258	0.00978654	-0.0199398	0.0246756	-0.253229	-0.0108285	-0.000162873	0.0201315	-0.0575558	0.0201112	0.0614004	0.214035	-0.00331282	0.0288624	0.000567952	0.00291376	-0.0537729	
-0.0427021	0.050417	-0.0513195	-0.00301714	-0.248612	-0.0512047	0.00951608	-0.0257532	0.0255745	-0.258514	0.031759	-0.00421345	0.0210209	-0.056982	0.0219047	0.0665747	0.205494	-0.00126965	0.0140504	-6.97478e-05	0.00616152	-0.084912	
-0.0423378	0.0511623	-0.0518881	-0.0138044	-0.247319	-0.0534416	0.0148001	-0.0179699	0.0246443	-0.249538	0.00420321	-0.00451977	0.0191514	-0.0585825	0.002198	0.0582174	0.20355	-0.00181481	0.0145338	-0.00134569	-0.0073447	-0.0527528	0	
-0.0442116	0.0525219	-0.0527718	-0.0139829	-0.229722	-0.0532411	0.0139652	-0.024201	0.0522734	-0.225074	-0.0185028	-0.00524411	0.024077	-0.0587632	0.0175519	0.0742139	0.180698	0.0011439	0.00696673	-0.0011796	-0.0107371	-0.0567047	
-0.0450964	0.0482475	-0.0508993	-0.0194361	-0.260365	-0.0541972	0.0201851	-0.0184055	0.050246	-0.269151	-0.00195432	-0.00719357	0.0216848	-0.0584704	0.011422	0.069581	0.214937	0.00110483	0.0148127	-0.00207253	-0.021348	-0.0583937	-0.0215817	
-0.0450046	0.0479822	-0.0512118	-0.00602238	-0.227656	-0.0531075	0.0097472	-0.011389	0.0389738	-0.235482	0.0142866	-0.00740675	0.0240397	-0.06013	0.00534647	0.0835476	0.183794	-0.00202882	0.0148127	-0.00168337	-0.0264133	-0.0123868	
-0.0427016	0.0506133	-0.0519069	-0.0151121	-0.233953	-0.0523761	0.0114139	-0.0285845	0.0340109	-0.231449	-0.0167722	-0.00520837	0.0178171	-0.0595226	0.0106167	0.0568164	0.188837	-0.00159646	0.0121331	-0.000988251	-0.0024346	-0.0235432	0.0695003	
