-0.0191127	-0.0097208	0.155596	-0.0143701	-0.0155423	-0.0024117	2.59e-05	0.0496304	0.0134092	-0.0150441	0.0055225	0.0338019	0.113505	0.296355	0.0874455	-0.0156642	0.0303329	-0.0158574	-0.0167192	0.0272942	0.0687453	0.0876388	0.0168473	0.0133143	-0.0080735	0.0562859	0.0088167	-0.0065586	-0.0131937	0.0585948	0.173722	0.021643	0.0103531	0.321611	0.0274546	0.0483341	0.327223	0.020086	0.258237	0.127178	0.0295723	-0.0236112	0.032853	0.0054868	0.0098654	0.012798	0.0513864	0.0186423	0.332423	-0.0032028	-0.0130914	-0.0074958	0.0189864	-0.003258	0.0519657	0.0118263	-0.0174004	0.0144709	-0.0049955	0.0795558	-0.0068672	-0.0084263	0.26957	0.0096629	0.15674	-0.0052666	0.0541468	0.0054011	-0.0216496	0.0774478	0.0113976	-0.0195025	0.343839	0.0577236	-0.005319	0.0357311	0.0162631	0.0207581	-0.0111168	-0.0324798	0.0139989	
-0.0191127	-0.00901716	0.146263	-0.0160822	-0.0163383	-0.00110591	0.00146676	0.0468268	0.370206	-0.0150441	0.032085	0.0120213	-0.0160115	0.0436757	0.0556654	0.00152304	0.236384	0.0667842	0.0246517	0.225441	0.027621	0.0303414	0.30158	0.0132955	0.167959	0.130281	-0.0318599	0.0308208	-0.0167952	0.00495546	-0.00326144	0.0638251	0.142631	0.0146447	-0.0197788	0.061987	0.00291838	0.177519	0.0277087	0.0051394	-0.0194538	0.060448	0.0562871	-0.0152259	0.0539513	0.0688941	-0.0364657	
-0.0191127	-0.00541266	0.1285	-0.0159226	-0.0105886	0.00226003	0.141722	0.309048	-0.015173	0.355014	-0.0153339	0.0943344	0.058983	0.0225171	0.0655845	0.0308208	0.231342	0.159366	0.0380222	0.199995	-0.00110591	0.0463466	0.175622	0.0692346	0.0667329	-0.00652669	0.0248064	0.341562	0.0177441	0.152118	-0.0214461	-0.0397639	-0.00188486	
-0.0198688	-0.0111832	0.123565	-0.014748	-0.0136698	0.106931	0.00227306	0.134514	0.118439	-0.0161144	0.213618	-0.0154732	0.0103652	0.0267245	0.189912	0.012064	-0.0190165	-0.00600598	0.227375	0.0781641	0.362978	0.0353953	0.0304548	0.212873	-0.00271955	0.0399872	0.18023	0.014321	
-0.0205264	-0.0140425	0.114105	-0.0164825	-0.0152561	0.136257	0.00190406	0.123412	0.328582	-0.0173391	0.107875	-0.0172983	0.0180571	0.0213549	0.0391277	0.156657	0.151999	-0.0213928	-0.00412931	0.0510739	0.253038	0.0289938	0.011207	0.211561	-0.00240187	
-0.0194629	-0.00881934	0.101434	-0.0149577	-0.0104051	0.110702	0.000180561	0.056374	0.131475	-0.014093	0.0960933	-0.0176216	0.0122503	0.0350368	0.0433844	0.18087	0.111927	-0.0148575	0.0320168	0.00509201	0.0140208	-0.00698182	-0.0137164	0.085983	0.312129	0.0338132	0.0325754	0.18777	-0.00243727	
-0.0192657	-0.00234824	0.117851	-0.0159955	-0.00882821	0.167512	0.000892991	0.139926	-0.0140587	0.12579	-0.0179841	0.0186808	0.0505185	0.12633	0.170077	-0.00343935	0.0199809	-0.00355003	0.0525723	-0.0103736	0.284771	0.0199652	0.0320555	0.276293	-0.00172484	
-0.0187723	-0.0023327	0.0983739	-0.0177951	-0.0091355	0.0765518	0.000786757	0.0901747	-0.0117708	0.043778	-0.0164569	0.0186808	0.0505185	0.162929	0.282191	0.0198639	-0.000482333	-0.00172484	-0.00328953	0.0259727	-0.0109715	0.281749	0.0344139	0.058663	0.250157	
-0.0194438	-0.00420912	0.11526	-0.016091	-0.00832581	0.194256	0.000786757	0.224694	0.170006	-0.0106631	0.069065	-0.0170988	0.0225341	0.0250075	0.188902	0.173247	0.0270965	-0.00310945	-9.80149e-05	-0.00172484	0	0.0417082	-0.00829722	0.281749	0.03232	0.0469363	
-0.0183261	0.000992543	0.0930674	-0.0154174	-0.00606061	0.127672	0.000350554	0.264997	0.165452	-0.00988868	0.0463227	-0.0179787	0.0123991	0.0628386	0.11673	0.194405	0.028435	-0.00118872	-0.00175813	-0.00216104	-0.000430759	-0.00319549	0	0.0754236	-0.0104499	0.281313	0.0539004	0.0462457	
-0.00791361	-0.00627556	0.0930674	-0.0164033	-0.00432464	0.157156	0.0027523	0.283321	0.10602	0.010603	0.0622132	-0.0185911	0.0207381	0.0272436	0.114136	0.157212	0.0533802	-0.00540509	-0.0193624	-0.00216104	0.0334848	-0.00201571	0.0688432	-0.000809946	-0.0125554	0.31809	0.0264247	
-0.0112406	-0.001909	0.101163	-0.0155142	-0.0121667	0.127486	0.277405	0.141311	0.102067	0.14098	0.0428541	-0.0187838	0.0298985	0.0299926	-0.0120083	4.18336e-05	0.0500666	-0.00037082	-0.0193624	-0.00110102	0.0320179	0.169838	0.0272964	0.0333026	-0.000533711	
-0.0125737	-0.0064119	0.0383105	-0.00899786	0.139981	0.29236	0.162196	0.229255	0.198586	0.0769271	-0.0183261	0.0128707	0.0264359	-0.0102552	0.00345303	-0.0158829	-0.00293933	0.133367	-0.0191798	-0.00104995	0.0189974	0.171176	0.0256734	0.0136589	0.00158907	
-0.0101681	-6.88854e-05	0.0394057	0.0241441	-0.00857176	-0.0199481	0.336522	0.169142	0.169204	0.164283	0.0377046	-0.0193012	0.03156	0.0335168	-0.0119571	0.000929005	-0.0155528	-0.00489525	0.100615	-0.00132017	0.0832377	0.104911	0.01667	0.0684166	-0.00225934	
-0.0129206	-0.000788768	0.025763	0.0415315	-0.00677558	-0.019522	-0.0176232	0.142568	0.0435815	0.187584	0.0270513	0.0265568	0.0217563	-0.00731342	-0.0131049	0.00295574	-0.0129402	-0.00491289	0.130829	0.31441	-0.0027277	0.213596	0.144161	0.0281489	0.0248464	0.0070149	
-0.0130688	0.00460905	0.0335793	0.0167487	0.00744079	-0.019522	-0.0189457	0.122534	0.0609624	0.0989348	0.0347011	0.0313649	0.0203423	0.0035026	-0.0166983	-0.00135725	0.101645	0.371855	-0.000919275	0.169933	0.200546	0.0402662	0.0327922	-0.0128813	
-0.0115987	0.00562424	0.0460069	0.0226808	-0.00372281	-0.0193687	-0.018023	0.137745	0.11189	0.135642	0.0326903	0.0190824	0.0140688	0.00184451	-0.0146752	-0.00625402	-0.00373927	0.106389	0.306118	-0.00161946	0.101846	0.165457	0.0437301	0.0335048	-0.0039082	
-0.0140064	0.0025889	0.0244355	0.0955318	-0.00513956	-0.0203297	-0.0161439	0.229611	0.0485616	0.123878	0.0422512	0.0433203	0.0283859	0.00220527	-0.0156708	-0.00918686	-0.00156811	0.00660222	0.119958	0.368553	-0.000432472	0.0654967	0.0769841	0.0401805	0.0108741	-0.00791378	0.00839852	
-0.0123242	0.00236183	0.0323109	0.00941863	-0.00505445	-0.0196461	-0.0183609	0.253794	0.121775	0.155068	0.0326002	0.00740086	0.026897	0.00133052	-0.014708	-0.00565104	0.00247724	0.0628939	0.0875911	0.317506	-0.00304039	0.152887	0.106433	0.0338779	0	-0.00565669	0.00073053	
-0.0115706	0.0012397	0.0367407	0.0850004	-0.00591802	-0.0194944	-0.0179664	0.284127	0.109747	0.12637	0.0307029	0.0266559	0.0258068	0.00201599	-0.014752	-0.0108863	-0.00112879	0.112058	0.144701	0.289499	-0.000792261	0.124736	0.151293	0.0607397	0	
-0.0118447	0.00391821	0.0276925	0.0305187	-0.00182747	-0.0194944	-0.0175353	0.218438	0.0648063	0.154503	0.0198805	0.0223222	0.0298398	0.00415339	-0.016647	-0.0105017	-0.000306387	0.0185704	0.140383	0.252632	-0.00222741	0.193585	0.156963	0.072209	0	
-0.00970174	0.00101168	0.0238513	0.0211449	0.00364306	-0.0194944	-0.016993	0.240424	0.0721375	0.102201	0.0267177	0.0116258	0.0292763	0.00415339	-0.0147618	-0.00871994	-0.00127544	0.128992	0.333552	-0.00261957	0.205029	0.0556025	0.0572031	
-0.0101138	0.00310413	0.187548	0.0402013	0.000170059	-0.019843	-0.0181221	0.233803	0.0987965	0.155351	0.0499438	0.0589198	0.0297688	0.00415339	-0.0166761	-0.0105668	-0.00090392	0.121161	0.0707212	0.265969	-0.00191598	0.173081	
-0.0131999	0.00420056	0.193288	0.0840469	-0.00399089	-0.019685	-0.0170056	0.166811	0.106178	0.114945	0.0233316	0.0283193	0.0167876	0.00415339	-0.0166615	-0.0128952	-0.00444399	0.0898761	0.0527292	0.280837	-0.00330166	0.211653	
-0.0108851	0.00703097	0.205524	0.0733815	-0.00869038	-0.0196036	-0.0188222	0.222405	0.154836	0.121862	0.0419036	0.0123233	0.0277436	0.0024981	-0.0165612	-0.0125192	-0.00537631	0.115453	0.0388975	0.272065	-0.00108902	0.175849	
-0.0145595	0.00945414	0.157902	0.068088	-0.00890004	-0.020831	-0.0173865	0.160864	0.110103	0.0840362	0.0438753	0.0222071	0.0208595	0.001594	-0.0183927	-0.0103674	-0.001892	0.106988	0.0379118	0.289967	-0.00218366	0.169777	0.00248977	-0.0100031	0.0101146	
-0.0152055	0.00325435	0.199033	0.0937125	-0.00525478	-0.0200835	-0.0186514	0.170741	0.229115	0.172761	0.0532065	0.0458698	0.0280577	0.001594	-0.0157801	-0.00754825	-0.00111933	0.109852	0.0618893	0.286423	-0.00265884	0.127243	-0.00274941	-0.00759142	
-0.0141955	0.00348345	0.173811	0.0651047	-0.0108574	-0.0194518	-0.0169054	0.139122	0.140425	0.14692	0.0315725	0.0422865	0.02576	0.00256453	-0.0142147	-0.0110398	-0.00464496	0.131389	0.0564221	0.336443	-0.00199953	0.160291	0.000162365	
-0.0153037	0.0127358	0.149292	0.0482752	-0.0123027	-0.0206568	-0.019665	0.157289	0.144199	0.0957648	0.0182944	0.0148603	0.0231791	0.000587949	-0.0182566	-0.0110829	-0.00251449	0.10358	0.0346542	0.254303	-0.000810665	0.146948	0.00606059	
-0.01205	0.00428357	0.133161	0.0303513	-0.00764461	-0.0203959	-0.0200215	0.248612	0.0747533	0.0674746	0.0210166	0.0162403	0.0225828	0.000124057	-0.0182371	-0.00728345	-0.00391119	0.108182	0.0442204	0.291245	-0.0031847	0.115384	0	
-0.0146011	0.00812834	0.158855	0.0176159	-0.0105033	-0.0204077	-0.0213002	0.225907	0.0974127	0.113453	0.0830387	0.00960137	0.0243458	0.00117058	-0.0184706	-0.0087973	-0.00234142	0.10448	0.0393666	0.258579	-0.00116775	0.143773	0.00510993	
-0.0150729	-0.00110607	0.0453733	0.0220237	0.00782418	-0.0196297	-0.0198538	0.225498	0.0545077	0.0719405	0.0477755	0.00492471	0.0299333	0.00254557	-0.0182948	-0.00925246	6.45479e-05	0.105135	0.0651044	0.245239	-0.00116775	0.137526	0.0190422	0	0.0101087	
-0.0121835	0.00704543	0.113705	0.0334046	-0.00146837	-0.0195134	-0.0199236	0.168426	0.108277	0.104373	0.0213027	0.012184	0.0215918	0.000859966	-0.0171086	-0.011552	-0.00322272	0.0854936	0.0390867	0.300711	-0.00212638	0.131802	-0.00259405	-0.0153403	
-0.0126144	0.00437191	0.0835674	0.0280653	-0.00229114	-0.0201216	-0.0200097	0.228185	0.0632566	0.129906	0.0322697	0.0504168	0.0199474	0.00127155	-0.0179427	-0.00642646	-0.00160882	0.11024	0.0951529	0.263905	-0.0015627	0.136121	
-0.0122566	0.00210907	0.114145	0.0399078	-0.0034613	-0.019833	-0.0205922	0.156701	0.10649	0.0811973	0.030986	0.0160903	0.0218003	0.00127155	-0.0178521	-0.00979874	-0.00604103	0.105399	0.053294	0.270183	-0.001445	0.201432	
-0.0126639	0.00463231	0.195248	0.0351013	-0.00061072	-0.0190469	-0.0202682	0.25063	0.15018	0.0809382	0.0357329	0.00727049	0.00989164	-0.000209169	-0.0164318	-0.0114723	-0.00309393	0.119585	0.0247566	0.291189	-0.00111084	0.145716	0	0	
-0.0176694	0.00304992	0.128518	0.0358401	-0.00573266	-0.0215236	-0.0187434	0.212158	0.180356	0.122042	0.0363247	0.0139867	0.0190868	0.00061015	-0.0176889	-0.00840743	-0.00944952	0.123849	0.038721	0.306895	-0.0020709	0.14458	
-0.0126599	-0.00127405	0.216673	0.0539417	0.00275881	-0.0183458	-0.019012	0.201877	0.119731	0.100848	0.0195431	0.00782141	0.0256493	0.00110261	-0.0164038	-0.009335	-0.00261194	0.0992121	0.0208447	0.305334	-0.000673852	0.149596	-0.00849986	
-0.0154508	0.00851843	0.138639	0.0287741	0.0238928	-0.0186172	-0.0187179	0.184854	0.113874	0.0978212	0.0491408	0.000223016	0.0198032	0.00304121	-0.0166901	-0.00580302	-0.00317484	0.104717	0.0762861	0.2437	5.4238e-05	0.108088	
-0.0138616	-0.0026318	0.15906	0.0541091	0.00329466	-0.0200068	-0.0204862	0.221727	0.0911676	0.119917	0.0190497	0.0120263	0.0185679	0.00226826	-0.0184023	-0.0108965	-0.00451826	0.103944	0.0269044	0.242927	0.000316492	0.142412	0.00048978	
-0.0189513	0.0016245	0.135742	0.0131552	-0.00316888	-0.0187837	-0.0192401	0.236638	0.0740573	0.093724	0.0292581	0.0076139	0.0192631	0.00437031	-0.0145488	-0.00469078	-0.00364556	0.12874	0.0812911	0.245847	0.0010117	0.176405	-0.00140685	
-0.0151385	0.0106436	0.148986	0.0234293	0.00449488	-0.0184567	-0.019437	0.177292	0.229275	0.106721	0.0390005	0.0138524	0.0217526	0.00347286	-0.017131	-0.00874729	-0.00115962	0.115707	0.0437512	0.247702	0.0010117	0.104068	-0.00143533	
-0.0164841	0.000334432	0.132769	0.0172975	0.00376942	-0.018753	-0.020082	0.155816	0.146737	0.130252	0.0592947	0.0153657	0.0135577	0.00184913	-0.0176377	-0.00660145	0.000749954	0.133148	0.0439038	0.299776	0.000109186	0.130281	0.000972367	
-0.0163376	0.00410253	0.228072	0.0139145	-0.00771499	-0.0190227	-0.0204811	0.248792	0.125853	0.124444	0.0240681	0.000937329	0.0232645	0.00337668	-0.0173104	-0.0110529	0.000493734	0.126377	0.0680984	0.217931	-0.000283427	0.211631	-0.000505575	
-0.0128044	0.0100455	0.127369	0.028788	-0.00236413	-0.0189546	-0.0191314	0.120633	0.123671	0.1409	0.0454055	-0.00365226	0.01164	0.0029525	-0.0163224	-0.00639834	-0.00138085	0.142194	0.0685862	0.282622	0.00108839	0.177759	0.00029547	0	
-0.0153571	0.0102899	0.141437	0.0288233	0.0112298	-0.018734	-0.019482	0.191644	0.128	0.12041	0.0541989	0.00319971	0.00759007	0.00752293	-0.0163487	-0.00672121	0.00142405	0.135157	0.0556731	0.29319	0.00108839	0.160573	-0.00256274	
-0.0155304	0.00105293	0.0840267	0.0245787	0.00121418	-0.0197907	-0.0196157	0.242815	0.117395	0.225332	0.0414548	0.0075806	0.00643305	0.00394705	-0.0178328	-0.00874354	-0.00413102	0.134865	0.0208961	0.329872	0.000431141	0.129786	0.000721156	
-0.013908	0.000321359	0.125375	0.0769317	-0.0102885	-0.0194057	-0.0186252	0.192567	0.0892317	0.0960105	0.0459118	0.00038916	0.010657	0.00570819	-0.0178102	-0.0103666	-0.00723105	0.170714	0.0420824	0.329872	0.000431141	0.154261	-0.00103999	0.00675	
-0.0167887	-0.0062554	0.222577	0.0120633	0.00803496	-0.0200574	-0.0215317	0.2593	0.0992708	0.134067	0.0432167	0.0253039	0.0131032	0.00385529	-0.0173019	-0.0101287	-0.00812141	0.144074	0.0305663	0.333116	-0.00135036	0.120828	-0.00193035	
-0.0132764	-0.00466359	0.196425	0.0324562	0.00586843	-0.0202435	-0.0203712	0.321749	0.190537	0.0576916	0.0355239	0.00823155	0.012015	0.00318812	-0.018947	-0.00544753	-0.00347309	0.134163	0.0460933	0.270854	-0.00249247	0.14922	-0.00117154	
-0.0133628	-0.00114532	0.198868	0.0375683	-0.00887409	-0.019979	-0.0203501	0.248302	0.285556	0.149588	0.0264546	0.00568633	0.0179192	0.000970645	-0.0182831	-0.0114679	-0.00366744	0.181291	0.0127188	0.343104	-0.00249247	0.0989361	-0.000867131	-0.00248919	0.00339894	0	
-0.0149245	-0.00252355	0.260769	0.0404012	-0.0077329	-0.0214007	-0.0222784	0.249814	0.268778	0.10421	0.0154338	0.0249646	0.00625707	0.000970645	-0.0189001	-0.0104902	-0.00641579	0.161903	0.028462	0.336007	-0.00237492	0.101259	-0.00191621	-0.000757361	
-0.0121256	-0.0114489	0.0780016	0.0609661	-0.0101642	-0.0213191	-0.0226043	0.254819	0.203406	0.096891	0.0237908	0.0101724	0.00231339	0.00380392	-0.0176965	-0.00668334	-0.00664904	0.171344	0.0239896	0.470605	-0.00237492	0.13022	-0.00191621	-0.00889368	-0.00550447	-0.0157286	0	
-0.0118009	-0.00301099	0.142364	0.0282043	-0.0081178	-0.0184152	-0.0179358	0.328119	0.0901199	0.0671311	0.02242	-0.00486761	0.00928655	0.0031524	-0.0156799	-0.00794376	-0.00320975	0.13675	0.0266613	0.303558	5.07794e-05	0.21539	0.00030087	0.00641471	-0.00232055	
-0.015579	-0.000992172	0.0475045	0.0581815	-0.00992468	-0.0199836	-0.0212327	0.292075	0.15918	0.122289	0.0212147	-0.00183763	0.00906833	0.00314287	-0.0189458	-0.00282734	-0.00583036	0.135624	0.0426159	0.318337	-0.0010756	0.156726	-0.0018467	-0.0116462	-0.00738842	
-0.01324	-0.00836588	0.0437326	0.0520152	-0.0045004	-0.0198666	-0.021169	0.205231	0.279613	0.0975626	0.0172536	0.00762749	0.0249852	0.00314287	-0.0192941	-0.00214988	-0.00504619	0.129475	0.0395455	0.366745	-0.0010756	0.178404	-0.0018467	-0.00835982	0.00152487	0	
-0.0157768	-0.00930265	0.032821	0.0169125	-0.00757415	-0.0218289	-0.0212944	0.221776	0.117785	0.0981036	0.0246396	0.00446035	0.0066923	0.00501894	-0.0188511	-0.0097242	-0.00690855	0.118392	0.0830947	0.342437	-0.00325222	0.0980339	-0.00257484	0.000128449	
-0.016113	-0.00514542	0.00774913	0.0630328	-0.00138895	-0.0202558	-0.0212944	0.195026	0.140112	0.151503	0.0176422	0.00668328	0.0066923	0.00492062	-0.0208284	-0.00942172	-0.00594062	0.113675	0.0475423	0.404551	-0.00238058	0.191042	-0.00298728	-0.00910512	-0.0171084	
-0.0140275	-0.00875778	0.0162641	0.0404626	-0.00617224	-0.0218751	-0.0221249	0.298697	0.212608	0.0881445	0.0172471	0.0255925	0.00778578	0.00531321	-0.0177188	-0.00986874	-0.00792456	0.133602	0.0487217	0.312134	-0.00437428	0.110015	-0.0013552	-0.00429289	-0.0113804	-0.00187435	
-0.0156361	-0.00820507	0.0200588	0.0722698	-0.00253924	-0.0207705	-0.0205707	0.219273	0.307934	0.11568	0.032925	-0.00139031	0.0112814	0.00618273	-0.0177103	-0.0102205	-0.00708583	0.101601	0.0642209	0.374756	-0.00353554	0.105177	-0.00138598	-0.00892306	
-0.0162184	-0.00193901	0.020373	0.0451036	-0.00122892	-0.0202851	-0.0201981	0.220624	0.179291	0.100018	0.0260488	-1.88439e-05	0.0113745	0.00625974	-0.0170153	-0.00651635	-0.00227474	0.107513	0.0682182	0.303386	-0.00296735	0.112209	-0.00124716	
-0.0173249	-0.0108862	0.0248429	0.0449633	0.0009632	-0.0196047	-0.0188814	0.241	0.0966962	0.0946292	0.0385659	0.00562831	0.011121	0.00527851	-0.0174835	-0.00980611	-0.00430877	0.129201	0.0918245	0.331665	-0.00292929	0.143299	-0.000923724	
-0.0169088	0.00306	0.0191733	0.0372071	-0.0047106	-0.0199208	-0.0191092	0.262515	0.161752	0.123029	0.0563218	0.00807196	0.00945742	0.00333343	-0.0181714	-0.0055373	-0.00471628	0.113315	0.045306	0.262358	-0.00308006	0.189492	-0.000923724	0	
-0.014499	-0.0031075	0.0204697	0.0850444	-0.00695259	-0.0199208	-0.0209527	0.265493	0.174475	0.0627381	0.062802	0.0023179	0.00514093	0.00913304	-0.015897	-0.00854196	-0.00533599	0.131112	0.0895125	0.314625	-0.00311628	0.0844223	-0.00120554	0.0147018	0	
-0.0180497	-0.00651843	0.0216474	0.0425157	-0.00754357	-0.0201107	-0.0195328	0.206256	0.102492	0.0634249	0.0661993	0.00965508	0.00620951	0.00408275	-0.0176463	-0.00930668	-0.00537122	0.0915619	0.0460611	0.327495	-0.00249556	0.112115	-0.00239926	-0.00672261	
-0.0159342	-0.00246975	0.0223501	0.00504287	-0.00322174	-0.0198754	-0.0210489	0.294817	0.147104	0.0813645	0.030348	0.0113774	0.00337185	0.00774731	-0.0176463	-0.00900561	-0.000926131	0.123647	0.0224632	0.287604	-0.00249556	0.0988138	-0.00239926	-0.0096072	
-0.0150657	-0.00537874	0.026135	0.0319674	-0.00934529	-0.0198821	-0.0191876	0.25427	0.061013	0.100208	0.0497836	0.0192549	0.00882458	0.00774731	-0.0172699	-0.0108713	-0.0027682	0.107133	0.0248475	0.209834	-0.0036369	0.106234	-0.00235087	0.0301703	0	
-0.0172802	-0.00530484	0.0503043	0.00910297	-0.00986068	-0.019974	-0.0201523	0.271811	0.0825	0.120073	0.0235452	0.0362284	0.00999416	0.00461791	-0.0172699	-0.00771455	-0.00461882	0.141044	0.041187	0.307852	-0.0036369	0.201688	-0.000899514	0.0111705	0.000759741	
-0.0154439	-0.00124276	0.0169547	0.111794	-0.00578942	-0.0187023	-0.0187723	0.216706	0.212887	0.0749504	0.0333167	0.0223881	0.0103547	0.00548643	-0.017058	-0.00569125	-0.00245309	0.117403	0.0322896	0.362177	-0.00263958	0.107285	-0.000899024	
-0.0163476	-0.00420819	0.0364909	0.0269669	0.00543289	-0.0186263	-0.0188096	0.304871	0.170261	0.0809997	0.0337636	0.0257138	0.00866544	0.00548643	-0.0164303	-0.00383863	-0.00192461	0.117479	0.0402344	0.330318	-0.00270063	0.121619	-0.000823062	
-0.0174048	-0.00468761	0.0255175	0.0434609	0.00863209	-0.0207559	-0.0215649	0.257465	0.219705	0.112681	0.0571079	0.0336455	0.00837484	0.00565279	-0.0184553	-0.00827748	-0.0060243	0.107451	0.0758821	0.385892	-0.00463732	0.106063	-0.00260885	-0.00294068	0	
-0.0178627	-0.00651647	0.029407	0.027396	-0.00729093	-0.0205236	-0.0210335	0.335725	0.0967179	0.0821261	0.0411069	0.00657071	0.0222995	0.00506611	-0.0178197	-0.0074743	-0.000677963	0.116475	0.10538	0.324989	-0.00364361	0.126405	-0.00260885	
-0.0166185	-0.00189841	0.033036	0.0220053	-0.00496493	-0.0199017	-0.0204	0.211939	0.198115	0.0865543	0.041986	0.00296629	0.0123998	0.00467027	-0.0161527	-0.00842922	0.000404531	0.132209	0.0441822	0.326007	-0.00161747	0.0996812	-0.00119433	-0.00932738	
-0.0147929	-0.00635861	0.0261996	0.0743514	-0.000789655	-0.0199279	-0.0196291	0.176351	0.136952	0.0998114	0.0422057	0.00187991	0.012166	0.00834918	-0.0169202	-0.000259194	-0.00148139	0.126336	0.0724987	0.286486	-0.00161747	0.177631	0.000498887	
-0.0157741	-0.00869291	0.0160764	0.0849382	0.00140039	-0.0194023	-0.0204409	0.168125	0.159337	0.0525922	0.0509632	0.0171253	0.0181949	0.00242723	-0.0175444	-0.00783179	-0.00309704	0.153528	0.025929	0.313659	-0.00262009	0.186017	-0.000899059	
-0.0137069	-0.000996688	0.0137239	0.0435403	0.00238605	-0.0197653	-0.0192646	0.226225	0.19872	0.0547379	0.0343039	0.032039	0.0181076	0.00372524	-0.0154702	-0.00659625	-0.004035	0.0970033	0.0961103	0.313659	-0.00262009	0.116927	-4.08747e-05	0.00152089	
-0.0127494	-0.00600124	0.030785	0.0864141	0.00406171	-0.0196116	-0.0192553	0.22561	0.0457177	0.054672	0.0273655	0.0209119	0.0175935	0.000942283	-0.016682	-0.00476804	-0.000652645	0.124772	0.061885	0.311773	-0.00262009	0.0807652	0.00208056	0.0183844	
-0.0163713	-0.00549738	0.0171944	0.0684062	0.00442564	-0.0196116	-0.0185523	0.180791	0.0583638	0.0596128	0.0692397	0.022583	0.011034	5.48212e-05	-0.0162667	-0.00987479	-0.00117759	0.159279	0.0227562	0.314241	-0.00312562	0.13694	0.00296802	
-0.0117549	-0.00805317	0.0242159	0.0255516	0.00479083	-0.0189996	-0.0192894	0.228965	0.0736304	0.151419	0.0418839	0.0181654	0.0108716	-0.000854786	-0.0148738	-0.0033764	-0.00125004	0.13753	0.0837867	0.297708	-0.00270783	0.096222	0.0033332	0	0	
-0.0138563	-0.00697266	0.0279623	0.0157766	0.000829674	-0.019537	-0.0203577	0.321407	0.115854	0.0865574	0.030349	0.0283349	0.00867173	0.00219469	-0.0174948	-0.00711592	0.00117567	0.1539	0.065663	0.297642	-0.00277436	0.221622	0.000825716	-0.0130592	0	
-0.0151677	-0.00923682	0.0211887	0.0353539	0.000327154	-0.0195366	-0.0192932	0.218319	0.111176	0.0870004	0.0524126	-0.00228511	0.0127062	0.000473089	-0.0174711	-0.0103434	0.00121686	0.175512	0.0493944	0.232095	-0.000298113	0.108717	0.000825716	
-0.0152621	-0.00696004	0.0358151	0.0322331	0.00133097	-0.0200987	-0.0204094	0.304224	0.103851	0.0941104	0.0581277	0.0201754	0.0184692	0.00270727	-0.0151759	-0.0100268	-0.00572769	0.128976	0.0971197	0.275701	-0.00237923	0.146341	0.000825716	
-0.0138338	-0.00350244	0.0268039	0.0897632	-0.000799446	-0.0200673	-0.0191103	0.422558	0.120114	0.0569489	0.0408127	0.00899556	0.0197904	-0.00166127	-0.0123373	-0.00474117	0.000338344	0.159297	0.100409	0.280834	0.000539115	0.0939251	0.00210167	-0.014551	
-0.00974847	-0.00685869	0.0337977	0.0432872	-0.00560088	-0.0192601	-0.0204574	0.311833	0.145228	0.0886275	0.0226613	0.000884157	0.0141143	-0.000836831	-0.0166366	-0.0132993	-0.00253932	0.165036	0.0971256	0.306344	-0.00110376	0.164204	0.00127723	-0.0212965	0.000928881	
-0.0117652	-0.00244276	0.0267253	0.0267706	-0.004961	-0.0196826	-0.0209211	0.242825	0.255508	0.0928017	0.0435773	0.00785423	0.0152771	0.000425366	-0.0173117	-0.00991756	-0.00256639	0.139784	0.04252	0.315395	-0.000370366	0.173525	1.50284e-05	0.0012622	
-0.0156051	-0.00562336	0.0252486	0.037355	-0.0030959	-0.0199578	-0.021	0.181429	0.116824	0.148388	0.037692	0.0250301	0.00515552	0.0006896	-0.0169764	-0.00535292	-0.000893503	0.166682	0.106914	0.293487	0.000281345	0.114068	-0.000145615	-0.00946306	-0.00793211	
-0.0146599	-0.00433614	0.0318754	0.0236121	-0.00193578	-0.019908	-0.0214175	0.170236	0.0919169	0.112394	0.0438874	0.0387282	0.0202746	0.00200066	-0.0186059	-0.0102085	-0.00445817	0.148196	0.120472	0.317232	-0.00059748	0.184881	4.96703e-05	0.000786988	
-0.0117879	-0.00480184	0.0333334	0.00917715	0.00165609	-0.0199586	-0.0211313	0.291501	0.110791	0.127582	0.0286974	0.032282	0.013565	0.00149979	-0.0173768	-0.00563023	-0.00201326	0.144643	0.0747441	0.327345	-0.00356452	0.2358	0.000363684	-0.000127692	
-0.0126433	-0.00635247	0.0269236	0.025135	0.00165609	-0.0199586	-0.0210551	0.320875	0.107825	0.0962221	0.0437242	0.0279347	0.0168128	-2.43862e-05	-0.0162625	-0.0109419	-0.00558925	0.144643	0.0410563	0.297598	-0.0024263	0.197859	0.00103347	-0.000837405	
-0.0161526	-0.00784622	0.035568	0.0685348	0.00213805	-0.0198656	-0.0198953	0.254384	0.216141	0.135027	0.0497375	0.0232809	0.0096131	0.000115691	-0.0163393	-0.0102737	-0.00198779	0.184592	0.0460721	0.381145	-0.00123931	0.281863	0.00198894	0.00272844	0.00110424	
-0.0151318	-0.00617002	0.0363543	0.0256274	-0.0038573	-0.0199611	-0.0204545	0.369257	0.244637	0.105735	0.0465425	0.01319	0.00835785	0.00210557	-0.0162667	-0.0108077	-0.00475924	0.152362	0.0205627	0.328052	-0.00234941	0.198856	-0.000281696	-0.00147746	
-0.0168949	-0.00720221	0.0363551	0.0489959	0.0036379	-0.0208361	-0.0206029	0.381221	0.174851	0.16485	0.0300671	0.0169514	0.0118585	0.00186027	-0.0184616	-0.0118678	-0.00450588	0.135389	0.0946213	0.361708	-0.00252102	0.174387	-0.000281696	-0.0018255	-3.27251e-05	0.0235574	
-0.0176479	-0.00298513	0.0478419	0.0319272	-0.00260371	-0.0201578	-0.0212695	0.512217	0.154389	0.0960667	0.0515445	0.0102688	0.0163861	0.00389923	-0.0192035	-0.0146138	-0.0021687	0.136226	0.119352	0.291821	-0.00242544	0.210376	-0.000307712	0.00092194	-0.000764313	
-0.016342	0.000475017	0.026666	0.0357431	0.00214272	-0.0202311	-0.0207997	0.218456	0.0655767	0.0974926	0.0596087	0.0235577	0.0137775	0.000905107	-0.0181931	-0.0134838	-0.00356332	0.108055	0.0719835	0.316559	-0.000106117	0.156726	-0.000307712	0.00124808	
-0.016985	-0.00137696	0.0233059	0.141561	9.3911e-05	-0.020002	-0.0207997	0.32898	0.103244	0.0904713	0.0296304	0.0239578	0.0125105	0.000982197	-0.0172949	-0.011837	5.01844e-05	0.129324	0.0423292	0.296628	-0.00495121	0.276715	-0.000384802	0.00311382	0	-0.00446053	
-0.0177236	0.00338198	0.0340868	0.0613859	-0.00120225	-0.019248	-0.019289	0.256054	0.151985	0.149688	0.0508724	0.0484954	0.00870034	0.00119815	-0.0170046	-0.0115357	0.000931462	0.129271	0.0360836	0.297701	-0.00387811	0.41248	0.00249072	-0.0033982	0.0184542	
-0.0156509	0.00163477	0.0408477	0.0800472	0.000507191	-0.0192735	-0.0202649	0.200908	0.0949916	0.167564	0.0437018	0.00514497	0.00635014	0.00119815	-0.0176519	-0.0136287	0.00158874	0.129245	0.0731594	0.310003	-0.0012278	0.233158	0.00246524	-0.00335363	
-0.0154025	0.0019287	0.0373104	0.0564733	0.00375261	-0.0187836	-0.0198162	0.256919	0.204594	0.0935197	0.0605252	0.0275392	0.0144277	0.00106599	-0.0171529	-0.00980911	0.001341	0.112299	0.0322328	0.327514	-0.00219331	0.217417	0.00246524	-0.00571136	
-0.0168046	-0.00185966	0.0305864	0.0340632	0.00199028	-0.020375	-0.0213839	0.214355	0.182085	0.10068	0.0514115	0.0221695	0.0134879	0.00141561	-0.0175131	-0.0121959	0.00131221	0.160636	0.03527	0.32513	-0.00318197	0.111754	0.00116971	-0.00136966	
-0.0164844	-0.00507366	0.0301255	0.056438	-0.00280895	-0.0206848	-0.0202685	0.271112	0.0907913	0.11065	0.0432426	0.0115049	0.0215463	0.00113835	-0.0191668	-0.0122637	-0.0021232	0.14056	0.0425103	0.282566	-0.00322059	0.16972	0.000135213	-0.00064498	
-0.0142694	-0.00852337	0.0353988	0.0536602	0.00349344	-0.0193249	-0.0199338	0.237515	0.100429	0.131032	0.0552701	0.00165014	0.0211034	0.000843696	-0.0153777	-0.0143562	-0.000938214	0.126582	0.0276491	0.30368	-0.00176232	0.156858	0.00178983	-0.00270014	-0.00392284	
-0.0143239	-0.00852337	0.0259077	0.0715935	0.000276651	-0.0194341	-0.0184482	0.271959	0.161481	0.0953427	0.0833743	0.0134763	0.0288166	0.00344963	-0.015917	-0.0128078	0.00052405	0.162177	0.146031	0.268129	-0.000851816	0.109409	-0.000816103	0.00287214	0.108071	0.0306269	0.0114602	-0.00250634	0.00374694	0	
-0.0169277	0.000963785	0.03794	0.125707	6.82887e-05	-0.0194916	-0.0197024	0.257593	0.107018	0.0687397	0.0476664	0.0250383	0.0182742	0.00211406	-0.0161814	-0.011424	-0.00365642	0.157752	0.0533062	0.397727	-0.000851816	0.147123	-0.000152825	-0.000746053	0.0140965	
-0.0151303	0.00720437	0.0298028	0.103006	6.82887e-05	-0.0188608	-0.0201372	0.316976	0.143812	0.112092	0.0450377	0.0905235	0.0195795	6.34261e-05	-0.0161317	-0.0112565	0.000390343	0.169642	0.0880186	0.281164	-0.00188572	0.199091	0.00243785	-0.00148678	
-0.0152116	-0.000717668	0.0137602	0.100759	-0.000111204	-0.0191652	-0.0172893	0.286532	0.107172	0.163139	0.0556977	0.0889054	0.0219102	0.00540649	-0.0131457	-0.0147524	-0.00177029	0.155002	0.01877	0.266223	-0.000998886	0.160131	0.000387777	-0.000897063	-0.00338613	
-0.0151267	-0.00745272	0.0173502	0.09595	0.00654918	-0.0187132	-0.0193172	0.274366	0.241943	0.233873	0.0556977	0.069384	0.01913	0.00312206	-0.0180197	-0.00879467	-0.00261284	0.16045	0.0599855	0.301616	-0.0021647	0.121792	0.000662308	0.00300029	0.00362501	0.00294445	
-0.0181194	-0.00406442	0.0104588	0.181209	0.00597368	-0.0198324	-0.018337	0.255958	0.211712	0.154134	0.0577473	0.0522344	0.0259702	0.00143094	-0.0173482	-0.0103085	0.000902018	0.184158	0.0438678	0.301282	-0.00257586	0.12337	0.000662308	-0.00170532	-0.00599546	
-0.0165613	-0.0104572	0.0184588	0.126329	0.00535675	-0.0193106	-0.0147749	0.389757	0.0734785	0.12404	0.0205403	0.0765335	0.0200267	0.00479196	-0.0152931	-0.00963691	-0.00337694	0.178852	0.0356037	0.251818	-0.00108227	0.130415	0.000662308	-0.0012875	-0.0019124	-0.00373594	
-0.0148816	-0.00689062	0.0133043	0.0697803	0.00281645	-0.0193106	-0.0187352	0.267045	0.155187	0.120962	0.0777528	0.0293304	0.0131852	0.0045274	-0.0168901	-0.0108734	-0.00166362	0.178852	0.0211546	0.299083	-0.000890286	0.0821212	-0.000112702	4.6877e-05	
-0.0110949	0.00869841	0.012165	0.0537752	0.00281645	-0.0198541	-0.0189537	0.228174	0.147898	0.12462	0.0251415	0.0405055	0.0114295	0.00854635	-0.0162879	-0.0105607	-0.00140222	0.14426	0.0400366	0.321503	-0.000890286	0.143655	0.000710142	3.97048e-05	0.0093094	-0.00820112	
-0.01729	-0.000953642	0.0165598	0.0986906	0.00253277	-0.0193004	-0.0186001	0.324802	0.118063	0.182097	0.0340131	0.0208824	0.0145801	0.00499079	-0.0160844	-0.0136356	-0.00140222	0.172261	0.0554163	0.321503	-0.000456705	0.0721949	0.0014044	-0.00733404	-0.0128188	
-0.0120904	-0.00499358	0.0216828	0.0896263	-0.00282793	-0.0193004	-0.0197214	0.36286	0.0858131	0.0885448	0.0267898	0.0108604	0.0145801	0.00509468	-0.0164151	-0.00918276	-0.00140222	0.13666	0.0752421	0.270642	-0.000456705	0.0787851	0.0014044	-0.00563254	
-0.0121526	4.09996e-05	0.036458	0.0798927	0.001922	-0.0191603	-0.0193868	0.260515	0.17713	0.171647	0.0599052	0.0185221	0.0138414	0.00580441	-0.0165255	-0.0151004	0.000550658	0.13982	0.123722	0.300834	-0.00144876	0.235923	0.00164311	-0.000140641	
-0.0125169	0.00311855	0.0228675	0.0825387	0.00175439	-0.0184674	-0.0180204	0.278101	0.0350022	0.165768	0.0468938	0.0442603	0.0138414	0.00619623	-0.016553	-0.0110514	0.00522921	0.148583	0.106212	0.250291	-0.000485178	0.166917	0.00125129	-0.0044467	-0.0112383	
-0.00989754	-0.00189122	0.0194167	0.0529925	0.00242302	-0.0186226	-0.0181948	0.23066	0.227593	0.109819	0.0303107	0.0325211	0.016399	0.00830024	-0.0167629	-0.0120072	0.00390459	0.140312	0.14443	0.280341	-0.000563513	0.118268	-0.00085272	0.000182987	0.0288297	
-0.0150476	-0.00760139	0.0167468	0.0712625	-0.000352001	-0.020496	-0.0191207	0.25737	0.0556935	0.0945832	0.0269062	0.0312256	0.0177776	0.00734872	-0.0182128	-0.0121289	0.000294096	0.153328	0.109271	0.319089	-0.00195891	0.214509	0.000999153	-0.0050595	0.0258157	-0.00552258	0.0122654	0	0.00570444	0.00204911	
-0.00756599	-0.00517345	0.0197327	0.0788875	0.000174601	-0.0191908	-0.0197927	0.214101	0.12421	0.129842	0.0468595	0.0283236	0.0145551	0.00308984	-0.0179969	-0.0133602	0.00230956	0.154466	0.129938	0.305997	-0.00246713	0.190379	0.00152567	-0.000671218	
-0.0124362	-0.00170593	0.0167622	0.0295415	-1.71924e-06	-0.0194684	-0.0194034	0.455512	0.0889095	0.10379	0.0524863	0.0514245	0.0103283	0.00643402	-0.0161479	-0.0107647	0.00107264	0.123423	0.12804	0.25242	-0.00150333	0.115114	0.00120114	-0.00332544	0	
-0.0104682	-0.00366705	0.0290991	0.0765991	0.00094724	-0.0194393	-0.01813	0.285855	0.079511	0.108205	0.0236629	0.0716328	0.0152061	0.00579159	-0.0143119	-0.0115218	-0.00407073	0.119029	0.0806136	0.252217	-0.00274525	0.159835	0.0016406	-0.0020055	0.0158166	
-0.0150488	-0.00160934	0.0129273	0.032984	0.00559645	-0.0186633	-0.017653	0.292096	0.0985042	0.0995689	0.0302682	0.0581172	0.022232	0.00492675	-0.0156806	-0.010976	0.00118237	0.118938	0.0762063	0.310967	-0.00161176	0.116906	0.00250544	0.000534402	0	-0.00965712	0	
-0.0119947	-0.00837434	0.0137224	0.0887321	-0.00130322	-0.0189453	-0.0176281	0.144257	0.146068	0.0584027	0.0216238	0.0644657	0.00557491	0.00492675	-0.0165881	-0.0128392	0.000542954	0.101184	0.0839549	0.307588	-0.00152103	0.138148	0.00259617	-0.00505285	0.006633	
-0.0109339	0.000367869	0.0195433	0.0504671	-0.00121007	-0.0191959	-0.019911	0.226816	0.0839248	0.106257	0.0395018	0.0461591	0.0149194	0.00758536	-0.015559	-0.0133776	-0.00290653	0.133154	0.0771965	0.303566	-0.00179346	0.105655	-0.000347053	-0.00036904	-0.00652442	-0.00247616	
-0.0133522	-0.000192307	0.0140196	0.0348238	-0.00158442	-0.0185273	-0.0194994	0.25648	0.215001	0.132665	0.0679953	0.0420723	0.015235	0.00362853	-0.0147641	-0.0143165	-0.0025909	0.153293	0.0868786	0.362315	-0.00123822	0.13435	0.00232239	-0.00272285	
-0.0112845	-0.00264344	0.0145987	0.0575454	-0.00443157	-0.0192925	-0.019723	0.204632	0.117713	0.105806	0.0355238	0.0531461	0.013076	0.00431278	-0.0138418	-0.0119356	0.0018659	0.152926	0.153535	0.343197	-0.00136704	0.0742092	0.00206184	-0.00315702	
-0.0158925	-0.00906106	0.0215474	0.0230513	-0.00188846	-0.0194052	-0.0198565	0.18156	0.211774	0.0963518	0.0828803	0.013099	0.0168828	-0.000147727	-0.0139545	-0.0150324	-0.000250457	0.151978	0.0794811	0.378323	-0.00290799	0.137516	7.83266e-05	0.00224754	
-0.0151215	-0.00147268	0.023807	0.037391	-0.00252718	-0.0196076	-0.0187712	0.256306	0.0583153	0.0609383	0.0487826	0.0235913	0.0141186	0.000615703	-0.0149941	-0.0154646	-4.47559e-06	0.171632	0.0278735	0.32761	-0.00266201	0.106642	-0.00028444	-0.00384704	
-0.0136168	-0.00566299	0.0134857	0.0535678	0.00366527	-0.0199364	-0.020129	0.197634	0.0665252	0.0954346	0.0404715	0.0395959	0.00905352	0.00116082	-0.015033	-0.0149508	-0.00571729	0.149736	0.102873	0.29174	-0.00281483	0.10979	-0.000517714	-0.0016309	
-0.0129128	-0.00526574	0.00866624	0.0154416	0.00687114	-0.0204784	-0.0195596	0.251284	0.183356	0.0616443	0.025424	0.0148362	0.0148097	0.00277293	-0.0153371	-0.0110828	-0.0071051	0.15441	0.0380958	0.291824	-0.00258596	0.144985	-0.000434219	-0.00483713	-0.00408224	0.00156669	
-0.0140919	-0.00903691	0.0180201	0.0384201	-0.00117446	-0.0196053	-0.0203732	0.189731	0.172813	0.10963	0.0413918	0.0216987	0.0130025	0.00235002	-0.0172915	-0.0145955	-0.00215591	0.130703	0.0791866	0.302828	-0.00136565	0.0870923	-0.000434219	-0.00306243	-0.00159519	
-0.012694	-0.00630945	0.00656221	0.0209508	0.00329497	-0.0187119	-0.0198356	0.333462	0.135125	0.108416	0.0199845	0.0395	0.00823777	0.00167098	-0.0150093	-0.0143198	-0.00380913	0.115311	0.110974	0.267559	-0.00168877	0.134306	0.000244817	-0.0031364	0.0125001	
-0.0159208	-0.00289353	0.0146239	0.0373486	-0.00145603	-0.0198606	-0.0182429	0.197455	0.126738	0.137845	0.0257139	0.0297943	0.00528063	0.00167098	-0.0143071	-0.0149206	-0.00612377	0.140931	0.104637	0.274657	-0.00168877	0.123757	0.000244817	-0.00012325	0.0126791	
-0.0163492	-0.00370252	0.0104848	0.0157682	0.00185208	-0.0190834	-0.0193352	0.233256	0.383191	0.130372	0.0268518	0.0456642	0.0116775	0.00167098	-0.0123283	-0.0161636	-0.00550804	0.122751	0.0745481	0.269006	-0.00168877	0.130214	0.000244817	-0.00281699	
-0.0171562	-0.00853883	0.00513231	0.0712096	0.00082921	-0.0195113	-0.0195802	0.308305	0.139779	0.0999746	0.0503757	0.0110845	0.010133	0.000136901	-0.015102	-0.0141481	-0.00671249	0.155022	0.0661914	0.297173	-0.00178112	0.160603	0.00158705	-0.00541435	0.0073022	
-0.0179465	-0.00699875	0.0142546	0.0125116	-0.00130227	-0.0209751	-0.0200479	0.250321	0.200985	0.135907	0.0374841	0.0148208	0.0206984	0.00264426	-0.0155494	-0.0147403	-0.00459516	0.107943	0.0519366	0.312261	-0.00319419	0.11685	0.000974537	-0.00736111	0	
-0.0139864	-0.00699875	0.00672632	0.0128534	-0.00397655	-0.0208035	-0.0193951	0.241394	0.214027	0.0991367	0.067206	0.0281529	0.0075389	0.00510469	-0.0159987	-0.0138755	-0.00643669	0.145813	0.0630344	0.301644	-0.00104196	0.102513	0.000514626	-0.00638799	
-0.0161502	-0.0112884	0.0136542	0.0120803	-0.00536156	-0.0204394	-0.0198311	0.167394	0.187652	0.0899827	0.0433824	0.0306632	0.0104713	-0.000514493	-0.0166577	-0.0132269	-0.00727271	0.132676	0.138212	0.312227	-0.00145117	0.146259	0.000310935	-0.00370403	
-0.0171172	-0.00348665	0.0130899	0.0643388	-0.0015795	-0.0208884	-0.0221786	0.271886	0.0963191	0.101978	0.0538173	0.0312776	0.0164756	0.000659799	-0.0167363	-0.0178326	-0.00691292	0.145406	0.121872	0.366392	-0.00185811	0.11003	-0.000863356	-0.00446999	-0.00850448	
-0.0137784	-0.00534644	0.0153745	0.0830894	-0.00113299	-0.0208884	-0.0201612	0.306998	0.0610037	0.0967762	0.039337	0.0175045	0.00984414	0.00149794	-0.0166146	-0.0114224	-0.00598402	0.122391	0.0544813	0.316247	-0.00208604	0.137121	-0.000863356	-0.00261916	0.00184426	-0.0125226	
-0.0167055	-0.00462689	0.0192349	0.0294687	-0.00177872	-0.021365	-0.0210844	0.240168	0.133456	0.106288	0.0641016	0.0215725	0.0109279	-0.000204136	-0.0170273	-0.0152163	-0.00882964	0.152685	0.0333907	0.326451	-0.00208604	0.102682	0.000838722	-0.00462721	-0.00496813	
-0.014007	-0.00668069	0.0170414	0.00556266	-0.00426993	-0.0203944	-0.0201487	0.308282	0.141093	0.0737626	0.0683834	0.0273289	0.0290922	0.00211188	-0.0172324	-0.0121226	-0.00753417	0.124469	0.0460801	0.33372	-0.000962044	0.0833735	0.000398242	-0.00412357	0.0237269	
-0.0116355	-0.00638885	0.0155998	0.0296062	-0.00141553	-0.0197329	-0.0200468	0.404737	0.0805021	0.106605	0.0484264	0.00652397	0.0235245	0.00214817	-0.0167523	-0.0171577	-0.00337395	0.120266	0.102046	0.33372	-0.000962044	0.174557	0.00115743	-0.00655244	0	-0.00697498	
-0.013041	-0.00874284	0.0141203	0.0483277	0.000455923	-0.019819	-0.0203475	0.32647	0.0440502	0.0991256	0.0590681	0.0402272	0.0131041	-0.000731522	-0.0162521	-0.0135266	-0.00384647	0.122471	0.0998023	0.362221	0.00092009	0.115608	0.00265267	-0.00327523	0.0206963	0.0116474	
-0.0131638	-0.0059314	0.014701	0.0225357	-0.00400891	-0.0202189	-0.0201543	0.279575	0.125056	0.0641701	0.0558134	0.0371849	0.0107853	0.00137835	-0.0166322	-0.0111931	-0.0072576	0.122471	0.0977625	0.310167	0.000496371	0.111374	0.000764104	-0.00120952	-0.00851195	
-0.0138768	-0.00541543	0.00511152	0.0291198	-0.000327447	-0.0194908	-0.0209737	0.266048	0.116	0.10426	0.0443421	0.00903096	0.00926932	0.00181458	-0.0168756	-0.0123323	-0.00485126	0.112926	0.0615464	0.303119	0.000125334	0.151598	0.00149628	-0.00408012	0.0393816	
-0.0138875	-0.00417045	0.013124	0.0236885	0.000481168	-0.0185553	-0.019032	0.267286	0.0657439	0.205432	0.0519265	0.0595422	0.00651728	0.00181458	-0.0166761	-0.0135853	-0.00157679	0.115874	0.0744632	0.354222	-0.000863207	0.136876	0.00149628	-0.00679355	0	
-0.0135794	-0.0048732	0.0139718	0.0159362	0.000481168	-0.0200868	-0.0196434	0.225447	0.121754	0.0897232	0.061272	0.0446156	0.0226473	0.00233383	-0.0158746	-0.0152105	-0.00442513	0.140704	0.0947138	0.340386	-0.00123664	0.149385	0.00149628	-0.000892207	
-0.0130994	-0.0109515	0.0109351	0.0371608	0.00317958	-0.0194343	-0.0194169	0.305775	0.0655081	0.0941822	0.0736898	0.00387994	0.0254506	0.00543544	-0.0154463	-0.0156226	-0.002905	0.107476	0.0824582	0.315603	-0.000708205	0.128984	0.000875684	-0.000271616	0	0.00468298	
-0.0134345	-0.00661795	0.0161958	0.0848988	-0.000337876	-0.019014	-0.0188656	0.252083	0.111253	0.0708555	0.0387508	0.00984531	0.0168303	0.000375594	-0.0173084	-0.0133903	0.00275641	0.129421	0.0704072	0.316211	-0.00240783	0.13986	0.000875684	-0.00469076	0	
-0.015697	-0.00705116	0.020036	0.07338	0.00190193	-0.0204585	-0.0192913	0.294724	0.20498	0.104298	0.0386822	0.0153135	0.00959311	0.000105204	-0.016557	-0.0165134	-0.00520011	0.129352	0.0562799	0.266772	-0.00295226	0.125122	0.00107744	-0.00524408	
-0.0117738	-0.00531318	0.0145032	0.0346981	-0.00164923	-0.0194712	-0.0195274	0.226397	0.10805	0.0687913	0.0492398	0.0231209	0.0180952	0.00366593	-0.016051	-0.0155826	-0.000389567	0.112891	0.0884349	0.292322	-0.00295226	0.192707	0.00107744	-0.00139257	
-0.0127874	-0.00514649	0.0149782	0.0101536	-0.00206515	-0.0195157	-0.0188309	0.202556	0.127851	0.0735148	0.0399153	0.0549484	0.0105618	0.00397697	-0.0172614	-0.0170069	-0.00222491	0.112368	0.104083	0.342007	-0.00316889	0.150134	0.000125295	-0.00230098	0.0124723	-0.0113016	
-0.0126531	-0.00735788	0.0254006	0.0549065	-0.00208954	-0.0196363	-0.0204271	0.237413	0.16957	0.144401	0.0511233	0.0725996	0.0196123	0.00473738	-0.0172614	-0.014791	-0.00222491	0.100599	0.0590171	0.342007	-0.00113212	0.0828234	0.000678396	-0.00123323	0	
-0.0142864	-0.00914742	0.0201143	0.0630996	-0.00235812	-0.0192958	-0.0192015	0.274843	0.16569	0.169395	0.0427196	0.046458	0.0113514	0.00225215	-0.0169911	-0.0106399	-0.00466086	0.121948	0.151316	0.381536	-0.00418789	0.155622	0.000678396	-0.00210026	
-0.0152861	-0.00368413	0.0201143	0.0239219	0.00124647	-0.0194706	-0.0198454	0.280038	0.154192	0.139027	0.0509293	0.0279077	0.0164786	0.000997488	-0.0178873	-0.00991177	-0.000961652	0.121449	0.0984326	0.311886	-0.00414758	0.128081	0.000718709	-0.000791971	
-0.0116359	-0.00777973	0.022126	0.0249223	0.00317657	-0.0181026	-0.0181921	0.210205	0.21642	0.153376	0.0765931	0.0369674	0.0181435	0.00200603	-0.0149971	-0.0143285	-0.00123073	0.190004	0.0549841	0.301928	-0.000373456	0.098447	0.000723688	-0.00333841	
-0.011609	-0.008234	0.0254697	0.0311985	-0.00445224	-0.018664	-0.0178415	0.286273	0.146691	0.0813969	0.0299342	0.0621217	0.0095869	0.00200603	-0.0144337	-0.0171087	-0.00123073	0.132721	0.0704707	0.330878	-0.000373456	0.109648	0.000723688	-0.00206657	0.0326304	0.00108154	-0.0108343	
-0.0113123	-0.00546369	0.0350843	0.013525	-0.00447841	-0.0203782	-0.0206298	0.261677	0.195385	0.19702	0.0251681	0.0664578	0.0104896	0.000126059	-0.0180936	-0.0187814	-0.00548017	0.144961	0.054003	0.355152	-0.00288265	0.0881255	-2.60976e-05	-0.00483515	-0.0103436	
-0.0163406	-0.00745763	0.033321	0.0140418	-0.00376608	-0.0203782	-0.0159781	0.22668	0.249553	0.116502	0.0251681	0.0433444	0.0149984	0.000126059	-0.0175945	-0.0158995	-0.00251765	0.157425	0.1075	0.311871	-0.00294039	0.108926	-2.60976e-05	-0.00483515	
-0.0134148	-0.00713333	0.0235298	0.0286437	0.00284797	-0.0202397	-0.0197324	0.208963	0.18877	0.106299	0.0570745	0.0330212	0.00586133	0.00164811	-0.0177379	-0.0189964	-0.00798906	0.129288	0.112123	0.329471	-0.00173383	0.0548015	-0.000533254	-0.00181006	
-0.0132922	-0.010716	0.0128675	0.080927	-0.000799339	-0.0200655	-0.020018	0.143784	0.265859	0.100855	0.0381102	0.0203126	0.0171526	0.0021965	-0.0161779	-0.0173254	-0.00353092	0.115323	0.0570404	0.301613	-0.0018419	0.0813801	0.000244928	-0.00586546	
-0.0140944	-0.00622021	0.0151334	0.00796785	-0.00252034	-0.0192187	-0.0184048	0.232504	0.378578	0.173185	0.0209595	0.030768	0.0181484	0.00286285	-0.0156533	-0.0180235	-0.00578041	0.1146	0.111616	0.351712	-0.00138096	0.128647	0.000574404	-0.00508887	0.000666354	0.0568425	0.00286807	
-0.00800455	-0.00959165	0.0109264	0.0552605	-0.00183992	-0.0193293	-0.0191628	0.27831	0.218125	0.0967342	0.0409817	0.022898	0.0152833	0.00349727	-0.0160702	-0.0133356	-0.000493458	0.10758	0.0664638	0.359787	-0.000700542	0.106534	0.00125482	-0.00447954	0.00873476	0	7.66164e-05	
-0.0107872	-0.00996778	0.0126541	0.0123272	-0.00193014	-0.0191161	-0.0158785	0.24541	0.220404	0.138923	0.0570513	0.0295893	0.0106413	9.31013e-06	-0.0174013	-0.0122389	-0.000493458	0.133027	0.0645673	0.322	-0.000547428	0.148413	0.000399847	-0.00104762	0.0137989	-0.00805749	
-0.0140775	-0.00886087	0.0205982	0.0295979	0.000979804	-0.0188744	-0.0180527	0.286672	0.168387	0.150145	0.0391517	0.0627773	0.024863	-0.000165856	-0.016418	-0.0166209	-0.00538992	0.105424	0.105958	0.254835	-0.000547428	0.137031	0.00232611	-0.00297388	-0.00353587	
-0.0133815	-0.00188221	0.015415	0.044768	-0.00156425	-0.0185307	-0.018846	0.27609	0.18455	0.154463	0.040747	0.0410453	0.00785406	-0.00130166	-0.0164522	-0.0157919	-0.00141853	0.137621	0.0647612	0.320751	-0.000547428	0.0880539	0.00373141	-0.00591901	0.0174615	
-0.0113666	-0.00725042	0.0180971	0.048318	-0.00156425	-0.0188303	-0.0192669	0.280758	0.122251	0.109828	0.0403981	0.0271668	0.0169177	0.00204285	-0.0155544	-0.0156426	0.00192438	0.133951	0.119562	0.427633	-0.00199368	0.122874	0.0023202	-0.00348285	-0.0127629	0.0271841	0.0048183	-0.00195217	
-0.009667	-0.005372	0.0109473	0.0239707	-0.00392778	-0.0196979	-0.0190135	0.213866	0.167418	0.141935	0.0335275	0.0474726	0.0208523	0.00487564	-0.0151589	-0.0172207	-0.00834364	0.095107	0.0930797	0.380428	-0.00280853	0.122767	0.00156135	-0.00364321	0.0234852	0.0253406	
-0.0109321	-0.0065481	0.026175	0.0312239	0.00152002	-0.0196979	-0.016611	0.233198	0.123806	0.138227	0.0306483	0.0537562	0.0138457	0.00067322	-0.0156691	-0.0158639	-0.00387113	0.130472	0.0834203	0.354114	-0.00175431	0.212178	0.00333174	-0.0054136	0.000707512	
-0.0136827	-0.00163137	0.0226258	0.0596374	0.0016958	-0.0196908	-0.019487	0.235808	0.172042	0.134469	0.0561187	0.0441215	0.0268956	-0.00172058	-0.0162135	-0.0165061	-0.00380121	0.111138	0.079823	0.274035	-0.00157852	0.138606	0.00282463	-0.00434945	
-0.0109117	-0.00562414	0.0208292	0.0708896	-0.00260914	-0.0192087	-0.0198841	0.211967	0.22553	0.159393	0.0394088	0.0552626	0.0244543	-0.000117206	-0.0165211	-0.011903	-0.00369856	0.145236	0.0750558	0.290081	-0.00107469	0.141006	0.00206996	-0.000229266	
-0.0140729	0.000978977	0.0188046	0.0447662	-0.00298722	-0.0200672	-0.0198338	0.203672	0.127971	0.137197	0.0307168	0.00941445	0.0262483	0.000316186	-0.0165168	-0.0164227	-0.00486069	0.152354	0.1177	0.318624	-0.00129292	0.127078	0.0027488	-0.00807412	0	
-0.0138516	-0.00433982	0.00991791	0.0424305	0.000102008	-0.0184027	-0.0174418	0.197083	0.238374	0.108068	0.0264104	0.0200086	0.0216789	-0.00281432	-0.0157683	-0.0142133	-0.00505201	0.152774	0.0765808	0.343779	-0.00114548	0.100776	0.00356717	-0.00426277	0.0378577	-0.0095432	
-0.016009	-0.00443277	0.0188245	0.0277801	-0.00303213	-0.0198116	-0.0184737	0.182811	0.116638	0.126109	0.0372916	0.0439428	0.0130351	-0.00217707	-0.0178127	-0.0143668	-0.00686949	0.152218	0.0945885	0.31868	-0.000743449	0.104559	0.00306311	-0.00580083	-0.0126081	0	-0.317765	0.00986121	-0.00252656	
-0.0165789	-0.00228423	0.0156418	0.0327301	-0.0035613	-0.0190643	-0.0175801	0.183246	0.053822	0.107405	0.0286543	0.0336364	0.0211654	0.00388088	-0.0173292	-0.0132624	-0.00534656	0.133235	0.0614298	0.29575	-0.000743449	0.199852	0.00219681	-0.002503	-0.00499798	0.00912169	-0.00946759	
-0.0155141	-0.0106195	0.0196398	0.0564855	0.00514882	-0.0200188	-0.019599	0.236625	0.147849	0.0846224	0.0288435	0.0124928	0.0100264	0.00167414	-0.0166039	-0.0165693	-0.00540612	0.121692	0.0791035	0.312827	-0.000492126	0.0683867	0.00240482	-0.00377619	-0.00839076	0.0261217	
-0.0190409	-0.00782967	0.0139454	0.114521	-0.000864366	-0.0208169	-0.0214367	0.252774	0.176636	0.110804	0.0340285	0.0297023	0.00280276	-0.00120509	-0.0171728	-0.0167801	-0.00418547	0.134611	0.065082	0.346039	-0.00155464	0.133585	0.00115499	-0.00377619	0.00569295	0.00698559	
-0.0132096	-0.0111643	0.00859193	0.044662	-0.00211326	-0.0199314	-0.0198474	0.239504	0.0752897	0.159955	0.0693874	0.0254709	0.0149725	0.000314139	-0.017398	-0.0146518	-0.00359735	0.127424	0.0930305	0.291625	-0.000966522	0.0975921	0.00204989	-0.00518491	
-0.0163128	-0.00674721	0.0143682	0.0640451	-0.00432003	-0.0188472	-0.0190871	0.234861	0.0727449	0.13094	0.0388746	0.0286415	0.00345346	0.00380065	-0.0171991	-0.0142989	-0.00337284	0.14011	0.0706865	0.278559	-6.30937e-05	0.162307	0.00072405	0.000559919	
-0.0139879	-0.0056821	0.00755456	0.0508906	-0.0040179	-0.0198626	-0.020609	0.219364	0.0974733	0.163671	0.0528913	0.0242644	0.024136	-0.00044727	-0.0196317	-0.0138935	-0.00466168	0.160082	0.0571057	0.279672	-0.000928764	0.119473	0.000901103	-0.00212099	0.00374817	
-0.0124665	-0.00581119	0.014559	0.0325429	-0.00531097	-0.0197524	-0.0200059	0.256446	0.165258	0.117486	0.03716	0.0316535	0.00764602	0.00312211	-0.0181905	-0.0137273	-0.00699402	0.147551	0.0437304	0.288303	-0.00117761	0.0939396	0.000217899	0.0016151	
-0.0122723	-0.0098773	0.0134514	0.0252993	-0.00505571	-0.0201436	-0.0216368	0.223956	0.0996225	0.113504	0.0528584	0.0494401	0.00614899	0.00390283	-0.0192057	-0.0168221	-0.00598296	0.121578	0.0734619	0.300691	-0.00179248	0.100975	0.000217899	-0.00441027	
-0.0112251	-0.00501409	0.00768527	0.0326949	-0.00407283	-0.0188462	-0.020767	0.135867	0.111325	0.139847	0.0532199	0.0212418	0.00984466	0.00201957	-0.0157209	-0.0108771	-0.00611156	0.117088	0.0605034	0.299394	-0.00179248	0.0870654	0.000217899	-0.00523818	
-0.0110874	-0.00810382	0.0139864	0.0703683	5.95794e-06	-0.0193561	-0.0207371	0.130809	0.117989	0.0712841	0.0283347	0.0278441	0.0181284	0.000626792	-0.0168018	-0.013921	-0.00673844	0.134341	0.0475777	0.294467	-0.00181776	0.0742942	0.000902895	-0.000936215	-0.00441254	
-0.0121247	-0.00481067	0.0196949	0.0708139	-0.00113978	-0.0193968	-0.0193814	0.204952	0.156426	0.0990149	0.0277572	0.0281479	0.0106479	0.0031196	-0.0152162	-0.0119042	-0.0052917	0.133911	0.111767	0.276521	-0.00265342	0.186158	-0.000664183	-0.00138934	
-0.0145811	-0.00757534	0.017967	0.122486	0.000606724	-0.0196753	-0.0200139	0.176422	0.279356	0.108757	0.0366211	0.024964	0.0229813	0.00246367	-0.0165472	-0.0155788	-0.00504674	0.114511	0.0837857	0.274851	-0.002693	0.147681	-2.88131e-05	-0.00563846	-0.00869391	-0.00887397	
-0.0113185	-0.00237144	0.00961447	0.0501506	0.000606724	-0.0196823	-0.0207991	0.0957463	0.102669	0.102763	0.0328522	0.067787	0.0226769	-0.000446557	-0.0171917	-0.0147388	-0.00520937	0.120312	0.0324322	0.25061	-0.00229012	0.200481	0.000333136	-0.00127479	0.04675	-0.00530389	
-0.0138142	-0.0010113	0.0277154	0.0526293	-0.00348852	-0.019936	-0.0208972	0.202038	0.363982	0.179611	0.0324346	0.0132454	0.0228219	0.000342994	-0.017061	-0.0143336	-0.00408265	0.14499	0.0375057	0.330394	-0.00502502	0.100201	0.000254414	-0.005935	0.0084	0.0075936	
-0.0095011	-0.00262575	0.0206331	0.0542041	-0.00176896	-0.0197359	-0.0206159	0.194477	0.211796	0.100337	0.035835	0.037119	0.00686735	0.00116993	-0.0158218	-0.0161313	-0.0016351	0.134175	0.0651654	0.307034	-0.00502502	0.107035	-0.000572525	-0.00348061	0.0217872	-0.00140131	0.004419	
-0.0156677	-0.0110065	0.0307563	0.0364547	-0.00107305	-0.0199179	-0.0202493	0.186987	0.106561	0.0707886	0.0278621	0.0755056	0.0230577	0.00175027	-0.0150749	-0.0139503	-0.00586706	0.134175	0.0845228	0.274672	-0.00383206	0.115007	-0.000572525	-0.00622003	0.0287839	
-0.0120954	-0.00409636	0.0134734	0.0887437	-0.0015278	-0.0206726	-0.0206689	0.1842	0.0511526	0.0715893	0.0550234	0.0338623	0.00975285	0.00142052	-0.0175203	-0.0174689	-0.00796836	0.133721	0.0514441	0.281037	-0.0045044	0.23558	-0.00102727	0.000962786	0.00235265	
-0.0145311	-0.00963333	0.016226	0.0690789	-0.00180303	-0.0208987	-0.0206689	0.132408	0.0661408	0.0704861	0.0337667	0.027043	0.00975285	-0.000812254	-0.0161633	-0.0126512	-0.00550688	0.119993	0.0726107	0.260419	-0.00325172	0.111028	0.000921898	-0.00526233	
-0.0141299	-0.00257088	0.0178837	0.052391	-0.00192241	-0.0202406	-0.0179471	0.193245	0.0532044	0.0687757	0.0464762	0.0223272	0.00985707	0.00152635	-0.0167667	-0.0159721	-0.00416953	0.119782	0.0849852	0.282369	-0.00530473	0.0769066	0.00155911	-0.0101618	
-0.0158224	-0.00450234	0.0203939	0.0704133	-0.00243881	-0.0197216	-0.0192841	0.137429	0.162165	0.0691039	0.0527685	0.0141577	0.0169208	0.000615768	-0.0158831	-0.0155754	-0.00102325	0.15006	0.0675171	0.242864	-0.00442104	0.104062	0.00122509	-0.00702815	
-0.0142666	-0.00480178	0.0194258	0.0944568	-0.00345434	-0.0195925	-0.0188401	0.148962	0.111472	0.130593	0.0301069	0.0109949	0.0163637	-0.000208158	-0.0150397	-0.0134351	-0.00421864	0.119719	0.0562436	0.293734	-0.00416469	0.122385	0.000733196	-0.00796326	-0.0136715	
-0.0103039	-0.00454693	0.0127274	0.0284354	-0.00445697	-0.0206094	-0.0200813	0.122748	0.243091	0.0746783	0.0257086	0.0209443	0.0184293	0.00141579	-0.0152308	-0.0151939	-0.00519408	0.141868	0.124612	0.319182	-0.00516732	0.155355	0.00103823	-0.00457608	0.0539473	0.00314066	0.0157033	
-0.0113429	-0.00612733	0.0252388	0.0799992	-0.00154077	-0.0202748	-0.020893	0.138146	0.083723	0.0821699	0.0321639	0.0117835	0.00861542	0.00106313	-0.0160877	-0.0151876	-0.0063321	0.143855	0.110463	0.251936	-0.00516732	0.0952448	0.000771335	-0.00366192	0	0	0.00286232	0	
-0.0121212	-0.00726067	0.0242416	0.058079	-0.00326215	-0.0203673	-0.020285	0.255854	0.108188	0.10437	0.0309734	-0.0011076	0.0140478	0.00276269	-0.0160877	-0.0159692	-0.0063321	0.100832	0.0554874	0.287461	-0.00557354	0.0928122	-0.000778341	-0.00219393	0	0.0429453	
-0.0120859	-0.0120631	0.0212674	0.0160456	-0.00832952	-0.0209999	-0.0215452	0.197388	0.0354488	0.152452	0.0431186	0.00529286	0.0118378	0.00298242	-0.0170735	-0.0150648	-0.00664753	0.138155	0.0708583	0.338849	-0.00435559	0.0913535	-0.000778341	-0.00319084	
-0.0111763	-0.00561427	0.0279412	0.0326683	-0.00496962	-0.0189276	-0.0208613	0.155624	0.174171	0.115043	0.0284893	0.020475	0.0213352	0.00421481	-0.0173668	-0.013675	-0.00469491	0.126173	0.10642	0.252651	-0.00445223	0.108418	-0.000185619	-0.0032446	0	-0.013154	
-0.0119063	-0.00728359	0.0229293	0.0711395	-0.0031373	-0.0198494	-0.0210223	0.186317	0.107146	0.10595	0.0380712	0.0102747	0.0180855	0.00553866	-0.0175785	-0.0116159	-0.0058725	0.171969	0.0708997	0.32519	-0.00431277	0.0932816	-0.00056964	-0.00411825	-0.00381994	-0.00960283	
