-0.0890491	-0.020044	-0.106507	-0.117028	0.023747	-0.055003	-0.140228	0.109347	-0.0248925	-0.0841134	-0.0283427	-0.0554037	-0.00246871	-0.0939668	-0.0802445	-0.100081	-0.0760742	-0.111002	-0.107653	0.050778	-0.0995812	-0.0991806	-0.113761	-0.0888589	-0.0907381	-0.0884779	-0.0480117	-0.0832604	-0.0409584	0.0379109	-0.119084	-0.0927428	-0.112757	-0.110431	-0.030768	-0.002738	0.01117	-0.110592	0.00336677	-0.0487545	-0.0522448	-0.103037	-0.0650467	-0.109499	-0.111324	0.0198959	0.037363	0.0132854	0.10762	0.094961	-0.100293	-0.0596318	-0.11709	0.059539	-0.108827	0.00168579	-0.0783505	0.0030358	-0.0796707	-0.0636274	-0.10265	-0.0267947	-0.0837839	-0.0836339	0.117599	-0.106499	-0.0604958	-0.0398678	0.035469	0.0332222	-0.006004	0.100943	-0.108601	0.0176617	-0.0429592	-0.0878096	-0.0709775	-0.103653	-0.105119	
-0.084279	0.0252554	0.050778	-0.116039	0.023112	-0.0577352	-0.140525	0.109579	-0.0246599	-0.107812	-0.0834774	-0.0948161	-0.110651	-0.105583	-0.104501	-0.0808355	-0.119227	-0.0447359	-0.111642	-0.0287387	-0.133807	0.0948579	0.142677	-0.107088	-0.0880421	0.00213203	-0.0780074	0.0269983	-0.103848	-0.0282835	-0.0965387	-0.0836339	-0.00711546	-0.103647	-0.086094	-0.105402	0.0310549	-0.104332	-0.083743	
-0.0891534	0.017019	0.105877	-0.105213	0.0313666	-0.0123398	-0.140231	0.102661	-0.0315784	-0.0899517	-0.0741222	-0.0998001	-0.103241	-0.0939551	-0.0126307	-0.0811015	0.224345	-0.0954303	-0.0694655	-0.0956122	-0.0679782	-0.0730926	0.0878125	0.0592445	-0.101387	
-0.0781236	0.00527713	0.0600006	-0.104923	0.0398589	0.0252798	-0.133615	0.10454	-0.0229366	-0.0869391	-0.0896536	0.000172141	0.0784254	-0.100401	0.13093	-0.047449	-0.0462623	-0.0950364	0.119231	-0.0781072	-0.0858813	-0.0672102	-0.0888649	
-0.089911	0.0148694	0.115973	-0.108861	0.0235722	-0.0024471	-0.144316	0.122554	-0.0156647	-0.0930558	-0.0940389	0.042644	-0.10442	0.140563	-0.08828	-0.073249	-0.0993237	0.127502	-0.0896195	-0.101515	-0.0845044	-0.0721238	
-0.0771951	-0.000975085	0.0374249	-0.109695	0.0228706	0.00237056	-0.14565	0.119101	-0.0203823	-0.0995672	-0.0959243	-0.0903339	0.0297897	-0.103809	0.131969	-0.0670156	-0.0754158	-0.0988746	-0.0837503	-0.0958267	0.0549392	-0.085135	
-0.0957932	0.00840043	-0.0147708	-0.109695	0.0417691	0.0122524	-0.14565	0.121611	-0.0178724	-0.0895488	-0.0949483	-0.0876448	-0.0864115	0.0240169	-0.103833	0.0772684	-0.0826749	-0.0778559	-0.0991677	-0.079655	-0.0927271	0.0324045	
-0.0808593	0.012397	-0.00566016	-0.109438	0.0353509	0.0230732	-0.140471	0.117246	-0.0168236	-0.0790969	-0.0944902	-0.0883701	-0.0905853	0.0243374	-0.10722	0.1279	0.0645582	-0.0857986	-0.0697595	-0.0996024	-0.0837204	-0.0948726	
-0.101402	-0.00369897	-0.102923	-0.108329	0.0356518	0.0309426	-0.150994	0.13051	-0.0141224	-0.0656751	-0.0921009	-0.0901397	-0.0853179	0.0619773	-0.0876506	0.105897	0.0548344	-0.0862613	-0.0708965	-0.0983351	-0.0874484	
-0.0936171	0.0174312	-0.103883	-0.108416	0.0331256	-0.00508862	-0.150578	0.125914	-0.0186455	-0.0756362	-0.0923057	-0.0859363	-0.0887282	0.0797863	-0.0523316	0.0286972	0.126486	-0.0971284	-0.0642822	-0.0963003	-0.0834189	
-0.0886939	0.00610676	-0.101958	-0.109536	0.025202	0.0190314	-0.135686	0.117638	-0.0116392	-0.0604049	-0.0953331	-0.0925517	-0.0934793	0.0252587	-0.0692135	0.0319966	0.115998	-0.100904	-0.0645999	0	0	-0.0605152	-0.0987375	-0.0835815	
-0.104073	-0.0109121	-0.105706	-0.11275	0.0276845	0.009992	-0.157701	0.142967	-0.00824278	-0.0921595	-0.0970606	-0.100874	-0.0983627	0.0638341	-0.0861202	0.0483087	0.139192	-0.104949	-0.0770127	-0.0896241	-0.105129	-0.0476324	
-0.0827542	0.0298582	-0.107432	-0.113519	0.0136026	0.0217086	-0.144515	0.12351	-0.0147235	-0.0853102	-0.0986661	-0.0946607	-0.103608	0.14676	-0.0992945	0.0763521	0.477008	-0.0947872	-0.0744697	-0.0918621	-0.102096	-0.0110481	0	
-0.102813	0.00927635	-0.106013	-0.111329	0.0431695	0.0298058	-0.156496	0.136886	-0.0129396	-0.0871074	-0.0981816	-0.0943612	-0.0785465	0.169536	-0.0789686	0.0556419	0.224441	-0.098648	-0.0775906	-0.095665	-0.0984715	
-0.102813	0.00538473	-0.107154	-0.111908	0.0302116	0.0287186	-0.156412	0.133562	-0.0161832	-0.0850761	-0.0955595	-0.0910382	-0.0936088	0.111605	-0.0857151	0.0875042	0.0775169	-0.0927646	-0.0687702	-0.0880355	-0.102456	-0.0112393	-0.0819988	0	
-0.102813	0.00177115	-0.110962	-0.114467	0.0444329	0.00226051	-0.156244	0.140121	-0.0101549	-0.0907156	-0.101144	-0.0997544	-0.0964154	0.129585	-0.0904379	0.0382695	0.126047	-0.0988553	-0.0811157	-0.089029	-0.104614	-0.0602096	-0.0407992	-0.0420192	
-0.0923086	-0.00141631	-0.110012	-0.113644	0.0500054	0.0418182	-0.143049	0.119941	-0.0169819	-0.0884736	-0.104735	-0.0929273	-0.0946697	0.0387146	-0.0849733	0.0759855	0.140804	-0.0855693	-0.0839371	-0.0971284	-0.103039	-0.00204445	-0.000814935	
-0.1018	0.00816582	-0.107586	-0.113668	0.0345232	0.04629	-0.15713	0.140791	-0.0102142	-0.0899847	-0.100473	-0.099695	-0.0957499	0.0309803	-0.094751	0.136904	0.0696462	-0.105416	-0.0842417	-0.0954666	-0.101983	
-0.0995378	0.00497076	-0.108407	-0.114706	0.0293524	0.0436908	-0.151419	0.13186	-0.0128769	-0.0916506	-0.0954698	-0.0971746	-0.0866114	0.0278876	-0.0896714	-0.101336	0.135735	-0.101021	-0.0823544	-0.0972192	-0.101237	-0.000704341	0	
-0.104538	-0.00777167	-0.106174	-0.114385	0.0190603	0.0543986	-0.15194	0.126459	-0.0193154	-0.094943	-0.0983271	-0.0912551	-0.0960196	0.226659	-0.0886569	-0.105577	0.0968035	-0.0895965	-0.0674583	-0.0997265	-0.0407834	
-0.0877986	-0.0146254	-0.107114	-0.113775	0.0132505	0.0530624	-0.148565	0.130673	-0.0118134	-0.0893975	-0.0972062	-0.0984446	-0.073961	0.0740539	-0.0891582	-0.10396	0.0218999	-0.0850497	-0.0815827	-0.0945305	
-0.100417	0.00304531	-0.108289	-0.112728	0.0250321	0.0471354	-0.151068	0.137605	-0.00756037	-0.0995542	-0.0990112	-0.10166	-0.0876167	0.175968	-0.0787037	-0.100368	0.0295437	-0.0918762	-0.0763944	-0.0978842	
-0.100881	0.00304531	-0.10199	-0.113245	0.0246881	0.0428278	-0.150884	0.136224	-0.00766186	-0.0918647	-0.0990112	-0.100279	-0.104048	0.0824746	-0.088819	-0.0983162	0.144008	-0.0962296	-0.0803121	-0.0955703	
-0.0959863	0.0110345	-0.103684	-0.110437	0.016949	0.00820709	-0.146084	0.133178	-0.00621145	-0.0934017	-0.0959121	-0.0992893	-0.0974977	0.0403017	-0.0798134	-0.0986644	0.0467615	-0.101076	-0.073953	-0.0926712	0	
-0.103289	0.0164037	-0.100014	-0.110632	0.0264683	0.0122356	-0.149631	0.133597	-0.00922216	-0.0977428	-0.0978036	-0.0976279	-0.0987132	0.0724275	-0.0964438	-0.0971563	0.0789408	-0.0922511	-0.0816571	-0.0935061	
-0.100126	-0.00336092	-0.106241	-0.110701	0.0264683	0.0171882	-0.152398	0.136949	-0.00925444	-0.0931641	-0.097718	-0.0978154	-0.0986982	0.0489181	-0.0916416	-0.103813	0.0745297	-0.0983202	-0.074335	-0.0948726	-0.0118362	
-0.0876214	-0.00267293	-0.105434	-0.111309	0.0164078	0.0540016	-0.152701	0.134688	-0.0115136	-0.0937344	-0.0957836	-0.0955563	-0.101167	0.0372619	-0.0844	-0.103953	0.13187	-0.10367	-0.0838742	-0.0855855	0	
-0.0952442	0.000548571	-0.104969	-0.11054	0.0195495	0.0369773	-0.154215	0.134399	-0.0132888	-0.0836289	-0.0920673	-0.0936666	-0.0908096	0.0497987	-0.0897942	-0.101906	0.0621703	-0.0998481	-0.084215	-0.0915042	0.00446145	
-0.0879257	-0.00123918	-0.105605	-0.113506	0.0227515	0.024846	-0.154215	0.13616	-0.0115278	-0.0778519	-0.0983598	-0.0972154	-0.0893403	0.0505487	-0.0817412	-0.105113	0.0440985	-0.106453	-0.0901499	-0.092348	
-0.0950412	-0.00230565	-0.105734	-0.112971	0.0313872	0.0194823	-0.154215	0.136766	-0.0109212	-0.0936531	-0.101007	-0.097822	-0.0890962	0.0716305	-0.0869404	-0.104168	0.01997	-0.0997314	-0.0662603	-0.0921547	
-0.0865123	-0.0181238	-0.109451	-0.113402	0.0261516	0.0357457	-0.148422	0.126884	-0.0150246	-0.0953979	-0.102697	-0.0937185	-0.0969253	0.194565	-0.0971837	-0.102197	0.0194243	-0.101909	-0.0823223	-0.0866735	-0.0554238	
-0.0882919	0.00224457	-0.107397	-0.113089	0.033434	0.0143018	-0.148312	0.129692	-0.0123825	-0.0792576	-0.102815	-0.0962892	-0.0850166	0.0802423	-0.083914	-0.104252	0.0324888	-0.104125	-0.0751971	-0.0889037	
-0.0905893	0.0034413	-0.102175	-0.111322	0.0166109	0.0304446	-0.147208	0.121978	-0.0191071	-0.0919559	-0.0968343	-0.0888696	-0.0892221	0.0315899	-0.090318	-0.103056	0.0451079	-0.0997841	-0.0686128	-0.0919432	0.00460924	
-0.0917294	0.00946543	-0.102535	-0.109937	0.0238676	0.062346	-0.14579	0.128837	-0.0114271	-0.0821703	-0.0943171	-0.0956666	-0.0864395	0.0799411	-0.0882134	-0.102424	0.0491643	-0.0863768	-0.0818678	-0.0906454	
-0.0892437	-0.000650085	-0.105921	-0.110377	0.0215238	0.0344257	-0.140431	0.121878	-0.0125301	-0.0935178	-0.0998802	-0.0944636	-0.0873034	0.062307	-0.0901624	-0.101687	0.047573	-0.0910206	-0.0852247	-0.0910751	0.0606658	
-0.0855067	0.000269385	-0.107009	-0.110377	0.0316598	0.0184157	-0.142943	0.120832	-0.0162994	-0.0869237	-0.0952804	-0.0906943	-0.0960252	0.0340052	-0.0767294	-0.102559	0.0632883	-0.0893313	-0.0832389	-0.0947207	0	
-0.101347	-0.00857989	-0.104605	-0.111092	0.0248642	0.0195869	-0.148043	0.127584	-0.0144093	-0.0904949	-0.095999	-0.0925727	-0.104723	0.0653767	-0.0949412	-0.0987699	0.0268356	-0.0896313	-0.0769171	-0.0879007	0.0016332	
-0.0806229	0.000466417	-0.0998904	-0.110137	0.00966509	0.0384225	-0.132338	0.103562	-0.0224937	-0.0826968	-0.0985905	-0.084497	-0.0957979	0.205007	-0.0847046	-0.103615	0.0294709	-0.0850937	-0.087621	-0.0924186	
-0.0985943	0.00852026	-0.101727	-0.108419	0.0137565	0.0460066	-0.138584	0.116678	-0.0156776	-0.0870402	-0.0970615	-0.0889392	-0.098151	0.101351	-0.0793395	-0.100149	0.0994163	-0.0828038	-0.0734128	-0.0884808	
-0.107423	-0.00857176	-0.113295	-0.113838	0.0204686	0.00773898	-0.157128	0.138187	-0.0128616	-0.0890257	-0.102391	-0.0979125	-0.0956937	0.126907	-0.086924	-0.106123	0.144643	-0.0877786	-0.0659715	-0.095148	0.0070742	-0.0219427	
-0.112346	-0.00285799	-0.110005	-0.108518	0.01263	0.0344865	-0.161443	0.143353	-0.0114622	-0.0900075	-0.0947837	-0.0928917	-0.0811817	0.136845	-0.0854082	-0.0983901	0.23855	-0.102457	-0.0711086	-0.0796602	0.00942548	0	-0.0202197	0	0.00607696	
-0.121062	-0.00112478	-0.116348	-0.110184	0.0109894	-0.00281437	-0.161778	0.147032	-0.0082714	-0.089197	-0.0986717	-0.098211	-0.0977713	0.0468314	-0.0878818	-0.100972	0.161647	-0.097343	-0.0795541	-0.0866891	0.0114137	-0.0123051	0.0108085	
-0.106243	-0.00112478	-0.105028	-0.110146	0.0176904	0.0292209	-0.148126	0.132639	-0.00925224	-0.0877842	-0.0985088	-0.0972302	-0.101338	0.0852177	-0.0953274	-0.10087	0.0605023	-0.0892503	-0.069351	-0.0814911	-0.000304191	
-0.104671	0.00450254	-0.100831	-0.113223	0.00933979	0.00626639	-0.148142	0.13655	-0.00536229	-0.0859745	-0.102029	-0.104662	-0.0986243	0.0464614	-0.0950938	-0.105294	0.100513	-0.102266	-0.0867176	-0.0908686	
-0.103164	-0.0111127	-0.104922	-0.114407	0.00758259	0.0276383	-0.153353	0.139363	-0.00773697	-0.0947063	-0.0998418	-0.102264	-0.0998399	0.0611617	-0.0913518	-0.106085	0.109489	-0.0969525	-0.0826398	-0.0905275	
-0.0907467	-0.00942146	-0.104075	-0.11348	0.0182148	0.0428711	-0.140173	0.129203	-0.0043197	-0.0975739	-0.103859	-0.105203	-0.101433	0.0821467	-0.10034	-0.105641	0.0796526	-0.0894887	-0.0801174	-0.0810415	
-0.0996745	-0.000670166	-0.100646	-0.11133	0.00400379	-0.00604146	-0.147258	0.129304	-0.0118017	-0.0913142	-0.0933484	-0.0960262	-0.0990405	0.0770536	-0.0970875	-0.103363	0.0362557	-0.0882417	-0.0723427	-0.0919358	0	
-0.116291	-0.00953684	-0.106506	-0.110947	0.00313804	0.0191257	-0.165138	0.151768	-0.00650133	-0.0898386	-0.0964445	-0.100804	-0.106722	0.0661325	-0.0929786	-0.102598	0.0529581	-0.0844512	-0.0679425	-0.0917467	0.0569983	
-0.111367	0.00965075	-0.107157	-0.115467	0.00843301	0.0531913	-0.151383	0.136896	-0.00807699	-0.092473	-0.099785	-0.102894	-0.106116	0.0456214	-0.098692	-0.104878	0.0651531	-0.099541	-0.066323	-0.0961114	
-0.118918	0.00684033	-0.10359	-0.112139	0.0215995	0.0180934	-0.164438	0.145415	-0.0126139	-0.0844416	-0.0925976	-0.0963625	-0.0836351	0.0325168	-0.0881373	-0.10219	0.0339117	-0.102218	-0.0548228	-0.0937604	
-0.108209	-0.000577415	-0.104863	-0.113333	0.0179026	0.0542272	-0.157814	0.142758	-0.00868943	-0.0788064	-0.100735	-0.100287	-0.0993874	0.0480316	-0.0949383	-0.104515	0.0466446	-0.103155	-0.0501784	-0.0885903	
-0.115877	0.0131879	-0.105769	-0.113876	0.0203693	0.0151777	-0.169394	0.14373	-0.0194128	-0.0773134	-0.0971592	-0.0978275	0.182849	-0.0729083	-0.104459	0.102513	-0.0886203	-0.0900835	-0.0887612	
-0.116131	-0.00113551	-0.106043	-0.112158	0.0265063	0.0474177	-0.164846	0.14396	-0.0151087	-0.0718143	-0.0994128	-0.0919657	0.101845	-0.0863762	-0.104402	0.0305824	-0.0922851	-0.0943274	-0.0889308	
-0.111322	-0.00839807	-0.10487	-0.11297	0.0219162	0.012865	-0.164703	0.13205	-0.0268205	-0.0701166	-0.0974819	-0.0864035	-0.0291996	0.076174	-0.094639	-0.103249	0.140874	-0.0934936	-0.0824174	-0.0888911	0	
-0.113088	-0.00378789	-0.106742	-0.112934	0.0133003	-0.0166359	-0.165135	0.147029	-0.0119726	-0.0644743	-0.0988541	0.0430707	-0.0921529	-0.101813	0.0792198	-0.0952081	-0.0973965	-0.0891421	-0.0982065	
-0.112548	-0.0015354	-0.107642	-0.11281	0.011024	0.015032	-0.164816	0.143631	-0.0153705	-0.0815625	-0.0983873	0.0326533	-0.0105107	-0.100987	-0.100018	0.140787	-0.104564	-0.0939986	-0.0883318	-0.0849789	
-0.123461	-0.0115326	-0.112819	-0.115445	0.00707284	0.0319113	-0.164814	0.134409	-0.0234237	-0.0788738	-0.101467	0.0482599	-0.104917	-0.105309	-0.0743137	0.0921089	0.04202	-0.0983576	-0.0877707	-0.0893567	-0.00875287	
-0.113367	-0.0115326	-0.11126	-0.115695	0.00141653	0.00557726	-0.163682	0.146702	-0.0104008	-0.0893922	-0.105052	0.0549875	-0.104412	-0.109425	-0.101253	0.104216	-0.0513221	-0.101416	-0.101305	-0.0943016	0.114	
-0.117282	0.00916345	-0.102414	-0.109812	0.0183095	-0.0177116	-0.163856	0.147213	-0.00958997	-0.0834576	-0.0958167	0.161817	-0.101958	-0.100527	-0.0806805	0.0556341	0.00636385	-0.0951235	-0.0957807	-0.0972656	-0.029941	0	
-0.104482	0.0143518	-0.102517	-0.109558	0.0183095	0.00739948	-0.162419	0.146814	-0.00870424	-0.0846203	-0.0966655	0.149805	-0.102522	-0.100819	-0.0851398	0.0308431	-0.100108	-0.0966664	-0.0846552	
-0.109072	-0.000350032	-0.108593	-0.114547	0.018189	0.0175826	-0.152409	0.136119	-0.010069	-0.0756245	-0.103466	0.0279739	-0.104722	-0.0995957	-0.0986442	0.0962476	-0.099422	-0.0937031	0	-0.0895236	0.0333899	0	
-0.111167	0.00990578	-0.099146	-0.109944	0.0247756	0.0421862	-0.159891	0.141297	-0.0120774	-0.0812755	-0.0942613	0.0632585	-0.0993055	-0.0925161	-0.0995097	0.0558708	-0.0937553	-0.0842257	0.0479436	-0.0829358	
-0.106382	-0.00309722	-0.109674	-0.115024	0.0364434	0.026747	-0.154799	0.133203	-0.0160777	-0.0864801	-0.101039	0.14484	-0.10655	-0.105064	-0.100748	0.0409062	-0.0955614	-0.0890118	-0.00562411	-0.0907638	
-0.115322	0.00356792	-0.109634	-0.11523	0.0364434	0.0530805	-0.159027	0.141128	-0.012055	-0.0838759	-0.101351	0.0838048	-0.102649	-0.104966	-0.100158	0.0397896	-0.0993079	-0.0880888	0.013244	-0.0937055	-0.0581989	0	
-0.111643	-0.00174321	-0.100422	-0.108555	0.0327987	0.0267918	-0.163277	0.148775	-0.00758733	-0.0811514	-0.0993041	0.0727642	-0.0973331	-0.101434	-0.087318	0.0158278	-0.0973754	-0.0779789	0.0138895	-0.0814638	
-0.112825	-0.00174321	-0.102106	-0.109693	0.0324014	0.0216116	-0.163159	0.147885	-0.00926157	-0.0737417	-0.0971744	0.0549423	-0.0993003	-0.0995483	-0.0815681	0.0437833	-0.0964857	-0.0869594	-0.0326479	-0.0823756	0	0	0	
-0.0973755	0.00140909	-0.102563	-0.109463	0.0321943	0.0287071	-0.147183	0.117306	-0.024055	-0.0763569	-0.0912912	0.0440041	-0.100243	-0.0959784	-0.0865654	0.0185623	-0.0819583	-0.0955515	-0.00591295	-0.083701	
-0.100366	0.000140319	-0.0974388	-0.109702	0.0340726	0.0370974	-0.147105	0.132476	-0.0088481	-0.0826631	-0.0958923	0.0444798	-0.0999939	-0.0967491	-0.079952	0.0273266	-0.0971287	-0.095946	0.00390246	-0.0941234	0	-0.0735021	
-0.102009	-0.00536073	-0.107931	-0.115394	0.0284765	0.0193433	-0.147095	0.132773	-0.00802006	-0.0776993	-0.101102	0.0206117	-0.103722	-0.106639	-0.085042	0.0191884	-0.103021	-0.0956312	-0.00162683	-0.0901755	-0.102564	0	
-0.104077	-0.00536073	-0.108827	-0.115232	0.0267787	0.0303138	-0.153555	0.124479	-0.0228755	-0.0640373	-0.104138	0.0203544	-0.104007	-0.104977	-0.100562	0.0441838	-0.0883322	-0.0993831	-0.0474933	-0.0914067	
-0.102413	-0.0128444	-0.107532	-0.116813	0.0257596	0.0293593	-0.154863	0.127799	-0.0208966	-0.0907665	-0.101478	0.0365928	-0.10323	-0.105346	-0.0989286	0.0899637	-0.0910375	-0.0981637	-0.0223195	-0.0935304	0	
-0.10132	-0.0102721	-0.105826	-0.109975	0.0441674	0.00634804	-0.168866	0.150253	-0.0118555	-0.0835968	-0.0991364	0.0492068	-0.10087	-0.100543	-0.0935936	0.0622746	-0.0939593	-0.0962787	-0.015803	-0.086914	-0.0510102	
-0.102019	-0.0199056	-0.111364	-0.115993	0.0288079	0.0302318	-0.166065	0.150055	-0.0103383	-0.0856306	-0.105812	0.207056	-0.106674	-0.109558	-0.0994422	0.049926	-0.102718	-0.0996073	-0.0276147	-0.0947695	
-0.105988	-0.0163676	-0.107015	-0.11575	0.0105496	0.0471465	-0.158981	0.142088	-0.0105922	-0.10021	-0.102194	0.0800237	-0.106788	-0.107176	-0.085133	0.168877	-0.101228	-0.0925605	0.0169344	-0.0977973	0	
-0.0972196	-0.009946	-0.106153	-0.116345	0.0286486	0.0403542	-0.150105	0.12936	-0.0147063	-0.0942732	-0.102544	0.0602331	-0.100355	-0.108194	-0.0921016	0.162805	-0.0971136	-0.0979388	-0.00670871	-0.0807665	
-0.114026	-0.0075766	-0.103837	-0.113653	0.031018	0.0239245	-0.16094	0.148996	-0.00543296	-0.0881776	-0.0995319	0.0572674	-0.103038	-0.105408	-0.0896661	0.112122	-0.103894	-0.103603	-0.0158491	-0.0930994	-0.0446374	
-0.0924854	0.017496	-0.100718	-0.11515	0.0390904	0.0329493	-0.141358	0.124934	-0.00971222	-0.0943166	-0.0966439	0.0789094	-0.104495	-0.0992571	-0.0978633	0.0714024	-0.100792	-0.0932118	0.0352189	-0.0967962	
-0.0793959	-0.00987493	-0.106225	-0.115033	0.0631966	0.0392415	-0.135124	0.118701	-0.010627	-0.083132	-0.100597	0.0526189	-0.102746	-0.108305	-0.107301	0.0233169	-0.100242	-0.0919557	0.0359837	-0.0805868	-0.0484757	-0.0540391	
-0.105945	-0.00755343	-0.104965	-0.114396	0.0274113	-0.00743672	-0.1559	0.135378	-0.0145155	-0.0935363	-0.0947135	0.0291187	-0.105736	-0.103478	-0.105863	0.0200365	-0.0963559	-0.10131	0.0035321	-0.08906	
-0.0934045	-0.00755343	-0.104495	-0.114586	0.0203866	0.056552	-0.150116	0.128159	-0.0164971	-0.089668	-0.104309	0.0233997	-0.103437	-0.105171	-0.0991148	0.065195	-0.0946363	-0.0892776	0.0174983	-0.0855813	
-0.0991708	-0.0191101	-0.105565	-0.114488	0.0203866	0.0281135	-0.155706	0.132914	-0.0167856	-0.0833993	-0.101575	0.0218048	-0.104231	-0.105248	-0.103306	0.0298696	-0.0940574	-0.0969432	0.00274624	-0.0849736	
-0.087637	-0.00738289	-0.10569	-0.114011	0.0124593	0.016894	-0.139331	0.123766	-0.00957198	-0.0890667	-0.106782	0.0383412	-0.104231	-0.102237	-0.103813	0.036859	-0.101285	-0.0829276	0.0499942	-0.0897599	-0.00846481	
-0.0999485	-0.0211466	-0.102398	-0.114614	0.0136008	0.0408556	-0.149838	0.125915	-0.0179683	-0.0904616	-0.0970895	0.049374	-0.105227	-0.108759	-0.104893	0.118005	-0.0930031	-0.0976158	0.0334982	-0.0918088	0.0146419	-0.0239409	-0.0877364	
-0.0966913	-0.0205769	-0.104028	-0.112968	0.0150512	0.0399477	-0.141246	0.122574	-0.0126542	-0.069888	-0.101093	0.0630538	-0.104147	-0.110407	-0.09428	0.113709	-0.0971761	-0.0920848	-0.0188845	-0.093491	
-0.104965	-0.00253382	-0.0958529	-0.106287	0.0246996	0.0429451	-0.147943	0.13029	-0.0115627	-0.0789836	-0.0949143	0.0519454	-0.0962675	-0.0994965	-0.0872718	0.0972381	-0.0921676	-0.0896195	-0.0226671	-0.086485	0	
-0.108881	-0.0113745	-0.0991248	-0.107761	0.0208209	0.0299942	-0.151503	0.136588	-0.0090123	-0.0666246	-0.0928342	0.0551126	-0.0998796	-0.1023	-0.095512	0.0929235	-0.0953104	-0.077671	0.0572199	-0.0832482	-0.0422171	
-0.107206	-0.00201227	-0.0952049	-0.106626	0.0208209	0.0360805	-0.151503	0.136131	-0.00946934	-0.0676983	-0.0942365	0.079419	-0.097877	-0.0992193	-0.0932646	0.0201385	-0.0948534	-0.0773501	0.0158035	-0.0770009	0	0	
-0.102774	0.00245154	-0.103064	-0.113644	0.032203	0.0359361	-0.151503	0.130081	-0.01579	-0.0757936	-0.10139	0.0629511	-0.102301	-0.108117	-0.0985483	0.0224889	-0.0944274	-0.0848911	0.0349081	-0.0843037	0	-0.0135359	-0.0183606	
-0.0989844	0.00219306	-0.096097	-0.104858	0.0313723	-0.00273618	-0.154882	0.137947	-0.0107941	-0.0697587	-0.0980627	0.0587572	-0.0958851	-0.0965718	-0.0852297	0.0677799	-0.0919521	-0.091969	0.00326204	-0.0790607	-0.00341968	0	0	
-0.104236	0.0123825	-0.0973371	-0.105867	0.0600329	0.0387864	-0.15527	0.139088	-0.00998497	-0.0639925	-0.0938406	0.0744536	-0.0919066	-0.0914228	-0.094541	0.0194417	-0.0925285	-0.0853866	-0.00950735	-0.0826253	
-0.111838	-0.000760052	-0.0970948	-0.105504	0.0511297	0.0125919	-0.155427	0.136594	-0.0120604	-0.0652251	-0.0932251	0.0652322	-0.096131	-0.0999986	-0.0683571	0.039128	-0.0900346	-0.076084	0.00791081	-0.0759379	
-0.0948441	-0.000373428	-0.100126	-0.106405	0.0401477	0.0197677	-0.14744	0.129093	-0.0119544	-0.0597767	-0.097956	0.0777011	-0.0941734	-0.0956605	-0.0855877	0.027511	-0.0904235	-0.0864665	-0.00227816	-0.0823305	
-0.0953336	-0.00680579	-0.103486	-0.111232	0.0360642	0.00961861	-0.147308	0.135653	-0.0062455	-0.0619556	-0.102544	0.0269923	-0.0959682	-0.0910007	-0.0830238	0.0303037	-0.101068	-0.097448	0.0370247	-0.0852825	0	0	
-0.0941731	-0.00854531	-0.101423	-0.110626	0.042879	0.0323294	-0.147319	0.131935	-0.00959074	-0.0809554	-0.100682	0.110483	-0.0972061	-0.104963	-0.0873448	0.0342191	-0.0973493	-0.0929895	0.0337758	-0.0833445	
-0.0879867	-0.00454006	-0.101697	-0.110877	0.0276329	0.0281543	-0.146519	0.123051	-0.0175803	-0.0727784	-0.102351	0.0932145	-0.0993144	-0.104403	-0.0844115	0.0668232	-0.0893597	-0.0820627	-0.0329298	-0.0827298	0.00925511	
-0.104747	-0.00486929	-0.0971663	-0.107658	0.0456073	0.0152475	-0.156185	0.13421	-0.0160866	-0.0822145	-0.102087	0.112593	-0.0981331	-0.105716	-0.075887	0.0192436	-0.0889755	-0.0863902	-0.0192266	-0.0759683	-0.0379413	
-0.103099	-0.0112348	-0.106855	-0.115189	0.0194221	0.00738381	-0.155974	0.134962	-0.0154009	-0.0770948	-0.10486	0.045026	-0.10447	-0.111132	-0.093915	0.0221233	-0.0964376	-0.101832	-0.054246	-0.0951604	0.0100739	
-0.096236	-0.00931887	-0.105085	-0.111821	0.0349935	0.0222408	-0.156404	0.136617	-0.0131752	-0.0795883	-0.0987023	0.0558677	-0.10113	-0.102376	-0.0858984	0.0157094	-0.095391	-0.0923726	-0.012659	-0.0944315	-0.0192816	-0.0230072	-0.0626318	0	
-0.0929066	-0.0155628	-0.104758	-0.112568	0.0369768	0.0311904	-0.151587	0.130055	-0.015229	-0.0888045	-0.104458	0.108931	-0.102453	-0.107366	-0.0857002	0.0210542	-0.0933045	-0.0888589	-0.0415131	-0.094387	0.00231824	
-0.0989533	-0.00756849	-0.0996594	-0.112951	0.0369768	0.0084128	-0.151521	0.132002	-0.0132826	-0.0803676	-0.102297	0.0427612	-0.103701	-0.0871123	-0.0848183	0.156418	-0.0952509	-0.0937671	-0.0361882	-0.0938759	
-0.0933021	-0.000747739	-0.0986487	-0.11275	0.0201135	-0.00456814	-0.15518	0.140922	-0.00783719	-0.0653386	-0.10082	0.139484	-0.0996421	-0.102819	-0.0421403	0.234451	-0.100696	-0.0959405	-0.0452851	-0.0857449	
-0.106482	-0.0172903	-0.10472	-0.111888	0.0387762	0.0229029	-0.156796	-0.078424	-0.101009	0.0695478	-0.103518	-0.103018	-0.00838739	0.198286	-0.100559	-0.0991058	-0.0879116	0.142285	-0.0322148	-0.0628652	
-0.113247	-0.0105858	-0.101293	-0.111578	0.0335307	0.0407301	-0.163979	0.00834272	-0.0870267	-0.102469	0.0919413	-0.102351	-0.105743	-0.00868822	0.100525	-0.100312	-0.0981276	-0.0905839	0.149254	-0.0134198	
-0.0914086	-0.0176019	-0.102256	-0.111899	0.0192908	0.0236673	-0.150408	-0.0809278	-0.0921275	-0.104864	0.227433	-0.104137	-0.0819034	-0.0088324	0.0493093	-0.100168	-0.0882284	0.135521	-0.0205096	
-0.0996364	-0.0185565	-0.102567	-0.111971	0.0301573	0.0122793	-0.15924	-0.0929925	-0.0835255	-0.101117	0.281649	-0.104739	-0.105323	-0.00375692	0.0378552	-0.104919	-0.092592	0.0196042	0.14907	
-0.106516	-0.0150273	-0.107837	-0.111631	0.0373247	0.00194651	-0.158585	-0.0860772	-0.081067	-0.104056	0.253954	-0.104335	-0.0964141	-0.00439459	0.0352885	-0.103658	-0.0910497	-0.0183556	0.147336	0	9.52294e-05	
-0.116835	-0.023365	-0.104508	-0.111179	0.0272765	0.0155219	-0.158583	-0.0852235	-0.0817887	-0.105309	0.125339	-0.103646	-0.107676	-0.00718678	0.0154579	-0.100061	-0.0917216	0.00333281	0.144697	0.00657991	0	
-0.109171	-0.0266576	-0.108468	-0.111221	0.0329159	0.0393339	-0.15842	-0.0805479	-0.0898873	-0.0995335	0.0441354	-0.103569	-0.0998539	-0.00894306	0.0423212	-0.0999331	-0.0909738	-0.00796584	0.143613	-0.000321721	
-0.119425	-0.0138854	-0.107735	-0.11089	0.0273684	0.0415372	-0.167083	-0.0826411	-0.0867757	-0.102948	0.0702561	-0.105328	-0.0933122	-0.0105958	0.0616657	-0.0981069	-0.0873764	-0.0364475	0.15026	0	
-0.118513	-0.0250121	-0.106682	-0.111859	0.0539954	0.046432	-0.167241	-0.0878436	-0.0920466	-0.102432	0.0334604	-0.105012	-0.0994914	-0.0123137	0.0677037	-0.0968693	-0.0968211	-0.0246218	0.148995	0.00801574	
-0.120143	-0.0188007	-0.106445	-0.112472	0.0249405	0.0086166	-0.166776	-0.0963947	-0.0958904	-0.102227	0.121879	-0.105034	-0.104595	-0.0104391	0.0684533	-0.0982381	-0.0927742	-0.0464463	0.14982	
-0.114261	-0.0163432	-0.100401	-0.108842	0.0394723	-0.0293267	-0.160817	-0.0881669	-0.0861933	-0.0964015	0.0925394	-0.101993	-0.101674	-0.013841	0.0695182	-0.0917953	-0.0840198	-0.0232435	0.140536	0	
-0.111027	-0.0119672	-0.109595	-0.111863	0.0421544	0.044048	-0.15923	-0.0782529	-0.0959835	-0.105591	0.0402834	-0.10349	-0.10179	-0.0176432	0.0196212	-0.0910312	-0.0894497	-0.035381	0.135364	-0.00209923	
-0.117278	-0.0261068	-0.105961	-0.111863	0.0448857	0.051529	-0.160182	-0.0973187	-0.0872489	-0.104072	0.0316582	-0.10671	-0.107373	-0.0103995	0.019993	-0.0983858	-0.0859609	-0.016436	0.143461	0	
-0.119001	-0.0166666	-0.101496	-0.107406	0.0533198	0.0432865	-0.16003	-0.0963082	-0.0805025	-0.099612	0.225477	-0.10259	-0.0981842	-0.00737937	0.0289387	-0.0980013	-0.0775673	0.00381065	0.146481	-0.0423794	
-0.112652	-0.0107149	-0.103313	-0.108517	0.0643098	0.00126004	-0.163649	-0.0886692	-0.0896382	-0.101705	0.0404317	-0.0992479	-0.0917637	-0.00520637	0.0603848	-0.0998483	-0.0827931	0.00549869	0.151964	0.00953952	-0.0985238	
-0.104965	-0.020031	-0.107072	-0.112115	0.0336345	0.0416526	-0.148796	-0.0959817	-0.0859502	-0.101422	0.140087	-0.103246	-0.107217	-0.00997104	0.0941931	-0.0986788	-0.091379	-0.0115961	0.132561	0	-0.109201	
-0.117307	-0.0338369	-0.105069	-0.111943	0.0312261	0.0618769	-0.162121	-0.102988	-0.0777351	-0.100998	0.231699	-0.105446	-0.10297	-0.00957046	0.0632292	-0.0989277	-0.0943968	0.0175969	0.146069	
-0.0966146	-0.025085	-0.107062	-0.111551	0.0308685	0.0444515	-0.14035	-0.0978882	-0.0855715	-0.102796	0.080829	-0.104606	-0.104386	-0.010106	0.0648787	-0.0990362	-0.086355	0.00742925	0.124049	-0.0225945	0.0258302	
-0.0948342	0.0111775	-0.104743	-0.107635	0.0398746	0.0396348	-0.141025	-0.0903853	-0.0857258	-0.0958608	0.135641	-0.0994947	-0.0963544	-0.00934664	0.0991955	-0.0954003	-0.0838466	0.00646423	0.125649	
-0.12429	0.00811286	-0.102054	-0.107887	0.0276336	0.0421005	-0.161329	-0.0940516	-0.083813	-0.0981962	0.046225	-0.101336	-0.100407	-0.00937976	0.098545	-0.0951465	-0.0821613	0.0126869	0.145564	
-0.0998887	0.000685825	-0.106609	-0.113272	0.0334131	0.0465375	-0.151396	-0.102024	-0.0880723	-0.103078	0.0326514	-0.108709	-0.0935905	-0.0101822	0.148922	-0.100435	-0.0977486	-0.0259042	0.135676	
-0.110788	-0.00235571	-0.101898	-0.111167	0.0363098	0.0451421	-0.146331	-0.0968199	-0.0911793	-0.0984463	0.0643045	-0.103847	-0.101365	-0.0108892	0.117958	-0.0970135	-0.0864634	-0.0317364	0.130028	0	
-0.10326	-0.00330536	-0.104741	-0.111346	0.0453312	0.0174864	-0.146657	-0.107435	-0.0871294	-0.102243	0.188698	-0.105195	-0.099924	-0.0133296	0.104454	-0.0955227	-0.0957683	-0.00220102	0.127587	0.00282851	
-0.112165	-0.0149796	-0.115601	-0.119313	0.0179065	0.059964	-0.158136	-0.103556	-0.0968624	-0.106469	0.141525	-0.11171	-0.103538	-0.0158821	0.0971715	-0.100336	-0.100301	-0.00845215	0.136576	-0.0239885	
-0.0949117	-0.0253507	-0.115501	-0.118484	0.0492456	0.0577313	-0.147586	-0.107545	-0.100779	-0.103641	0.0622189	-0.109417	-0.0940623	-0.0137858	0.0412111	-0.101716	-0.103001	-0.0184578	0.127703	
-0.0917074	-0.0142253	-0.109158	-0.116381	0.0191451	0.0465059	-0.143204	-0.103243	-0.0966757	-0.108205	0.0551796	-0.109179	-0.109552	-0.0116447	0.0257012	-0.102731	-0.102387	-0.0105486	0.126101	0.0131994	
-0.114595	0.00194172	-0.106583	-0.113335	0.0473161	0.0502649	-0.154078	-0.099202	-0.0942616	-0.103708	0.0842411	-0.105225	-0.0924022	-0.0124076	0.0350645	-0.0974365	-0.0844196	-0.037289	0.13547	
-0.0994215	0.00194172	-0.109504	-0.113335	0.0266307	0.0518871	-0.15029	-0.0946794	-0.0948121	-0.104705	0.10163	-0.105993	-0.103954	-0.0206794	0.0543261	-0.089615	-0.0977899	0.0294543	0.123861	-0.00638701	
-0.10169	0.00449372	-0.107639	-0.112958	0.0357794	0.0202472	-0.147136	-0.0973972	-0.0973102	-0.106611	0.0962875	-0.104254	-0.0912168	-0.0205361	0.0965349	-0.0890908	-0.0962677	0.0308601	0.119969	
-0.102144	0.0167665	-0.10679	-0.112191	0.0239859	0.031961	-0.146934	-0.100699	-0.0760185	-0.10504	0.0453898	-0.105431	-0.096798	-0.0105669	0.176722	-0.0989973	-0.0874654	-0.00668678	0.129876	
-0.10493	-0.00595881	-0.106658	-0.114287	0.029473	0.0349532	-0.146828	-0.0782944	-0.092294	-0.107205	0.0430342	-0.10747	-0.0916877	-0.0202906	0.0488532	-0.0901118	-0.0888737	0.0256584	0.12099	0.0787463	
-0.106599	-0.0126678	-0.102872	-0.112908	0.0145758	0.00848863	-0.146842	-0.0984547	-0.0933384	-0.101707	0.0214166	-0.106962	-0.094843	-0.0214551	0.0262954	-0.0888415	-0.0950883	0.0244406	0.119598	
-0.103288	-0.00531933	-0.106237	-0.111861	0.0314204	0.0142655	-0.146794	-0.0941667	-0.0819163	-0.101465	0.0515921	-0.103507	-0.0997468	-0.0158441	0.0317671	-0.0927746	-0.0950522	0.00454045	0.125209	
-0.0995963	-0.00469049	-0.105916	-0.111447	0.0466755	0.0378267	-0.14682	-0.102063	-0.0929009	-0.101036	0.244228	-0.105698	-0.0914621	-0.0209778	0.0221072	-0.0873377	-0.0942032	-0.00185118	0.119773	
-0.112719	0.00366612	-0.105324	-0.110477	0.0363846	0.0509926	-0.157353	-0.0929878	-0.0915996	-0.100897	0.225186	-0.102359	-0.102253	-0.0142293	0.0968125	-0.0936446	-0.0810595	-0.0135774	0.136691	0	
-0.122302	-0.00130676	-0.105324	-0.111708	0.0284153	0.0502563	-0.157341	-0.102302	-0.0952742	-0.0984529	0.0625719	-0.10393	-0.0899194	-0.0122671	0.0789108	-0.0964746	-0.0895972	0.00759483	0.139521	
-0.110759	-0.000752087	-0.105073	-0.111997	0.04903	0.0283747	-0.150915	-0.0891134	-0.070986	-0.0979067	0.195042	-0.103426	-0.0960637	-0.0142035	0.0209892	-0.0956992	-0.0795216	0.00742375	0.131342	
-0.108388	-0.0210043	-0.104725	-0.112031	0.0401892	0.0577479	-0.151034	-0.0957176	-0.0945627	-0.101588	0.042097	-0.10363	-0.0950782	-0.0116299	0.0113098	-0.0982727	-0.0969864	0.0140299	0.133916	0.0439257	
-0.114009	-0.0114569	-0.105808	-0.111902	0.0576119	0.0682131	-0.15836	-0.105133	-0.0973254	-0.103406	0.0640882	-0.104526	-0.0996914	-0.0129704	0.0108597	-0.095624	-0.0928662	0.0194418	0.138736	0.00549809	
-0.110733	0.00135324	-0.104987	-0.110256	0.0553606	0.0554568	-0.155589	-0.0901763	-0.0838597	-0.09891	0.0385827	-0.102573	-0.0854533	-0.0184386	0.0227885	-0.0884144	-0.092084	-0.0125105	0.130535	
-0.0935389	0.007433	-0.106785	-0.110336	0.0416315	0.0545829	-0.139891	-0.0977186	-0.0900126	-0.102274	0.0881917	-0.105266	-0.096654	-0.0162709	0.0354234	-0.0909266	-0.0932529	-0.010449	0.116922	
-0.109891	-0.00500348	-0.103625	-0.110981	0.0424283	0.03995	-0.153644	-0.0993422	-0.094962	-0.101041	0.114042	-0.104327	-0.0907436	-0.00969486	0.0582345	-0.0971712	-0.0905713	0.00113906	0.137029	-0.0494212	0	
-0.0966696	0.00415105	-0.102743	-0.109926	0.0304085	0.0176425	-0.142985	-0.0917534	-0.088122	-0.101504	0.0511992	-0.103892	-0.0955824	-0.01508	0.0162252	-0.0918816	-0.0975103	-0.0141077	0.120999	-0.0166171	-0.0157006	0.0747898	
-0.107447	0.0118584	-0.103137	-0.107665	0.0501951	0.0245201	-0.150263	-0.0881787	-0.0913665	-0.0983768	0.057219	-0.102823	-0.0926982	-0.0127539	0.0121999	-0.0907046	-0.0958188	0.0280041	0.130136	
-0.102966	-0.00826101	-0.0997302	-0.107343	0.0336672	0.0240029	-0.150263	-0.0785398	-0.0820207	-0.0978789	0.0613224	-0.103321	-0.0972279	-0.0091101	0.0223952	-0.0950193	-0.0928979	0.042969	0.134451	
-0.101878	0.0163737	-0.10229	-0.107177	0.0401755	0.00901313	-0.150207	-0.0972671	-0.0855603	-0.0984449	0.090345	-0.101289	-0.0978617	-0.012908	0.0362204	-0.091531	-0.0935134	-0.0108526	0.130963	0.155244	-0.0333143	
-0.0934912	-0.0134447	-0.102733	-0.108315	0.0395188	-0.00525777	-0.146388	-0.0985408	-0.0878695	-0.0963666	0.167449	-0.100328	-0.0920735	-0.0186015	0.0154972	-0.0864942	-0.0941701	0.0466651	0.121535	0	0.056657	
-0.105459	-0.0134447	-0.101961	-0.10874	0.0395188	0.0119218	-0.146388	-0.0972677	-0.0880351	-0.0955416	0.0896655	-0.10004	-0.10075	-0.00960527	0.0514935	-0.0954006	-0.0853218	0.0219666	0.130441	0	0.00568206	
-0.10626	-0.00220923	-0.103802	-0.108519	0.0402166	-0.00937348	-0.146546	-0.0980238	-0.0800049	-0.0957817	0.0315888	-0.102167	-0.0957785	-0.0113878	0.0537766	-0.0938631	-0.0908355	0.0314667	0.128904	-0.102699	
-0.0977377	-0.0192931	-0.103748	-0.110846	0.0300696	-0.0113287	-0.149142	-0.100289	-0.0894762	-0.0941931	0.0423081	-0.101396	-0.0860807	-0.00906631	0.220549	-0.0973001	-0.0967789	0.0250896	0.133471	0	
-0.104087	-0.00190409	-0.107114	-0.112206	0.0249093	-0.00149865	-0.150031	-0.0884682	-0.0752545	-0.0973258	0.0505027	-0.106804	-0.0944541	-0.0189574	0.120546	-0.0903146	-0.0901141	0.0446205	0.124267	0.01337	
-0.115379	0.0040632	-0.103911	-0.109554	0.0334714	-0.0100607	-0.161141	-0.0884535	-0.0707907	-0.0966908	0.0445228	-0.102814	-0.0960422	-0.0198404	0.0243814	-0.0873322	-0.0924843	0.0288077	0.135269	0	-0.00018017	
-0.105383	-0.00767602	-0.0970166	-0.110241	0.0458976	0.00420756	-0.159312	-0.0926019	-0.0854038	-0.0934244	0.0941472	-0.103111	-0.0963954	-0.0136464	0.0295732	-0.0932461	-0.096809	0.0308343	0.139228	
-0.110039	0.00446254	-0.102905	-0.109884	0.0531094	0.000624817	-0.159757	-0.0952669	-0.0795506	-0.0975214	0.274821	-0.101232	-0.0972118	-0.0142414	0.09129	-0.092396	-0.094737	-0.0402419	0.139128	0.00453255	
-0.124154	-0.00705571	-0.101951	-0.110612	0.0248897	-0.00346328	-0.174068	-0.101558	-0.0800036	-0.0977882	0.161187	-0.104968	-0.102473	-0.01293	0.0520515	-0.0942605	-0.103306	-0.00544612	0.154554	
-0.105065	-0.00680573	-0.0997925	-0.111361	0.0685293	0.0272139	-0.160654	-0.100201	-0.0709366	-0.0965421	0.109058	-0.104378	-0.106035	-0.012896	0.0329786	-0.0942946	-0.085902	-0.0227455	0.141271	
-0.124855	-0.01803	-0.104636	-0.111361	0.0465439	0.036302	-0.169028	-0.0893783	-0.0763694	-0.0928191	0.0444569	-0.104378	-0.103577	-0.0184151	0.0105505	-0.0887755	-0.0924717	-0.0173985	0.144126	-0.0578174	0	
-0.106806	-0.00507801	-0.106312	-0.110264	0.0484351	0.0403	-0.153111	-0.0973334	-0.0848884	-0.100555	0.0560586	-0.106051	-0.102913	-0.014318	0.0190614	-0.0928725	-0.0986665	-0.0411341	0.132198	-0.00842361	
-0.0990384	-0.00550854	-0.102444	-0.111279	0.0433297	0.0201652	-0.153255	-0.0930255	-0.0710308	-0.0951043	0.19396	-0.105949	-0.100613	-0.01564	0.0761225	-0.0916498	-0.0945997	-0.0269759	0.130975	-0.0915019	
-0.110044	-0.000501931	-0.104972	-0.113831	0.0495793	0.0523405	-0.153252	-0.103128	-0.0901738	-0.0959808	0.108534	-0.109275	-0.107343	-0.0135126	0.118926	-0.096601	-0.102688	-0.0174046	0.133103	0.0361085	0.0236711	0.00131636	
-0.115493	-0.0122003	-0.107628	-0.113864	0.0393979	0.0513699	-0.156345	-0.104532	-0.0901738	-0.0977852	0.0833588	-0.105229	-0.10635	-0.0172636	0.0698443	-0.09285	-0.0937291	-0.0300257	0.132295	0.00443308	
-0.108685	-0.0121158	-0.106436	-0.113771	0.0315454	0.0298849	-0.156239	-0.102123	-0.0853332	-0.0927098	0.0306747	-0.108767	-0.100215	-0.01967	0.0817329	-0.0906734	-0.0935666	-0.0222861	0.130203	
-0.103004	-0.00392455	-0.110407	-0.11391	0.057932	0.0337816	-0.156285	-0.103062	-0.085235	-0.0976367	0.0674127	-0.106146	-0.107492	-0.016219	0.0609516	-0.0934307	-0.0910521	-0.0312454	0.132822	
-0.113652	-0.00225492	-0.105032	-0.113868	0.0222179	0.0253174	-0.156273	-0.100898	-0.0938621	-0.09791	0.232996	-0.109055	-0.105166	-0.0112428	0.0208562	-0.0984052	-0.0930306	-0.00367907	0.137972	
-0.102156	0.0112747	-0.104057	-0.114839	0.0391144	0.00337565	-0.154809	-0.10242	-0.0818006	-0.0976759	0.0409707	-0.109152	-0.107842	-0.02646	0.0516571	-0.0849263	-0.0987084	-0.00169939	0.121221	0.00027774	
-0.111198	0.00971507	-0.0989424	-0.108877	0.0343123	-0.00382192	-0.161511	-0.0987066	-0.0855207	-0.0962186	0.235015	-0.103484	-0.0984224	-0.00998839	0.0590405	-0.0949759	-0.0917504	0.0170816	0.144317	-0.0189037	
-0.106564	-0.0074611	-0.100494	-0.109608	0.0311951	-0.000758649	-0.156082	-0.0971734	-0.0823129	-0.0991969	0.0826356	-0.103944	-0.101592	-0.0170701	0.12336	-0.0878942	-0.0910792	0.00757227	0.131745	0.0745297	
-0.118702	-0.00861746	-0.103028	-0.109471	0.0614624	-0.00376323	-0.165476	-0.0860371	-0.0770108	-0.096875	0.0535878	-0.101707	-0.0984407	-0.0128852	0.0445402	-0.0925493	-0.0931155	0.000829305	0.145839	-0.0875406	
-0.104425	-0.00587903	-0.10645	-0.114908	0.0492388	0.00599743	-0.151352	-0.0962626	-0.0920706	-0.101037	0.0831101	-0.106937	-0.106276	-0.0294136	0.0761312	-0.080622	-0.100978	-0.0252334	0.114617	0	
-0.114088	-0.002194	-0.104725	-0.114176	0.0477523	-0.0186629	-0.160141	-0.106968	-0.0773317	-0.100668	0.0922674	-0.107043	-0.104612	-0.0107852	0.0608738	-0.10033	-0.101622	-0.0427777	0.143301	
-0.117325	-0.008456	-0.097498	-0.113152	0.0477523	-0.0252878	-0.157419	-0.105089	-0.0896874	-0.101677	0.102361	-0.107707	-0.106943	-0.0154998	0.036707	-0.0940564	-0.0994953	-0.00672252	0.13425	-0.00328041	
-0.121835	-0.0174045	-0.105833	-0.114993	0.0610932	-0.0435489	-0.163137	-0.0983297	-0.0905434	-0.0955419	0.0454682	-0.10739	-0.106097	-0.0170877	0.0824828	-0.0929129	-0.0969048	-0.0410063	0.13882	0.00224674	0.0339555	
-0.112976	-0.0156699	-0.100259	-0.112427	0.0464678	0.0189608	-0.164965	-0.101537	-0.0694506	-0.10241	0.0619594	-0.106178	-0.10083	-0.00977043	0.084313	-0.0982632	-0.0946002	-0.0141112	0.147945	
-0.112976	-0.0216813	-0.106268	-0.114308	0.0267355	0.0224396	-0.164909	-0.0955542	-0.0854846	-0.0997758	0.0313316	-0.109697	-0.106159	-0.0202108	0.132321	-0.0910107	-0.102352	0.00493935	0.138343	-0.0752307	
-0.119069	-0.0225449	-0.109178	-0.113221	0.00871985	-0.0125881	-0.164999	-0.101793	-0.0836475	-0.1053	0.0196005	-0.106712	-0.100785	-0.0202205	0.0526021	-0.0890677	-0.103132	0.00913198	0.137487	-0.00255501	
-0.120195	-0.0102877	-0.0989468	-0.110982	0.031535	0.00597469	-0.164857	-0.0937929	-0.0819588	-0.0997031	0.0370524	-0.101055	-0.0990912	-0.0188558	0.0935175	-0.0878064	-0.0985684	-0.0216359	0.139261	0.0131593	
-0.129372	-0.0108607	-0.106569	-0.110663	0.0415273	0.00827554	-0.176252	-0.0796538	-0.0800813	-0.0988258	0.0552862	-0.103581	-0.0991441	-0.0167621	0.0709406	-0.0898654	-0.0971819	0.000524828	0.152689	0	
-0.107161	-0.00183531	-0.105624	-0.11079	0.0442283	-0.000676264	-0.16017	-0.0888858	-0.0705781	-0.0968123	0.132546	-0.104554	-0.1037	-0.0162699	0.0563605	-0.0907128	-0.095361	-0.0272957	0.137455	0.0419411	0.0217947	
-0.131281	0.00377988	-0.103007	-0.111144	0.0405198	0.000190464	-0.175775	-0.087673	-0.0771017	-0.10401	0.0434929	-0.102429	-0.0971492	-0.018487	0.048828	-0.0884958	-0.0931013	-0.00385554	0.150844	
-0.131726	-0.0144706	-0.109569	-0.114437	0.0258839	0.00300912	-0.175875	-0.0723943	-0.085588	-0.10766	0.0128455	-0.106832	-0.0969037	-0.0226602	0.0788869	-0.0876748	-0.0892461	0.00639448	0.146541	-0.052182	0.0185689	0	
-0.122176	-0.0144706	-0.110037	-0.113145	0.0135388	0.0158655	-0.170825	-0.0922058	-0.0805707	-0.100459	0.0536423	-0.108767	-0.106114	-0.0202367	0.0695967	-0.0902947	-0.0990819	0.0146815	0.144111	-0.0159275	
-0.105044	-0.0127866	-0.108417	-0.113021	0.0165604	0.0309846	-0.164219	-0.0937692	-0.0849142	-0.103872	0.0459499	-0.10585	-0.102166	-0.0293599	0.0686519	-0.0812626	-0.100187	0.0522372	0.128613	-0.0508471	
-0.121736	-0.00662829	-0.105881	-0.110312	0.0252116	0.0320991	-0.164432	-0.0822424	-0.0748548	-0.0977489	0.0132866	-0.103046	-0.100902	-0.014506	0.0636572	-0.0921419	-0.0950067	-0.00677994	0.143125	0.0265895	
-0.125042	-0.00662829	-0.105048	-0.109446	0.0100101	0.0192586	-0.180352	-0.0836365	-0.0785702	-0.0955477	0.0714101	-0.104029	-0.0953699	-0.0108347	0.0522658	-0.09534	-0.0945241	0.0282713	0.162375	
-0.111366	-0.0190841	-0.105571	-0.110231	0.0242013	-0.0136247	-0.162528	-0.0819764	-0.0725022	-0.101661	0.0499333	-0.103425	-0.0893127	-0.0128308	0.129616	-0.0931601	-0.093887	0.0536448	0.142283	
-0.11071	-0.0173742	-0.107869	-0.109364	0.035004	-0.0427984	-0.170823	-0.0730709	-0.0812077	-0.0960334	0.0297271	-0.103088	-0.0916376	-0.00695949	0.13069	-0.100075	-0.0983674	-0.00226406	0.157856	0.00558192	
-0.104913	-0.0156363	-0.108603	-0.109551	0.0309064	-0.0554905	-0.161781	-0.07158	-0.0794108	-0.102219	0.042506	-0.101424	-0.0870592	-0.0183026	0.164389	-0.0876568	-0.0937855	-0.0191628	0.136399	
-0.114836	-0.0151325	-0.110299	-0.114996	0.0254952	-0.00390159	-0.162089	-0.0737482	-0.0798563	-0.104086	0.0963401	-0.107779	-0.0964785	-0.0104049	0.0395815	-0.100733	-0.101874	-0.00413083	0.14458	-0.00730811	0.0016084	
-0.136504	-0.00742118	-0.111517	-0.114062	0.0271647	-0.0377101	-0.180533	-0.0763563	-0.0808479	-0.0986941	0.0698658	-0.107623	-0.08924	-0.0104487	0.0241927	-0.100353	-0.0909789	0.0181667	0.163025	
-0.117896	-0.0060962	-0.110529	-0.114655	0.0257722	0.0203126	-0.15613	-0.0805695	-0.089432	-0.10514	0.199634	-0.107758	-0.0880604	-0.0148263	0.0418101	-0.0961693	-0.100014	0.0498096	0.134475	0.000135254	
-0.108499	-0.00661071	-0.108169	-0.11431	0.0286958	-0.00958599	-0.157768	-0.100502	-0.0934669	-0.105917	0.0290834	-0.106917	-0.103704	-0.017424	0.0398826	-0.0939446	0.133122	0.0377297	0	
-0.120657	-0.0266571	-0.109519	-0.114486	0.0256725	0.00466678	-0.168486	0	-0.0829977	0.0381791	-0.10657	-0.0939548	-0.0272691	0.0283877	-0.102171	0.13416	-0.101204	0.0135533	-0.0842861	
-0.135878	-0.0134788	-0.10302	-0.108958	0.0555179	0.0193563	0	-0.0781979	-0.0818597	0.0527383	-0.100759	-0.0984684	-0.0238756	0.0139552	-0.100994	0.148109	-0.0879642	0.0213932	-0.178442	
-0.128502	-0.00952898	-0.103867	-0.108202	0.0344403	-0.00617461	-0.0725121	-0.0830424	0.0379971	-0.101836	-0.100604	-0.0220397	0.0518168	-0.098144	0.140927	-0.097544	0.0911329	-0.170076	
-0.123505	-0.00733338	-0.106441	-0.109004	0.0501678	0.00130734	-0.0670291	-0.0660375	0.0620381	-0.102926	-0.095048	-0.0396863	0.0875356	-0.0947416	0.133516	-0.0927201	0.0481459	-0.179505	
-0.11703	-0.0153134	-0.109719	-0.112499	0.0290336	0.00334982	-0.0847131	-0.0625981	0.0890334	-0.102112	-0.101483	-0.0464612	0.106429	-0.0926388	0.118304	-0.0968197	0.0290763	-0.170824	
-0.0966943	0.00477127	-0.101805	-0.107862	0.0445312	-0.043944	-0.0609863	-0.0625117	0.0413834	-0.101627	-0.0980184	-0.041188	0.0592364	-0.0927373	0.108185	-0.0889913	0.0296278	-0.155869	
-0.124192	-0.00197818	-0.102779	-0.107742	0.0319194	0.012482	0	-0.0768378	-0.0770875	0.0856283	-0.101234	-0.0950195	-0.026924	0.0237953	-0.0911159	0.141395	-0.0892145	-0.00719442	-0.174589	
-0.111218	-0.00593469	-0.108994	-0.111646	0.0306436	0.0192857	-0.0852753	-0.073757	0.121869	-0.103477	-0.105607	-0.0350699	0.0377404	-0.0962706	0.120936	-0.0916907	-0.00968635	-0.162642	
