0.0269941	-0.284726	-0.0146689	-0.062448	-0.0567635	-0.058059	-0.0453021	-0.0484418	0.0493841	0.0453891	-0.113421	-0.064061	-0.0163199	-0.0466122	-0.0526764	0.0098843	0.0310054	-0.0306863	0.167964	-0.039755	-0.0385434	-0.0571255	-0.0517553	-0.0650977	-0.0452795	-0.0614539	0.0541401	-0.0548509	-0.0676504	0.005543	0.0026954	0.0764042	0.0127003	-0.0272895	0.101543	0.0501811	-0.0147418	-0.0533535	0.039443	-0.0430425	-0.0325026	-0.0440735	-0.0298733	0.0327685	-0.0503605	0.0132301	-0.0549621	0.255334	-0.0348491	0.239248	-0.012732	-0.0606575	-0.0385802	-0.0606464	-0.038309	-0.0627122	0.0201099	0.143491	-0.0680526	-0.0516541	-0.0306235	-0.0392673	0.0238358	-0.0201395	0.0013295	-0.061199	-0.0044676	-0.0522753	-0.0241786	0.358442	0.294263	-0.0641027	-0.0212909	-0.0538266	-0.0156071	0.167467	-0.10331	-0.0456783	-0.005702	-0.0563395	
0.0200069	-0.284726	-0.0234692	-0.0597403	-0.0571861	-0.0599717	-0.0453021	-0.0506747	0.0263956	0.0199004	0.177388	-0.0376077	0.0148162	0.150691	-0.00997404	-0.0295242	-0.0639376	-0.0452795	-0.0428612	0.0913459	0	0.005543	-0.0560078	0.105164	-0.0402769	0.0131956	-0.0551556	0.047541	0.0368259	-0.0310366	0.239248	-0.0477036	-0.0633677	-0.0625586	-0.0457458	-0.0392673	-0.0178987	0.0036672	-0.0566997	-0.00627036	0.217198	0.18708	-0.00619352	-0.0546786	
0.0261446	-0.227878	-0.0195368	-0.0619248	-0.0576123	0.0107129	-0.0453229	-0.0506747	0.0945595	0.261224	0.313198	0.169752	-0.0599099	-0.0605948	-0.0403626	-0.0659073	-0.0472865	-0.051151	0.138795	0.00413839	0	0	-0.0562804	-0.0591559	0.1824	-0.0406078	-0.0398549	
0.0208594	-0.27078	-0.0196386	-0.0651257	-0.060959	-0.0464117	-0.0467485	-0.0497845	-0.0590443	0.285564	0.0882652	0.12938	-0.0561185	0.0621968	-0.0670623	0.221323	-0.0334336	-0.0391828	
0.0225133	-0.340816	-0.0198558	-0.0567071	-0.0547185	-0.0458776	-0.0451848	-0.047438	-0.0564031	0.299777	0.0804084	0.162001	-0.057067	-0.0636284	-0.0438791	0.296938	-0.0393133	0.0240635	-0.0176489	
0.0149818	-0.220136	-0.0176348	-0.0591962	-0.0576728	-0.0437961	-0.0439947	-0.0489049	-0.0614838	0.397659	0.167381	0.193423	-0.0575582	-0.0618645	-0.0435958	-0.0464736	0.174878	-0.00233122	0.00299147	-0.0355489	-0.0031974	
0.0141983	-0.263935	-0.0216277	-0.0623724	-0.0577248	-0.0494344	-0.0449308	-0.0485426	-0.05806	0.367256	0.298351	0.134048	-0.0560464	-0.0636693	-0.0426774	-0.0285107	0.216865	0.00289817	0	-0.0373211	
0.028426	-0.183297	-0.016672	-0.0621795	-0.0576745	-0.0455816	-0.0451544	-0.0485426	-0.0612654	0.230619	0.0784265	0.165192	-0.0576954	-0.0607109	-0.0438099	-0.03382	0.13778	0.00116563	-0.0438516	
0.0374632	-0.291166	-0.0200582	-0.0628157	-0.0567385	-0.0444023	-0.0451544	-0.0485426	-0.0575532	0.259034	0.105847	0.197111	-0.0578084	-0.0601692	-0.0477454	-0.0132599	0.244829	0.0242525	-0.0435194	0.0340975	
0.019048	-0.199126	-0.0143071	-0.0612062	-0.0569443	-0.0473138	-0.0442584	-0.0485426	-0.0535677	0.438512	0.0961194	0.260769	-0.056596	-0.0645764	-0.0473292	-0.0229084	0.151637	-0.00436374	-0.0403029	0.0458544	
0.0241272	-0.219228	-0.0143071	-0.06056	-0.0578439	-0.0454413	-0.0433977	-0.0485426	-0.0614194	0.323873	0.124565	0.284769	-0.0542988	-0.0635458	-0.0417545	0.000703276	0.172897	0.021317	-0.0484964	
0.018165	-0.240742	-0.0164673	-0.0597343	-0.056439	-0.0464763	-0.0427799	-0.0476193	-0.054072	0.436628	0.137245	0.113276	-0.0554727	-0.0565664	-0.037708	-0.0195656	0.193378	0.0393181	-0.0346317	
0.0357627	-0.227169	-0.01566	-0.0592282	-0.0535785	-0.0449717	-0.0441789	-0.0476193	-0.0587659	0.242108	0.100404	0.189748	-0.0576174	-0.06033	-0.0436682	-0.0398686	0.185778	0.0203802	-0.0452803	
0.0164907	-0.161347	-0.0128948	-0.0618375	-0.0559378	-0.0449717	-0.0441789	-0.0479202	-0.0482846	0.268831	0.18916	0.224669	-0.0556758	-0.0616852	-0.0458581	-0.0184681	0.111275	0.016985	-0.0413189	-0.00675463	
0.0221193	-0.278288	-0.0166485	-0.0636298	-0.0535761	-0.0458053	-0.0450125	-0.0487538	-0.0450308	0.22427	0.167025	0.0990282	-0.0553983	-0.0649284	-0.0424451	-0.0278832	0.232165	0.0323766	-0.0396208	-0.00467958	
0.0322295	-0.176402	-0.0218346	-0.062837	-0.055946	-0.0465573	-0.0450125	-0.0488562	-0.0508151	0.424804	0.245456	0.14934	-0.0574065	-0.0668856	-0.043505	-0.014419	0.129731	0.0815906	-0.0364176	-0.0102221	0.0133494	0	
0.0371907	-0.208666	-0.0155649	-0.0646332	-0.0539355	-0.0510258	-0.0449106	-0.0489898	-0.0523237	0.283921	0.0877787	0.133565	-0.0573266	-0.0677126	-0.0414029	-0.0348532	0.163187	0.0147818	-0.0434099	-0.0213181	
0.0388634	-0.216386	-0.0155649	-0.0646824	-0.0566503	-0.0510184	-0.0453327	-0.0491956	-0.0552748	0.304584	0.114383	0.0697384	-0.0573266	-0.0681113	-0.0376215	-0.0363009	0.168096	-0.0161961	-0.0450827	-0.00772807	
0.0309823	-0.237206	-0.0155649	-0.0649956	-0.0522121	-0.0449788	-0.0449038	-0.0491956	-0.0609399	0.322648	0.0703691	0.170383	-0.0537361	-0.0684533	-0.040629	-0.0327716	0.190779	0.0333985	-0.0451876	-0.00710809	-0.0323793	-0.00829251	0.00371142	-0.0155649	
0.0312102	-0.21861	-0.0081464	-0.0593824	-0.0540172	-0.0521509	-0.0449038	-0.0491956	-0.0622461	0.230665	0.0600929	0.183302	-0.0541591	-0.067636	-0.0329055	-0.0281429	0.171022	0.0238749	-0.0547952	0.025217	-0.00659756	
0.0327464	-0.176575	-0.00885374	-0.0628405	-0.0532548	-0.0489032	-0.0444947	-0.0487126	-0.0600545	0.293864	0.155152	0.105783	-0.0524326	-0.0699755	-0.0299876	-0.0178536	0.127662	0.0466708	-0.0529716	-0.0123717	-0.0174202	
0.0418917	-0.167092	-0.00493761	-0.0618027	-0.0535247	-0.0541227	-0.0444947	-0.0471709	-0.0571164	0.426976	0.112422	0.164901	-0.0571214	-0.0695548	-0.0318402	-0.0222371	0.122865	0.0575635	-0.0589891	-0.0126235	
0.052854	-0.166874	-0.0179444	-0.060692	-0.0549843	-0.0501275	-0.0438416	-0.0476801	-0.053479	0.327468	0.169138	0.147041	-0.0571214	-0.0668868	-0.0318402	0.00542395	0.122872	0.0521557	-0.0413253	-0.00442004	0.00917065	-0.000888567	
0.0282973	-0.133185	-0.0132601	-0.0615931	-0.0561545	-0.0454566	-0.0427878	-0.0448376	-0.056825	0.350189	0.241378	0.178213	-0.05535	-0.0563896	-0.0317144	-0.0214177	0.0858547	0.0688099	-0.0484581	-0.0195939	0	
0.0283346	-0.17273	-0.0135091	-0.0628159	-0.0583016	-0.0498446	-0.0440393	-0.0493753	-0.0573535	0.268729	0.143786	0.0952813	-0.0568557	-0.0659161	-0.0319934	-0.02203	0.127841	0.0150004	-0.0428267	-0.00681748	
0.0407855	-0.169363	-0.0135091	-0.0654845	-0.0580502	-0.0456034	-0.0440393	-0.0477789	-0.0566575	0.252476	0.259843	0.128735	-0.0557495	-0.0684111	-0.0353994	-0.0445384	0.123904	0.0954725	-0.0479935	0.00399653	
0.0352308	-0.237389	-0.00833199	-0.0614363	-0.0579624	-0.0483354	-0.0429928	-0.0468139	-0.0524399	0.373347	0.129443	0.207929	-0.0570149	-0.0662789	-0.0333142	-0.0260537	0.193048	0.00230065	-0.0458337	0.0157326	0.0010465	0	
0.0380388	-0.210744	-0.0105576	-0.0626944	-0.0550424	-0.04803	-0.041855	-0.0455061	-0.0549887	0.388719	0.0852487	0.134395	-0.0527682	-0.067075	-0.030515	-0.0308906	0.164946	0.00107736	-0.0468684	-0.0122205	0.00136772	
0.0334542	-0.246834	-0.0143231	-0.0630039	-0.056544	-0.0446107	-0.041855	-0.044313	-0.0484111	0.436403	0.113009	0.178682	-0.055865	-0.0673684	-0.0334747	-0.0296307	0.204665	-0.0110143	-0.0444713	-0.0202501	0	
0.0305481	-0.180724	-0.016562	-0.0623964	-0.0537083	-0.0435272	-0.0417312	-0.0432	-0.055948	0.329862	0.170296	0.119504	-0.0573713	-0.0655679	-0.0258513	-0.0287372	0.136069	0.0570966	-0.0404622	0.000358561	-0.0114684	
0.0504563	-0.159491	-0.0190638	-0.063804	-0.0577119	-0.0477433	-0.0442331	-0.0496915	-0.0598017	0.41592	0.0826312	0.101867	-0.0570503	-0.0691998	-0.0309583	0.00198612	0.111541	0.0945866	-0.0394705	0.00291187	0	
0.0336676	-0.201271	-0.01623	-0.0636618	-0.0565593	-0.0518273	-0.0462606	-0.0496915	-0.0517885	0.314245	0.0985311	0.132557	-0.0570503	-0.0695943	-0.00144612	0.152659	0.127576	-0.0440214	-0.0289661	
0.0390029	-0.239834	-0.0164329	-0.0620425	-0.0604651	-0.0496572	-0.0478604	-0.0468083	-0.0616498	0.294087	0.202841	0.141767	-0.0564738	-0.0672872	-0.0262261	-0.00380107	0.194878	0.0379712	-0.0467723	
0.0340034	-0.262488	-0.0179588	-0.0582424	-0.0574827	-0.0403	-0.0472082	-0.0467948	-0.0490757	0.271962	0.0900214	0.236413	-0.0602354	-0.0625384	-0.0272939	-0.0051684	0.215573	-0.00523149	-0.0385046	-0.0295989	
0.0479265	-0.239105	-0.0164442	-0.0638109	-0.0551613	-0.0451234	-0.0458991	-0.045451	-0.0584732	0.32644	0.126831	0.158054	-0.0608861	-0.0693846	-0.0168024	-0.0104109	0.192853	0.0534071	-0.0385544	
0.0332811	-0.215153	-0.0130512	-0.0620871	-0.0567925	-0.0488072	-0.0473003	-0.0484339	-0.0601938	0.236266	0.0750714	0.178835	-0.0610652	-0.0693612	-0.00251798	-0.0113923	0.170888	0.0694298	-0.0458594	-0.0259371	
0.0251707	-0.159722	-0.0140468	-0.0596282	-0.0544848	-0.0478944	-0.0458246	-0.0471088	-0.0600287	0.270145	0.0985112	0.0637132	-0.0566477	-0.0660323	-0.0237583	-0.00591703	0.117198	0.112181	-0.0438479	0.00259915	0	
0.0346144	-0.165695	-0.00921491	-0.05961	-0.055239	-0.0426832	-0.0471675	-0.0445636	-0.0581365	0.355367	0.0673052	0.147365	-0.0575036	-0.0673032	-0.0153101	0.00162847	0.122712	0.00900285	-0.0463396	
0.0254294	-0.201331	-0.013363	-0.0597908	-0.0582602	-0.0420139	-0.0468495	-0.0451626	-0.0512678	0.251536	0.0657017	0.176953	-0.0592055	-0.0686093	-0.021136	-0.00159554	0.16044	0.0224621	-0.045384	
0.0172874	-0.15686	-0.013363	-0.059282	-0.0523152	-0.0460845	-0.0460698	-0.0454674	-0.0625913	0.1868	0.0251394	0.186603	-0.0595275	-0.0661284	-0.0345566	-0.0164208	0.114285	0.0856568	-0.0363373	
0.030108	-0.22403	-0.013363	-0.0570291	-0.0562581	-0.0437489	-0.0460698	-0.0473654	-0.0598266	0.258379	0.109404	0.116885	-0.0526711	-0.0686597	-0.00657623	-0.00571604	0.183964	0.0124162	-0.0428309	
0.0361	-0.221665	-0.00953849	-0.0582091	-0.0584882	-0.0482479	-0.0474275	-0.0449962	-0.0503391	0.262246	0.0833172	0.175031	-0.0571126	-0.063487	-0.0193616	-0.00618231	0.179976	0.0191204	-0.0523528	0.0143519	-0.0162771	-0.00637298	
0.0246439	-0.152088	-0.013512	-0.0585507	-0.0564795	-0.0457328	-0.0463171	-0.0452711	-0.0570556	0.143967	0.0689911	0.14125	-0.0548676	-0.065805	-0.0144191	-0.0164929	0.110168	0.0321382	-0.0502108	0.0483471	0.0226788	
0.0253209	-0.130095	-0.014349	-0.0530539	-0.0565815	-0.0483282	-0.0457273	-0.0439953	-0.0576682	0.0884582	0.198835	0.127778	-0.0564485	-0.0631685	-0.0146563	-0.0211364	0.0901102	0.0626829	-0.0499222	-0.0109645	-0.016629	
0.037553	-0.169215	-0.00924511	-0.0526313	-0.0592223	-0.0476305	-0.0455442	-0.0410929	-0.0571665	0.188055	0.157084	0.262883	-0.053597	-0.0648004	-0.0318486	-0.0156934	0.129054	0.0535369	-0.0506256	0.0529415	-0.0360016	-0.00378452	0.0572576	0	
0.0226649	-0.189424	-0.0206144	-0.0545832	-0.0536829	-0.0447366	-0.0455442	-0.0450783	-0.0584763	0.0857192	0.0960639	0.0745846	-0.0570051	-0.0672153	-0.00871774	-0.00480827	0.14591	0.0515503	-0.0423738	0.0506337	0.00913241	-0.00161856	-0.00913241	
0.0313698	-0.176592	-0.0143257	-0.0529734	-0.0580328	-0.0447366	-0.0460341	-0.0438874	-0.0594204	0.133184	0.0946982	0.0943963	-0.0554231	-0.0674468	-0.0271997	0.00395218	0.136212	0.190986	-0.0487257	-0.0026164	-0.0337492	0.000128346	
0.0333584	-0.131464	-0.0161145	-0.0536318	-0.0548116	-0.0468124	-0.0474798	-0.0460216	-0.0612908	0.138648	0.0866749	0.153645	-0.0573674	-0.0685843	-0.0152781	-0.00940031	0.0850072	0.0810653	-0.0457718	0.0104921	
0.0341006	-0.192149	-0.00837555	-0.0500981	-0.0553628	-0.0461327	-0.0468001	-0.0455676	-0.0578284	0.0587024	0.110576	0.140251	-0.0573815	-0.061155	-0.0225612	-0.0147142	0.147669	0.0499998	-0.0498824	0.00880332	0.00067967	0.00067967	
0.0279751	-0.139633	-0.0156044	-0.0570673	-0.0555699	-0.0476958	-0.046507	-0.0468798	-0.0589107	0.0744885	0.0892271	0.108805	-0.0560166	-0.0650307	-0.0158784	-0.0177519	0.0942297	0.0717689	-0.0409379	0.0173108	0	
0.0340613	-0.188063	-0.0127097	-0.0562239	-0.0579819	-0.049477	-0.0466326	-0.0467147	-0.0579126	0.139396	0.0912424	0.114183	-0.0567133	-0.0665029	0.0164713	-0.0183987	0.145804	0.00993765	-0.0526941	0.0136039	-0.0194573	0.114026	0	
0.0277692	-0.176538	-0.0105096	-0.054748	-0.0553442	-0.0389584	-0.043726	-0.0442525	-0.0546391	0.165366	0.114763	0.206773	-0.0541799	-0.0635455	-0.00601853	-0.0120393	0.133216	-0.0142331	-0.0458867	0.00795667	0	0.0150532	
0.0215126	-0.224058	-0.0154283	-0.0532377	-0.0567106	-0.0480487	-0.0457068	-0.0449153	-0.0582775	0.109308	0.132149	0.163937	-0.0566946	-0.0647025	-0.00544334	-0.0127596	0.180735	0.0487627	-0.0398417	0.0164977	0	
0.0331131	-0.253133	-0.0154283	-0.0533295	-0.0567106	-0.0428931	-0.0438364	-0.0472364	-0.0568777	0.25721	0.128037	0.113077	-0.0566221	-0.0641921	-0.0248849	-0.00383793	0.208809	0.045576	-0.0447703	-0.00499635	
0.0373418	-0.156939	-0.0154363	-0.0588241	-0.0567106	-0.0474117	-0.0440519	-0.0462564	-0.0568171	0.193829	0.0913155	0.148505	-0.056144	-0.0598364	-0.0266241	-0.00244729	0.113956	0.031275	-0.0430088	0.00940755	-0.0391779	
0.0331605	-0.185474	-0.0162747	-0.0572195	-0.0588999	-0.0440925	-0.0460361	-0.0483397	-0.0577636	0.132829	0.134202	0.116361	-0.0586007	-0.0575544	-0.0254998	-0.00356173	0.140021	0.0132555	-0.0479529	0.010621	0.00409088	
0.0246713	-0.209969	-0.0181497	-0.060622	-0.0564576	-0.05044	-0.0458391	-0.0471335	-0.0567201	0.182228	0.0878356	0.169405	-0.0597833	-0.063712	-0.0279032	-0.0112879	0.166487	-0.00670369	-0.0389476	-0.0255587	0.0125345	
0.0298959	-0.153178	-0.018042	-0.0634667	-0.0584484	-0.0452481	-0.0437028	-0.0491598	-0.0517721	0.146474	0.0613295	0.1721	-0.0586393	-0.06496	-0.0241198	-0.00929069	0.10944	-0.0326676	-0.0455781	0.00121613	-0.0329287	0.00326349	-0.0199919	-0.0447649	
0.0305684	-0.226953	-0.0122548	-0.0569454	-0.0584518	-0.0433714	-0.0451539	-0.0489754	-0.0527159	0.107617	0.150894	0.0629275	-0.0577952	-0.0633722	-0.0184996	-0.00775201	0.1824	-0.0145714	-0.0526853	0.0132149	0.0171607	0.021512	0	0	
0.034489	-0.226583	-0.0189885	-0.0619499	-0.0598128	-0.044472	-0.0462545	-0.0501524	-0.0621026	0.149924	0.145709	0.0812992	-0.0606936	-0.0662885	-0.0186547	-0.00885263	0.180717	-0.00577359	-0.0477609	0.00915823	0.00538447	
0.04075	-0.203299	-0.0236218	-0.0603064	-0.0605419	-0.0503266	-0.0462545	-0.05008	-0.0613397	0.254521	0.0744055	0.149698	-0.0590467	-0.0675833	-0.0170547	-0.0193244	0.157506	-0.00747912	-0.0417573	0.0417218	-0.0235265	
0.0613242	-0.18908	-0.0180549	-0.0620341	-0.0592566	-0.0471404	-0.0462545	-0.046368	-0.0599417	0.12434	0.151825	0.137389	-0.0583966	-0.0658962	-0.0270213	-0.0118549	0.140469	-4.4425e-05	-0.0488762	-0.00285096	-0.0169345	
0.0321868	-0.144017	-0.0180549	-0.0610407	-0.0591998	-0.0430126	-0.0466751	-0.0473494	-0.0619217	0.225483	0.0921857	0.141882	-0.0601633	-0.0689402	-0.020347	-0.00502217	0.0957809	-0.00537936	-0.0487333	0.00434426	
0.0352849	-0.147001	-0.0184682	-0.0586653	-0.0554283	-0.0497314	-0.0470884	-0.0483909	-0.0600182	0.120766	0.163575	0.163459	-0.0575959	-0.0628644	0.0171544	-0.00111969	0.0995699	0.00601795	-0.0465356	0.00370233	-0.00648058	0.0101593	0	
0.0453506	-0.279207	-0.0177685	-0.0629626	-0.0559841	-0.0488987	-0.0459911	-0.0495801	-0.0568852	0.223758	0.0889903	0.150549	-0.0579342	-0.068785	-0.0128565	-0.00693662	0.230641	0.0271072	-0.0449948	-0.0061566	-0.00126169	
0.0358894	-0.171947	-0.0165653	-0.062116	-0.0576505	-0.0455939	-0.0455468	-0.0466824	-0.055042	0.107793	0.140695	0.209523	-0.056731	-0.0645647	-6.05229e-05	-0.00986761	0.124585	-0.0036435	-0.0485815	-0.00531421	0.00458248	
0.0197063	-0.151916	-0.0174118	-0.0595829	-0.0585173	-0.0416606	-0.0443814	-0.0473884	-0.0587884	0.117461	0.0264663	0.108816	-0.056731	-0.0649742	0.00833753	-0.00785488	0.104763	0.0161152	-0.0425657	-0.000243181	
0.0301998	-0.160824	-0.0169423	-0.0617869	-0.0545284	-0.0428127	-0.0447566	-0.0486771	-0.0586042	0.134388	0.182633	0.0628316	-0.055615	-0.061185	0.00592633	-0.0118792	0.113807	0.0158611	-0.0474901	-0.0156403	
0.0299213	-0.267345	-0.0197775	-0.0612178	-0.0554817	-0.0419115	-0.0449148	-0.0480715	-0.0559619	0.142763	0.177603	0.0910828	-0.054697	-0.0672073	-0.00940176	-0.0109745	0.223446	0.0506525	-0.0453936	-0.0108594	0.0198257	0.017568	0.00713607	
0.0275818	-0.178775	-0.0169544	-0.0570801	-0.052189	-0.0384499	-0.044453	-0.0471832	-0.0575365	0.136711	0.210772	0.223014	-0.0564363	-0.0686922	-0.0173673	-0.00251492	0.133446	0.0223095	-0.0494981	-0.00409315	0.00275003	
0.0395974	-0.226677	-0.0222431	-0.0591888	-0.0555823	-0.0453928	-0.0443324	-0.0475735	-0.0597306	0.12881	0.210531	0.256665	-0.0547683	-0.0636048	-0.00533058	-0.00251492	0.186745	0.0134088	-0.0409834	-0.00337889	0.029	
0.042003	-0.194212	-0.0216571	-0.0625437	-0.0560704	-0.041299	-0.0471292	-0.0519027	-0.0616887	0.262729	0.173646	0.332849	-0.0597182	-0.0653635	-0.0173073	-0.00327094	0.148561	0.0278828	-0.0445206	-0.00573902	-0.0110074	-0.0270303	7.41016e-05	-0.00445606	
0.0285273	-0.174573	-0.0235553	-0.0639576	-0.0589271	-0.0436551	-0.0457496	-0.0489361	-0.0648264	0.142361	0.0899293	0.134632	-0.0595783	-0.0651405	-0.0248482	0.00109502	0.128745	-0.00360225	-0.0451991	0.00374621	-0.00110737	-0.00761292	0.0230786	
0.0254915	-0.230001	-0.0191614	-0.0645374	-0.0559316	-0.0437311	-0.0499158	-0.0482143	-0.0574793	0.112186	0.152678	0.205525	-0.0595783	-0.0671877	-0.011115	-0.00907248	0.184173	0.0347981	-0.0476355	-0.0170286	0.00193723	0.00329126	
0.0293444	-0.206557	-0.0175895	-0.0588	-0.0533472	-0.043098	-0.0438889	-0.0469433	-0.05296	0.171435	0.29064	0.134618	-0.055982	-0.0609325	0.0135517	-0.0060165	0.167246	0.0916163	-0.0451921	0.00778061	0.0218979	0.0245612	0	
0.0281018	-0.175265	-0.0183413	-0.0585626	-0.0558746	-0.0454183	-0.0458226	-0.0432629	-0.057946	0.188016	0.116712	0.311014	-0.0551484	-0.0653222	-0.00792453	-0.0114654	0.132555	0.0203202	-0.0434003	0.0380709	0.0240187	0.0201334	
0.0259478	-0.135017	-0.0217585	-0.0592327	-0.0550634	-0.0425656	-0.0430238	-0.0448512	-0.0614166	0.0953824	0.179215	0.173156	-0.0563309	-0.0634061	-0.020939	-0.0137529	0.0933432	-0.0111692	-0.0406853	0.0105096	-0.00184427	0.001006	0.00139253	
0.0426664	-0.190003	-0.0167738	-0.0583975	-0.0539811	-0.0434282	-0.0429796	-0.0440824	-0.0593068	0.130084	0.159915	0.108797	-0.0534853	-0.0623037	-0.00350197	-0.0137529	0.150321	0.0629521	-0.0467976	-0.00413187	0.0160452	-0.0265897	
0.0330473	-0.217659	-0.0153694	-0.0588193	-0.0520964	-0.0404148	-0.0420719	-0.0431464	-0.0535085	0.150214	0.264529	0.173817	-0.0511948	-0.062848	0.011316	-0.000990709	0.17391	0.0838572	-0.0476543	-0.00145579	0.0065943	0.0979571	
0.0305696	-0.127385	-0.0153694	-0.0598795	-0.0513236	-0.0447709	-0.0423636	-0.0422683	-0.063292	0.167168	0.0892849	0.206994	-0.0543786	-0.0581303	-0.000103851	-0.0129937	0.0844702	-0.00510455	-0.0477138	-0.00287112	0.00357691	0.0106516	
0.0435657	-0.154912	-0.0130561	-0.0588913	-0.0539373	-0.0438482	-0.0447092	-0.0420347	-0.0577769	0.139319	0.103765	0.206811	-0.0534671	-0.0630449	0.0306788	-0.0129937	0.111996	0.0363243	-0.0511311	0.0199189	0.0313351	
0.0353438	-0.164697	-0.0142722	-0.0591326	-0.0554815	-0.0382943	-0.0440619	-0.0445447	-0.0605713	0.177077	0.117107	0.170061	-0.0541004	-0.0586541	0.0176243	-0.0123331	0.120565	0.0376018	-0.0519286	0.00144633	0.0158405	-0.00127745	
0.0319799	-0.192926	-0.0239704	-0.0568915	-0.0560277	-0.0428151	-0.0422168	-0.0429321	-0.0538187	0.0696114	0.109624	0.22612	-0.0512917	-0.0610816	0.00361185	-0.0062976	0.14812	0.0315623	-0.0358485	0.0136332	0.0142366	-0.00255645	
0.0232417	-0.131077	-0.023256	-0.0603975	-0.0575064	-0.0446999	-0.0449294	-0.04693	-0.0559927	0.0895966	0.230429	0.228053	-0.0579365	-0.0574587	-0.00583465	-0.00433902	0.0842766	0.0846161	-0.0435126	0.0183293	0.00213473	
0.0224695	-0.118843	-0.0223615	-0.0614946	-0.0538781	-0.0411068	-0.0437127	-0.0459877	-0.0637328	0.185322	0.134791	0.224448	-0.0550258	-0.0658192	-0.0111283	-0.0104902	0.0758881	0.0156038	-0.0397049	-0.00464887	0.0013116	
0.0321795	-0.124126	-0.0152931	-0.0555512	-0.0535721	-0.0428596	-0.0435126	-0.0457876	-0.06022	0.164206	0.0697316	0.262361	-0.0558491	-0.0613641	0.00993088	-0.00510264	0.0786456	0.00338399	-0.0487421	0.0112914	0.0116487	-0.00219017	-0.0542452	
0.0221923	-0.147042	-0.0201175	-0.0600355	-0.0570789	-0.0485681	-0.043902	-0.046863	-0.0597291	0.0972437	0.19263	0.340544	-0.0569842	-0.0506158	-0.0165925	-0.00816954	0.105703	0.018009	-0.0409681	0.0237082	0.01029	0.0352456	-0.0224426	
0.0283852	-0.196212	-0.0224487	-0.0601277	-0.0561835	-0.051422	-0.0452025	-0.0474416	-0.0602725	0.157432	0.274866	0.214205	-0.0580662	-0.0609042	-0.0085234	0.0102969	0.149607	0.0488462	-0.0425036	0.0126549	0.0390852	-0.000351376	-0.00289253	
0.0475241	-0.142441	-0.0196009	-0.0630245	-0.0567813	-0.0507158	-0.0452421	-0.047533	-0.0641231	0.0996233	0.119232	0.412242	-0.0582508	-0.0628507	0.00488439	0.00981345	0.0934881	0.0237497	-0.0478182	0.0185243	0.0526221	
0.0216396	-0.134251	-0.0230706	-0.0614618	-0.0567547	-0.051491	-0.0432697	-0.0491853	-0.0616838	0.102522	0.14571	0.287856	-0.059316	-0.0605588	0.00679976	-0.00230123	0.0852979	0.0232143	-0.0408667	0.0172761	0.0309203	-0.0348434	
0.0172933	-0.207564	-0.0186292	-0.0583647	-0.0527407	-0.0457743	-0.0420344	-0.0430481	-0.0594527	0.12307	0.149275	0.206745	-0.0548937	-0.0575711	-0.000693019	-0.00241013	0.163276	0.000114884	-0.0333839	0.00985051	0.0602978	0.000175379	
0.0234507	-0.111779	-0.0186292	-0.0595306	-0.0552686	-0.0457743	-0.0420887	-0.045561	-0.0595504	0.190028	0.105764	0.237503	-0.0558873	-0.0633648	0.0062722	-0.00591202	0.0674906	0.0489634	-0.0411119	0.0121981	0.0113093	0	
0.0232193	-0.158214	-0.0115799	-0.0589147	-0.0547232	-0.0494025	-0.0402104	-0.0434416	-0.0580028	0.0955984	0.140214	0.212031	-0.0571421	-0.0565717	-0.0151757	-0.00369481	0.114194	0.0153609	-0.0461901	0.0320422	0.0565728	
0.0414739	-0.131593	-0.0121715	-0.060411	-0.0540805	-0.0488255	-0.0416529	-0.0441927	-0.0580208	0.108342	0.176727	0.172705	-0.0586167	-0.0574278	-0.00304155	-0.00210512	0.0846214	0.0620958	-0.0513507	0.0101987	0.0103837	0.0224939	-0.0190885	
0.0420183	-0.159754	-0.0131978	-0.0592233	-0.0546156	-0.0486792	-0.0431198	-0.0445354	-0.0572979	0.0843946	0.30581	0.148353	-0.0557023	-0.0599218	-0.0149864	-0.000447641	0.117982	0.0833253	-0.0504958	0.0252836	0.0678697	
0.050882	-0.190279	-0.0139341	-0.058892	-0.0552926	-0.0511259	-0.0422121	-0.0462082	-0.0535176	0.122468	0.114218	0.24046	-0.0551069	-0.0623003	0.0287579	-0.00636762	0.145268	0.0591559	-0.0510864	0.027968	0.0340185	0.0395685	0.0368256	0.0592512	-0.00204014	
0.0299978	-0.170686	-0.0122482	-0.0582873	-0.0548002	-0.0507986	-0.0424394	-0.0459591	-0.0605483	0.0877047	0.174929	0.0825745	-0.0547518	-0.0596	0.0202084	-0.0035911	0.126433	0.167723	-0.0502598	0.00835252	0.0400711	0.0088723	0.00470567	
0.0335513	-0.122182	-0.0138842	-0.0612723	-0.0558932	-0.0522	-0.0440755	-0.0474119	-0.0621648	0.177487	0.183274	0.120809	-0.0562325	-0.0623729	-0.0206229	-0.0107031	0.0762932	0.0522177	-0.0511458	0.000305128	0.00993526	-0.0487777	-0.0167562	-0.00262912	
0.0281331	-0.128431	-0.0118973	-0.061072	-0.0571793	-0.0461123	-0.0451098	-0.0497315	-0.0628924	0.132929	0.0627462	0.189897	-0.0538242	-0.0613358	-0.0021335	-0.0107031	0.0799551	0.030975	-0.0529329	0.0125249	0.00895229	0.0166852	
0.0241737	-0.156991	-0.0133824	-0.0592352	-0.0584591	-0.0449205	-0.0458303	-0.0492677	-0.0624675	0.152092	0.125186	0.208599	-0.0551806	-0.0636976	-0.0149069	-0.00226358	0.108515	0.0995944	-0.0493449	0.0201343	0.010502	-0.00876293	
0.0350746	-0.0929937	-0.0185881	-0.0622458	-0.0611605	-0.0467961	-0.045432	-0.0494876	-0.0616323	0.196422	0.0500274	0.146034	-0.0544338	-0.0569974	0.00155048	-0.0124731	0.049873	0.0496947	-0.0473518	-0.00131631	0.0174484	
0.033462	-0.148478	-0.0126449	-0.06315	-0.0563149	-0.0490758	-0.046338	-0.0515614	-0.0646027	0.145512	0.0606461	0.265965	-0.0541657	-0.0598582	-0.0193504	-0.0145915	0.100452	-0.0071633	-0.051056	0.0197415	0.0225532	0.0649102	
0.0307813	-0.161198	-0.0100753	-0.0633556	-0.0571195	-0.0486349	-0.0454182	-0.0504975	-0.0611096	0.0918884	0.103775	0.179823	-0.0561818	-0.0649962	-0.00772306	-0.0163042	0.11617	0.0285178	-0.0536795	0.0053209	0.0209854	-0.0015857	
0.0260535	-0.0953705	-0.0243727	-0.0594639	-0.0573223	-0.0491483	-0.0448429	-0.0505972	-0.0578891	0.178629	0.0792571	0.140024	-0.0544439	-0.0537648	-0.0163361	-0.0080659	0.05202	0.0385363	-0.0404835	0.00331471	0.0325158	
0.0290553	-0.199705	-0.0161416	-0.06037	-0.0550825	-0.0479224	-0.0454207	-0.0499804	-0.0656109	0.164884	0.171012	0.146352	-0.057683	-0.0597414	-0.0123643	-0.0063303	0.155777	0.0192649	-0.0453357	0.0195768	-0.000327435	-0.00173172	
0.0388744	-0.146793	-0.0180394	-0.0620822	-0.0561835	-0.0508665	-0.0453614	-0.0503938	-0.0617571	0.166494	0.194996	0.158482	-0.0590045	-0.061621	0.003099	-0.0117217	0.100289	0.0434364	-0.0415633	0.00478463	0.0556721	-0.0135555	0.00573235	
0.0292501	-0.126182	-0.0172095	-0.063342	-0.0545448	-0.0513443	-0.0449316	-0.0496807	-0.0622493	0.162246	0.0944458	0.0471903	-0.0570305	-0.0556298	-0.0256339	0.000113566	0.0796777	0.0691607	-0.0498566	0.010786	0.0398583	
0.0269101	-0.121443	-0.0124734	-0.0638219	-0.0534101	-0.0465746	-0.0443643	-0.0496807	-0.0550785	0.153599	0.0787086	0.119435	-0.0580394	-0.0555317	-0.0144951	-0.00581617	0.074126	0.0446258	-0.0530814	0.0128606	0.00843254	0.00295448	0.0097122	
0.0336309	-0.185589	-0.0164818	-0.0618158	-0.0552943	-0.0480146	-0.0445159	-0.04874	-0.0569665	0.185773	0.144748	0.22661	-0.0554761	-0.0641825	0.0220903	0.00201701	0.140257	0.0196697	-0.0501543	0.00304511	-0.00158953	
0.0315502	-0.107328	-0.0126479	-0.0618539	-0.0553037	-0.0467438	-0.0435603	-0.0497751	-0.0482946	0.176221	0.122704	0.233462	-0.0573388	-0.062583	0.027529	-0.0039309	0.0611828	0.0449609	-0.0531759	0.0200593	0.0063495	
0.0398601	-0.184293	-0.0126479	-0.0586768	-0.054846	-0.0434817	-0.0429596	-0.0498686	-0.0531637	0.17974	0.178439	0.109024	-0.0573388	-0.0664971	-0.0188625	-0.00650897	0.137611	0.154812	-0.0498062	0.00242131	0.0254426	
0.0282165	-0.156429	-0.0166721	-0.0612557	-0.056469	-0.0443806	-0.0443102	-0.0499049	-0.0574702	0.112059	0.165685	0.143544	-0.0584078	-0.0649881	-0.00616753	0.00601952	0.108886	0.0269646	-0.0443598	0.0261402	0.054563	-0.0117586	
0.0234526	-0.194165	-0.0133282	-0.0624271	-0.0561006	-0.0443806	-0.0429059	-0.0499049	-0.0587524	0.194983	0.278063	0.101647	-0.0582243	-0.0636478	-0.0134604	0.000724281	0.149276	0.0375734	-0.0509322	0.000168558	0.0288004	0.0214672	0.0752143	
0.0419033	-0.134276	-0.0144968	-0.0579184	-0.0550335	-0.0495144	-0.0457537	-0.0499049	-0.0544414	0.183115	0.161163	0.0960273	-0.0590298	-0.0577438	-0.0228447	0.0107633	0.0885056	0.0202063	-0.0483466	0.00149165	0.0122878	0	
0.0533964	-0.262819	-0.00934419	-0.0634138	-0.0566183	-0.0448767	-0.0451758	-0.0489125	-0.061844	0.17711	0.0281593	0.169395	-0.0611067	-0.0626664	-0.0318399	0.0206159	0.219587	0.0949677	-0.0544671	0.00611933	0.035618	
0.0476773	-0.230981	-0.0077921	-0.0610081	-0.0553846	-0.0507214	-0.0451758	-0.0483073	-0.0557816	0.211872	0.125772	0.106173	-0.0607083	-0.0625298	0.013901	0.0108988	0.185747	0.0374376	-0.0587205	0.0276765	0.0399168	
0.0419242	-0.100228	-0.0116172	-0.0612033	-0.053238	-0.0433331	-0.0444786	-0.0483073	-0.0588661	0.115259	0.0624692	0.15781	-0.0568584	-0.0652783	-0.00758309	0.00914782	0.0568111	0.0534899	-0.0534417	0.00431132	0.0233508	
0.038665	-0.151321	-0.00404103	-0.062177	-0.0528872	-0.045662	-0.0423147	-0.0485045	-0.0612693	0.226322	0.195029	0.120204	-0.0568613	-0.0659548	-0.0236117	0.00868137	0.109455	0.019173	-0.0593831	0.00331506	0.0293038	0	
0.0298784	-0.233229	-0.00441513	-0.0639756	-0.0487672	-0.045465	-0.0423147	-0.0465859	-0.0589633	0.181991	0.0542695	0.0854542	-0.0595548	-0.0654258	-0.0356008	-0.000501415	0.191363	0.0578574	-0.0575539	0.0129471	0.0295784	0	
0.0310563	-0.180764	-0.011144	-0.0609517	-0.0552814	-0.0432808	-0.0422212	-0.0468557	-0.0627915	0.332033	0.344944	0.359009	-0.0593368	-0.0670084	-0.0176498	0.00388647	0.13788	0.0191794	-0.0491483	-0.00100209	0.0361332	-0.00473115	-0.00471942	0	
0.0435211	-0.148893	-0.00905806	-0.0644608	-0.0520107	-0.0451844	-0.0446343	-0.0481176	-0.0610988	0.156725	0.109614	0.121445	-0.0573921	-0.0650233	-0.0237281	0.0163183	0.105805	0.0967335	-0.0569621	0.0130719	0.0262352	
0.0435629	-0.212726	-0.0131759	-0.0631699	-0.0540675	-0.0463094	-0.0418	-0.0496337	-0.0581877	0.229111	0.092349	0.096038	-0.0566637	-0.0657267	-0.0210765	0.00322776	0.170054	-0.0131617	-0.0493583	0.0111979	-0.000788556	
0.0374639	-0.19098	-0.0128704	-0.0635964	-0.0517063	-0.0423339	-0.0459267	-0.0493282	-0.0635122	0.250315	0.219745	0.0648118	-0.0586538	-0.0665347	-0.0183187	0.0078177	0.149386	0.0325848	-0.0508204	0.00409681	0.00389773	-0.00689957	
0.0436493	-0.186553	-0.0175393	-0.0658702	-0.0535495	-0.045389	-0.0462564	-0.0504021	-0.064922	0.230658	0.14052	0.149053	-0.0591165	-0.0662787	-0.0238925	0.00292141	0.150108	0.023992	-0.0450947	0.00671804	-0.00388987	0	
0.0353557	-0.265094	-0.0180488	-0.0660097	-0.0541103	-0.0509322	-0.0431684	-0.0502454	-0.0590618	0.229946	0.349715	0.197168	-0.0580265	-0.0687243	-0.015943	0.00631558	0.221483	0.149175	-0.0456378	0.011646	0.0144047	0	0	
0.0316674	-0.244147	-0.0235099	-0.0664186	-0.0562559	-0.0456321	-0.0453155	-0.0494983	-0.0585033	0.163765	0.196346	0.161918	-0.0580265	-0.0683449	-0.015078	-0.000629751	0.202934	0.221236	-0.0431168	0.0860049	-0.00853208	
0.036346	-0.202185	-0.0114552	-0.0619664	-0.0527544	-0.0477139	-0.0442134	-0.0494273	-0.0601186	0.142503	0.225865	0.125711	-0.0578168	-0.0666297	-0.0228903	0.000323814	0.162193	0.0250417	-0.0507977	0.0151048	0.0381441	
0.0413692	-0.140977	-0.0153498	-0.0614272	-0.053718	-0.0477139	-0.043841	-0.0481157	-0.0626429	0.189265	0.211374	0.0661191	-0.0611421	-0.0648897	-0.0208465	-0.0109301	0.103065	-0.00558124	-0.0464802	-0.00607479	
0.0446998	-0.234249	-0.0174	-0.0632256	-0.0546411	-0.0442837	-0.0470836	-0.0484227	-0.0638448	0.166649	0.204597	0.0761028	-0.058771	-0.0664373	-0.00873663	-0.00552981	0.194302	0.0132652	-0.0448048	-0.0107997	0	
0.0441083	-0.182908	-0.0169432	-0.0581228	-0.0543562	-0.0431062	-0.0470836	-0.0490405	-0.0579609	0.226799	0.114662	0.205803	-0.0581867	-0.0658574	-0.0256535	0.00234753	0.142962	-0.00820651	-0.0462518	0.0304575	-0.0132353	-0.0273136	
0.0355676	-0.212018	-0.0138409	-0.0574081	-0.0568329	-0.0436557	-0.0460799	-0.0485989	-0.0575201	0.171277	0.143889	0.299431	-0.0580197	-0.058983	0.00131285	-0.00538954	0.1729	0.160872	-0.0425959	0.00827319	
0.0572102	-0.159754	-0.0146977	-0.0631931	-0.0586461	-0.046626	-0.0482884	-0.05273	-0.0604452	0.127137	0.0333908	0.134648	-0.0584111	-0.0699205	-0.00983128	-0.0144184	0.116058	0.0347901	-0.0514844	0.04892	-0.00770301	
0.0428838	-0.168563	-0.0146977	-0.0647933	-0.0580363	-0.0473816	-0.0482884	-0.0506152	-0.0573297	0.189651	0.150415	0.226418	-0.0583001	-0.0654192	-0.00543613	-0.00676926	0.129553	0.00517891	-0.0500917	0.0169745	-0.0210793	-0.0309462	-0.00785612	
0.0259387	-0.166894	-0.0152864	-0.0636224	-0.0555423	-0.0481228	-0.0482884	-0.0524364	-0.060288	0.263404	0.220407	0.115883	-0.0610838	-0.0691949	-0.00597535	-0.00836246	0.127827	0.00231986	-0.0497632	0.00296272	0.0074216	
0.0377642	-0.103358	-0.0164695	-0.063293	-0.058965	-0.0434065	-0.0478757	-0.0515958	-0.0501227	0.173285	0.14198	0.194494	-0.0610838	-0.0695758	-0.0207456	-0.00836246	0.0642904	0.0671177	-0.0489728	-0.00851158	
0.0266109	-0.101262	-0.0128682	-0.0610855	-0.0574589	-0.0422144	-0.0469093	-0.0501343	-0.0613878	0.112495	0.111717	0.164609	-0.0588172	-0.0647407	-0.0060738	-0.00645942	0.0627503	-0.00271962	-0.0471417	-0.01151	
0.0361751	-0.138404	-0.0152876	-0.0607973	-0.06043	-0.0423829	-0.0475071	-0.050039	-0.0578769	0.140547	0.0639017	0.26193	-0.0594682	-0.0669324	0.00999075	-0.00966836	0.100414	0.0266887	-0.0478155	-0.00128614	
0.033963	-0.153758	-0.011665	-0.0607636	-0.054789	-0.0432336	-0.0475322	-0.0531749	-0.048733	0.15978	0.170672	0.171174	-0.0606169	-0.0663414	0.034926	-0.00294317	0.114589	0.00223729	-0.057073	-0.0136371	
0.0372096	-0.157888	-0.0199221	-0.0630047	-0.0559026	-0.0415134	-0.0483748	-0.0512908	-0.0603401	0.275752	0.155256	0.177332	-0.0620907	-0.0665135	0.00559723	-0.000881925	0.117805	0.0121728	-0.0443384	-0.0149817	0.0392242	0.00640655	-0.0181201	
0.0394906	-0.163506	-0.0146855	-0.0635417	-0.0607881	-0.0455865	-0.0497489	-0.0534145	-0.0536836	0.180217	0.16761	0.174503	-0.0595942	-0.0711131	-0.00541867	0.000327492	0.119213	0.00301083	-0.0539839	-0.00314367	-0.0666483	
0.0354607	-0.12488	-0.0144318	-0.063481	-0.060162	-0.0462228	-0.0497489	-0.0533664	-0.0582895	0.184808	0.22382	0.183181	-0.0606039	-0.0669174	-0.0237462	0.0111187	0.0766363	-0.00851741	-0.0559779	0.00405044	-0.0564557	
0.0253667	-0.109798	-0.0151847	-0.0649606	-0.060805	-0.0489608	-0.0497489	-0.0532301	-0.0518274	0.206735	0.0938983	0.175409	-0.0637209	-0.0713872	0.0213348	-0.00205225	0.0644668	-0.00171932	-0.0512569	-0.00725598	0.0418302	0.054121	0	0.00610774	0.107125	-0.0278865	
0.030196	-0.158679	-0.0130453	-0.0642324	-0.0633871	-0.0447435	-0.050315	-0.0532301	-0.0558124	0.151655	0.170102	0.248537	-0.0602969	-0.0690379	-0.0144645	-0.00963898	0.114234	-0.0140603	-0.0541089	-0.0166605	0.0188117	0.0074398	-0.028236	0.00143878	
0.0359123	-0.122539	-0.0177717	-0.0668672	-0.0614621	-0.0456814	-0.050315	-0.0554795	-0.0578473	0.150528	0.11386	0.337574	-0.0602969	-0.0715062	0.00891301	-0.00281368	0.0740833	-0.0120487	-0.0520401	-0.0104731	0.0103702	0.0279306	
0.0308878	-0.11144	-0.0175033	-0.0646775	-0.0641543	-0.0516864	-0.0522105	-0.0550262	-0.0654969	0.24973	0.0950469	0.213741	-0.0646576	-0.0702085	0.00521847	-0.0095662	0.0618169	-0.0131648	-0.05291	-0.00439042	0.00643058	-0.0254524	
0.0284948	-0.104475	-0.0159165	-0.0627839	-0.0606958	-0.0435324	-0.0477536	-0.0541903	-0.0634827	0.134374	0.152532	0.260722	-0.0612822	-0.0718589	0.0527903	0.00506835	0.0578093	-0.0103256	-0.0522843	-0.0108921	0.0195954	0	
0.0292838	-0.127415	-0.0147663	-0.0649583	-0.0608478	-0.0490505	-0.0475996	-0.0539727	-0.0625571	0.157915	0.0832723	0.275586	-0.0628682	-0.0706705	0.00170979	0.00181547	0.080405	0.000514059	-0.0537622	-0.00910959	-0.00473484	0.0277099	
0.0362256	-0.165558	-0.0131121	-0.0626923	-0.0611753	-0.0438122	-0.0455339	-0.051907	-0.0609845	0.218189	0.0966545	0.169154	-0.0606696	-0.0659255	0.0108258	-0.00908544	0.123047	0.00186528	-0.0516923	3.43536e-05	-0.00230763	
0.0552512	-0.140061	-0.00856592	-0.064421	-0.0605086	-0.0419434	-0.0483653	-0.0530031	-0.055328	0.201901	0.0917188	0.206784	-0.0611144	-0.0673814	0.00710962	-0.0032686	0.0961905	-0.00105414	-0.0572673	-0.0123632	-0.00442574	0.041657	
0.0325711	-0.122045	-0.0148185	-0.0630695	-0.0584737	-0.041579	-0.0472537	-0.0527116	-0.0597312	0.27823	0.124996	0.128224	-0.0640468	-0.0676863	0.0118098	0.00251933	0.0797077	-0.0153099	-0.0519866	0.00172732	0.00146965	0.00512142	0.00767732	0.00397662	
0.0325425	-0.133549	-0.0132845	-0.0635873	-0.0590626	-0.0402312	-0.0472543	-0.050925	-0.060452	0.22542	0.0864314	0.179868	-0.0634122	-0.0683439	0.00398728	0.00277884	0.0929362	0.0325086	-0.0485442	0.00205974	-0.00304163	-0.0223227	0.0720067	0.00706382	
0.0543368	-0.176028	-0.0164598	-0.06455	-0.0607179	-0.0396965	-0.0460066	-0.0514211	-0.0626377	0.199385	0.122125	0.124875	-0.0620986	-0.0674229	0.0459793	-0.00683929	0.133534	-0.00359399	-0.0470133	-0.00191703	0.00410368	0.00775861	0.00650977	
0.0362778	-0.177854	-0.00889199	-0.0634763	-0.0588096	-0.0330166	-0.0464114	-0.0514211	-0.0597144	0.154002	0.120033	0.0886012	-0.0590597	-0.0662186	0.0439207	-0.00938391	0.133534	-0.00148907	-0.0559144	0.0137527	-0.00143079	-0.0228785	
0.0455893	-0.223266	-0.00889199	-0.064325	-0.0567475	-0.0446686	-0.0453393	-0.0505556	-0.0617306	0.260473	0.185406	0.0962854	-0.0607642	-0.0665498	0.0246043	-0.0043437	0.186038	-0.0185497	-0.0591197	0.0131926	-0.00305495	
0.0363119	-0.251284	-0.0170019	-0.0621061	-0.0622022	-0.0343809	-0.0459364	-0.0521836	-0.0604507	0.330286	0.110137	0.106997	-0.0612736	-0.060855	0.0200164	-0.00385137	0.210881	-0.0265792	-0.045922	0.0214813	-0.00392715	
0.0374505	-0.209497	-0.0177207	-0.0610449	-0.0623263	-0.0433438	-0.045223	-0.0529766	-0.0635249	0.158282	0.061229	0.185294	-0.0603003	-0.0676626	0.078243	-0.00385137	0.167093	0.0175347	-0.045361	-0.0154188	-0.00226597	
0.0491699	-0.116043	-0.0153908	-0.0643032	-0.060278	-0.0317313	-0.0454588	-0.0534144	-0.0606347	0.142676	0.126453	0.0976941	-0.0579973	-0.0686677	0.026831	-0.002256	0.0768	0.025331	-0.0513205	0.00247035	-0.00203017	0	-0.0362666	
0.0311986	-0.148043	-0.0154535	-0.0632413	-0.0581799	-0.0371662	-0.0461495	-0.0512691	-0.0623226	0.131691	0.0851105	0.0880161	-0.0594184	-0.0693204	0.0731324	0.00209159	0.104438	0.0451936	-0.0489272	-0.00191683	0.0021249	-0.0620265	
0.033693	-0.157593	-0.0154535	-0.0633351	-0.0614623	-0.0411955	-0.0461495	-0.049834	-0.0604514	0.153034	0.076304	0.184108	-0.0578084	-0.0670714	0.00812811	0.00474979	0.114568	0.0191354	-0.0465745	-0.00165083	0.000484807	0	
0.0414798	-0.12518	-0.0165804	-0.0608395	-0.0584827	-0.0367156	-0.046907	-0.0505808	-0.0584795	0.167327	0.10373	0.118988	-0.0599552	-0.0642094	0.0326229	0.00474979	0.07927	0.0191498	-0.0454565	-0.00672212	0.0101194	
0.0468869	-0.140794	-0.0170804	-0.061237	-0.0609805	-0.0372318	-0.046907	-0.0510819	-0.0605092	0.262839	0.174272	0.161548	-0.0578998	-0.0701143	0.0649057	0.0114658	0.0955816	0.0589143	-0.0468671	-0.00942017	0.00580803	-0.0109249	
0.05295	-0.166068	-0.0105898	-0.0625379	-0.0572844	-0.0409053	-0.0467338	-0.0510819	-0.0576649	0.153034	0.113579	0.136853	-0.0615378	-0.0710575	0.0186414	-0.00413663	0.121093	0.0477512	-0.0512291	0.0119173	0.0013563	-0.0114655	0.0215198	
0.0576878	-0.17415	-0.0133755	-0.0649949	-0.0603625	-0.0409053	-0.0467338	-0.0498108	-0.0632583	0.174752	0.143148	0.0808615	-0.0595809	-0.0690933	0.0265127	0.0131999	0.128613	0.163151	-0.0517804	-0.0036323	0.00230276	
0.0414657	-0.161497	-0.0133755	-0.0660494	-0.0603625	-0.0435896	-0.0468882	-0.0516199	-0.063604	0.307741	0.133198	0.172189	-0.0608944	-0.066155	0.0342703	0.000387946	0.11596	0.0838556	-0.0470891	0.00925384	-0.00402119	
0.0184833	-0.175449	-0.013792	-0.0626316	-0.0580492	-0.0480859	-0.0480948	-0.0491767	-0.0555897	0.2231	0.108933	0.158958	-0.0609754	-0.0689078	0.064476	-0.00082877	0.126419	0.0281942	-0.0438458	0.00316148	-0.00299787	-0.0585085	0.03667	
0.0272325	-0.154608	-0.0170638	-0.0659401	-0.0590411	-0.0500345	-0.0469751	-0.0492937	-0.0579969	0.227733	0.123844	0.20222	-0.0618625	-0.0688724	0.0517313	0.0148974	0.108605	-0.00883362	-0.044617	0.0189429	-0.00168814	-0.00199448	
0.0263926	-0.208464	-0.0103459	-0.0645175	-0.0592068	-0.0428491	-0.0451412	-0.0488835	-0.0600625	0.266838	0.0970925	0.151083	-0.0597098	-0.0677833	0.0386523	-0.00313962	0.166088	0.059073	-0.0466943	0.0294267	-0.00171522	0.0207256	
0.0261515	-0.176346	-0.0122936	-0.0637715	-0.0578628	-0.0434682	-0.0451412	-0.049361	-0.0535317	0.243373	0.0963184	0.252498	-0.0568796	-0.0660503	0.0302738	0.00782442	0.132155	0.00391568	-0.0463364	0.0499794	-0.00010287	0.0117024	0	
0.0271126	-0.107833	-0.013194	-0.0614871	-0.0567392	-0.0432976	-0.0451412	-0.0461846	-0.0477506	0.222016	0.0673511	0.175535	-0.0594652	-0.0626169	0.0472525	0.00244798	0.0684997	0.0268976	-0.0447146	0.012495	0.00270577	0.0184033	
0.0277445	-0.131542	-0.0106854	-0.0628022	-0.0561516	-0.0442977	-0.0451412	-0.0473453	-0.0496494	0.18217	0.127654	0.172073	-0.0573962	-0.0667504	0.0111332	0.0102664	0.0870768	-0.0122613	-0.0523053	0.000499275	1.59643e-05	
0.0525313	-0.0831367	-0.0114193	-0.0605979	-0.0547846	-0.0437305	-0.0443436	-0.0485769	-0.0513867	0.156306	0.194823	0.110697	-0.0549533	-0.0675224	0.0152441	-0.00670164	0.0426807	0.036106	-0.0461082	0.0209659	-0.0022803	-0.0171294	
0.0274198	-0.183237	-0.0127421	-0.0636092	-0.0545558	-0.049245	-0.0459599	-0.0475401	-0.0607994	0.172775	0.0990959	0.148794	-0.0584203	-0.0661626	-0.00294256	0.00262251	0.139354	0.0336598	-0.041896	0.0254208	-0.00258174	-0.0166168	-0.0323287	
0.024973	-0.104884	-0.0118793	-0.0611344	-0.0548819	-0.0464477	-0.0431301	-0.0478992	-0.0498007	0.157768	0.159877	0.155747	-0.0578415	-0.0660545	-0.0137905	0.0281351	0.063817	0.0144886	-0.0401942	0.0106675	-0.00433171	0.0451114	-0.0203846	-0.193358	
0.0365808	-0.154801	-0.0157515	-0.0611218	-0.0561287	-0.045723	-0.0431301	-0.0478593	-0.0446868	0.215789	0.134359	0.218145	-0.0555629	-0.0648386	-0.011729	0.0281351	0.112588	-0.00176823	-0.0438476	0.0135038	-0.00533358	-0.0184245	
0.0301859	-0.188643	-0.0157515	-0.0581554	-0.0575168	-0.0461978	-0.0431301	-0.0497305	-0.0496843	0.142039	0.0952223	0.119322	-0.0564416	-0.066625	-0.0148771	0.0250772	0.14811	-0.00508318	-0.0434047	-0.000740225	0.00253456	0.011461	
0.0248614	-0.167455	-0.0157515	-0.061858	-0.0564463	-0.050721	-0.0425323	-0.0481435	-0.0588487	0.133033	0.0954723	0.202549	-0.0540396	-0.065345	-0.00641207	0.00977233	0.123801	-0.0100336	-0.0396896	0.0156073	0.000843924	0.00298589	0.0781512	
0.0205415	-0.176521	-0.012028	-0.0620297	-0.0559355	-0.0507659	-0.044118	-0.0489741	-0.0514294	0.17559	0.214389	0.171634	-0.0514424	-0.0657013	-0.00847113	0.021789	0.134756	0.0393849	-0.0397493	0.0164753	0.00430133	-0.00903124	
0.0397955	-0.20328	-0.0209043	-0.0634783	-0.0592535	-0.046687	-0.0460842	-0.0488004	-0.0578806	0.143422	0.101233	0.0928458	-0.0530547	-0.0680291	0.0012731	0.00268775	0.15679	-0.0144514	-0.0294261	0.0331022	-0.00118456	0.0546607	
0.0340397	-0.170155	-0.0155701	-0.0605318	-0.0576954	-0.0429712	-0.0441358	-0.0500358	-0.05837	0.157401	0.144226	0.105985	-0.0570779	-0.0679098	0.00157635	0.00131196	0.123664	-0.00438313	-0.0409123	0.0155286	-0.00625331	-0.00637879	0.00555186	-0.0111137	
0.0571726	-0.185546	-0.00909943	-0.061291	-0.0560031	-0.0489309	-0.0466309	-0.0505792	-0.0573586	0.12693	0.0575011	0.0871297	-0.0566458	-0.0682377	-0.000930146	0.0130606	0.139033	0.00310254	-0.051661	-0.00759582	-0.00338225	
0.0283624	-0.118523	-0.00909943	-0.0634098	-0.0560031	-0.0459967	-0.0438775	-0.0487176	-0.0566527	0.13534	0.054023	0.131519	-0.0572125	-0.0674983	7.43081e-05	0.00658522	0.0708036	-0.0155827	-0.0460137	-0.00117401	-0.00501295	
0.0349976	-0.144642	-0.01814	-0.0651824	-0.0589113	-0.0521018	-0.0461872	-0.0484248	-0.0575996	0.134986	0.190625	0.116258	-0.0565992	-0.0663577	0.00155674	-0.00267917	0.0982273	0.0237083	-0.0404228	-0.00314927	-0.00311704	0	
0.028272	-0.158715	-0.0193449	-0.0604803	-0.0575547	-0.053066	-0.0461872	-0.0505675	-0.0615274	0.254806	0.0506255	0.196744	-0.0565295	-0.0647119	-0.00252763	0.00358523	0.110371	-0.000468039	-0.0369175	0.00876985	0.00195461	-0.00762309	0	
0.0342128	-0.133624	-0.0195594	-0.0610797	-0.0548168	-0.0513034	-0.045857	-0.0494706	-0.0566074	0.127369	0.172857	0.283613	-0.0584722	-0.0670198	-0.00325026	0.010033	0.0871373	0.0145827	-0.0383694	0.0266082	0.000183271	-0.00305968	
0.0489681	-0.166821	-0.0132267	-0.0603037	-0.0559318	-0.0499768	-0.045857	-0.0521885	-0.0585624	0.288553	0.128793	0.139032	-0.0573931	-0.0660503	-0.0218583	0.00275273	0.120937	-0.0253998	-0.0480484	0.00465613	0.00106018	-0.0321667	0.0026013	0.0136706	-0.0254226	
0.0303917	-0.190255	-0.0125312	-0.064535	-0.0555811	-0.0462709	-0.0457535	-0.052097	-0.05843	0.192391	0.117521	0.0606144	-0.0570324	-0.0674782	0.00692637	-0.00372517	0.144162	0.00348917	-0.041331	0.0184597	9.99961e-06	0.0156314	0	-0.00791223	-0.0481975	
0.0336653	-0.181272	-0.0144473	-0.0649036	-0.0557188	-0.0467316	-0.0457535	-0.0525376	-0.0588613	0.140873	0.108751	0.147135	-0.0591869	-0.0673012	0.0265663	0.00763695	0.135606	0.0770918	-0.0374515	0.00976088	-0.0036274	
0.0201459	-0.240605	-0.0193895	-0.0641955	-0.0584558	-0.049341	-0.0474638	-0.0515407	-0.0631173	0.211368	0.146945	0.287518	-0.0586566	-0.0686517	0.00757855	-0.00168929	0.189394	-0.00679066	-0.0366822	0.0334411	-0.00478473	
0.0307947	-0.215522	-0.0193895	-0.0649502	-0.0589799	-0.0504977	-0.0492747	-0.052092	-0.055533	0.230937	0.138519	0.0765817	-0.0563795	-0.0704715	-0.00222036	-0.00797531	0.16431	-0.00212372	-0.0380734	0.00478542	-0.00317679	0.0119576	-0.013719	
0.0210356	-0.21029	-0.021716	-0.0654331	-0.0601141	-0.0499831	-0.049051	-0.0510943	-0.0622773	0.238294	0.0922264	0.146693	-0.0607523	-0.0682835	0.0096094	0.00898496	0.162447	0.102879	-0.0284126	0.00400342	-0.00167883	0.00610973	0.0451711	
0.0357642	-0.190015	-0.0180505	-0.065608	-0.0612393	-0.0533035	-0.0475196	-0.0522413	-0.0627632	0.127367	0.0980307	0.220716	-0.061242	-0.0697568	-0.00868459	-0.00557249	0.137894	0.0407914	-0.0348363	0.0237148	-0.00122765	0.00406214	
0.0353936	-0.19005	-0.0180505	-0.0665084	-0.0612393	-0.0528548	-0.0494407	-0.0503593	-0.06337	0.225401	0.160897	0.0972151	-0.0544019	-0.0691242	-0.0111726	0.00313955	0.142048	0.0117216	-0.0323184	-0.00899058	0.000420927	0.00262289	0.0283227	-0.192346	
0.0195389	-0.303685	-0.0186395	-0.063346	-0.0580297	-0.054337	-0.0499357	-0.0509483	-0.0534171	0.207693	0.142704	0.113286	-0.0592496	-0.0706294	-0.0152396	0.00463861	0.253092	0.0541939	-0.0391505	0.0126319	-0.00032788	0.00722933	-0.00887278	-0.060853	-0.00100638	
0.0226343	-0.311114	-0.0231359	-0.0645597	-0.0623256	-0.0544964	-0.0503099	-0.0535597	-0.0608244	0.159663	0.0544354	0.148028	-0.0609106	-0.0683648	-0.0237883	-0.00183194	0.260521	0.0563672	-0.0419923	0.0252498	4.63288e-05	0.00560224	
-0.0193066	-0.209054	-0.0196439	-0.0637925	-0.0574818	-0.0508764	-0.0481749	-0.0535597	-0.0574589	0.147416	0.0493571	0.206029	-0.0602642	-0.0690786	-0.0112155	0.00020139	0.159203	0.0111185	0.0247723	0.000309627	0.000347772	
-0.0187326	-0.182067	-0.0169068	-0.0644285	-0.0609705	-0.0537513	-0.0481749	-0.0511746	-0.0606726	0.0843934	0.0867137	0.103537	-0.0602642	-0.0698204	-0.00800435	-0.000206413	0.132216	0.0349299	0.0146278	-0.000277522	-2.65006e-05	0	
-0.0138918	-0.223481	-0.0235011	-0.0663009	-0.0609233	-0.0526603	-0.0481749	-0.0516792	-0.0553874	0.102928	0.0694262	0.188569	-0.0598536	-0.0722858	-0.000724585	0.00073584	0.179296	0.0493656	0.009747	0.00363157	0.00337878	0.00572657	0.0381636	
-0.0168306	-0.205991	-0.0165443	-0.0633799	-0.0588876	-0.0531778	-0.0481749	-0.0522306	-0.0547865	0.128918	0.0650169	0.275683	-0.0616801	-0.071262	0.0163529	-0.00812851	0.153887	0.0457624	0.0403837	-0.00157041	0.00337878	0.00698703	-0.00235973	0.0523239	
-0.0185094	-0.240618	-0.0151575	-0.061365	-0.0557453	-0.0558423	-0.0481749	-0.0522306	-0.0609657	0.173625	0.0662767	0.124445	-0.0591235	-0.0691884	-0.025873	0.00463639	0.194622	-0.00829082	0.0236859	0.0112119	0.0019679	0	-0.0277537	0	
-0.0195328	-0.240122	-0.0182524	-0.0654179	-0.0603921	-0.05302	-0.0481749	-0.0512997	-0.0597097	0.140677	0.135858	0.162066	-0.0617637	-0.0719791	-0.00812189	-0.00690361	0.191688	0.0269885	0.00361442	0.0104384	0.00507817	-0.00951832	
