-0.0235085	0.173727	0.138643	-0.00833043	-0.0181704	-0.0098758	0.36205	0.0064626	0.55842	0.108328	0.0091087	-0.004509	0.434163	0.0020977	-0.0094312	0.339346	0.00435483	-0.0173201	0.0404988	0.244994	0.256773	-0.0314126	0.0306037	-0.0053543	0.00279659	-0.0386478	0.0164364	7.19e-05	0.0194069	0.0428302	-0.0025722	-0.0061674	-0.0317508	-0.0176959	0.0509422	0.0042975	-0.033788	0.0125172	-0.0063266	-0.0105393	0.00486263	-0.0040032	-0.0159165	-0.0331218	0.0367334	0.20673	0.00546225	0.371803	0.0536179	0.00434833	-0.0338097	0.0250232	-0.0191792	0.0637363	-0.19541	-0.0182186	0.0319482	0.0690242	-0.0169354	-0.00609661	0.0549083	0.139087	0.0259434	-0.0008485	-0.0460055	-0.0192787	0.108859	0.173573	-0.0246273	-0.0042803	0.0220372	0.0146916	-0.0168525	0.0001646	-0.254565	-0.002276	
-0.0236759	0.121983	0.138643	-0.00833043	-0.0201624	-0.00954589	0.139087	0.352416	0.0347162	0.0100588	0.0120926	0.265091	-0.0199405	0.0292833	0.122063	0.256773	-0.0239505	0.0306037	0.0101486	-0.0389361	0.0079313	-0.0267434	-0.00298057	0.0111343	0.0649882	-0.0105393	0.0113089	-0.0189684	-0.0273363	0.0168696	0.00186364	0.191896	0.019232	0.220212	0.153906	-0.0291183	-0.01029	-0.0185757	0.124665	0.0928424	-0.00639131	
-0.0260014	0.111182	0.138173	-0.00786017	-0.0206508	-0.0127787	-0.0161932	-0.0399147	0.216604	0.225401	0.0454883	0.113436	-0.00736775	-0.0311307	0.0306037	-0.00976213	-0.022978	-0.0298303	-0.0155038	0.149485	0.245495	0.0658228	0.0918473	0.0637363	
-0.027024	0.126771	0.145214	-0.00876656	-0.0182129	-0.00523174	-0.0246734	-0.0400801	0.238554	0.152302	0.0429465	0.179747	-0.0333444	0.0896117	0.118852	-0.0278355	0.0296973	0.213655	0.251368	-0.00705526	0.112152	
-0.0240747	0.155159	0.15696	-0.00876656	-0.0210154	-0.00328789	-0.0236985	-0.0397315	0.323333	0.237389	0.0289581	0.103307	0.286613	0.0595958	0.131476	-0.0265696	-0.0347483	0.238813	0.0133848	
-0.0223744	0.14029	0.152631	-0.00886222	-0.0150199	-0.00413441	-0.0210443	-0.0395342	0.49891	0.185049	0.0288455	0.146652	0.232264	0.102119	0.0713614	-0.0207079	0.302941	-0.0297419	
-0.0266162	0.122156	0.153381	-0.00778529	-0.0191514	-0.00519921	-0.0264679	-0.0400103	0.0778263	0.0829948	0.0299224	0.13293	0.266209	0.0480933	0.147896	0.00325354	-0.0367313	-0.0248936	0	0.364939	-0.0297779	
-0.0248252	0.0670877	0.130153	-0.00925562	-0.0171944	-0.0243009	-0.013825	-0.0398945	0.13782	0.197594	0.0288463	0.241288	0.00225188	0.162703	0.119082	0.213928	-0.00626203	-0.0339857	
-0.0219377	0.101161	0.135465	-0.00925562	-0.0205708	-0.0279621	-0.0251017	-0.0409609	0.124097	0.142974	0.0288463	0.0767425	0.00281341	0.229383	0.161994	0.232465	-0.00981525	-0.0360181	0.0238732	0	
-0.022898	0.0793667	0.127381	-0.00926801	-0.0164417	-0.0232956	-0.0220098	-0.0385583	0.127707	0.028749	0.114851	0.00281341	0.375224	0.206251	0.234281	-0.00639991	-0.0279149	0.00119665	0.000689301	
-0.0295544	0.10332	0.1274	-0.0105866	-0.0180606	-0.0276797	-0.0191972	-0.0414278	0.025231	0.196175	0.0298227	0.140669	-0.000895934	0.214025	0.0924332	0.234493	-0.00777608	-0.0321586	
-0.019031	0.0981746	0.109203	-0.00947067	-0.0172306	-0.019763	-0.0205385	-0.0438335	-0.0325697	0.108957	0.0315926	0.141885	0.000676766	0.0962997	0.108141	0.242922	-0.0102549	
-0.0270776	0.0879428	0.118749	-0.00912241	-0.0212602	-0.0267158	-0.0169625	-0.0422331	-0.0326616	0.218268	0.0314207	0.159238	-2.52384e-05	0.242532	0.0863889	0.230942	-0.00740021	
-0.0217434	0.15082	0.135323	-0.00943733	-0.0203713	-0.0226131	-0.02392	-0.0416601	-0.0274425	0.117546	0.0314207	0.240845	0.00280004	0.324511	0.0852827	0.20889	-0.00840447	0.0013382	-0.015892	
-0.0249374	0.0874377	0.130613	-0.00846264	-0.0203713	-0.0260146	-0.0240317	-0.0416874	0.178853	0.0323954	0.144054	0.00975249	0.344905	0.107454	0.204075	-0.0105325	0.00170201	
-0.0253809	0.127405	0.14574	-0.00880083	-0.018003	-0.0267735	-0.018207	-0.0418975	0.0605844	0.0308567	-0.00529473	0.333779	0	-0.00288162	0.246424	0.13254	0.23454	
-0.0267411	0.0831761	0.14253	-0.00909955	-0.0208968	-0.0201227	-0.0204598	-0.0390897	0.163878	0.0297546	-0.00642809	0.166017	0.187215	0.00026468	0.265183	0.137676	-0.000531404	
-0.0240191	0.0977014	0.134693	-0.00710587	-0.0169462	-0.0212347	-0.000783581	-0.0386631	0.238224	0.0307161	-0.0060677	0.106761	0.190801	0.00790658	0.3113	0.141749	0.00375571	0	-0.0166916	
-0.0197522	0.101562	0.134693	-0.0111622	-0.0188517	-0.0304098	-0.0065989	-0.0410892	0.323142	0.0283809	-0.00229837	0.366071	0.194002	-0.00173805	0.234411	0.179149	0.0107617	
-0.0207369	0.0895106	0.136045	-0.00903624	-0.0184038	-0.0247138	-0.00807783	-0.0400802	0.14464	0.0309037	-0.00598429	0.169394	0.218532	-0.00283847	0.258203	0.182661	0.0248546	
-0.01883	0.0694828	0.162055	-0.00895061	-0.0171965	-0.0249617	-0.00943623	-0.0417541	0.18076	0.0318722	-0.00512954	0.187856	0.266855	-0.00136172	0.242131	0.186621	-0.00953636	
-0.0217042	0.0807894	0.113983	-0.008603	-0.0123369	-0.0227171	-0.0143059	-0.0409097	0.264641	0.031052	-0.00749634	0.108335	0.244442	0.010108	0.181121	0.14332	-0.0145921	
-0.0209808	0.158794	0.138635	-0.00908866	-0.0195188	-0.026692	-0.0114102	-0.0394505	0.139344	0.0305389	-0.00965161	0.154653	0.244334	-0.000171133	0.255223	0.168811	-0.0138726	
-0.0238964	0.0810233	0.14611	-0.0098063	-0.0171403	-0.024881	-0.00577322	-0.0432917	0.130004	0.0313225	-0.00506938	0.180324	0.202111	0.0103402	0.306129	0.0724827	-0.023586	
-0.0251465	0.0969568	0.153807	-0.0098063	-0.017475	-0.0156436	-0.00813071	-0.0416885	0.150294	0.0313225	-0.00878034	0.13142	0.249085	-0.000349863	0.384006	0.0628151	
-0.0280051	0.145048	0.150022	-0.00942978	-0.017475	-0.0291794	-0.0114862	-0.0422746	0.100147	0.0313225	-0.00797597	0.160389	0.267512	0.00536989	0.38232	0.0663497	0	0	
-0.0201662	0.104998	0.13518	-0.00801053	-0.0166201	-0.0236799	-0.0102558	-0.0405199	0.156978	0.0318868	-0.00964758	0.0866318	0.214593	0.00622483	0.286603	0.0696005	0	
-0.0125257	0.0995427	0.143293	-0.00721266	-0.0187902	-0.024311	-0.00922712	-0.0392566	0.215529	0.0316561	-0.0084691	0.170962	0.250703	0.00908985	0.332452	0.0430749	-0.0409254	
-0.0121082	0.0632458	0.140355	-0.00847642	-0.0191783	-0.0258337	-0.0162067	-0.0399819	0.128564	0.0303924	-0.0102381	0.222818	0.200549	-0.00196381	0.110262	0.0426807	
-0.0151404	0.100964	0.140931	-0.00857464	-0.0164033	-0.0238916	0.0068922	-0.0419753	0.10052	0.0318249	-0.00708307	0.180973	0.201289	-0.00152838	0.191417	0.0786895	
-0.0201197	0.111169	0.145061	-0.00880278	-0.018942	-0.0220606	-0.0153128	-0.0402349	0.273628	0.0313732	-0.00809154	0.137303	0.213124	0.00393253	0.146552	0.0997265	-0.00633446	0	
-0.0129054	0.0451776	0.131759	-0.00771644	-0.017831	-0.0153929	-0.00376685	-0.0396201	0.175069	0.0321062	-0.00934401	0.465318	0.227395	0.00823786	0.136491	0.0445523	
-0.0114589	0.0548701	0.15512	-0.00779062	-0.0177955	-0.0265783	0.00233676	-0.039252	0.101905	0.0303651	-0.00750404	0.21478	0.204269	0.0103036	0.239152	0.0912011	-0.0066813	
-0.0224573	0.085482	0.145818	-0.00826582	-0.0152227	-0.0252368	0.00396774	-0.038185	0.118689	0.0297809	-0.00785214	0.160551	0.25294	0.00332309	0.164265	0.0946862	
-0.0174609	0.0825734	0.136243	-0.00836796	-0.0138743	-0.0268305	-0.0106589	-0.0383214	0.0724241	0.0291934	-0.00731553	0.191916	0.209074	0.0063662	0.264439	0.0677525	
-0.0148045	0.0675739	0.13251	-0.00928853	-0.0103096	-0.0280819	0.00512604	-0.0384025	0.184269	0.0282729	-0.00687449	0.216086	0.209074	0.00218263	0.248652	0.106891	0.0126937	
-0.00865331	0.0766703	0.135695	-0.00860419	-0.012712	-0.0230878	-0.00768633	-0.0384215	0.129386	0.0288449	-0.00852908	0.147415	0.222792	-0.00103947	0.326581	0.0510383	
-0.0177061	0.0902998	0.169464	-0.00866638	-0.0142952	-0.0286726	-0.0119142	-0.0394138	0.0763065	0.0299647	-0.00850692	0.137939	0.214346	0.0204422	0.176718	0.169254	0	0	
-0.0138567	0.111537	0.150983	-0.00852429	-0.0167109	-0.0246883	-0.00805133	-0.0396549	0.155602	0.0301057	-0.0106372	0.232714	0.211581	0.00359845	0.24113	0.118524	-0.00537696	
-0.0220486	0.142993	0.132315	-0.00849451	-0.0158068	-0.0238668	-0.0080672	-0.0382205	0.278251	0.0302462	-0.0127042	0.214928	0.225552	0.0106245	0.245278	0.067414	0.000898265	
-0.0204734	0.0941234	0.143587	-0.00841331	-0.0117168	-0.0224512	-0.0142353	-0.0389087	0.150131	0.0302462	-0.00986184	0.250259	0.202585	-4.10132e-05	0.219478	0.0952881	0.000777668	
-0.0133222	0.0919078	0.137736	-0.00943485	-0.0119239	-0.0216981	-0.005979	-0.0380554	0.119598	0.0275804	-0.0131743	0.193939	0.218627	0.00492239	0.330894	0.124353	-0.00162078	0	0	
-0.0157594	0.0960006	0.125196	-0.0103586	-0.0111332	-0.016228	-0.00815625	-0.0364904	0.174285	0.0266858	-0.00856772	0.265661	0.209116	0.00635881	0.185582	0.0851147	-0.0078605	-0.0178835	-0.14375	
-0.0134402	0.132237	0.137239	-0.00948905	-0.0111332	-0.003153	-0.0346499	0.131117	0.0278429	-0.0104439	0.132414	0.20406	-0.00208327	0.231765	0.0587966	0.00537675	0.0911835	0.0203094	0.0309966	
-0.0203288	0.148365	0.134098	-0.00927879	-0.0127925	-0.00233158	-0.0122952	-0.039293	0.200247	0.0294173	-0.0126175	0.0651129	0.215818	0.00240711	0.196545	0.0665139	0	0	
-0.0206613	0.0950858	0.141969	-0.00930751	-0.015863	0.00303437	-0.00482949	-0.0399157	0.123547	0.0293982	-0.0118339	0.0745619	0.201341	0.00338801	0.210589	0.137281	-3.95269e-05	-0.0149791	
-0.021037	0.11825	0.135497	-0.00925691	-0.0114193	-0.00319457	-0.00236376	-0.0366196	0.112597	0.0281993	-0.0163369	0.081549	0.23631	-0.00209988	0.341082	0.120577	-0.00987463	0.000415759	0	
-0.0116195	0.161969	0.123121	-0.00989255	-0.0117151	-0.00100334	-0.0172031	-0.0367622	0.0391515	0.0275857	-0.014463	0.142726	0.216317	0.00328298	0.224809	0.0909183	
-0.0179079	0.102042	0.140364	-0.0095855	-0.0108662	0.00234708	-0.0102609	-0.038788	0.357282	0.0278927	-0.0165571	0.301931	0.235068	0.00328298	0.203873	0.13163	0.00559842	0	0	
-0.0130686	0.0785887	0.124233	-0.00987354	-0.0147108	0.00622991	-0.00779337	-0.0362517	0.142471	0.0278088	-0.0136695	0.133486	0.253135	0.00307882	0.298057	0.14554	0	
-0.0156627	0.138065	0.134065	-0.0102382	-0.0139127	0.0037072	-0.0050785	-0.0372658	0.135432	0.0273344	-0.01707	0.274866	0.274657	-0.000273985	0.257877	0.108153	-0.222653	
-0.0222092	0.170217	0.128273	-0.00981737	-0.0115356	0.00893135	-0.0179183	-0.0368874	0.129635	0.0273028	-0.00949763	0.185182	0.240651	0.00039402	0.274741	0.0760027	0.0156411	0.00210602	
-0.0111651	0.112656	0.136402	-0.0103158	-0.0139895	0.00239498	-0.0185721	-0.0365549	0.319344	0.0273028	-0.00918554	0.406722	0.225309	0.000973689	0.264783	0.163052	
-0.0125104	0.140603	0.122642	-0.00801422	-0.0137819	0.00818171	-0.00945949	-0.0372596	0.0912657	0.0288889	-0.0129922	0.2176	0.248564	0.00410124	0.292065	0.107128	-0.0123332	0.0326237	
-0.0163187	0.113244	0.122454	-0.00870078	-0.0152595	0.00736781	-0.0147849	-0.036067	0.185069	0.0280137	-0.0132405	0.142856	0.240312	0.00457969	0.267468	0.102372	0	0	-0.0233978	0.0233757	
-0.00992821	0.104433	0.12201	-0.00966833	-0.0140822	0.000455442	-0.0187042	-0.035232	0.199114	0.0270462	-0.00901549	0.117326	0.231381	-0.00161131	0.304178	0.125193	-0.0208293	
-0.012154	0.102976	0.130702	-0.0102845	-0.0100299	0.000425891	-0.0222386	-0.0380919	0.198955	0.0271507	-0.00790107	0.228809	0.23766	0.0113429	0.152025	0.0907539	0	
-0.0237947	0.12737	0.123062	-0.00820218	-0.0191127	0.00462247	-0.0263933	-0.0381398	0.161118	0.0300308	-0.0104391	0.182413	0.225681	0.00342954	0.314433	0.0990457	0.00572086	
-0.00873066	0.0978057	0.133116	-0.00829345	-0.0138319	0.00211351	-0.0156996	-0.0377077	0.0990784	0.0297878	-0.00544829	0.290875	0.212689	0.00684474	0.174121	0.0991093	0.00679246	-0.0263759	0.0190083	
-0.0237873	0.0960511	0.133275	-0.00961734	-0.0198708	0.00114024	-0.0196909	-0.0405348	0.231234	0.0300233	-0.00417961	0.225545	0.234519	0.00610785	0.257377	0.0988612	-0.0150358	
-0.0150616	0.125369	0.121916	-0.00961734	-0.013337	-2.75268e-05	-0.0185537	-0.0399693	0.225656	0.0295807	-0.00953746	0.22208	0.234193	0.000908175	0.207483	0.108326	0.0182881	
-0.0257658	0.102434	0.134799	-0.010392	-0.0142405	-0.00247428	-0.00623425	-0.038252	0.0977817	0.0271585	-0.0135183	0.2266	0.271082	0.00238876	0.252889	0.142674	-4.99186e-05	
-0.0216715	0.140253	0.125952	-0.00850257	-0.0130832	0.0146582	-0.0138383	-0.0366113	0.117872	0.0285377	-0.013396	0.516576	0.238507	0.00688048	0.256315	0.103296	-0.00306339	0.00194636	
-0.00908981	0.0593636	0.124609	-0.00895857	-0.0136699	0.0085891	-0.00558821	-0.0367406	0.192	0.0285377	-0.00646598	0.123338	0.243996	-7.63113e-05	0.172512	0.130506	0.00130029	-0.00324426	0.0337632	
0.000265128	0.15621	0.115985	-0.00981669	-0.0132054	0.000501486	-0.0204846	-0.0363914	-0.0217989	0.0273862	-0.00621237	0.167308	0.213593	-0.00337561	0.302192	0.0537184	0.00114183	-0.00450676	0.0755667	
0.122558	0.123309	0.106892	-0.00831446	-0.0162075	0.00613802	-0.0164297	-0.0366944	-0.0154275	0.0278764	-0.00554426	0.226052	0.218802	0.00253463	0.266474	0.0930653	0.000878812	-0.00511162	
0.0894126	0.134883	0.128101	-0.00910894	-0.0144454	-0.00559381	-0.033548	-0.0181459	0.0272056	-0.015109	0.216344	0.204123	-0.00075562	0.229684	0.0809736	0.00120731	-0.00141764	-0.019978	0.0134378	0	0	
0.266436	0.109419	0.123111	-0.00923569	-0.0141554	0.0213212	-0.0142428	-0.0368215	-0.015347	0.0270789	-0.00646982	0.141723	0.229554	0.00412604	0.139862	0.154893	0.00130028	-0.000579727	
0.182668	0.154293	0.126474	-0.00807544	-0.0159821	0.00417319	-0.0201078	-0.0349584	-0.0150097	0.029535	-0.00686147	0.116703	0.2225	-0.00129093	0.261923	0.132825	0.00194093	0.00275444	
0.100628	0.0996266	0.0985147	-0.00844829	-0.0127996	0.0248347	-0.0158597	-0.0335016	-0.0118797	0.0290162	-0.00456312	0.152298	0.253107	-0.00433886	0.244555	0.122786	-2.19773e-05	0.00560007	-0.00427795	0.0159018	
0.128271	0.208083	0.105507	-0.00832437	-0.0181391	0.0174718	-0.0164206	-0.0395148	-0.0153941	0.0315296	-0.00715878	0.153928	0.255485	-0.00141475	0.113167	0.0805635	0.00212706	0.00689794	
0.0705147	0.118056	0.109048	-0.00838524	-0.0134138	0.00667979	-0.0180546	-0.0358286	-0.0159154	0.0297506	-0.00642582	0.288796	0.232029	-0.00613801	0.197781	0.0556023	0.000643842	0.00287438	-0.0209226	-0.0118097	
0.0995704	0.175814	0.108196	-0.00859886	-0.014715	0.00919798	-0.00946434	-0.0397492	-0.0207662	0.0307885	-0.00816741	0.170794	0.210562	-0.0127522	0.285191	0.0810203	0.000620916	0.00479262	0.00360161	
0.195734	0.13692	0.108196	-0.00934139	-0.0141211	-0.00147543	-0.0151729	-0.037705	-0.0216131	0.0298551	-0.00637297	0.096566	0.221778	-0.0121386	0.243711	0.0784816	-0.000475866	-0.00303913	0	
0.0650371	0.0866822	0.0847728	-0.00842869	-0.0120778	0.00729068	-0.0172434	-0.0355078	-0.0225811	0.0308686	-0.0117387	0.108036	0.220291	-0.00958288	0.226974	0.0655554	-0.00166172	0.00065856	-0.01934	0.00618927	
0.20071	0.098917	0.1166	-0.008266	-0.0120778	0.000756005	-0.0198756	-0.0370294	-0.030709	0.0310313	-0.00338111	0.258887	0.224078	-0.0132445	0.191521	0.166168	0.00162299	-0.00125842	-0.0057383	-0.0211614	
0.164191	0.06849	0.097447	-0.00957105	-0.0174214	0.0060582	-0.0123347	-0.0393343	-0.0201239	0.0297042	-0.00920432	0.229671	0.223995	-0.00508497	0.315	0.095813	-0.000508629	-0.0027968	
0.222289	0.0681203	0.0928675	-0.00790493	-0.0136045	-0.00349098	-0.0188112	-0.0380593	-0.0234978	0.0311473	-0.00516251	0.146788	0.217969	-0.0037058	0.243418	0.0897563	-0.000434174	-0.000457671	
0.142132	0.133809	0.0964871	-0.00973216	-0.0138033	0.000395085	-0.0166958	-0.0407399	-0.0227847	0.0295188	-0.00683121	0.0980756	0.223909	-0.0104151	0.208748	0.0935504	-0.001206	0.00573423	0.0374983	
0.156663	0.0822324	0.107578	-0.00843727	-0.0144495	-0.000320939	-0.0248627	-0.0393476	-0.0147631	0.0311786	-0.00829283	0.176848	0.223191	-0.00277876	0.177217	0.118752	-0.000379773	-0.00138382	-0.0101625	
0.136214	0.0754186	0.115873	-0.00813482	-0.0164836	0.00360717	-0.0232271	-0.0379219	-0.0207237	0.0310642	-0.0070086	0.224312	0.21706	-0.00302366	0.137052	0.100007	0.000269865	-0.00152959	0.00106354	0.215022	
0.138943	0.0916057	0.118891	-0.00834029	-0.0121967	0.00025882	-0.0242361	-0.0383433	-0.0249259	0.0294213	-0.0070086	0.267243	0.19844	-0.00476288	0.234232	0.0659953	0.0005213	0.00116535	0.0106158	
0.2015	0.129204	0.112261	-0.00951527	-0.0121967	-0.00150561	-0.0202369	-0.0373532	-0.0197056	0.0283238	-0.00587758	0.123077	0.199028	-0.0107233	0.316521	0.0830262	-0.000619713	0.00174816	
0.214677	0.134169	0.11045	-0.00782808	-0.0164997	0.00535714	-0.0237414	-0.0377548	-0.0281797	0.0306758	-0.00569199	0.0864208	0.197003	-0.00547872	0.236406	0.124718	0.000339418	0.00208275	
0.14064	0.0909009	0.118344	-0.00843094	-0.0167836	0.00380424	-0.00987132	-0.0372058	-0.0232618	0.0295357	-0.00209878	0.236084	0.198957	-0.00640148	0.199905	0.100841	0.00197005	-0.00353502	0.00751042	0.00295197	-0.165403	-0.00763282	
0.118854	0.0765966	0.0966108	-0.00780571	-0.0124388	-0.00111309	-0.0180396	-0.0375359	-0.0127043	0.0301106	-0.007172	0.259804	0.207027	-0.0105748	0.119235	0.0966027	0.000320617	0.000176447	0	
0.0884234	0.108076	0.105906	-0.00869396	-0.0162939	-0.000758788	-0.0205413	-0.0371916	-0.0236973	0.0290368	-0.00593681	0.146906	0.187344	-0.00785891	0.283473	0.130743	0.00102005	-0.00156081	0.089677	
0.210527	0.14268	0.108615	-0.00882091	-0.0188255	-0.00470204	-0.0196935	-0.0379327	-0.0221419	0.0289099	-0.00687171	0.283644	0.233016	-0.0115819	0.15649	0.120597	-0.00104336	-0.00206427	-0.0170343	
0.0812314	0.0761758	0.121911	-0.00797765	-0.0184772	-0.00170308	-0.0119326	-0.0375026	-0.0135263	0.0297531	-0.00771497	0.315366	0.214707	0.0044303	0.242138	0.119382	0.000118793	-0.00136459	-0.00705429	0.0727201	-0.0131592	
0.143992	0.093416	0.110618	-0.00860744	-0.0159294	-0.00249895	-0.0241946	-0.0399566	-0.00845608	0.0299992	-0.010031	0.141557	0.233527	0.000880663	0.109265	0.117957	-0.000623437	-0.00523223	
0.513131	0.104107	0.117564	-0.00818572	-0.0158592	-0.00552454	-0.0159429	-0.0359565	-0.0137259	0.030137	-0.0104355	0.176269	0.201123	-0.00538292	0.269201	0.221682	0.00144022	8.07603e-05	
0.226335	0.102523	0.109926	-0.00814729	-0.0194596	-0.00631925	-0.0233657	-0.0378942	-0.0190645	0.0301574	-0.00352161	0.204321	0.208753	0.000323469	0.191192	0.104953	0.000402238	-0.000892427	
0.0851349	0.0818037	0.133065	-0.00814729	-0.0194596	-0.00495602	-0.0178482	-0.0376518	-0.0240709	0.0301574	-0.0102906	0.223631	0.208753	-0.00647125	0.172896	0.0749969	0.000295824	-0.00445511	
0.190232	0.105759	0.128889	-0.00802513	-0.0176483	-0.00746127	-0.0248536	-0.0359954	-0.024363	0.0301574	-0.0079838	0.346734	0.212826	-0.00721519	0.179704	0.172564	-0.000174988	-0.00441068	0	
0.133174	0.106933	0.128392	-0.00757738	-0.0146871	-0.00266842	-0.0180886	-0.0393878	-0.0176583	0.0306052	-0.00997366	0.27111	0.217045	-0.0129802	0.154148	0.19405	0.000824819	-0.00363381	0.00945908	
0.0740607	0.114565	0.115217	-0.00849811	-0.0148456	-0.00730368	-0.0274907	-0.0382575	-0.0281246	0.0298665	-0.012289	0.294394	0.202699	-0.00909707	0.160977	0.170504	-0.000952566	-0.00314214	0.000290286	
0.050213	0.172142	0.14167	-0.00806636	-0.016551	-0.000988944	-0.015102	-0.0394443	-0.018714	0.0298665	-0.00334819	0.268474	0.223159	-0.0142412	0.227072	0.353926	0.000222169	-0.00376434	0.0377107	
0.124849	0.167488	0.116781	-0.00816335	-0.0180676	-0.00417542	-0.0224629	-0.038184	-0.0200785	0.0301012	-0.00693338	0.179178	0.207124	-0.0112824	0.128259	0.33333	0.000599281	-0.000384087	-0.0194869	
0.126661	0.0708908	0.119757	-0.00847013	-0.0195613	0.00168052	-0.0212656	-0.0385002	-0.0231093	0.0300896	-0.00979573	0.375697	0.207124	-0.0148613	0.26231	0.180087	0.000270709	-0.000607325	
0.101616	0.101162	0.130405	-0.00857055	-0.0154845	-0.0014043	-0.0255014	-0.0349818	-0.019668	0.0282687	-0.00972143	0.15606	0.21728	-0.0110458	0.511891	0.231367	1.35813e-05	-0.00235494	0.0296744	-0.000171473	
0.136255	0.128686	0.110453	-0.00809285	-0.0178526	0.00523871	-0.0236995	-0.0375638	-0.02081	0.0282029	-0.00928946	0.0704708	0.235747	-0.00902981	0.180512	0.120751	-0.00134323	-0.00317431	0.0173209	
0.0535611	0.132451	0.138324	-0.00810359	-0.0174699	-0.0039519	-0.0240535	-0.0386385	-0.0247968	0.0302098	-0.00769369	0.133739	0.186177	-0.0107612	0.208486	0.109747	-0.000331143	0.00280308	-0.000111028	
0.213216	0.128549	0.105176	-0.0107917	-0.0154338	-0.00121136	-0.0277205	-0.0382471	-0.0245239	0.0278391	-0.00915442	0.303128	0.191233	-0.0127664	0.219193	0.213337	0.0024497	-0.00476658	0.00539518	0	
0.121006	0.164776	0.102594	-0.00949293	-0.0195212	0.000491733	-0.0227463	-0.0369463	-0.0252982	0.0289449	-0.00314943	0.221176	0.217325	-0.0163268	0.23876	0.111849	0.000182677	-0.00209446	0.00528336	
0.169801	0.0996427	0.103798	-0.00805631	-0.0214793	-0.00616251	-0.0231621	-0.0368925	-0.0227517	0.0303816	-0.00992935	0.157973	0.213478	-0.0162096	0.29896	0.103479	0.000762462	-6.24307e-05	0	0.029441	
0.13582	0.124493	0.128956	-0.00859109	-0.0179202	-0.00198845	-0.025048	-0.0379555	-0.022821	0.030125	-0.00657964	0.167995	0.234378	-0.0172585	0.299724	0.118447	0.000745915	-0.00190857	0.0694514	
0.127782	0.179122	0.111241	-0.00859109	-0.0186045	-0.000772647	-0.0206688	-0.0382696	-0.022523	0.0308093	-0.011456	0.142183	0.234156	-0.0151912	0.163587	0.14849	-0.000290179	-0.00293859	0.0216133	0.00458138	
0.148056	0.134258	0.112199	-0.00744027	-0.0215553	-0.00609733	-0.020063	-0.0368102	-0.0163422	0.0319602	-0.00904929	0.123433	0.219071	-0.02356	0.215671	0.119312	0.00213632	0.00324773	0	
0.24928	0.146943	0.128209	-0.00913828	-0.0231866	-0.00508354	-0.0203782	-0.0390197	-0.0234923	0.0302621	-0.00712975	0.14099	0.233898	-0.0116839	0.301396	0.171097	-0.00129277	-0.00337085	-0.181939	
0.163354	0.200178	0.121138	-0.00884779	-0.0183577	-0.00704068	-0.012242	-0.0391658	-0.0293843	0.0306106	-0.00579437	0.0815976	0.21519	-0.00935295	0.275751	0.25785	-9.27692e-05	-0.00372898	0.055793	
0.185912	0.108837	0.162073	-0.0082444	-0.01979	-0.0011552	-0.0118498	-0.0363099	-0.0262796	0.0306942	-0.013563	0.283356	0.190507	-0.0161011	0.191848	0.204719	0.00134493	0.00266899	
0.256864	0.151287	0.139558	-0.00692301	-0.0174386	-0.000168426	-0.007045	-0.0340784	-0.0238661	0.030564	-0.00991078	0.245587	0.223165	-0.0067554	0.121082	0.065678	0.00249423	-0.00145031	0.0414182	0.000943311	
0.182792	0.182922	0.149069	-0.00886629	-0.014894	0.000279152	-0.0166272	-0.037535	-0.0224545	0.0286207	-0.00670802	0.127004	0.241353	-0.00845191	0.186519	0.127288	-0.000304241	0.00195242	
0.277115	0.150087	0.135514	-0.00871479	-0.0156523	-0.00666884	-0.0195341	-0.0381457	-0.0231248	0.0286207	-0.0151296	0.0763619	0.233877	-0.0146118	0.212704	0.164792	-0.000728863	-0.0028264	
0.116189	0.112457	0.140701	-0.00897882	-0.0169685	-0.000760388	-0.0121958	-0.0373037	-0.0261411	0.0283567	-0.008604	0.311722	0.221701	-0.00873298	0.264692	0.165928	0.00136921	-0.000177375	
0.124942	0.127978	0.140701	-0.00902412	-0.0151932	0.00353278	-0.00990907	-0.0352195	-0.0223404	0.0272816	-0.0137195	0.162034	0.24847	-0.0147649	0.285985	0.209702	0.00063694	0.000996727	-0.0106101	-0.00387196	
0.203301	0.104131	0.148868	-0.00777396	-0.0149756	0.000340391	-0.0221601	-0.0358541	-0.0182524	0.0286861	-0.0125984	0.278011	0.206924	-0.0105387	0.16273	0.182552	0.000884752	0.00200544	0.0122538	0.0468562	
0.146997	0.175321	0.151166	-0.00878433	-0.0149756	0.00217825	-0.0176492	-0.0364036	-0.0234434	0.0276521	-0.0155137	0.128746	0.194732	-0.0116694	0.181873	0.0671957	-0.000122928	-0.00101107	0.000983147	
0.168803	0.163898	0.140829	-0.00896563	-0.0167031	0.00875789	-0.0207423	-0.033969	-0.0242416	0.0276127	-0.0100925	0.135466	0.233201	-0.00966889	0.288896	0.148166	0.000774011	-0.0019114	0.00487164	0	
0.0734287	0.14716	0.140452	-0.00776366	-0.0144193	0.00380347	-0.0159245	-0.031747	-0.0196556	0.0284376	-0.0129101	0.110039	0.20758	-0.00893926	0.439624	0.150781	-0.000784125	0.00195699	0.0182797	
0.216137	0.103975	0.119081	-0.00774168	-0.0153413	0.00380347	-0.0289718	-0.0346277	-0.0280756	0.028717	-0.0128511	0.158161	0.236716	-0.0128479	0.174861	0.167878	0.00146123	0.00757533	0.00114983	0.00452281	0.00268249	0	
0.187586	0.148359	0.123977	-0.00881055	-0.0165488	0.00211499	-0.0202473	-0.0348575	-0.0235734	0.0268782	-0.0093416	0.136205	0.255527	-0.0127753	0.348981	0.160808	-0.000374681	-0.00340719	0.00608624	
0.264065	0.0902906	0.12883	-0.00833094	-0.0174026	-0.0058887	-0.01494	-0.035075	-0.0296049	0.0283831	-0.0119436	0.157716	0.255047	-0.0142367	0.268621	0.199446	0.00101031	0.000241345	0.0123213	-0.0165074	
0.158805	0.230769	0.128619	-0.00755275	-0.0155274	-0.00219642	-0.00426499	-0.0351857	-0.0252012	0.0296554	-0.0137134	0.110006	0.268664	-0.0140182	0.320113	0.105802	0.00123542	0.00504876	0.01774	
0.162255	0.0875944	0.14662	-0.00914403	-0.0172245	-0.00624361	0.000668271	-0.037337	-0.0193929	0.0279542	-0.015134	0.156931	0.243853	-0.0101169	0.276716	0.185855	0.00250902	-0.00178936	0.00314405	
0.171213	0.070863	0.129669	-0.0083991	-0.0205521	-0.00548485	0.00552223	-0.0371251	-0.0225572	0.0285188	-0.0131279	0.202326	0.254821	-0.00996089	0.179472	0.0976216	0.00111586	-0.00145981	0.0123436	0.00961623	
0.20166	0.127805	0.119083	-0.00870373	-0.0168811	0.000425082	0.000808159	-0.0362702	-0.0217183	0.0275573	-0.0075915	0.164389	0.284535	-0.00450894	0.161878	0.0716876	0.00141371	-0.00277433	-0.000622946	0.0350279	
0.162996	0.102372	0.148348	-0.00916389	-0.0123552	-0.00526247	-0.00214629	-0.0363465	-0.0172763	0.0271912	-0.0108753	0.224986	0.252762	-0.00972828	0.195343	0.0874292	0.00144207	-0.00183916	0.00493539	0	-0.00215646	
0.193762	0.0679536	0.115325	-0.00912167	-0.0165596	0.00151776	-0.000740656	-0.0371182	-0.0249563	0.0270932	-0.00884524	0.107547	0.298745	-0.00972828	0.200332	0.120404	-0.000647641	-0.00214198	0.00503238	
0.123265	0.0847419	0.115006	-0.010424	-0.0186327	-0.00549931	-0.0135275	-0.0379776	-0.0205219	0.0268012	-0.00851124	0.0769547	0.253068	-0.013224	0.2463	0.0916748	0.000590356	-0.00546898	0.00724654	
0.120469	0.0743174	0.145206	-0.00787661	-0.0132616	0.00205732	-0.0146216	-0.0377582	-0.0290319	0.0293486	-0.0108966	0.134463	0.241299	-0.0134434	0.256413	0.103627	0.00278501	-0.00355965	0.00773642	0	0.0197733	-0.00229068	
0.126045	0.110255	0.123258	-0.0105105	-0.0166221	-0.00539748	-0.0155903	-0.0405482	-0.0229574	0.0273551	-0.00787357	0.0485871	0.269968	-0.0144729	0.33998	0.0969894	0.00190009	-0.00725352	-0.00176599	
0.0813085	0.0998253	0.129037	-0.00838314	-0.0166221	-0.000715009	-0.0114207	-0.0404728	-0.0271408	0.0294824	-0.00966178	0.129949	0.250436	-0.0152978	0.36282	0.121456	0.00347814	-0.00277692	0.0195351	
0.278177	0.112962	0.139215	-0.00947542	-0.013185	-0.00113491	-0.0171324	-0.0398703	-0.0201845	0.0288707	-0.00875778	0.105632	0.254483	-0.0180426	0.262594	0.0961192	0.00234803	0.00191159	0.0116054	
0.070415	0.0709543	0.127264	-0.00915106	-0.015417	0.00455629	-0.00603565	-0.0382103	-0.0222378	0.0272516	-0.00787338	0.11168	0.221104	-0.0146683	0.239166	0.144532	0.000610419	0.00138931	0.0123333	-0.0307453	
0.250633	0.0909435	0.155332	-0.00925803	-0.0113534	-0.00429451	-0.00781905	-0.0385646	-0.0204951	0.0272654	-0.0119481	0.14767	0.250173	-0.0111082	0.221858	0.113807	0.00143163	-0.00147031	0.0221263	
0.201909	0.094163	0.146229	-0.0094221	-0.0104429	0.00264319	-0.00405635	-0.0397685	-0.0228272	0.0271013	-0.00528107	0.0940078	0.201855	-0.0163349	0.351452	0.101135	0.000940515	0.00265971	0.00621807	0	
0.223358	0.0806867	0.132088	-0.00787083	-0.0130698	0.00132873	-0.00195598	-0.0368793	-0.0224107	0.0277794	-0.0153315	0.106125	0.212757	-0.00384908	0.297615	0.143125	0.00313396	0.0030292	-0.00160806	
0.100775	0.0753353	0.136004	-0.00855133	-0.0184708	0.000523097	-0.01158	-0.0378304	-0.0242843	0.0270989	-0.00772432	0.175612	0.241649	-0.0144351	0.261381	0.135225	0.00311143	-0.00242532	0.00552872	-0.0157758	-0.00815668	
0.197832	0.119176	0.13215	-0.00895934	-0.0149117	-0.00418822	-0.0118641	-0.0356158	-0.0232401	0.0264672	-0.00977651	0.134691	0.238646	-0.0161025	0.204715	0.135078	0.0012412	-0.00153563	0.00778332	-0.00269516	
0.166249	0.113083	0.132482	-0.00892726	-0.0139924	0.00082419	-0.00722373	-0.039909	-0.0175813	0.0282755	-0.00879332	0.14232	0.219671	-0.00778291	0.25913	0.19979	0.00244287	-0.00171899	-0.00751256	-0.0577589	
0.130504	0.160114	0.160684	-0.00947269	-0.0192631	0.00664938	-0.012528	-0.0393176	-0.0277498	0.0283327	-0.0108508	0.325016	0.240597	-0.0168053	0.289749	0.076505	0.0028035	-0.00208952	0.0141274	
0.255968	0.0601313	0.158625	-0.00841728	-0.015522	-0.0014168	-0.014212	-0.0381625	-0.0268182	0.0278631	-0.00846347	0.178974	0.23006	-0.0189364	0.204816	0.196666	0.0022587	0.00460128	0.00577852	
0.168222	0.135367	0.141442	-0.00896483	-0.0152437	0.004942	-0.00913787	-0.0382059	-0.0223108	0.0274412	-0.00473841	0.278728	0.198324	-0.0158579	0.265844	0.108903	0.00156388	-0.00263577	-0.00466927	
0.21247	0.140494	0.141142	-0.0101614	-0.0142661	0.00533008	-0.0180434	-0.03735	-0.024947	0.0259447	-0.0086972	0.216303	0.234266	-0.00909905	0.200044	0.175326	0.00210016	-0.00181848	0.00284905	0.00884393	4.46282e-05	
0.139327	0.076828	0.145009	-0.00918033	-0.0163998	0.00215593	-0.0160021	-0.0382607	-0.0242562	0.0278074	-0.0103402	0.100821	0.234648	-0.0120898	0.183839	0.158495	0.00176489	-0.00243422	-0.00101389	0.00388457	
0.15765	0.110728	0.16043	-0.00855033	-0.0169656	0.000769763	-0.00461836	-0.0383679	-0.0188939	0.0281753	-0.0103344	0.211701	0.226284	-0.0150123	0.295693	0.16511	0.00150816	0.000610386	0.000603559	
0.286977	0.0934256	0.137231	-0.00777282	-0.0163503	0.00138512	-0.0102593	-0.038166	-0.019115	0.0284912	-0.0159724	0.1111	0.237306	-0.00900919	0.26282	0.135236	0.0033453	-0.00184595	0.00883884	-0.0214834	-0.000619353	
0.181507	0.13214	0.120552	-0.00803925	-0.0196095	5.79732e-05	-0.0155137	-0.0397197	-0.0200046	0.0305356	-0.0115926	0.180724	0.247183	-0.0182514	0.25211	0.140346	0.00370359	-0.000218295	0.00677524	0.00156893	0	
0.130997	0.0935396	0.135835	-0.00803925	-0.0153189	-0.00124322	-0.0112478	-0.0413844	-0.011346	0.0308335	-0.0100851	0.22173	0.212924	-0.0179849	0.223376	0.156026	0.00294964	-0.00139732	0.00187757	0.000834972	
0.0644419	0.137203	0.139609	-0.00826779	-0.0151977	-0.000656093	-0.0143623	-0.0378752	-0.0200385	0.0308335	-0.0103281	0.282746	0.221947	-0.0197494	0.2407	0.175727	0.00432412	0.000326861	0.00705469	-0.0020868	
0.247002	0.102539	0.116372	-0.00742135	-0.0144958	-0.00177132	-0.0129357	-0.0397729	-0.0183211	0.0308848	-0.0124791	0.155189	0.265983	-0.0228245	0.299325	0.0869885	0.00223783	-0.00331367	0.005533	0.00582412	
0.151519	0.0632471	0.12362	-0.00784384	-0.0154875	-0.00138124	-0.00648928	-0.0406001	-0.0187134	0.0297381	-0.0137825	0.278933	0.206975	-0.0159752	0.17065	0.140688	0.00280684	-0.00552934	0.000754178	0.0166113	-0.026172	-0.00545559	
0.0761	0.0601186	0.146547	-0.00876198	-0.0156059	-0.00468769	-0.00187681	-0.038091	-0.0237948	0.0284665	-0.0106987	0.0633925	0.233383	-0.0177051	0.272817	0.129072	0.00136502	-0.00246416	0.00945123	-0.00451954	0	
0.142739	0.126847	0.141155	-0.0090821	-0.0157547	-0.00212284	-0.0158047	-0.0380855	-0.0279536	0.0284665	-0.014536	0.095709	0.251828	-0.0204526	0.150533	0.0966736	0.0019672	-0.000388246	0.0227388	-0.00416578	-0.0120366	
0.158019	0.0741124	0.118589	-0.00920181	-0.0124684	-0.0071898	-0.00825347	-0.0403091	-0.0210166	0.0284665	-0.00723172	0.167479	0.229416	-0.0141015	0.185842	0.233094	0.00314238	-0.00157655	0.0190041	-0.00677621	0.0588431	-0.00214898	-0.038422	0	
0.118137	0.0949056	0.145805	-0.00947603	-0.015734	-0.000737725	-0.0205527	-0.040564	-0.0185806	0.028184	-0.0113434	0.274316	0.257231	-0.0126729	0.425011	0.107586	0.00262538	-0.00201232	0.00700254	-0.00431318	
0.210902	0.115601	0.14713	-0.0102388	-0.0130601	-0.000369357	-0.0196292	-0.037893	-0.0252231	0.0273653	-0.0165391	0.222006	0.210357	-0.0162132	0.164434	0.130392	0.00226036	-0.00485037	-0.000355847	0.000106039	0.0132588	0	0.0108787	0	
0.0953828	0.0580928	0.148713	-0.0102388	-0.0175044	0.00236847	-0.0131831	-0.0379576	-0.0219856	0.0273653	-0.0172177	0.141038	0.17827	-0.0126527	0.264536	0.0889251	0.00314093	-0.00226553	0.00557489	-0.00370117	0	
0.107603	0.128472	0.149451	-0.00937975	-0.0160519	-0.000768215	-0.0131791	-0.039291	-0.0262841	0.0278753	-0.012484	0.155176	0.230493	-0.0171254	0.183113	0.124007	0.00165287	-7.1001e-05	0.00209837	-0.00778468	0.005561	0	0	
0.317916	0.146839	0.144491	-0.0078928	-0.0196534	-0.000703375	-0.0146409	-0.039711	-0.0194765	0.0300321	-0.018631	0.183048	0.216381	-0.0162055	0.182884	0.109439	0.00204492	0.00128199	0.0274346	0.00296904	
0.133305	0.0948351	0.139953	-0.0078928	-0.0163255	0.005308	-0.00643103	-0.0400016	-0.0221335	0.0300321	-0.00928926	0.211194	0.224212	-0.00879426	0.159084	0.15493	0.00207651	-0.000186086	0.0176979	-0.000241733	
0.264461	0.180014	0.121634	-0.0103611	-0.0162319	-0.0019802	-0.0126354	-0.0396185	-0.0242655	0.0272926	-0.00712824	0.245357	0.202569	-0.0118757	0.256473	0.0977438	0.00115337	-0.00478921	0.0208099	-0.00441014	-0.0142228	0	
0.129688	0.167547	0.128445	-0.00908772	-0.0204734	-0.00538977	-0.0160146	-0.0398766	-0.0253365	0.0297907	-0.00813883	0.128603	0.225119	-0.016493	0.39187	0.134794	0.00242995	-0.0012464	0.0281326	-0.0028805	0	
0.14182	0.154813	0.15894	-0.00967969	-0.0168646	-0.00538977	-0.0159352	-0.0382752	-0.0225892	0.0294688	-0.010961	0.0447812	0.231152	-0.014033	0.188393	0.0974711	0.00217753	0.000755484	0.00402457	-0.00256677	-0.0784185	
0.046287	0.13827	0.137393	-0.00950067	-0.0195305	-0.00710374	-0.00634391	-0.0411637	-0.0246989	0.0296479	-0.00715537	0.0783496	0.251468	-0.0157033	0.229559	0.183167	0	-0.00140068	0.0156716	0.0039358	0.076699	0.00217753	-0.0122928	0	
0.114868	0.117299	0.127691	-0.0086592	-0.0221205	0.00104099	-0.0107036	-0.0395261	-0.0256503	0.0245128	-0.0160999	0.0979478	0.232096	-0.0117422	0.256677	0.164438	0.00109436	0.00278988	0.0153555	0	0.00195591	-0.0324188	0.00562735	
0.0744235	0.100676	0.150221	-0.00924133	-0.0190141	-0.00551823	0.00261628	-0.0406728	-0.0267832	0.0245128	-0.0045999	0.0972297	0.232678	-0.015009	0.269105	0.129818	0.00314831	0.00112695	0.0101843	0.00520872	0.00200522	
0.0418085	0.121389	0.147969	-0.00974511	-0.0192548	-0.000443789	-0.0103323	-0.0389377	-0.0182066	0.0370001	-0.0121006	0.110987	0.237435	-0.0123875	0.328617	0.0894696	0.00306067	-5.75383e-05	0.00350088	-0.0075417	0.00200522	
0.0608478	0.166978	0.1586	-0.00940994	-0.0225955	0.00104863	-0.00942161	-0.0394199	-0.0241066	0.0241943	-0.0052002	0.0904028	0.229294	-0.0148232	0.130252	0.154108	0.00546528	0.000492142	0.0116089	0.00526407	0.00151205	
0.116229	0.166483	0.135082	-0.0190931	-0.00079888	-0.000335192	-0.0397208	-0.0189749	0.031914	-0.00651432	-0.00952006	0.22863	-0.014258	0.142673	0.120673	0.00439985	0.0012055	0.0123005	-0.00263202	0.000981973	
0.0970107	0.152329	0.149519	-0.0201779	-0.000816002	-0.0364509	-0.0229805	0.0200868	-0.00954298	-0.009203	0.255292	-0.0130292	0.000581628	0.269895	0.000774651	0.024087	0.00860685	0.138929	-0.000807594	0.00253141	0	0.0454438	
0.109601	0.131306	0.161094	-0.0197657	0.0215282	0.016168	0.014769	-0.0391748	-0.014684	0.0206591	-0.004339	-0.00891195	0.216075	-0.0113845	0.000173911	0.103789	-0.00347174	0.0144421	0.00832561	0.174486	-0.00111135	0.0174304	-0.0371516	
0.112528	0.0779251	0.145622	-0.0205461	-0.0131217	-0.00175079	-0.0368702	-0.0230572	0.0375721	-0.0115367	-0.0101518	0.224714	-0.0166756	0.000794959	0.112358	-0.000892877	0.0060587	-0.00982727	0.129765	0.00116484	0.0101764	-0.00191348	
0.0668397	0.133216	0.143775	-0.0206358	0.00412082	0.198391	0.00349841	-0.00175079	-0.039369	-0.0146118	0.0324056	-0.00719835	-0.0103329	0.224897	-0.0150974	0.00139473	0.160241	-0.00315853	0.0260805	-0.00479162	
0.104938	0.122695	0.148657	-0.0185801	0.000246628	0.236725	0.0132406	-0.00180561	-0.0362804	-0.0144511	0.0299964	-0.00916044	-0.0101542	0.206373	-0.0136229	-0.000524786	0.0887228	-0.00291044	0.0170968	-0.00342837	0.10459	
0.0816379	0.10748	0.136694	-0.018884	0.00130602	0.373687	-0.00264816	-0.00474233	-0.0400671	-0.0114472	0.0319847	-0.0109242	-0.00837761	0.208853	-0.0136376	-0.00107592	0.108959	0.00126977	0.0331196	-0.00247183	0	
0.140266	0.139512	0.119911	-0.01893	-0.00239622	0.155048	0.00180514	-0.000652619	-0.0380084	-0.0132982	0.0338793	-0.00895783	-0.00899924	0.242469	-0.0138972	0.00129913	0.110835	-0.00138407	0.00553976	-0.00467678	0	
0.125581	0.0897898	0.123222	-0.01576	-0.00710029	0.140413	-0.00234964	-0.00491355	-0.0374999	-0.0251547	0.0300662	-0.00546914	-0.0090632	0.229398	-0.0131736	0.000646281	0.0960772	-5.2944e-05	0.000317085	-0.000863641	
0.0900669	0.17094	0.14426	-0.0188536	-0.00781614	0.0953049	-0.000708289	-0.000838245	-0.0390288	-0.0270921	0.0371749	-0.00398633	-0.00950144	0.237736	-0.00986691	0.000216674	0.110931	-0.00194842	-0.00497191	-0.00862368	
0.191265	0.107513	0.138125	-0.0195558	-0.0112827	0.251737	0.00465185	-0.00999126	-0.0397471	-0.0207509	0.0306595	-0.0116488	-0.00876318	0.234801	-0.0165827	0.000183938	0.159758	0.00403017	0.00162381	0.000323478	
0.101329	0.0935433	0.13763	-0.0214366	-0.0112827	0.157027	-0.0039068	-0.00199974	-0.0410206	-0.020207	0.0385999	-0.00541611	-0.00908882	0.233674	-0.00933736	0.000142665	0.136918	0.00493067	-0.000815069	-0.00843817	-2.49903e-05	
0.0818669	0.0750091	0.149859	-0.0173504	-0.00513425	0.240321	0.0044101	-0.0115695	-0.0399104	-0.0213851	0.0252925	-0.00891235	-0.0086601	0.207423	-0.015333	0.00027116	0.112034	0.00668574	-0.00378734	0.00529801	0.00166143	
0.109831	0.108489	0.124491	-0.0216503	-0.00675999	0.228617	0.00150586	-0.0160108	-0.039635	-0.0209742	0.0324584	-0.00717992	-0.00766668	0.236665	-0.0164951	-0.000110884	0.123636	0.00258768	0.00594409	-0.0018899	0.0228341	
0.153612	0.131542	0.1246	-0.0198849	-0.00638115	0.271911	0.000171297	-0.0149636	-0.0386451	-0.0275826	0.033211	-0.00602179	-0.00791787	0.225863	-0.0154558	-0.000340759	0.123767	0.00576493	0.000805605	-0.00316277	0.0085317	0.0289095	0	0.0168002	0.00743086	
0.100836	0.133928	0.144023	-0.0220143	-0.00752123	0.164208	-0.00141544	-0.0141955	-0.0377828	-0.0244492	0.0339713	-0.00724267	-0.00807167	0.214559	-0.0150922	0.000239451	0.136762	0.00147134	-0.00556059	-0.00407693	
0.104649	0.149754	0.144457	-0.0221603	-0.00812507	0.146448	0.00336587	-0.017368	-0.0405183	-0.0208911	0.0321881	-0.0054669	-0.00984743	0.248421	-0.0115291	0.000239451	0.139044	0.00320941	-0.0016048	-0.00176936	-0.0109997	-0.0103966	
0.124927	0.118466	0.136701	-0.022412	-0.0066287	0.193934	0.00976523	-0.0135153	-0.0378154	-0.0257209	0.0321079	-0.00565392	-0.00865881	0.186414	-0.0142079	0.00218302	0.0793635	0.0014737	-0.00528804	-0.00199695	
0.108848	0.13737	0.130574	-0.018339	-0.00763528	0.326565	-0.00350322	-0.0163942	-0.0383418	-0.0310641	0.0353216	-0.0046489	-0.0100581	0.207134	-0.014492	0.000388732	0.10019	-0.00157693	-0.000376351	-0.00660994	0.0152515	0	
0.189418	0.145966	0.157216	-0.0209557	-0.00854249	0.19803	-0.000247297	-0.00558805	-0.0393597	-0.0244694	0.0360557	-0.0051432	-0.00785593	0.20276	-0.0130173	0.000388732	0.266436	0.00211363	-0.000376351	-0.00514183	
0.0995095	0.0979803	0.126771	-0.0197527	-0.0121974	0.198073	-0.00688874	-0.00898826	-0.0375523	-0.0227394	0.0387178	-0.00174814	-0.0102876	0.187285	-0.00787302	0.00179475	0.125872	0.00185276	0.00353492	-0.00995843	0	
0.0655109	0.178312	0.126763	-0.0197524	-0.011994	0.365311	0.00143887	-0.0105658	-0.0363443	-0.0131995	0.0350642	-0.00613902	-0.00928721	0.201145	-0.0133651	0.00158141	0.0938689	0.00219476	0.00246026	-0.0070711	0.000406704	0.0017577	
0.113496	0.124552	0.162714	-0.0167699	-0.0123507	0.376066	-0.00214224	-0.0071247	-0.0334083	-0.0183495	0.0316804	-0.00672221	-0.0104826	0.18974	-0.01018	0.00181099	0.0464612	7.98087e-05	0.00570579	-0.00488269	
0.20303	0.107452	0.137908	-0.0152682	-0.0108822	0.202522	-0.00607523	-0.00243241	-0.0372912	-0.0220383	0.0413254	-0.00542291	-0.00951431	0.194514	-0.0146725	0.000684175	0.114334	0.00060657	0.0114037	-0.0135595	0.0416865	
0.118572	0.13009	0.109916	-0.0172143	-0.00977488	0.196157	-0.00295716	0.00562111	-0.0349581	-0.0180801	0.034436	-0.0109878	-0.0083253	0.238958	-0.0140541	0.00155725	0.162695	0.00456999	0.0114037	-0.005723	-0.00153662	
0.192607	0.0845686	0.148047	-0.018007	-0.0120852	0.167856	-0.000977993	-0.00964955	-0.036174	-0.0179561	0.0337377	-0.013185	-0.0083253	0.238958	-0.0144806	0.00198344	0.120738	0.00235015	0.00186679	-0.00502466	-0.0126941	
0.151157	0.137008	0.147206	-0.0203941	-0.00965248	0.280967	-0.00719643	-0.00743146	-0.0359067	-0.0196612	0.0339984	-0.00606993	-0.00806456	0.248329	-0.0175003	0.000581673	0.0913698	0.0058749	-0.00567799	-0.00293654	0	
0.0884829	0.125961	0.144486	-0.0203941	-0.00714384	0.228607	-0.00540822	-0.0198813	-0.0404	-0.026501	0.0351126	-0.0117504	-0.00777448	0.218524	-0.0175003	0.000944121	0.247901	0.00248863	0.0139571	-0.00376068	
0.102029	0.0707453	0.128346	-0.0216829	-0.00648822	0.215673	-0.00612776	-0.00920389	-0.0389646	-0.0210293	0.0355687	-0.0155199	-0.00753741	0.277105	-0.0152135	0.00070705	0.148937	0.00191965	-0.00421677	
0.109994	0.0649699	0.125103	-0.0198463	-0.00849917	0.235684	0.000570353	-0.00733416	-0.035951	-0.024346	0.0355367	-0.0128374	-0.0075694	0.264952	-0.0118305	0.00128352	0.133619	0.0119034	-0.00605336	0.0170827	0	
