0.003204	-0.270867	-0.258359	-0.212778	-0.254529	-0.271702	-0.282015	-0.179885	-0.231287	-0.122281	-0.235823	-0.239043	-0.242846	-0.124558	-0.185003	0.072816	-0.225209	-0.265591	-0.273623	-0.274602	-0.262911	-0.269109	-0.0034374	-0.230063	-0.264479	-0.218226	-0.243036	-0.268428	-0.272414	-0.15974	-0.272657	-0.0200734	-0.269546	-0.244441	-0.120987	-0.257008	-0.271092	-0.215198	-0.229009	-0.0001783	-0.255205	-0.153304	-0.002578	-0.263543	-0.2129	-0.0431369	-0.175519	-0.162307	0.0239898	-0.276287	0.0037914	-0.260099	-0.272907	-0.129641	-0.182867	-0.273342	-0.27509	-0.123447	-0.28144	-0.273802	-0.274257	-0.2733	-0.277761	-0.155428	0.0177284	-0.187632	-0.178487	-0.273033	-0.237548	0.0227064	0.008474	-0.270979	-0.244328	-0.088355	-0.272445	-0.277903	-0.247905	-0.278234	-0.257409	-0.271565	
-0.144861	0	-0.253393	-0.1144	-0.245903	-0.274906	-0.263076	-0.158031	-0.223856	-0.257356	-0.225478	0.0520069	-0.242801	-0.261262	-0.243619	0.0114569	-0.254522	-0.220256	-0.253007	-0.1705	-0.261909	-0.262241	-0.230089	-0.271673	-0.236522	-0.260561	-0.256334	-0.183223	-0.00395092	-0.0302034	-0.00210763	-0.272812	-0.155349	-0.270613	-0.268422	-0.262588	-0.0289057	-0.252428	-0.221372	-0.0206648	-0.251747	-0.268379	-0.247361	-0.262939	
-0.0669135	-0.235224	-0.252917	-0.16114	-0.245287	-0.274401	-0.264191	-0.159032	-0.221539	-0.251221	-0.25882	-0.267406	-0.244404	-0.262871	-0.261723	-0.261946	-0.157214	-0.267912	-0.267998	-0.263694	-0.22521	-0.232539	-0.269749	-0.26136	-0.0188483	-0.255335	-0.269796	
-0.249735	-0.223375	-0.252772	-0.157829	-0.242179	-0.274546	-0.263149	-0.222325	-0.127779	-0.257694	-0.265534	-0.258036	-0.256143	-0.256921	-0.272667	-0.00155192	-0.268944	-0.263199	-0.263683	-0.243937	-0.256059	-0.264372	-0.010364	-0.0410291	-0.0217779	-0.181688	-0.261737	
-0.247622	-0.205558	-0.252772	-0.155539	-0.243516	-0.274413	-0.26404	-0.223133	-0.0957705	-0.26666	0.0592708	-0.264973	-0.250927	-0.271477	-0.271204	-0.268796	-0.266875	-0.244609	-0.247648	-0.0255334	-0.253685	-0.067306	-0.0235293	-0.181688	-0.264415	
-0.25742	-0.186379	-0.253255	-0.123491	-0.246288	-0.274344	-0.266431	0.0228739	-0.0961964	-0.261643	-0.256218	-0.271009	-0.240998	-0.24029	-0.265707	-0.260998	-0.240162	-0.0802859	-0.260524	-0.2625	-0.128673	-0.0168864	-0.169756	-0.261625	
-0.257697	-0.18839	-0.251663	-0.16929	-0.245311	-0.274091	-0.262824	0.0128788	-0.0830276	-0.266555	0	-0.254418	-0.269036	-0.260082	-0.266822	-0.0159721	-0.267963	-0.264007	-0.233872	-0.00851845	-0.259645	-0.0210914	-0.189978	-0.263622	
-0.252299	-0.212745	-0.251965	-0.159232	-0.248055	-0.275637	-0.265058	0.00679363	-0.0448869	-0.269002	-0.20719	-0.274785	-0.255202	-0.260279	-0.0246886	-0.269551	-0.252804	-0.138971	-0.233162	-0.0473926	-0.255594	-0.0157317	-0.167214	-0.264588	-0.266111	
-0.255003	-0.191249	-0.252914	-0.153019	-0.248055	-0.276237	-0.267695	-0.000843189	-0.0930798	-0.269224	-0.273248	-0.258167	-0.254803	-0.0763767	-0.268074	-0.250333	-0.267316	-0.0739504	-0.259563	-0.222944	-0.0182052	-0.168287	-0.269496	
-0.266507	-0.232587	-0.254414	-0.157259	-0.24632	-0.274327	-0.263495	0.0235358	0.00523526	-0.270248	-0.0464603	-0.250974	-0.260012	-0.268074	-0.244241	-0.271738	0.00794089	0.0900588	-0.25846	-0.245468	-0.0205078	-0.189627	-0.266515	
-0.264799	-0.22796	-0.254414	-0.141585	-0.24632	-0.276202	-0.263091	0.0161306	-0.0673684	-0.2706	0.0159586	-0.0701511	-0.0261242	-0.269991	-0.259399	-0.267585	-0.160495	-0.135483	-0.26017	-0.00415696	-0.263027	-0.241596	-0.020279	-0.267004	-0.27213	
-0.258627	-0.212878	-0.254535	-0.15523	-0.24632	-0.276065	-0.262174	0.022691	-0.0729597	-0.265956	-0.0160123	-0.268676	-0.240625	-0.0544014	-0.179507	-0.241747	-0.24846	-0.269235	-0.271652	-0.257241	-0.275566	
-0.263379	-0.158452	-0.25475	-0.136327	-0.246999	-0.275728	-0.26731	-0.225769	-0.0561723	-0.26779	-0.0863099	-0.269826	-0.250896	-0.0632485	-0.18258	-0.0977425	-0.0790639	-0.120525	-0.0753834	-0.225948	-0.264677	-0.272784	-0.254058	-0.26164	-0.273884	
-0.265045	-0.186672	-0.257032	-0.142706	-0.247148	-0.279462	-0.270226	0.0310507	-0.0366355	-0.266692	-0.276377	-0.0662453	-0.273155	-0.253294	-0.0559412	-0.190024	-0.254301	-0.272327	-0.278153	-0.258324	-0.260895	
-0.263995	-0.179779	-0.256057	-0.166344	-0.252254	-0.279246	-0.268017	-0.22325	-0.134651	-0.265787	-0.274364	-0.071071	-0.266627	-0.256725	-0.00316963	-0.177213	-0.24167	-0.269625	-0.272405	-0.248716	-0.255304	
-0.261999	-0.171559	-0.257343	-0.15665	-0.251355	-0.279015	-0.268167	-0.221029	-0.118772	-0.270695	-0.277792	-0.0935288	-0.269497	-0.259247	-0.249047	-0.0845247	-0.19265	-0.26658	-0.277135	-0.246453	-0.266325	
-0.251957	-0.200543	-0.249831	-0.161399	-0.244204	-0.271874	-0.260521	-0.216309	-0.0861991	-0.255525	-0.0662126	-0.271016	-0.093379	-0.264408	-0.250937	-0.252732	-0.255258	-0.0105529	-0.228224	-0.191385	-0.260764	-0.268328	
-0.255319	-0.193236	-0.249831	-0.139149	-0.245065	-0.272445	-0.260002	-0.2146	-0.0587406	-0.254445	-0.096293	-0.268833	-0.0773674	-0.264013	-0.258364	-0.227739	-0.253353	-0.269192	-0.256421	-0.25669	-0.167127	
-0.254551	-0.208157	-0.255737	-0.147477	-0.248738	-0.27732	-0.266856	-0.224811	-0.094381	-0.257768	-0.0964433	-0.275052	-0.120093	-0.268116	-0.260866	-0.0241872	-0.266227	-0.272035	-0.266575	-0.0570982	-0.0381948	-0.268308	-0.179496	
-0.261783	-0.201969	-0.252703	-0.130263	-0.245358	-0.27692	-0.262021	-0.221192	-0.153221	-0.252686	-0.106149	-0.275847	-0.0627711	-0.267176	-0.259422	-0.0194712	-0.258314	-0.272881	-0.270212	-0.0956386	-0.271607	-0.145299	
-0.255826	-0.166505	-0.24744	-0.11547	-0.239785	-0.270813	-0.260139	-0.216475	-0.047424	-0.252211	-0.111196	-0.27001	-0.0898962	-0.26393	-0.258124	-0.227026	-0.249779	-0.270213	-0.263797	-0.0164496	-0.258045	-0.154216	0	
-0.252458	-0.199341	-0.247837	-0.129145	-0.240208	-0.27111	-0.256527	-0.219188	-0.0795281	-0.258765	-0.10833	-0.266723	-0.0759854	-0.264518	-0.254035	0.00144074	-0.240294	-0.271703	-0.264658	-0.262551	-0.152722	
-0.254688	-0.180211	-0.24786	-0.126807	-0.242721	-0.271049	-0.25775	-0.210371	-0.0722118	-0.249868	-0.108098	-0.268224	-0.0878724	-0.262354	-0.260024	-0.019983	-0.25242	-0.267002	-0.253705	-0.264996	-0.151042	0	
-0.252305	-0.19139	-0.248153	-0.130337	-0.242213	-0.270493	-0.2594	-0.216647	-0.0734274	-0.257368	-0.0866719	-0.270895	-0.0861897	-0.261063	-0.247604	0.00529289	-0.238823	-0.262672	-0.261293	-0.258528	-0.15462	0	
-0.262979	-0.204799	-0.250761	-0.156972	-0.242944	-0.273025	-0.257212	-0.212237	-0.141661	-0.251931	-0.116173	-0.27208	-0.118848	-0.260303	-0.262111	-0.226031	-0.250158	-0.263426	-0.266562	-0.259904	-0.160643	-0.126342	
-0.239649	-0.188496	-0.250761	-0.142587	-0.242944	-0.273095	-0.262047	-0.215639	-0.0989113	-0.255722	-0.0381842	-0.269392	-0.0748679	-0.267575	-0.25808	-0.22119	-0.240376	-0.271016	-0.264589	-0.260779	-0.160564	0	
-0.258102	-0.182346	-0.250761	-0.139412	-0.242343	-0.273432	-0.261283	-0.216345	-0.129679	-0.249681	-0.0431929	-0.271439	-0.119539	-0.258961	-0.256809	-0.0204768	-0.256594	-0.269778	-0.265358	-0.262655	-0.160564	0.0248739	-0.0432369	-0.0313866	
-0.241704	-0.198826	-0.250284	-0.138139	-0.242498	-0.273725	-0.259793	-0.217655	-0.0656679	-0.258734	-0.0736501	-0.270442	-0.12008	-0.266443	-0.257736	-0.242361	-0.260343	-0.256515	-0.268046	-0.26669	-0.15976	
-0.258768	-0.222834	-0.258736	-0.145296	-0.249009	-0.280325	-0.267056	-0.215769	-0.0920332	-0.266394	-0.0279792	-0.278159	-0.0706958	-0.27103	-0.262108	-0.223604	-0.269602	-0.273221	-0.271128	-0.274389	-0.166916	-0.0726442	
-0.257098	-0.173724	-0.253948	-0.136508	-0.247956	-0.276937	-0.265635	-0.22215	-0.141074	-0.248213	-0.040615	-0.272704	-0.105514	-0.271256	-0.255426	-0.238623	-0.257607	-0.27376	-0.266856	-0.258548	-0.149651	-0.081823	0.00360062	
-0.255842	-0.199238	-0.253548	-0.15159	-0.247956	-0.277012	-0.264686	-0.22215	-0.173756	-0.246956	-0.0574471	-0.276196	-0.098557	-0.267235	-0.261581	-0.222634	-0.265143	-0.271177	-0.267629	-0.271486	-0.149651	-0.164129	
-0.261758	-0.228517	-0.251737	-0.110316	-0.247347	-0.276418	-0.263367	-0.22215	-0.10103	-0.256714	-0.0585875	-0.267722	-0.109261	-0.268973	-0.267107	-0.193412	-0.258638	-0.275087	-0.268721	-0.271583	-0.172294	0	0.0694808	
-0.255335	-0.202757	-0.255089	-0.146998	-0.247604	-0.277091	-0.265256	-0.214474	-0.130667	-0.252716	-0.105872	-0.267178	-0.0948281	-0.267578	-0.267824	-0.207949	-0.267622	-0.275784	-0.265682	-0.260454	-0.169078	-0.202029	
-0.263232	-0.209283	-0.251573	-0.131245	-0.247412	-0.27712	-0.266848	-0.205506	-0.147325	-0.226861	-0.122251	-0.258442	-0.0550957	-0.269718	-0.267193	-0.236331	-0.270726	-0.276899	-0.272037	-0.269665	-0.158642	0	
-0.261554	-0.225564	-0.252307	-0.131245	-0.246027	-0.276544	-0.263413	-0.219668	-0.104286	-0.263137	-0.117727	-0.274091	-0.139131	-0.270255	-0.263074	-0.0311159	-0.267043	-0.276283	-0.271236	-0.262442	-0.149164	-0.0775271	
-0.260628	-0.208646	-0.245645	-0.145183	-0.241803	-0.270886	-0.25905	-0.202324	-0.0752992	-0.256474	-0.0742583	-0.269502	-0.0349638	-0.260493	-0.256841	-0.231285	-0.254255	-0.270063	-0.264195	-0.251452	-0.162385	-0.172948	0	
-0.25361	-0.190309	-0.245645	-0.110434	-0.241113	-0.270252	-0.258115	-0.210474	-0.0615726	-0.252477	-0.0589905	-0.269306	-0.105379	-0.264541	-0.254736	-0.243591	-0.261543	-0.268917	-0.26481	-0.249509	-0.16901	0	
-0.267936	-0.21944	-0.257939	-0.163249	-0.253469	-0.281006	-0.263992	-0.221996	-0.128748	-0.242963	-0.117776	-0.279067	-0.0857518	-0.268566	-0.269207	-0.232516	-0.270946	-0.278783	-0.27376	-0.270549	-0.186453	
-0.270269	-0.224652	-0.257939	-0.177572	-0.255984	-0.281257	-0.267216	-0.209291	-0.171275	-0.253393	-0.0406161	-0.281393	-0.059446	-0.274065	-0.264884	-0.25197	-0.27598	-0.280242	-0.273328	-0.270604	-0.186557	0	
-0.263393	-0.226547	-0.257939	-0.149792	-0.252505	-0.280608	-0.269652	-0.225557	-0.157977	-0.258697	-0.0556749	-0.279586	-0.120997	-0.273016	-0.265671	-0.235008	-0.270319	-0.279012	-0.272623	-0.268599	-0.200757	-0.173438	
-0.265272	-0.208028	-0.25463	-0.14691	-0.252057	-0.277647	-0.265959	-0.223098	-0.13933	-0.257049	-0.0858533	-0.277105	-0.11253	-0.27441	-0.257677	-0.202794	-0.270613	-0.271684	-0.266022	-0.26702	-0.204102	
-0.260303	-0.16642	-0.254534	-0.121549	-0.250873	-0.278871	-0.26364	-0.215169	-0.169979	-0.253422	-0.0611587	-0.278017	-0.136292	-0.268809	-0.257545	-0.208412	-0.266474	-0.274854	-0.269096	-0.272393	-0.185808	
-0.260312	-0.216572	-0.253681	-0.140078	-0.251482	-0.278591	-0.266219	-0.217808	-0.131196	-0.266168	-0.0954034	-0.277872	-0.0366805	-0.270329	-0.260651	-0.247349	-0.268464	-0.277438	-0.268389	-0.276448	-0.185808	
-0.234852	-0.197073	-0.235365	-0.145939	-0.247605	-0.260045	-0.246157	-0.202265	-0.133743	-0.263339	-0.0885453	-0.273388	-0.0700741	-0.271526	-0.263094	-0.197501	-0.265096	-0.276936	-0.270965	-0.255198	-0.189078	-0.144726	0.0183156	0.000818946	
-0.239571	-0.199378	-0.235148	-0.139486	-0.251868	-0.260014	-0.248646	-0.198237	-0.165616	-0.262812	-0.102367	-0.278698	-0.0951672	-0.27022	-0.257606	-0.218023	-0.271408	-0.27532	-0.269431	-0.256369	-0.174825	0.0183156	-0.0215448	
-0.242191	-0.186201	-0.235148	-0.126107	-0.249318	-0.259865	-0.246598	-0.202523	-0.131256	-0.255394	-0.0784164	-0.278616	-0.035803	-0.272493	-0.261748	-0.22965	-0.268674	-0.275025	-0.270817	-0.253852	-0.171242	0.0193862	
-0.250669	-0.223988	-0.249096	-0.14907	-0.251053	-0.27279	-0.261371	-0.212937	-0.162303	-0.257404	-0.122069	-0.278665	-0.0682817	-0.270835	-0.259614	-0.239379	-0.269406	-0.275415	-0.267335	-0.258391	-0.181008	0.00607456	
-0.242095	-0.230424	-0.250177	-0.139422	-0.263278	-0.272295	-0.261509	-0.214797	-0.0829042	-0.28113	-0.056565	-0.289547	-0.0483167	-0.283106	-0.269621	-0.0103122	-0.272456	-0.289777	-0.282494	-0.266084	-0.182564	0.0168151	
-0.258667	-0.234394	-0.25613	-0.124739	-0.253468	-0.278378	-0.264026	-0.22229	-0.0927009	-0.26822	-0.119448	-0.274321	-0.0761434	-0.270143	-0.255263	-0.000640549	-0.264657	-0.277469	-0.271411	-0.275707	-0.17354	-0.000346807	
-0.226854	-0.191987	-0.228654	-0.145066	-0.250318	-0.251716	-0.239973	-0.199778	-0.156488	-0.266333	-0.0487953	-0.269963	-0.103777	-0.271588	-0.252955	-0.00812692	-0.270117	-0.275066	-0.269654	-0.248666	-0.161629	0.0266608	
-0.23043	-0.20483	-0.23028	-0.180757	-0.260037	-0.251571	-0.238466	-0.195767	-0.0891462	-0.277603	-0.0651468	-0.284743	-0.104053	-0.280973	-0.263632	-0.0117872	-0.276424	-0.285062	-0.27883	-0.24957	-0.181572	0.0348279	0	
-0.237722	-0.200552	-0.235562	-0.173026	-0.251393	-0.257179	-0.244626	-0.201927	-0.127344	-0.269825	-0.10458	-0.26888	-0.110733	-0.267287	-0.263513	0.00787448	-0.26609	-0.277824	-0.268345	-0.250438	-0.177503	0.0204302	-0.189384	
-0.238725	-0.201652	-0.235335	-0.173353	-0.265156	-0.257441	-0.248314	-0.198416	-0.138203	-0.268751	-0.0606112	-0.277158	-0.128574	-0.285746	-0.27501	-0.233665	-0.277145	-0.293291	-0.286722	-0.255933	-0.180778	0.0363557	0	
-0.261195	-0.218266	-0.259951	-0.150982	-0.254456	-0.281865	-0.269313	-0.22809	-0.125592	-0.268761	-0.0844278	-0.270618	-0.0610055	-0.275283	-0.258652	-0.241272	-0.274619	-0.28209	-0.270892	-0.276714	-0.196857	0.00114771	
-0.252208	-0.231426	-0.260394	-0.178838	-0.260636	-0.281523	-0.272432	-0.223313	-0.136741	-0.261702	-0.0777916	-0.27712	-0.0672035	-0.277852	-0.263519	-0.207596	-0.2718	-0.28241	-0.269152	-0.280376	-0.176556	0.00291712	0	0	0	0	
-0.258976	-0.218845	-0.260394	-0.177714	-0.262117	-0.280999	-0.26991	-0.226692	-0.136359	-0.269706	-0.0286479	-0.280914	-0.0959854	-0.278265	-0.260974	-0.246572	-0.278567	-0.287022	-0.279592	-0.278686	-0.190425	0.00575178	-0.174928	
-0.248738	-0.21382	-0.248588	-0.174503	-0.262117	-0.268787	-0.256896	-0.203387	-0.146597	-0.270101	-0.0505192	-0.279675	-0.0680595	-0.28039	-0.251789	-0.0373625	-0.277888	-0.28545	-0.278382	-0.268311	-0.198623	0.0187282	-0.0199954	-0.0709949	
-0.256571	-0.228628	-0.2573	-0.147928	-0.263317	-0.280104	-0.268266	-0.227458	-0.00732299	-0.279293	-0.0403198	-0.2819	-0.0923799	-0.278614	-0.26884	-0.244931	-0.268712	-0.286318	-0.277254	-0.280299	-0.187949	0.00783383	-0.151376	
-0.258826	-0.220668	-0.251654	-0.149043	-0.261744	-0.27446	-0.259634	-0.210729	-0.137392	-0.272943	-0.0548022	-0.285432	-0.0620495	-0.281917	-0.265892	-0.243588	-0.276647	-0.284456	-0.276228	-0.272948	-0.196953	0.0126758	
-0.268324	-0.230844	-0.263011	-0.155308	-0.260444	-0.284662	-0.273817	-0.221234	-0.130948	-0.27634	-0.0537563	-0.2868	-0.0736787	-0.276384	-0.265954	-0.00675025	-0.270173	-0.284756	-0.279141	-0.281398	-0.180693	0.00254044	0.035186	
-0.270452	-0.219167	-0.259345	-0.148066	-0.261774	-0.284188	-0.269348	-0.221234	-0.10741	-0.279386	-0.0796057	-0.282873	-0.0664003	-0.281588	-0.262264	-0.242634	-0.281649	-0.285191	-0.28056	-0.283261	-0.210753	0.00387052	0	
-0.260747	-0.220149	-0.259858	-0.17439	-0.266079	-0.28338	-0.269874	0.0118706	-0.0239537	-0.281225	-0.0644909	-0.283783	-0.0614734	-0.285508	-0.27239	-0.228886	-0.280371	-0.288161	-0.282114	-0.282442	-0.182983	0.00725007	-0.250268	0	
-0.255008	-0.216787	-0.260153	-0.121941	-0.25757	-0.283732	-0.270921	0.0145678	-0.0412318	-0.277043	-0.0769366	-0.279313	-0.0973886	-0.278381	-0.261132	-0.236161	-0.274142	-0.267196	-0.272855	-0.284021	-0.18676	-0.000607564	-0.262271	
-0.257397	-0.208465	-0.265571	-0.140469	-0.256571	-0.286488	-0.27297	0.00941248	-0.0823844	-0.267518	-0.0994377	-0.275376	-0.0707639	-0.269011	-0.261704	-0.238432	-0.271503	-0.274295	-0.275451	-0.285809	-0.192382	-0.00206711	0	0	0	
-0.226863	-0.205211	-0.261404	-0.156871	-0.248217	-0.283387	-0.272323	0.0132753	-0.0912605	-0.273676	-0.0786244	-0.270057	-0.0743205	-0.267746	-0.253119	-0.234039	-0.264488	-0.268329	-0.268209	-0.282673	-0.180599	-0.00739481	-0.145071	
-0.259906	-0.234471	-0.258626	-0.166951	-0.253877	-0.283671	-0.272191	0.00391009	-0.114959	-0.259155	-0.114484	-0.270464	-0.0426354	-0.268062	-0.259238	-0.221052	-0.274471	-0.275447	-0.272536	-0.283002	-0.18543	-0.0025638	
-0.262077	-0.249268	-0.264422	-0.15653	-0.253877	-0.289408	-0.280395	0.0246258	-0.125952	-0.274961	-0.0838896	-0.251822	-0.0838211	-0.268921	-0.258266	-0.252753	-0.274356	-0.271674	-0.270108	-0.288906	-0.184074	-0.00835963	0	
-0.267653	-0.243638	-0.267171	-0.162137	-0.254341	-0.290061	-0.27948	0.023145	-0.0669412	-0.26912	-0.0647963	-0.258066	-0.0627423	-0.261974	-0.261552	-0.25325	-0.270688	-0.270617	-0.274249	-0.286038	-0.186177	-0.00835963	0	0.00609708	-0.119425	-0.108143	
-0.238583	-0.222426	-0.250028	-0.16451	-0.254437	-0.270058	-0.261166	-0.2139	-0.029624	-0.270173	-0.103564	-0.25907	-0.106068	-0.269386	-0.257175	0.0131557	-0.270588	-0.273095	-0.268097	-0.267831	-0.173037	0.0104554	-0.0483139	
-0.250578	-0.225572	-0.25063	-0.18386	-0.259793	-0.27234	-0.263751	0.013244	-0.0785879	-0.280741	-0.118133	-0.26619	-0.0790245	-0.275948	-0.267396	-0.224114	-0.280475	-0.279096	-0.283638	-0.272299	-0.193521	0.015031	-0.0523488	
-0.233023	-0.235816	-0.25063	-0.184016	-0.256888	-0.272537	-0.262714	0.0286168	-0.145913	-0.277817	-0.0563391	-0.267282	-0.0967093	-0.271056	-0.261085	-0.239487	-0.270338	-0.276362	-0.276983	-0.27101	-0.191224	0.012734	-0.0148405	
-0.264321	-0.211084	-0.25718	-0.157196	-0.260141	-0.278039	-0.269264	0.0326869	-0.169747	-0.275913	-0.103092	-0.277566	-0.0523697	-0.271299	-0.267854	-0.246222	-0.278725	-0.276229	-0.280016	-0.276711	-0.187118	0.00618409	-0.0233556	-0.0346839	0	
-0.267755	-0.226819	-0.257547	-0.18422	-0.259203	-0.280622	-0.269624	-0.215017	-0.146474	-0.270136	-0.0685481	-0.266834	-0.00750719	-0.272006	-0.243468	-0.222194	-0.27433	-0.281791	-0.270357	-0.278172	-0.192851	0.00515677	-0.0243829	
-0.258436	-0.252037	-0.25793	-0.136568	-0.259203	-0.280749	-0.270908	-0.219604	0.018794	-0.275568	-0.0847738	-0.278786	-0.111535	-0.27623	-0.248548	-0.237506	-0.267299	-0.283967	-0.273026	-0.277504	-0.192851	0.00515677	0.0104426	0.000547399	
-0.251781	-0.208073	-0.242724	-0.160364	-0.257927	-0.264763	-0.253453	-0.207455	-0.111051	-0.27482	-0.0877938	-0.279548	-0.0847632	-0.276199	-0.243992	-0.207963	-0.267711	-0.282489	-0.27451	-0.261353	-0.189329	0.0205996	-0.0181604	
-0.251799	-0.220587	-0.258126	-0.171956	-0.256197	-0.278683	-0.269846	0.00426226	-0.147281	-0.268749	-0.0902283	-0.275762	-0.0649276	-0.274165	-0.251346	-0.231204	-0.265142	-0.280791	-0.272779	-0.276745	-0.190557	0.00399201	-0.0104222	-0.135209	-0.110556	0	
-0.265152	-0.186405	-0.257627	-0.168321	-0.260403	-0.276912	-0.268726	-0.0134123	-0.140767	-0.279695	-0.0968723	-0.27662	-0.026894	-0.278645	-0.2491	-0.210042	-0.269126	-0.276575	-0.283197	-0.278971	-0.205541	0.0083216	-0.0400863	-0.0894116	0	
-0.272984	-0.276769	-0.268233	-0.178524	-0.254905	-0.290788	-0.279459	-0.0097397	-0.14802	-0.252357	-0.0770097	-0.266725	-0.117101	-0.269177	-0.236884	-0.220788	0	-0.277052	-0.26812	-0.290726	-0.193632	-0.0118841	0.030923	
-0.269429	-0.235596	-0.269859	-0.178363	-0.254905	-0.292216	-0.282151	-0.23761	-0.123123	-0.263249	-0.127088	-0.245514	-0.119886	-0.269635	-0.248906	-0.242464	-0.0208002	-0.278187	-0.268832	-0.292051	-0.190267	-0.0135421	-0.0156427	
-0.278691	-0.186595	-0.269012	-0.189997	-0.253546	-0.291831	-0.282793	-0.242949	-0.0647722	-0.266347	-0.0939799	-0.269145	-0.11903	-0.266861	-0.25081	-0.232824	-0.0205813	-0.274919	-0.272492	-0.288904	-0.185652	-0.0135421	-0.0196648	
-0.265277	-0.233411	-0.266069	-0.167402	-0.250032	-0.289279	-0.280278	-0.2371	-0.0723157	-0.258143	-0.114839	-0.253665	-0.0352314	-0.267785	-0.25268	-0.250462	-0.0176384	-0.26918	-0.267569	-0.281186	-0.178429	-0.014113	0.0163545	0.0131178	
-0.274222	-0.222276	-0.269324	-0.188226	-0.248297	-0.289688	-0.282063	-0.241614	-0.135722	-0.258878	-0.106168	-0.27029	-0.103437	-0.264757	-0.248499	-0.271813	-0.00809794	-0.262214	-0.26588	-0.288515	-0.193256	-0.014113	-0.025092	
-0.269119	-0.221031	-0.267649	-0.182014	-0.248331	-0.288631	-0.282675	-0.236278	-0.117517	-0.255644	-0.0902863	-0.268931	-0.101995	-0.263752	-0.250118	-0.260227	-0.0154797	-0.259781	-0.268123	-0.287557	-0.181465	-0.0149587	-0.0202933	-0.0870931	
-0.293355	-0.232229	-0.286861	-0.186577	-0.239634	-0.306786	-0.298718	-0.255546	-0.116195	-0.248332	-0.0970095	-0.255542	-0.12147	-0.251282	-0.235148	-0.268211	-0.0334394	-0.263062	-0.25768	-0.301594	-0.155647	-0.0416152	-0.00917961	
-0.263432	-0.274899	-0.268188	-0.189974	-0.262354	-0.289841	-0.279102	-0.247591	-0.0793367	-0.258767	-0.120691	-0.277127	-0.0729512	-0.270559	-0.261351	-0.255036	-0.0358597	-0.287675	-0.270609	-0.288591	-0.182082	-0.00169373	0.0312751	
-0.259799	-0.197477	-0.268188	-0.165337	-0.244297	-0.29075	-0.278231	-0.240623	-0.149129	-0.255253	-0.0316164	-0.250639	-0.0790915	-0.26031	-0.249219	-0.257558	-0.0246739	-0.267491	-0.26179	-0.288856	-0.183071	-0.0197504	-0.0126046	0.0116953	0	
-0.215848	-0.230365	-0.250007	-0.154598	-0.247315	-0.270702	-0.261746	0.0199305	-0.0884231	-0.24395	0.0137764	-0.262975	-0.0365279	-0.260705	-0.250519	-0.239107	0.00923169	-0.269225	-0.267588	-0.269695	-0.166965	0.00227424	0.00758204	0.00393755	-0.0305896	-0.0321008	
-0.25591	-0.249439	-0.247659	-0.133709	-0.255952	-0.271738	-0.259977	0.0173328	-0.0289757	-0.269137	-0.142974	-0.271815	-0.0754709	-0.267055	-0.267724	-0.237821	-0.00733411	-0.278612	-0.275033	-0.269359	-0.122018	0.00917127	0.0252628	
-0.265226	-0.217144	-0.262249	-0.150784	-0.255952	-0.286505	-0.275465	-0.235427	-0.0742421	-0.263382	-0.140956	-0.273136	-0.0685166	-0.268359	-0.269963	-0.249268	-0.0368873	-0.268834	-0.275596	-0.28673	-0.174012	-0.00576793	-0.00877962	
-0.244381	-0.245886	-0.244601	-0.141722	-0.251855	-0.271319	-0.261163	-0.213586	-0.0148942	-0.249651	-0.0934163	-0.273706	-0.0206731	-0.26342	-0.265271	-0.231251	-0.00379188	-0.272366	-0.272328	-0.272202	-0.170778	0.00853346	0.0442911	
-0.250623	-0.272958	-0.245928	-0.138749	-0.262973	-0.271619	-0.262662	-0.213586	-0.162993	-0.27062	-0.107003	-0.278332	-0.0774369	-0.274429	-0.282115	-0.241946	-0.00952649	-0.289856	-0.282963	-0.271207	-0.178084	0.0190374	0.0494072	
-0.269727	-0.182656	-0.264838	-0.182412	-0.26469	-0.28769	-0.278365	-0.241367	-0.152292	-0.264688	-0.0866136	-0.28368	-0.0204694	-0.276095	-0.279384	-0.258716	-0.0108105	-0.287863	-0.286002	-0.287572	-0.178084	0.00329308	-0.0239913	
-0.242992	-0.239054	-0.247541	-0.163921	-0.263224	-0.269553	-0.259409	-0.222698	-0.135312	-0.262437	-0.0890975	-0.2806	-0.00238692	-0.274923	-0.281921	-0.235216	0.00610902	-0.288066	-0.27696	-0.268566	-0.175009	0.0183269	0.0225381	
-0.262218	-0.218319	-0.266569	-0.174169	-0.26224	-0.290508	-0.278766	-0.238306	-0.133981	-0.264874	-0.0663489	-0.280524	-0.0860301	-0.270929	-0.270947	-0.266913	-0.0096621	-0.287394	-0.278694	-0.289164	-0.189759	-0.000700483	-0.0085015	-0.15908	
-0.239549	-0.188218	-0.270093	-0.172992	-0.267782	-0.290053	-0.276311	-0.244483	-0.0707477	-0.272095	-0.0600582	-0.284091	-0.0229325	-0.285383	-0.281772	-0.254642	-0.0271083	-0.292508	-0.288853	-0.290699	-0.172087	0.0052801	-0.0292759	-0.000106332	0.00536651	
-0.261585	-0.26352	-0.262455	-0.168998	-0.265243	-0.284848	-0.273507	-0.230254	-0.106885	-0.261571	-0.0850003	-0.281056	-0.0372821	-0.283776	-0.276838	-0.258651	-0.023662	-0.293977	-0.282695	-0.285083	-0.18816	0.00902221	0.035245	-0.0323584	-0.0390981	
-0.265479	-0.175034	-0.270195	-0.182597	-0.265714	-0.291257	-0.278459	-0.235967	-0.0998268	-0.271838	-0.0629804	-0.279827	0.0606059	-0.287136	-0.277232	-0.252591	-0.035776	-0.291751	-0.280159	-0.291351	-0.181401	0.00338137	-0.00785797	0.0248266	0	
-0.267507	-0.194702	-0.269363	-0.139609	-0.261473	-0.291977	-0.275419	-0.236799	-0.146763	-0.280431	-0.113388	-0.280345	-0.0591826	-0.27943	-0.251352	-0.219772	-0.0535361	-0.283564	-0.282575	-0.292059	-0.191056	-0.000859518	-0.0161201	-0.0120876	-0.0122336	
-0.25806	-0.214315	-0.270788	-0.198994	-0.262509	-0.292851	-0.281957	-0.241944	-0.151068	-0.249034	-0.0721431	-0.274301	-0.0500989	-0.275399	-0.2773	-0.230907	-0.051505	-0.272013	-0.281424	-0.292222	-0.196657	-0.0022123	-0.0317608	0.00124893	
-0.249133	-0.183025	-0.259961	-0.168893	-0.258197	-0.283327	-0.273853	-0.231662	-0.105892	-0.271946	-0.102727	-0.274756	-0.0544708	-0.269629	-0.26733	-0.244306	-0.0388783	-0.283234	-0.278147	-0.283974	-0.182157	0.00351145	-0.0336442	-0.0210506	-0.0537934	
-0.270864	-0.199935	-0.260171	-0.136792	-0.25761	-0.283235	-0.27123	-0.228749	-0.176036	-0.261718	-0.148091	-0.275337	-0.117252	-0.274525	-0.266553	-0.0152122	-0.0242138	-0.283061	-0.278126	-0.280193	-0.186017	0.00351145	-0.0122629	-0.00392289	
-0.260533	-0.187485	-0.262267	-0.168936	-0.25761	-0.283449	-0.274473	0.0195032	-0.121304	-0.265486	-0.0833948	-0.276595	-0.100439	-0.27894	-0.264184	-0.25462	-0.0320802	-0.278429	-0.277217	-0.28166	-0.191673	0.00351145	-0.0559871	0.0144699	
-0.259647	-0.193836	-0.254378	-0.171189	-0.257967	-0.280687	-0.269886	-0.221268	-0.156264	-0.267289	-0.0518155	-0.275024	-0.0598212	-0.276301	-0.250193	-0.254609	-0.0290855	-0.282374	-0.27717	-0.280323	-0.170626	0.00650617	-0.0259102	0.0446504	-0.0100635	
-0.266778	-0.188983	-0.264394	-0.161	-0.259147	-0.286664	-0.274826	0.0023266	-0.113105	-0.268418	-0.00941838	-0.278423	-0.0900637	-0.276419	-0.264215	-0.23198	-0.0372213	-0.281966	-0.27569	-0.286004	-0.197525	0.00022202	-0.0470271	0.0201368	
-0.258439	-0.189956	-0.264394	-0.15901	-0.259147	-0.286522	-0.276717	-0.229653	-0.162628	-0.262793	-0.0548006	-0.275909	-0.152267	-0.278479	-0.263524	-0.241438	-0.0372213	-0.282247	-0.276183	-0.287471	-0.205993	0.00022202	-0.0445615	0.00519437	0	
-0.264922	-0.227146	-0.263231	-0.174778	-0.259873	-0.287201	-0.277267	-0.23439	-0.131545	-0.255727	-0.048055	-0.275404	-0.137096	-0.274498	-0.272871	-0.248868	-0.0372213	-0.277392	-0.271478	-0.283468	-0.203521	0.00022202	-0.0210745	0.00519437	-0.0678353	0.0110953	
-0.258106	-0.269321	-0.264344	-0.17819	-0.256365	-0.286381	-0.274431	-0.237305	-0.150026	-0.27003	-0.0716346	-0.277471	-0.0992878	-0.270202	-0.267271	-0.238578	-0.0372213	-0.282231	-0.277321	-0.274238	-0.176419	0.00022202	0.0206008	0.0191165	0.0171198	
-0.272206	-0.17721	-0.271153	-0.173139	-0.25816	-0.294984	-0.281953	-0.233844	-0.160509	-0.273965	-0.111549	-0.28198	-0.136835	-0.276696	-0.269662	-0.26437	-0.0453288	-0.282543	-0.277152	-0.289168	-0.194201	-0.0078855	-0.0440198	0.0191165	-0.0116636	
-0.268565	-0.253524	-0.272361	-0.187383	-0.260293	-0.29523	-0.282629	-0.247525	-0.0940462	-0.274973	-0.101798	-0.279087	-0.0348896	-0.277872	-0.270543	-0.245878	-0.0453288	-0.282794	-0.277259	-0.293073	-0.19638	-0.0078855	0.00952215	-0.0404987	-0.00593515	-0.245491	
-0.271637	-0.168978	-0.272361	-0.159083	-0.262283	-0.295367	-0.282547	-0.246585	-0.0582289	-0.254794	-0.093901	-0.279328	-0.0594533	-0.276054	-0.269324	-0.264728	-0.0527175	-0.281193	-0.273018	-0.286705	-0.195685	-0.0078855	-0.0731121	-0.0272937	0.000897777	
-0.263135	-0.244495	-0.271746	-0.161008	-0.266862	-0.294503	-0.283177	-0.240606	-0.084282	-0.277611	-0.0287414	-0.271988	-0.0921024	-0.281867	-0.276983	-0.246933	-0.0397419	-0.280849	-0.281032	-0.277937	-0.195516	-0.00360322	-0.023878	0.011937	0.00649384	
-0.28878	-0.175749	-0.279367	-0.164359	-0.265001	-0.304702	-0.288109	-0.24439	-0.108019	-0.270489	-0.0823916	-0.281179	-0.130459	-0.27916	-0.272043	-0.262567	-0.0491899	-0.282943	-0.283005	-0.280035	-0.195516	-0.0130512	-0.0685221	0.0369852	-0.00216004	0.00252948	
-0.255264	-0.185153	-0.250812	-0.160241	-0.265536	-0.27391	-0.263212	-0.214938	-0.129912	-0.266629	-0.0983032	-0.281049	-0.0954132	-0.278828	-0.275244	-0.242914	-0.0161338	-0.287002	-0.279217	-0.258524	-0.200773	0.0164008	-0.0424297	-0.0176804	0.103456	-0.0364253	
-0.256511	-0.197902	-0.256745	-0.160087	-0.263426	-0.282351	-0.269571	-0.220965	-0.104888	-0.272107	-0.0908572	-0.284691	-0.087979	-0.280773	-0.275232	-0.244228	-0.0238743	-0.282413	-0.278479	-0.261802	-0.183574	0.00866029	-0.0460995	-0.0155731	0.0357721	
-0.263648	-0.244004	-0.25516	-0.169475	-0.260616	-0.281355	-0.268116	-0.230325	-0.0943504	-0.275799	-0.103878	-0.275113	-0.0601285	-0.273031	-0.263196	-0.24417	-0.0118795	-0.284471	-0.268804	-0.26379	-0.171908	0.00433437	-0.00380986	-0.012619	0.0585308	0	
-0.259995	-0.204538	-0.259652	-0.172123	-0.265465	-0.281117	-0.267118	-0.228361	-0.15791	-0.27457	-0.0628623	-0.279	-0.0683069	-0.284709	-0.270936	-0.258043	-0.0118795	-0.291193	-0.28068	-0.265791	-0.171697	0.0108609	-0.0175061	-0.0245503	0.0772283	-0.230494	
-0.266932	-0.208543	-0.258226	-0.123954	-0.264881	-0.280267	-0.266935	-0.226958	-0.135018	-0.276813	-0.0882494	-0.278596	-0.0275234	-0.282366	-0.278565	-0.239741	-0.0294965	-0.290953	-0.282554	-0.26453	-0.190162	0.0102767	-0.0175061	-0.0239662	0.0543814	0	
-0.257462	-0.237966	-0.258226	-0.164518	-0.26554	-0.28114	-0.266389	-0.22473	-0.164895	-0.271162	-0.104905	-0.281356	-0.0362174	-0.285146	-0.272179	-0.243232	-0.0136307	-0.290554	-0.276908	-0.267614	-0.190162	0.0102767	-0.00787904	-0.0402674	0.0153003	
-0.223592	-0.222317	-0.252762	-0.126942	-0.253856	-0.279111	-0.263909	-0.215677	-0.0860325	-0.261866	-0.103191	-0.256559	-0.0774413	-0.274435	-0.26185	-0.251543	-0.0106876	-0.277272	-0.27102	-0.268184	-0.177673	0.00100527	-0.0288103	0.0115863	-0.0411184	
-0.253198	-0.242407	-0.254301	-0.0879973	-0.270318	-0.279037	-0.267413	-0.226556	-0.133132	-0.272772	-0.12862	-0.284674	-0.0771034	-0.283923	-0.284488	-0.243379	-0.0262928	-0.295148	-0.287778	-0.260538	-0.182357	0.0178649	-0.00346455	-0.0429115	-0.00507434	
-0.255613	-0.230222	-0.254301	-0.093034	-0.268427	-0.278954	-0.266376	-0.225401	-0.151768	-0.277436	-0.130017	-0.27395	-0.0955826	-0.289152	-0.282755	-0.250545	-0.0294789	-0.295399	-0.281693	-0.269426	-0.199894	0.0159734	-0.00965387	-0.0480288	-0.0177453	
-0.264971	-0.229194	-0.258598	-0.125112	-0.266844	-0.282243	-0.26925	-0.222932	-0.183462	-0.276433	-0.108385	-0.270514	-0.0314226	-0.284299	-0.277692	-0.253568	-0.0424954	-0.294248	-0.283418	-0.272763	-0.199153	0.0119663	-0.0168273	-0.0781127	0.110011	-0.0147796	0	0	
-0.233485	-0.227424	-0.243025	-0.150292	-0.266844	-0.270013	-0.258293	-0.216366	-0.169003	-0.269432	-0.0529117	-0.259871	-0.0784238	-0.278299	-0.280616	-0.246591	-0.0118075	-0.293971	-0.28196	-0.247102	-0.188189	0.0243207	0.011484	-0.0445379	0.109329	
-0.224851	-0.244852	-0.22956	-0.143901	-0.266844	-0.256371	-0.243081	-0.204494	-0.154169	-0.257749	-0.0823306	-0.239247	-0.0366382	-0.279052	-0.280789	-0.227362	0.00165845	-0.291094	-0.281323	-0.236868	-0.188189	0.0377866	0.0800515	-0.0315878	0.0390811	-0.0491006	
-0.236528	-0.230211	-0.232597	-0.139644	-0.267756	-0.256596	-0.23622	-0.190611	-0.165561	-0.27795	-0.148989	-0.274034	-0.024456	-0.280472	-0.275223	-0.23187	-0.00902836	-0.29343	-0.283688	-0.241261	-0.173228	0.0377866	0.028843	-0.037291	0.0544282	-0.0025138	
-0.218072	-0.214351	-0.231527	-0.152502	-0.268175	-0.256005	-0.244382	-0.203101	-0.154608	-0.27912	-0.112968	-0.286568	-0.0710122	-0.286686	-0.267633	-0.218123	-0.00902836	-0.292539	-0.283366	-0.240753	-0.182565	0.0377866	0.0203769	-0.0676717	0.0902531	
-0.227164	-0.209063	-0.240048	-0.137277	-0.256363	-0.265346	-0.25218	-0.206348	-0.160503	-0.268094	-0.101912	-0.246123	-0.0917509	-0.274927	-0.267454	-0.221266	-0.0175498	-0.281837	-0.270169	-0.253023	-0.164105	0.0169964	-0.00598078	-0.0100579	0.0306002	
-0.235098	-0.261975	-0.238803	-0.153138	-0.254483	-0.262057	-0.248346	-0.202559	-0.0477293	-0.265704	-0.157774	-0.24702	-0.0589806	-0.269012	-0.265523	-0.230749	-0.0197893	-0.278519	-0.271069	-0.254865	-0.175077	0.019076	0.0503611	-0.0345263	0.109311	
-0.238831	-0.229147	-0.235823	-0.138329	-0.259333	-0.257013	-0.239662	-0.205191	-0.101432	-0.27189	-0.133128	-0.275442	-0.0369868	-0.27388	-0.260348	-0.228782	-0.0116143	-0.283583	-0.273652	-0.248984	-0.158098	0.0272321	0.0303305	-0.0406773	0.0913149	
-0.231769	-0.187658	-0.23259	-0.132176	-0.256543	-0.256879	-0.242114	-0.201356	-0.0997584	-0.276795	-0.110305	-0.27671	-0.0924736	-0.272559	-0.270805	-0.227811	-0.0116143	-0.27942	-0.272594	-0.251579	-0.166397	0.0272321	0.00852891	-0.0434127	0.0456788	
-0.234716	-0.293484	-0.233257	-0.143402	-0.257901	-0.256781	-0.24225	-0.00596941	-0.14692	-0.264488	-0.0489895	-0.266539	-0.0529285	-0.26943	-0.262098	-0.198227	-0.0211366	-0.284586	-0.272229	-0.252096	-0.169845	0.0272321	0.0978056	-0.0271388	0.0460931	0.133525	
-0.22432	-0.210736	-0.233835	-0.157343	-0.257373	-0.257075	-0.236568	-0.202954	-0.162806	-0.274034	-0.10428	-0.273033	-0.0680426	-0.270215	-0.26927	-0.0107764	-0.0211366	-0.282416	-0.272472	-0.246256	-0.176393	0.0272321	0.0111841	-0.0271388	0.0462544	
-0.237852	-0.232842	-0.233835	-0.175084	-0.258885	-0.257011	-0.241316	-0.201046	-0.123467	-0.27782	-0.154755	-0.269386	-0.114073	-0.276721	-0.26652	-0.214952	-0.0211366	-0.283647	-0.27056	-0.253829	-0.163602	0.0272321	0.025149	-0.0029023	0.0960489	-0.01656	
-0.260121	-0.202012	-0.252592	-0.176006	-0.258727	-0.274214	-0.257007	-0.228348	-0.154734	-0.276958	-0.12539	-0.270811	0.142846	-0.271378	-0.255506	-0.249153	-0.0269137	-0.283959	-0.272044	-0.264364	-0.178057	0.00993189	-0.014564	-0.00304638	-0.204092	
-0.23695	-0.232811	-0.240475	-0.153933	-0.258727	-0.263158	-0.248365	-0.206501	-0.153277	-0.277551	-0.129876	-0.271384	0.0682849	-0.274694	-0.267474	-0.237033	-0.00400074	-0.281656	-0.272749	-0.25417	-0.154656	0.0210005	-0.00349538	-0.0187579	0.0474152	
-0.224898	-0.245325	-0.23948	-0.177545	-0.257639	-0.263325	-0.246955	-0.205522	-0.128759	-0.272527	-0.112481	-0.258639	0.109217	-0.272467	-0.265075	-0.0281657	-0.0291756	-0.272392	-0.27528	-0.255543	-0.172139	0.0210005	0.021603	-0.00960925	0	
-0.235273	-0.221065	-0.236978	-0.150923	-0.253893	-0.260045	-0.246338	0.0197572	-0.117332	-0.26632	-0.117399	-0.258932	0.0247281	-0.272258	-0.260642	-0.228077	-0.0155301	-0.279177	-0.270278	-0.256625	-0.1519	0.0202428	-0.011716	0.0125748	
-0.219422	-0.276465	-0.2359	-0.144488	-0.257995	-0.260157	-0.244777	0.00972158	-0.0676088	-0.281241	-0.117671	-0.262211	0.0811359	-0.279928	-0.267976	-0.221376	-0.00235228	-0.279121	-0.279049	-0.25867	-0.167095	0.0259874	0.0433518	0.00683022	-0.0057446	
-0.212716	-0.201438	-0.237149	-0.1705	-0.258583	-0.259125	-0.244777	0.0391721	-0.120425	-0.277107	-0.120427	-0.270212	0.123361	-0.27666	-0.268892	-0.235411	-0.00235228	-0.280697	-0.267381	-0.255712	-0.166375	0.0238708	-0.0210187	0.00894675	-0.135635	
-0.239169	-0.264751	-0.236178	-0.151702	-0.259764	-0.26021	-0.24185	0.0324747	-0.099032	-0.27896	-0.0754099	-0.274641	0.0203894	-0.2816	-0.273983	-0.230514	-0.0131686	-0.285765	-0.270374	-0.257343	-0.179552	0.0286368	0.0360182	-0.0163489	-0.156712	0	
-0.243821	-0.277479	-0.245504	-0.180727	-0.247264	-0.270201	-0.255772	-0.213125	-0.0471322	-0.266833	-0.101643	-0.267588	0.101466	-0.26233	-0.253062	-0.251386	-0.0318163	-0.271071	-0.264152	-0.265421	-0.181759	0.00435153	0.0436303	0.0235836	
-0.24291	-0.260628	-0.260709	-0.185792	-0.247264	-0.284192	-0.263614	-0.230218	-0.0841952	-0.256977	-0.106007	-0.245552	0.0976142	-0.265305	-0.24538	-0.00528422	-0.0320659	-0.270389	-0.265278	-0.280156	-0.168664	-0.0097283	0.000325719	-0.0214315	0.035911	
-0.248779	-0.259536	-0.267622	-0.185447	-0.257165	-0.292261	-0.279989	-0.234553	-0.103593	-0.268858	-0.124164	-0.266003	0.0789871	-0.275562	-0.258178	-0.25656	-0.0384681	-0.277449	-0.273462	-0.268191	-0.178565	-0.00828559	0.0116448	-0.0145035	
-0.219715	-0.28732	-0.250281	-0.177788	-0.257041	-0.274544	-0.25969	-0.215706	-0.150438	-0.268972	-0.14517	-0.264204	0.143831	-0.265643	-0.270577	-0.225154	-0.0329969	-0.274363	-0.264391	-0.269039	-0.176368	0.00905527	0.0668657	-0.0120655	0	0	
-0.240633	-0.235457	-0.251767	-0.182092	-0.256384	-0.274978	-0.259951	-0.212214	-0.0914323	-0.260008	-0.124158	-0.276111	0.122187	-0.270725	-0.263372	-0.240808	0.00872953	-0.282421	-0.27312	-0.266981	-0.172158	0.00905527	-0.0118734	-0.0486885	-0.109756	
-0.239317	-0.250336	-0.243635	-0.181222	-0.255742	-0.269433	-0.253965	-0.206765	-0.141934	-0.270893	-0.124158	-0.270059	0.103827	-0.263764	-0.264273	-0.199203	0.0141779	-0.277813	-0.269945	-0.266337	-0.182173	0.0145037	0.0123547	-0.0243473	0	-0.0126371	
-0.231827	-0.201509	-0.248954	-0.157108	-0.256432	-0.275368	-0.258046	-0.211223	-0.0629981	-0.265951	-0.118324	-0.250043	0.0832712	-0.272007	-0.268711	-0.238871	0.0307786	-0.280845	-0.264241	-0.272046	-0.155107	0.00905022	-0.0446741	-0.0243473	-0.252194	
-0.221757	-0.232624	-0.248954	-0.178441	-0.250283	-0.274697	-0.260613	-0.211965	-0.0531934	-0.247007	0.00569855	-0.255061	0.097534	-0.260266	-0.251527	-0.246901	0.00914671	-0.27104	-0.263728	-0.272521	-0.178213	0.00290146	-0.015963	-0.0218119	0	0.0181476	-0.204221	-0.0203184	
-0.243561	-0.21307	-0.24948	-0.155176	-0.248764	-0.275573	-0.259035	-0.211965	-0.118562	-0.249918	-0.0787524	-0.263264	0.0881418	-0.250931	-0.259212	-0.238174	0.00914671	-0.263597	-0.264674	-0.271119	-0.178863	0.00290146	-0.032181	0.00160483	-0.0557941	-0.102852	-0.152959	
-0.248268	-0.268454	-0.245668	-0.149825	-0.246879	-0.27122	-0.256793	-0.217215	-0.0546488	-0.256833	-0.0890214	-0.261862	0.0353125	-0.25367	-0.256375	-0.24226	0.00177919	-0.269401	-0.263469	-0.267756	-0.191625	0.00671392	0.0309408	-0.0494429	
-0.250927	-0.230899	-0.244798	-0.173156	-0.252237	-0.270103	-0.254111	-0.200998	-0.107465	-0.265527	-0.0835707	-0.267935	0.148468	-0.265721	-0.261827	-0.239104	-0.0164167	-0.279665	-0.261284	-0.263675	-0.189877	0.0103106	-0.0212974	-0.0538806	-0.108921	0.0538806	
-0.239733	-0.204008	-0.249762	-0.168175	-0.252237	-0.275452	-0.261438	-0.193659	-0.116518	-0.265936	-0.0830051	-0.271817	0.0842923	-0.269054	-0.260462	-0.243292	-0.0210994	-0.28014	-0.265713	-0.263687	-0.169658	0.00562784	-0.0259801	-0.0873141	
-0.250491	-0.196504	-0.252047	-0.171952	-0.251609	-0.275912	-0.256833	-0.209064	-0.11665	-0.265182	-0.107791	-0.251975	0.0597903	-0.26739	-0.247484	-0.23522	-0.0220143	-0.279536	-0.267146	-0.268975	-0.176872	0.00471292	-0.045456	-0.105419	
-0.242487	-0.258093	-0.249766	-0.170719	-0.251599	-0.276686	-0.261007	-0.20799	-0.0722337	-0.271081	-0.167286	-0.272094	0.0421627	-0.267523	-0.266392	-0.0244514	-0.00417638	-0.278801	-0.269909	-0.272181	-0.173108	0.00432273	0.00194101	-0.0703017	-0.265354	0.121414	-0.114684	-0.070079	
-0.241239	-0.189542	-0.249766	-0.183092	-0.244202	-0.276276	-0.262014	-0.21028	-0.0821495	-0.232765	-0.0865058	-0.263157	0.0402965	-0.264842	-0.254439	-0.215127	-0.0305008	-0.272013	-0.260947	-0.273437	-0.173578	-0.0042344	-0.0459714	-0.0699889	-0.102282	0.0161147	-0.162591	
-0.243395	-0.288015	-0.250527	-0.164456	-0.255029	-0.276515	-0.258013	-0.206053	-0.0858899	-0.269553	-0.0903926	-0.277885	0.0460408	-0.274817	-0.259461	-0.232877	-0.00951048	-0.27607	-0.271707	-0.271567	-0.172742	0.00659258	0.04365	-0.0996712	-0.187151	
-0.243133	-0.318518	-0.236689	-0.132884	-0.255029	-0.262812	-0.249227	-0.192298	-0.102471	-0.266226	-0.104506	-0.268056	0.0332843	-0.273685	-0.270238	-0.205462	-0.0170278	-0.282089	-0.266165	-0.25752	-0.169947	0.0203483	0.077594	-0.0795934	-0.0293924	
-0.257242	-0.249001	-0.246694	-0.152604	-0.257032	-0.272955	-0.259142	-0.212039	-0.00198281	-0.256648	-0.0916083	-0.272244	0.0237631	-0.2716	-0.26938	-0.239451	-0.0274242	-0.28496	-0.27049	-0.272105	-0.163984	0.0120517	0.0100246	-0.0663594	
-0.244937	-0.28748	-0.241164	-0.149108	-0.257032	-0.268404	-0.251971	-0.195034	-0.0489189	-0.265353	-0.0867019	-0.278015	0.067035	-0.26895	-0.252816	-0.0329571	-0.0416011	-0.282854	-0.275034	-0.266919	-0.173511	0.0169636	0.0442702	-0.0215953	0	
-0.247722	-0.283097	-0.241225	-0.151253	-0.245496	-0.265249	-0.247186	-0.210074	0.084191	-0.253626	-0.0675064	-0.269146	0.051689	-0.269687	-0.258231	-0.200775	-0.0316597	-0.275816	-0.267115	-0.26187	-0.176008	0.0127126	0.0560806	0.0213838	-0.192675	
-0.235519	-0.294433	-0.23154	-0.134601	-0.249051	-0.25684	-0.240884	-0.202104	-0.00687618	-0.26108	-0.0980928	-0.265761	0.0180676	-0.263712	-0.25275	0.00270527	0.00414065	-0.277648	-0.260153	-0.252033	-0.161848	0.0212137	0.0645817	-0.0411163	-0.126411	
-0.246928	-0.254778	-0.250036	-0.153087	-0.243998	-0.27391	-0.259334	-0.220924	-0.0613942	-0.264423	-0.0944674	-0.262986	0.00665204	-0.259432	-0.249487	-0.210067	-0.013591	-0.270524	-0.263328	-0.270977	-0.15409	-0.000143357	0.00276415	-0.0313655	
-0.242742	-0.222898	-0.246473	-0.144673	-0.243762	-0.274011	-0.255248	-0.211781	-0.058079	-0.264001	-0.0936837	-0.265135	0.0283917	-0.258342	-0.253433	-0.214337	-0.0118753	-0.27042	-0.258564	-0.274226	-0.169104	-0.000143357	-0.0154513	-0.0582035	
-0.254458	-0.245848	-0.249176	-0.152385	-0.244029	-0.273675	-0.256319	-0.218869	-0.0147666	-0.263552	-0.137895	-0.267286	0.0452728	-0.258421	-0.258727	0.0181237	-0.0118753	-0.264234	-0.265422	-0.268999	-0.163362	-0.000143357	0.00560035	-0.0268914	0.00807718	-0.0598368	-0.013658	
-0.254911	-0.23615	-0.249136	-0.138003	-0.243978	-0.274527	-0.257131	-0.218869	-0.0799947	-0.260673	-0.130851	-0.265467	0.000256713	-0.260357	-0.244902	-0.0187719	-0.0164753	-0.27099	-0.262956	-0.267951	-0.177083	-0.000143357	-0.00278067	-0.0401746	-0.00104306	-0.091734	-0.135978	0	
-0.23221	-0.297314	-0.240587	-0.157313	-0.260184	-0.265841	-0.249973	-0.214268	-0.126279	-0.279312	-0.13644	-0.277062	0.0467167	-0.272216	-0.257186	-0.212914	-0.00736191	-0.285274	-0.273692	-0.262588	-0.198454	0.0204597	0.0803086	-0.0816716	-0.0119101	0.0085496	0	-0.0474958	
-0.245926	-0.228656	-0.240587	-0.139829	-0.2567	-0.265991	-0.24907	-0.214268	-0.162103	-0.276795	-0.0767855	-0.271983	-0.00430271	-0.272313	-0.268232	-0.214463	-0.00736191	-0.276746	-0.274866	-0.263519	-0.17933	0.0204597	0.00838046	-0.050344	-0.0629373	0.0290647	
-0.239697	-0.308432	-0.239764	-0.165637	-0.253354	-0.265895	-0.250444	-0.213032	-0.0821806	-0.268338	-0.120219	-0.26711	0.0652548	-0.262972	-0.248918	-0.202655	0.00152761	-0.277316	-0.268836	-0.265186	-0.200257	0.0134408	0.0680617	-0.0181582	-0.132579	-0.00152761	
-0.253084	-0.300949	-0.241165	-0.143411	-0.252717	-0.266	-0.248385	-0.200284	-0.144229	-0.269039	-0.133097	-0.262013	0.0733871	-0.268126	-0.248914	-0.216084	-0.0023235	-0.276717	-0.262915	-0.26478	-0.163172	0.0134408	0.0675542	-0.0366359	
-0.243463	-0.287994	-0.241165	-0.134474	-0.261683	-0.265591	-0.248915	-0.211538	-0.0848304	-0.283992	-0.108914	-0.279074	0.0030792	-0.280602	-0.271773	-0.223829	-0.0198344	-0.288295	-0.281786	-0.261533	-0.16783	0.0249084	0.0675542	-0.072267	
-0.290181	-0.274018	-0.274986	-0.174156	-0.244971	-0.302392	-0.280801	-0.246758	-0.038579	-0.266581	-0.0817455	-0.267342	0.0149961	-0.265082	-0.260335	-0.252906	-0.0658121	-0.272934	-0.257772	-0.299626	-0.153535	-0.0280506	0.000289835	-0.072502	-0.179187	-0.145715	0	
-0.26512	-0.272088	-0.250929	-0.13087	-0.272914	-0.276167	-0.2585	-0.214269	-0.116432	-0.292709	-0.135024	-0.296022	0.0186779	-0.294318	-0.283513	-0.244734	-0.0390616	-0.296868	-0.28313	-0.273107	-0.18541	0.0266426	0.0263527	-0.065155	-0.14943	-0.0197488	
-0.271702	-0.275479	-0.263941	-0.144729	-0.251703	-0.28937	-0.269144	-0.227281	0.000925472	-0.272021	-0.162494	-0.273326	-0.00350895	-0.269317	-0.262895	-0.22932	-0.0520731	-0.278355	-0.262783	-0.287729	-0.166851	-0.00937916	0.0133412	0.000252504	-0.0476559	0.0928188	
-0.273974	-0.269879	-0.26208	-0.167746	-0.251703	-0.288535	-0.271216	-0.229358	-0.113122	-0.272695	-0.119761	-0.269594	0.0397476	-0.271273	-0.26642	-0.23182	-0.0598668	-0.279054	-0.267693	-0.286717	-0.191608	-0.00937916	0.0132257	-0.0722574	-0.0781646	-0.138945	0.0144683	-0.0785424	
-0.271126	-0.247561	-0.26208	-0.156248	-0.259214	-0.288607	-0.270189	-0.0010627	-0.0683972	-0.278419	-0.129944	-0.27971	0.0370343	-0.276037	-0.271087	-0.230295	-0.061975	-0.285456	-0.272266	-0.287622	-0.175472	-0.00155385	-0.021424	-0.0676486	0	
-0.252286	-0.288088	-0.253136	-0.153333	-0.266694	-0.280113	-0.26399	-0.214226	-0.120933	-0.284071	-0.156824	-0.285921	0.0101718	-0.285347	-0.280682	-0.237491	-0.048464	-0.292865	-0.281745	-0.27997	-0.190139	0.0130311	0.0329945	-0.0545333	
-0.261431	-0.232762	-0.256742	-0.153333	-0.264609	-0.27973	-0.264574	-0.221373	-0.15178	-0.284974	-0.181214	-0.287872	-0.000459693	-0.281725	-0.277452	-0.0181617	-0.00593922	-0.291668	-0.280891	-0.273118	-0.168229	0.0130311	-0.0194516	-0.0346018	
-0.241816	-0.275809	-0.244366	-0.165796	-0.263444	-0.268183	-0.252531	-0.210125	-0.08166	-0.281385	-0.168531	-0.288264	0.0495795	-0.284808	-0.27665	-0.0101139	0.000549967	-0.290631	-0.283159	-0.25457	-0.170796	0.0254067	0.0374857	-0.0839624	-0.138787	-0.0146658	
-0.226534	-0.226587	-0.242679	-0.153506	-0.262978	-0.268313	-0.254717	-0.203412	-0.0359539	-0.283826	-0.130966	-0.28442	0.017121	-0.282592	-0.281621	0.00116832	0.00200129	-0.291969	-0.279211	-0.256255	-0.170141	0.0254067	-0.00888566	-0.0053502	-0.197762	
-0.241039	-0.194977	-0.243594	-0.137876	-0.264237	-0.267523	-0.251097	-0.208288	-0.0302756	-0.286205	-0.132851	-0.287354	0.0229898	-0.280339	-0.281621	-0.211204	0.033746	-0.293073	-0.273626	-0.251514	-0.19261	0.0254067	-0.0473446	0.00501666	0.027489	
-0.245177	-0.20806	-0.247395	-0.134764	-0.268587	-0.268301	-0.254291	-0.00253538	-0.0585224	-0.271839	-0.139371	-0.280684	-0.0257064	-0.281941	-0.281449	-0.206322	0.033177	-0.296316	-0.280646	-0.241732	-0.202901	0.0276582	-0.0373175	-0.0750818	
-0.262875	-0.244308	-0.260818	-0.151133	-0.268426	-0.283779	-0.270691	-0.23556	-0.0181258	-0.287716	-0.135103	-0.28507	-0.00362571	-0.287387	-0.276365	-0.225613	-0.0231723	-0.29655	-0.283013	-0.264655	-0.161619	0.0123574	-0.0145558	-0.0871943	-0.0725541	
-0.272384	-0.26557	-0.259111	-0.182886	-0.268882	-0.284785	-0.268377	-0.219492	-0.105354	-0.284196	-0.128247	-0.281913	0.0942934	-0.28347	-0.285492	-0.161392	-0.0231723	-0.295172	-0.278792	-0.257528	-0.161679	0.0123574	0.0135676	-0.0350691	
-0.272351	-0.218273	-0.257811	-0.179648	-0.267369	-0.283999	-0.268377	0.000805052	-0.132648	-0.282683	-0.0919893	-0.285622	0.0215397	-0.285924	-0.288047	-0.22674	-0.0231723	-0.294708	-0.270995	-0.243273	-0.217822	0.0123574	-0.0133032	-0.0737297	0	
-0.261913	-0.292436	-0.249818	-0.162531	-0.251077	-0.275624	-0.261305	0.00605251	0.0133158	-0.274352	-0.055528	-0.256143	0.0119993	-0.272163	-0.267072	-0.223994	-0.0151791	-0.277942	-0.258896	-0.255	-0.172486	0.00470065	0.0589014	-0.0662042	0.0349367	0	
-0.288352	-0.248701	-0.279723	-0.175286	-0.264495	-0.304972	-0.287972	0.00896175	-0.096539	-0.281778	-0.0944279	-0.275091	0.0148003	-0.281696	-0.277105	-0.256041	-0.0442329	-0.287773	-0.273161	-0.295137	-0.182829	-0.0140104	-0.0282554	-0.045085	0.0339806	0.00996288	
-0.260202	-0.298328	-0.251965	-0.181141	-0.266634	-0.274661	-0.261917	-0.216808	-0.112463	-0.278494	-0.0687249	-0.269495	0.0360132	-0.28245	-0.27815	-0.212971	-0.00396669	-0.284646	-0.278791	-0.268439	-0.185259	0.0162615	0.0632478	-0.0954089	
-0.255276	-0.207514	-0.243635	-0.156033	-0.264152	-0.26825	-0.248838	-0.21105	-0.151844	-0.28496	-0.0858528	-0.28212	0.0370562	-0.28315	-0.277659	-0.234019	0.00314802	-0.283138	-0.275638	-0.252156	-0.171393	0.0229402	-0.0222868	-0.0949729	
-0.272785	-0.242959	-0.26334	-0.154605	-0.260324	-0.286228	-0.271124	-0.219904	-0.081866	-0.280548	-0.1046	-0.269239	0.0568251	-0.279843	-0.272952	-0.235855	-0.0273634	-0.274743	-0.270971	-0.269716	-0.163016	0.00228789	-0.00663944	-0.0940589	
-0.258124	-0.190766	-0.25819	-0.166619	-0.263837	-0.286447	-0.27164	-0.223402	-0.117989	-0.278896	-0.118433	-0.273216	0.0314268	-0.28279	-0.280186	-0.181941	-0.032521	-0.284745	-0.272704	-0.279405	-0.143893	0.00228789	-0.0545348	-0.0896026	-0.0759444	
-0.277284	-0.23897	-0.259202	-0.173728	-0.2597	-0.286396	-0.271047	-0.22345	-0.126588	-0.281254	-0.112974	-0.271934	0.030695	-0.280064	-0.277427	-0.00406939	-0.0428008	-0.287039	-0.278059	-0.280407	-0.162569	0.00228789	-0.0110842	-0.00843355	-0.00440824	-0.0368804	
-0.271747	-0.194044	-0.258733	-0.159904	-0.261372	-0.284241	-0.270297	-0.229541	-0.106746	-0.279942	-0.151627	-0.26986	0.0165281	-0.272837	-0.273207	-0.00165163	-0.0408408	-0.286113	-0.275569	-0.27229	-0.167662	0.00421991	-0.0433312	-0.0135709	0	
-0.263398	-0.169177	-0.252755	-0.16686	-0.258955	-0.277737	-0.264742	-0.214258	-0.115532	-0.282329	-0.0861604	-0.267181	0.0615592	-0.277258	-0.273905	-0.0109573	0.00772634	-0.285619	-0.273078	-0.266879	-0.179123	0.010197	-0.068976	-0.016212	-0.0288876	-0.0438674	
-0.260186	-0.20942	-0.252673	-0.184756	-0.26155	-0.278774	-0.264461	-0.222607	-0.102621	-0.272447	-0.0898783	-0.28	0.0705218	-0.276405	-0.268189	-0.239177	0.00772634	-0.283097	-0.271123	-0.273561	-0.167746	0.00772592	-0.039155	-0.0293538	0	0	0	
-0.257876	-0.213491	-0.252745	-0.185271	-0.261068	-0.278127	-0.258265	-0.219039	-0.160329	-0.277305	-0.125468	-0.260201	0.0942397	-0.277198	-0.265663	-0.246531	-0.00387463	-0.284209	-0.278334	-0.277167	-0.156955	0.00891711	-0.0157725	-0.0608896	
-0.256862	-0.183108	-0.257242	-0.146617	-0.259377	-0.2827	-0.266224	-0.215457	-0.0753123	-0.270062	-0.125468	-0.264706	0.100205	-0.274927	-0.2699	-0.232642	-0.0299252	-0.285464	-0.27199	-0.279924	-0.171338	0.00446834	-0.0734355	-0.0608896	
-0.25715	-0.210124	-0.257228	-0.187745	-0.258956	-0.282964	-0.268509	-0.215457	-0.094477	-0.276872	-0.122361	-0.269713	0.0760911	-0.278152	-0.271258	-0.222387	-0.0250357	-0.286147	-0.276928	-0.280783	-0.164373	0.00527834	-0.0293107	-0.0506968	
-0.230251	-0.228218	-0.237043	-0.173656	-0.25975	-0.263198	-0.248324	-0.196869	-0.102654	-0.262249	-0.105443	-0.26092	0.165298	-0.279271	-0.270742	-0.197979	-0.00375276	-0.286027	-0.279399	-0.259465	-0.18795	0.0254628	0.0153167	-0.0315105	-0.00808257	-0.0164518	
-0.251892	-0.184376	-0.265122	-0.206417	-0.25975	-0.289945	-0.274112	-0.223998	-0.0991394	-0.274377	-0.120507	-0.273932	0.0658238	-0.279695	-0.273532	-0.25509	-0.0384261	-0.287034	-0.27845	-0.287856	-0.169312	-0.00166628	-0.0462635	-0.0197334	0	-0.132536	
-0.257716	-0.161294	-0.263631	-0.211703	-0.263745	-0.289325	-0.271275	-0.221707	-0.0795675	-0.28392	-0.133638	-0.281747	0.13357	-0.280954	-0.282865	-0.231428	-0.0267339	-0.292327	-0.287449	-0.285774	-0.196136	0.00522553	-0.0590659	0.00498559	
