0.0111752	-0.0480866	-0.0087956	-0.0422503	-0.0508634	-0.0414616	-0.0207604	-0.0486611	-0.0444953	0.0380229	-0.0582367	-0.0203686	-0.0161731	0.108688	-0.0394119	-0.0398999	-0.0494731	-0.0383167	-0.044959	-0.0325613	-0.0473686	-0.0523557	-0.045201	0.0023208	0.0799738	-0.0223394	0.0241569	0.008801	-0.0071694	-0.0270637	-0.0437819	0.0340297	-0.244465	-0.0352107	0.0026769	0.15915	-0.0267301	0.145541	-0.0555282	-0.046104	-0.0160702	-0.0249799	-0.0237227	0.0491508	0.0328799	-0.0389383	-0.0416476	-0.0356669	-0.0565641	-0.0514251	-0.0172297	-0.021351	0.0226948	0.151338	0.0955528	0.241907	0.0273364	-0.051922	-0.0513302	-0.037494	-0.0517025	-0.0382693	-0.0499898	-0.0124063	-0.0533657	0.127905	-0.0438738	-0.038216	-0.0103654	-0.0475485	0.610045	0.0799292	0.0946688	0.140111	0.0241771	-0.0568418	-0.0125029	-0.044959	0.0133368	
0.00503154	-0.0480346	-0.0087956	-0.0415158	-0.0538963	-0.035395	-0.0207604	-0.0486611	-0.0589798	0.108636	-0.0476576	-0.0505846	-0.0523805	-0.0348198	-0.0516387	0.0819081	-0.0165139	0.0094069	0.0151891	-0.000763885	-0.0453874	-0.0255684	0.060822	0.0180015	-0.0528923	-0.0510578	0.603363	0.0221081	0.0600904	-0.0298131	-0.0542522	-0.0484555	-0.359712	0.345679	-0.00881096	-0.044656	-0.0459747	-0.0308118	-0.038158	0.0839154	-0.055796	0.115499	-0.0480384	-0.0339405	0.0578454	0.0946688	0.0403342	0.188469	
0.0177237	-0.0489508	-0.0206287	-0.0390845	-0.0401181	-0.0337361	-0.0207604	-0.048691	0.324772	-0.249659	0.0902725	-0.0519039	-0.05286	-0.0534501	-0.0220591	-0.0209672	-0.046656	-0.0555746	-0.0548741	-0.0593337	-0.0525497	-0.0486861	-0.0315065	-0.0512436	0.0499079	0.103973	-0.0514845	0.0578454	0.120698	0.232409	
0.0105805	-0.048421	-0.0124764	-0.0393065	-0.0415684	-0.0350479	-0.0200897	-0.0482521	0.232048	0.104323	-0.0527757	-0.0492732	-0.056205	-0.0511499	-0.0541369	-0.0348714	-0.0493042	-0.177403	0.0462016	-0.0545071	0.0370093	-0.0436109	-0.0489856	-0.0519522	-0.0279192	0.0532132	0.134382	0.155051	
-0.0120497	-0.0486428	-0.0124764	-0.0366621	-0.0401495	-0.0321498	-0.0200897	-0.0481134	0.11325	-0.0540525	-0.052143	-0.0539211	0.0964384	-0.0531622	-0.246488	0.229896	-0.0546241	0.100193	-0.0494377	-0.057765	-0.0276592	0.0612189	-0.0238372	0.107825	0.04472	
-0.00072449	-0.0483675	-0.0174537	-0.0364876	-0.0377835	-0.0280544	-0.0185376	-0.0489715	-0.0465193	-0.0537677	0.0244819	0	0.0681896	0.0957448	-0.235033	-0.05828	0.22701	-0.0516259	-0.020292	-0.0518002	-0.0476194	-0.056868	-0.0318378	0.0416484	0.126466	0.0955391	
-0.00195006	-0.0477811	-0.0121865	-0.0412812	-0.0379402	-0.0322161	-0.0185376	-0.0468702	-0.0451345	-0.0545469	0.00935538	0.106217	0.046746	-0.24231	-0.0499658	0.225057	-0.0530587	-0.0299129	0.218937	-0.0512333	-0.0441332	0.103316	-0.033202	0.0498888	
0.00347541	-0.0455835	-0.017612	-0.0396098	-0.0397588	-0.0321939	-0.0224469	-0.048158	-0.0385026	0.0944028	0.1394	0.0833348	0.474821	-0.0106948	-0.0505212	-0.0179119	0.159475	-0.051982	-0.48527	-0.0472758	-0.0504794	-0.0373259	0.0412401	
0.0187086	-0.0471145	-0.0153085	-0.0405481	-0.0406769	-0.0345507	-0.0224469	-0.048158	0.100881	-0.020212	0.152572	0.0115221	0.387667	-0.0538762	-0.053941	-0.0221861	0.114844	-0.051982	-0.407724	-0.071873	-0.0429452	-0.03561	0.0480465	
0.0470967	-0.0499514	-0.0309317	-0.040278	-0.0424181	-0.0230892	-0.0250209	-0.0489207	0.0941905	-0.0316449	0.100521	0.00748787	0.220809	-0.0564059	-0.0542494	-0.0113878	0.139167	-0.0532474	-0.237186	-0.0828081	-0.0420654	-0.0335448	0.0581677	
0.0201244	-0.0496585	-0.0302419	-0.0422578	-0.0433032	-0.0297593	-0.0248596	-0.0493999	0.0992396	0.0080147	0.114092	0.0680827	0.00896812	0.263619	-0.056494	-0.0573541	-0.0105612	0.107666	-0.0542518	-0.285728	-0.0409349	-0.033052	
0.0199564	-0.0500019	-0.0322443	-0.0394018	-0.0433032	-0.0312455	-0.0214357	-0.049252	-0.0333277	0.104363	0.028884	0.111405	0.0570063	-0.0546473	0.0868495	0.343242	0.00899997	-0.0580389	0.113595	-0.0538917	-0.368529	-0.023608	
0.0183734	-0.0477066	-0.0322443	-0.0434608	-0.0414351	-0.0379196	-0.0236527	-0.049252	-0.0365972	0.0847312	-0.00714754	0.105962	0.0435407	-0.0585894	-0.0513597	0.291652	-0.0564241	0.109861	-0.0533535	-0.306884	
0.0135521	-0.0503419	-0.0319373	-0.0417919	-0.0418736	-0.0336808	-0.023293	-0.0481858	-0.0339448	0.0947225	0.034365	0.106269	0.0820631	-0.0139815	-0.405658	0.387246	-0.0554073	0.151994	-0.052155	-0.00577808	-0.0515826	
0.0361466	-0.0491851	-0.0334912	-0.0410414	-0.0407204	-0.0321166	-0.0232636	-0.0489982	0.0947369	-0.0335257	0.00625131	0.0164938	-0.0541568	0.0551978	-0.0274741	-0.370539	0.355877	-0.0550557	0.122994	-0.0526908	
0.0253644	-0.0506124	-0.0329987	-0.0420131	-0.0423481	-0.0314559	-0.0232636	-0.0483421	0.0939762	-0.0354797	0.0249308	-0.00265299	-0.0528585	0.0947913	-0.05007	-0.345683	0.338829	-0.0552633	0.128479	-0.0522507	
0.0406768	-0.0506356	-0.0343717	-0.0450163	-0.0439573	-0.0385652	-0.0244243	-0.0484102	0.0872265	-0.0358577	-0.0529033	0	0.00392241	-0.0514889	0.0600851	-0.0374526	-0.233409	0.23455	-0.0573082	0.0808003	
0.0032713	-0.049188	-0.0334783	-0.0434901	-0.0353319	-0.030082	-0.0257182	-0.0497668	0.114916	-0.0267875	-0.0526087	0.0205308	0.0215171	0	-0.0323353	-0.0522822	0.0982966	0.116197	-0.0766977	-0.367982	0.360361	-0.0525001	
0.0111091	-0.0514925	-0.0341405	-0.0440825	-0.0394991	-0.0373363	-0.0263512	-0.0491879	0.098005	-0.0290905	-0.0535008	-0.054442	0.0540886	0.265941	-0.278324	-0.0270892	-0.0518603	0.0791285	0.139541	-0.0748713	
0.0110278	-0.0508528	-0.0364259	-0.0410068	-0.0409835	-0.035715	-0.023086	-0.0486109	0.0990721	-0.0279877	-0.0507461	-0.0530838	0.00503352	0.184245	-0.0521837	0.00286472	0	-0.0354803	-0.200683	0.116673	0.122791	-0.0841513	
0.0224648	-0.0498053	-0.0303883	-0.0385044	-0.0383688	-0.029263	-0.0269688	-0.048018	0.100445	-0.0302767	-0.0520158	-0.050057	0.00473512	0.225653	-0.0521221	-0.0419633	0.129198	0.0016873	-0.00851743	0.00612849	-0.235821	0.129456	
0.0152044	-0.0515353	-0.0332107	-0.0359532	-0.0379284	-0.0358585	-0.0288835	-0.0492138	0.106046	-0.0385208	-0.0541359	-0.0543176	0.136506	0.194937	-0.0517351	-0.090763	-0.0573012	0.00696773	0.135769	-0.0123449	-0.0437258	-0.21711	
0.0134144	-0.0484796	-0.0296681	-0.0371979	-0.0368506	-0.0302829	-0.025162	-0.0488082	0.0959172	-0.030452	-0.0532015	-0.0544927	0.145341	0.216782	-0.0514459	-0.0617616	0.00685887	7.07183e-05	0.0774825	-0.0218767	-0.0119678	-0.239949	
0.0382216	-0.0509893	-0.0335097	-0.0408562	-0.0434012	-0.0323155	-0.0267447	-0.0486214	0.0987349	-0.0335581	-0.0546463	-0.0553694	0.106374	0.226187	-0.0467137	-0.116967	0.00799382	0	0.0857551	-0.0293226	0	-0.0710698	-0.251347	
0.0136536	-0.049185	-0.0322287	-0.0332762	-0.0421202	-0.0324139	-0.0238428	-0.0473403	0.106966	-0.0323841	-0.0515667	-0.0479254	0.14805	0.313389	-0.0501279	-0.0277771	0.00709119	-0.000833252	0.105021	0.0122552	-0.327064	
0.0403779	-0.0491813	-0.0320145	-0.0358007	-0.0413349	-0.0352372	-0.0240338	-0.0469467	0.0899305	-0.0313689	-0.0521179	-0.0529336	0.0905056	0.233238	-0.050203	-0.0354453	0.00793633	0.0794469	-0.017748	0.00403359	-0.253104	
0.0209521	-0.0504048	-0.033447	-0.039725	-0.0406421	-0.0285407	-0.0205676	-0.0469311	0.101886	-0.0335096	-0.0520077	-0.0532654	0.178603	0.232047	-0.0503213	-0.0388829	0.000407576	0.0767816	-0.0155019	0	0	-0.0076898	-0.239779	
0.00712177	-0.0512173	-0.0304826	-0.0379248	-0.0418762	-0.030011	-0.0218017	-0.0486963	0.104435	-0.0319687	-0.0529099	-0.0526356	0.144243	0.259742	-0.0507653	-0.0357413	0.00491935	0.113773	-0.022478	-0.278603	0.0656595	0.00697061	-0.0222303	0.000373651	
0.00260588	-0.0506156	-0.0279953	-0.0406829	-0.04269	-0.0379478	-0.0218017	-0.0486963	0.0974878	-0.0337528	-0.0540676	-0.0483617	0.139992	0.265894	-0.0496163	-0.0394285	-0.00400877	0.0936409	0	-0.00191053	0.00164544	-0.292072	-0.0108071	0.003444	
0.00209419	-0.0507557	-0.033867	-0.042282	-0.04269	-0.033708	-0.0209968	-0.0495894	0.099022	-0.0359712	-0.0536594	-0.0557487	0.113635	0.252556	-0.0489113	-0.0252844	-0.00194155	0.116397	0.0629367	0	0.0216225	-0.278301	-0.0224912	
0.0132759	-0.0508456	-0.0289443	-0.0430377	-0.04269	-0.0313589	-0.0255624	-0.0476881	0.107799	-0.0301823	-0.0428445	-0.0523091	0.134299	0.231034	-0.0474054	-0.031618	0.0065797	0.080888	0.0186591	-0.0221188	0.0147568	-0.251455	
0.0163124	-0.0511632	-0.0305253	-0.0421282	-0.0409043	-0.0263133	-0.0231098	0.102568	-0.0312492	-0.0460724	-0.0544462	0.173869	0.281309	-0.0514297	0.00528261	-0.30901	0.126909	-0.0493409	0.0255032	-0.0329527	0	0.0337725	
0.0257863	-0.0510829	-0.0329464	-0.0416964	-0.0434465	-0.0358987	-0.0163978	-0.0212941	0.110507	-0.03369	-0.0499102	-0.054769	0.183985	0.242683	-0.0493662	-0.00307636	-0.268317	0.0430795	-0.000611297	-0.049127	-0.0181084	0.0421531	
0.0228798	-0.0503861	-0.031885	-0.0403326	-0.0434465	-0.0394073	-0.0242228	-0.00737148	0.108866	-0.034249	-0.0511554	-0.0170826	0.110324	0.21579	-0.0526272	0.00875769	-0.234137	0.115902	-0.00246928	-0.0468009	-0.0553814	-0.0517809	0.0377899	0.0295035	
0.0202551	-0.0492863	-0.0327869	-0.0430985	-0.0410275	-0.0357433	0.0495524	0.10551	-0.0302845	-0.0500436	0.00634497	0.101893	0.295538	-0.0518579	0.0141364	-0.32406	0.0692167	-0.000986817	-0.0482834	-0.0545467	-0.0239502	0.0347715	
0.0264487	-0.0496282	-0.0327869	-0.0418518	-0.0434055	-0.0250889	-0.0034042	0	0.095646	-0.0382798	-0.0487242	-0.00794158	0.115818	0.250479	-0.0526992	0.00602044	-0.267061	0.094775	0.000879588	-0.0478671	-0.056281	-0.0239502	0.0395313	0.08836	
0.015694	-0.0496078	-0.031529	-0.0401009	-0.0423452	-0.0236753	0.10199	-0.0193736	-0.00117364	-0.0361182	-0.0437636	0.00547397	0.165141	0.209674	-0.0509258	0.00620143	-0.21935	0.0980592	-0.0460873	-0.0514905	-0.0231098	0.0417213	
0.0309786	-0.0477066	-0.0323237	-0.0328981	-0.0423452	-0.0295651	0.0921401	-0.00360692	-0.00104162	-0.0372647	-0.0454217	-0.00776093	0.130905	0.273578	-0.0477231	0.0144884	-0.289599	0.0741842	-0.0462193	-0.00433921	-0.0521027	-0.0231098	0.0379408	-0.0212709	-0.0193027	
0.02606	-0.0480067	-0.0351698	-0.0421657	-0.0422105	-0.0348397	0.0913504	0.00267073	-0.000316925	-0.0340158	-0.0389281	-0.00489974	0.132097	0.357136	-0.0513198	0.0122212	-0.373392	0.0861732	-0.0468115	-0.0533009	-0.0250679	0.0389502	-0.00504411	
0.0313904	-0.0507468	-0.0336264	-0.0459212	-0.0449488	-0.0309558	0.112238	-0.0091432	-0.00028215	-0.0326546	-0.047891	-0.00215251	0.175972	0.286365	-0.0504479	0.00565011	-0.303282	0.075212	-0.0469344	-0.0538949	-0.0250809	0.0433309	
0.0228166	-0.0502353	-0.0329488	-0.0382318	-0.0449488	-0.03187	0.111285	-0.00478148	-0.00151817	-0.0345323	-0.0504001	0.000395403	0.202299	0.315769	-0.0523519	0.00553892	-0.329442	0.0810737	-0.0469344	-0.0479681	-0.024255	0.0397939	
0.0308906	-0.0487733	-0.035105	-0.0379074	-0.0413916	-0.0358375	0.0951219	-0.00650682	-0.000775572	-0.0362632	-0.0510076	-0.00290013	0.125006	0.199363	-0.0497193	0.0104643	-0.219126	0.0731018	-0.047677	-0.0543898	-0.0238739	0.0331066	
0.028556	-0.049575	-0.0345082	-0.0381775	-0.0413916	-0.0159422	0.103709	-0.00870044	-0.00263528	-0.0338985	-0.0485723	0.0168763	0.154455	0.35599	-0.0525067	0.00977495	-0.372968	0.150282	-0.0462155	-0.0544396	-0.0236851	0.0244339	
0.00511432	-0.0510989	-0.032339	-0.0408163	-0.0449666	-0.0255465	0.107192	-0.00178632	-0.0282775	-0.0513125	-0.0174653	0.17606	0.397914	-0.0530818	0.00450326	-0.4035	0.107091	-0.0469312	-0.0548101	-0.0215042	0.0367325	
0.0150173	-0.051161	-0.0296743	-0.0409	-0.0410707	-0.0387863	0.0979463	-0.00182524	-0.0293549	-0.0497399	-0.0171934	0.137911	0.35055	-0.0531901	-0.00025246	-0.369057	0.115777	-0.0465257	-0.0480996	-0.0234779	0.0323038	
0.00806816	-0.0516427	-0.0348748	-0.042318	-0.0428964	-0.0222271	0.109457	-0.000900949	-0.0315799	-0.0522091	-0.0110719	0.1071	0.201226	-0.05326	0.00127934	-0.2102	0.156462	-0.0488139	-0.0532574	-0.023015	0.0409974	0	-0.00388704	
0.0113458	-0.0524553	-0.0344382	-0.0386079	-0.0427946	-0.0357425	0.109683	-0.0019529	-0.0382907	-0.0516605	-0.00528072	0.135244	0.292407	-0.0553704	-0.00326796	-0.299828	0.0607334	-0.047571	-0.0517088	-0.0235989	0.032787	-0.020447	-0.00772182	
0.0404856	-0.0515347	-0.0324117	-0.039814	-0.0390903	-0.0295457	0.117751	-0.000978329	-0.0342459	-0.0477457	-0.00789177	0.128219	0.285875	-0.0521465	-0.00453475	-0.280176	0.0777171	-0.0473661	-0.0521745	-0.0224179	0.0369489	
0.0323142	-0.0500654	-0.0349995	-0.0407924	-0.0425724	-0.026084	0.124902	-0.00230588	-0.0365821	-0.0525176	-0.023271	0.157031	0.217244	-0.0530845	0.00628409	-0.218012	0.0513039	-0.0473289	-0.0527931	-0.0253699	0.0400022	
0.0103294	-0.0519341	-0.0302266	-0.0441545	-0.0437806	-0.0251263	0.119733	0.000164397	-0.0339873	-0.047447	-0.0227156	0.178737	0.423822	-0.0551396	-0.00291905	-0.432663	0.0767365	-0.0492438	-0.0563111	-0.0213438	0.0418972	0.0605335	0.0449789	0.0397332	
0.0226128	-0.0506518	-0.0376839	-0.0429326	-0.0448079	-0.03565	0.113476	0.000150864	-0.0395019	-0.051878	-0.0146116	0.138962	0.222571	-0.053828	-0.000493271	-0.222281	0.0761923	-0.049906	-0.0561363	-0.0226153	0.035154	
0.0227795	-0.0521362	-0.0361271	-0.0444373	-0.0424408	-0.0286714	0.129555	-0.00258672	-0.0389777	-0.0530983	-0.00686295	0.120192	0.156137	-0.0554047	0.00404487	-0.168022	0.113544	-0.0488883	-0.0578234	-0.0269363	0.0297318	
0.0289343	-0.0517011	-0.0375793	-0.0475479	-0.0440166	-0.0317155	0.096215	7.37373e-05	-0.0412858	-0.0542216	0.0235061	0.0995563	0.280334	-0.0546428	-0.00365339	-0.279858	0.0731046	-0.0504699	-0.0535526	-0.024448	0.0357075	0	
0.00458077	-0.0526654	-0.034451	-0.0447203	-0.0401863	-0.0261642	0.114087	-0.000292151	-0.0312143	-0.0532019	0.00818089	0.146031	0.251508	-0.0537475	-0.000624764	-0.226664	0.0646554	-0.049347	-0.0543004	-0.026631	0.0359889	-0.00279449	0.0199582	
0.015789	-0.0492974	-0.0332336	-0.0418401	-0.0414886	-0.0261711	0.115442	0.00068317	-0.0386213	-0.0519381	0.0313545	0.173669	0.32748	-0.0503	-0.0032215	-0.319797	0.0694133	-0.048659	-0.0510214	0.000399593	-0.0227744	0.0239357	
0.00171377	-0.0485543	-0.031309	-0.040358	-0.0423847	-0.0284325	0.114699	-3.53975e-05	-0.0330928	-0.0506673	0.0271175	0.12053	0.263495	-0.0507507	-4.01255e-05	-0.275107	0.0681576	-0.0480574	-0.0511437	-0.0227744	0	-0.0220661	0.0304651	
0.0024825	-0.0495943	-0.0361538	-0.0411182	-0.0427903	-0.0106403	0.124907	-0.00352172	-0.0314347	-0.0512345	0.0384458	0.125054	0.284724	-0.0535085	-0.00197816	-0.288397	0.0468942	-0.0461865	-0.0501833	-0.0222297	-0.0325332	
0.00630088	-0.0483695	-0.0354925	-0.04188	-0.0375481	-0.0330883	0.112803	-0.000351554	-0.0351086	-0.0523444	0.0376195	0.130203	0.20373	-0.0526681	0.00525466	-0.216579	0.0625563	-0.0472551	-0.0510708	-0.0222297	-0.0144784	-0.00237947	
0.0119056	-0.0493328	-0.0311889	-0.0390079	-0.0424783	-0.024884	0.114447	0.00203664	-0.0320913	-0.0501659	0.0324837	0.115219	0.295592	-0.0534992	0.0115878	-0.299651	0.0432528	-0.0489924	-0.0465903	-0.0203405	
0.0103955	-0.0495512	-0.03329	-0.0337578	-0.0381377	-0.0165618	0.113148	-8.85672e-05	-0.0406204	-0.050027	0.0383605	0.100136	0.303681	-0.0508894	-0.00462935	-0.307196	0.0392068	-0.048669	-0.045596	-0.0186836	0.0435991	
0.0324486	-0.0499342	-0.034695	-0.0426372	-0.0368211	-0.0342977	0.109429	0.00169715	-0.0344971	-0.0519293	0.037423	0.0957832	0.175457	-0.051232	-0.00282242	-0.184786	0.0516154	-0.0486035	-0.0482292	-0.0186836	
0.0202373	-0.0487458	-0.0349891	-0.0404521	-0.0401317	-0.0309115	0.108241	0.000969085	-0.0396106	-0.0498105	0.0308247	0.111757	0.28373	-0.0509626	-0.00481057	-0.298617	0.0533251	-0.0488676	-0.0501597	-0.0186053	-0.00944869	-0.020696	
0.0183381	-0.0491356	-0.0344408	-0.0388534	-0.0386037	-0.0181879	0.123268	-0.000518529	-0.038002	-0.0493756	0.0286101	0.124024	0.397812	-0.0544449	0.00642858	-0.414825	0.0593527	-0.0474158	-0.0524656	-0.022715	0.0118068	0.0256331	0	
0.0214894	-0.0500831	-0.0362083	-0.0367558	-0.0382303	-0.0238708	0.107681	-0.000333348	-0.0350243	-0.0516253	0.0299795	0.14456	0.242241	-0.0529705	-0.00351183	-0.24092	0.0562863	-0.0483418	-0.0481919	-0.0187077	
0.0154977	-0.0511308	-0.0369464	-0.0396943	-0.0382417	-0.0377959	0.127458	-0.00190317	-0.0306166	-0.0542949	0.0239241	0.137434	0.182739	-0.0503398	-0.0022147	-0.191457	0.0671672	-0.0477314	-0.0458106	-0.0208001	
0.0150212	-0.0518173	-0.0361655	-0.0454964	-0.0385001	-0.0316606	0.133429	-0.000357056	-0.035913	-0.0552731	0.0370041	0.118095	0.310495	-0.0519873	0.00180956	-0.314454	0.062689	-0.048185	-0.0517364	-0.0229705	0	0	
0.0160219	-0.0498774	-0.0370574	-0.0414119	-0.0415519	-0.0322771	0.126723	-0.000766371	-0.0324982	-0.0538873	0.0342104	0.113358	0.419702	-0.0530886	0.0113985	-0.423662	0.0284755	-0.0480761	-0.0489355	-0.0228617	-0.00387347	
0.0170422	-0.0495057	-0.0365755	-0.0395032	-0.0415519	-0.0295679	0.119863	-0.000745182	-0.0375365	-0.0549763	0.0314261	0.168707	0.29865	-0.053105	0.00636249	-0.30702	0.0462141	-0.0480973	-0.0519802	-0.0203363	-0.00134187	-0.0024414	0.0343898	
0.0190192	-0.0489858	-0.0363224	-0.0435793	-0.0420971	-0.0314994	0.106172	0.000731233	-0.0341968	-0.0526106	0.0293006	0.134646	0.330052	-0.0530901	0.00599538	-0.324009	0.047547	-0.0480552	-0.0503375	-0.0195062	-0.00155455	
0.0172402	-0.0492699	-0.0363224	-0.0423273	-0.0374139	-0.0345144	0.126914	0.00108893	-0.037297	-0.0521147	0.0190379	0.0955996	0.226927	-0.0506722	0.0112297	-0.246602	0.110117	-0.0480552	-0.0510501	-0.0216514	-0.0037499	-0.0104411	
0.0310926	-0.0495261	-0.0325723	-0.0401605	-0.0401472	-0.0306125	0.116449	-0.000320875	-0.0347484	-0.0518181	0.0363404	0.130455	0.463425	-0.050796	0.00213491	-0.483095	0.126541	-0.0491025	-0.0485974	-0.0216514	-0.00311499	
0.0124244	-0.0505545	-0.0334539	-0.0374748	-0.0396127	-0.0345566	0.10216	0.000642842	-0.0324309	-0.0542808	0.0375484	0.144804	0.349765	-0.052738	0.0116852	-0.362535	0.108929	-0.0490869	-0.0463553	-0.0245494	0.00479324	
0.00595071	-0.0504739	-0.0334539	-0.0393646	-0.0409899	-0.0327303	0.109199	0.000811545	-0.028672	-0.0495902	0.0326398	0.113991	0.311895	-0.0517991	0.011169	-0.314801	0.160982	-0.0490869	-0.0522614	-0.0240331	0.00279686	0.0200354	
0.00968643	-0.0503547	-0.0369689	-0.0423576	-0.0414334	-0.0285242	0.116031	0.00112224	-0.033636	-0.0506048	0.0368329	0.0750537	0.324645	-0.0532948	0.00115383	-0.329994	0.0751236	-0.0484182	-0.0492327	-0.014913	0.000422047	
0.016936	-0.0497461	-0.0349572	-0.0435638	-0.0400136	-0.0367569	0.115732	-0.000507622	-0.0368928	-0.0476786	0.0304217	0.130135	0.356471	-0.0529804	0.00677353	-0.35408	0.111084	-0.0473038	-0.0486444	-0.0222646	0.0021609	0.0113812	
0.0313752	-0.0478642	-0.0370811	-0.0412122	-0.0397221	-0.030702	0.11385	-0.000327605	-0.0307168	-0.0506535	0.032997	0.181771	0.316076	-0.0514722	0.00782845	-0.323175	0.099014	-0.0473038	-0.0514531	-0.0220071	9.57117e-05	-0.012843	0.0201768	
0.0296616	-0.0502407	-0.0339978	-0.0439852	-0.0421081	-0.0246368	0.114129	0.00133319	-0.0358696	-0.0495376	0.0378588	0.148302	0.258786	-0.0522695	0.00318448	-0.276056	0.119161	-0.047865	-0.0493665	-0.0217189	-0.000974699	0	
0.0315953	-0.0501887	-0.0325445	-0.0393509	-0.036786	-0.040997	0.0990384	0.000848831	-0.0269645	-0.0496085	0.039859	0.104348	0.335768	-0.050726	0.0069125	-0.348348	0.092594	-0.0481864	-0.0458062	-0.0217189	-0.00711049	
0.0306927	-0.0496472	-0.0341834	-0.0406138	-0.0381261	-0.0338242	0.0945833	-1.37254e-05	-0.0332158	-0.0505326	0.0405674	0.0946417	0.221113	-0.0533405	0.0103113	-0.231683	0.105469	-0.0481864	-0.0512625	-0.0249793	-0.00461355	-0.00104853	0	
0.0262817	-0.0506895	-0.0331513	-0.0434476	-0.0351213	-0.0349523	0.0948441	-0.000927207	-0.0322185	-0.0521215	0.0407068	0.0833075	0.288921	-0.0515021	0.00769493	-0.305067	0.0870403	-0.0472339	-0.0467182	-0.0193907	0.00647789	0.126269	-0.0241675	
0.0244349	-0.0514785	-0.032444	-0.0384461	-0.0405036	-0.0371113	0.115161	0.000335226	-0.031877	-0.0532615	0.0396261	0.13033	0.232128	-0.0538024	0.00592915	-0.246438	0.0813518	-0.0485353	-0.0516139	-0.0196934	-0.0125343	0	0	
0.0172945	-0.05209	-0.032504	-0.0440275	-0.0385732	-0.0319308	0.12014	-0.00118187	-0.0336361	-0.0529084	0.043266	0.166449	0.512088	-0.0523128	0.00689786	-0.526621	0.0599753	-0.0487631	-0.0540273	-0.0214183	-0.00817731	
0.026036	-0.0492389	-0.0316827	-0.0441098	-0.0342025	-0.0387522	0.111032	-0.000562338	-0.032049	-0.0523368	0.0298489	0.118723	0.369826	-0.0504565	-0.000592798	-0.375001	0.127481	-0.0482799	-0.0532617	-0.0217773	0.00403315	
0.0251949	-0.0497262	-0.0338993	-0.0424479	-0.0336637	-0.0321403	0.0913771	0.00293922	-0.0340978	-0.0522239	0.0428104	0.155085	0.214722	-0.0515661	0.0040112	-0.228575	0.0811532	-0.0504743	-0.0503014	-0.0217773	0.00208269	
0.0196338	-0.0480016	-0.0310087	-0.0438666	-0.0384454	-0.0375534	0.113234	-0.000758649	-0.0316695	-0.0512882	0.0377693	0.121001	0.300049	-0.0523603	-0.00438345	-0.305715	0.0793482	-0.0479742	-0.0476094	-0.0195145	-0.0102345	
0.0241351	-0.0528896	-0.0369947	-0.0465767	-0.0419243	-0.0415165	0.0990936	0.000543959	-0.0334527	-0.0547985	0.0384282	0.155492	0.42936	-0.0564443	0.00799057	-0.44647	0.0820457	-0.0508309	-0.0572182	-0.0276703	0.00771943	0.000906593	-0.0292878	0.00808609	
0.0180106	-0.0516181	-0.0356511	-0.0464402	-0.0461197	-0.0378947	0.105094	0.00158261	-0.0302734	-0.0514516	0.0354355	0.169512	0.285549	-0.0544047	-0.000269736	-0.301935	0.0634155	-0.050432	-0.0511989	-0.0203427	-0.00699426	-0.00573112	
0.0132881	-0.0495822	-0.0310629	-0.0435735	-0.0401301	-0.0380355	0.103058	0.00245351	-0.0340301	-0.0545746	0.043051	0.131423	0.151778	-0.0545398	-0.00407218	-0.151623	0.0465802	-0.0510199	-0.0511716	-0.0199028	-0.0123337	
0.00752551	-0.0512556	-0.0367965	-0.0443649	-0.0441943	-0.0337038	0.123704	-0.000986372	-0.0319297	-0.0519488	0.0439004	0.182571	0.238841	-0.0545796	0.00664647	-0.255639	0.076176	-0.0497772	-0.054703	-0.0221267	-0.0112879	-0.00740399	
0.0161108	-0.0500916	-0.0364024	-0.0417738	-0.044557	-0.0383196	0.120573	0.00196136	-0.0332021	-0.0551419	0.0392529	0.102231	0.176553	-0.0505538	-0.0022417	-0.193023	0.0525776	-0.0508561	-0.0546339	-0.0259205	0.00537279	
0.0253111	-0.0500525	-0.0376424	-0.0448564	-0.0400517	-0.0389353	0.108941	0.00159713	-0.0284623	-0.0531741	0.040283	0.0938994	0.333422	-0.0539494	0.00107752	-0.358476	0.0511539	-0.0504918	-0.0529506	-0.0245631	-0.017754	-0.00377808	
0.0383675	-0.0521644	-0.0352535	-0.0445214	-0.0428943	-0.0308676	0.109321	0.00255517	-0.0368359	-0.0529298	0.0372098	0.169197	0.256816	-0.0511437	-0.00479479	-0.271076	0.0564311	-0.0509237	-0.0502045	-0.0234388	0.00614332	-0.0095939	0	
0.0348459	-0.0519698	-0.0366845	-0.0486441	-0.0425973	-0.0303793	0.112196	0.00147141	-0.0390174	-0.0483524	0.0407852	0.203493	0.133086	-0.0522211	0.00042639	-0.137871	0.0497629	-0.0509661	-0.0541332	-0.0237729	0.000768692	-0.0146237	
0.0189115	-0.0521395	-0.0341573	-0.043854	-0.0397661	-0.0382329	0.112108	0.00122381	-0.0312722	-0.0455466	0.0463357	0.152971	0.268974	-0.0517509	-0.000532091	-0.270796	0.0856697	-0.0503837	-0.0448794	-0.0235661	-0.0109818	0	
0.0284844	-0.0512614	-0.034764	-0.0408677	-0.0422817	-0.0306265	0.0988561	-1.73373e-07	-0.0311265	-0.0534202	0.0382482	0.231971	0.187164	-0.0548223	0.00655248	-0.200039	0.0888685	-0.0497879	-0.0434103	-0.027416	0	-0.0100944	
0.0271622	-0.0527119	-0.0329976	-0.0459464	-0.0404044	-0.036491	0.090753	0.000514086	-0.0382878	-0.0531002	0.0439332	0.187805	0.192333	-0.0498241	0.00911356	-0.212892	0.0231184	-0.0500191	-0.0559182	-0.0252577	
0.0206675	-0.0530524	-0.0395943	-0.0468581	-0.0450738	-0.0327829	0.114469	0.000445136	-0.0369125	-0.0493563	0.0436052	0.15299	0.255863	-0.0548249	0.00126362	-0.274067	0.0639586	-0.0508456	-0.0555575	-0.0261532	0.0213081	
0.0224634	-0.0530524	-0.0337215	-0.0472107	-0.0432765	-0.0351727	0.10347	-0.000390654	-0.0364276	-0.0532545	0.0314467	0.179425	0.249685	-0.0553997	0.0124494	-0.273042	0.0393946	-0.0500099	-0.0547566	-0.0287293	
0.0536382	-0.0522	-0.0375899	-0.0485871	-0.0432765	-0.0289116	0.116584	0.00098335	-0.0338706	-0.0533193	0.0337996	0.126697	0.272331	-0.0525859	0.00520263	-0.284696	0.0538333	-0.0513419	-0.0518206	-0.0288098	-0.0032038	
0.022848	-0.0531696	-0.0346541	-0.0467457	-0.042929	-0.0315826	0.116816	0.000119637	-0.0354162	-0.0388614	0.0368832	0.136558	0.307706	-0.0543894	0.00704284	-0.325558	0.0608842	-0.0508193	-0.0480701	-0.0270833	0.0342546	
0.00719543	-0.0530042	-0.03547	-0.0473654	-0.0455066	-0.0285734	0.115906	-4.13503e-05	-0.0327992	-0.0505697	0.0339047	0.188412	0.287708	-0.0538973	-0.00471492	-0.295309	0.0429148	-0.0508193	-0.0522466	-0.0234709	0.0139537	0.0127012	0.00653458	
0.0123092	-0.0529525	-0.0342205	-0.0465235	-0.0410904	-0.0353423	0.0895123	0.000535958	-0.0304257	-0.0491199	0.0357492	0.232992	0.471377	-0.0535034	-0.00324233	-0.477576	0.0866228	-0.0508695	-0.0562592	-0.0234709	
0.0185605	-0.0488225	-0.0343737	-0.0442635	-0.0384207	-0.0348578	0.10737	0.0010716	-0.030085	-0.0457425	0.0365647	0.127537	0.274659	-0.0512764	-7.71853e-05	-0.285629	0.0643703	-0.0481606	-0.0511233	-0.0208011	
0.0310497	-0.0486352	-0.0307866	-0.0419589	-0.0385451	-0.0313814	0.094155	-0.000730405	-0.0293039	-0.0450817	0.0385508	0.189845	0.388655	-0.0510775	0.00440985	-0.394116	0.0518631	-0.0458279	-0.0511011	-0.0242241	
0.0334758	-0.0488596	-0.0357998	-0.0427725	-0.0388522	-0.0302741	0.108282	0.000818039	-0.0332079	-0.0411819	0.0380466	0.183008	0.282269	-0.0527872	0.00819571	-0.298445	0.0392833	-0.0473158	-0.0550025	-0.0229585	-0.01771	0.00461333	-0.00278694	
0.0192635	-0.0483273	-0.0331176	-0.0562819	-0.0353492	-0.0287712	0.108533	0.000474563	-0.0329057	-0.0479653	0.0322887	0.201888	0.170706	-0.0513433	0.00237263	-0.192504	0.0606281	-0.0466732	-0.0460373	-0.0233469	0.0165367	
0.0195887	-0.0506914	-0.0378841	-0.0424372	-0.0394094	-0.0254385	0.0943615	-0.000617988	-0.0373444	-0.0464121	0.0370511	0.119369	0.307072	-0.0533835	-0.00169528	-0.326999	0.047688	-0.048966	-0.0537403	-0.022424	-0.042128	-0.0486945	
0.0170811	-0.0494224	-0.0338943	-0.0437777	-0.038692	-0.0307902	0.107461	0.000243133	-0.0197015	-0.0458882	0.0349349	0.153768	0.307241	-0.0514481	0.00611462	-0.325188	0.0502169	-0.0466718	-0.0521166	-0.0220552	-0.0514126	
0.0308648	-0.0489737	-0.0357952	-0.0420047	-0.0356625	-0.0265329	0.10205	0.000539055	-0.0284858	-0.0365656	0.0353951	0.123274	0.179752	-0.0529803	0.00550289	-0.202615	0.0614444	-0.0475974	-0.0535569	-0.0208822	
0.0205374	-0.0504018	-0.036233	-0.0462447	-0.03937	-0.029503	0.11284	0.00131328	-0.0281863	-0.0480949	0.0415047	0.184287	0.232783	-0.0500113	0.00136478	-0.258174	0.0306972	-0.0488733	-0.0528877	-0.0214295	0.0314539	
0.0175306	-0.0493993	-0.0341343	-0.0464863	-0.0379162	-0.0258315	0.103354	0.000517743	-0.036172	-0.046642	0.0322373	0.180911	0.238414	-0.0507514	0.00385485	-0.261958	0.0411169	-0.0475745	-0.0518018	-0.0243587	0	
0.0172017	-0.0493466	-0.0337174	-0.0423769	-0.0406617	-0.0307003	0.0898023	0.00413844	-0.0317324	-0.043427	0.0359913	0.159131	0.205105	-0.052868	0.00287023	-0.229402	0.0609279	-0.0477723	-0.0523978	-0.0243587	-0.0188315	
0.0192888	-0.0520388	-0.0300965	-0.0463721	-0.0414563	-0.0316313	0.0935897	-9.15368e-05	-0.0332569	-0.0461839	0.0424161	0.168661	0.31037	-0.0541037	0.000336609	-0.335488	0.0507071	-0.048335	-0.0524329	-0.0260242	0.00695727	-0.0183296	0.0302188	0.0224492	0.0297935	
0.0263561	-0.052314	-0.0360482	-0.0474806	-0.0407295	-0.0368665	0.0928076	0.00105491	-0.0304879	-0.0483536	0.0328763	0.20762	0.288229	-0.0545557	0.00322902	-0.30472	0.0604644	-0.0494814	-0.0538155	-0.0260242	0.0101291	0.0149471	
0.0290029	-0.0515642	-0.0367631	-0.0433053	-0.0412585	-0.027285	0.11163	0.00108525	-0.037965	-0.0534428	0.0382377	0.194485	0.318169	-0.0517718	0.00547534	-0.33207	0.0439427	-0.0489203	-0.0554286	-0.0275653	0.021602	0.0416181	
0.0156789	-0.0515461	-0.0308657	-0.0444971	-0.0397419	-0.0275241	0.0953375	0.000777047	-0.0377067	-0.0479607	0.0296285	0.223057	0.245327	-0.0524996	0.00054236	-0.273384	0.0592492	-0.0485905	-0.0529575	-0.0223755	-0.00369482	
0.0138835	-0.0521502	-0.0298125	-0.0450697	-0.0417181	-0.0227137	0.10102	0.00103012	-0.0346747	-0.0465237	0.0428487	0.194902	0.249107	-0.0532146	0.00320782	-0.26686	0.0507465	-0.0484926	-0.0530345	-0.0258097	0.000846242	
0.0245619	-0.0522852	-0.0357912	-0.0469584	-0.0427058	-0.0275735	0.0989966	0.00106643	-0.0395639	-0.0438208	0.03382	0.296818	0.254199	-0.0540853	0.0121619	-0.27956	0.119683	-0.0491452	-0.0543112	-0.0245473	-0.00094112	-0.0121799	
0.0204398	-0.051015	-0.0368954	-0.0428397	-0.0397878	-0.0264782	0.0981889	-0.000418063	-0.0343279	-0.0505029	0.0376491	0.222374	0.246848	-0.0542438	0.00768063	-0.274698	0.106661	-0.0485691	-0.0464736	-0.0242344	-0.0448293	-0.0327316	
0.0260963	-0.0518584	-0.0334217	-0.0454946	-0.0433882	-0.0265709	0.108623	0.00119181	-0.035289	-0.0506793	0.0312457	0.128718	0.20136	-0.0516848	-0.00329484	-0.213785	0.0751419	-0.0505864	-0.0500125	-0.0242899	
0.0113033	-0.0518584	-0.0261039	-0.0432972	-0.0395816	-0.023325	0.0915047	-2.87342e-05	-0.0371586	-0.048367	0.0366247	0.20217	0.32847	-0.0551099	0.00230125	-0.336911	0.0660777	-0.0492306	-0.0519541	-0.0222674	-0.0123694	
0.00726667	-0.0524628	-0.0304218	-0.0434017	-0.0425312	-0.0265397	0.117918	-0.00200916	-0.0339781	-0.0484649	0.0389817	0.180379	0.204116	-0.0517782	0.000378395	-0.221161	0.109697	-0.0490534	-0.054469	-0.0222674	-0.00787501	0	
0.0262926	-0.0513762	-0.032764	-0.0439577	-0.0439364	-0.0259482	0.0990806	0.000155939	-0.0322189	-0.0499758	0.0362874	0.185337	0.290824	-0.0514397	0.000378395	-0.312755	0.0828901	-0.0483201	-0.0471809	-0.0222674	-0.0109239	-0.0148112	0	
0.0232746	-0.0509041	-0.036453	-0.040937	-0.045668	-0.0284261	0.11708	0.000536638	-0.0341113	-0.0506525	0.0372715	0.180357	0.204022	-0.0517651	0.000196802	-0.215557	0.071304	-0.0489656	-0.0546123	-0.0209834	-0.00616261	-0.00164764	
0.0197738	-0.0517204	-0.0304222	-0.0395722	-0.0453469	-0.0268568	0.106306	0.000646353	-0.033791	-0.0478309	0.0307138	0.255679	0.30826	-0.0472423	-0.00338805	-0.31525	0.0445242	-0.0489656	-0.0514252	-0.0209834	-0.0102281	
0.0479264	-0.0516327	-0.0388395	-0.0402685	-0.0404668	-0.0217557	0.105226	0.000646353	-0.0308507	-0.0494529	0.0426015	0.215334	0.308778	-0.0515253	-0.000638648	-0.322324	0.0740152	-0.0489656	-0.0414901	-0.023631	0.00232519	
0.0107815	-0.0521651	-0.0320405	-0.0374899	-0.0389558	-0.0348182	0.104513	-6.49706e-05	-0.0231779	-0.0510583	0.0270893	0.172498	0.203217	-0.0507313	-0.00716725	-0.211556	0.106597	-0.0483641	-0.0501566	-0.0171024	-0.00638443	-0.127479	
0.0262614	-0.0510523	-0.0367471	-0.0414173	-0.0439983	-0.0394828	0.106819	0.000568254	-0.0359591	-0.0508195	0.0347341	0.206265	0.204886	-0.0469108	0.00409765	-0.226671	0.0680019	-0.0495151	-0.0564104	-0.0234221	0.00309013	0.0160062	
0.0257377	-0.0524108	-0.0416807	-0.0432835	-0.0405383	-0.0291918	0.119624	0.000290813	-0.032669	-0.0495537	0.0375372	0.122302	0.219357	-0.0539602	0.00208868	-0.237677	0.094428	-0.0504182	-0.0518328	-0.0214417	-0.00133121	
0.0262901	-0.0512376	-0.0373474	-0.042313	-0.0395964	-0.0208586	0.0958646	0.0015611	-0.0348984	-0.051004	0.038573	0.14634	0.183464	-0.0502023	0.000464714	-0.207127	0.046814	-0.0498911	-0.0492367	-0.0261887	0.00254318	-0.0208817	
0.0162986	-0.0509349	-0.0359239	-0.0384475	-0.0411068	-0.0342068	0.0967751	0.0014655	-0.0292387	-0.0558166	0.0390028	0.106636	0.232851	-0.0519059	0.0080409	-0.257434	0.0521859	-0.0501483	-0.0503627	-0.0255286	-0.00550213	
0.00763484	-0.0521865	-0.0347503	-0.0426311	-0.0402441	-0.0186513	0.103705	0.000791047	-0.0338556	-0.0534444	0.0226739	0.165851	0.352991	-0.0524934	0.0070715	-0.367252	0.0733244	-0.0492741	-0.0506257	-0.0275094	-0.00456126	
0.0167723	-0.0506203	-0.0397886	-0.0409962	-0.042427	-0.0274812	0.0985535	-0.00191516	-0.0300142	-0.0485095	0.0278867	0.139658	0.207077	-0.051371	-0.00499114	-0.230283	0.09419	-0.048138	-0.0449226	-0.0243126	-0.00553014	0	
0.0106531	-0.0517711	-0.0343059	-0.0441168	-0.0412017	-0.0346521	0.103935	-0.000594159	-0.0306408	-0.0543404	0.0293021	0.134104	0.204388	-0.0510513	-0.00613994	-0.22383	0.0614924	-0.048138	-0.0500674	-0.0231638	-0.0085663	0	0.0397112	
0.0224349	-0.0504279	-0.0375632	-0.042239	-0.0393566	-0.0252736	0.0882953	0.000420243	-0.0332827	-0.0513914	0.0252555	0.135267	0.193629	-0.0486933	-0.00539817	-0.201858	0.0812394	-0.0472439	-0.0454846	-0.0211124	0.00491361	
0.0172897	-0.0492309	-0.0341383	-0.0409738	-0.0377138	-0.0280505	0.0846532	-0.00104184	-0.0288552	-0.0480323	0.0262126	0.204568	0.310437	-0.0479529	-0.00487917	-0.316918	0.0610738	-0.0470188	-0.0494072	-0.0222511	-0.0114313	0	
0.00649372	-0.0502997	-0.0318165	-0.0420676	-0.0359659	-0.0288129	0.088762	-0.000278419	-0.0293001	-0.0509364	0.034248	0.146205	0.261771	-0.0497524	0.000642579	-0.284942	0.0659803	-0.0477822	0.00611147	-0.0248722	-0.00548503	0.0215995	
0.0198175	-0.0484493	-0.0345437	-0.0400931	-0.0370795	-0.0117796	0.0888941	0.00238593	-0.0306947	-0.040901	0.0216491	0.120312	0.24219	-0.0505501	-0.0060597	-0.238553	0.0567017	-0.046003	-0.000780373	-0.0193756	
0.0251394	-0.0468805	-0.0320354	-0.0428189	-0.0380991	-0.0265809	0.0935944	0.000105897	-0.0331068	-0.0514923	0.0252824	0.0836518	0.348028	-0.0482123	0.00130431	-0.342299	0.0973846	-0.0455527	-0.0121951	-0.0187951	-0.00116265	
0.0149793	-0.0495982	-0.0361581	-0.042221	-0.0404432	-0.0209188	0.102206	-0.000100651	-0.0283772	-0.0466775	0.0164599	0.0826995	0.219171	-0.0495558	0.0037825	-0.224051	0.0828973	-0.044698	-0.00799476	-0.0223915	
-0.000276804	-0.0463562	-0.0292975	-0.0403042	-0.0409248	-0.0270375	0.10131	0.000551538	-0.0315632	-0.0477614	0.0243871	0.0608503	0.359459	-0.0500889	0.00276098	-0.352776	0.0867944	-0.0452192	-0.00843628	-0.0231273	-0.0018681	0.00594018	
0.016656	-0.0473891	-0.029797	-0.0365174	-0.0383071	-0.0296887	0.0974767	0.00120729	-0.0312245	-0.0433941	0.0300681	0.117247	0.333254	-0.0488017	0.00356765	-0.317862	0.0680115	-0.0460806	-0.0100225	-0.0211348	0.105144	
0.00206984	-0.0506565	-0.032422	-0.0410553	-0.0400753	-0.0227379	0.100331	3.98571e-05	-0.0298839	-0.0410808	0.0265201	0.101245	0.284115	-0.0523042	-0.000321761	-0.286352	0.0549254	-0.0474203	-0.0132098	-0.0253204	0.0210202	0	
-0.00908074	-0.0485431	-0.0300613	-0.0414137	-0.0423707	-0.0335772	0.10724	0.000360653	-0.027612	-0.0465947	0.0306173	0.0880083	0.261734	-0.051065	0.0060845	-0.265379	0.0766875	-0.0474203	-0.00488111	-0.0221347	0.122612	-0.00165314	
-0.00702738	-0.0484435	-0.0294687	-0.0449084	-0.040438	-0.0291751	-0.00595512	0.000360653	-0.0297938	-0.0456153	0.0317566	0.132222	0.334824	-0.0538646	-0.000632166	-0.362358	0.0535484	-0.0474203	-0.00970126	-0.0260608	0.0974922	-0.0266096	
0.00124444	-0.0472298	-0.0286397	-0.038131	-0.0394134	-0.0228129	0.00330044	0.00129281	-0.0303218	-0.0475532	0.0299629	0.119541	0.144521	-0.0483178	-0.00047011	-0.177112	0.0469988	-0.0459661	-0.00426535	-0.0232805	0.103056	
0.00599905	-0.0468795	-0.0297294	-0.0406351	-0.0393846	-0.0178269	0.104365	-0.000213103	-0.0281421	-0.0515929	0.0220849	0.142262	0.227653	-0.0502519	-0.00047011	-0.263355	0.0397828	-0.0436604	-0.00522711	-0.0232805	0.0959324	0.00296436	
-0.00418029	-0.0463954	-0.0240595	-0.0425207	-0.0409057	-0.0243729	0.00944905	0.00169755	-0.0284578	-0.0482923	0.0257837	0.147575	0.244239	-0.0499925	0.00290972	-0.270946	0.0406491	-0.045571	-0.0080186	-0.0239592	0.0944318	0.0127023	
-0.00381202	-0.0473786	-0.0362741	-0.0413407	-0.0430074	-0.02623	0.101981	0.0017425	-0.0322271	-0.0443149	0.0239807	0.121318	0.228311	-0.0501959	0.00409213	-0.247696	0.0265582	-0.0457044	0.000951081	-0.023014	0.094237	0	-0.0157762	
-0.00652783	-0.0445905	-0.0293968	-0.0363195	-0.041647	-0.0248068	0.110995	0.00268839	-0.0332327	-0.0486808	0.0277069	0.110872	0.192362	-0.0451653	0.0066182	-0.219977	0.0772653	-0.0452971	-0.00195674	-0.0221775	0.0879856	
-0.0108642	-0.0467686	-0.0307801	-0.0405235	-0.0403966	-0.0234322	0.0867878	0.00108158	-0.0298754	-0.0440075	0.0199431	0.157701	0.357113	-0.0453624	0.00734883	-0.351545	0.030175	-0.0452918	0.00130686	-0.0242532	0.0749737	
-0.00482519	-0.048284	-0.0268445	-0.0388255	-0.0412812	-0.0316399	0.0920157	0.00335312	-0.0264124	-0.0488127	0.0251854	0.0888191	0.290141	-0.0503546	0.00411635	-0.283922	0.0648455	-0.0452918	0.00432324	-0.0237659	0.00788402	-0.00475403	0	0	
-0.00533267	-0.0459067	-0.0306645	-0.0382499	-0.0433636	-0.0336253	0.0896384	0.00275003	-0.0282134	-0.0484456	0.0268903	0.103337	0.257827	-0.0496438	0.000826886	-0.251664	0.0636504	-0.0443033	-0.00252269	-0.0173304	0.0250418	0.00638886	
-0.00112863	-0.0504769	-0.0337037	-0.0404756	-0.0433603	-0.0286837	0.102573	0.00236067	-0.0251473	-0.0536627	0.0110341	0.0698893	0.242933	-0.0517691	0.00740256	-0.256996	0.0665068	-0.0492309	0.00379863	-0.0270462	-0.00501264	0.00274868	-0.0180339	-0.0297911	-0.0140382	
-0.00663983	-0.0492052	-0.0337013	-0.0445677	-0.0440552	-0.0204193	0.00114108	0.000985556	-0.0244732	-0.053314	0.03685	0.129069	0.202959	-0.0520943	0.0110749	-0.194447	0.0417619	-0.0482343	0.00569448	-0.0263647	0.100842	0.0125536	0.00110908	
-0.00741632	-0.050173	-0.0251424	-0.0448196	-0.0407397	-0.0267621	-0.00631332	0.0010241	-0.0267895	-0.0547221	0.0186653	0.102819	0.130291	-0.0499067	-0.00195642	-0.143832	0.0470652	-0.0482012	0.00646073	-0.0252909	0.0981375	0.00848147	0.0235319	
-0.00585121	-0.0517549	-0.0374725	-0.0473199	-0.045073	-0.0373782	-0.0123402	0.00108027	-0.0279304	-0.0546218	0.0292595	0.0989378	0.32293	-0.0501111	0.0089641	-0.324494	0.0376824	-0.0502172	0.00916022	-0.026785	0.0977596	0.0166944	
-0.00741934	-0.0495731	-0.0317414	-0.0397095	-0.0438436	-0.0272835	-0.00484805	0.00256505	-0.0286485	-0.0473928	0.0202471	0.144257	0.171645	-0.0489676	-0.00312278	-0.180974	0.0369204	-0.0483151	0.0166622	-0.0243976	0.106254	0.00518177	-0.00560194	
0.00488908	-0.0483179	-0.0301062	-0.0438088	-0.0448778	-0.0349842	-0.00259394	0.00199076	-0.0269364	-0.0453354	0.0302376	0.119708	0.188061	-0.0475188	0.00496297	-0.184279	0.0300417	-0.0481684	0.000444461	-0.0257997	0.0861084	0.00727292	0	-0.0287472	
0.0144677	-0.0518195	-0.0317684	-0.0440361	-0.0682552	-0.0367849	-0.0171106	0.0010137	-0.0198506	-0.0487168	0.0270705	0.164918	0.260792	-0.0508772	0.00213632	-0.267106	0.0868655	-0.0477992	0.00687485	-0.0278171	0.108305	0.010703	-0.00943137	0.0233774	0.0119044	-0.0392648	
0.0237207	-0.049008	-0.0279942	-0.0441782	-0.0432368	-0.0315735	-0.0107174	3.34165e-05	-0.0269858	-0.0485572	0.0326788	0.135723	0.379345	-0.0462314	0.00216456	-0.381398	0.0545025	-0.0463264	0.00379087	-0.0223399	0.106967	-0.0026554	-0.00465889	
0.0132521	-0.0478532	-0.0300444	-0.0419319	-0.0444131	-0.0209622	-0.0180879	0.000668238	-0.0225352	-0.049032	0.0290652	0.144044	0.164739	-0.046788	0.00857632	-0.173122	0.044078	-0.0467144	0.016969	-0.024795	0.103441	0.00522665	-0.0296101	
0.0040865	-0.0478436	-0.0320999	-0.040298	-0.0450043	-0.0332589	0.0197967	0.0031027	-0.0225738	-0.0429548	0.0331781	0.143695	0.300826	-0.0468955	0.00499572	-0.324256	0.0430929	-0.0464988	0.00416455	-0.0221738	0.0714936	0.0148057	0	0.0122363	0	
-0.00456512	-0.0503871	-0.0339605	-0.0434095	-0.0453984	-0.0369498	-0.00570766	0.00517671	-0.0257243	-0.0501789	0.0324649	0.159925	0.218951	-0.0501526	0.00254122	-0.24623	0.0482113	-0.0490499	0.0092599	-0.0235812	0.0871085	0.0110913	
-0.000307668	-0.0491351	-0.0343052	-0.0418552	-0.0428344	-0.0319377	-0.00514343	0.00164721	-0.0236371	-0.0487348	0.0335428	0.157839	0.232278	-0.0488415	0.00169354	-0.260953	0.0335332	-0.0479435	0.00340614	-0.0254179	0.0896554	0.0140396	
0.00305596	-0.0491351	-0.0359932	-0.0461809	-0.041648	-0.0274749	0.0118984	0.00188107	-0.030417	-0.0538415	0.0318386	0.156744	0.194312	-0.0503007	0.00193542	-0.220106	0.0480302	-0.0477093	0.00744486	-0.0258022	0.0869203	0.0178385	
0.00305596	-0.0503592	-0.0354697	-0.0428863	-0.0449243	-0.0259046	0.0296708	0.000622761	-0.0277492	-0.0538567	0.0270581	0.124833	0.21183	-0.0498134	-0.00218259	-0.233441	0.0233852	-0.0477093	0.000210032	-0.0258022	0.0780434	0.00755124	
-0.00918177	-0.0491836	-0.0336555	-0.0394948	-0.0391722	-0.0258992	-0.0143653	-0.000475288	-0.0264939	-0.0515426	0.0354248	0.144043	0.255393	-0.047881	0.000382016	-0.279026	0.0731191	-0.0467074	0.00544681	-0.0258022	0.105014	0.0182265	-0.00998405	-0.0263194	-0.00667249	
0.0111206	-0.0494883	-0.0366323	-0.0444165	-0.0420229	-0.0289636	0.0111543	0.00194989	-0.031631	-0.0535595	0.0348773	0.0960112	0.21853	-0.0481282	0.00212414	-0.237939	0.115404	-0.0474375	0.00404819	-0.0258022	0.082124	0.00823838	
0.00633246	-0.0511974	-0.0317526	-0.0473657	-0.044886	-0.0337456	0.0362329	0.00146391	-0.0348044	-0.0541681	0.0377929	0.118549	0.248654	-0.0468559	-0.00102329	-0.280674	0.0868701	-0.0498862	-0.00755958	-0.0274344	0.0737658	0.0111154	
0.00529689	-0.0510823	-0.0355282	-0.045376	-0.0432956	-0.0287402	0.0341018	0.00158374	-0.0309488	-0.0538878	0.027675	0.119568	0.276167	-0.0498514	0.00172625	-0.307408	0.0511456	-0.0468576	0.0025407	-0.0265898	0.0930927	0.0208639	0.0217208	
-0.00101034	-0.0508654	-0.0353588	-0.0440309	-0.0430445	-0.0305246	0.0218378	0.00213773	-0.0281856	-0.0486667	0.0314834	0.160979	0.157366	-0.0518508	0.000123947	-0.181336	0.11956	-0.0489157	-0.00521497	-0.0295474	0.0788909	0.00824132	0	
0.00180549	-0.0496214	-0.0317115	-0.040627	-0.0438436	-0.0379892	0.0435219	0.000852487	-0.0320335	-0.0527333	0.0309052	0.0813599	0.3778	-0.0532131	0.00139902	-0.406939	0.049294	-0.0484308	-0.00552058	-0.0293228	0.0825795	0.00662834	0.0123421	-0.0209237	
0.0236983	-0.049015	-0.0306916	-0.0419525	-0.0427769	-0.0286921	0.00437793	0.00068267	-0.0341035	-0.0534349	0.0345154	0.102163	0.254447	-0.0511463	0.00287086	-0.279494	0.0273268	-0.0475011	-0.00955216	-0.0282691	0.0953677	0.0133499	
0.0152734	-0.0511746	-0.0280044	-0.04143	-0.042037	-0.0184161	0.0493054	-0.00144468	-0.0318735	-0.0510375	0.0269811	0.0661591	0.199357	-0.0511204	0.00323168	-0.225281	0.0444239	-0.046231	-0.00882282	-0.0262461	0.0614098	0.00376594	0.0158124	0	-0.0209515	
0.0165446	-0.0471012	-0.0314848	-0.0440449	-0.0414616	-0.0257593	0.0539158	0.000965114	-0.0308539	-0.0495692	0.0362228	0.199245	0.20223	-0.0508104	-0.00324879	-0.231822	0.0367432	-0.0479247	-0.00364496	-0.0224759	0.0685296	-0.000480218	
0.00960609	-0.049652	-0.0255077	-0.0426397	-0.0386918	-0.0257551	0.0186732	-0.00120365	-0.0347386	-0.0520823	0.0337085	0.123544	0.20291	-0.0515826	-0.00639223	-0.198457	0.061317	-0.0469019	-0.00712138	-0.0217852	0.0994434	-0.0059927	-0.0249385	
0.00960609	-0.0503702	-0.0348745	-0.0451544	-0.0428773	-0.0326007	0.0144525	-0.000239844	-0.0347386	-0.0511554	-0.213101	0.126198	0.243419	-0.0531171	0.00262606	-0.231397	0.0387562	-0.047695	0.00431949	-0.0229822	0.110726	0.0085418	
0.00177155	-0.0506429	-0.0311855	-0.0447294	-0.0438115	-0.0252594	0.00660238	0.0018719	-0.0359373	-0.0532491	0.0283156	0.156438	0.259855	-0.0523238	0.000884085	-0.2586	0.0465353	-0.0476287	-0.0110076	-0.0254534	0.10134	0.00485279	
0.00634812	-0.0498275	-0.0226595	-0.0450998	-0.0405312	-0.0318694	0.0226931	-0.000807287	-0.0342308	-0.0540076	0.0305401	0.1132	0.204321	-0.0518673	0.00334137	-0.202038	0.0461978	-0.0471031	-0.00962545	-0.0292369	0.0920218	-0.00311801	
0.00518599	-0.0498275	-0.0310654	-0.0453841	-0.0387884	-0.0318694	0.0298789	-0.00149872	-0.0362556	-0.0546292	0.0316441	0.101814	0.340226	-0.0505071	-0.000128325	-0.340404	0.0588052	-0.0464815	-0.0092698	-0.0267412	0.0924955	0.0103662	0	-0.0123566	
0.00471682	-0.0500063	-0.0283645	-0.0426477	-0.0378882	-0.0301055	0.0358508	-0.00248564	-0.0344953	-0.0524563	0.0351858	0.161237	0.296061	-0.0518869	-0.000307871	-0.31774	0.0477069	-0.0468818	-0.0123384	-0.0277358	0.0850814	0.00157762	0.0073033	-0.0168239	0.00249289	
0.0064382	-0.0500282	-0.0316215	-0.0426477	-0.0397302	-0.0286748	0.0202201	-0.000586722	-0.0340707	-0.0536428	0.0332436	0.0929052	0.202661	-0.0497103	-0.0038972	-0.230687	0.0800735	-0.0467301	-0.00339899	-0.0270175	0.0899702	0.000563223	0.0073033	-0.00207388	
0.0152673	-0.051453	-0.0322342	-0.0432445	-0.0404562	-0.0334006	0.00917936	-0.000279158	-0.031629	-0.0533931	0.0385411	0.104667	0.17954	-0.0506692	0.00230441	-0.207835	0.0733864	-0.0464812	-0.00666315	-0.0297302	0.0875677	0.00324481	0.00390901	0.0111916	0	
0.00928242	-0.0499833	-0.0370731	-0.0424886	-0.0372585	-0.0198096	0.00262745	-0.000882027	-0.0278093	-0.0529545	0.0346824	0.0951504	0.297101	-0.0503213	0.00541632	-0.31522	0.0511084	-0.0460328	0.00365724	-0.0295023	0.101749	0.010542	-0.0031998	-0.00328823	-0.014026	
0.0116224	-0.0505236	-0.0366832	-0.043607	-0.0386821	-0.026529	-0.0157019	-0.000330459	-0.0324321	-0.0543731	0.0257903	0.143884	0.335453	-0.0539691	-0.000453559	-0.359014	0.135826	-0.0463414	0.003028	-0.0299106	0.125529	0.0122699	
0.0117721	-0.050044	-0.0339301	-0.0438751	-0.0385568	-0.0310775	-0.0276652	-0.00142277	-0.0400339	-0.0521074	0.0374347	0.193167	0.192553	-0.0510851	0.000821931	-0.213481	0.0499273	-0.0472587	-0.00633848	-0.0248814	0.11002	0.000502391	
-0.000827692	-0.0475567	-0.0349274	-0.0424243	-0.0378498	-0.0294684	-0.000166893	-0.000348266	-0.0267146	-0.0514105	0.0402977	0.132696	0.381616	-0.0511727	-0.00160812	-0.399987	0.0575793	-0.045121	-0.000597856	-0.0223919	0.10139	0.0109956	
0.0276169	-0.0490513	-0.0376822	-0.045975	-0.0343079	-0.0270119	0.00845187	0.000119649	-0.0305741	-0.0528964	0.0276752	0.171318	0.4407	-0.053299	0.000825837	-0.460321	0.0648821	-0.0469303	0.000144145	-0.0288777	0.0895026	0.0221315	
0.0111979	-0.0494528	-0.0383628	-0.0421513	-0.0381979	-0.0337723	0.0178356	-0.000446196	-0.0352411	-0.0535091	0.0370086	0.162875	0.28106	-0.0533879	0.00128922	-0.300079	0.0408513	-0.0469303	0.00750362	-0.0252144	0.102685	0.0115266	
0.00950482	-0.0496769	-0.0363487	-0.045277	-0.0364094	-0.0302028	0.00577359	-0.000907603	-0.0304204	-0.0475936	0.036554	0.219151	0.190578	-0.0535553	0.0105444	-0.212137	0.0439298	-0.045826	0.00670817	-0.0238077	0.0900954	0.0146258	
0.00950482	-0.049331	-0.0396156	-0.0426765	-0.0364094	-0.0314404	-0.0218513	-0.000852635	-0.0319175	-0.0539817	0.0287832	0.177944	0.394451	-0.0510222	0.00365859	-0.41578	0.0618504	-0.0458593	0.00260766	-0.0238077	0.107844	0.0102079	0.00742411	
0.00511792	-0.048453	-0.0351176	-0.0416924	-0.039875	-0.027998	0.020202	-0.00136897	-0.0284199	-0.0549444	0.0351668	0.131539	0.269505	-0.0533754	0.00817203	-0.298191	0.0542193	-0.0463875	-0.00139679	-0.0240479	0.0789278	0.00709022	
0.0106219	-0.0487113	-0.0350017	-0.0447648	-0.0396964	-0.0250775	0.0220434	-0.00156836	-0.0264597	-0.0502159	0.0234656	0.196906	0.314732	-0.0520551	0.0042993	-0.344491	0.024032	-0.0451013	0.00704039	-0.0231854	0.0848789	0.0174072	0	0	
0.0126782	-0.0438246	-0.0345139	-0.0430986	-0.0378429	-0.0239789	0.108865	-0.000818156	-0.0268413	-0.051805	0.0347219	0.106825	0.29307	-0.052138	-0.000886594	-0.321173	0.0291475	-0.0444238	0.0141293	-0.0200419	0.0721245	0.00760356	0.0474535	-0.0368806	
-0.00287374	-0.0467606	-0.0347558	-0.0438032	-0.0364097	-0.00709518	0.11135	-0.00056993	-0.0338748	-0.0516609	0.0352672	0.119586	0.215513	-0.0497294	0.00642298	-0.239242	0.0697928	-0.0455796	0.00713484	-0.0213709	-0.0322763	0.0116412	-0.00980044	
0.0074958	-0.0464403	-0.0359241	-0.041803	-0.0340853	-0.0213462	0.108449	-0.000521874	-0.0267029	-0.0512913	0.0301518	0.164877	0.250676	-0.0501638	0.0044635	-0.272575	0.0393482	-0.0451028	0.00883061	-0.0213709	-0.0314334	0.0139482	-0.010963	
0.00765845	-0.0458335	-0.031967	-0.0445152	-0.0374529	-0.00888035	0.0359799	0.000521268	-0.0202507	-0.0500893	0.00967688	0.173476	0.299208	-0.051165	0.00766106	-0.320133	0.0254628	-0.0451028	0.00573073	-0.0213709	0.0877402	0.00865924	
0.00528453	-0.0474772	-0.0346909	-0.0427391	-0.0354806	-0.0163744	-0.00092804	-0.000662077	-0.0277809	-0.0514896	0.020617	0.152562	0.227735	-0.0514874	0.0159691	-0.248357	0.0443236	-0.0456201	-0.00307748	-0.0253358	0.122517	0.0162922	0.0385095	
-0.00171624	-0.0469032	-0.0321462	-0.04435	-0.0354806	-0.0131356	0.0181029	6.1334e-05	-0.0316909	-0.0526509	0.0351113	0.152562	0.285365	-0.0475907	0.00575996	-0.307961	0.0513664	-0.0451482	-0.00509604	-0.0255587	0.0949949	0.0180788	-0.0260398	
