-0.0307774	0.670751	0.0218243	0.0600891	0.0008059	-0.194174	-0.0039942	-0.0151045	-0.15696	-0.678441	-0.37898	-0.372291	-0.0063676	0.0358966	-0.00576117	0.140629	0.0057549	-0.621824	0.0002534	0.0340576	-0.0007518	0.0071003	-0.655253	0.0005776	-0.681464	-0.0003278	-0.646733	-0.0043192	0.0155317	0.198346	0.0353017	0.018232	0.076367	-0.679766	0.0010945	-0.658777	0.0186441	0.0596893	0.0311824	0.0418834	0.36922	9.17e-05	-0.658672	-0.00895737	-0.0043348	0.042683	0.0061135	0.240489	0.0252355	-0.0154244	0.0327672	-0.001374	0.0787604	-0.34422	-0.00805699	0.0116042	0.0214978	0.0052486	0.0201108	-0.353815	0.0110019	0.0026811	-0.0031204	-0.0006908	0.188119	-0.0359064	-0.192658	-0.206306	0.0109766	0.0233358	0.0556065	-0.681356	0.0069598	0.0014955	-0.015251	0.501303	0.0273201	0.135933	-0.654256	0.0232365	-0.00715557	
-0.0232247	0.670751	0.0214773	0.0600891	0.0008059	-0.166514	-0.00467319	-0.0154499	-0.15696	-0.678441	-0.420179	-0.372284	-0.666059	0.0283439	0.00333942	0.0566359	-0.642546	-0.639398	0.00928945	0.1728	0.0746226	0.0994119	-0.683064	0.00948095	0.0810323	0.366704	-0.00189056	0.268123	0.0136667	-0.141053	0.0972248	0.00101433	0.0107261	-0.00537715	0.257714	-0.0027277	-0.0155905	0.312498	0.0354594	0.135933	-0.660498	0.0202228	
-0.017901	0.664914	0.0162227	0.0325934	0.00432752	-0.120312	-0.00467319	-0.0151965	-0.151124	-0.673258	-0.430248	-0.355728	-0.657622	-0.00921605	0.467653	0.0202228	0.0386556	0.0680152	-0.658815	0.0475409	0.346515	0.024045	0.328265	-0.632847	0.127128	0.00804881	0.26246	-0.670137	-0.103058	0.000572539	0.175628	0.0424157	0.0995682	-0.664155	
-0.017243	0.664797	0.0090065	0.0507982	-0.00102133	-0.159704	-0.00534604	-0.015079	-0.151124	-0.671095	-0.395482	-0.42074	-0.638953	-0.19248	0.110687	0.051059	-0.00434811	0.0817879	0.0230443	0.0143145	0.0669808	-0.635367	0.409204	0.0764093	-0.656905	0.164073	-0.64152	-0.160157	0.0410799	0.0250238	0.00793173	0.23906	0.214251	0.031782	0.136427	
-0.0169383	0.702416	0.0375463	0.0378743	0.000916221	-0.17666	-0.0034057	-0.0157404	-0.162088	-0.709301	-0.482353	-0.356303	0.190404	0.0998149	0.0558597	0.16923	0.106459	0.181783	0.0199974	0.11043	-0.681521	0.348493	-0.680228	-0.609778	-0.17469	0.00752519	0.0252209	0.00793173	-0.69477	0.0292546	0.186548	
-0.0287118	0.635891	0.0230443	0.0487463	-0.000620971	-0.14166	-0.00431511	-0.0159939	-0.095563	-0.644525	-0.472953	-0.286704	0.24332	0.154587	0.0616235	0.174809	0.124599	0.145961	0.0222914	0.104846	0.0134762	-0.636978	0.276287	-0.627384	-0.604432	0.0346112	-0.556313	-0.122508	0.0233215	-0.186448	0.0370686	0.156343	
-0.0155238	0.635891	0.0281127	0.0395429	0.000195593	-0.143442	-0.00350149	-0.0150172	-0.118992	-0.642561	-0.462537	-0.356988	0.00929652	0.228267	0.0951147	0.0810291	0.276657	0.142034	0.149553	0.0283091	0.122221	0.0127449	-0.630675	0.354974	-0.639706	-0.592173	0.0234539	-0.558557	-0.126074	0.0406302	0.0334153	0.0649372	0.00558596	
-0.0269658	0.635891	0.048101	0.050329	0.000778442	-0.161858	-0.00350149	-0.0155072	-0.0973821	-0.643231	-0.469923	-0.334548	-0.268898	0.301419	-0.194879	0.0774309	0.0915986	0.276901	0.114539	0.168436	0.0214362	0.107389	0.00787161	-0.630362	0.323638	-0.622246	-0.585742	0.031806	-0.542255	-0.159558	0.0095194	0.0831269	
-0.0243307	0.635891	0.0418779	0.0526482	-0.00120409	-0.129757	-0.00265106	-0.0154397	-0.113189	-0.643317	-0.441234	-0.333649	0.0805488	-0.481312	0.221595	0.111787	0.441198	0.175207	0.137029	0.0226348	0.115168	0.0109854	-0.633957	0.323638	-0.604981	-0.602488	0.0323891	-0.125507	0.0331424	0.139635	
-0.0432155	0.657483	0.0374383	0.0362579	-1.18677e-05	-0.115463	-0.00377287	-0.0158977	-0.134688	-0.66532	-0.450725	-0.319489	0.113832	-0.572664	0.0614533	0.10284	-0.0069685	-0.0032876	0	0.23781	0.173654	0.123782	0.0175979	0.114572	0.0113444	-0.654154	0.306576	-0.598342	-0.618454	0.0499018	0.224052	-0.101571	0.033398	
-0.0244633	0.681303	0.0278595	0.0327718	1.48347e-05	-0.17274	-0.00490064	-0.0154526	-0.158481	-0.689276	-0.450725	-0.356667	0.126621	0	0.0839623	0.22199	-0.62569	0.277496	0.202381	0.181085	0.0236632	0.0689545	0.0100626	-0.666732	0.345423	-0.669803	-0.635471	0.0311763	0.212991	-0.155377	0.0265867	
-0.0211377	0.633491	0.0402945	0.0506507	1.48347e-05	-0.109928	-0.00490064	-0.0152448	-0.0535451	-0.641966	-0.530509	-0.337894	0.326682	0.0951047	0.236124	0.139253	0.118672	0.0218619	0.134469	0.0129013	-0.610219	0.126667	-0.579427	-0.604751	0.027932	0.286857	-0.0791642	0.0368639	
-0.0268714	0.651716	0.0407911	0.0368932	0.00145615	-0.158563	-0.00490064	-0.0154487	-0.0717703	-0.656268	-0.529001	-0.313393	0.302264	0.0832358	0.0323294	0.202021	0.165002	0.166977	0.273902	0.0716388	0.00789594	-0.642691	0.0186569	-0.571406	-0.620626	0.10747	0.0985345	-0.160561	
-0.0234404	0.651716	0.0438344	0.0368932	0.00145615	-0.120028	-0.00490064	-0.0152364	-0.118568	-0.659137	-0.467381	-0.317236	0.305035	0.0842347	0.0307421	0.109367	0.143674	0.128629	-0.657895	0.260315	0.102768	0.00505676	-0.645135	0.0234648	-0.609409	-0.607809	0.0563647	0.118948	-0.120175	
-0.0265491	0.616111	0.038546	0.0422759	-0.000211228	-0.124826	-0.00514302	-0.0151012	-0.0988709	-0.623719	-0.449331	-0.319286	0.305035	0.0468033	0.0353822	0.117139	-0.0940807	0.148495	0.135455	0.00524835	0.26947	0.0682326	0.00606281	-0.60799	0.0235531	-0.575275	-0.584729	0.0428978	0.111239	
-0.0339119	0.615639	0.0264312	0.0355893	0.000787356	-0.137563	-0.00286528	-0.0156263	-0.0988709	-0.624623	-0.478887	-0.34968	0.34048	0.0467191	0.0415837	0.136227	-0.132267	0.166078	0.14554	0.287859	-0.00126433	0.0864098	-0.0859842	-0.616363	0.0220878	-0.571024	-0.587881	0.0577878	0.0447239	
-0.0312266	0.615991	0.0701667	0.0458258	-0.000978008	-0.14924	-0.0058123	-0.0154177	-0.0988709	-0.62365	-0.469589	-0.307871	0.296147	0.100558	0.0382168	0.0814982	-0.141803	0.132109	0.157099	0.215547	-0.446487	-0.00621829	0.0893064	0.00142458	-0.609442	0.0181908	-0.589197	-0.582224	0.0645971	0.134105	
-0.0147789	0.615991	0.0426715	0.0324807	-6.84783e-05	-0.187472	-0.0044776	-0.0150668	-0.0603771	-0.624884	-0.504798	-0.3443	0.332482	0.087872	0.0212947	0.108722	-0.194472	0.168481	0.19498	0.231306	-0.585226	0.0665909	0.00267862	-0.597314	0.019549	-0.589197	-0.578983	0.0641822	0.167143	
-0.0304598	0.615991	0.0329454	0.0454197	0.00230061	-0.174724	-0.0044776	-0.0153024	-0.077096	-0.6234	-0.461492	-0.345044	0.332482	0.109472	0.0344442	0.0709163	-0.173348	0.253908	0.182432	0.221332	0.167602	-0.0125383	0.0891672	0.00291139	-0.596327	0.0143673	-0.57619	-0.574908	0.106176	
-0.0665589	0.615959	0.0364753	0.0398898	0.00257934	0.193655	-0.00332534	-0.0154573	-0.0810834	-0.6234	-0.461954	-0.352097	0.341884	0.0465137	0.072342	0.213065	-0.214087	0.181009	0.136145	-0.201723	0.153364	0.109439	0.0779823	0.00349898	-0.603896	0.0183422	-0.580576	-0.559487	
-0.0216919	0.616053	0.036569	0.0469049	-0.000701887	0.265771	-0.00554918	-0.0152011	-0.072502	-0.621999	-0.484719	-0.347528	0.337268	0.0300794	0.0275687	0.233559	-0.22708	0.347949	0.156478	-0.22691	0.174731	0.0657121	0.125642	0.00157839	-0.6067	0.0170671	-0.501967	-0.590029	
-0.0200172	0.61649	0.0416292	0.0449636	0.00092868	0.110231	-0.00667165	-0.0151678	-0.072502	-0.624188	-0.494639	-0.355085	0.346977	0.0211892	0.0256379	0.162952	-0.162269	0.130195	0.294971	-0.152221	0.164056	0.0932412	0.0563092	0.0029825	-0.607404	0.0263853	-0.542715	-0.56627	
-0.036222	0.616418	0.0390632	0.0448912	0.000292121	0.093178	-0.00576786	-0.0150217	-0.049281	-0.623646	-0.477792	-0.357373	0.346367	0.0658807	0.0417705	0.17859	-0.176275	0.238153	0.189201	-0.16431	0.15252	0.0645759	0.0520326	0.00412446	-0.588537	-0.589739	0.00961429	0.0277005	-0.538095	
-0.0233402	0.624452	0.0312515	0.0436135	-0.00025889	0.1737	-0.00473613	-0.015982	-0.0578661	-0.632231	-0.489773	-0.359481	0.352789	0.0728044	0.0286521	0.140667	-0.138169	0.11239	0.236536	-0.131756	0.125191	0.0560175	0.0819375	0.00173769	-0.617365	-0.585871	0	0.0203935	-0.55893	
-0.0206402	0.643003	0.0196453	0.0453467	0.000205499	0.10112	-0.00536837	-0.616396	-0.134595	-0.649058	-0.427065	-0.339541	0.328324	0.0904786	0.0253749	0.175292	-0.159159	0.180392	0.282219	-0.16638	0.192519	-0.0156007	0.247362	0.00279518	-0.632372	-0.600557	0.0249358	0.0649239	
-0.0105823	0.648962	0.0266244	0.0351632	-0.00029229	0.0502169	-0.00563932	-0.620867	-0.159854	-0.654127	-0.422205	-0.382336	0.37092	0.0772261	0.0145495	0.147315	-0.128675	0.117947	0.236407	-0.141461	0.116449	-0.0156452	0.243197	0.00105886	-0.638955	-0.619551	0.0240774	0.125605	0	
-0.0221027	0.648594	0.0314259	0.0295872	-0.000304847	0.0424666	-0.00389084	-0.565474	-0.112503	-0.652838	-0.452415	-0.330938	0.319047	0.0384145	0.0260574	0.198052	-0.174705	0.0824187	0.311078	-0.189416	0.186334	-0.0162782	0.0964583	-0.000354978	-0.638513	-0.616531	0.0246191	0.0488206	-0.00533953	-0.000453291	
-0.0248353	0.655833	0.0271536	0.0378782	0.000518131	0.199963	-0.00379351	-0.584285	-0.176482	-0.664013	-0.393146	-0.370974	0.360018	0.0310026	0.0320346	0.18962	-0.140541	0.170521	0.300361	-0.184858	0.283468	-0.0156454	0.414471	0.000395222	-0.648251	-0.632764	0.028038	0.067087	-0.00368783	
-0.0224974	0.654886	0.0463951	0.0307877	0.000697155	0.0595364	-0.00621118	-0.599343	-0.134143	-0.662668	-0.406303	-0.336756	0.324057	0.0752582	0.0268402	0.198036	-0.192449	0.257727	0.161447	-0.19143	0.23484	-0.016592	0.317925	-0.000551332	-0.64358	-0.636841	0.0324531	0.0577121	0	-0.0208002	0	
-0.0495007	0.654806	0.0173543	0.043366	-0.000146406	0.15289	-0.00455334	-0.589366	-0.155077	-0.664403	-0.399921	-0.336937	0.324654	0.0609443	0.0532027	0.142785	-0.132412	0.214001	0.211786	-0.133346	0.253709	-0.0162912	0.0937604	-0.000631531	-0.650933	-0.641267	0.0342532	0.0762571	
-0.0215738	0.654883	0.0329688	0.0357467	-0.000217218	0.153773	-0.00210992	-0.582717	-0.0946263	-0.661356	-0.408952	-0.338845	0.324963	0.0358984	0.0282536	0.124902	-0.109131	0.102273	0.182709	-0.112193	0.255009	-0.0165555	0.0949383	-0.000434425	-0.652737	-0.632249	0.0220367	0.112606	0.0030302	0.00172333	0.00227618	
-0.012569	0.654883	0.0367449	0.0455827	-0.00140284	0.165986	-0.00651266	-0.423422	-0.0946263	-0.663427	-0.484117	-0.353679	0.343642	0.0713276	0.017232	0.124902	0	0.24559	0.0575814	-0.117032	0.114725	-0.0167483	0.134791	-0.000434425	-0.650047	-0.643771	0.0220367	0.0818632	
-0.0355479	0.65585	0.0377119	0.0455827	-0.00154467	0.148653	-0.00507635	-0.546256	-0.0946263	-0.663516	-0.428599	-0.347394	0.334623	0.0467419	0.0423716	0.124902	-0.0155312	0.230667	0.106845	0.149866	-0.117561	0.0750767	0.000532576	-0.646608	-0.641166	0.0236764	0.0593784	
-0.0338529	0.65585	0.0364677	0.03368	-0.000106917	0.059928	-0.00369639	-0.569762	-0.115022	-0.662102	0	-0.363119	0.350766	0.0283334	0.0417382	0.105734	-0.015649	0.138884	0.102473	0.235283	-0.458747	-0.0968058	0.101662	0.000532576	-0.641716	-0.620334	0.0226279	0.0532888	0.00294953	
-0.0311728	0.65585	0.0461593	0.0336894	-0.000106917	0.0324524	-0.00215333	-0.576207	-0.115022	-0.661363	-0.661702	-0.359567	0.350766	0.0369463	0.0392278	0.153511	-0.0154394	0.205805	0.114705	0.296284	-0.447528	-0.144304	0.161028	0.000532576	-0.646656	-0.636784	0.0283403	0.0717267	-0.647534	
-0.0186965	0.655845	0.051273	0.0389477	-0.00090836	0.0622261	-0.00415162	-0.545136	-0.115022	-0.661735	-0.127527	-0.355871	0.350766	0.0370941	0.0245679	0.0838526	-0.0150687	0.164239	0.149231	0.0825832	-0.42348	-0.0728248	0.0662918	0.000526899	-0.647553	-0.619422	0.0210325	0.0394457	-0.618803	
-0.0117185	0.65529	0.0461691	0.0376778	0.000396761	0.0344013	-0.00386826	-0.592532	-0.115022	-0.665058	-0.296188	0.287487	0.0425406	0.0198052	0.0995299	-0.0165398	0.217688	0.108457	0.150822	-0.467132	-0.0876032	0.0839437	-0.000311377	-0.635667	-0.610137	0.0244449	0.0983622	
-0.0157071	0.626503	0.0405499	0.0304911	-1.36698e-06	0.0869688	-0.00367068	-0.580387	-0.112821	-0.630803	0.0163337	-0.319525	0.309976	0.0775918	0.0200029	0.120445	-0.01501	0.193866	0.182497	0.130384	-0.396539	-0.108775	0.0588502	0.000936273	-0.620799	-0.592474	0.0271664	0.109485	
-0.0272823	0.616946	0.050855	0.0379161	-1.36698e-06	0.064871	-0.00312442	-0.568144	-0.123595	-0.623331	0	-0.297439	0.298448	0.0483405	0.0365262	0.125221	-0.015887	0.207191	0.113695	0.11204	-0.403726	-0.119502	0.0440673	-0.00016261	-0.615701	-0.573981	0.0177948	0.0941869	0.0058054	-0.00637092	
-0.0305675	0.669029	0.0421154	0.0417814	5.3949e-06	0.144204	-0.00410747	-0.612785	-0.0924037	-0.677529	0.103703	-0.347053	0.342254	0.0501531	0.0348671	0.122394	-0.0161262	0.163053	0.094608	0.152095	-0.505539	-0.108393	0.0846631	-0.00016261	-0.659631	-0.629361	0.0243856	
-0.0287978	0.661585	0.0380094	0.0441123	0.00181452	0.150746	-0.00372957	-0.622652	-0.0530746	-0.668927	0.0726806	-0.312191	0.316024	0.0683218	0.0328524	0.127848	-0.016216	0.226778	0.0899235	0.142311	-0.4947	-0.114834	0.0477124	-0.000167654	-0.657121	-0.619461	0.0165707	
-0.0369571	0.661829	0.0639486	0.0395175	-0.000350663	0.15528	-0.00339562	-0.61621	-0.0756457	-0.668616	0.0631358	-0.315326	0.316536	0.0489066	0.0405327	0.127476	-0.015956	0.209848	0.114261	0.108992	-0.492349	-0.108711	0.0591683	0.000447898	-0.64868	-0.637534	0.0169648	-0.00257854	
-0.0276846	0.629576	0.0510986	0.0441764	0.000789788	0.107592	-0.00527319	-0.570961	-0.0553621	-0.637038	0.123898	-0.304684	0.317255	0.0491745	0.0319788	0.169397	-0.0154098	0.162722	0.113306	0.149183	-0.484772	-0.159636	0.0581512	0.000399124	-0.624229	-0.602575	0.0225468	0.0109794	
-0.0141044	0.646458	0.0392968	0.0389476	0.00122171	0.07828	-0.00410126	-0.592498	-0.0742516	-0.654934	0.176439	-0.365157	0.37778	0.0727254	0.0201996	0.121156	-0.0171277	0.147026	0.0728092	0.142045	-0.45352	-0.10837	0.0259105	-0.00151361	-0.641228	-0.626045	0.0220841	
-0.0329995	0.646564	0.0429673	0.030261	-0.000606497	0.0560651	-0.000270094	-0.597811	-0.121257	-0.653646	0.106197	-0.395842	0.396135	0.071982	0.0361239	0.135059	-0.017325	0.222555	0.23586	0.113936	-0.444757	-0.128123	0.0547302	-0.000613485	-0.645683	-0.616965	0.0187734	-0.00399426	
-0.0248091	0.646564	0.0352312	0.0371529	0.000269671	0.0850859	-0.00374151	-0.60042	-0.154288	-0.656358	0.0678718	-0.42551	0.424126	0.0817584	0.0284759	0.138692	-0.0172711	0.180976	0.125493	0.0537005	-0.375307	-0.131756	0.0704409	-0.000613485	-0.638272	-0.626366	0.0176931	0.00340848	-0.00508613	
-0.0165028	0.665916	0.0593299	0.0361881	-6.76581e-05	0.084651	-0.00507246	-0.622176	-0.198091	-0.673658	0.0641854	-0.338502	0.329159	0.0586281	0.0214551	0.171136	-0.0172838	0.153035	0.110286	0.0521069	-0.383275	-0.16333	0.0365148	-0.000613485	-0.663889	-0.651531	0.0163004	-0.652758	0.0806618	
-0.0274315	0.66518	0.0390904	0.0456252	-0.000145197	0.121765	-0.00121011	-0.597193	-0.193806	-0.673967	0.0789253	-0.31034	0.304868	0.0724907	0.032216	0.0988212	-0.0180846	0.180921	0.162234	0.00114531	-0.398867	-0.164277	0.171762	-0.0019755	-0.655504	-0.639057	0.0231213	0.00501807	
-0.0384128	0.666223	0.0449364	0.0368395	0.000668289	0.124209	-0.0039985	-0.647674	-0.173383	-0.673846	0.0659628	-0.385114	0.376156	0.0358952	0.0431973	0.0317177	-0.0163705	0.212174	0.251867	-0.0009926	-0.413828	-0.0930623	0.105003	-0.000932444	-0.664552	-0.644566	0.0220818	
-0.0309886	0.665539	0.0416147	0.0467659	-6.54115e-05	0.0538358	-0.00509524	-0.633543	-0.11567	-0.673846	0.0946695	-0.293738	0.287709	0.0361343	0.0381856	0.111228	-0.0177906	0.245093	0.17647	-0.423369	-0.10603	0.117388	-0.00161599	-0.667367	-0.648055	0.0183706	
-0.0418344	0.712105	0.0411166	0.0514746	0.00187679	0.03827	-0.00341066	-0.638133	-0.210604	-0.721541	0.0760652	-0.39653	0.384701	0.0303164	0.0426697	0.0310449	-0.0174751	0.216018	0.121256	0.00461321	-0.421251	-0.109132	0.112639	-0.00161599	-0.714924	-0.688471	0.0213861	
-0.0325476	0.599397	0.0462786	0.0529033	0.00292869	0.0406677	-0.0033617	-0.558481	-0.130559	-0.608101	0.084755	-0.310619	0.303072	0.0267458	0.0376385	0.0694834	-0.0160226	0.205786	0.137202	0.000357525	-0.363287	-0.130786	0.137339	-0.000163449	-0.605805	-0.581824	0.0197508	0.0103031	-0.160282	
-0.0363965	0.654706	0.0560337	0.0379026	0.000460925	0.0931315	-0.00545396	-0.595041	-0.134802	-0.660891	0.0807844	-0.48085	0.484519	0.0439967	0.0441494	0.0373662	-0.0155906	0.239647	0.113716	0.00953284	-0.426372	-0.134626	0.137696	0.000388929	-0.660984	-0.62923	0.0144078	
-0.00961044	0.670446	0.0402217	0.0544876	0.00210473	0.0949087	-0.00464154	-0.64509	-0.134436	-0.679578	0.102183	-0.317947	0.318371	0.061042	0.0179217	0.0612645	-0.0164783	0.319013	0.322756	0.00192062	-0.448265	-0.166321	0.169363	-0.000330521	-0.671734	-0.648304	0.0277809	
-0.026716	0.670341	0.0407749	0.0544823	0.00209395	0.13469	-0.00393776	-0.626569	-0.121223	-0.67711	0.0859363	-0.32078	0.318973	0.0951369	0.0344456	0.0732543	-0.0164596	0.238757	0.215739	0	-0.414627	-0.133694	0.136817	-0.000430245	-0.669382	-0.649066	0.0135707	
-0.0238195	0.683756	0.0565344	0.050072	-0.000107502	0.116064	-0.00450207	-0.542951	-0.134638	-0.69069	0.0628435	-0.338771	0.331962	0.0467939	0.0317706	0.0585761	-0.0161747	0.234464	0.146172	0.0265717	-0.415355	-0.109135	0.116045	-0.000430245	-0.672494	-0.642892	
-0.0246001	0.68433	0.0337847	0.0417279	0.00347196	0.112632	-0.0027611	-0.579371	-0.135078	-0.692028	0.0651523	-0.381736	0.3781	0.089465	0.0287955	0.0620944	-0.016303	0.23072	0.083077	0.0160601	-0.469448	-0.0935931	0.101322	-0.000295933	-0.682334	-0.666372	
-0.0285349	0.68433	0.050524	0.0455687	-0.000481706	0.0764266	-0.00507848	-0.607993	-0.13322	-0.691638	0.0794835	-0.352445	0.343381	0.0518755	0.0321814	0.0495793	-0.0159627	0.291299	0.106848	0.0189127	-0.447868	-0.144006	0.147617	0.000252963	-0.684773	-0.666372	
-0.0432731	0.684038	0.0401229	0.0474001	-0.000545973	0.0782802	-0.0069113	-0.538484	-0.105899	-0.691258	0.0951483	-0.442672	0.437404	0.0323887	0.0495081	0.0931237	-0.0161118	0.280493	0.0983152	0.0171736	-0.498019	-0.166769	0.16832	3.36296e-05	-0.68007	-0.665169	
-0.0110284	0.684038	0.045965	0.0478718	-0.000773423	0.115722	-0.00580948	-0.560287	-0.17069	-0.692188	0.191984	-0.420087	0.415405	0.0168452	0.0172634	0.0254322	-0.0163031	0.150111	0.17313	0.0204169	-0.470569	-0.093885	0.0983133	3.36296e-05	-0.676925	-0.65946	
-0.0267596	0.644622	0.0407575	0.0497672	-8.86811e-05	0.0334264	-0.00352571	-0.602718	-0.0617387	-0.648968	0.17903	-0.329986	0.31793	0.0359863	0.0319411	0.0293405	-0.014475	0.267749	0.169425	0.0161032	-0.523213	-0.147349	0.152857	0.00170389	-0.634891	-0.621855	-0.00837545	-0.0478804	
-0.0242747	0.643651	0.0395566	0.0485119	-0.00149355	0.0315673	-0.00547156	-0.536061	-0.0646972	-0.651209	0.117215	-0.34703	0.348061	0.0596369	0.0296173	0.0430794	-0.0160101	0.201424	0.144115	0.0169676	-0.486457	-0.107963	0.110092	0.000733213	-0.641273	-0.621285	
-0.0278538	0.68868	0.0395566	0.0512533	0.000879117	0.0420192	-0.00437618	-0.593017	-0.109726	-0.695584	0.0667979	-0.330367	0.332949	0.0428393	0.0326586	0.0462216	-0.0158117	0.175556	0.193854	0.0174038	-0.483257	-0.112999	0.125391	0.000536273	-0.686982	-0.661823	0	
-0.0117265	0.689091	0.0447712	0.0443218	0.000748994	0.109159	-0.00377941	-0.637117	-0.137737	-0.693166	0.184606	-0.321934	0.322127	0.038542	0.0163092	0.0967179	-0.0155091	0.261702	0.126825	0.0160903	-0.417237	-0.116893	0.123001	0.000947759	-0.690043	-0.675564	
-0.0126448	0.672668	0.045509	0.0488582	0.000315591	0.159973	-0.00500035	0.0189955	-0.0596492	-0.676743	0.077303	-0.298964	0.308821	0.0582169	0.0180131	0.140583	-0.0150104	0.264492	0.156097	-0.504742	-0.0920352	0.103547	0.000693733	-0.670186	-0.65239	
-0.0199478	0.654147	0.045439	0.0417117	0.000750119	0.170119	-0.00500035	0.0159716	-0.0776582	-0.660631	0.0760162	-0.400707	0.400212	0.0682478	0.0249008	0.14578	-0.0154262	0.270273	0.124053	-0.634198	-0.242129	-0.481997	-0.122922	0.124842	0.000623797	-0.647819	-0.391426	0.00583304	
-0.0198661	0.656422	0.0333116	0.0458798	0.000857779	0.118366	-0.00295886	0.0170121	-0.0800407	-0.662059	0.0617057	-0.312288	0.31139	0.0320775	0.0259613	0.0708002	-0.0155032	0.181996	0.145896	-0.00189093	-0.514565	-0.112327	0.118125	0.000645763	-0.655373	-0.623179	
-0.0186952	0.650552	0.0396016	0.0451671	0.00079903	0.156142	-0.00481692	0.0151086	-0.0911741	-0.6587	0.201786	-0.356473	0.356779	0.0258184	0.0290116	0.133438	-0.0163622	0.195039	0.247172	-0.426436	-0.455673	-0.0942615	0.101412	-0.000368358	-0.643641	-0.639346	0	-0.392225	
-0.0103073	0.620356	0.0343558	0.0493694	0.000388562	0.0957273	-0.00557011	0.0144896	-0.132338	-0.625869	0.173559	-0.358536	0.357101	0.029528	0.0150075	0.169762	-0.0162038	0.22207	0.132218	0	-0.383504	-0.170353	0.179799	4.21099e-05	-0.615471	-0.594967	
-0.0224544	0.620042	0.0275598	0.0598977	0.000681487	0.0641416	-0.00418243	0.0236198	-0.103877	-0.627898	0.0904558	-0.316785	0.307969	0.0788633	0.0267296	0.0983484	-0.0161933	0.205558	0.426945	-0.0138556	-0.386708	-0.102776	0.108866	-0.000565205	-0.619034	-0.607894	
-0.0109292	0.633863	0.0501692	0.0481479	0.000952436	0.123264	-0.00633276	0.0336915	-0.160806	-0.639967	0.119761	-0.371041	0.367307	0.0306371	0.0153452	0.113186	-0.0163346	0.23855	0.230212	-0.315788	-0.107597	0.116909	-0.000525958	-0.639161	-0.600485	-0.297288	
-0.0237998	0.660212	0.0361242	0.0431661	0.00138729	-0.000382915	-0.00569009	-0.330934	-0.180622	-0.668385	0.0922541	-0.380047	0.371377	0.0238103	0.0282157	0.222739	-0.0161353	0.0188188	0.158006	-0.635981	0.198539	-0.099551	0.105328	0.0483555	-0.661466	
-0.0195853	0.627271	0.0596866	0.0494331	0.000657654	-0.000382915	-0.00569009	-0.411933	-0.113567	-0.63597	0.0526881	-0.367958	0.370917	0.0160825	0.0240013	0.099248	-0.0161354	0.017419	0.168915	-0.61865	0.181873	-0.0929161	0.104063	0.0881489	-0.613467	0	
-0.0295261	0.658363	0.0448054	0.0408786	0.00124395	-0.00067777	-0.00324767	-0.365749	-0.154728	-0.666839	0.148497	-0.374072	0.396576	0.0446271	0.0339421	0.106886	-0.0166732	0.0154459	0.196438	-0.637067	0.183424	-0.100996	0.110807	0.132916	-0.654489	0.0201215	0	
-0.0204913	0.658363	0.0362942	0.0483961	0.00264207	-0.00067777	-0.00382586	-0.373602	-0.154728	-0.666762	0.0689974	-0.348913	0.343237	0.0267069	0.0262818	0.0616552	-0.0168595	0.0129166	0.161725	-0.642453	0.281858	-0.0935432	0.102761	0.0848858	-0.654529	0.00462463	
-0.0273396	0.642311	0.0529862	0.0443752	0.000836251	-0.000888216	-0.00533934	-0.378767	-0.138887	-0.649974	0.195286	-0.320816	0.314906	0.0327872	0.0315065	0.0188961	-0.016793	0.0181625	0.137014	-0.624922	0.200051	-0.085511	0.0943693	0.0280756	-0.63878	
-0.0269957	0.642311	0.0499586	0.0385953	0.0023482	-0.000383633	-0.00409893	-0.377266	-0.153175	-0.650985	0.100441	-0.346937	0.342263	0.0375022	0.0315241	0.642695	-0.0170671	0.0173064	0.16128	-0.631504	0.275139	-0.106221	0.107968	0.102912	-0.636559	
-0.0387998	0.681491	0.0318004	0.0409299	0.00299271	-0.000627485	-0.00192211	-0.364876	-0.184814	-0.690057	0.0509607	-0.356944	0.356516	0.0584397	0.0410864	-0.0166922	0.0175503	0.103097	-0.674744	0.266072	-0.0616745	0.0765266	0.137783	-0.673723	-0.00174093	
-0.0312398	0.68197	0.0523431	0.0489698	0.00190122	-0.000148565	-0.0021618	-0.44499	-0.128999	-0.690304	0.147273	-0.422379	0.435291	0.058609	0.0343443	-0.67138	-0.135393	-0.0163332	0.0218081	0.0895466	-0.675505	0.25379	0.050057	0.144254	-0.513881	0	
-0.0476153	0.642815	0.0533724	0.0500651	0.000676407	0.000548451	-0.00489147	-0.400459	-0.131742	-0.651358	0.0744374	-0.342576	0.332048	0.0755768	0.0513573	-0.629841	-0.0770967	-0.0150234	0.0198481	0.256748	-0.621456	0.213229	0.0420588	0.0806596	
-0.0579519	0.642815	0.0463837	0.0428678	0.0020292	0.000511993	-0.00111064	-0.400624	-0.11626	-0.651144	0.124019	-0.361405	0.348977	0.0179281	0.0601309	-0.634445	-0.114297	-0.0159332	0.0163848	0.237537	-0.615567	0.200706	0.0622637	0.119769	
-0.0127225	0.627393	0.035884	0.0616727	0.00348739	0.000511993	-0.00398659	-0.406438	-0.0459513	-0.636807	0.0877506	-0.347912	0.337342	0.0326133	0.018937	-0.625398	-0.105368	-0.0156305	0.0179482	0.155586	-0.599408	0.203158	0.063207	0.116673	
-0.0202172	0.660659	0.0464016	0.0333338	0.0025675	0.00010124	-0.00194327	-0.379404	-0.150678	-0.669	0.0404057	-0.416242	0.410911	0.040973	0.0214987	-0.65918	-0.0847229	-0.0171185	0.0172975	0.152765	-0.615578	0.216434	0.0710855	0.0897423	
-0.0340569	0.636204	0.0279815	0.0532261	0.00425402	-0.000357879	-0.00583081	-0.395585	-0.120852	-0.644635	0.0769238	-0.358386	0.360243	0.0335712	0.0379468	-0.636012	-0.0630398	-0.017152	0.0234425	0.154043	-0.618326	0.232684	0.0582574	0.0696367	-0.00088304	
-0.0152358	0.638013	0.042991	0.0372691	0.00408714	0.00145065	-0.0038248	-0.400952	-0.128483	-0.645982	0.102508	-0.409807	0.401975	0.0499963	0.0219856	-0.635897	-0.104155	-0.0152351	0.0238636	0.117042	-0.609836	0.225787	0.100619	0.114908	-0.00658931	
-0.0230499	0.634825	0.0313408	0.0411599	0.00227875	-0.000252374	-0.00350272	-0.36246	-0.126968	-0.643108	0.129261	-0.412239	0.402005	0.0548415	0.0294433	-0.640281	-0.118947	-0.0170725	0.0257946	0.177163	-0.613257	0.234195	0.122196	0.13067	
-0.0189821	0.634825	0.0284384	0.0382211	0.0011584	-0.000512606	-0.00482541	-0.347427	-0.0984712	-0.644103	0.120335	-0.388127	0.385304	0.0226224	0.024734	-0.630271	-0.154365	-0.0172484	0.0292224	0.208028	-0.574657	0.224331	0.116243	0.161524	-0.173285	
-0.0239872	0.616244	0.0462929	0.0369106	0.00110416	-0.000463523	-0.00567819	-0.370166	-0.104832	-0.625152	0.143975	-0.421332	0.414437	0.0503995	0.0330477	-0.617274	-0.0835293	-0.0167335	0.0237308	0.211328	-0.595775	0.130603	0.132868	0.0903699	
-0.0213603	0.615951	0.032773	0.0343703	0.00298309	-0.000756452	-0.00465868	-0.172584	-0.0988291	-0.625437	0.095346	-0.367914	0.364305	0.0251539	0.0282609	-0.609277	-0.0958129	-0.0173862	0.0237308	0.209338	-0.593016	0.206911	0.0652821	0.106268	-0.000146709	
-0.0311274	0.671502	0.0447258	0.0345436	0.00284992	-0.00120873	-0.00267394	-0.154367	-0.679695	0.0648863	-0.486832	0.478221	0.0682973	0.0374077	-0.672186	-0.136845	-0.0174808	0.0357096	0.325588	-0.658798	0.176555	0.0888103	0.143301	-0.303715	
-0.0108644	0.640628	0.0539673	0.0422366	0.00222702	-0.000424812	-0.00561137	-0.164139	0.0377896	-0.648463	0.159946	-0.362506	0.361114	0.0624359	0.0175358	-0.638484	-0.120536	-0.017097	0.0302741	0.254837	-0.623623	0.174744	0.132859	-0.561173	
-0.0135783	0.620737	0.0391778	0.0422366	0.00105317	0.000685334	-0.00435833	-0.143139	0.0958412	-0.629352	0.124966	-0.360307	0.373159	0.0507984	0.0222	-0.617055	-0.116044	-0.0158761	0.0234803	0.190635	-0.584918	0.203339	0.127347	-0.21598	
-0.0243947	0.620666	0.0387003	0.041411	0.000704336	1.44957e-05	-0.007703	-0.144087	0.156886	-0.630941	0.0448741	-0.397345	0.394866	0.0653385	0.0305985	-0.614192	-0.113692	-0.0168958	0.0251374	0.164177	-0.584828	0.216623	0.121877	
-0.0313046	0.67042	0.0438845	0.047855	0.00111602	-5.25771e-05	-0.00626084	-0.193156	0.14268	-0.679777	0.0708435	-0.402869	0.402026	0.0647618	0.0341342	-0.661263	-0.102628	-0.0170216	0.0223571	0.182521	-0.65609	0.146798	0.110955	
-0.0292218	0.671767	0.044748	0.0307452	0.0017127	0.000697847	-0.00370887	-0.186665	0.192647	-0.678211	0.141898	-0.419631	0.420406	0.057302	0.0334037	-0.662512	-0.116488	-0.0156763	0.0155253	0.25596	-0.630999	0.189583	0.125202	
-0.0190846	0.664318	0.0327471	0.0446313	0.00188843	0.00061547	-0.00461323	-0.179207	0.10132	-0.671633	0.0640188	-0.382545	0.380917	0.0655402	0.0268244	-0.650254	-0.102904	-0.0154631	0.0167481	0.347382	-0.643646	0.153116	0.110328	
-0.012517	0.675653	0.0261919	0.047462	0.00121495	-0.000464016	-0.00341128	-0.191621	0.0309081	-0.684898	0.146008	-0.404849	0.402045	0.0475512	0.0175803	-0.678354	-0.10754	-0.0163	0.0232111	0.0800196	-0.628688	0.177275	0.11554	
-0.0403793	0.65532	0.034186	0.0322705	0.000835741	0.000328561	-0.00515673	-0.155047	0.168421	-0.662981	0.243232	-0.42928	0.432586	0.0589143	0.0449124	-0.645531	-0.110259	-0.0159347	0.0217076	0.225408	-0.619792	0.160819	0.115321	0.00690703	
-0.0340308	0.65532	0.0412519	0.0423005	5.23404e-05	0.00016323	-0.0056571	-0.189748	0.0392809	-0.662974	0.156571	-0.341145	0.33843	0.0156503	0.0387292	-0.635306	-0.138351	-0.0159704	0.022687	0.182866	-0.618166	0.157546	0.143219	-0.00149802	
-0.0356948	0.630025	0.0286565	0.0397073	-8.75611e-05	0.0010261	-0.00490924	-0.0992642	0.235343	-0.63879	0.115262	-0.42002	0.412757	0.0226156	0.0395303	-0.626675	-0.0891316	-0.0159187	0.0295562	0.173739	-0.599768	0.178545	0.0932499	0.00308141	
-0.0274489	0.669333	0.0378348	0.032404	-0.00150801	0.00114828	-0.00482557	-0.236725	0.110005	-0.67503	0.138186	-0.3688	0.360937	0.0329607	0.0327457	-0.657207	-0.0935887	-0.0156794	0.0219077	0.188865	-0.594856	0.185415	0.100528	
-0.0279141	0.669364	0.0375985	0.0388333	-8.80634e-05	0.0011792	-0.00590029	-0.164912	0.0619717	-0.678074	0.206548	-0.376175	0.364415	0.0170964	0.0335801	-0.662022	-0.10744	-0.0155828	0.0270692	0.15212	-0.640306	0.144212	0.108515	
-0.0567388	0.67042	0.0429276	0.0260746	0.00066979	-0.000241998	-0.0041045	-0.191339	0.0275003	-0.678798	0.0952438	-0.409354	0.401169	0.0213777	0.0613404	-0.657905	-0.114336	-0.0162111	0.0176196	0.188798	-0.644323	0.164776	0.11954	-0.159303	
-0.0349017	0.658626	0.0322672	0.0260791	0.000929756	0.0014743	-0.00591756	-0.137594	0.0494218	-0.667167	0.0830264	-0.458626	0.45195	0.0483371	0.0398602	-0.645395	-0.123232	-0.0150421	0.0198362	0.176482	-0.613561	0.183972	-0.245666	0.131098	-0.0128226	
-0.0126035	0.657577	0.0342677	0.0311622	0.00455732	0.000425181	-0.00591734	-0.170512	0.0589113	-0.665511	0.118052	-0.4557	0.443609	0.0305954	0.0167856	-0.645616	-0.0810228	-0.0159644	0.0225707	0.109397	-0.634343	0.215442	-0.00848162	0.0833999	
-0.0170553	0.65598	0.0434543	0.0404014	0.00248463	8.99269e-05	-0.00477576	-0.129628	0.0461617	-0.663913	0.0801159	-0.403681	0.391828	0.02904	0.0232511	-0.644265	-0.0951792	-0.0164496	0.0294668	0.291983	-0.628159	0.146426	0.10328	
-0.051414	0.620743	0.0216914	0.0384003	0.000625326	2.5398e-05	-0.00359536	-0.0936456	0.0510684	-0.630464	0.0865016	-0.368616	0.364065	0.0511341	0.0550779	-0.609556	-0.118701	-0.0153431	0.026553	0.256445	-0.597854	0.197264	0.0128259	0.129374	
-0.0247242	0.649011	0.0348128	0.0357101	0.00413234	-0.00122001	-0.00359536	-0.151054	0.0683102	-0.657654	0.13282	-0.490419	0.484911	0.043162	0.0299242	-0.633721	-0.112265	-0.0171346	0.0293357	0.0809718	-0.625727	0.262831	0.121658	0.00799708	
-0.0349884	0.650156	0.0299548	0.0325695	0.00101811	-7.50252e-05	-0.00597956	-0.159129	0.0906341	-0.65635	0.104953	-0.44983	0.437934	0.0257968	0.0395908	-0.623534	-0.113136	-0.0157524	0.0209085	0.264729	-0.632051	0.177143	0	0.12253	0	
-0.0323217	0.650156	0.0459178	0.0343725	0.000750167	0.000610239	-0.00611443	-0.207414	0.0536011	-0.658833	0.0575211	-0.371592	0.357425	0.0530003	0.0381516	-0.621152	-0.13375	-0.0157494	0.0269864	0.187682	-0.582564	0.179527	0.141538	
-0.0596988	0.65061	0.0491467	0.0395381	-0.000231942	0.000203508	-0.00716232	-0.184305	0.122736	-0.659839	0.088097	-0.454817	0.441663	0.033305	0.0639036	-0.637564	-0.123702	-0.0160121	0.0270013	0.342168	-0.582381	0.205728	0.125578	0.00418209	-0.0108332	0.00541094	
-0.0302097	0.650839	0.0403853	0.0332805	0.00121924	0.00043255	-0.00540052	-0.184305	0.0585158	-0.658483	0.130428	-0.448041	0.434137	0.0272609	0.0344144	-0.632386	-0.101305	-0.0157617	0.0322902	0.226215	-0.602782	0.145493	0.108751	0	
-0.0417772	0.649022	0.0434353	0.0365157	-5.49568e-05	0.00043255	-0.00476472	-0.229469	0.15575	-0.656324	0.0872606	-0.409803	0.39665	0.0364121	0.0463302	-0.629902	-0.122795	-0.0157857	0.0307222	0.185726	-0.586503	0.142969	0.129104	-0.00630412	-0.423829	-0.64667	-0.00666792	
-0.0695644	0.669143	0.0288469	0.0339956	-9.9061e-05	-0.000388631	-0.00783159	-0.17321	0.14531	-0.679254	0.0583347	-0.353678	0.346059	0.0165573	0.075888	-0.641476	-0.108399	-0.0160306	0.02924	0.152518	-0.614952	0.243119	0.11893	
-0.0418726	0.653079	0.0405549	0.0326973	0.000604133	0.000144455	-0.00683274	-0.139495	0.122417	-0.660725	0.0698324	-0.421462	0.410248	0.0107562	0.0461436	-0.642475	-0.104058	-0.0160709	0.0303106	0.134765	-0.6022	0.148865	0.114907	-0.00162128	
-0.0441183	0.652728	0.048473	0.0345981	0.00150055	-0.000371394	-0.00614231	-0.139495	0.150218	-0.660538	0.150383	-0.54088	0.531552	0.0285036	0.0490201	-0.645063	-0.0854058	0.0297413	0.18582	-0.600752	0.333364	0.0964205	-0.0168173	
-0.0299203	0.687219	0.0265169	0.0265124	0.000953972	0.000608632	-0.00614231	-0.172815	0.0837871	-0.694039	0.16842	-0.424601	0.414293	0.023384	0.0340082	-0.675234	-0.135798	0.0246717	0.0958556	-0.000953972	-0.651534	0.36472	0.149582	-0.0156198	0	
-0.0309455	0.639005	0.0395181	0.0317216	0.00277117	0.000608632	-0.00505899	-0.119847	0.164135	-0.646455	0.0844085	-0.38814	0.377442	0.012062	0.0360647	-0.618947	-0.129526	0.030208	0.187407	0.00371021	-0.600272	0.311395	0.141587	-0.0154393	
-0.0053522	0.637868	0.022418	0.0226325	0.00487765	-0.000528186	-0.00699126	-0.119847	0.071987	-0.646457	0.0852877	-0.422642	0.418526	0.0228374	0.0130385	-0.61057	-0.108839	0.0187051	0.135783	2.48129e-05	-0.606626	0.197828	0.118736	-0.0165021	
-0.0207915	0.634012	0.0403896	0.0402638	-0.00147563	-5.35448e-05	-0.00841393	-0.177955	0.0759879	-0.641707	0.188405	-0.356634	0.359147	0.0197352	0.0280031	-0.614509	-0.0830827	0.0206212	0.165384	-0.61282	0.241842	0.092879	-0.0165339	
-0.0147864	0.668688	0.031435	0.0371947	0.0023123	0.00144464	-0.00841393	-0.221833	0.0325449	-0.675103	0.189641	-0.391154	0.380729	0.00725306	0.0191721	-0.648867	-0.101896	0.0228206	0.148385	-0.64072	0.193655	0.00741038	0.110326	-0.01527	-0.000409018	-0.00418436	
-0.0221984	0.655953	0.0307188	0.038074	-0.000618483	-0.000150854	-0.00795128	-0.187708	0.102898	-0.662535	0.0970567	-0.393486	0.381608	0.00951673	0.0314313	-0.649278	-0.13205	0.0145395	0.0430023	-0.616369	0.176628	-0.342397	0.140848	-0.0156985	0.0372649	
-0.0139146	0.65407	0.0271459	0.0398032	1.30426e-06	-0.00159679	-0.00764287	-0.170791	0.130462	-0.66466	0.117536	-0.40312	0.391019	0.00736177	0.0217447	-0.645049	-0.113231	0.0239071	0.138414	-0.635064	0.200173	0	0.120933	-0.0177819	0.0674258	
-0.0335067	0.646291	0.0398941	0.0461785	-0.00186147	-0.00129236	-0.00661477	-0.205753	0.0854191	-0.653916	0.061942	-0.442318	0.432256	-0.0178715	0.0397595	-0.643665	-0.094443	0.0189676	0.165448	-0.612841	0.197426	-0.0114378	0.102974	
-0.0345409	0.646374	0.040513	0.0458227	0.00100344	-0.00164567	-0.005372	-0.157485	0.0751007	-0.656435	0.0891137	-0.388373	0.380285	-0.0171993	0.043404	-0.645914	-0.131547	0.0215392	0.215618	-0.614873	0.185764	0.0020985	0.138159	
-0.0209086	0.639798	0.0394751	0.0297657	0.000862863	-0.00164567	-0.00575363	-0.162888	0.0570037	-0.651618	0.06143	-0.366864	0.358672	-0.0174786	0.0289154	-0.634839	-0.138004	0.0238374	0.0641004	-0.589591	0.151958	0.145756	
-0.0235561	0.625225	0.034323	0.0432394	0.00265309	-0.00164567	-0.00559001	-0.161619	0.0916952	-0.635246	0.115598	-0.325294	0.321723	-0.017504	0.033954	-0.625777	-0.154125	0.0129646	0.205082	-0.581902	0.139356	0.162991	0.0818814	
-0.0356526	0.635495	0.0513724	0.0401591	0.000472072	0.000106156	-0.00756754	-0.142454	0.0634498	-0.644942	0.10141	-0.357329	0.350493	-0.0166394	0.0452866	-0.623118	-0.169756	0.0186498	0.203082	-0.619359	0.158074	0.0327527	0.177268	
-0.0985385	0.641928	0.0331359	0.0432853	0.000800497	-0.000222268	-0.00525411	-0.148887	0.0563838	-0.646332	0.166899	-0.425729	0.418196	-0.0161343	0.104723	-0.623346	-0.0968445	0.0140907	0.106723	-0.61071	0.286255	-0.00368916	0.108311	
-0.0343944	0.641469	0.0297792	0.0526366	0.00124713	-0.00133041	-0.00633215	-0.143286	0.0835573	-0.650746	0.137178	-0.389133	0.379284	-0.0168276	0.0412278	-0.632778	-0.140981	0.0217876	0.0745539	-0.593041	0.122405	0.149312	
-0.0128217	0.641469	0.025946	0.0529017	-0.000582397	-0.000388206	-0.00670596	-0.145349	0.150288	-0.650376	0.147173	-0.387382	0.381855	-0.016958	0.0208736	-0.637025	-0.0970808	0.0223414	0.257763	-0.620467	0.168217	-0.00532878	0.104303	0	
-0.0118261	0.666157	0.0187145	0.0514644	0.000324195	-0.000388206	-0.0056171	-0.20764	0.0956542	-0.676673	0.254486	-0.396296	0.392323	-0.0166138	0.0179001	-0.665538	-0.0786697	0.020917	0.196742	-0.627621	0.152793	0.0160705	0.0854197	-0.00209799	0.490065	
-0.02534	0.666577	0.0367018	0.0514644	-0.00162316	3.21782e-05	-0.00809991	-0.199638	0.0924936	-0.675351	0.228216	-0.387466	0.388356	-0.0165288	0.0311206	-0.66506	-0.110685	0.0201218	0.114729	-0.629769	0.159149	-0.00768421	0.114222	
-0.0160845	0.666577	0.0387828	0.048194	0.000983599	3.21782e-05	-0.00723219	-0.196015	0.134337	-0.6739	0.116877	-0.364853	0.359793	-0.016249	0.0225136	-0.666902	-0.116547	0.0227	0.185644	-0.643336	0.171833	0.125361	-0.00610864	
-0.0291624	0.666577	0.0357319	0.0467025	-0.000196068	3.21782e-05	-0.00608038	-0.191719	0.0493494	-0.675579	0.0726247	-0.366794	0.364804	-0.0162484	0.0339044	-0.66328	0.0273028	-0.0879007	-0.627982	0.148577	0.0953397	0.206846	
-0.0276771	0.666577	0.0313818	0.0467025	0.000669276	3.21782e-05	-0.00505387	-0.197347	0.056825	-0.675352	0.0307371	-0.37064	0.368616	-0.0164671	0.0346392	-0.66821	-0.621922	0.0308242	-0.095985	0.138802	0.106055	0.0993648	
-0.0350829	0.665326	0.0268189	0.0527061	-0.000565566	-0.000166074	-0.00612956	-0.171572	0.0600799	-0.67491	0.10252	-0.377586	0.375046	-0.0160404	0.040778	-0.657875	-0.623018	0.0243506	-0.113794	0.159325	0.120424	0.144916	
-0.0213437	0.653002	0.0326509	0.0456436	-2.5212e-05	-0.000480426	-0.00827255	-0.152508	0.0687033	-0.66326	0.13518	-0.361201	0.368625	-0.0166916	0.157759	-0.634553	-0.620346	0.0256	-0.0962597	0.0294257	0.183937	0.107463	-0.00209154	0.00482	-0.00955072	
-0.0228423	0.671188	0.0459424	0.0377318	-0.0014102	0.000837581	-0.00732284	-0.187759	0.0673676	-0.679554	0.108186	-0.370656	-0.0158609	0.0978892	-0.661768	-0.645083	0.0310521	-0.0638325	0.0325651	0.169647	0.0718434	-0.00407947	0.368625	
-0.0350253	0.639526	0.0310179	0.0367199	0.00339368	0.000837581	-0.00656057	-0.156097	0.109016	-0.64891	0.0643275	-0.388159	-0.0156368	0.0863423	-0.60239	-0.589105	0.0139684	-0.0718313	0.0445747	0.160226	0.0841543	-0.00482937	0.378692	-0.00876136	
-0.0235955	0.639222	0.0315716	0.0419354	-0.00259724	0.000533703	-0.00664064	-0.144521	0.0681723	-0.647697	0.0718091	-0.397139	-0.0159407	0.235016	-0.638341	-0.614885	0.0139684	-0.0838001	0.0322186	0.131427	0.0940662	-0.00510646	0.392523	
-0.0284699	0.639222	0.0407872	0.0401757	0.000944076	0.000533546	-0.00362579	-0.137505	0.0879641	-0.647697	0.16517	-0.439158	-0.0161458	0.114104	-0.624992	-0.606184	0.432406	0.0233888	-0.0937964	0.0355666	0.158635	0.104062	-0.00474908	
-0.0304369	0.638348	0.0482742	0.0435723	9.86819e-05	-0.000340205	-0.00318267	-0.134699	0.080766	-0.649024	0.14203	-0.453384	-0.0170598	0.128389	-0.632216	-0.600263	0.446089	0.0265723	-0.0743121	0.0387969	0.17465	0.0813785	-0.00474908	0.00724215	0.0107003	0.0107275	
-0.0337481	0.624498	0.0316569	0.0435723	-0.000605614	0.000337083	-0.00481411	-0.114777	0.0458717	-0.634497	0.210145	-0.371676	-0.0163145	0.172667	-0.620263	-0.581824	0.369597	0.0240497	-0.0763345	0.0396651	0.168039	0.0853756	-0.00584839	
-0.0369611	0.623125	0.0572238	0.0534116	-0.00163619	0.000215913	-0.00483639	-0.104921	0.1342	-0.633217	0.215415	-0.425142	-0.0165517	0.172194	-0.606843	-0.585055	0.413559	0.0200277	-0.112077	0.0443354	0.221051	0.123242	-0.00494927	0	
-0.0622789	0.622371	0.0499986	0.0452108	-0.000728761	-0.000538016	-0.00692023	-0.0900257	0.0713355	-0.632649	0.107172	-0.41917	-0.0171552	0.145184	-0.615865	-0.581518	0.40741	0.0404858	-0.0617553	0.0648125	0.162542	0.0716285	-0.00520316	
-0.0475942	0.622428	0.0294915	0.0379637	0.00049823	-0.000800519	-0.00760102	-0.0573894	0.110038	-0.632659	0.105683	-0.569361	-0.0167822	0.195613	-0.6178	-0.598517	0.562003	0.0304243	-0.0732089	0.0496671	0.162373	0.0834016	-0.00274567	-0.0343294	
-0.0263594	0.622428	0.029964	0.043089	-0.000132202	-0.000800519	-0.00541777	-0.0573894	0.15174	-0.633373	0.137519	-0.388921	-0.0171382	0.184866	-0.623391	-0.595121	0.390519	0.0324196	-0.0806084	0.0335416	0.176105	0.0889899	-0.00174285	
-0.0455878	0.658073	0.0217152	0.044209	0.00205935	-0.000800519	-0.00343582	-0.15343	0.141807	-0.668768	0.0697786	-0.427668	-0.0173747	0.441226	-0.65382	-0.626154	0.415021	0.0230339	-0.0753527	0.0483358	0.16708	0.0869735	-0.00573656	-0.111451	
-0.0263973	0.658175	0.0351482	0.0426317	0.000416223	-0.000699131	-0.00464426	-0.144663	0.184602	-0.667261	0.0758112	-0.432293	-0.0171443	0.157889	-0.642901	-0.641804	0.424858	0.0285154	-0.0846657	0.0318394	0.179769	0.0947593	-0.00107252	
-0.0214319	0.659021	0.0433699	0.033565	0.000256033	0.000147256	-0.00373921	-0.153537	0.162655	-0.667664	0.10669	-0.377314	-0.0160574	0.113366	-0.655767	-0.629671	0.382822	0.0258704	-0.100515	0.0282478	0.187308	0.11376	-0.00203095	0.00741018	
-0.0328705	0.659021	0.0390134	0.0400872	-0.00166764	0.000147256	-0.00538706	-0.100714	0.137403	-0.669494	0.133732	-0.389344	-0.0164137	0.0611623	-0.657616	-0.641306	0.382822	0.0258704	-0.0997592	0.0354463	0.189464	0.114169	-0.00460329	
-0.0235957	0.660284	0.0357748	0.0398248	-0.000333319	0.00151076	-0.00461105	-0.137561	0.0998583	-0.669207	0.0561846	-0.45139	-0.0148491	0.164703	-0.651889	-0.636893	0.442631	0.0283137	-0.0846359	0.0304373	0.176845	0.0981053	-0.00177116	0.00467624	0.00117113	
-0.0145001	0.662474	0.0349503	0.0416415	-0.00193515	0.000338858	-0.00632388	-0.140923	0.0682691	-0.671734	0.0973935	-0.536441	-0.0161399	0.0649786	-0.659725	-0.640517	0.523391	0.0218021	-0.0959414	0.0213417	0.175949	0.111541	-5.39661e-05	-0.00517731	0	-0.00745506	
-0.0355827	0.694048	0.0268981	0.0389118	-0.00103639	-0.000617681	-0.00392571	-0.161494	0.195998	-0.70443	0.128858	-0.474913	-0.017259	0.116988	-0.695305	-0.687186	0.468936	0.0351813	-0.131477	0.0409425	0.165598	0.142735	0.00327337	-0.0010255	
-0.0343379	0.638643	0.0354188	0.0353133	-0.00224765	0.000697928	-0.00607553	-0.104774	0.163333	-0.64912	0.155495	-0.376556	-0.0157418	0.218858	-0.631506	-0.617992	0.372181	0.0305186	-0.144526	0.0430009	0.133115	0.151794	0.00245375	-0.00261198	0.00441604	
-0.0304676	0.641187	0.0271673	0.0353404	-0.000282456	0.000823137	-0.00685767	-0.0994935	0.0976861	-0.648093	0.108181	-0.388863	-0.0160214	0.115341	-0.631766	-0.632405	0.386962	0.0309477	-0.146314	0.0387063	0.20742	0.15013	0.0025662	-0.00332134	
-0.0319145	0.641187	0.0303818	0.0439922	8.20581e-05	0.000548308	-0.00824825	-0.127919	0.114286	-0.648941	0.100961	-0.366427	-0.0159355	0.122142	-0.637338	-0.595752	0.370537	0.0312225	-0.213155	0.0381852	0.168103	0.220446	-0.00338138	-0.00196988	0.0029514	
-0.0320913	0.650297	0.0390976	0.0460927	0.00101288	0.000153934	-0.00410323	-0.135782	0.0650861	-0.659757	0.0637121	-0.431452	-0.0162424	0.141405	-0.636168	-0.63055	0.427546	0.0285596	-0.170753	0.0392614	0.186894	0.174829	0.000713077	-0.00287124	-0.0443878	
-0.0237985	0.621648	0.0300989	0.0558963	0.00120241	0.000709856	-0.0057387	-0.148389	0.147576	-0.630445	0.134039	-0.422872	-0.0150454	0.148729	-0.615351	-0.595699	0.429806	0.0339259	-0.136209	0.0309686	0.129007	0.144065	-0.00436146	-0.0044337	-0.621648	-0.0503558	0.00279487	
-0.0422819	0.621648	0.0335915	0.041601	-0.00175791	0.000973066	-0.00564972	-0.0651804	0.0893763	-0.629654	0.0753413	-0.440193	-0.0153126	0.126912	-0.611834	-0.587639	0.432318	0.0238464	-0.144555	0.0491888	0.193279	0.156604	0.00118129	0.00283236	
-0.0253108	0.620951	0.0403794	0.0476433	-0.00137411	0.00027589	-0.00387732	-0.088738	0.0465483	-0.629606	0.11924	-0.3801	-0.0162744	0.199172	-0.617637	-0.59644	0.391928	0.0251625	-0.128891	0.0309498	0.20312	0.134377	-0.00147383	-0.00155517	0.00608585	
-0.0278024	0.681386	0.0417867	0.0475577	0.00178535	0.00027589	-0.0043051	-0.224861	0.110758	-0.690846	0.114073	-0.417634	-0.0163753	0.221761	-0.681086	-0.643684	0.41935	0.0256381	-0.214029	0.034014	0.206968	0.224198	-0.00173746	0.00306055	0.00146196	0.066031	-0.442453	
-0.0277518	0.680828	0.0484592	0.0519753	-0.00101634	-0.000205602	-0.00814514	-0.186383	0.0706753	-0.689921	0.102083	-0.404872	-0.0168764	0.261307	-0.679125	-0.645583	0.410542	0.0205937	-0.0982895	0.0339966	0.182791	0.109568	-0.00302789	-0.00042198	0.0036011	-0.0100508	-0.00304145	
-0.0293793	0.682128	0.0317264	0.0388384	-0.000850676	0.0010936	-0.00721391	-0.186383	0.0629306	-0.69006	0.0958043	-0.560028	-0.0151793	0.142796	-0.6698	-0.653744	0.555151	0.0202234	-0.162704	0.0397518	0.173818	0.172288	-0.00492066	-0.000127194	0.000434875	
-0.0334282	0.682128	0.0546431	0.0528221	-8.55451e-05	0.00126159	-0.00691335	-0.186383	0.0740558	-0.689213	0.131377	-0.457674	-0.0154461	0.141949	-0.668858	-0.650446	0.447003	0.0129128	-0.131324	0.0410862	0.147027	0.143207	0.000733717	0.00580813	0.000395209	
-0.00726569	0.681816	0.0358283	0.0459916	0.000751689	-1.98121e-05	-0.00377887	-0.186383	0.172311	-0.689757	0.14275	-0.460462	-0.0154458	0.0820769	-0.671876	-0.63816	0.447973	0.0243563	-0.143544	0.0193158	0.174609	0.149555	0.00346271	0.00391187	0.00233959	
-0.0254265	0.681669	0.0542668	0.0508	0.000751689	-0.000166473	-0.00567726	-0.193557	0.122981	-0.688462	0.257489	-0.482836	-0.01578	0.0959422	-0.67909	-0.638845	0.46967	0.0179009	-0.103166	0.0347595	0.190071	0.112156	-0.000320924	0.00249529	
-0.0295089	0.614706	0.0562738	0.0561008	0.000268924	0.000316292	-0.00536081	-0.130231	0.0280707	-0.621985	0.170018	-0.424995	-0.0159545	0.263751	-0.608823	-0.593498	0.415031	0.0180966	-0.141469	0.0395445	0.193769	0.150746	-0.0045269	0.00106614	0	
-0.013263	0.704554	0.0262407	0.0418175	-0.000510704	-0.00114504	-0.00651365	-0.219429	0.0904531	-0.714464	0.216418	-0.358911	-0.0174987	0.1069	-0.699783	-0.679805	0.34663	0.0181488	-0.132135	0.0274733	0.112184	0.141673	-0.00020741	0.00306384	-0.704554	-0.00143874	
-0.033964	0.673245	0.0400378	0.0415081	-0.000894271	-0.000835608	-0.00684993	-0.185661	0.0427259	-0.683155	0.174585	-0.394161	-0.0173445	0.112138	-0.664244	-0.658058	0.382153	0.0227865	-0.130169	0.0465085	0.176201	0.136749	-0.00534301	0.000321345	0.0338108	0.0163195	-0.00724638	
-0.0438647	0.672021	0.0361271	0.0411402	-0.000403219	-0.000987098	-0.00684993	-0.21909	0.131422	-0.681449	0.169138	-0.436315	-0.0174037	0.138578	-0.676147	-0.656315	0.425623	0.018821	-0.12508	0.0538377	0.143417	0.136749	-0.00169997	0.00112628	0	
-0.0492864	0.66114	0.0409398	0.0401923	-0.00218169	-0.000599785	-0.00838977	-0.19704	0.0842547	-0.670614	0.237089	-0.398143	-0.0169237	0.187671	-0.657043	-0.619701	0.391468	0.0271419	-0.124901	0.0587201	0.151798	0.130098	-0.00313401	-0.00108121	0.00545155	0.0032035	
-0.0295631	0.667721	0.0394852	0.0393169	-0.00113191	0.000791019	-0.00418862	-0.20223	0.0280098	-0.677571	0.129891	-0.356198	-0.0152225	0.149067	-0.656353	-0.623911	0.342084	0.024853	-0.0931952	0.0403174	0.176713	0.103671	6.96465e-05	-0.00144277	-0.385002	
-0.0417604	0.667721	0.0293906	0.042029	-0.00128005	0.000418823	-0.00807215	-0.192288	0.0981092	-0.675469	0.120779	-0.413307	-0.0158046	0.129379	-0.647301	-0.640924	0.402188	0.0196061	-0.142553	0.0526376	0.150645	0.147044	0.00154047	0.00243142	-0.00428508	
-0.0409937	0.667721	0.025658	0.0371467	0.000689004	0.000418823	-0.00829396	-0.189752	0.105276	-0.676034	0.110781	-0.403358	-0.0155789	0.248649	-0.663176	-0.636118	0.394308	0.0313751	-0.130191	0.0520248	0.198176	0.133076	0.00135783	-0.000615583	0.0144408	0.0074494	
-0.041214	0.673036	0.0307036	0.0350168	-0.000599796	0.00301253	-0.00781019	-0.246802	0.0443395	-0.678146	0.11494	-0.317455	-0.0132908	0.117407	-0.655817	-0.638125	0.311671	0.0193205	-0.105681	0.0515976	0.251832	0.109513	-0.00610192	-0.00147147	
-0.0419961	0.694197	0.0309839	0.0355419	0.00111037	0.000959614	-0.00595902	-0.244456	0.0673861	-0.70352	0.0632726	-0.429205	-0.0158172	0.124948	-0.665495	-0.664386	0.4222	0.0207513	-0.105472	0.0523712	0.13405	0.106825	-0.00386113	0.000893779	-0.00398408	
-0.0296307	0.677446	0.0456527	0.0401245	1.66515e-05	0.00126508	-0.00715697	-0.227271	0.0425592	-0.68445	0.122569	-0.397651	-0.0149523	0.227114	-0.648283	-0.655331	0.383531	0.0221819	-0.136443	0.0356845	0.136105	0.141114	0.000171136	-0.00149246	
-0.0291438	0.713613	0.0328227	0.0444977	-0.00237241	0.00126508	-0.00614533	-0.263439	0.0719324	-0.720954	0.20409	-0.325544	-0.0151104	0.18317	-0.691862	-0.672657	0.312895	0.02537	-0.122526	0.0368824	0.14164	0.127156	-0.0026468	-0.0013886	0	-0.00323449	0	
-0.0216956	0.699673	0.0295463	0.0356126	-0.00352437	0.00129206	-0.00819571	-0.191831	0.108507	-0.706807	0.0903517	-0.340182	-0.0149915	0.162786	-0.66472	-0.649218	0.333523	0.0251964	-0.142095	0.0294072	0.176504	0.145265	-0.00636491	-0.000258821	
-0.0307835	0.699023	0.0320441	0.0409063	-0.00169437	0.00064236	-0.00717095	-0.248964	0.18771	-0.708057	0.064353	-0.381486	-0.0159349	0.113729	-0.67808	-0.662885	0.372194	0.0247601	-0.120639	0.0375475	0.170778	0.128762	-0.00871812	0.00150972	-0.551087	
-0.0389034	0.644881	0.0457385	0.0409063	-0.00340818	0.00064236	-0.00626794	-0.164218	0.0561605	-0.652184	0.0813626	-0.423772	-0.0154988	0.0897921	-0.627539	-0.617218	0.411976	0.0287453	-0.112508	0.0467929	0.20171	0.118815	-0.00574206	-0.00367173	
-0.0307495	0.644987	0.0310235	0.0417325	-0.00151918	-7.77723e-05	-0.00683426	-0.186986	0.0381929	-0.652511	0.127799	-0.343195	-0.0159301	0.130123	-0.634155	-0.615205	0.345777	0.022468	-0.0868782	0.0375193	0.203585	0.0962516	-0.00550308	-0.00102179	0.000583975	0.000483474	0	
-0.0367729	0.69064	0.0359166	0.0346866	-0.00100002	0.000473499	-0.00804091	-0.221683	0.0225513	-0.698782	0.241724	-0.346389	-0.0154664	0.161434	-0.666147	-0.658179	0.345777	0.0164694	-0.0951415	0.0458512	0.17328	0.099655	-0.00444909	-0.000575511	0.000502669	0	0.00142888	
-0.0222014	0.68963	0.060516	0.0442856	0.000333483	0.000473499	-0.00280059	-0.170739	-0.00133325	-0.696962	0.0889142	-0.276491	-0.0154145	0.260242	-0.659	-0.650177	0.277698	0.0222695	-0.0911623	0.0287743	0.218824	0.0988318	-0.00310724	
-0.0355596	0.657347	0.0321511	0.0451793	-0.0013337	0.000433918	-0.00725677	-0.12587	-0.000263054	-0.664624	0.0699738	-0.319986	-0.0152884	0.195773	-0.655984	-0.612522	0.317754	0.0168556	-0.124887	0.043131	0.154158	0.128492	-0.00110589	-0.000842721	
-0.0297448	0.650021	0.0234543	0.0445314	-0.000696492	-0.000158698	-0.00620283	-0.145328	-0.00119201	-0.657891	0.221302	-0.329027	-0.0156416	0.169574	-0.626898	-0.609515	0.326672	0.0219262	-0.10077	0.0411074	0.207685	0.102721	1.62574e-07	0.0112131	0.0266032	
-0.0361036	0.651489	0.0329876	0.0420496	-0.00211961	0.00178052	-0.00705916	-0.121329	-0.000231735	-0.657498	0.101519	-0.291561	-0.0146642	0.246809	-0.60786	-0.603265	0.285285	0.0162492	-0.0591058	0.047108	0.209629	0.0702486	0.00798577	-0.650079	
-0.0427732	0.635198	0.038461	0.0378611	-0.00252101	0.00218192	-0.00613233	-0.105038	-0.00142382	-0.639892	0.212916	-0.354687	-0.0141673	0.185391	-0.595796	-0.616434	0.346869	0.0158478	-0.0789874	0.0485594	0.204205	0.0868912	-0.002086	0.010339	-0.0103553	0.00844897	
-0.0316432	0.687979	0.0441981	0.0374538	-0.000898874	-0.000275213	-0.00632956	-0.202294	-0.00315851	-0.696295	0.0769709	-0.370222	-0.0170875	0.0924292	-0.675196	-0.666057	0.357728	0.019952	-0.0733749	0.0403253	0.190558	0.0819828	0.00024878	0.000940255	0.0204537	
-0.0356951	0.690012	0.0467162	0.0301309	0.000711222	0.00178735	-0.00387612	-0.202294	-0.00118814	-0.696601	0.159752	-0.374745	-0.0145179	0.164521	-0.654685	-0.657511	0.361444	0.0164519	-0.0864115	0.0443475	0.240125	0.0986874	-0.00147654	
-0.0643138	0.646855	0.0352514	0.0301309	-0.000924077	0.00178735	-0.0060459	-0.161802	-0.00232513	-0.654098	0.0544715	-0.343201	-0.0146995	0.104773	-0.629738	-0.62673	0.329518	0.0212543	-0.11703	0.0729662	0.19626	0.124913	-0.00117967	
-0.0436049	0.672072	0.0452283	0.0445226	-0.0008231	0.00209884	-0.00685523	-0.172066	-0.00119702	-0.677623	0.0383862	-0.368638	-0.0149421	0.134	-0.658399	-0.639916	0.355564	0.0209428	-0.0719365	0.0528081	0.197268	0.0786661	-0.00319763	
-0.0536893	0.671112	0.0522909	0.0347488	0.00091931	0.000243429	-0.00628927	-0.203273	-0.00112496	-0.679117	0.0905995	-0.360952	0.063069	-0.0157272	0.1632	-0.661426	-0.638431	0.353233	0.0169668	-0.0518019	0.064491	0.200349	0	
-0.0330282	0.671384	0.042957	0.0418033	-0.000991469	0.00100746	-0.00688466	-0.168788	-0.000386794	-0.676739	0.153314	-0.320313	0.0781293	-0.0155048	0.13915	-0.665167	-0.651439	0.309964	0.016475	-0.0693474	0.0410745	0.239313	
-0.0412547	0.676525	0.0621886	0.0379427	-0.000638296	0.00127253	-0.00641944	-0.224409	-0.000874403	-0.684984	0.184667	-0.406456	0.10319	-0.0146576	0.192426	-0.663062	-0.661269	0.400722	0.0217092	-0.0949347	0.0476123	0.20618	
-0.0310188	0.643696	0.0506409	0.0380146	5.89724e-05	-2.59513e-05	-0.00546127	-0.173845	-0.000130944	-0.649325	0.0970821	-0.330149	0.0986427	-0.0159872	0.211032	-0.631073	0.319181	0	0.0238616	-0.0859518	0.041043	0.176394	-0.616347	0.0118389	
-0.0387736	0.671707	0.0431217	0.0317562	-0.000677639	0.00152485	-0.00765165	-0.217784	-0.000347004	-0.677701	0.112361	-0.368813	0.0871811	-0.0148164	0.123709	-0.643641	0.360518	0.00192038	0.0205717	-0.0790696	0.0480763	0.157127	-0.633118	
-0.0242647	0.674926	0.0670816	0.0423861	-0.000677639	0.00111282	-0.00773819	-0.152743	0.000721467	-0.682773	0.101709	-0.405281	0.119163	-0.0148887	0.165606	-0.659028	0.403924	0.0221841	-0.109148	-0.00255238	0.0325328	0.182497	-0.652943	
