0.0976777	0.00321428	-0.0220423	0.267737	0.0161225	0.168479	0.00204309	0.270043	0.230651	0	0	0	0	0	0	0	0	0	0	0	0	0	0	0	0	0	0	0	0	0	0	0	0	0	0	0	0	0	0	0	0	0	0	0	0	0	0	0	0	0	0	0	0	0	0	0	0	0	0	0	0	0	0	0	0	0	0	0	0	0	0	0	0	0	0	0	0	0	0	
0.0532865	0.00321428	-0.0220052	0.267737	0.0161225	0.157569	0.00204309	0.270043	0.230651	0.0657442	0.0852929	-0.0138922	-0.0430552	0.0533249	0.0793325	0.0791392	0	-0.000456521	-0.00425016	-0.00792593	0	0.128326	0	-0.0348986	-0.0382396	0.000385784	-0.00204309	0	0.000456521	0	-0.0432672	0	0.0396429	0.00950908	-0.0120679	0.0253407	-0.024214	0.0443551	-0.0393248	-0.0240962	0	
0.102596	0.00596467	-0.0220052	-0.0200441	0.0741346	0.157569	0.00204309	0.270043	0.0629938	0.0852929	0.0568066	-0.0469082	-0.00792593	0.101628	0.0390819	0.230651	0.212367	0.0557085	0.0227669	-0.0516412	0.267737	-0.0240962	0.0214282	0.0509538	0.1153	0.0158682	
0.0836845	0.00596467	-0.0220052	-0.0200441	0.0654017	-0.0307567	0.00204309	0.15078	0.109745	0.0958057	0.00225775	0.0359318	-0.0213606	-0.0152704	0	0.230651	0.169069	0.0557085	0.00222281	-0.0187887	0.267737	0.0659909	0.000516664	-0.0666376	0.197763	0.113245	
0.047567	0.00596467	-0.0220052	-0.0200441	0.0816904	-0.0381183	0.00204309	0.260119	0.127722	0.0873372	0.0591532	0.088114	-0.0131992	-0.0553173	0.0495934	0.230651	-0.00204309	0.169069	-0.0427141	0.00222281	0	0.0173288	0.159469	0.0450867	0.000516664	-0.0482032	0.282489	
0.0640516	0.00958793	-0.0256285	-0.00777727	0.0727956	-0.0483619	0.00566634	0.194937	0.0886844	0.186319	0.104152	0.088114	0.00242294	-0.0553173	0.0386951	0.234274	0.172692	-0.0021444	0.000844193	0.0909604	0.252796	0.00958025	0.213354	0.0176948	-0.039295	
0.0640516	0.00958793	-0.0256285	0.00199189	0.0727956	-0.0503094	0.010544	0.245544	0.0853412	0.242328	0.122059	0.0348626	-0.0212609	-0.0606102	0.0573811	0.093435	0.0120937	0.000844193	0.0909604	-0.0260782	0.14515	0.113908	0.228761	0.0106642	-0.0280636	
0.228761	0.00991658	-0.0256285	0.0143994	0.0727956	-0.0503094	0.010544	0.249752	0.068484	0.228432	0.13851	0.0345339	-0.0212609	0.019937	0.0573811	0.125915	-0.0357412	0.0169363	0.022504	0.0909604	0.169297	0.363372	0.0585955	0.0106642	0	0	0.00991886	
0.170087	0.00991658	-0.0256285	0.0130177	0.199354	-0.0503094	0.010544	-0.0321191	0.0747285	0.247205	0.121716	-0.00207539	-0.0187667	0.073239	0.0489585	0.168208	0.0614746	0.349979	0.312231	0.0909604	0.233767	0.0444349	0.00745211	0.0106642	-0.0198375	0.0519329	
0.247735	-0.0256285	0.00227793	0.0734271	-0.0230183	-0.0525696	0.155684	0.313266	0.079846	0.253437	0.140192	-0.00343977	-0.00867426	0.115356	0.0489585	0.00991658	0.0605705	0.139612	0.0909604	0.010544	0.0418525	0.173047	0.0409479	0.00835617	0.0106642	
0.351991	-0.0256285	0.00525829	0.168466	-0.0383333	0.0548137	0.240954	0.313266	0.0555005	0.253437	0.125524	0.0297932	0.0852925	0.0526837	0.0489585	0.00991658	0.0874895	0.0646269	0.111945	0.010544	-0.0212969	0.259575	0.0926206	-0.0185627	0.0203696	
0.353643	-0.0249426	0.0246112	0.0120623	0.15608	-0.0383333	0.102971	0.218601	0.314918	0.114991	0.25509	0.0511111	0.0487023	0.146612	0.15568	0.0121962	0.0115688	0.111426	0.0543601	0.115341	-0.0214284	0.0961866	0.261227	0.116479	-0.0424993	
0.353643	-0.0249426	0.039691	0.137775	0.15608	-0.0394993	0.0958112	0.218601	0.314918	0.0351895	0.252201	-0.0031526	0.0971973	0	0.153434	0.0133622	0.0115688	0.118515	-0.0324815	0.115341	0.0120623	0.0961866	0.423594	-0.0238471	-0.0399794	
0.394714	-0.0249426	0.0369	0.124408	0.218866	-0.038189	0.0178063	0.214469	0.402862	0.0288916	0.217173	0.100141	0.0378292	0.159599	0.221765	0.0120519	0.0115688	0.118515	-0.0495662	0.115341	0.0257319	0.101219	0.359279	-0.0399794	0.0961866	0	0	
0.394714	-0.0249426	0.0176146	0.103629	0.148851	-0.0441081	0.0112918	0.23451	0.376805	0.0813754	0.239023	0.0383556	0.0522523	0.112058	0.174559	0.0120519	0.0115688	0.107369	-0.0423309	0.115341	0.0234825	0.103042	0.359279	-0.0288338	0.105587	0.00320927	
0.363808	-0.0249426	0.00534825	0.0539209	0.150654	-0.0441081	-0.0489569	0.192296	0.387617	0.107633	0.242783	0.124247	0.00340849	0.051182	0.21851	0.0120519	0.0115688	0.125824	-0.0365302	0.119991	0.103042	0.337111	-0.0472891	0.0193243	
0.363808	-0.0249426	0.00534825	0.0382229	0.0933018	-0.0239684	-0.0388969	0.192296	0.302839	0.109254	0.254153	0.0150922	0.0316862	0.00301318	0.327448	0.00681385	0.00552898	0.131864	-0.0634172	0.123532	0.0193243	0.0478579	0.258658	-0.0616902	0.0506563	
0.226909	-0.0249426	-0.00192829	0.0208815	0.0933018	-0.0362083	0.0623568	0.192296	0.346618	0.0912183	0.227217	0.143319	0.0316862	0.00762827	0.325214	0.00681385	0.00552898	0.109661	-0.0515216	0.117386	0.0193243	0.0295779	0.226608	-0.039487	0.174119	
0.253411	-0.0249426	-0.000907037	-0.00695247	0.0733374	-0.0425401	0.0623568	0.231926	0.460681	0.046862	0.209992	0.0531887	0.032602	0.0144283	0.258098	0.00681385	0.00552898	0.109661	-0.0566718	0.115379	0.00394628	0.0230488	0.511124	-0.039487	0.0542249	
0.278841	-0.0249426	-0.00337741	0.0348369	0.172471	-0.0434991	0.0111825	0.215481	0.337434	0.0781351	0.21639	0.0641653	0.00632125	0.0211895	0.273312	0.00777284	0.00552898	0.109661	-0.0724028	0.115379	0.0226346	0.0557984	0.508108	0.0159863	0.0849155	0	0.193853	
0.201918	-0.0285752	-0.00337741	0.021456	0.109902	-0.0522092	0.0604895	0.213235	0.300039	0.144174	0.23834	0.0641653	0.0280524	0.012951	0.331593	0.00777284	0.00607874	0.0562984	-0.0578015	0.115379	0.0325466	0.028814	0.284399	0.068799	
0.18957	-0.023397	0.00215701	0.0923211	0.126228	-0.0530305	0.115396	0.238925	0.300277	0.144174	0.23834	-0.00212491	0.010717	0.025251	0.334972	0.00777284	0.00607874	0.0562984	-0.0642053	0.115379	0.0325466	0.028814	0.277198	0.0821109	
0.18957	-0.023397	0.0029144	0.0718786	0.191023	-0.0497665	0.149204	0.191427	0.367427	0.135135	0.241689	-0.00588083	0.0882741	0.00791989	0.216918	0.0164744	-0.00133725	0.0637144	0.017136	0.115379	0.0484253	0.0761705	0.223624	0.089214	0	0	
0.18957	-0.024076	0.0029144	0.114249	0.268411	-0.0490214	0.094549	0.206374	0.367427	0.0865091	0.241689	-0.00804893	0.049568	0.0486765	0.232992	0.0138499	0.00277159	0.0596056	0.0197605	0.134062	0.0484253	0.0297341	0.310106	0.0208436	
0.181928	-0.030348	0.00749033	0.0446969	0.187512	-0.0589746	0.144845	0.238236	0.30775	0.0673504	0.241689	0.0126527	0.0767584	0.0565559	0.20487	0.0138499	0.00277159	0.0239496	0.134062	0.0484253	0.0596056	0.0669585	0.302469	
0.188692	-0.030348	-0.00563159	0.0990008	0.24028	-0.0417965	0.171549	0.175308	0.310334	0.0840189	0.241689	0.0384903	0.0639516	0.0565559	0.211283	0.0138499	-0.000714427	0.0753269	0.134062	0.048119	0.0630916	0.0421767	0.332899	-0.0308424	-0.0738877	
0.188054	-0.031402	-0.00232892	0.150578	0.192436	-0.0600088	0.093596	0.285011	0.319559	0.193103	0.244992	0.103899	0.0639516	0.045944	0.114415	0.0110782	0.00258824	0.0462633	0.132386	0.0337723	0.0737034	0.0475182	0.412299	-0.0330254	
0.188054	-0.031402	0.00528771	0.224846	0.275406	-0.0611071	0.129109	0.31829	0.339347	0.0678466	0.262949	0.0279783	0.0639516	0.0665039	0.115601	0.0170334	0.00258824	0.0144131	0.132386	0.0209095	0.0563224	0.0639304	0.422802	0.0185326	-0.00172272	
0.229251	-0.031402	-0.000923045	0.150388	0.256387	-0.0432483	0.159765	0.31829	0.339347	0.128429	0.196744	0.0329946	0.0529705	0.0993784	0.113146	0.0153717	0.0135694	0.0418722	0.135636	0.0522465	0.0124668	0.0639304	0.332781	-0.0290622	0	
0.229251	-0.031402	0.003755	0.223094	0.291948	-0.0490733	0.091624	0.174048	0.29835	0.122145	0.196744	0.0329946	0.0183826	0.0998626	0.0413169	0.0153717	0.0135694	0.0726083	0.126596	0.0688426	0.0235863	0.0216532	0.568535	0.0384704	
0.214311	-0.031402	-0.010397	0.239361	0.23486	-0.0353876	0.149474	0.221407	0.343951	0.0866462	0.196744	0.0449017	0.0183826	0.124673	0.140396	0.0153717	0.0135694	0.122496	0.126596	0.0688426	-0.00122418	0.0636248	0.443773	0.0384704	0	
0.205791	-0.031402	-0.0087358	0.247359	-0.0363712	0.0179161	0.217892	0.373514	0.113151	0.212524	0.118965	0.0717088	0.129839	0.238367	0.0163656	0.0135694	0.121502	0.126596	0.0560373	0.00277261	0.0636248	0.580788	0.0248127	
0.234506	-0.0309323	-0.00888916	0.264532	0.0246593	-0.0363712	-0.0256834	0.296183	0.373361	0.0999551	0.212371	0.172065	0.131034	0.0978784	0.238367	0.0162122	0.013416	0.148414	0.126443	0.0514297	0.053278	0.107633	0.393009	
0.234506	-0.0309323	-0.013641	0.264532	0.0246593	-0.0330562	-0.035977	0.296183	0.345974	0.10536	0.212371	0.172065	0.014979	0.0861273	0.179513	0.0162122	0.013416	0.148414	0.124639	0.0514297	0.053278	0.131837	0.615837	
0.213587	-0.0309323	-0.0324275	0.147608	0.00777978	-0.0179129	-0.0406653	0.244981	0.350799	0.112023	0.212371	0.178743	0.0237367	0.0680473	0.129452	0.0101491	0.013416	0.107567	0.124639	-0.00125403	0.0749632	0.131837	1.68099	
0.213587	0.00777978	-0.0411179	0.299539	0	-0.0192047	0.00145925	0.263433	0.259188	0.13799	0.202191	0.184646	0.00396686	0.0958156	0.0268999	0.0101491	0.013416	0.17439	0.124639	0.0146112	0.0427651	0.108866	-0.0288549	0.0332007	0	
0.205803	0.00893703	-0.0320916	0.214815	-0.00999143	-0.0389293	-0.0276788	0.327553	0.312369	0.0740335	0.202191	0.184371	0.0817092	0.0835093	0.0251935	0.0101491	0.0234074	0.235207	0.130888	0.0146112	0.0427651	0.135969	-0.0288549	0.0257213	0.108395	
0.208142	0.000927093	-0.0376375	0.103234	-0.0270251	-0.0356736	-0.00664252	0.311621	0.353563	0.0661683	0.202755	0.184371	0.036161	0.110604	-0.00255538	0.0101491	0.0404411	0.284268	0.120881	0.032885	0.0156701	0.13065	-0.0288549	0.0749442	
0.205688	0.000927093	-0.0354821	0.0859318	-0.0198634	-0.00664252	0.311621	0.291188	0.170095	0.209387	0.172241	0.020054	0.129797	0.0263867	0.0101491	0.0119142	0.284268	0.11806	0.0264217	-0.00202123	0.178775	-0.0288549	
0.184134	-0.0123115	-0.0353116	0.220842	-0.0271673	-0.0379325	0.32831	0.291188	0.0389518	0.209387	0.121841	0.0409944	0.0914897	-0.00390647	0.0101491	0.0119142	0.270192	0.11806	0.0264217	0.0263166	0.14097	-0.0230427	
0.184134	0.0176497	-0.0353116	0.119269	-0.0313568	0.174701	0.00697277	0.482743	0.268624	0.0375545	0.256956	0.156169	0.0240988	0.139071	0.0217199	0.0101491	0.0119142	0.308432	0.11806	0.0383629	0.0013607	0.139978	-0.0230427	
0.184134	-0.0122043	-0.0380289	0.153751	-0.0337604	0.00258705	-0.00072005	0.546376	0.254106	0.0662492	0.256956	0.156169	0.062355	0.124995	0.014292	0.0152639	0.010164	0.303317	0.11806	0.0496917	0.0282565	0.173707	-0.0230427	0.00410658	
0.184134	0.00581775	-0.0380289	0.135729	-0.0341088	-0.00139131	0	0.495413	0.222284	0.126308	0.239086	0.156169	0.0371181	0.110641	0.00909947	0.0156123	0.0129903	0.302969	0.122853	0.0318229	0.039784	0.122453	-0.0230427	
0.14733	0.0154144	-0.0275797	0.191766	-0.0289795	-0.0231878	0.469785	0.306183	0.0611764	0.239086	0.152574	0.0719019	0.114728	-0.0496728	0.0156123	0.0129903	0.297898	0.122853	0.0317222	0.035697	0.11595	-0.0230427	
0.153659	0.0314631	-0.0275797	0.180381	-0.0529867	-0.0663468	0.0367946	0.48908	0.30327	0.0487235	0.222319	0.124006	0.0372684	0.143045	-0.0115807	0.0341564	0.0129903	0.32486	0.122853	0.154219	0.00847506	0.117919	-0.0230427	0	
0.234219	0.0202547	-0.0258697	0.152651	-0.0453549	-0.048771	0.0406707	0.48908	0.262404	0.0353701	0.222319	0.0815745	0.0478699	0.145924	0.0245582	0.0265245	0.0129903	0.369762	0.100375	0.105956	0.0326745	0.116847	-0.0230427	
0.234219	0.0165105	-0.0341086	0.133231	-0.0453549	0.0251465	0.0231314	0.428144	0.361655	0.0819876	0.254875	0.129886	0.0495317	0.024873	0.0265245	0.0129903	0.128414	0.100375	0.130637	0.0326745	-0.0228012	0.145924	
0.260983	0.0421816	-0.0389493	0.0274137	-0.0393302	-0.00458599	0.0383888	0.428577	0.333211	0.0975477	0.240855	0.0777065	0.0375549	0.158486	0.012725	0.0269574	0.0134232	0.111601	0.100808	0.11847	0.0201127	-0.0264172	0.0122197	-0.0333758	
0.261742	0.0421816	-0.0513842	0.126525	-0.0393302	0.0387849	0.0276598	0.475746	0.333211	0.0867046	0.240855	0.139886	0.051523	0.162968	0.0218328	0.0269574	0.0120832	0.0878667	0.085166	0.123888	0.0214527	-0.0209993	
0.230919	-0.0564495	0.100097	-0.0441726	-0.00817401	0.0191583	0.475746	0.263815	0.150467	0.240855	0.247449	0.0331848	0.193178	0.0311354	0.0262107	0.0120832	0.0552328	0.0830439	0.109996	-0.00875727	-0.0209993	-0.0584185	
0.178589	0.238941	-0.0428958	0.0923097	-0.0450323	0.015067	0.0236011	0.473832	0.20351	0.279591	-0.0374826	-0.0582783	0.367248	0.0798059	0.176061	-0.0139838	0.0251562	0.00893738	0.0619557	0.0711817	0.12357	0.00959109	-0.0190851	0	
0.147436	0.238941	-0.0360828	0.201955	-0.0344003	0.00527999	0.0394694	0.473832	0.24454	0.278577	0.190769	0.121839	0.142653	-0.0246158	0.0251562	0.00893738	0.0820042	0.0711817	0.20102	0.0291983	-0.0190851	0.0988607	-0.0195467	
0.142626	0.238941	-0.0413749	0.100896	-0.048271	0.0410163	0.0396713	0.473832	0.243698	0.171477	0.119504	0.228346	-0.0103992	0.127099	0.132528	0.0831656	0.0251562	0.00784335	0.0231869	0.0711817	0.198616	0.0693989	-0.0214895	0	
0.125798	0.22769	-0.0413749	0.148148	-0.0491925	0.0343873	0.0396713	0.376517	0.231816	0.230343	0.0892904	0.228346	0.0271119	0.0846466	0.140685	0.0344461	0.0251562	0.00784335	0.0593019	0.0629682	0.203618	0.061242	-0.0214895	
0.178866	0.22769	-0.0154939	0.223332	-0.0512884	-0.040893	0.0578957	0.373313	0.231816	0.187053	0.131929	0.173297	0.0831451	-0.0600733	0.126995	-0.011281	0.0251562	0.00784335	0.0601421	0.0629682	0.238855	0.0749323	-0.0214895	-0.00855281	
0.169711	0.22769	-0.00867384	0.102138	-0.0512884	-0.0358984	0.0578957	0.316287	0.255771	0.111493	0.164537	0.106392	0.0602239	0.124748	0.0223436	0.0251562	0.00784335	0.0829305	0.0817576	0.238855	0.0771791	-0.0214895	
0.243138	0.22769	0.00503497	0.219717	-0.059519	-0.0198087	0.0336961	0.258279	0.326927	0.151817	0.164537	0.0181391	0.0799171	0.117655	0.0151956	0.0110348	0.0251562	0.00784335	0.0878155	0.0817576	0.191287	0.0842716	-0.0214895	0	
0.243138	0.233822	0.00503497	0.0828466	-0.059519	0.0424215	0.0339838	0.168288	0.287594	0.255287	0.177187	0.0702556	0.0221596	0.117655	0.00629581	0	0.0251562	0.00784335	0.0965685	0.0888941	0.189215	0.0842716	-0.0235618	-0.00613277	-0.0150588	
0.243138	0.303189	0.00599409	0.112612	-0.0596651	0.00436849	0.0176622	0.168288	0.318988	0.196744	0.173373	0.0364681	0.0458089	0.125741	0.0190578	-0.277439	0.0253024	0.00784335	0.0965685	0.0901012	0.209917	0.0842716	-0.0180238	0.034452	-0.0237073	0	
0.186326	0.307046	-0.00301518	0.0992019	-0.075811	0.0237332	0.0276593	0.168288	0.251819	0.193507	0.173373	0.0384602	0.122916	0.125741	0.0883489	0.0253024	-0.0199789	0.0110809	0.0908111	0.0901012	0.218921	0.0810341	-0.0180238	0.109326	-0.0407303	0.0245995	
0.186326	0.325846	0.00146641	0.0640917	-0.0747462	-0.0608103	0.0241288	0.168508	0.381358	0.159757	0.173373	0.0370132	0.0473862	0.089132	0.0199227	0	0.0110809	0.116925	0.0901012	0.154421	0.123139	-0.0180238	0.0253024	-0.0134463	
0.123164	0.331975	0.00146641	0.0290256	-0.0572128	-0.0315677	0.0224188	0.210069	0.419244	0.160493	0.2041	0.05406	0.0470442	0.089132	0.0367429	0.0446253	-0.0292658	0.0110809	0.104282	0.0901012	0.190546	0.123139	-0.0180238	0.0253024	0	0	
0.18845	0.331975	0.00146641	0.032577	-0.0699743	-0.0447977	0.0437313	0.249695	0.417254	0.102428	0.173266	0.0543582	0.0436389	0.147469	0.0365089	0.0364085	0.0253024	0.0110809	0.11409	0.126683	0.190546	0.0794028	-0.0180238	
0.18845	0.331975	-0.00799943	0.0321302	-0.0633581	-0.021203	0.0456033	0.282292	0.315559	0.240289	0.212834	0.0443271	0.017282	0.103389	0.0158198	0.0276487	0.0253024	0.00681816	0.139322	0.129305	0.191748	0.109262	-0.0180238	-0.0304007	
0.151471	0.340611	-0.0144055	0.0342709	-0.0699249	-0.0364778	0.0403491	0.330741	0.352524	0.240289	0.163783	0.0508118	0.0696895	0.0907721	0.118806	0.0414803	0.0294493	0.00681816	0.182268	0.129305	0.189868	0.121879	-0.0199045	0	
0.151471	0.30531	-0.0144055	0.149412	-0.0582096	-0.0662134	0.0376688	0.191568	0.413184	0.16442	0.156338	0.0161908	0.0415875	0.125304	0.0595622	0.0414803	0.0214229	0.00475593	0.182268	0.129305	0.189946	0.123941	-0.0199045	
0.154803	0.30531	0.0168282	0.0841394	-0.0582096	-0.0410464	0.0362802	0.216184	0.352956	0.203174	0.150401	0.106045	0.0727772	0.125304	0.121596	0.0414803	0.0214229	0.00475593	0.147818	0.129305	0.151864	0.123941	-0.0211012	-0.0518291	
0.164083	0.30531	0.0316763	0.0423156	-0.0609866	-0.00114839	0.0362802	0.216184	0.303493	0.140578	0.125874	0.122194	0.0831734	0.125304	0.124373	0.0601712	0.0214229	0.00475593	0.148639	0.122138	0.157871	0.123941	-0.0211012	0	
0.164083	0.302897	0.0316763	0.0770157	-0.0609866	-0.0526639	0.049894	0.282162	0.367949	0.175915	0.116264	0.0677584	0.0530055	0.0849118	0.0459788	0.0601712	0.0214229	0.00547439	0.148639	0.122138	0.137417	0.123223	-0.0271786	0	-0.0540868	
0.189401	0.280929	0.0780753	-0.0549616	0.0667479	0.0308258	0.309085	0.336537	0.142432	0.136315	0.123759	0.0562801	0.103144	0.0315662	0.0214229	0.00547439	-0.0444929	0.145321	0.139871	0.10499	-0.0247244	0.134156	
0.189401	0.280401	0.0572792	-0.0708923	0.0373816	0.327773	0.258193	0.142432	0.149454	0.0913739	0.0517019	0.0442554	0.0659527	0.0214229	0.0632637	0.00547439	-0.050158	0.145321	0.142889	0.163879	-0.0247244	0.118335	
0.220539	0.280401	0.0101749	0.0349811	0.372044	0.386936	0.264086	0.196387	0.0620527	0.0138041	0.0454188	0.027006	0.0214229	-0.0627659	0.00547439	1.6022e-05	0.133031	0.156743	0.163879	-0.0247244	0.132491	
0.188034	0.280401	0.0214229	0.0349811	0	0.316373	0.283717	0.196387	0.0735084	0.069358	0.212204	0.0271476	0.0665124	-0.0627659	0.00256795	1.6022e-05	0.133676	0.149705	0.372044	-0.0247244	0.147091	
0.158235	0.249778	0.0396697	0.0214229	0.347688	0.33878	0.200996	0.0377882	0.0334863	0.170417	0.0545506	0.0926335	-0.0627659	0.00256795	-0.0543427	0.133676	0.150197	0.372044	-0.0242331	0.147091	
0.206717	0.251025	0.0409168	0.0347009	0.314081	0.455334	0.188965	0.017184	0.0554902	0.161465	0.111317	0.0554192	-0.0747968	0.0127669	-0.0342291	0.134924	0.148552	0.394798	-0.0271253	0.0537489	
0.192339	0.251492	0.0460109	0.314081	0	0.0314774	0.0218384	0.209557	0.211716	0.0231695	-0.00303359	0.161465	0.111381	0.0111573	-0.0701758	0.0127669	-0.0294123	0.134924	0.148552	0.368116	-0.0271253	0.0511945	
0.242839	0.2089	0.275347	0.0274228	0.0169809	0.209557	0.262812	0.00851305	0.0477357	0.176584	0.0551326	-0.00764574	-0.069467	0.0127669	-0.0222456	0.122534	0.156191	0.299616	-0.0271253	0.062705	
0.232827	0.2089	0.0195432	-0.0149126	0.0194863	0.275347	0.360795	0.258637	0.0223975	0.035717	0.188358	0.0440929	0.0145988	-0.0496459	0.0127669	0.0128615	0.136099	0.234456	0.274846	0.00457238	0.115086	
0.251802	0.246201	0.020152	0.0200951	0	0.258231	0.386431	0.278517	0.0230063	0.0399837	0.188358	0.0682027	0.0182279	-0.0477681	0.0133757	-0.00107025	0.131794	0.147712	0.228761	0.00396357	0.0801144	
0.241937	0.246201	0.00991784	0.0397829	0.213249	0.441938	0.288751	0.0361259	0.00140621	0.182206	0.128383	0.0182279	-0.0474042	0.0195279	-0.0216345	0.131794	0.147712	0.267406	0.00396357	0.0688554	
0.241937	0.246201	0.00438526	0.0369194	0.216882	0.441938	0.291327	0.0594086	0.00140621	0.104967	0.162488	0.033	-0.0383485	0.0195279	-0.0110746	0.118797	0.148682	0.225144	0.00493366	0.057366	
0.25649	0.246201	0.0166854	0.0369194	0.296501	-0.00766714	0.510244	0.279027	0.0431861	0.0118572	0.105797	0.162488	0.0192765	-0.0506487	0.0186975	-0.0310755	0.118321	0.161015	0.261321	0.00493366	0.057366	
0.287598	0.227135	0.0166854	0.0346726	0.296501	0.510244	0.279027	0.0316699	0.0530905	0.116952	0.0358848	0.0202132	-0.0506487	0.0186975	0.021322	0.0924964	0.161015	0.261321	0.00493366	0.0196631	
0.287598	0.226352	0.0166854	0.0251633	0.261672	0.046814	0.510244	0.279027	-0.00372485	0.0927654	0.116952	0.0294238	0.0391003	-0.0636725	0.0186975	0.0121734	0.0942205	0.219285	0.363326	0.0108878	0.0395053	
0.287598	0.200425	0.0157627	0.0364999	0.261672	0.572764	0.284495	0.0302125	0.0329194	0.116952	0.032086	0.0485391	-0.0535814	0.0186975	0.118318	0.0942205	0.28569	0.343041	0.0108878	0.018433	
0.295241	0.200425	0.0157627	0.0364999	0.343084	0.572764	0.284495	0.00566505	0.097638	0.116952	0.0124902	0.0230924	-0.0519048	0.0186975	0.108039	0.0867139	0.209221	0.343041	0.0108878	0.0504867	
0.29537	0.200554	0.015892	0.0276412	0.343214	0	0.551391	0.220682	0.00652234	0.0207549	0.0723304	0.0370074	0.0198759	-0.0519048	0.0188268	0.108168	0.0963213	0.1982	0.376887	-0.000263312	0.0391275	
0.315842	0.205456	0.0181387	0.0276412	0.357451	0.649666	0.253385	0.0211439	0.0640223	0.0795039	0.071808	0.0198759	-0.0541515	0.0188268	0.0545809	0.0963213	0.179152	0.391812	-0.000263312	0.0392521	
0.317498	0.204997	0.0176806	0.0268659	0.284944	0.00191526	0.694109	0.191965	0.0190346	0.0122066	0.0805963	0.0643497	0.0127448	-0.0545644	0.0183686	0.0288057	0.0957645	0.172247	0.442506	0.00285144	0.0396261	-0.0254746	
0.304653	0.221106	0.0176806	0.0268659	0.284944	0.0224578	0.694109	0.191965	0.0130601	0.0100482	0.0805963	0.0318845	-0.00169972	-0.0639978	0.0183686	0.0160281	0.102237	0.152318	0.34231	0.00326279	0.055289	
0.304653	0.224541	0.0176806	0.0407268	0.270624	-0.0488957	0.826838	0.191965	0.0102568	0.071411	0.0874894	0.0266682	0.0310764	-0.0639978	0.0183686	0.0684752	0.0924509	0.152318	0.34231	0.00326279	0.0812893	
0.304653	0.255494	0.0176806	0.068938	0.146631	0.945471	0.191965	0.00165838	0.0211319	0.0874894	0.0267851	0.0326489	-0.0641147	0.0183686	0.0414692	0.0924509	0.152318	0.34231	0.00326279	0.10805	
0.304653	0.211916	0.0176806	0.053577	0.202015	0.0488726	0.945471	0.191965	0.0337876	0.0144521	0.102419	0.00282857	0.0228953	-0.0652042	0.0183686	0.11215	0.0435783	0.207118	0.374769	0.00326279	0.10805	
0.327809	0.254838	0.0189699	0.053577	0.218841	0.0399511	0.945471	0.190675	0.0440154	0.0315195	0.102419	0.0206323	0.0140863	-0.0522774	0.0183686	0.0430749	0.0524999	0.206206	0.346649	-0.00110449	0.16239	
0.327809	0.227093	0.0189699	0.0344544	0.254805	0	0	0.123551	0.774292	0.190675	0.0385745	0.0271358	0.0960873	0.026484	0.0140863	-0.0581291	0.016699	0.0365894	0.0277448	0.182731	0.225496	0.00294931	0.1498	
0.411791	0.254838	0.0129203	0.0344544	0.253565	0.00211139	0.156956	0.774292	0.196725	0.00189643	0.00399539	0.0875099	0.0330528	0.0126651	-0.0520796	0.016699	0.0407336	0.0277448	0.135678	0.217997	-2.88632e-05	0.125085	
0.401956	0.223109	0.0129489	0.0320035	0.185808	0.116964	-0.0394223	0.766477	0.196725	0.0368995	0.0192582	0.105682	-0.00163774	0.0336026	-0.0403136	0.0167276	0.128869	0.0191217	0.135678	0.210969	-5.74556e-05	0.134787	0.147171	
0.404607	0.244881	0.0155996	0.0346543	0.187809	0.00282493	0.0978805	0.711722	0.196725	-0.000679168	0.0259995	0.103867	0.027788	0.0362534	-0.0490011	0.0211929	0.0461237	0.0297468	0.135678	0.21362	-0.0027082	0.136209	
0.388623	0.191352	0.0159766	0.0379152	0.137082	0.103886	0.108986	0.711812	0.196725	0.0161825	0.105023	0.103957	0.0162893	0.0402054	-0.0513117	0.02148	0.0413543	0.0241188	0.140179	0.256718	-0.00308518	0.148499	0	
0.49618	0.184964	0.0159766	0.0379152	0.155281	0.101264	0.0623577	0.713459	0.196725	0.00140447	0.0466145	0.105604	0.0384322	0.0314878	-0.0513117	0.0198326	0.0451046	0.02674	0.126239	0.212157	-0.00308518	0.157238	
0.49618	0.193413	0.0159766	0.0289515	0.155281	0.142225	0.081672	-0.00386531	0.669634	0.196725	0.0440239	0.0409974	0.108792	0.0325576	0.00612711	-0.0606754	0.0198326	0.0451046	0.0182907	0.160119	0.255658	-0.00308518	0.115508	0	
0.510133	0.203358	0.00505504	0.0265735	0.299963	0.147783	0.0668061	0.622149	0.205268	0.0429737	0.0960991	0.0956863	0.0251599	0.00921582	-0.0355878	0.0174545	0.0444274	0.0128828	0.11748	0.25328	0.00215767	0.11313	0.00355756	0	0	
0.510133	0.203358	0.00480744	0.0365088	0.335623	0.157947	0.076331	0.446779	0.200301	0.0595175	0.0733976	0.113731	0.112088	0.034609	-0.0462772	0.0174545	0.043592	0.0128828	0.0861441	0.224218	0.00215767	0.112789	0.0164667	
0.513434	0.230568	0.00810942	0.0376089	0.306883	0.14305	0.0674963	0.324864	0.200301	0.0628194	0.144355	0.112936	0.036589	0.0276571	-0.0373503	0.0215516	0.0885968	0.0193488	0.108329	0.239446	0.00245481	0.0999031	
0.510789	0.209758	0.00810942	0.0376089	0.231467	0.140244	-0.0287123	0.327141	0.187327	0.0710623	0.0665275	0.112936	0.0487422	0.0276571	-0.0426229	0.0215516	0.0807722	0.0138779	0.0684689	0.312821	-0.00341646	0.129733	0.0674963	
0.502653	0.209758	0.00635258	0.0376089	0.291793	0.127844	0.229094	0.189084	0.0399326	0.0839642	0.108286	0.0658422	0.0114985	-0.0432574	0.0215902	0.170291	0.0138779	0.0644423	0.383471	-0.00341646	0.153148	0.0813772	0.0215902	
0.502653	0.232445	0.0124603	0.0351724	0.291793	0.127844	0.0860082	0.262089	0.146511	0.00466367	0.0533273	0.0836997	0.0658422	0.0538603	-0.0493651	0.0215902	0.213786	0.0138779	0.0535808	0.411732	-0.00574191	0.0715845	
0.433229	0.234047	0.0176135	0.0367739	0.229327	0.132377	0.00160157	0.0824565	0.470737	0.141916	0.0426381	0.0181238	0.0836997	0.0415908	0.026093	-0.0505271	0.0231918	0.183963	0.0237496	0.107554	0.450645	-0.00734348	0.0509902	
0.433229	0.234047	0.0127618	0.0367739	0.376539	0.132377	0.0943282	0.375619	0.146767	0.012262	0.0330692	0.0836997	0.0138073	0.026093	-0.0495375	0.0231918	0.192888	0.0237496	0.107554	0.450645	-0.00734348	0.038961	
0.444366	0.223171	0.0127618	0.0440711	0.266742	0.132377	0.100842	0.336236	0.146767	0.012262	0.0384869	0.0891174	-0.0148053	0.0337821	-0.0495375	0.0177741	0.205942	0.0237496	0.0954134	0.396378	-0.000368961	0.038961	
0.444366	0.223171	0.0127618	0.0440711	0.288413	0.139293	0.0844477	0	0.337006	0.130384	0.0886113	0.0552855	0.0936395	0.0325171	0.0337821	-0.0495375	0.0170045	0.202218	0.0168333	0.0747891	0.480317	-0.000368961	0.0381143	
0.444366	0.234012	0.0146153	0.0440711	0.253996	0.0967882	0.0912575	0.0588623	0.328392	0.12728	0.00370069	0.0575004	0.0936395	0.0240239	-0.0513911	0.0170045	0.039107	0.0168333	0.0673191	0.406967	0.0015226	0.0381143	-0.0253354	0.000621958	
0.444366	0.226487	0.0122229	0.0575568	0.268039	0.104547	0.126631	0.327206	0.138457	0.0281035	0.0869026	0.0924528	0.0157821	-0.0489987	0.0181912	0.0393206	0.00907459	0.0869903	0.3705	0.00209781	0.0663153	0.0856815	
0.413361	0.218646	0.00597422	0.0575568	0.34614	0.124098	0.121523	0.241429	0.160226	0.0325324	0.166206	0.0792915	0.0157639	-0.0349373	0.0163761	0.0310296	0.00784133	0.0869903	0.35285	0.00209781	0.0867701	
0.413361	0.210962	0.0113714	0.0575568	0.36897	0.117217	0.116126	0.269386	0.156219	0.101823	0.173062	0.0792915	0.0157639	-0.0403345	0.0881857	0.0163761	-0.00179722	0.035702	0.0155258	0.0869903	0.35285	0.00209781	0.0371163	0.0610204	0	-0.0152215	
0.413361	0.226122	0.0113714	0.053111	0.36897	0.0690958	0.113125	0.421507	0.156219	0.109395	0.156889	0.0744846	0.0292166	0.0163761	-0.0263668	-0.0374609	0.0188418	0.0178942	0.107742	0.380359	0.00547518	0.0448375	
0.415922	0.244016	0.0113714	0.053111	0.345315	0.0690958	0.118287	0.421507	0.156219	0.0446007	0.108615	0.0575625	0.0625848	0.0163761	-0.0163761	0	-0.0374609	0.0290519	0.0178942	0.119659	0.421871	0.00547518	0.0448375	0	
0.460364	0.221187	0.0113714	0.053111	0.302662	0.091668	0.0607351	0.35229	0.166633	0.0675091	0.182977	0.0575625	0.0321283	0.0163761	0.101423	-0.0383717	0.0501549	0.0198256	0.119659	0.42403	0.00547518	0.0509369	-0.0263427	
0.396355	0.221187	0.0113714	0.053111	0.246944	0.093763	0.267229	0.160504	0.012632	0.184964	0.0575625	0.00285489	0.0163761	0.0965695	-0.0383717	0.0342931	0.0198256	0.152322	0.358765	0.00547518	0.0421322	-0.0247743	
0.321688	0.168048	0.00986289	0.0622614	0.198513	0.113562	0.0146032	0.357721	0.162013	-0.0314212	0.129261	0.0593355	0.0594569	0.0922054	0.0598883	-0.0368632	0.0354022	0.0198256	0.14838	0.358765	0.00547518	0.0421322	-0.0338814	
0.299558	0.213209	0.00986289	0.0629853	0.24374	0.113562	0.0202788	0.350102	0.198856	0.0366667	-0.0104703	0.0536598	0.047962	0.0838683	-0.0419028	0.0489918	0.0198256	0.140451	0.391837	0.00215441	0.0665106	-0.0288125	
0.330589	0.221823	0.00986289	0.0529393	0.353331	0.130851	0.0202788	0.372607	0.198856	0.0784973	0.0936593	0.0480335	-0.00654301	0.124752	-0.0358087	0.0357661	-0.0281366	0.0402715	0.00253662	0.097719	0.403467	0.00215441	0.090907	
0.31462	0.22436	0.00581807	0.0555308	0.283063	0.1322	0.0176671	0.258868	0.192378	0.11331	0.0251847	0.0461847	0.000541073	0.128797	-0.0272451	0.0305186	-0.0359244	0	0.00295395	0.127919	0.403467	0.000757626	0.0908731	0	
0.277637	0.235714	0.00581807	0.0555308	0.318293	0.1322	0.0133433	0.332746	0.192378	0.106079	0.0406368	0.0505085	-0.00858642	0.123609	-0.0331825	0.0305186	0.00295395	0.0984222	0.361597	0.000757626	0.0908731	-0.030221	
0.173687	0.235714	0.00581807	0.0598644	0.285267	0.115648	0.0133433	0.241725	0.174745	0.124806	0.0712377	0.0633478	-0.00791672	0.0970055	-0.0331825	0.0275999	0.108519	0.00295395	-0.0149341	-0.027444	0.33944	0.00153689	0.0748667	
0.174221	0.239164	0.0174423	0.0603984	0.285801	0.0931544	0.0214042	0.366363	0.173171	0.0808637	0.0450524	0.0487766	0.112141	0.0795429	-0.0474783	0.02576	0.106219	0.0259817	0.0242568	-0.02691	0.339974	0.00100287	0.0950174	
0.178432	0.239164	0.0174423	0.0603984	0.22073	0.119971	0.0214042	0.235053	0.173171	0.11232	0.0435688	0.0296134	0.119572	0.0991197	-0.0549096	0.0410307	0.0956074	-0.000834434	0.01522	-0.0294693	0.34539	-0.00960844	0.133952	0	
0.17975	0.239164	0.0174423	0.0722834	0.239389	0.108987	0.0199423	0.248027	0.165829	0.0752821	0.0476144	0.052043	0.112157	0.102161	-0.0474937	0.0285809	0.0956074	0.0101489	0.110986	-0.0288628	0.415503	-0.00960844	0.133952	
0.17975	0.239164	0.0168539	0.0767097	0.194851	0.10406	0.0199423	0.171267	0.166417	0.155227	0.000850757	0.0602205	0.0706779	0.0663254	-0.049533	0.031233	0.120878	0.000170085	0.0858721	-0.0402361	0.347405	-0.0100339	0.202357	0	
0.143159	0.239164	0.01612	0.0767097	0.212866	0.152328	0.0199423	0.14563	0.191597	0.0563168	0.0246619	0.0625123	0.0436446	0.0670593	-0.0561144	0.0498053	0	0.00233876	0.0858721	-0.0531375	0.341872	-0.00828523	0.122626	
0.191431	0.272539	0.0108765	0.0639307	0.14994	0.140468	0.0211833	0.173042	0.197023	-0.00920875	0.0414165	0.0614538	0.0508946	0.0997232	-0.0404605	0.0380956	0.0863743	0.0143814	0.0860545	0.0344726	0.340715	-0.0110755	-0.0414855	
0.190697	0.240122	0.0106896	0.0449262	0.148689	0.138228	0.0209963	0.127787	0.197023	-0.0309913	0.0209904	0.068156	0.0508946	0.0997232	-0.0404605	0.0491122	0.0984275	0.0141944	0.0846585	0.340528	-0.0108886	-0.0507881	
0.189698	0.240122	0.0106896	0.0476799	0.136403	0.138742	0.0209963	0.10626	0.197023	0.000919682	-0.0232983	0.0916535	0.088202	0.0997232	0.104231	0.047631	0.0136798	-0.0404605	0.0933994	-0.0507881	0.404491	-0.0108886	
0.178228	0.256512	0.0123452	0.0476799	0.157805	0.138742	0.0193452	0.0699989	0.198172	0.085319	0.0215968	0.0933046	0.0558959	0.0947551	0.127332	0.0412505	0.0136798	-0.0444972	0.051054	-0.0359381	0.389723	-0.00246895	
0.132376	0.233527	0.013188	0.0485227	0.158648	0.133849	0.0201881	0.0508437	0.198172	0.130772	0.0256194	0.0825887	0.0645437	0.0947551	0.14784	0.0622666	0.0123097	-0.0388746	0.0498919	-0.0350952	0.393521	-0.00331177	
0.152536	0.255139	0.0155466	0.0489188	0.189693	0.0912245	0.0201881	0.113481	0.207711	0.0664607	0.030725	0.0805011	0.0939267	0.127543	0.164872	0.0362144	0.0123097	-0.0448419	0.0529682	-0.0326803	0.393226	-0.00331177	0	
0.152536	0.255139	0.0132068	0.0489188	0.189693	0.104558	0.0201881	0.165105	0.199921	0.141841	0.0538038	0.0805011	0.0840374	0.0967499	0.0843393	0.0677175	0.028221	-0.0471572	0.052569	-0.0394497	0.391259	-0.00331177	0.0670994	
0.195523	0.236714	0.0132068	0.0605226	0.175666	0.0842009	0.0201881	0.124596	0.16688	0.0183941	-0.00279273	0.0805011	0.0733821	0.0967499	0.103622	0.0238565	0.0184248	-0.0471572	0.0511261	-0.0300945	0.391259	0.00345428	-0.0286171	0	
0.143771	0.257373	0.0132068	0.0605226	0.224595	0.129428	0.0195901	0.070149	0.16688	0.127742	0.0385238	0.0664627	0.0933205	0.0967499	0.103622	0.0287154	0.0105287	-0.0471572	0.0909761	-0.0300945	0.50205	0.00345428	0.0422051	
0.143771	0.265878	0.0122845	0.0605226	0.20132	0.132891	0.0195901	0.201872	0.201145	0.0877028	0.0319765	0.0664627	0.114846	0.0972213	0.107183	0.0199635	0.00706581	-0.0470155	0.0881837	-0.0321889	0.457551	0.00701519	-0.0185397	0	
0.184681	0.257891	0.0122845	0.0605226	0.21103	0.131288	0.0195901	0.201872	0.201145	0.166321	0.0482467	0.0664627	0.0978185	0.0848001	0.0982571	0.022746	0.00937319	-0.0470155	0.0550983	-0.0257189	0.457551	0.00701519	0.0305179	-0.067068	
0.271198	0.257891	0.0124291	0.0605226	0.22435	0.110511	0.0195901	0.265346	0.201001	0.194971	0.00529799	0.0664627	0.0310104	0.119055	0.124617	0.0249058	0.00549593	-0.0471602	0.0864653	-0.0276698	0.457551	0.0141407	-0.0767343	
0.26601	0.244883	0.0124291	0.0667193	0.230852	0.129502	0.0195901	0.223938	0.201062	0.0991204	0.0420267	0.0664627	0.0418438	0.109279	0.124617	0.0230679	0.00211819	-0.0471602	0.104916	-0.0422404	0.457551	0.0141407	-0.0218308	
0.250035	0.261717	0.0124291	0.113181	0.155337	0.16707	0.0195901	0.177101	0.201062	0.0534579	0.0223048	0.0664627	0.0467709	0.109279	0.12015	0.013425	0.000334242	-0.0471602	0.105231	-0.0422404	0.457551	0.0141407	
0.262294	0.261717	0.0124291	0.119845	0.164417	0.121981	0.0221395	0.154433	0.204276	0.081507	0.0175646	0.0612068	0.0379667	0.0889082	0.132648	0.0286874	0.000334242	-0.0471602	0.105231	-0.0421066	0.457551	0.0141407	
0.238701	0.261717	0.0124291	0.139692	0.148465	0.111239	0.0221395	0.196334	0.171529	0.058103	0.0747566	0.0612068	0.092273	0.136806	0.140489	0.0174508	0.000334242	-0.0472082	0.0418555	-0.0421066	0.411364	0.0141407	0.0272081	
0.236948	0.262051	0.0124291	0.119053	0.120337	0.148029	0.0221395	0.177228	0.171529	0.00985233	0.0197951	0.0612068	0.0496576	0.136806	0.102802	0.0174508	0.00379554	-0.0472082	0.0512307	-0.0462526	0.336203	0.0141407	
0.236948	0.258256	0.0124291	0.0745955	0.198218	0.105682	0.0231231	0.103281	0.171529	-0.00321005	0.0502583	0.0654922	0.0378585	0.069636	0.13641	0.0120821	0.00379554	-0.0443366	0.062791	-0.0462526	0.313643	0.0192415	
0.183517	0.268131	0.0118934	0.0678255	0.202196	0.105682	0.0225874	0.234587	0.171529	0.0967776	0.0365442	0.0541182	0.0597308	0.126962	0.13641	0.00308548	0.00325984	-0.0444455	0.103885	-0.0467883	0.313107	0.0197772	
0.193987	0.261378	0.0118934	0.0553487	0.202196	0.125113	0.0225874	0.1789	0.160631	0.0408449	0.0264903	0.0541182	0.0401832	0.11336	0.167974	0.0109822	0.0100132	-0.0500721	0.104238	-0.046448	0.264071	0.0197772	
0.16706	0.282902	0.0118058	0.0553487	0.18872	0.112768	0.0225874	0.211903	0.160719	0.248131	0.0382753	0.0691023	0.026323	0.0977791	0.123737	0.0153466	0.0141436	-0.0488845	0.138477	-0.046448	0.328709	0.0197772	0	
0.140143	0.260764	0.0118058	0.0421223	0.148846	0.107994	0.0225874	0.258768	0.160719	0.235171	0.0250005	0.0691023	0.0208866	0.0906756	0.123737	0.0153466	0.0175602	-0.0488845	0.138477	-0.0580311	0.328709	0.0197772	-0.0715855	
0.187175	0.259248	0.0118058	0.0421223	0.257826	0.087069	0.0225874	0.216847	0.160719	0.182771	0.11765	0.0616995	0.0509055	0.0906756	0.123737	0.0153466	0.0190767	-0.0506067	0.1418	-0.0522239	0.328709	0.0197772	-0.000818609	
0.237143	0.312113	0.00793428	0.0211906	0.113938	0.106117	0.0225874	0.20674	0.16459	0.132988	0.00733421	0.0475908	0.0177184	0.115002	0.130627	0.0256023	0.0119468	-0.0394589	0.11423	-0.0625599	0.222319	0.0266669	0.00610253	
0.273256	0.260844	0.0141445	0.0344555	0.211556	0.103482	0.0225874	0.130814	0.17529	0.0754041	0.0658634	0.0475908	0.0540035	0.108792	0.155713	0.0181215	0.0119468	-0.0456691	0.103282	-0.0581511	0.296789	0.0171177	0	-0.0266397	
0.298267	0.240239	0.0141445	0.0349664	0.206939	0.0998205	0.0225874	0.0718347	0.17529	0.0871598	0.0584679	0.0491564	0.024939	0.109273	0.124996	0.0055259	0.0150483	-0.0575406	0.0835004	-0.0505082	0.296567	0.0171177	0.0496255	
0.270569	0.240239	0.0141445	0.0454503	0.176008	0.105431	0.0225874	0.160142	0.148261	0.0627384	0.0584679	0.058364	0.0900579	0.106868	0.161423	0.0055259	0.0150483	-0.0504075	0.0835004	-0.0441916	0.288336	0.0304471	
0.273334	0.229923	0.0141445	0.0453724	0.235488	0.0658616	0.0225874	0.322101	0.148261	0.126635	0.0964407	0.0553382	0.00141818	0.0898878	0.219981	0.0145122	0.0253639	-0.0460306	0.105372	-0.0428764	0.352914	0.0267522	
0.254576	0.205213	0.0202443	0.0451214	0.162369	0.0411513	0.0225874	0.301585	0.142162	0.0841895	0.0236936	0.0553382	0.0229362	0.0884514	0.225629	0.0145122	0.0500742	-0.0536836	0.150429	-0.0453747	0.352914	0.0324006	0	
0.254576	0.205213	0.00997216	0.049879	0.166053	0.0892254	0.0225874	0.0954131	0.146982	0.0857305	0.0571021	0.0553382	0.0374838	0.066508	0.189561	0.00314746	0.0500742	-0.0434115	0.147814	-0.0453747	0.352914	0.025417	0.0453747	
0.363295	0.207398	0.0110281	0.0537455	0.166053	0.103263	0.02346	0.135664	0.157636	0.00224452	0.0562295	0.0425676	0.0377471	0.065452	0.189561	0.0173969	0.0478898	-0.0359601	0.147814	-0.0478931	0.352914	0.025417	0.0661068	
0.363295	0.210411	0.0147226	0.0537455	0.202576	0.0848438	0.0168959	0.1308	0.156672	0.0106885	0.104375	0.0688164	-0.0118912	0.0617576	0.187224	0.0277244	0.0448764	-0.0396546	0.14915	-0.0446183	0.344234	0.0230801	0	
0.317471	0.210411	0.0104159	0.0548253	0.227607	0.0842459	0.0164123	0.141996	0.162059	0.0117684	0.0622191	0.0758297	-0.0197401	0.087463	0.194573	0.0266624	0.0459563	-0.0249297	0.141033	-0.0429192	0.357353	0.0266755	
0.359027	0.210411	0.0104159	0.0548253	0.258828	0.0897767	0.00731413	0.129181	0.162059	0.00231411	0.0572996	0.0905373	-0.0172719	0.131912	0.194573	0.0266624	0.0459563	-0.0249297	0.148938	-0.0521894	0.342762	0.0266755	0.0155228	
0.412355	0.20702	0.0127464	0.0548253	0.212565	0.0994688	0.00731413	0.124722	0.171591	0.0187739	0.0890089	0.0485928	-0.0126202	0.129582	0.206131	0.0372799	0.0362641	-0.0272602	0.141286	-0.054904	0.291273	0.0146612	-0.0123488	0.00744527	0.0348905	
0.412355	0.216107	0.0127464	0.0548253	0.212979	0.102191	0.00731413	0.0883678	0.176208	0.0129007	0.0890089	0.103521	0.0569251	0.134443	0.238511	0.0409417	0.0179039	-0.0281032	0.0766346	-0.0503584	0.291273	0.0140288	
0.29874	0.217075	0.0160691	0.038193	0.160236	0.125126	0.00731413	0.207134	0.179502	-0.0135915	0.106206	0.0649659	0.0425318	0.13572	0.292913	0.00797493	0.0169361	-0.0396917	0.112909	-0.0503584	0.317565	0.0140288	
0.31206	0.208275	0.0124491	0.038193	0.189205	0.123213	0.00731413	0.210302	0.138045	-0.0100138	0.0401303	0.0649659	0.0156754	0.130037	0.255021	0.00797493	0.0196058	-0.0360718	0.138415	-0.0608145	0.40441	0.0138051	0	
0.31206	0.232586	0.0124491	0.038193	0.234183	0.123213	0.00731413	0.210302	0.138045	0.00280501	0.0511282	0.122016	-0.0115655	0.124299	0.223914	0.005093	0.0196058	-0.0452825	0.148243	-0.0608145	0.471214	0.0247122	0	0	0	
0.298562	0.218522	0.0124491	0.0368976	0.233466	0.0989667	0.00731413	0.341816	0.140652	-0.00239137	0.0844958	0.124256	-9.87258e-06	0.124299	0.235696	0.0287956	0.0336699	-0.0452825	0.110654	-0.0597262	0.510018	0.0247122	-0.0088792	0.0109697	
0.297782	0.218522	0.0124491	0.0362776	0.25426	0.0989667	0.00731413	0.401952	0.196996	0.0247613	0.0844958	0.113813	0.00317301	0.124299	0.235696	0.0246395	0.0336699	-0.0452825	0.128098	-0.0635764	0.518871	0.0247122	0.0503265	
0.297782	0.226332	0.0124491	0.030242	0.313031	0.106777	0.00731413	0.428565	0.124489	0.0243982	0.0859696	0.108567	-0.0284735	0.0992599	0.235696	0.0246395	0.0258596	-0.0452825	0.124098	-0.0580626	0.647971	0.0247122	-0.0291093	0.0230363	
0.321571	0.232218	0.0124491	0.030242	0.343938	0.112663	0.00731413	0.49139	0.13529	-0.0102903	0.115301	0.108567	-0.0225644	0.0961642	0.235696	0.0263056	0.0199737	-0.0453508	0.14206	-0.0563892	0.663616	0.0247122	
0.263841	0.232218	0.011881	0.0296739	0.325603	0.11737	0.00674605	0.375825	0.169759	0.000270069	0.047855	0.0978283	-0.0199671	0.0961642	0.237238	0.0257375	0.0194056	-0.0460606	0.128102	-0.0568444	0.663048	0.0268216	0	0	
0.269135	0.23947	0.0121037	0.0464568	0.221029	0.124622	0.0167428	0.410632	0.173895	-0.00454933	0.0767158	0.0604488	0.0482572	0.0905696	0.238825	0.0492749	0.0121538	-0.0472678	0.13413	-0.0593664	0.663048	0.0268216	0.012436	0.00129892	0	
0.269132	0.244156	0.0121037	0.0464568	0.283607	0.129308	0.0117815	0.448862	0.131612	0.107107	0.0522624	0.0654101	0.0420546	0.101769	0.234484	0.0437364	0.00746799	-0.0472678	0.13413	-0.0598772	0.641358	0.0268216	0	0.0374692	
0.30508	0.244156	0.0121037	0.0464568	0.308138	0.151401	0.0117815	0.448862	0.15961	0.0995334	0.0162148	0.0678254	0.0298025	0.0861277	0.234484	0.0349398	0.00746799	-0.0487594	0.249047	-0.0625393	0.641358	0.0268216	0	
0.30508	0.296217	0.00629401	0.0487476	0.235997	0.11934	0.0117815	0.397279	0.16542	0.202586	0.0162148	0.0560403	0.0586036	0.0919374	0.234484	0.00764904	0.0127006	-0.0429497	0.249047	-0.0625393	0.641358	0.0268216	-0.0140618	
0.30508	0.279334	0.00629401	0.0487476	0.295674	0.11501	0.0117815	0.467976	0.164403	0.133814	0.0553261	0.0560403	-0.00320559	0.0975993	0.216994	0.00731653	0.0127006	-0.0429497	0.268547	-0.0577335	0.654744	0.0268216	0.157342	0.0106952	
0.284245	0.298772	0.00629401	0.034951	0.295674	0.1056	0.0117815	0.467976	0.164403	0.125427	0.0391587	0.0445231	0.0547506	0.0975993	0.216994	0.00620387	0.0127006	-0.0429497	0.236842	-0.0577335	0.605344	0.0268216	
0.284245	0.245803	0.00629401	0.0307084	0.295674	0.102787	0.0117815	0.396297	0.164403	0.0985218	0.023182	0.0425201	0.0238158	0.0975993	0.227396	0.0167748	0.0187371	-0.041494	0.236842	-0.0577335	0.605344	0.0268216	0.0584825	0.0264357	
0.303042	0.26454	0.0112488	0.0337905	0.371132	0.0910269	0.0117815	0.337747	0.159449	0.0487834	0.023182	0.0756978	-0.00730595	0.0857933	0.186414	0.0204403	0.0187371	-0.0464488	0.236842	-0.0577335	0.605344	0.0192499	
0.305976	0.26454	0.0112488	0.0337905	0.309187	0.0910269	0.0117815	0.278536	0.147833	0.0148672	0.00425354	0.0593123	-0.0117277	0.136119	0.16302	0.0241438	0.0187371	-0.0464488	0.222014	-0.0577335	0.605344	0.0159894	0	0	0	
0.303958	0.258832	0.0152721	0.0317715	0.397338	0.104056	0.00976253	0.41178	0.171634	0.0225987	0.109324	0.0662633	0.0031712	0.067411	0.166406	0.0221248	0.00368858	-0.0479734	0.234306	-0.0566577	0.603325	0.0158089	
0.359003	0.266264	0.0104304	0.0396162	0.397338	0.121072	0.00976253	0.418748	0.174626	0.0587447	0.109324	0.0455174	-0.0297643	0.108441	0.213806	-0.00297841	0.00368858	-0.0440337	0.234306	-0.0521692	0.476445	0.0158089	0.0150431	0	
0.359003	0.266264	0.0177605	0.0396162	0.427947	0.135361	0.00976253	0.539878	0.167296	0.0783032	0.117066	0.0455174	-0.00926846	0.0991296	0.189087	0.0495768	0.00368858	-0.0457425	0.20525	-0.0574399	0.476445	0.0244061	0.0483282	
0.375513	0.262608	0.0177605	0.0449524	0.525328	0.136636	0.00976253	0.519032	0.199352	0.024144	-0.00462094	0.0371423	0.0477541	0.0956177	0.189542	0.0232021	0.00365633	-0.0457425	0.191808	-0.0574399	0.476445	0.0212325	-0.0545833	-0.00795639	0	
0.375513	0.262973	0.00673904	0.0396252	0.550404	0.121111	0.00976253	0.519032	0.202496	0.00113871	0.00421291	0.0454331	0.0212988	0.106639	0.189542	0.0040447	0.0032912	-0.0302265	0.226009	-0.0462854	0.451054	0.0212325	-0.0274238	
0.375513	0.264094	0.00673904	0.0396252	0.638389	0.132945	0.0179738	0.51082	0.197119	-0.00501951	0.0193155	0.078537	0.0118721	0.106639	0.196745	0.00568765	0.00216993	-0.031847	0.226009	-0.0462854	0.410462	0.0212325	
0.375513	0.236089	0.00673904	0.0429747	0.495271	0.0995122	0.0179738	0.477939	0.197119	0.0464402	0.142969	0.0416729	-0.00511917	0.106639	0.196745	0.00935331	0.00773461	-0.031847	0.172216	-0.0462854	0.388998	0.0212325	0.0406351	0.00590505	
0.375513	0.243824	0.00673904	0.0429747	0.495271	0.130754	0.0179738	0.477939	0.185957	0.0690323	0.066316	0.0407883	0.035555	0.134275	0.228028	0.00935331	-0.00035882	-0.031847	0.145792	-0.0462854	0.377953	0.0212325	0.0336106	
0.375513	0.263538	0.0172968	0.0634255	0.495271	0.130754	0.0179738	0.499643	0.175399	0.0551068	0.00956735	0.0307421	0.040077	0.11084	0.20858	0.0112675	-0.00035882	-0.0413708	0.170148	-0.0466473	0.287832	0.0149628	0.0115699	0.127165	0.0155839	
0.375513	0.275768	0.00962086	0.0615528	0.348946	0.120333	0.0179738	0.504747	0.188694	0.0156253	0.0376503	0.0613642	0.00063249	0.0906108	0.215971	0.0174072	-0.0125888	-0.0336948	0.170889	-0.0574418	0.270477	0.0228872	
0.375513	0.254189	0.00741356	0.0528058	0.348946	0.105072	0.0191105	0.686815	0.169518	0.0239823	0.0102345	0.0395713	-0.00434607	0.0922953	0.215266	0.00295806	0.00267175	-0.0314875	0.176654	-0.0509473	0.330353	0.0221823	
0.375513	0.249357	0.00741356	0.0528058	0.419143	0.104755	0.0191105	0.576254	0.176618	0.089203	-0.00610685	0.0395713	0.0100867	0.109412	0.226886	0.00822685	0.00267175	-0.037668	0.0944349	-0.0514639	0.239436	0.023302	
0.376358	0.25005	0.00689333	0.0536505	0.349706	0.110432	0.0244785	0.498111	0.177983	0.0673078	0.00371553	0.0350481	0.00671545	0.110777	0.227247	0.0149427	0.00282424	-0.0395096	0.105268	-0.0583536	0.240281	0.0224573	0.0427654	
0.376358	0.24516	0.00689333	0.0803196	0.322899	0.0990583	0.0244785	0.498111	0.177983	0.0756545	0.0320454	0.0213298	0.0536658	0.104423	0.26986	0.00431659	0.00866394	-0.0395096	0.105268	-0.0591408	0.265806	0.0243735	0	
0.403084	0.232699	0.00689333	0.0803196	0.326638	0.0811747	0.0244785	0.498111	0.208029	0.0425865	0.04644	0.0634582	0.0558813	0.104423	0.273906	0.00431659	0.0144763	-0.0395096	0.137091	-0.0591408	0.267761	0.0284202	0	
0.403084	0.206055	0.00689333	0.0803196	0.326638	0.088777	0.0246341	0.505096	0.227973	0.0488487	0.0149554	0.0233845	0.0976115	0.0634044	0.274061	0.00574329	0.0411203	-0.0452187	0.124022	-0.0591408	0.175885	0.0285747	0	
0.449449	0.23266	0.00914081	0.0803196	0.156038	0.0968637	0.0246341	0.531851	0.19029	0.200607	0.0165855	0.0439841	-0.00146764	0.0919745	0.279544	0.00266291	0.0330336	-0.0472964	0.124022	-0.0563323	0.175885	0.0340582	0.0134398	0.0415303	
