0.376932	0.235916	0.138512	-0.0016854	-0.00329035	0.17328	0.0294914	0.249037	0.0321688	0.066202	0.289272	0	0	0	-0.136148	-0.0326566	0	0	0	0	0	0	0	0	0	0	0	0	0	0	0	0	0	0	0	0	0	0	0	0	0	0	0	0	0	0	0	0	0	0	0	0	0	0	0	0	0	0	0	0	0	0	0	0	0	0	0	0	0	0	0	0	0	0	0	0	0	0	0	0	0	0	0	
0.378927	0.235916	0.138512	0.000309653	-0.00329035	0.149547	0.0434925	0.249037	0.0589704	0.066202	0.285554	0.0454734	-0.0290815	-0.0102011	0.0181524	0.0556965	0.0348161	0	0.00349423	0.0237327	-0.0196592	-0.0120061	-0.00199505	0.0461633	-0.00652094	0.0348753	-0.0352997	0	0	0	-0.0394598	-0.00939144	0.0377124	0.0529891	0.0396444	0.0931685	0.0130249	0	0	0.00199505	0	-0.0298754	-0.0261128	0.0423185	0.0162064	-0.0016603	0	-0.00442254	
0.354871	0.220658	0.104968	0.000309653	-0.00329035	0.166806	0.0434925	0.249037	0.047168	0.0695408	0.279773	0.137501	0.0540254	-0.0261128	0.0395665	-0.00199505	0.0213496	0.0065927	0.0844404	0.125673	0	0.00609709	-0.0512344	0	-0.0198878	-0.0929658	0.0617133	-0.0205356	0.022535	0.0844361	0	-0.0326434	
0.362283	0.220658	0.109241	0.00613118	-0.00329035	0.152001	0.0509047	0.229624	0.0412737	0.0458587	0.279773	0.0913938	-0.00940725	0.0462171	-0.0274979	0.363478	0.0356928	0.158411	-0.000738603	-0.0349308	-0.0102947	0.107626	0.0694012	-0.00824177	
0.255471	0.241318	0.109254	0.0154079	-0.00725206	0.152015	0.0576972	0.226761	0.0264398	0.0393323	0.277046	0.0169277	-0.0158071	0.123754	-0.0257528	0.377985	0.0265202	0.0126519	-0.0693342	0.147636	-0.00677692	-0.0219508	0.108906	-0.0598488	-0.000725342	
0.20533	0.241318	0.120424	0.0156319	-0.0122459	0.148763	0.0554453	0.245618	0.0474425	0.0197179	0.277046	0.0369812	-0.0160312	0.136744	-0.014253	0.408085	0.228256	0	-0.0204339	0.00522178	0.108906	-0.0124428	-0.000725342	
0.153896	0.218243	0.0720712	0.0292464	-0.0122459	0.148763	0.0689894	0.245548	0.0474425	0.0173389	0.277046	0.0369812	-0.0295752	0.115368	0.406506	0.317392	-0.0400755	-0.00987481	-0.01675	0.0924323	-0.00540581	
0.174665	0.216756	0.0688259	0.0292464	-0.01073	0.155036	0.0519578	0.26727	0.0856432	0.002192	0.129027	0.0441331	-0.0310623	0.434087	-0.0318246	-0.018237	0.466385	0.275559	0.134631	-0.0127318	
0.182427	0.216756	0.0688259	0.0292464	-0.0151651	0.155036	0.0519578	0.23141	0.0856432	0.0420083	0.0974732	0.00680367	-0.0310623	0.49027	-0.0334528	0.0734423	-0.0127318	-0.0248538	0.267003	0.474557	
0.200405	0.21746	0.0728905	0.0237751	-0.0181905	0.155036	0.0511166	0.23604	0.0550553	0.033382	0.186534	0.0344269	-0.030221	0.49027	-0.0551626	0.108048	-0.0127318	-0.0194499	0.284737	-0.0310284	-0.0247106	0.550485	
0.217576	0.21746	0.0615831	0.0226814	-0.0181905	0.130989	0.0500229	0.23604	0.067251	0.0583657	0.165099	0.058474	-0.0291273	0.49027	-0.0266411	0.114284	-0.0127318	-0.0230297	0.566501	0.261745	
0.229421	0.21746	0.0984714	0.0274533	-0.0159407	0.136989	0.0428421	0.224088	0.0355461	0.0411783	0.183262	0.036817	-0.0219465	0.325455	-0.0494723	0.128856	0.290528	-0.0230297	0.566501	-0.00559325	-0.0354968	-0.0106267	-0.0665908	
0.209731	0.218192	0.160302	0.0113166	-0.018977	0.137721	0.0494135	0.240224	0.0301484	0.0382869	0.274343	0.073556	-0.0212147	0.43417	-0.0437328	0.115783	0.281195	-0.041551	0.563888	-0.0176398	0.000731861	
0.240895	0.218192	0.161916	0.0177658	-0.018977	0.137721	0.0494135	0.233775	0.00693531	0.0543329	0.258297	0.121819	-0.0212147	0.626113	-0.0405196	0.115806	0.26932	-0.049959	0.584301	-0.0125818	
0.214107	0.218192	0.0910905	0.0290839	-0.0155452	0.132883	0.0502912	0.2273	0.0260475	0.0666293	0.085184	0.146295	-0.0260579	0.359863	-0.0103217	0.205011	-0.0425388	0.584301	-0.0144792	
0.155684	0.218394	0.103943	0.0248722	-0.0230684	0.132883	0.0468213	0.228042	0.0413027	0.0619005	0.128855	0.0906784	-0.022588	0.356905	-0.0355482	0.238685	-0.0619736	0.0215692	0.584301	-0.0144792	
0.14113	0.218394	0.103943	0.0261652	-0.0230684	0.132883	0.0481142	0.236708	0.0210039	0.0501705	0.11504	0.0906784	-0.023881	0.276999	-0.0293621	0.246563	-0.0587603	0.485986	-0.0150375	0.00761005	
0.235644	0.218394	0.0968437	0.0261652	-0.0245429	0.132883	0.0481142	0.241702	0.0210039	0.0191944	0.11504	0.0727364	-0.023881	0.424976	-0.0468161	0.239204	-0.0532994	0.451664	-0.0150375	-0.0309728	
0.153031	0.218394	0.0675156	0.0251758	-0.0245429	0.132883	0.0471249	0.254539	0.0478668	0.0191944	0.0951839	0.055087	-0.0228916	0.405577	-0.0394398	0.249591	-0.0324213	0.451664	-0.0150375	-0.024855	
0.211295	0.219933	0.116968	0.0219201	-0.0260821	0.134422	0.0425656	0.249518	0.0537449	0.0383631	0.147735	0.109811	-0.0167931	0.441119	-0.0379006	0.25113	-0.0432196	0.453203	-0.0134982	
0.162222	0.219933	0.116968	0.0193208	-0.0260821	0.142514	0.0403231	0.251292	0.0537449	0.0219003	0.175178	0.151186	-0.0159674	0.436195	-0.0153693	0.25113	-0.0395447	0.417795	-0.0134982	
0.145135	0.219933	0.0988297	0.020859	-0.0309795	0.142514	0.0403231	0.249754	0.0400878	0.040915	0.175178	0.0715731	-0.0159674	0.574336	-0.00593436	0.25113	-0.0395447	0.417795	-0.0134982	0.0100122	
0.1856	0.22857	0.12214	0.0209615	-0.029541	0.142514	0.0365628	0.249651	0.0354547	0.040915	0.175178	0.101905	-0.0159674	0.319949	0.0199448	0.237381	-0.0323647	0.417795	-0.0134982	0.0685526	-0.0134284	0	
0.181312	0.22857	0.12214	0.0245691	-0.029541	0.152693	0.0472201	0.228883	0.0371379	0.0402657	0.175178	0.177658	-0.0159674	0.150788	0.0316949	0.237381	-0.0333748	0.417795	-0.0120888	0.106936	-0.103997	0	-0.00631384	0	
0.174191	0.22857	0.12214	0.0245691	-0.0297356	0.151272	0.0472201	0.228883	0.0312488	0.0401478	0.156168	0.168513	-0.0159674	0.235138	0.035188	0.234268	-0.0504327	0.4339	-0.0185746	0.0465331	-0.223808	
0.129169	0.220763	0.0923776	0.0186828	-0.0296735	0.155287	0.0452412	0.242873	0.0342667	0.0361467	0.213015	0.196996	-0.0159674	0.107205	0.035188	0.234268	-0.0600727	0.417836	-0.0201091	
0.189598	0.220763	0.0860951	0.0170032	-0.0296735	0.155287	0.0396038	0.242873	0.0473106	0.0371234	0.208529	0.16799	-0.0142878	0.114517	0.0924868	0.234268	-0.0621371	0.417836	-0.0201091	
0.211423	0.220763	0.127182	0.0203227	-0.0296735	0.155287	0.047887	0.242873	0.0473106	0.0371234	0.199927	0.0593229	-0.0176073	0.148059	0.0437675	0.192451	-0.0829358	0.439407	-0.0201091	0	-0.0144301	
0.25728	0.216166	0.157727	0.0381532	-0.0296711	0.173793	0.0510888	0.234762	0.0473081	0.0461837	0.179565	-0.00601655	-0.0208116	0.174632	0.037039	0.167135	-0.0808807	0.448006	-0.0201116	0	0	
0.326625	0.239751	0.159514	0.0343661	-0.0296711	0.175397	0.0510888	0.238549	0.0252679	0.0392236	0.212315	-0.00847805	-0.0208116	0.183936	-0.0100021	0.167135	-0.0657258	0.321659	-0.0171037	-0.0318127	0	
0.242212	0.239751	0.123961	0.0379425	-0.0342002	0.175397	0.0480113	0.234748	0.0252679	0.0321437	0.137104	0.104509	-0.0205871	0.391192	-0.0100021	0.167135	-0.0799309	0.356024	-0.0141196	
0.169468	0.236588	0.170888	0.0379425	-0.0342002	0.175397	0.0480113	0.234748	0.0454622	0.0321437	0.192415	0.0780948	-0.0205871	0.391192	0.0259208	0.210496	-0.0875364	0.310487	-0.0141196	0	-0.0681835	
0.196864	0.236588	0.103677	0.0386467	-0.0342002	0.165724	0.0547803	0.215868	0.0332386	0.0321437	0.137756	0.087768	-0.0212914	0.449722	0.0186931	0.210496	-0.0604543	0.310487	-0.0167247	0	0.0141843	
0.196864	0.217347	0.111581	0.027753	-0.0342002	0.171068	0.0470614	0.226762	0.04013	0.0321437	0.142309	0.082424	-0.0212914	0.24297	0.0158895	0.232117	-0.069726	0.41468	-0.0148031	0	0	
0.20807	0.217347	0.111238	0.027753	-0.0349273	0.156421	0.0470614	0.226762	0.041233	0.0321437	0.111932	0.0681906	-0.0212914	0.263906	0.0158895	0.210752	-0.0785534	0.388605	-0.0092653	0	
0.155571	0.217347	0.144448	0.0252156	-0.020499	0.156421	0.052139	0.230502	0.041233	0.029406	0.113893	0.0631193	-0.0231955	0.263906	0.0180593	0.206558	-0.0606289	0.363655	-0.0092653	-0.0469518	
0.171833	0.217347	0.117865	0.0162362	-0.020499	0.156421	0.0473516	0.227423	0.0265524	0.0161857	0.0937107	0.0304613	-0.0122191	0.263906	0.0313179	0.23483	-0.0666112	0.453152	-0.0190383	
0.171833	0.217347	0.0759734	0.0256325	-0.020499	0.156421	0.0395098	0.218027	0.0305098	0.0474235	0.0937107	0.0476016	-0.0122191	0.310405	0.0313179	0.219119	-0.0787417	0.406525	-0.0190383	
0.185444	0.212579	0.166721	0.0191879	-0.020499	0.148449	0.0397721	0.20706	0.0422821	0.0474235	0.0836588	0.0555738	-0.0122191	0.347152	0.0371122	0.238071	-0.0759215	0.341934	-0.0190383	0	
0.132724	0.212579	0.105838	0.0218071	-0.020499	0.148449	0.0434435	0.213172	0.0360983	0.0237085	0.093095	0.0512614	-0.0107202	0.25165	0.0371122	0.238071	-0.0776911	0.341934	-0.0190383	0.0324956	0.0267804	
0.132724	0.214932	0.128053	0.0190755	-0.020499	0.148449	0.0434435	0.262757	0.0380849	0.0265045	0.096498	0.0627193	-0.0107202	0.362531	0.0478273	0.238071	-0.0636388	0.40076	-0.0169145	0.113709	0	
0.171272	0.214932	0.121913	0.00900645	-0.013498	0.155345	0.0390131	0.282869	0.0450481	0.0272483	0.0698522	0.0816859	-0.00628984	0.429769	0.0719737	0.238071	-0.0762014	0.482768	-0.0184585	0.187413	-0.0327233	
0.165758	0.214932	0.0900178	0.0124354	-0.013498	0.155345	0.0379359	0.282869	0.0450481	0.0272483	0.0698522	0.0703257	-0.00971874	0.354483	0.0713476	0.238071	-0.0700181	0.459396	-0.0103177	0.187413	0.214932	-0.0200661	0	
0.171976	0.230717	0.117931	0.0124354	-0.013498	0.155345	0.0379359	0.280766	0.0425988	0.0272483	0.0882458	0.0703257	-0.00971874	0.437815	0.0862499	0.238071	-0.0687846	0.459396	-0.00974189	0.155442	0.330666	
0.172386	0.230717	0.113472	0.0104264	-0.013498	0.155345	0.0383458	0.283185	0.0494394	0.0272483	0.0882458	0.174136	-0.0101286	0.437815	0.0866517	0.235789	-0.0783329	0.461144	-0.00833848	0.172878	0	
0.160954	0.233418	0.140028	0.0103164	-0.0109569	0.155345	0.0369534	0.269163	0.0494394	0.0269801	0.0817389	0.133389	-0.014623	0.467504	0.0866517	0.235789	-0.0775361	0.461144	-0.00833848	0.0941957	
0.205066	0.233418	0.140028	0.0161051	-0.0109569	0.155345	0.0369534	0.263374	0.0356226	0.0269801	0.0908444	0.133389	-0.014623	0.371819	0.0866517	0.235789	-0.0673506	0.415629	-0.00833848	0.0871646	0.0186894	0.825032	
0.222807	0.233418	0.10533	0.0178479	-0.00921735	0.155345	0.0386963	0.263374	0.0356226	0.0441374	0.0731142	0.0873138	-0.0163658	0.399591	0.0982384	0.235789	-0.0771975	0.415629	-0.00833848	0.109097	0.00505949	0	
0.222807	0.233418	0.10533	0.019684	-0.0150599	0.155345	0.0401438	0.261538	0.0356226	0.0183284	0.0928537	0.0729659	-0.0163658	0.469961	0.0418341	0.235789	-0.0642615	0.414688	-0.00940358	0.0751333	-0.00164284	0.276283	0	
0.122801	0.233418	0.145862	0.0241294	-0.0147823	0.154922	0.0481505	0.263774	0.0356226	0.0407738	0.0562622	0.0733881	-0.0243725	0.47716	0.0141885	0.227654	-0.0711148	0.414688	-0.00940358	0.102517	0	0.00834604	0	
0.224676	0.233418	0.145862	0.0245957	-0.0147823	0.161247	0.0486168	0.263774	0.0400092	0.0166538	0.0784392	0.112858	-0.0248388	0.396371	0.0141885	0.227654	-0.0620076	0.414688	-0.00940358	0.137571	0	
0.236375	0.233418	0.177027	0.0164665	-0.0147823	0.161247	0.0486168	0.272063	0.00975731	0.0166538	0.0925453	0.108399	-0.0248388	0.337478	0.0141885	0.216423	-0.0682066	0.414688	-0.0154647	0.109562	
0.232841	0.233418	0.177027	0.0245938	-0.0147823	0.161247	0.0477234	0.263043	0.0375797	0.0385385	0.0925453	0.0915157	-0.0239454	0.351366	0.00523307	0.263243	-0.0736541	0.414688	-0.0154647	0.13193	
0.143871	0.239422	0.158466	0.0245938	-0.00692574	0.161247	0.0559703	0.222753	0.0443337	0.0385385	0.105053	0.0864216	-0.0239454	0.286697	-0.013003	0.301092	-0.0745755	0.414688	-0.0154647	0.13193	0.137849	-0.0571289	0	
0.235016	0.241785	0.152743	0.0181915	-0.0202037	0.157995	0.0570223	0.201096	0.0411717	0.0143314	0.105053	0.0844724	-0.0225423	0.37407	-0.0238826	0.31121	-0.0576134	0.414688	-0.0177326	0.0901903	0.0679388	
0.227169	0.243141	0.152743	0.0339034	-0.0229194	0.157995	0.0587906	0.211906	0.0411717	0.0465863	0.11668	0.0781928	-0.0243107	0.277674	-0.0166051	0.279952	-0.0636848	0.518935	-0.0155145	0.0861426	0.0679388	-0.0147012	-0.208661	
0.208145	0.243141	0.147482	0.0339034	-0.00622951	0.157995	0.0509901	0.164892	0.0411717	0.0440305	0.113572	0.0817893	-0.0243107	0.357515	-0.0363523	0.26695	-0.0718342	0.428858	-0.0154854	0.104943	0.0362183	-0.0140034	0.112937	
0.180986	0.243141	0.153587	0.0238709	-0.00622951	0.153854	0.0479061	0.172024	0.0406851	0.0451056	0.091309	0.0505148	-0.0214106	0.282469	-0.0263814	0.26695	-0.0546473	0.394086	-0.0154854	0.17442	0.0405843	0.0154624	
0.187021	0.243141	0.149756	0.0299059	-0.00622951	0.149856	0.0539411	0.157775	0.00473849	0.0277805	0.091309	0.0868651	-0.0274456	0.127446	-0.0263814	0.306898	-0.0671737	0.391856	-0.0154854	0.135191	
0.217223	0.243141	0.146819	0.0307723	7.00896e-05	0.149856	0.047125	0.180909	0.0226007	0.043123	0.0962701	0.0710637	-0.0206295	0.345213	-0.0332454	0.306898	-0.0586128	0.363151	-0.0154854	0.164612	0.0603426	-0.0326914	-0.276984	0	0	
0.238492	0.241853	0.0943515	0.0306923	-0.00105124	0.154735	0.047125	0.178306	0.00756283	0.0418349	0.0861092	0.0648974	-0.0219176	0.307948	-0.0389411	0.357492	-0.0685965	0.361281	-0.0116258	0.163324	
0.346557	0.241853	0.0998251	0.0306923	-0.00105124	0.154735	0.0446599	0.178306	0.0131913	0.0391086	0.0861092	0.0212507	-0.0219176	0.196816	-0.0269604	0.337863	-0.0708879	0.285001	-0.0116258	0.17988	0.0460457	
0.383569	0.23495	0.0848559	0.0267456	-0.00105124	0.149691	0.0478161	0.191265	0.0131913	0.0393865	0.120599	0.0262945	-0.0219176	0.408985	-0.0188629	0.296305	-0.0661653	0.346763	-0.0185499	0.157636	0	
0.375788	0.229949	0.0848559	0.0382792	0.00105724	0.126193	0.0464214	0.181215	0.0131913	0.019827	0.120599	0.0329766	-0.0234014	0.530652	-0.0181871	0.317358	-0.0744707	0.33361	-0.0185499	0.136631	
0.293983	0.229949	0.155791	0.0356263	-0.00348697	0.107516	0.0481585	0.161073	-0.00127264	0.0388035	0.120748	0.0742477	-0.0207485	0.530652	-0.0181871	0.317358	-0.0773828	0.326867	-0.0236897	0.152874	
0.29661	0.229949	0.0884433	0.0382531	0.0024644	0.107516	0.0510865	0.176405	0.0204914	0.0291302	0.120748	0.102524	-0.0233753	0.658218	0.00930901	0.353201	-0.086098	0.348011	-0.0200353	0.126519	
0.277453	0.230185	0.180543	0.0315703	0.00597449	0.107752	0.0444906	0.181924	0.0207278	0.0468611	0.128411	0.206288	-0.0219753	0.804973	0.0282172	0.353437	-0.0789464	0.298929	-0.0158746	0.240855	0.0568144	-0.0336457	
0.237514	0.226478	0.103962	0.0371778	0.00597449	0.107752	0.0533581	0.176316	0.036496	0.0468611	0.128411	0.0578071	-0.0219753	0.724626	0.0285396	0.301731	-0.0712864	0.359007	-0.0158746	0.305321	0	0	0	
0.184715	0.226478	0.0945827	0.0315434	0.0111011	0.107752	0.0572322	0.166138	0.018304	0.0501117	0.128411	0.162991	-0.0258494	0.712293	0.0559075	0.323214	-0.0625312	0.36037	-0.0158746	0.305321	
0.184715	0.226478	0.186436	0.0315434	0.00549195	0.102559	0.0622636	0.166138	0.0382341	0.0371596	0.118323	0.168183	-0.0258494	0.540189	0.0722454	0.3428	-0.064037	0.308274	-0.0158746	0.325613	
0.184715	0.226478	0.186436	0.0315434	0.0115357	0.102559	0.048836	0.142129	0.0382341	0.0497869	0.118323	0.254545	-0.0258494	0.580383	0.0400814	0.3428	-0.0652073	0.313077	-0.0158746	0.325613	-0.0397141	0	0.111514	
0.246439	0.226813	0.134813	0.0316245	0.0112014	0.102894	0.0489171	0.129524	0.00963445	0.0501213	0.106542	0.268841	-0.0255961	0.50008	0.0334141	0.343135	-0.0650107	0.313411	-0.0155402	0.304478	0.138014	0	
0.246812	0.226813	0.134947	0.0319974	0.0112014	0.102894	0.0585698	0.113985	0.024685	0.0411178	0.106542	0.279326	-0.025969	0.520709	0.0334141	0.343135	-0.0702603	0.328537	-0.0156855	0.304478	0	
0.197907	0.226813	0.166689	0.0291724	0.0112014	0.0794365	0.0506172	0.11681	0.0199478	0.033485	0.106542	0.302783	-0.025969	0.529267	0.0376827	0.302021	-0.0719903	0.374618	-0.0197879	0.290047	
0.141341	0.228712	0.168589	0.0365352	0.0120346	0.0785045	0.0506172	0.130354	0.0121203	0.0395313	0.111576	0.255271	-0.0240696	0.531167	0.0201526	0.336129	-0.0771947	0.376518	-0.0158363	0.272498	0.0850674	
0.28353	0.243271	0.1483	0.0390048	0.00444767	0.0804857	0.0530868	0.148113	0.0334792	0.0406319	0.120073	0.262854	-0.0254385	0.539136	0.0228598	0.337229	-0.0754798	0.377618	-0.0147356	0.273599	0.108718	0.00110062	-0.00136893	0.00110062	0	
0.182336	0.243271	0.163919	0.0302604	0.00444767	0.0600885	0.0530868	0.156857	0.0217116	0.0406319	0.120073	0.208699	-0.0254385	0.627526	0.00524555	0.341069	-0.0673245	0.377618	-0.0147356	0.273599	0.108718	
0.161461	0.243271	0.123397	0.0302604	0.0133781	0.0568547	0.0530868	0.191952	0.0264756	0.0354743	0.136157	0.211933	-0.0254385	0.567447	-0.0312372	0.341069	-0.0695083	0.35764	-0.0147356	0.29113	0.105861	
0.216245	0.245656	0.140813	0.032304	0.00241864	0.0568547	0.0551303	0.15285	0.0209806	0.0380632	0.136157	0.303916	-0.0274821	0.801397	-0.0205751	0.341069	-0.0595036	0.374351	-0.0147356	0.270227	0.000688483	
0.223986	0.245656	0.17545	0.0405338	0.00734129	0.0568547	0.0655397	0.162704	0.0237962	0.0380632	0.12959	0.336844	-0.0296186	0.868454	0.00275968	0.346866	-0.0593441	0.374351	-0.0147356	0.270075	
0.208942	0.253751	0.188182	0.0383634	0.00869529	0.0568547	0.0647171	0.162704	0.0237962	0.0414409	0.0945096	0.336844	-0.0274482	0.868454	-0.00860862	0.36607	-0.0583185	0.429007	-0.0199109	0.270075	0	
0.16547	0.253751	0.12895	0.0402473	0.00593388	0.0442686	0.0651133	0.166112	0.0296067	0.0414409	0.0952261	0.316397	-0.0293321	0.793422	-0.0154357	0.371725	-0.0639658	0.328851	-0.0199109	0.210093	
0.161108	0.253751	0.108735	0.0385697	0.00593388	0.0433714	0.0634357	0.159323	0.0296067	0.0530793	0.0648822	0.317294	-0.0276545	0.984288	-0.00423996	0.371725	-0.0617076	0.464826	-0.0187	0.210093	
0.181075	0.253751	0.119523	0.041686	-0.00182865	0.0500784	0.0572773	0.15791	0.0297744	0.0530793	0.0781865	0.310587	-0.0276545	0.984288	0.00634969	0.371725	-0.0567183	0.417297	-0.0187	0.210093	-0.0115636	
0.181075	0.255718	0.119523	0.041686	-0.00421292	0.0676982	0.0572773	0.15791	0.0103783	0.0530793	0.0842764	0.292968	-0.0276545	0.984288	0.00634969	0.36418	-0.0672618	0.417297	-0.0187	0.185039	0	
0.257985	0.255718	0.119062	0.0483292	0.0011834	0.0676982	0.0545518	0.172828	0.0410778	0.0530793	0.0842764	0.304693	-0.024929	0.838109	0.00634969	0.399595	-0.0861921	0.355374	-0.0187	0.185039	
0.235352	0.255718	0.0982635	0.0365064	0.00722921	0.0677731	0.0574432	0.158335	0.021686	0.0338526	0.0842764	0.209327	-0.0213768	0.912776	-0.0102982	0.399595	-0.0728451	0.409443	-0.0187	0.244149	
0.23714	0.255718	0.144957	0.0382951	0.00541835	0.07555	0.0592319	0.174883	0.030654	0.0338526	0.0842764	0.151166	-0.0231655	0.575986	0.00908626	0.460884	-0.0791978	0.456985	-0.0262172	0.229193	-0.00656824	
0.23714	0.255718	0.144957	0.0291713	0.00541835	0.0583798	0.0594291	0.155776	0.0277614	0.0338526	0.105322	0.148272	-0.0231655	0.581272	-7.64221e-05	0.460884	-0.0859686	0.467936	-0.0262172	0.17353	0.00397566	
0.23322	0.255718	0.148417	0.0298538	0.00290791	0.0583798	0.0559078	0.155094	0.0277614	0.0336165	0.0979715	0.22932	-0.0231655	0.539919	-0.0138002	0.377531	-0.0797903	0.419226	-0.0262172	0.13887	
0.218809	0.255718	0.17721	0.0298538	0.000640117	0.0581696	0.0559078	0.156436	0.0232536	0.0336165	0.075839	0.200712	-0.0231655	0.585406	-0.0308841	0.375976	-0.0817378	0.419226	-0.0262172	0.18599	0.0170058	
0.252891	0.255718	0.17721	0.0298538	-0.0076837	0.0521053	0.0575943	0.156436	0.00803552	0.0237608	0.0757257	0.205438	-0.0231655	0.585406	-0.0394246	0.375976	-0.0813433	0.415115	-0.0262172	0.18599	
0.267143	0.255718	0.11626	0.0298538	-0.0076837	0.0521053	0.0575943	0.133955	0.034914	0.0237608	0.0757257	0.240405	-0.0231655	0.6376	-0.0427909	0.386103	-0.0813433	0.389128	-0.0284301	0.17665	
0.249483	0.255718	0.0838785	0.0258949	-0.00417664	0.0521053	0.0472017	0.172656	0.0298885	0.0301068	0.085351	0.138391	-0.0231655	0.681948	-0.00724659	0.386103	-0.0798313	0.54213	-0.0284301	0.220685	0.06259	0.189052	0	
0.274974	0.254563	0.0998523	0.0369462	-0.00346088	0.0509506	0.0607434	0.180149	0.0405249	0.0216461	0.0966656	0.10167	-0.0292551	0.680793	-0.0235079	0.369548	-0.0799001	0.559042	-0.0297215	0.220013	
0.26287	0.254563	0.0998523	0.0343627	-0.00931143	0.0509506	0.0607434	0.182733	0.0333284	0.0185057	0.0960376	0.13359	-0.0292551	0.508011	0.0141145	0.387088	-0.0832142	0.490473	-0.0297215	0.226116	
0.178235	0.257278	0.193136	0.0343627	-0.00931143	0.0509506	0.0607434	0.182807	0.0289797	0.0574574	0.128633	0.213238	-0.0292551	0.630606	-0.0258154	0.387088	-0.0896123	0.490473	-0.0277415	0.128123	0.214876	
0.205754	0.257278	0.128145	0.0343627	-0.00931143	0.0812896	0.0607434	0.182807	0.0310403	0.0490386	0.126755	0.162591	-0.0292551	0.630606	-0.00883406	0.394352	-0.0879516	0.478041	-0.0247421	0.171803	0.214876	-0.0307777	
0.298122	0.247316	0.128145	0.0342527	-0.014201	0.0712765	0.0590556	0.181229	0.019033	0.0564843	0.139303	0.133177	-0.0275673	0.708354	-0.00883406	0.35632	-0.0828524	0.470459	-0.0247421	0.171803	0.202257	
0.276364	0.247316	0.0904159	0.0124949	-0.014201	0.0712765	0.0372979	0.181229	0.0498035	0.0484893	0.139303	0.133177	-0.00580957	0.838813	-0.0179402	0.35632	-0.0808888	0.467766	-0.0292587	0.142037	0.202257	
0.273991	0.247316	0.0933856	0.0156807	-0.0142832	0.0741761	0.04055	0.171584	0.0116911	0.0265542	0.156717	0.0702986	-0.00906165	0.799351	-0.0130919	0.361273	-0.0793183	0.439201	-0.0292587	0.242873	0.202125	
0.273991	0.243522	0.142499	0.0156683	-0.0146402	0.0745332	0.0338114	0.171597	0.0120482	0.0535713	0.180753	0.184766	-0.00870458	0.799709	-0.0148564	0.36261	-0.0770099	0.439558	-0.0289017	0.169	0.222806	
0.270045	0.242403	0.0966469	0.0156683	-0.00187926	0.0745332	0.0338114	0.171597	0.0303856	0.0535713	0.180753	0.186553	-0.00870458	0.853875	-0.0148564	0.36261	-0.0770099	0.375921	-0.0275891	0.205703	0.221031	0	-0.0156574	-0.0103001	
0.253421	0.255516	0.0784401	0.012154	-0.00724793	0.0745332	0.0338114	0.148224	0.00810047	0.0310629	0.180753	0.252805	-0.00870458	0.853875	-0.0181403	0.368421	-0.080544	0.417832	-0.0275891	0.153457	0.204452	-0.00537894	
0.268784	0.255516	0.0666604	0.0198099	0.00644018	0.0883805	0.0365701	0.141853	0.0313199	0.0310629	0.180753	0.258692	-0.0114633	0.95007	-0.0273011	0.368421	-0.0862451	0.411156	-0.0275891	0.280262	0.213674	0	
0.253518	0.241205	0.075293	0.0171209	0.00375948	0.0889265	0.0428827	0.144523	0.015821	0.04047	0.220756	0.193443	-0.00876353	1.11899	-0.0246204	0.371101	-0.0627176	0.478767	-0.0249084	0.194364	0.260824	0	
0.216737	0.241205	0.075293	0.0399714	0.00375948	0.0889265	0.0528565	0.116781	0.050052	0.0377734	0.235641	0.14356	-0.0187373	0.762581	-0.0215094	0.37442	-0.0587592	0.479316	-0.0275908	0.310846	0.22151	0.0529824	
0.374319	0.250559	0.127931	0.0399714	-0.0049569	0.0619396	0.0528565	0.0952943	0.0133179	0.0377734	0.235641	0.229009	-0.0187373	1.09971	-0.0142521	0.342605	-0.0630138	0.402248	-0.0275908	0.404709	0.256962	
0.339645	0.250559	0.13507	0.0399714	-0.0049569	0.0637832	0.0528565	0.0810593	0.0228901	0.0375885	0.197032	0.216663	-0.0187373	1.12776	-0.0192916	0.324304	-0.0557509	0.458208	-0.0217636	0.352404	0.256962	-0.00244021	0	0	
0.306227	0.250559	0.119141	0.0349604	-0.00373258	0.0637832	0.0493447	0.0807449	0.0228901	0.0449223	0.155871	0.304113	-0.0152256	1.12776	-0.0192916	0.3685	-0.0677983	0.458208	-0.0217636	0.301879	0.215688	0.00903128	-0.0102694	0.013048	
0.300835	0.250559	0.119141	0.0149862	-0.00373258	0.0630657	0.0493447	0.137496	0.0228901	0.0252861	0.153545	0.309055	-0.0152256	1.08904	-0.0297954	0.363709	-0.0777259	0.36001	-0.0174274	0.27603	0.215688	0	
0.229526	0.248339	0.0882844	0.0199406	-0.00151287	0.0667426	0.0554302	0.132542	0.0206704	0.0269384	0.1156	0.303158	-0.0174453	1.08682	-0.0361016	0.41531	-0.0696493	0.398737	-0.0196472	0.230953	0.227462	0	-0.0196472	
0.200383	0.240543	0.0678969	0.0207358	-0.0031659	0.0891245	0.0495848	0.147944	0.0223234	0.0372726	0.112114	0.282429	-0.0165874	1.08848	-0.00518085	0.454925	-0.0791848	0.411062	-0.0179941	0.232606	0.188329	
0.240352	0.240636	0.100135	0.0207358	-0.00325874	0.0892173	0.0495848	0.147944	0.0384223	0.028304	0.107846	0.343401	-0.0164946	1.08857	-0.00953043	0.400851	-0.069412	0.411155	-0.0189696	0.243322	0.209918	0	
0.256191	0.240636	0.0917182	0.0224536	-0.00325874	0.0865783	0.0416278	0.135401	0.0133823	0.0219108	0.085299	0.422312	-0.0174184	1.04673	-0.0252985	0.400851	-0.0800148	0.418951	-0.00601724	0.298583	0.235777	0	
0.212185	0.240636	0.117443	0.0199576	-0.00709835	0.0865783	0.0391317	0.159162	0.0167245	0.0408485	0.0710503	0.372268	-0.0149223	0.969236	-0.0205894	0.400851	-0.0614497	0.418951	-0.00601724	0.276524	0.193725	0.404384	
0.290175	0.240636	0.157995	0.0243389	-0.00709835	0.0753607	0.041315	0.173063	0.0410825	0.0252198	0.0966661	0.383485	-0.0135118	0.999975	-0.00599935	0.400851	-0.0741722	0.428715	-0.0113889	0.279445	0.185981	0	
0.273586	0.24148	0.173335	0.0136352	-0.00794233	0.0472478	0.048987	0.183767	0.0372669	0.0581502	0.0961138	0.421108	-0.0126679	0.895087	-0.0255342	0.401695	-0.0610643	0.429559	-0.0073716	0.240184	0.150364	
0.203184	0.24148	0.173335	0.0194587	-0.000701036	0.0475969	0.0405795	0.14332	0.0288779	0.0685842	0.0966893	0.391055	-0.0101305	0.895087	-0.0260724	0.39671	-0.0582407	0.429559	-0.0060526	0.246396	0.175049	-0.0308115	0	
0.194205	0.243005	0.147096	0.0276698	-0.00130268	0.047209	0.039843	0.168413	0.0232904	0.0609927	0.0952553	0.373986	-0.00786833	0.896613	-0.0308955	0.398236	-0.0406967	0.345817	-0.00206643	0.290649	0.1684	0.0108539	
0.249733	0.243005	0.147096	0.0394006	-0.00130268	0.0527056	0.041731	0.15857	0.0307072	0.0609927	0.139546	0.331373	-0.00975633	0.896613	-0.0192063	0.398236	-0.0392406	0.345817	-0.00073067	0.277726	0.217133	0.0241549	
0.21628	0.238881	0.105525	0.0321465	-0.00130268	0.0527056	0.0370642	0.181799	0.0307072	0.0443006	0.118075	0.351355	-0.00508949	0.894858	-0.0237804	0.398236	-0.0213425	0.379238	2.12418e-05	0.257416	0.184349	-0.0446553	
0.215831	0.238881	0.11224	0.037636	0.00389508	0.0522531	0.0425537	0.205354	0.0311941	0.0236065	0.118075	0.342958	-0.010579	0.894858	-0.03747	0.398236	-0.0235241	0.379238	2.12418e-05	0.257416	0.184349	
0.312947	0.238881	0.115004	0.0233146	-0.00507321	0.0578453	0.0454553	0.219675	0.0311941	0.0424109	0.118075	0.370211	-0.010579	0.753956	-0.0338868	0.371205	-0.0336008	0.327596	2.12418e-05	0.307918	0.184349	-0.0364139	-0.0260991	0	
0.363429	0.238881	0.107986	0.0233146	-0.0149075	0.0578453	0.0454553	0.173862	0.0309337	0.0367988	0.118075	0.351958	-0.010579	0.753956	-0.0223018	0.371205	-0.0424253	0.37807	2.12418e-05	0.33924	0.183149	
0.269018	0.242353	0.159945	0.0257315	-0.0113494	0.0578453	0.0451795	0.182442	0.0309337	0.0253874	0.118075	0.351958	-0.0103033	0.64793	-0.0366972	0.388203	-0.0220286	0.351687	-0.00216483	0.270198	0.197115	
0.336583	0.242353	0.107129	0.021161	-0.0113494	0.0657242	0.0527903	0.201966	0.0309337	0.0309226	0.105843	0.344079	-0.0103033	0.692955	-0.0412221	0.388203	-0.0196016	0.251164	-0.000432267	0.270198	0.198555	
0.351846	0.242353	0.15001	0.021161	-0.0141782	0.0642429	0.0527903	0.22316	0.010668	0.0309226	0.107969	0.34556	-0.0103033	0.675987	-0.0200272	0.359594	-0.03345	0.329906	-0.00477121	0.135931	0.203395	-0.0250877	0.0141782	
0.234501	0.242353	0.124025	0.0189883	-0.00292639	0.0764186	0.0442875	0.209327	0.0134336	0.0423375	0.107969	0.380024	-0.00813061	0.693823	-0.0055661	0.356207	-0.0176986	0.380358	-0.0106537	0.186917	0.178126	
0.272038	0.242353	0.124025	0.0205113	-0.00193864	0.0795857	0.0458105	0.217996	0.0498218	0.0423375	0.0974483	0.427477	-0.00965362	0.583225	-0.0240789	0.36781	-0.0326227	0.380358	-0.0106537	0.225992	0.131603	
0.296136	0.242353	0.157807	0.0205113	-0.00193864	0.0896213	0.0441044	0.19477	0.0169668	0.0423375	0.0974483	0.40058	-0.00965362	0.538851	-0.0416569	0.357983	-0.0366809	0.357745	-0.0106537	0.129808	0.179137	
0.26296	0.242353	0.121071	0.0284326	-0.00193864	0.0891922	0.0520256	0.193359	0.0471049	0.0446548	0.0978446	0.338556	-0.0175749	0.30712	-0.0434003	0.357983	-0.0366809	0.355493	-0.0106537	0.19543	0.157463	-0.0540346	0	-0.0350541	
0.261895	0.242353	0.152963	0.0284326	-0.00193864	0.0781411	0.0520256	0.172354	0.0471049	0.0446548	0.0922131	0.254592	-0.0175749	0.27632	-0.0268836	0.357983	-0.040941	0.318484	-0.0111202	0.188355	0.157463	-0.0310472	-0.051866	
0.333605	0.242353	0.192005	0.0284326	-0.0147211	0.0781411	0.0520256	0.182322	0.0273758	0.0534924	0.0922131	0.254592	-0.0175749	0.286445	-0.0153365	0.357983	-0.0218935	0.372902	-0.0111202	0.19929	0.157463	
0.336599	0.230671	0.192005	0.0314275	-0.0112268	0.0642712	0.0550205	0.202039	0.0421018	0.0685218	0.0922131	0.313147	-0.0205698	0.368071	-0.0149124	0.372467	-0.0506374	0.372902	-0.0111202	0.151684	0.18931	-0.0161487	-0.0190882	0.0145418	0	
0.244433	0.230671	0.172485	0.0388766	-0.0234324	0.0710684	0.0550205	0.181409	0.00403198	0.0685218	0.0922131	0.360385	-0.0205698	0.595869	-0.0167057	0.349061	-0.0425197	0.372902	-0.00618752	0.247555	0.191	0	
0.281406	0.224525	0.162337	0.0253401	-0.0172485	0.0710684	0.0541597	0.202632	0.0482932	0.0685218	0.0869932	0.265765	-0.019709	0.595869	-0.0167057	0.370075	-0.036466	0.411697	-0.00122881	0.231535	0.233059	-0.000373857	0	
0.254941	0.224525	0.191733	0.0224676	-0.0194946	0.0745636	0.0493491	0.202632	0.0515366	0.0924114	0.0869932	0.381346	-0.0168365	0.680544	-0.0167057	0.348895	-0.0452432	0.41745	-0.00122881	0.249757	0.233059	
0.246975	0.224036	0.172056	0.0271488	-0.0190054	0.0740745	0.0540303	0.202632	0.0344284	0.0788455	0.0773031	0.405552	-0.0220069	0.627718	-0.000842238	0.321773	-0.0465994	0.458411	-0.0053466	0.291028	0.23257	
0.246969	0.224036	0.231641	0.027143	-0.0179932	0.0617594	0.0540245	0.202632	0.0344284	0.0581799	0.0867088	0.276092	-0.0220011	0.660362	-0.0319158	0.313015	-0.04316	0.346055	-0.0053466	0.291028	0.182001	0	
0.233979	0.226087	0.24614	0.027143	-0.0179932	0.0668426	0.0540245	0.202632	0.0130683	0.0581799	0.0821864	0.151122	-0.0220011	0.660362	-0.0319158	0.313015	-0.0601052	0.373529	-0.0053466	0.291028	0.225622	0.0119697	
0.294523	0.225598	0.229576	0.0280389	-0.0175034	0.0760653	0.055356	0.237473	0.0307797	0.0703171	0.0816966	0.149577	-0.0233868	0.659872	-0.0100377	0.292652	-0.0623958	0.373039	-0.00692739	0.146626	0.225132	
0.337453	0.224239	0.228217	0.0217414	-0.016145	0.0800825	0.0490585	0.237473	0.0176883	0.0694814	0.0793161	0.160663	-0.0184476	0.720017	-0.0246787	0.309988	-0.0744481	0.349117	-0.0102122	0.170712	0.244751	
0.337453	0.214275	0.228217	0.0285894	-0.016145	0.0800825	0.0460758	0.22893	0.0354791	0.0385112	0.118391	0.117376	-0.0184476	0.710614	-0.000236599	0.276716	-0.0744481	0.330612	-0.0102122	0.25431	0.244751	0	
0.297052	0.20526	0.203935	0.0244027	-0.00164006	0.0800825	0.0429527	0.265579	0.0289867	0.038999	0.104058	0.117376	-0.0153246	0.710614	-0.0203016	0.276716	-0.0676566	0.383696	-0.0106224	0.25431	0.279989	
0.221466	0.20526	0.191879	0.0156064	0.00291901	0.0800825	0.0391843	0.266876	0.0289867	0.0566965	0.104058	0.121009	-0.0115561	0.718515	-0.0203016	0.318743	-0.0820411	0.416485	-0.0106224	0.217001	0.18712	-0.0138186	0	
0.35572	0.20526	0.241166	0.0296987	0.00291901	0.0706502	0.0515388	0.241125	0.0289867	0.0507435	0.103838	0.130441	-0.0122561	0.60835	-0.0284633	0.290436	-0.071467	0.343691	-0.00916128	0.167445	0.196897	0	
0.373336	0.20526	0.255906	0.0151145	0.00291901	0.0706502	0.0359231	0.250405	0.0344283	0.0470501	0.115151	0.161365	-0.0069518	0.469925	0.000305239	0.299198	-0.0766898	0.328468	-0.00916128	0.158321	0.23647	0.0878664	-0.280226	
0.373336	0.218019	0.229539	0.0151145	0.00291901	0.0635989	0.0359231	0.24384	0.0391502	0.0473418	0.115151	0.107875	-0.0069518	0.537236	-0.00505416	0.299198	-0.0766898	0.328468	-0.0113615	0.283468	0.23647	0	0.025398	
0.367592	0.218019	0.19404	0.00937003	0.00273647	0.0635989	0.0383038	0.265968	0.0470283	0.0495096	0.138761	0.153004	-0.00120736	0.542487	-0.0272176	0.273674	-0.0766898	0.345088	-0.0105312	0.124017	0.175595	
0.367624	0.218019	0.147695	0.00421206	0.00100511	0.0635989	0.0374946	0.271126	0.0397562	0.0542962	0.130344	0.153004	-0.00120736	0.528532	-0.0190793	0.273674	-0.0704651	0.346375	-0.0163272	0.0858331	0.175595	
0.202664	0.231581	0.147695	0.00421206	0.00100511	0.068765	0.0374946	0.271126	0.0373395	0.0542962	0.136323	0.107708	-0.00120736	0.456313	-0.018699	0.273674	-0.0719104	0.365707	-0.0153518	0.130664	0.221908	
0.242627	0.231662	0.116006	0.00421206	0.000923979	0.0667765	0.0374946	0.271126	0.0226268	0.0464092	0.163996	0.137055	-0.00112623	0.609213	-0.042956	0.273756	-0.0708837	0.368412	-0.0175288	0.192459	0.141214	-0.276439	-0.00181827	
0.204448	0.221074	0.146794	0.0195922	0.00761694	0.0770667	0.0374946	0.257431	0.0262289	0.0552195	0.181611	0.118409	-0.00112623	0.609213	-0.0181491	0.273756	-0.0723743	0.326031	-0.0175288	0.250222	0.157818	
0.226711	0.221074	0.138555	0.00257274	-0.0110105	0.0725444	0.0288952	0.282821	0.0383073	0.0335617	0.182714	0.128943	0.00299887	0.72361	-0.0244883	0.273756	-0.0790736	0.326031	-0.0175288	0.18384	0.123141	
0.226711	0.217253	0.124375	0.002011	-0.0110105	0.0686908	0.0416642	0.283383	0.022257	0.0335617	0.182593	0.0996375	0.00299887	0.732985	0.00985772	0.273756	-0.0838363	0.38098	-0.0175288	0.205352	0.174354	
0.288066	0.217191	0.140474	0.00485349	-0.0249815	0.0600606	0.0240307	0.29972	0.0371659	0.0538391	0.182593	0.125203	0.00299887	0.691619	-0.0325212	0.266047	-0.0730624	0.459009	-0.0175288	0.128664	0.174354	-0.0091341	
0.288066	0.217191	0.140474	0.00305691	-0.040628	0.0736841	0.0327111	0.304036	0.0371659	0.0682243	0.186622	0.0791647	0.00299887	0.664616	-0.000577712	0.195049	-0.0771987	0.459635	-0.0175288	0.194753	0.00266782	-0.0357263	
0.300674	0.216596	0.140474	0.00305691	-0.0296536	0.0736841	0.0221045	0.326771	0.0258485	0.0382185	0.186622	0.087623	0.00299887	0.592601	-0.0019685	0.272952	-0.0735104	0.413858	-0.0189737	0.137233	0	
0.274523	0.238987	0.140474	0.0151857	-0.0296536	0.0656811	0.0221045	0.314642	0.041382	0.0489618	0.186622	0.144594	0.00299887	0.664743	-0.0175055	0.272952	-0.0739094	0.329057	-0.0141147	0.137233	
0.274523	0.242396	0.164249	0.00727683	-0.0296536	0.0666027	0.0221045	0.322551	0.0392072	0.0489618	0.186622	0.224591	0.00299887	0.664743	-0.0234174	0.289002	-0.0830544	0.45935	-0.0141147	0.137233	-0.0269041	0	0	0.0130349	
0.255902	0.242396	0.156706	0.00727683	-0.0301071	0.0797553	0.0223468	0.322551	0.0278996	0.0458515	0.181208	0.22168	0.00299887	0.664743	-0.00575671	0.303953	-0.075367	0.424645	-0.00639509	0.192129	0	
0.275592	0.242396	0.12562	0.0098919	-0.0363654	0.0741884	0.0336377	0.322551	0.0285427	0.0465245	0.137479	0.157763	0.000383799	0.693605	-0.000798437	0.312712	-0.0795127	0.424645	-0.00639509	0.192129	0	
0.233106	0.242396	0.154016	0.0152406	-0.0363654	0.0648714	0.0408343	0.322551	0.0424747	0.056945	0.126896	0.134659	-0.00496487	0.753194	0.00838979	0.323369	-0.0747829	0.351896	-0.00639509	0.192129	0.017216	
0.237276	0.242396	0.147746	0.0190374	-0.0431735	0.0847804	0.0454588	0.322925	0.0424747	0.0558108	0.135239	0.134659	-0.00913509	0.725598	-0.0290842	0.320334	-0.0709606	0.37235	-0.00584501	0.205197	0	0	
0.248894	0.242396	0.169271	0.0287726	-0.0413489	0.0980765	0.0606017	0.316825	0.0439904	0.0385526	0.107317	0.161854	-0.0207531	0.832472	-0.00850014	0.320334	-0.0707689	0.443221	-0.00584501	0.226829	
0.271036	0.242396	0.13929	0.0223089	-0.0440235	0.102026	0.0475603	0.309298	0.0529827	0.0572702	0.0830173	0.178208	-0.0157229	0.610695	-0.00752202	0.312128	-0.0623292	0.410823	-0.00584501	0.122668	0	0.0329298	0	
0.325711	0.242396	0.196111	0.0224151	-0.0446896	0.113237	0.0515511	0.313183	0.0474905	0.0601574	0.0885847	0.145067	-0.0197136	0.551596	-0.0195867	0.312128	-0.060094	0.410823	-0.00584501	0.145704	-0.0384797	0	
0.227996	0.242396	0.14696	0.0202764	-0.0446896	0.111195	0.0507778	0.319205	0.0606416	0.0601574	0.0840081	0.165282	-0.0141758	0.569478	0.00497762	0.349083	-0.060094	0.381829	-0.00584501	0.145704	-0.180789	0	
0.279981	0.257027	0.14696	0.0202764	-0.0289091	0.111195	0.0489377	0.319205	0.0606416	0.0663736	0.0840081	0.165282	-0.0141758	0.569478	0.00497762	0.349083	-0.0586412	0.441209	-0.0158851	0.153314	
0.216642	0.271579	0.125414	0.0246054	-0.0289091	0.111195	0.0489377	0.314876	0.0606416	0.0582834	0.0897216	0.207142	-0.0141758	0.540716	0.00497762	0.349083	-0.0683931	0.382945	-0.0158851	0.151231	
0.275566	0.271068	0.155014	0.0293095	-0.0289091	0.111195	0.0515004	0.312735	0.0681048	0.0657055	0.105598	0.134378	-0.0167386	0.547176	0.00497762	0.298878	-0.0673891	0.382945	-0.0158851	0.155941	-0.0728381	-0.0032717	
0.27874	0.263035	0.155014	0.0218191	-0.0362042	0.119146	0.04401	0.312735	0.0261741	0.021612	0.105598	0.0935475	-0.00924811	0.609457	0.0198234	0.287702	-0.0779087	0.360773	-0.0158851	0.229874	
0.276974	0.241208	0.105662	0.0114539	-0.0234875	0.119146	0.0270679	0.267863	0.0283691	0.0430356	0.105598	0.133151	0.00769402	0.721172	0.0115953	0.273465	-0.0654353	0.322201	-0.0158851	0.20237	
0.281066	0.241208	0.175051	0.00169624	-0.0132963	0.119146	0.03116	0.303722	0.0283691	0.042126	0.0890547	0.0853492	0.0036019	0.721172	0.0189164	0.312254	-0.0674751	0.349017	-0.0158851	0.20237	0.0769753	
0.317577	0.236927	0.175051	0.011965	-0.0132963	0.142831	0.0324805	0.294774	0.00143301	0.042126	0.117629	0.121505	0.00228141	0.680276	0.0189164	0.326705	-0.0623097	0.407807	-0.0156161	0.18291	0.336016	0.0321408	
0.347582	0.235326	0.15423	0.00922865	-0.011696	0.141231	0.0324805	0.297511	-0.000167297	0.0536149	0.0749601	0.0876551	0.000681109	0.746181	0.0173161	0.291985	-0.0697512	0.412905	-0.0172164	0.166903	
0.242059	0.235326	0.15423	0.0115764	-0.0104251	0.141231	0.0324805	0.255958	0.011116	0.0536149	0.0733691	0.187803	0.000681109	0.746181	0.0173161	0.291985	-0.0739913	0.437648	-0.0172164	0.172399	-0.0535557	
0.183683	0.235326	0.140169	0.0114202	-0.0104251	0.118805	0.0339526	0.257586	0.011116	0.0536149	0.0778503	0.121999	-0.000790995	0.766838	-0.0264431	0.291985	-0.0704689	0.421372	-0.0172164	0.172399	
0.15585	0.235935	0.190943	0.0204569	-0.0109454	0.103963	0.0470303	0.231851	0.0223953	0.034198	0.0718849	0.128058	-0.00921852	0.767448	-0.0164385	0.307697	-0.0573175	0.381174	-0.0166072	0.173008	
0.164267	0.235935	0.194876	0.0204617	-0.0109454	0.103963	0.043302	0.231851	0.0179062	0.0415577	0.0718849	0.113013	-0.0092233	0.767448	-0.0181673	0.343492	-0.0438094	0.412489	-0.0166072	0.190785	0.0626289	0.0367712	
0.164267	0.235935	0.142219	0.0204617	-0.0109454	0.103963	0.0433537	0.231851	0.0155056	0.0351761	0.0718849	0.120246	-0.0092233	0.566893	-0.0131799	0.343492	-0.0421933	0.413326	-0.0162123	0.197622	0.0615918	
0.157456	0.235935	0.185883	0.0204617	-0.00748048	0.103963	0.037163	0.231851	0.0361127	0.0403523	0.0739001	0.116899	-0.0092233	0.706564	-0.0115452	0.328467	-0.0329975	0.413326	-0.0175113	0.197622	0.0615918	0	
0.157456	0.235935	0.131071	0.0204617	-0.00748048	0.103963	0.037163	0.231851	0.0312558	0.0403523	0.0739001	0.116899	-0.0092233	0.907723	-0.0115452	0.328467	-0.0158844	0.345893	-0.0155717	0.231933	0.0426322	0.00432298	
0.212362	0.235935	0.150338	0.0204617	-0.0158668	0.103963	0.0387749	0.231851	0.0312558	0.0433658	0.0743639	0.0910659	-0.0092233	0.907723	-0.00145852	0.328467	-0.00874969	0.303984	-0.0127866	0.231933	0.0324347	-0.034685	0	
0.173631	0.23909	0.1306	0.0357176	-0.0137604	0.103963	0.0465763	0.216595	0.036943	0.050948	0.0807669	0.0954112	-0.0092233	0.907723	0.00144715	0.328467	-0.0310948	0.303984	-0.0127866	0.232597	0.0561176	0.0313889	
0.173631	0.242924	0.155679	0.0271698	-0.0137604	0.103963	0.0465763	0.225143	0.0367266	0.0575032	0.0802115	0.130854	-0.0092233	0.970158	-0.0214426	0.29724	-0.0389895	0.303984	-0.0126507	0.183974	0.0965699	
0.268456	0.242924	0.110803	0.0239415	-0.0137604	0.103963	0.0441029	0.231043	0.0367266	0.0457294	0.0782523	0.163842	-0.0118951	0.970158	-0.0214426	0.29724	-0.0422539	0.304233	-0.0126507	0.203582	0.0965699	
0.270144	0.242924	0.147777	0.0398497	-0.0137604	0.103963	0.0441029	0.215135	0.0305787	0.0637795	0.0782523	0.130799	-0.0118951	0.970158	-0.0315694	0.349444	-0.0474438	0.353548	-0.0131574	0.172976	0.083021	
0.185845	0.254385	0.169972	0.0356919	-0.0137604	0.104269	0.0399452	0.204852	0.0348262	0.0574638	0.0901007	0.140978	-0.00773733	0.710434	-0.0364395	0.37663	-0.0424101	0.403206	-0.0220883	0.193866	0.083021	0.0365472	0	
0.199164	0.254385	0.134031	0.0356919	-0.0137115	0.104269	0.0433149	0.204852	0.0257869	0.0727842	0.0901007	0.17689	-0.00773733	0.728056	-0.0364395	0.346121	-0.0531668	0.344558	-0.0220883	0.154471	0.0790909	0	
0.215691	0.253873	0.143781	0.0356919	-0.0169592	0.104269	0.0433149	0.204852	0.0406717	0.0727842	0.0901007	0.172693	-0.00773733	0.656643	-0.0253906	0.378141	-0.0332423	0.344558	-0.0220883	0.169085	0.0542694	
0.265661	0.253873	0.154497	0.0389722	-0.0176011	0.092407	0.0465952	0.165291	0.0206234	0.0638426	0.0901007	0.162127	-0.0110176	0.714349	-0.033132	0.364862	-0.00314931	0.38226	-0.0220883	0.158264	0.0658885	
0.232974	0.253873	0.177852	0.0389722	-0.00977125	0.0947693	0.0465952	0.165291	0.0311173	0.0496119	0.0901007	0.149439	-0.0110176	0.714349	-0.0417997	0.326442	-0.0212206	0.38226	-0.0220883	0.19903	0.0723723	
0.232974	0.250821	0.19845	0.0243055	-0.00876777	0.0819622	0.0490087	0.173018	0.0301138	0.0431626	0.0612787	0.216426	-0.012021	0.709854	-0.0340854	0.325438	0.0126988	0.392035	-0.0238334	0.104031	0.055747	
0.243217	0.246247	0.209759	0.0287365	-0.0149453	0.0819622	0.0610356	0.173018	0.0209433	0.0472992	0.0900552	0.219657	-0.0164521	0.63951	-0.0264969	0.325438	0.0126988	0.391863	-0.0215925	0.154669	0.0616223	
0.243217	0.246247	0.164754	0.0208863	-0.0149453	0.0819622	0.0610356	0.182952	0.0225049	0.0472992	0.0975411	0.277188	-0.0164521	0.692229	-0.0197119	0.325438	-0.00025119	0.391863	-0.0215925	0.154669	0.0614534	0.0321779	
0.243949	0.246247	0.214995	0.0220508	-0.0143727	0.0819622	0.0617673	0.180861	0.0326355	0.0428435	0.0806207	0.283574	-0.0171838	0.754715	-0.0413961	0.361656	-0.00025119	0.315039	-0.0215925	0.18454	0.0568143	0.0593073	
0.255409	0.246247	0.172961	0.0237863	-0.0143727	0.0819622	0.0502685	0.181523	0.0349426	0.0428049	0.0806207	0.259895	-0.0195812	0.798897	-0.0412044	0.361656	-0.00667419	0.315039	-0.023473	0.181367	0.0510722	
0.240346	0.246247	0.126476	0.0283299	-0.0143727	0.0763023	0.0532108	0.179922	0.0296557	0.0421243	0.0799536	0.198115	-0.0225236	0.798897	-0.0385513	0.389782	-0.000813346	0.333969	-0.023473	0.207988	0.0452539	0	
