0.138483	0.216063	-0.00253838	0.0456551	0.0134623	0.323271	0.18541	-0.0817889	0	0	0	0	0	0	0	0	0	0	0	0	0	0	0	0	0	0	0	0	0	0	0	0	0	0	0	0	0	0	0	0	0	0	0	0	0	0	0	0	0	0	0	0	0	0	0	0	0	0	0	0	0	0	0	0	0	0	0	0	0	0	0	0	0	0	0	0	0	0	0	
0.174862	0.216063	-0.00253838	0.0456551	0.0134623	0.322318	0.127003	-0.0817889	-0.0340787	0.0714611	0.0112932	-0.0450418	-0.0375377	-0.0112932	0.025854	0.0375377	0	0.0534467	0.0521275	-0.0184798	0.00738664	0.0353741	0.00753226	-0.0362229	-0.0117976	0.00466993	0	-0.0427019	0.130407	0.0117976	0.0325505	0	0.0208079	0	0	-0.0041856	-0.00050771	
0.167504	-0.00323857	0.0138897	0.0456551	-0.000732471	0.216063	0.116899	0.00463611	0.0417346	0.0141894	0.0356419	0.000120894	-0.073737	0.0491896	0.259211	-0.0392062	0	0.0325505	-0.0278954	0.322318	0.0718779	0.0365507	0.0117976	0.0208079	0.0134623	
0.167504	-0.00323857	0.00215119	0.0701507	0.0478006	0.216459	0.20658	0.0456551	0.0417346	0.322318	-0.073737	0.402999	-0.0355877	0.00271551	0.0205495	0.028433	-0.0416982	0.0325941	0.0107176	0.0134623	0.0604853	0.0141738	
0.172566	-0.00774901	0.0250683	0.0654871	0.0739725	0.216459	0.20658	0.0498248	0.131627	0.286391	-0.0821852	0.232593	0.0325941	-0.060618	0.028433	0.0201001	0.142167	-0.00435209	0.0253548	0.0376298	-0.0355877	
0.165201	-0.00833913	0.00382954	0.00537795	0.232646	0.216459	0.0854639	0.0113451	-0.0300851	0.131627	0.028433	0.0182884	0.290303	0.0847416	0.0269312	-0.0355877	-0.0825982	0.0165624	0.106222	-0.0634839	0.0498248	0.248152	
0.21364	-0.00833913	0.0140941	0.00537795	0.232646	0.234991	0.0735598	0.0159166	-0.0369173	0.145325	0.0077089	0.340021	0.1609	0.0424656	-0.0805439	-0.031023	0.0550836	-0.0665828	0.0498248	0.255519	
0.154963	-0.00618423	0.256439	0.0143956	0.219951	0.22387	0.0645421	0.0159166	-0.00529336	0.145325	0.0880985	0	0.00483986	0.0450867	0.276132	0.0312974	-0.0805439	-0.027508	0	-0.031996	0.0498248	0.33255	
0.139001	-0.013002	0.222995	0.0270787	0.241281	0.22387	0.13379	0.013456	-0.0363289	0.145325	0.110622	0.00483986	0.104085	0.162971	0.00110574	-0.0831717	-0.0253043	0	0.013002	-0.0168336	0.0498248	0.289759	
0.199526	-0.013002	0.222995	0.0431437	0.241281	0.22387	0.130547	0.0183144	-0.0688925	0.123835	0.196778	0.00483986	0.00163408	-0.0461668	0.0495694	0.25196	0.00110574	-0.0779127	-0.0253043	-0.00585486	0.0101533	-0.0317533	0.0498248	0.303645	
0.162458	-0.0126716	0.222995	0.0431437	0.19089	0.22387	0.130547	0.0105302	-0.0458366	0.145018	0.00483986	0.114539	0.0114477	0	0.224009	0.0284097	-0.0773089	-0.0253043	0.196778	-0.0352645	0.0498248	0.321104	
0.0431437	-0.0126716	0.236542	0.287359	0.176413	0.22387	0.221804	0.0206183	-0.0485398	0.133731	0.00483986	0.127674	0.121086	0.055519	0.0403584	-0.0723675	-0.0253043	0.196778	0	-0.018742	0.0422871	0.166538	
0.0398372	-0.0126716	0.232214	0.287359	0.176413	0.22387	0.131924	0.0258857	-0.0357415	0.0973884	0.00483986	0.120246	0.121281	0.161277	0.00476894	-0.0741708	-0.0253043	0.196778	-0.0051133	-0.0241344	0.0623931	0.196838	
0.0420467	-0.0104621	0.234423	0.216478	0.136193	0.245164	0.149244	0.00230389	-0.033532	0.12548	0.167604	0.15883	0.032685	-0.00782413	0.0287521	-0.0765553	-0.0230948	0.192594	0.0167559	-0.0217915	0.0733362	0.162189	
0.0320587	-0.0104621	0.217177	0.37911	0.207904	0.245164	0.168357	0.0530769	-0.0237691	0.120941	0.156574	0.273077	0.0071503	-0.0111736	0.0509995	-0.0657793	0	-0.0230948	0.20928	0.0167559	-0.0107202	0.0733362	0.199624	
0.0593043	-0.011666	0.217177	0.280378	0.199946	0.245164	0.141111	0.0904351	-0.0237691	0.101275	0.1507	0.129274	0.0071503	-0.0111736	0.0552506	-0.0581855	0.275319	-0.0224147	-0.0341997	0.0170714	-0.0122169	0.0563634	0.236053	
0.0703145	-0.011666	0.180123	0.309918	0.0802518	0.248968	0.130101	0.103804	-0.0239399	0.101275	0.159185	0.204116	0.00938719	0.0973965	-0.0666501	0.275319	-0.0224147	0.0170714	-0.0372153	0.0373308	0.167262	
0.0703145	-0.011666	0.180123	0.293993	0.084138	0.248968	0.116636	0.317791	-0.0303241	0.101275	0.126946	0.172789	0.00645933	0.0539078	-0.033388	-0.072293	0.25562	-0.0224147	0.0103459	0.0792837	0.0401299	0.144184	
0.0703145	-0.011666	0.1814	0.292079	0.165281	0.248968	0.116636	0.317791	-0.0456632	0.0532448	0.126946	0.117716	0.00433869	0.017243	-0.0273438	-0.0608155	0.248672	-0.020501	0.0103459	0.0401299	0.249776	
0.0542116	-0.011666	0.1814	0.332645	0.165281	0.248968	0.132739	0.302584	-0.0408864	0.0333432	0.100082	0.240676	-0.0200277	-0.0428044	-0.0725346	0.0281501	0.204758	-0.020501	0.0103459	0.253639	0.00618595	0.0383996	0.0727863	
0.0542116	-0.011666	0.1814	0.332645	0.165281	0.248968	0.113953	0.323511	-0.00853783	0.0118919	0.0850438	0.280896	-0.0210569	-0.074823	0.02485	0.234072	-0.020501	0.0102598	0.332545	0.00184278	0.0687194	
0.0542116	-0.011666	0.1814	0.318574	0.204381	0.248968	0.102595	0.362782	0.0109138	0.0306319	0.0893996	-0.0299749	0.0700828	-0.038877	-0.0711764	0.0209433	0.234072	-0.020501	0.0108432	0.147968	0.00184278	
0.0542116	-0.0135492	0.172271	0.318574	0.142233	0.248968	0.128847	0.344074	0.0111677	0.0135007	0.0893996	-0.00330769	0.114553	0.000916288	-0.0745886	0.0209433	0.208958	-0.020501	0.0108432	0.166111	0.037686	
0.0542116	-0.0135492	0.172271	0.335808	0.215076	0.248968	0.112808	0.344074	0.0155908	0.029631	0.0817863	-0.00640499	0.121717	-0.00327308	-0.0743791	0.0209433	0.269501	-0.0204742	0.00841847	0.1659	-0.0838376	-0.0219218	
0.0542116	-0.0165642	0.192196	0.320592	0.163321	0.240754	0.112808	0.30725	0.0259197	0.0243331	0.108235	-0.00640499	0.12671	-0.013148	-0.0780384	0.0204237	0.2747	-0.0204742	0.0121204	0.17114	0	
0.0488579	-0.0165642	0.192196	0.271456	0.12451	0.224972	0.118162	0.30725	0.0259197	0.0113618	0.108235	-0.0395894	0.17767	-0.0145339	-0.0780384	0.0204237	0.287652	-0.0204742	0.0151999	0.171456	-0.00824001	0	0	
0.0565551	-0.0165642	0.199558	0.284586	0.135084	0.19534	0.0957281	0.289481	0.0116111	0.0281431	0.104122	-0.0348558	0.17767	-0.0145339	-0.0780384	0.0204237	0.213348	-0.0204742	0.0167154	0.18249	0.0213927	
0.0565551	-0.0160708	0.208098	0.299131	0.140794	0.19534	0.0957281	0.298345	0.00789113	0.0243174	0.129033	-0.0370108	0.201024	0.0112029	-0.0780384	0.0258778	0.197765	-0.0350193	0.00763502	0.165414	0.0213927	
0.0344513	-0.0196805	0.208354	0.318898	0.18273	0.20592	0.105597	0.426579	0.0109025	0.0378323	0.137819	-0.0181651	0.192527	0.00987132	-0.0667476	0.0261338	0.198113	-0.0347632	0.0151401	0.121254	0.0110688	
0.0515372	-0.0198997	0.208354	0.247075	0.162986	0.174812	0.0885115	0.342191	0.0235696	0.0242016	0.112492	-0.0105603	0.218267	0.00987132	-0.0672062	0.0261338	0.198113	-0.0354822	0.0111031	0.110809	0.0420146	
0.0355521	-0.0184327	0.208354	0.235821	0.150428	0.230947	0.0958426	0.340792	0.00552621	0.0376791	0.0888634	-0.0240033	0.222874	0.00987132	-0.0672062	0.0261338	0.212729	-0.0355793	0.0111031	0.114519	-0.0141202	0.099097	
0.0355521	-0.0184327	0.208354	0.26383	0.150428	0.230947	0.0958426	0.340792	0.0311492	0.0376791	0.103198	-0.0156423	0.236993	0.00987132	-0.0672062	0.0261338	0.212729	-0.0355793	0.0111031	0.114519	-0.0141202	-0.0147219	
0.0203846	-0.0192591	0.230214	0.335653	0.150428	0.235641	0.0994113	0.336595	0.0153713	0.0376791	0.103198	-0.0217928	0.299014	0.0132758	-0.0672062	0.0310504	0.212729	-0.0378243	0.0111031	0.207089	-0.0188139	0.0264354	0	0	
0.0264651	-0.0192591	0.230214	0.337821	0.150428	0.235641	0.0746743	0.332743	0.0153713	0.0377198	0.103198	-0.00512507	0.264481	0.00317152	-0.0663442	0.0310504	0.192516	-0.0399917	0.0111774	0.243826	-0.0188139	-0.0038341	0.199786	
0.0264651	-0.0192591	0.230214	0.273227	0.149874	0.224741	0.0746743	0.369861	0.00621468	0.041397	0.0411921	0.0170026	0.292846	0.00317152	-0.0663442	0.0281366	0.192516	-0.0399917	0.0111774	0.171185	-0.0148043	0	
0.0264651	-0.0185254	0.258252	0.283579	0.184719	0.224741	0.134558	0.296888	-0.0394037	0.041397	0.0411921	0.0169499	0.334248	0.004029	-0.0630686	0.0281366	0.192516	-0.0399917	0.011262	0.167059	-0.0148043	0.0309367	0	0	
0.0329395	-0.0185254	0.254138	0.21735	0.122958	0.224741	0.167234	0.327111	-0.031338	0.0506478	0.0411921	0.0169499	0.35252	-0.00859155	-0.0586385	0.0281366	0.178682	-0.0392666	0.0130079	0.179679	0.209937	-0.00241342	
0.0565427	-0.0185254	0.24752	0.306479	0.183852	0.224741	0.143631	0.407301	-0.0551615	0.0246376	0.0257593	0.0544509	0.35252	-0.016886	-0.0597417	0.0281366	0.116163	-0.0392666	0.0130079	0.267871	0.209937	-0.0511428	-0.122587	
0.0593062	-0.0185254	0.25308	0.312601	0.184888	0.0158814	0.125166	0.320725	-0.0707792	-0.0012954	0.0257593	0.0618962	0.341353	-0.016886	-0.0740212	0.0209557	0.116163	-0.0425868	0.0161661	0.267871	0.20886	
0.0373142	-0.0185254	0.25308	0.319033	0.167651	0.233838	0.144415	0.329855	-0.0453638	-0.0012954	0.0348102	0.0618962	0.32055	-0.00339879	-0.0611442	0.0166567	0.122484	-0.0403841	0.0118754	0.222825	0.211746	
0.0383647	-0.0174749	0.254131	0.311	0.152704	0.0133547	0.103036	0.330906	-0.0618216	-0.0112	0.0710524	0.0408435	0.287111	-0.0122619	-0.0602276	0.0177073	0.123085	-0.0393336	0.0129259	0.360055	0.212796	0.0226354	
0.0236339	-0.0187559	0.229123	0.355394	0.215024	0.0938116	0.117767	0.375801	-0.0692057	-0.0138519	0.042472	0.06104	0.270947	-0.00318397	-0.0606115	0.0137901	0.191537	-0.0393336	0.0182376	0.397435	0.213598	
0.0304638	-0.0187559	0.211452	0.309023	0.216294	0.0938116	0.123245	0.377887	-0.05822	0.0151054	0.093009	0.0557181	0.228895	-0.00318397	-0.0611569	0.0137901	0.172076	-0.0393336	0.0182376	0.315837	0.213598	0.0176759	0.00318397	
0.0231642	-0.0187559	0.232298	0.613426	0.287404	0.0938116	0.130544	0.41914	-0.061067	0.00609713	0.10382	0.0622052	0.268918	-0.00760733	-0.0620229	0.0137901	0.172076	-0.0393336	0.0182376	0.201963	0.213598	-0.0228363	
0.0325561	-0.0187559	0.232298	0.57207	0.250949	0.104147	0.131985	0.333241	-0.0602944	0.00609713	0.0851171	0.0622052	0.268918	-0.0182309	-0.0692555	0.0137901	0.258728	-0.0393336	0.0175982	0.175642	0.206739	0.0691526	0	
0.0118864	-0.0187559	0.232298	0.513886	0.263693	0.117013	0.152654	0.333241	-0.0602944	0.00609713	0.114887	0.0660986	0.252193	-0.0186722	-0.0692555	0.0204011	0.258728	-0.0370204	0.0175982	0.181799	0.193873	0.0243767	
0.0531839	-0.0207541	0.249844	0.594607	0.319454	0.117013	0.111357	0.333241	-0.0660495	0.0181666	0.0799145	0.0660986	0.252193	-0.0106396	-0.0667816	0.0204011	0.195627	-0.0370204	0.0175982	0.202582	0.193873	0.011265	0	-0.0146962	0	0	
0.0523018	-0.0256225	0.272583	0.522838	0.223217	0.0794037	0.0907606	0.337006	-0.0508128	0.0207777	0.0790324	0.0652165	0.278938	-0.0127966	-0.0676637	0.019519	0.194745	-0.032744	0.0249745	0.101151	0.191135	
0.0523018	-0.0256225	0.272583	0.477185	0.223217	0.0794037	0.0907606	0.337006	-0.0353508	0.0207777	0.0487425	0.0605921	0.278938	-0.0127966	-0.0676637	0.0139181	0.230292	-0.032744	0.0249745	0.149169	0.191135	-0.0102866	
0.0474483	-0.0305619	0.225978	0.456242	0.250165	0.0376701	0.0947244	0.355936	-0.0312172	-0.0136643	0.0478528	0.0597025	0.278049	-0.0219322	-0.0689272	0.0283364	0.229402	-0.0254876	0.0240848	0.181392	0.190824	
0.056618	-0.0305619	0.233636	0.455672	0.201492	0.0481149	0.115085	0.355936	-0.0306717	0.0205787	0.0625909	0.0597025	0.278049	-0.0219322	-0.0796556	0.0283364	0.207189	-0.0249178	0.0164735	0.200451	0.190824	
0.0551725	-0.0320073	0.227914	0.37632	0.200046	0.0481149	0.102365	0.502375	-0.0248497	0.012911	0.0511514	0.058257	0.272259	-0.0186268	-0.081101	0.026891	0.264761	-0.0263632	0.00847648	0.199006	0.189378	0.0612079	-0.00547728	
0.0479721	-0.0341048	0.227914	0.326305	0.200046	0.0481149	0.106681	0.45575	-0.0138656	-0.00964496	0.0666249	0.058257	0.267175	-0.0186268	-0.0765161	0.026891	0.287356	-0.0263632	0.00847648	0.249777	0.189378	0.0384047	-0.0412397	0.138792	0	
0.0615928	-0.0287533	0.227914	0.406362	0.155935	0.050754	0.0792287	0.45575	-0.0138656	-0.0327271	0.0372819	0.0611231	0.217432	-0.0186268	-0.0776372	0.0408718	0.263937	-0.0263632	0.00847648	0.169669	0.189378	0	0.140762	
0.0944582	-0.0287533	0.227914	0.406362	0.264461	0.0327586	0.0463633	0.442355	-0.0225635	-0.0208925	0.0376876	0.0611231	0.190336	-0.0213354	-0.0713399	0.0520117	0.283557	-0.0263632	0.00847648	0.169669	0.189378	0.00847648	0.140762	0	
0.0944582	-0.0287533	0.227914	0.413422	0.113213	0.0340873	0.0644757	0.411671	-0.0365694	-0.0290959	0.0415032	0.065938	0.193976	-0.0222357	-0.0599302	0.034083	0.283557	-0.0334231	0.0211848	0.255924	0.18805	0.0498863	0	
0.0944582	-0.0287533	0.227914	0.384796	0.113213	0.0668969	0.0572923	0.434169	-0.0154366	0.00236863	0.0769813	0.0566853	0.239591	-0.0170696	-0.0488708	0.0422603	0.283557	-0.0334231	0.0165806	0.263889	0.18805	0.121861	0.00287328	
0.0949472	-0.0320768	0.219174	0.397915	0.113702	0.0119998	0.0572923	0.41494	-0.00897971	-0.0337683	0.0424713	0.0571743	0.24008	-0.0165806	-0.0483818	0.0414414	0.284046	-0.0354685	0.0170696	0.243034	0.188539	0.12235	0.000910412	0.0309433	0.000489022	
0.070306	-0.0340677	0.214287	0.236466	0.129998	0.0348959	0.0927402	0.456799	-0.0119398	-0.010623	0.0291162	0.0570811	0.239987	-0.0166738	-0.0550197	0.0413483	0.294766	-0.0355617	0.0169764	0.176553	0.188445	0.159489	-0.0189355	-0.0123104	0	
0.0528366	-0.0340677	0.214287	0.22414	0.145651	0.0595857	0.110545	0.401636	-0.0294581	-0.011162	0.0228651	0.0570811	0.219697	-0.0166738	-0.0550197	0.0413483	0.258329	-0.0362365	0.0169764	0.248511	0.183215	0.0981743	-0.0189355	0.0167869	0	
0.034624	-0.0340677	0.214287	0.232015	0.145651	0.0595857	0.128757	0.436752	-0.0294581	-0.0224401	0.0228651	0.0570811	0.219697	-0.0156133	-0.0538054	0.0413483	0.314712	-0.0390036	0.0169764	0.203983	0.183215	0.0981743	-0.0323239	
0.042312	-0.0340677	0.214287	0.230223	0.198176	0.08803	0.141689	0.392002	-0.0424625	-0.00844726	0.0306695	0.0686416	0.22857	-0.00640729	-0.0536077	0.0413483	0.245895	-0.0372117	0.0111789	0.319239	0.171244	0.100711	-0.0323239	0	-0.00977316	0	
0.0420227	-0.0340677	0.201613	0.230223	0.198176	0.0326403	0.141979	0.42767	-0.0424625	-0.00864625	0.0306695	0.0451172	0.251931	-0.00640729	-0.0495909	0.034252	0.25278	-0.0372117	0.0111789	0.244044	0.162948	0.115207	-0.0231707	
0.0549975	-0.0375995	0.201613	0.225093	0.215923	0.0326403	0.129004	0.417052	-0.0466132	-0.031375	0.0306695	-0.0231707	0.242813	-0.00852924	-0.0709364	0.0292557	0.25438	-0.0320817	0.012127	0.243967	0.162948	0.115207	0.043681	
0.043899	-0.0375995	0.187863	0.211806	0.247682	0.0589029	0.140102	0.443158	-0.0495225	-0.0230191	0.0152725	-0.0215566	0.185856	-0.00852924	-0.0710909	0.0292557	0.305872	-0.0343481	0.012127	0.210576	0.162948	0.147795	0.0308265	
0.0321149	-0.0375995	0.187863	0.222487	0.175638	0.0689726	0.142239	0.452591	-0.0360019	-0.0180846	0.0152725	-0.0205024	0.185856	-0.00852924	-0.0710909	0.0408672	0.257132	-0.0296521	0.012127	0.335912	0.152879	0	
0.0413944	-0.0375995	0.187863	0.180987	0.142514	0.0895371	0.13296	0.358027	-0.0362354	-0.00706623	0.0152725	-0.00987287	0.28045	-0.0113279	-0.0592411	0.0306099	0.257132	-0.0277888	0.012127	0.290584	0.144713	0	
0.0390072	-0.0367954	0.188668	0.199397	0.143318	0.0895371	0.136151	0.357114	-0.0328974	0.0321342	0.00346493	-0.010316	0.20617	-0.0105238	-0.0614165	0.031414	0.302432	-0.0269847	0.016115	0.398999	0.145517	0.000332372	0	
0.0326304	-0.0339768	0.188668	0.214882	0.143318	0.112615	0.107778	0.338775	-0.0444643	0.0321342	0.0270702	-0.0197303	0.20617	-0.0184963	-0.0568479	0.031414	0.312235	-0.0269847	0.0937419	0.248531	0.149923	-0.0776269	
0.0447154	-0.0339768	0.188668	0.214882	0.137915	0.156304	0.121894	0.338775	-0.0378421	0.0346014	0.0270702	-0.0197303	0.241635	-0.0184963	-0.0568479	0.0279794	0.195091	-0.0269847	0.016115	0.224946	0.149923	0.00438471	
0.0447154	-0.0339768	0.188668	0.17768	0.195281	0.156304	0.121894	0.404859	-0.0319612	0.0683117	0.0270702	-0.0197303	0.256258	-0.014387	-0.0568479	0.0279794	0.186958	-0.0269847	0.00667294	0.238469	0.149923	0	
0.0447154	-0.0392911	0.188668	0.179475	0.179638	0.156304	0.121894	0.365492	-0.0306939	0.0509298	0.0448377	-0.0216759	0.208284	-0.014387	-0.0568479	0.0279794	0.186958	-0.0330342	0.00667294	0.227706	0.149923	0.00531435	
0.0539746	-0.0392911	0.175246	0.179475	0.254825	0.173439	0.124877	0.365492	-0.0264827	0.0509298	-0.0029751	-0.0216759	0.198389	-0.016656	-0.0616636	0.0276033	0.180487	-0.0330342	0.00667294	0.148424	0.132788	0.0700455	
0.0442619	-0.0392911	0.175246	0.243395	0.248718	0.173439	0.13459	0.445568	-0.0508391	0.0873344	0.0185576	-0.0216759	0.214518	-0.016656	-0.0682722	0.0276033	0.201885	-0.0330342	0.011894	0.208585	0.132788	0.0865918	0	
0.0387386	-0.0392911	0.167026	0.112801	0.232478	0.168207	0.152589	0.412271	-0.0522754	0.0873344	0.0299624	-0.00174512	0.165188	-0.0201064	-0.0682722	0.0276033	0.201885	-0.0330342	0.011894	0.258162	0.138019	
0.0318028	-0.0446949	0.177028	0.273629	0.172372	0.174066	0.118948	0.378496	-0.024527	0.0873344	0.0209184	-0.0217514	0.158742	-0.0189341	-0.0652754	0.0284747	0.198178	-0.0282137	0.0146213	0.239055	0.141559	0.0054038	0	
0.0318028	-0.0359598	0.177028	0.276644	0.172372	0.13646	0.11336	0.390949	-0.0427816	0.0463914	0.0244734	0.00254753	0.156774	-0.00378899	-0.0767112	0.0284747	0.177359	-0.0312293	0.0146213	0.183147	0.119733	0.0192287	
0.00149039	-0.0438349	0.177028	0.261081	0.172372	0.125022	0.168125	0.390949	-0.0500184	0.0651694	-0.00158245	-0.00879434	0.17737	-0.0148624	-0.0632778	0.0284747	0.177359	-0.0305832	0.0146213	0.168035	0.131171	0	
0.0168484	-0.0434365	0.177028	0.287492	0.123189	0.125022	0.147729	0.327497	-0.0481999	0.0354854	0.0352216	-0.0113106	0.142992	-0.0163723	-0.0681727	0.0322951	0.150047	-0.0322504	0.0146213	0.141284	0.131171	
0.0276935	-0.0434365	0.170632	0.29867	0.147103	0.140693	0.136884	0.367277	-0.0481999	0.0354854	0.0428921	-0.0114934	0.158668	-0.0163723	-0.0676421	0.0322951	0.219315	-0.0291429	0.0146213	0.220641	0.1155	0.00853368	
0.0244711	-0.0434365	0.189082	0.268831	0.206305	0.140693	0.140106	0.438618	-0.0470268	0.0205074	0.0428921	-0.0114934	0.1367	-0.0204361	-0.0732966	0.0322951	0.23615	-0.0291042	0.0146213	0.187614	0.1155	
0.0133415	-0.0434365	0.155183	0.268831	0.184981	0.140693	0.151236	0.438618	-0.0473437	0.0205074	0.029525	-0.0114934	0.153526	-0.0277215	-0.066482	0.036471	0.236429	-0.0291042	0.0146213	0.187614	0.1155	-0.0133184	0.0286738	0	
0.019581	-0.0434365	0.155183	0.412959	0.265685	0.140693	0.144996	0.447362	-0.0473437	0.0444687	0.0327705	-0.0122438	0.193214	-0.0158972	-0.066482	0.036471	0.225308	-0.0291042	0.00852907	0.174861	0.1155	0.114961	0.0920999	
0.019581	-0.0434365	0.155183	0.354108	0.164414	0.162067	0.144996	0.328383	-0.0407169	0.00612735	0.0271284	-0.0109436	0.193214	-0.0158972	-0.0754451	0.0393206	0.203134	-0.0315265	0.00852907	0.150599	0.0941263	0.0421979	0	
0.0169371	-0.0434365	0.163974	0.254568	0.222136	0.162067	0.0934383	0.367127	-0.0275535	0.00612735	0.0346277	-0.0109436	0.178326	-0.0158972	-0.0730698	0.0393206	0.258235	-0.0315265	0.00852907	0.144226	0.0941263	0.0710128	0	0.0327335	
0.00835838	-0.0449888	0.136045	0.306585	0.243859	0.162067	0.102017	0.368542	-0.0435706	0.0257367	0.070393	-0.0113304	0.197792	-0.0158972	-0.0647676	0.0393206	0.194738	-0.0268585	0.0113681	0.142073	0.0941263	
0.0176514	-0.0449888	0.143305	0.318322	0.263872	0.107322	0.0895822	0.379221	-0.0365587	0.0101855	0.0749352	-0.0212164	0.176248	-0.0158972	-0.0687391	0.0393206	0.211836	-0.0268585	0.0113681	0.142073	0.0941263	0.0309001	
0.0200158	-0.0426243	0.146991	0.299024	0.242749	0.117691	0.145025	0.423695	-0.0321438	0.0219148	0.105945	-0.0211281	0.155488	-0.00824711	-0.0791421	0.0434044	0.211893	-0.0277379	0.0137326	0.174794	0.0964907	-0.0102203	
0.0200158	-0.0426243	0.146991	0.224179	0.242749	0.137603	0.145025	0.423695	-0.0337182	0.0250777	0.0648471	-0.0211281	0.155488	-0.016578	-0.0723604	0.0403341	0.280158	-0.0277379	0.0116464	0.287949	0.0964907	0	
0.0200158	-0.0413353	0.164439	0.272508	0.221282	0.137603	0.154778	0.408426	-0.0201633	0.014504	0.0648471	-0.0211281	0.0989165	-0.0155497	-0.0723604	0.0403341	0.283877	-0.0327952	0.0107961	0.198285	0.0964907	0.0443113	
0.0179391	-0.0435629	0.150413	0.272426	0.184812	0.100788	0.160321	0.538725	-0.0449584	0.0122764	0.144856	-0.0209521	0.101184	-0.0177773	-0.0746082	0.0381065	0.281649	-0.0349418	0.0189966	0.184574	0.11034	0.00576421	-0.0215174	-0.00490986	
0.0291563	-0.0435629	0.150413	0.272426	0.211162	0.118613	0.155769	0.434266	-0.0449584	0.0250711	0.0932323	-0.0292998	0.174695	-0.0177773	-0.0704812	0.0381065	0.229084	-0.0349418	0.0189966	0.207414	0.0925148	
0.0472155	-0.0435629	0.150413	0.195683	0.257673	0.113837	0.17258	0.454248	-0.0421691	0.000690466	0.0719856	-0.0292998	0.149868	-0.0306595	-0.0695688	0.0381065	0.256368	-0.0349418	0.0189966	0.207414	0.0913109	
-0.00215063	-0.0435629	0.107596	0.260449	0.304183	0.113837	0.225458	0.45618	-0.0363385	0.0184879	0.0719856	-0.0292998	0.147776	-0.00577625	-0.0630395	0.0306762	0.283718	-0.0349418	0.025695	0.220034	0.0913109	0	0	
-0.0018913	-0.0433036	0.107855	0.214687	0.317827	0.113837	0.196216	0.45644	-0.0365926	-0.00079105	0.0905245	-0.0175859	0.176208	-0.00277917	-0.064763	0.0309355	0.278885	-0.0300534	0.0242492	0.220293	0.0915702	
-0.0018913	-0.0433036	0.125924	0.315365	0.219314	0.169316	0.196493	0.45644	-0.0365926	-0.00079105	0.119786	-0.0149133	0.161079	-0.00272421	-0.0719716	0.0167442	0.219389	-0.0306726	0.0242492	0.268967	0.0922621	
-0.00748396	-0.0438779	0.157459	0.297796	0.236872	0.119725	0.201512	0.389361	-0.0222409	-0.00136536	0.142585	-0.0154876	0.150737	-0.0178967	-0.0713103	0.0161699	0.223265	-0.0279905	0.0236749	0.276316	0.0916878	
-0.000852753	-0.0438779	0.168441	0.296032	0.307142	0.153134	0.154887	0.364698	-0.0222409	0.00718279	0.140594	-0.0154876	0.164105	-0.0196037	-0.0695325	0.0161699	0.232986	-0.0262264	0.0146576	0.276316	0.0858619	0	0.0283934	
0.00207008	-0.0438779	0.175159	0.233641	0.222069	0.153134	0.169205	0.341488	-0.0493451	0.00718254	0.140594	-0.0196046	0.154788	-0.0196037	-0.0695325	0.0224654	0.180492	-0.0334697	0.0146576	0.221331	0.0858619	
0.0179659	-0.0435193	0.175518	0.306717	0.21036	0.15009	0.153668	0.429186	-0.0250265	0.0194343	0.152468	-0.0167772	0.155147	-0.0211631	-0.0794704	0.022824	0.177727	-0.0312285	0.0150162	0.196031	0.0749248	
0.0179659	-0.0435193	0.187762	0.34375	0.182195	0.158264	0.172959	0.453183	0.0192809	0.0177142	0.152468	-0.0167772	0.145759	-0.0228788	-0.0775326	0.022824	0.183007	-0.0324136	0.0134648	0.317286	0.0585901	0.0260834	
0.0185388	-0.0429464	0.188334	0.385701	0.200181	0.158264	0.184074	0.514157	0.0216142	0.0233832	0.153041	-0.0209862	0.205787	-0.0175771	-0.0792338	0.0228654	0.165139	-0.0318407	0.0140377	0.213299	0.059163	
0.00498241	-0.0456167	0.154925	0.410234	0.200181	0.158264	0.197631	0.514157	0.0216142	0.00465729	0.188489	-0.0224684	0.205787	-0.0128264	-0.073844	0.0228654	0.214943	-0.0246218	0.0140377	0.181163	0.059163	0	
0.00498241	-0.0456167	0.151428	0.554465	0.200181	0.158264	0.22134	0.514157	-0.0120632	-0.0085395	0.154725	-0.0269742	0.205787	-0.0128264	-0.073844	0.0228654	0.13279	-0.0246218	0.019045	0.250663	0.059163	0	
0.00498241	-0.0456167	0.196468	0.554465	0.203717	0.158264	0.22134	0.532768	-0.0120632	0.0144999	0.154725	-0.0258418	0.180829	-0.0128264	-0.0758593	0.0430972	0.230608	-0.0246218	0.019045	0.260252	0.059163	-0.015177	-0.0624907	
0.0115897	-0.0445701	0.196468	0.561787	0.204457	0.139196	0.188591	0.467072	-0.0138196	-0.00367086	0.0303963	-0.0297815	0.197069	0.00672765	-0.0767792	0.0417356	0.230648	-0.0319441	0.019045	0.186568	0.0663457	
0.00788016	-0.0445701	0.201483	0.614083	0.155821	0.139196	0.187698	0.467072	-0.00668313	0.000654642	0.0303963	0.000180867	0.248242	0.00450153	-0.0767792	0.0452341	0.20079	-0.0319441	0.019045	0.183575	0.0663457	0	
0.00788016	-0.0445701	0.201483	0.613208	0.224636	0.176844	0.20035	0.440226	-0.00824093	-0.00456403	0.0737525	0.000180867	0.248242	-0.0063953	-0.083051	0.0217629	0.210225	-0.0350781	0.011075	0.225745	0.0663457	
0.023633	-0.0482562	0.201142	0.620221	0.324447	0.150703	0.184597	0.413792	-0.00824093	-0.00456403	0.167076	0.000180867	0.239415	-0.0063953	-0.0751293	0.0377153	0.236014	-0.0420913	0.0192354	0.23963	0.0663457	
0.0257878	-0.047291	0.185857	0.615421	0.241005	0.119948	0.182442	0.407227	-0.00824093	0.0013987	0.134129	-0.00814655	0.239415	-0.0111146	-0.0777827	0.0275254	0.211613	-0.0372917	0.011827	0.23963	0.0750274	
0.00941873	-0.0497751	0.185857	0.628786	0.263062	0.105627	0.198473	0.405137	-0.00824093	0.020587	0.113841	-0.00814655	0.221987	-0.00375797	-0.0777827	0.0202515	0.248528	-0.0372917	0.0190244	0.243436	0.0750274	
0.00941873	-0.0446775	0.185597	0.683977	0.285086	0.0928753	0.198473	0.407944	-0.00112713	0.0449806	0.100927	-0.0289188	0.219721	-0.00140692	-0.0777827	0.0375629	0.213139	-0.0372917	0.0190244	0.207412	0.087779	-0.00694522	0.0458334	
0.0387174	-0.0446775	0.169972	0.644272	0.277631	0.13876	0.169175	0.513643	0.0114252	0.0226706	0.0791985	-0.0243127	0.266357	-0.00140692	-0.0755619	0.0375629	0.209453	-0.0372917	0.0140614	0.245915	0.0993428	
0.0480435	-0.0457042	0.169972	0.644272	0.277631	0.13876	0.159849	0.513643	0.018266	0.0428099	0.0791985	-0.0250518	0.266357	-0.0139198	-0.0657915	0.0375629	0.174064	-0.0372917	0.0140614	0.245915	0.0993428	
0.0409629	-0.0447455	0.169972	0.636982	0.296515	0.121319	0.16533	0.419091	-0.00263917	0.0289074	0.119453	-0.0307337	0.266357	-0.00309178	-0.0657915	0.0254469	0.171409	-0.0372917	0.0140614	0.31913	0.0993428	
0.0452989	-0.0447455	0.158914	0.649336	0.296515	0.141542	0.160994	0.419091	-0.00742643	0.0461164	0.119453	-0.0307337	0.255296	0.0158414	-0.0671695	0.0294919	0.143766	-0.0372917	0.00719857	0.31913	0.0979623	0	
0.0420307	-0.0447455	0.144666	0.647957	0.296515	0.125023	0.151354	0.388779	-0.00742643	0.0461164	0.10657	-0.0208848	0.346824	0.0158414	-0.0689209	0.0264635	0.216535	-0.0359127	0.00719857	0.335254	0.0979623	0	
0.0271839	-0.0447455	0.144666	0.667322	0.296515	0.132094	0.166201	0.388779	-0.0150368	0.0461164	0.117693	-0.0208848	0.32327	-0.00746327	-0.0676334	0.0276243	0.216535	-0.0359127	0.0144242	0.190564	0.0979623	0.0463754	
0.0248393	-0.0447455	0.13604	0.799516	0.369336	0.141914	0.168546	0.365268	-0.0270853	0.0461164	0.115369	-0.0277777	0.233175	0.00576671	-0.0631367	0.0276243	0.216535	-0.0407865	0.0144242	0.138934	0.098466	0.0393627	
0.016904	-0.0447455	0.140397	0.799516	0.391905	0.184849	0.161668	0.344881	-0.0296471	0.0547856	0.0877343	-0.0277777	0.243851	-0.000533101	-0.069731	0.0276243	0.216535	-0.0407865	0.0144242	0.212556	0.098466	0	
0.0394742	-0.0447455	0.147682	0.804058	0.3053	0.210242	0.104517	0.332512	-0.00725893	0.0256297	0.00938595	-0.0277777	0.256731	-0.000533101	-0.069731	0.0383333	0.261764	-0.0453283	0.0144242	0.256295	0.098466	0.035116	
0.0565504	-0.0447455	0.158737	0.807668	0.244364	0.247395	0.106699	0.343138	-0.00725893	0.0713933	0.0321637	-0.00993742	0.258401	-0.00723275	-0.0669087	0.0383333	0.330287	-0.0356866	0.0144242	0.24267	0.098466	
0.0565504	-0.0447455	0.158737	0.779732	0.24287	0.247395	0.106699	0.303089	-0.0106396	0.0713933	0.0549712	-0.00993742	0.245764	-0.00723275	-0.0715929	0.0383333	0.167934	-0.0376351	0.0144242	0.24267	0.098466	-0.0706004	0.0803106	-0.00743505	
0.0646583	-0.0446732	0.141232	0.770323	0.242942	0.247395	0.0986632	0.319892	0.00261751	0.0491038	0.0767096	-0.02128	0.245837	-0.0156052	-0.0715206	0.0384056	0.174923	-0.0414121	0.0144965	0.126543	0.0985382	-0.0589584	-0.00872778	-0.0393359	
0.0642143	-0.0463329	0.140788	0.770323	0.168861	0.239512	0.078536	0.305757	-0.00160847	0.0486597	0.103085	-0.0128052	0.26444	-0.00447917	-0.0728643	0.0379615	0.204766	-0.0418561	0.0140524	0.108756	0.104754	-0.0538361	0.0547216	
0.0642143	-0.0463329	0.165983	0.767748	0.270928	0.258854	0.0721728	0.305757	-0.00749914	0.0562368	0.062878	-0.0128052	0.26444	-0.00447917	-0.0751274	0.0379615	0.172922	-0.0392811	0.0171279	0.108756	0.104754	-0.0495777	0.0536719	
0.0642143	-0.0463329	0.125674	0.767748	0.337719	0.258854	0.101822	0.305757	0.0017035	0.0562368	0.062878	-0.0128052	0.26444	-0.0195023	-0.0783111	0.0476307	0.193868	-0.0392811	0.0171279	0.183081	0.104754	-0.0455047	0	
0.0766156	-0.0463329	0.125674	0.707725	0.362512	0.262853	0.0875347	0.287575	-0.0361837	0.0316883	0.138984	-0.0335587	0.26444	-0.0169205	-0.0800241	0.040346	0.193868	-0.0392811	0.0180165	0.289674	0.104754	-0.0455047	0.00507405	
0.0766156	-0.0463329	0.125674	0.709776	0.389999	0.248297	0.0830138	0.422275	-0.0061656	0.011518	0.222513	-0.0335587	0.283885	-0.00148008	-0.0800241	0.040346	0.193868	-0.0413325	0.0198445	0.289674	0.104754	-0.0455047	0.029624	
0.102828	-0.0463329	0.166149	0.709776	0.441484	0.21619	0.0521439	0.449647	-0.0287104	0.0435188	0.223673	-0.0149885	0.318987	-0.00347861	-0.0794228	0.040346	0.184257	-0.0413325	0.0198445	0.413894	0.0987103	-0.0414883	
0.102828	-0.0447032	0.137922	0.731164	0.536021	0.232491	0.0134934	0.46149	-0.0183639	0.0186625	0.223673	-0.0149885	0.318987	-0.0028768	-0.0665043	0.0256317	0.184257	-0.0461583	0.0198445	0.393202	0.0987103	-0.0350829	-0.00090821	
0.10375	-0.0437806	0.138845	0.702009	0.545131	0.223228	0.0134934	0.467445	-0.0174413	0.0270124	0.280735	-0.0233461	0.316332	-0.00195414	-0.0655816	0.0265544	0.213339	-0.0452356	0.0207672	0.331664	0.0996329	-0.0341602	
0.10375	-0.0437806	0.15075	0.702009	0.545131	0.172483	-0.0017708	0.401952	-0.0256363	0.0393557	0.234263	-0.0237137	0.239785	-0.00195414	-0.067878	0.0161415	0.235088	-0.0452356	0.0155502	0.388883	0.100094	-0.0280967	0.0117471	
0.0964526	-0.0433528	0.15075	0.650608	0.545131	0.196042	0.00773845	0.38347	0.00558033	0.0515158	0.234263	-0.0237137	0.202513	-0.00195414	-0.067878	0.0228634	0.235088	-0.0452356	0.0155502	0.32062	0.0765348	-0.00948802	-0.0217961	0.0164398	0	0	
0.101839	-0.0433528	0.15075	0.619962	0.545131	0.187219	0.00110332	0.362185	0.0483568	0.0515158	0.231341	-0.0237137	0.234662	0.00417385	-0.0649122	0.0228634	0.241745	-0.0452356	0.0155502	0.342025	0.0893495	0.0576429	
0.102957	-0.0391137	0.192271	0.619962	0.54625	0.192254	0.023782	0.405642	0.0416708	0.0671231	0.23246	-0.0146368	0.23578	0.0052924	-0.0637936	0.0241452	0.242863	-0.0441171	0.0166688	0.400409	0.0696767	0.0565243	-0.0329797	
0.102957	-0.0391137	0.161903	0.619321	0.54625	0.192254	0.00291624	0.425622	0.0576229	0.00398135	0.23246	-0.0146368	0.169406	-0.0120626	-0.0637936	0.0275519	0.242863	-0.0441171	0.0148717	0.327931	0.0696767	0.0570278	0.0173686	0	0.0322906	
0.102957	-0.0391137	0.173737	0.575806	0.54625	0.164468	0.00291624	0.442774	0.0651947	0.00828297	0.23246	-0.0146368	0.169406	-0.0123832	-0.0518722	0.029714	0.209186	-0.0441171	0.0196649	0.279662	0.0696767	0.0602811	0	0	
0.0966703	-0.0391137	0.173737	0.664808	0.324653	0.164468	0.00920329	0.40544	0.0662738	0.00903547	0.23246	-0.0215499	0.151756	-0.0123832	-0.0470973	0.029714	0.16264	-0.0509997	0.0196649	0.256752	0.0696767	0.0602811	
0.0966703	-0.039219	0.149991	0.67373	0.378945	0.19687	-0.00710113	0.334672	0.0760067	0.0153232	0.190266	-0.0184281	0.116676	-0.0207212	-0.0500969	0.0270971	0.16264	-0.0490222	0.016469	0.226049	0.0696767	0.0560435	0	0.0145536	
0.0966703	-0.039219	0.136499	0.672457	0.346258	0.19687	0.0192481	0.447464	0.0476201	0.0202266	0.216469	-0.0184281	0.0963094	-0.00910034	-0.0500969	0.0270971	0.16264	-0.0477496	0.016469	0.233116	0.0696767	0.0560435	0.128091	
0.0966703	-0.039219	0.136499	0.6131	0.288245	0.184826	0.055554	0.430781	0.0522618	0.0202266	0.181267	-0.0184281	0.108202	-0.00910034	-0.0500969	0.0270971	0.129759	-0.0412543	0.016469	0.20772	0.0696767	0.0560435	
0.0966703	-0.039219	0.125075	0.6131	0.285173	0.184826	0.0483862	0.389856	0.0515095	0.000163068	0.116539	-0.0184281	0.122527	-0.00910034	-0.0494441	0.0270971	0.189708	-0.0412543	0.016469	0.304613	0.0696767	0.0552912	
0.120077	-0.0387614	0.124072	0.780933	0.28417	0.181744	0.0376231	0.385231	0.035428	-0.00375752	0.117551	-0.0194315	0.141523	-0.0162864	-0.062242	0.0360532	0.149111	-0.039392	0.00532432	0.286977	0.0717556	0.046706	
0.125349	-0.0423648	0.137159	0.543435	0.284312	0.181744	0.0437324	0.385373	0.0508516	-0.00361498	0.190149	-0.0148851	0.138302	-0.0161439	-0.0712722	0.0361958	0.119574	-0.0392494	0.0159192	0.162002	0.0718981	0.0526335	-0.0281046	0.0370426	0.00213857	0	
0.125349	-0.0423648	0.137159	0.56234	0.284312	0.181744	0.0359846	0.385373	0.0545539	-0.0153958	0.158493	-0.00194619	0.10669	-0.0161439	-0.0712722	0.0361958	0.169317	-0.0581548	0.0159192	0.162002	0.0718981	0.057591	
0.104882	-0.0423648	0.142841	0.576975	0.287848	0.181744	0.0864468	0.385373	0.0554804	-0.0156386	0.158493	-0.0104606	0.193433	-0.0200075	-0.0805484	0.0308063	0.271489	-0.0581548	0.0159192	0.194214	0.0718981	0.057591	0	
0.104882	-0.0411038	0.142841	0.587643	0.301856	0.181744	0.0864468	0.384656	0.0771204	-0.0156386	0.147269	-0.0104606	0.227776	-0.0188332	-0.0678703	0.0308063	0.181831	-0.0595725	0.0159192	0.149989	0.0718981	0.0792311	0.0127487	
0.102453	-0.0435335	0.161477	0.605297	0.299426	0.1825	0.111044	0.395967	0.0841773	0.00631799	0.205295	-0.0201558	0.23356	-0.00378882	-0.0703	0.0264465	0.243366	-0.0618226	0.0137576	0.157685	0.0687118	0.0892719	
0.102453	-0.0412978	0.18203	0.605297	0.181474	0.176297	0.109768	0.395967	0.0581356	-0.0216869	0.205295	-0.0238206	0.185709	-0.0184864	-0.0754718	0.0264465	0.266733	-0.0618226	0.0137576	0.222043	0.0749147	0.0846768	
0.102742	-0.0410083	0.182319	0.565928	0.194242	0.171704	0.0635547	0.396256	0.0600903	0.00810717	0.174592	-0.0235311	0.186914	-0.0103423	-0.0725897	0.0229772	0.179963	-0.0509275	0.0122483	0.194163	0.0797977	0.0863421	-0.020641	
0.125347	-0.0410399	0.163088	0.567363	0.175787	0.171704	-0.0415201	0.464068	0.0486295	-0.00684645	0.174592	-0.0235311	0.183212	-0.00654782	-0.075011	0.0202162	0.179963	-0.0527175	0.0127848	0.225188	0.0797977	0.0808644	
0.125347	-0.0410399	0.14092	0.567363	0.147262	0.190138	-0.00716504	0.454299	0.0417947	-0.00684645	0.174592	-0.0246321	0.181634	-0.0156271	-0.075011	0.0202162	0.185062	-0.0527175	0.0127848	0.156215	0.0728374	0.0852318	
0.110661	-0.0410399	0.172854	0.586916	0.143649	0.185498	-0.0214052	0.442042	0.0597555	-0.0350565	0.140572	-0.0246321	0.243258	-0.0239525	-0.075011	0.0327977	0.185062	-0.0527175	0.0127848	0.156215	0.0728374	0.0697186	-0.0839606	
0.110661	-0.0410399	0.201914	0.557354	0.195817	0.203497	-0.0214052	0.442042	0.0554246	-0.0209922	0.261938	-0.0195953	0.260106	-0.0118827	-0.075011	0.0327977	0.216402	-0.0447649	0.0127848	0.263558	0.0819331	0.0653877	
0.124426	-0.0410399	0.201914	0.557354	0.22704	0.153402	-0.055131	0.459949	0.0734101	0.00621887	0.275232	-0.0195953	0.311225	-0.0118827	-0.075011	0.0229067	0.166835	-0.0447649	0.0127848	0.154203	0.0770691	0.0833732	-0.0521683	0.0202797	
0.124778	-0.0406886	0.202266	0.507734	0.227392	0.131396	-0.036502	0.491515	0.0603397	-0.000334124	0.243508	-0.019244	0.311577	-0.0115314	-0.0746597	0.0232579	0.164443	-0.0370625	0.0131047	0.154554	0.0828278	0.0802747	
0.124778	-0.0406886	0.189029	0.507734	0.228366	0.191545	-0.0266028	0.473065	0.0587415	0.00273578	0.309667	-0.0222882	0.260943	-0.00901957	-0.0746597	0.0101584	0.177873	-0.0370625	0.00795918	0.154554	0.0828278	0.0738596	
0.117323	-0.0406886	0.189029	0.433858	0.13593	0.189078	-0.0191482	0.534828	0.0409865	-0.000329462	0.202584	-0.0222882	0.262122	-0.0114786	-0.0770853	0.018615	0.177873	-0.0439484	0.00795918	0.160695	0.0852951	0.0699691	
0.117323	-0.0406886	0.163175	0.576713	0.155473	0.189078	-0.0204813	0.534828	0.0428934	-0.000329462	0.19747	-0.0102125	0.301345	-0.013843	-0.0746319	0.0121031	0.237016	-0.0439484	0.00795918	0.160695	0.0852951	0.0736098	-0.0450793	0.030157	-0.0150893	0.0117755	
0.117323	-0.0406886	0.190126	0.509342	0.187935	0.189078	-0.0204813	0.331001	0.0232138	-0.000329462	0.19747	-0.0107655	0.301345	-0.0105553	-0.0746319	0.0130769	0.237016	-0.0439484	0.00795918	0.149923	0.0852951	0.074587	0.0313765	0	0.0125107	0	
0.117323	-0.0406886	0.190126	0.508412	0.175027	0.189078	-0.0235021	0.425771	0.0189628	-0.00419431	0.250292	-0.0107655	0.301345	-0.0102188	-0.0724581	0.0130769	0.177296	-0.0430188	0.0183091	0.189278	0.0852951	0.0551566	
0.117323	-0.0464441	0.205671	0.502267	0.185449	0.20835	-0.0193202	0.402409	0.0346991	0.0302014	0.250292	-0.0184991	0.301345	-0.0102188	-0.0688976	0.00521275	0.212935	-0.0430188	0.0192273	0.11309	0.0660235	0.0641421	
0.117323	-0.04555	0.205671	0.333111	0.132307	0.20835	-0.0406764	0.366565	0.0385951	-0.00559778	0.287897	-0.00565655	0.335478	0.00789788	-0.069908	0.00521275	0.212935	-0.0430188	0.0168963	0.218007	0.0660235	0.0641421	0	
0.117323	-0.04555	0.191029	0.275563	0.131229	0.20835	-0.0406764	0.366565	0.0309278	0.0175964	0.180957	-0.023613	0.3558	0.00789788	-0.0701705	0.00813312	0.18813	-0.0430188	0.0168963	0.101167	0.0660235	0.0641421	
0.103581	-0.04555	0.202402	0.392118	0.213649	0.208603	-0.0166739	0.361471	0.0329562	0.0346076	0.205524	-0.0019597	0.377695	-0.0118341	-0.0765509	0.0136981	0.147668	-0.0430188	0.0168963	0.0809329	0.0657699	0.0683198	
0.103581	-0.04555	0.199759	0.328034	0.177278	0.199459	-0.0163884	0.391997	0.0410602	0.0426065	0.205524	-0.0019597	0.240201	-0.0118341	-0.0765509	0.00819046	0.168181	-0.0400147	0.0168963	0.140678	0.0749145	0.069421	0	0	
0.103581	-0.04555	0.199759	0.170746	0.151311	0.199459	-0.0163884	0.391997	0.0643111	0.0278417	0.205524	-0.0163624	0.227836	0.0071985	-0.0704858	0.00819046	0.242169	-0.0403306	0.0168963	0.265009	0.0749145	0.0785349	-0.012127	
0.101528	-0.04555	0.199759	0.192855	0.188715	0.199459	-0.0143359	0.391997	0.0584471	0.012989	0.239852	-0.0243839	0.178565	0.0125091	-0.0749216	0.0107766	0.19609	-0.0403306	0.0131378	0.213942	0.0749145	0.0926179	0.44509	0.0337667	
0.101528	-0.0443887	0.225815	0.242709	0.188715	0.134574	-0.0210717	0.384108	0.0437844	0.0210382	0.305867	-0.0131913	0.178565	0.038489	-0.0756514	0.0107766	0.159765	-0.0341619	0.0131378	0.212268	0.0843888	0.0918473	0.0486997	0	
0.0993165	-0.0443887	0.225815	0.186176	0.188715	0.134574	0.0281879	0.280156	0.0229217	0.0210382	0.313158	-0.0280257	0.141896	0.038489	-0.070224	0.0107766	0.205139	-0.0341619	0.0131378	0.167316	0.0843888	0.0846312	0.0703505	0	0.0341619	
0.127901	-0.0443887	0.225815	0.248225	0.172556	0.134574	0.0120084	0.367722	0.00670603	-0.0218094	0.283012	-0.0258641	0.163004	0.038489	-0.0763553	0.0107766	0.234646	-0.0362354	0.0131378	0.239034	0.0843888	0.0684155	
0.124265	-0.0443887	0.225815	0.249576	0.132908	0.162049	0.0156444	0.377179	0.0158669	-0.0138584	0.28965	-0.0190689	0.211999	0.038489	-0.0763553	0.0107766	0.262549	-0.0375857	0.00950278	0.144102	0.0843888	0.0716566	-0.0107766	
0.122334	-0.0436392	0.22662	0.197081	0.133713	0.162049	0.0183806	0.322345	0.038935	0.00384605	0.290455	-0.0210603	0.253623	0.0267111	-0.0743723	0.0115816	0.269633	-0.0367807	0.00898011	0.309784	0.0851938	0.0522666	
0.122334	-0.0436392	0.22662	0.22214	0.19829	0.130138	-0.0167565	0.415097	0.0615143	0.00187892	0.301997	-0.0210603	0.38324	0.026407	-0.0774682	0.0115816	0.286345	-0.0382751	0.00898011	0.357689	0.0785394	0.0688591	
0.122334	-0.0436392	0.22662	0.212445	0.0866015	0.148134	0.046415	0.367058	0.0615143	0.0164065	0.330857	-0.0166311	0.387718	0.026407	-0.0774682	0.0175922	0.286345	-0.0387923	0.0136732	0.28319	0.0754639	0.0688591	
0.128536	-0.0436392	0.22662	0.292923	0.0866015	0.148134	0.0523414	0.389139	0.0676069	0.0386573	0.330857	-0.0138105	0.387718	0.0199456	-0.0654833	0.0194693	0.286345	-0.0387923	0.0136732	0.337659	0.0754639	0.0680318	
0.128536	-0.0407821	0.199904	0.291409	0.0777625	0.145333	0.00685144	0.334959	0.0753244	0.0209213	0.330857	-0.0138105	0.389589	0.0199456	-0.0654833	0.0194693	0.293745	-0.0372781	0.0139676	0.324544	0.0728524	0.0740539	
0.15662	-0.0429989	0.199904	0.273728	0.167761	0.148684	0.0138441	0.334204	0.0789199	0.014252	0.330857	-0.0378387	0.389589	0.0199456	-0.0772349	0.0194693	0.293745	-0.0372781	0.0126847	0.305236	0.0631529	0.0788518	0	0	
0.15662	-0.0429989	0.195151	0.386144	0.0944594	0.114016	-0.0326997	0.334204	0.0600099	0.0552145	0.330857	-0.0262935	0.382943	0.0100368	-0.0772349	0.0194693	0.221431	-0.044393	0.0126847	0.245764	0.0585541	0.0699933	0.0719717	0	
0.15662	-0.0402934	0.195151	0.310016	0.158445	0.155577	-0.0247467	0.343856	0.0615869	0.0903682	0.330857	-0.0262935	0.382943	0.0100368	-0.0772349	0.0223507	0.183974	-0.043766	0.0109879	0.245764	0.0585541	0.0811078	
0.15662	-0.0425569	0.195151	0.308019	0.171361	0.133171	-0.0247467	0.317456	0.0666652	0.0569748	0.330857	-0.0140343	0.315214	0.0100368	-0.0816771	0.0213396	0.18582	-0.043766	0.0109879	0.253048	0.055679	0.0864509	
0.142809	-0.0425569	0.195151	0.308019	0.125546	0.161337	-0.0109356	0.302005	0.0562641	0.0902217	0.283	-0.0106069	0.301578	-0.0147295	-0.0724462	0.0213396	0.234831	-0.043766	0.0116915	0.31083	0.0620364	0.0868927	-0.0378344	
0.138022	-0.0425569	0.195151	0.311359	0.188112	0.161968	-0.00614781	0.365196	0.0584037	0.074697	0.283	-0.00381176	0.301578	-0.0147295	-0.0817794	0.0209189	0.162704	-0.0471061	0.0253712	0.270297	0.0606974	0.0943184	-0.0114486	0	
0.151201	-0.0425569	0.195151	0.339043	0.239674	0.161968	-0.0329464	0.317102	0.0564916	0.0487726	0.283	-0.00207244	0.301578	-0.00112048	-0.0766734	0.0209189	0.209918	-0.0532952	0.0253712	0.270297	0.0606974	0.0924062	-0.0106213	0	-0.0220932	
0.119351	-0.0422648	0.195151	0.413955	0.239674	0.15693	-0.0240836	0.317102	0.05129	0.0329453	0.283	-0.0225836	0.294551	-0.015636	-0.0766734	0.0296598	0.198524	-0.0532952	0.0118301	0.162634	0.0621817	0.0872046	-0.0329453	0.034006	
0.121405	-0.0402109	0.205001	0.331788	0.241727	0.140054	0.00538298	0.350064	0.0483539	0.0203293	0.320724	-0.0205297	0.296605	-0.0097531	-0.0801026	0.0354392	0.200578	-0.0469786	0.0188487	0.171128	0.0642356	0.0851507	0.0407415	
0.121405	-0.0402109	0.199845	0.354071	0.201053	0.140054	0.00538298	0.351421	0.0337967	0.00912565	0.241047	-0.0125283	0.296605	-0.0097531	-0.0671402	0.027871	0.17809	-0.0469786	0.0188487	0.201206	0.0642356	0.0724435	0.0407415	0	
0.12017	-0.0402109	0.199845	0.339135	0.100368	0.139784	-0.0152402	0.413935	0.0429612	0.0381123	0.241047	-0.00707017	0.296605	-0.00848551	-0.0671402	0.0267199	0.17809	-0.0469786	0.00775653	0.241108	0.0642356	0.0816175	0.0407415	-0.0118539	0	
0.12017	-0.0402109	0.199845	0.486997	0.126891	0.139784	-0.0172272	0.340391	0.0304938	0.0288183	0.224359	-0.0248678	0.214624	-0.0162615	-0.0676296	0.0267199	0.234363	-0.0469786	0.00775653	0.276379	0.0642356	0.0746508	0.0407415	0.00825252	
0.118943	-0.0402109	0.199845	0.473672	0.17605	0.139784	-0.0160004	0.340391	0.062352	0.0740473	0.225812	-0.033299	0.34732	-0.0151893	-0.0676296	0.0217825	0.25863	-0.0469786	0.0211475	0.180851	0.0642356	0.0796428	0.0407415	0	
0.119842	-0.0402109	0.198285	0.430179	0.17605	0.13932	-0.0244378	0.340391	0.0653249	0.0557453	0.225812	-0.00610324	0.34732	-0.0114385	-0.066805	0.0219756	0.25863	-0.0367177	0.0211475	0.119614	0.064699	0.0765107	0.0407415	0	
0.119842	-0.0402109	0.232229	0.448835	0.266954	0.13932	-0.0244378	0.365954	0.0541043	0.0557453	0.333247	-0.00439563	0.303969	-0.00443181	-0.0566091	0.0219756	0.25863	-0.0422498	0.0138085	0.119614	0.064699	0.0765107	0.038954	0.002038	
0.11078	-0.0402109	0.232229	0.456478	0.155527	0.131812	-0.00762513	0.320522	0.0429864	0.0557453	0.320915	-0.0267137	0.303969	-0.00443181	-0.0564324	0.0173632	0.277301	-0.0422498	0.0104531	0.0785444	0.0722072	0.0668841	0.0499539	-0.00038224	
0.108703	-0.0402109	0.233007	0.505725	0.177702	0.17583	0.0250511	0.344209	0.0429864	-0.0034049	0.31032	-0.0144156	0.301178	-0.00443181	-0.0564324	0.0173632	0.271672	-0.056912	0.0104531	0.10342	0.0633855	0.0668841	0.0328248	-0.00038224	0.0019447	
0.11525	-0.0402109	0.233007	0.505725	0.138882	0.192538	0.0453085	0.433453	0.0660505	-0.00426478	0.291002	-0.0144156	0.301178	-0.0397449	-0.0631151	0.0173632	0.192141	-0.056912	0.0168141	0.110254	0.0633855	0.0675482	0.0328248	-0.00038224	0.0201774	0.048875	
0.11525	-0.0402109	0.230473	0.501593	0.199745	0.191222	0.0260398	0.433453	0.0446876	-0.00426478	0.312874	-0.0144156	0.342699	-0.0402852	-0.0631151	0.0173632	0.192141	-0.0527799	0.022902	0.158374	0.0633855	0.0845398	0.00667775	-0.0184548	-0.0298781	0.0483435	0	
0.116441	-0.0351709	0.201797	0.446547	0.110037	0.191222	0.0468953	0.421047	0.0523703	0.0347679	0.239191	-0.0114625	0.368724	-0.0401614	-0.0694246	0.018686	0.180853	-0.0514572	0.0242248	0.131847	0.0647083	0.0762709	0.0154552	-0.0177023	-0.0379606	0.0558593	
0.116963	-0.034649	0.202318	0.284717	0.185155	0.191222	0.0468953	0.421569	0.0547699	-0.00678312	0.239713	-0.023327	0.35324	-0.0221987	-0.0633033	0.0192079	0.178989	-0.0509353	0.0242195	0.166731	0.0652302	0.0781486	-0.00424873	-0.025566	0.0384185	
0.116963	-0.034649	0.202318	0.31906	0.190136	0.191222	0.0808629	0.421569	0.0605233	0.0151539	0.207655	-0.023327	0.325401	-0.0221987	-0.0571602	0.0192079	0.19212	-0.0509353	0.0221988	0.186852	0.0652302	0.0820636	0.0130517	-0.0267728	0.0384185	0	
