0.284143	0.138286	0.0347596	0.038218	0.145439	0.535226	0.222224	0.00412578	0.00530723	0.189606	0.0464081	0.0383201	0	0	0	0	0	0	0	0	0	0	0	0	0	0	0	0	0	0	0	0	0	0	0	0	0	0	0	0	0	0	0	0	0	0	0	0	0	0	0	0	0	0	0	0	0	0	0	0	0	0	0	0	0	0	0	0	0	0	0	0	0	0	0	0	0	0	0	0	0	0	
0.284143	0.138286	0.0279548	0.0317587	0.139436	0.535226	0.00440078	0.00412578	0.00530723	0.181408	0.0464081	0.0383201	0	0	0.00412578	-0.047935	0.123447	-0.00345844	-0.0407575	0	-0.281935	0.00950959	0.0374412	0.06533	0	0.00627311	-0.0270768	0.0485702	0	0.0757398	0.0606759	0.0194177	0.0330166	0.0128601	0.228645	0.0203183	-0.0219385	0	0.0250308	0.0312905	-0.00412578	-0.032919	0.0127334	-0.0198334	-0.0176488	0.0215832	-0.00575251	-0.0203837	0.0560322	-0.0323448	0.0135796	
0.284256	0.114558	0.0279548	0.0376569	0.139549	0.535339	-0.0530971	0.00423898	0.0168008	0.056492	0.0465213	0.0313051	-0.0113804	-0.0218473	-0.0498589	0.304048	-0.307484	0.0184085	-0.0228997	0.0521545	-0.00402014	-0.0270768	0.0757398	0.0443819	0.0207657	0.234306	0.181408	-0.0684915	0.0203183	0.0314037	0.00638631	-0.0328058	0	0.00237628	0.271572	0.0321803	0.0709727	
0.289316	0.115188	0.0285842	0.0376569	0.139549	0.579114	-0.0351578	0.00360959	0.0521157	0.0645497	0.304048	0.0313051	-0.0103118	0.0224771	0.0444038	0.275665	0.000945743	0.0443819	-0.053025	0	0.030856	0.0237538	0.199491	0.0521545	0.0357737	-0.00452192	0.0321803	0	-0.0383601	-0.0384626	-0.0318881	-0.0606971	0.230213	0.0298423	
0.289316	0.129887	0.0285842	0.0429282	0.139549	0.590078	-0.0378801	0.00360959	0.0526726	0.116491	0.539461	0.0313051	-0.0303078	0.0473549	0.135855	-0.0608574	-0.0494689	0.050358	0.00852899	0.00944015	0.0265002	0	0.0301223	0.185868	0.155739	0.0597611	-0.00452192	-0.0035293	0.0804308	-0.0433572	-0.0178929	-0.0196104	-0.0339673	0.477203	
0.313148	0.117767	0.390002	0.0328938	0.128328	0.590078	-0.0188687	0.00360959	0.0526726	0.0765715	0.815014	0.0290835	0.00534033	0.119183	0.0138314	-0.0720431	0.050358	0.0177499	-0.00125332	0.0265002	0.098738	0.0123038	0.0357674	0.185868	0.179596	0.424867	-0.00452192	0.00557171	0.0912652	-0.0470601	-0.0463676	-0.0472639	0.114598	
0.313148	0.131764	0.380685	0.0367126	0.135623	0.590078	-0.0299339	0.00182253	0.0526726	0.0431197	0.815014	0.0129781	-0.0334773	0.0347462	-0.00961291	-0.0744778	0.049258	0.0195369	-0.00125332	0.00716376	0.237062	0	0.00401078	0.0885819	0.187655	0.179596	-0.0675697	0.425873	-0.0164027	-0.0474545	0.0912652	-0.0510151	-0.0689583	0.129698	
0.300874	0.131764	0.190273	0.0367126	0.157928	0.590078	-0.0145029	0.00182253	0.0526726	0.0355406	1.00252	0.0129781	0.0149801	0.047907	0.0503185	-0.0848961	0.0513269	0.0195369	0.00956681	0.020574	0.237062	-0.0103469	0.0113693	0.0885819	0.149055	0.124517	-0.0856386	0.221313	-0.0107698	-0.0246206	0.065189	-0.0534293	-0.066318	0.222807	
0.300213	0.133179	0.119602	0.0460254	0.11729	0.590078	-0.0410744	0.00182253	0.0531252	-0.0615747	0.837723	0.0129781	0.0311052	0.17921	0.0211757	0.0286046	0.020574	0.237062	0.047907	-0.00313784	-0.0399988	0.149055	0.085218	-0.109933	0.237573	-0.0238782	-0.0149395	0.105288	0.0973618	0.143614	
0.259116	0.133179	0.119602	0.0460254	0.11729	0.590078	-0.0487351	0.00182253	0.0531252	0.0266803	0.567719	0.0129781	0.0248576	-0.00208661	0.0319398	0.00927297	0.193795	0.0309417	0.27553	0.0615223	-0.011089	-0.0399988	0.110873	0.085218	-0.120697	0.45637	-0.0238782	-0.0282998	0.0474468	0.0648906	
0.271147	0.135469	0.0926475	0.044659	0.137937	0.590078	-0.0563178	0.00182253	0.0531252	-0.0140147	0.434603	0.0145479	0.00732168	-0.0123517	0.0293375	-0.00506987	0.192225	0.0309417	0	0.310871	-0.0126033	0.0105373	-0.0399988	0.199825	0.184876	-0.0844067	-0.0214312	-0.0250876	0.0549554	0.0501592	
0.271147	0.135469	0.159481	0.044659	0.160723	0.590078	-0.065903	0.00182253	0.0412452	-0.0140147	0.24272	0.0145479	0.0157354	-0.0280628	0.0342338	0.0140424	0.0179533	0.0501592	0	0	0.0390683	0.0105373	-0.0257701	0.150656	0.0903623	0.310871	0.149925	-0.0292245	-0.043259	0.0500592	-0.0327494	
0.271147	0.135469	0.153243	0.0432825	0.146019	0.590078	-0.0566185	0.00182253	0.0412452	-0.0296234	0.686183	0.0145479	-0.0454319	0.0131044	0.0342338	0.0421633	0.0179533	0.0596787	0.188905	-0.070969	0	0.0390683	-0.015107	-0.00235003	0.194737	0.159688	0.232929	-0.0216397	-0.0359623	-0.00706585	-0.0175808	
0.248935	0.135469	0.154766	0.0432825	0.130938	1.01736	-0.0653672	0.00182253	0.0418669	-0.0319168	0.596683	0.0145479	-0.0121771	0.0316103	0.0342338	0.00713306	0.0462313	0.0596787	0.0312668	0.221337	0.0163005	-0.0312058	0.163113	0.238975	0.254283	-0.0358613	-0.0336229	0.0461559	0.00759941	
0.248935	0.135469	0.334842	0.041173	0.14124	1.01736	-0.0621895	0.00182253	0.046237	0.13952	0.4878	-0.00398619	0.0297878	0.0350225	0.0221365	0.0462313	0.0596787	0.0587211	0.221337	0.0163005	-0.0455911	0.131781	0.272593	0.257995	-0.00909989	-0.0336229	0.0108359	0.00681074	
0.258674	0.132025	0.201701	0.0342218	0.141381	1.0175	-0.0312018	0.00196403	0.0463785	0.0430915	0.504761	0.00936014	-0.0257112	-0.0124714	0.0350225	0.00637121	0.0458066	0.076546	0.0429064	0.253124	0.016442	-0.0227444	0.155193	0.272735	0.164807	-0.0128585	-0.0303556	0.0109774	-0.017045	
0.259345	0.147417	0.307743	0.0335506	0.146716	1.01818	-0.0305306	0.0026352	0.0440041	-0.0500601	0.419707	-0.0748316	0.0363913	0.055106	0.0458066	0.0772172	0.0231793	0.237277	0.0159652	-0.0307796	0.155193	0.273406	0.199413	-0.0202773	-0.0343667	0.0142652	-0.0475364	
0.259345	0.147417	0.234179	0.0443154	0.150035	0.908665	-0.0305306	0.0026352	0.0470883	0.0570473	0.232694	0.00927964	0.0538069	0.0309828	0.0597384	0.0260811	0.0152625	0.225304	0.0299906	0.0138432	0.0112889	-0.00297675	0.14894	0.274469	0.184856	0.00103822	-0.0482145	0.0156474	
0.296175	0.147417	0.587084	0.0443154	0.150035	0.908665	-0.0241451	0.0026352	0.0470883	-0.00731033	0.493806	-0.0468204	0.0247217	0.0451146	0	0	0.0597384	0.0260811	0.027284	0.248514	0.15076	0.0271699	-0.0335044	0.173044	0.198697	0.176738	0.00103822	-0.0369204	0.0156474	
0.296175	0.154574	0.44353	0.0443154	0.142922	0.851562	-0.0187228	0.0026352	0.0382076	0.1654	0.39973	-0.0318125	-0.0454337	0.0197273	0.0451146	-0.0397763	0.0766322	0.027284	0.248514	0.0532886	0.0358173	0.0156474	0.071344	0.173044	0.198697	0.176738	0.00664269	-0.0555459	
0.296889	0.152807	0.264977	0.0431012	0.125684	0.672298	-0.0449408	0.00511579	0.0376283	0.236808	0.468553	-0.0360527	0.00955325	0.0393425	0.0433481	-0.0293989	0.0286216	0.0212722	0.246748	0.0998965	0.011259	0.0328473	0.0720581	0.237345	0.0904473	0.189594	0.00735682	-0.0532015	
0.297573	0.152807	0.545726	0.0424176	0.126368	0.672981	-0.0567469	0.00579944	0.0328104	0.0660762	0.477795	-0.00789751	-0.0627679	0.0294651	0.0433481	-0.0760156	0.058951	0.0446796	0.210822	0.214792	0.0437396	0.0121291	0.0701364	-0.035245	0.237345	0.129562	0.210125	0.00804047	-0.0515783	
0.263936	0.152807	0.278274	0.0416665	0.126368	0.674495	-0.0309801	0.00579944	0.0328104	-0.0278878	0.660518	0.0299074	-0.0757205	0.0294651	0.0433481	0.0323132	0.028197	0.0247081	0.146922	0.156955	0.0498679	0.00795268	0.0803859	0.0392906	0.00865274	0.237345	0.210208	0.0339631	-0.0282318	
0.263936	0.152807	0.248541	0.044523	0.145603	0.674495	-0.0309801	0.00579944	0.0254188	-0.0180312	0.189781	0.019493	-0.0631382	0.0199599	0.0433481	0.0838782	0.268288	0	0.020677	0.0778779	0.156955	0.0498679	0.00743412	0.089763	0.244228	0.0309048	-0.0537169	
0.263936	0.154091	0.452545	0.0396005	0.138975	0.710758	-0.0371391	0.00579944	0.0254188	-0.0415093	0.169659	0.0434547	0.0500306	0.0294359	0.0433481	0.0838782	0.203848	0.0222093	0.120134	0.189854	0.0120537	0.0147275	0.0482898	0.297224	0.0309048	-0.0525807	
0.243716	0.153431	0.466021	0.0396005	0.138975	0.664583	-0.0388253	0.00579944	0.0254188	-0.0315795	0.118475	0.0507334	0.0503006	0.0294359	0.06167	0.139957	0.27736	0.0222093	0.120134	0.197311	-0.00161976	0.0287676	0.0872029	0.242248	0.0222494	-0.049756	
0.264636	0.174096	0.139706	0.0444031	0.114171	0.663224	-0.0594719	0.00579944	0.0254188	0.0302929	0.170357	-0.0172179	0.103198	0.0476699	0.0458443	0.104929	0.300412	0.00933953	0.119025	0.128207	-9.79793e-06	0.0286274	0.14233	0.346545	0.0222494	-0.046389	
0.264636	0.174096	0.0843126	0.0444031	0.114171	0.663224	-0.05074	0.00579944	0.0231996	0.0640541	0.533399	0.00634669	0.0206375	0.0476699	0.0451977	0.166922	0.32004	0.00933953	0.119025	0.0811964	0.0313006	0.020471	0.14233	-0.0576341	0.291986	0.0300896	-0.0320711	
0.269894	0.174096	0.0661304	0.0532054	0.139074	0.583833	-0.0427563	0.00579944	0.0318047	0.141853	0.442329	0.00634669	-0.0263675	0.0476699	0.0451977	0.149209	0.352108	0	0.117304	0.158052	0.00538214	0.0086695	0.0849465	0.00933953	-0.0633129	0.303788	0.0300896	0	-0.0493258	
0.269894	0.159089	0.285072	0.0532054	0.139074	0.607393	-0.0203558	0.00579944	0.0318047	0.0137521	0.310741	-0.00812596	-0.00159913	0.0476699	0.0451977	0.149209	0.42248	0.15381	0.155935	0.0196833	0.0208708	0.0855192	0.00776591	0.05728	0.263674	0.0643213	0.0241077	0	-0.0456127	
0.269531	0.166439	0.231302	0.0545011	0.171033	0.607393	-0.0203558	0.00579944	0.0318047	0.0404009	0.150035	-0.00200207	-0.0106696	0.0750456	0.0382708	0.180428	0.42248	0.128108	0.0203599	0.0130932	0.0208708	0.0941719	-0.0408008	0.263674	0.0643213	0.0124686	-0.0485898	-0.024502	
0.269531	0.166439	0.244125	0.0545011	0.171033	0.607393	-0.0225804	0.00579944	0.042378	0.0229876	0.303429	-0.0269859	-0.0612055	0.0556262	0.0382708	0.241933	0.433709	0.0124686	0.134572	0.0701658	0.0464043	0.0193995	0.112328	-0.0523657	0	0.221159	0.0643213	0	-0.0252362	
0.253039	0.123096	0.311157	0.0545011	0.13111	0.607393	-0.0356939	0.00579944	0.042378	0.0353453	0.348819	-0.0421605	-0.0319703	0.0916443	0.0244575	0.241933	0.433709	0.0110747	0.134572	0.122252	0.0259641	0.0296627	0.102271	0.210896	0.0643213	-0.0647152	
0.243531	0.13891	0.467542	0.0458955	0.126279	0.576725	-0.0458226	0.00273123	0.0451646	0.0436793	0.280175	-0.044861	0.00102903	0.0689882	0.0275257	0.237029	0.325748	0.018485	0.183371	0.157665	0.0259641	0.0412789	0.102271	-0.0186608	0.267609	0.0625663	
0.225094	0.13891	0.299533	0.0532667	0.155684	0.494466	-0.0283445	0.00273123	0.0451646	-0.020448	0.303908	0.0283369	-0.0258389	0.0689882	0.0412692	0.241949	0.427204	0.018485	0.139672	0.211234	0.0209121	0.0490388	0.105765	-0.0186608	0.230436	0.0625663	
0.225094	0.13891	0.70795	0.0532667	0.155684	0.494466	-0.0655875	0.00273123	0.0451646	0.0154265	0.534321	0.00827585	-0.0980799	0.0678197	0.0327914	0.241949	0.370272	0.018485	0.139672	0.211234	0.0618358	0.0712088	0.0904444	0.164113	0.0625663	-0.00520818	0	0.063066	
0.225094	0.142972	0.178422	0.0509302	0.155684	0.506796	-0.0688629	0.00314601	0.0448125	-0.0119091	0.492408	-0.0403598	-0.0832986	0.0674049	0.0306661	0.241949	0.369857	0.00707592	0.139257	0.128751	0.050255	0.078426	0.0904444	0.177602	0.0601973	0.0151456	
0.225094	0.142972	0.318134	0.0509302	0.127589	0.354758	-0.0545479	0.00314601	0.0458156	0.0139611	0.312323	-0.00211182	-0.0574625	0.0674049	0.0377718	0.19808	0.369857	-0.00476607	0.146694	0.0951471	0.050255	0.078426	0.0904444	0.177602	0.057767	-0.00936189	0.0206111	
0.225094	0.141728	0.248052	0.0559312	0.215548	0.340551	-0.0375995	0.00439043	0.0394328	0.0694385	0.145488	0.0205012	-0.0887662	0.0536519	0.0426201	0.167729	0.405341	0.00401107	0.14545	0.0550051	0.0569548	0.0900613	0.0897217	0.238458	0.057767	0.0153206	0.00439043	0	
0.225094	0.13802	0.221604	0.0573047	0.215548	0.340551	-0.054017	0.00151417	0.0394328	0.128726	0.05296	0.00352902	-0.0512259	0.0797287	0.0454964	0.232461	0.364738	0.0161931	0.148326	0.159428	0.0569548	0.0925117	0.0897217	0.1739	0.057767	-0.020507	
0.225094	0.138015	0.383118	0.0573047	0.210192	0.340551	-0.0424251	0.00151417	0.0371147	0.148419	0.019259	0.0178804	-0.0239332	0.0797287	0.0271248	0.221258	0.326618	0.0161931	0.148326	0.22279	0.0549504	0.119003	0.0753876	0.310794	0.057767	-0.0337858	0.0151198	0	
0.198249	0.133487	0.230137	0.0573047	0.211095	0.34873	-0.0732022	0.00151417	0.0371147	0.208949	0.015994	0.03539	-0.0447625	0.0662084	0.0278739	0.221258	0.326618	0.0264739	0.138149	0.156447	0.0549504	0.119003	0.0753876	0.250815	0.057767	-0.0266315	0	0.00573927	
0.198249	0.133487	0.482709	0.0623978	0.222586	0.37097	-0.0594291	0.00151417	0.0371147	0.136417	0.0688893	0.0365527	-0.0543225	0.0662084	0.0412902	0.194487	0.315604	0.0110096	0.124882	0.156447	0.0841261	0.119003	0.0499282	0.2284	0.057767	-0.011305	0	0.0467981	
0.254035	0.130572	0.256716	0.0619262	0.222586	0.384466	-0.0533716	0.00151417	0.0371147	0.134922	0.657741	0.00619734	-0.0911548	0.0662084	0.0412902	0.188504	0.222571	0.0025917	0.128805	0.156447	0.0841261	0.119003	0.05209	0.142665	0.057767	-0.00267363	-0.0392129	
0.254035	0.122159	0.399288	0.05641	0.181918	0.379014	-0.0638243	0.00151417	0.0523252	0.154674	0.313924	0.032657	0.0235517	0.0654887	0.0412902	0.188504	0.215186	0.00364824	0.128805	0.196833	0.0724141	0.119671	0.05209	0.154913	0.0290243	-0.00267363	
0.254035	0.123951	0.171933	0.052411	0.164081	0.377228	-0.0682989	0.00151417	0.0385094	0.246663	0.424427	0.0940106	0.0175571	0.070029	0.0419739	0.188504	0.235403	0.00536773	0.157344	0.128671	0.0460296	0.119671	0.0361565	0.154913	0.0180435	-0.0100739	
0.254035	0.123951	0.158315	0.0452532	0.164081	0.296199	-0.0682989	0.00151417	0.0461509	0.246663	0.4362	0.0906256	-0.0706302	0.070029	0.0419739	0.227764	0.294198	0.00536773	0.134131	0.0960018	0.0795481	0.114966	0.0811802	0.213792	0.0204166	-0.00804499	0	
0.254035	0.128253	0.179227	0.0452532	0.164081	0.296199	-0.0527465	0.00151417	0.0461509	0.189053	0.219155	0.0752915	-0.0271209	0.070029	0.0419739	0.240826	0.294198	0.00536773	0.139251	0.0960018	0.0795481	0.114966	0.0811802	0.178975	0.00374557	-0.0107681	0.00151417	0.00629615	
0.205901	0.128253	0.0738793	0.0452532	0.171369	0.296199	-0.0618373	0.00151417	0.0461509	0.207188	0.624736	0.115628	-0.0572875	0.09302	0.0419739	0.220016	0.202332	0.00650438	0.172282	0.0960018	0.0708141	0.114966	0.0811802	0.226817	0.00412834	0.0423578	0	
0.268975	0.125919	0.218754	0.0499424	0.172123	0.296953	-0.0636866	0.00226823	0.0541777	0.263736	0.787387	0.116382	0.00693978	0.0833079	0.0353216	0.202017	0.215285	0.00725844	0.172282	0.0165758	0.0891241	0.11572	0.0819343	0.226817	0.0207871	-0.00914141	0	
0.239788	0.125919	0.0502736	0.0543235	0.179995	0.296953	-0.0622962	0.00226823	0.0591129	0.263736	0.529975	0.116382	0.0195315	0.0833079	0.0353216	0.222182	0.271716	0.00725844	0.172282	0.0479701	0.0765323	0.11572	0.0995266	0.226817	0.00979777	0.0289813	0.0320476	-0.129266	0.0973939	
0.239788	0.123234	0.209747	0.0512614	0.179995	0.296953	-0.0522769	0.00226823	0.0591129	0.13537	0.347307	0.0950603	0.0195315	0.0833079	0.0439407	0.224277	0.262145	0.0122351	0.172282	0.0416458	0.0765323	0.11612	0.0995266	0.174653	0.0242803	0.0351745	
0.217919	0.133169	0.339774	0.0512614	0.18636	0.314251	-0.0508842	0.000179935	0.0591129	0.144857	0.403518	0.101715	0.0323028	0.0938321	0.046029	0.224277	0.142692	0.00583148	0.146539	0.0465173	0.0637611	0.11612	0.0995266	0.127622	0.0242803	-0.00757927	
0.217919	0.133169	0.482341	0.0512614	0.18636	0.3686	-0.0771944	0.000179935	0.0591129	0.126918	0.15497	0.159244	-0.00192764	0.0756226	0.0372469	0.209187	0.142692	0.0194225	0.163259	0.020795	0.102791	0.11612	0.0596428	0.127622	0.0320639	0.0103567	0.0158441	
0.238077	0.136362	0.367315	0.0512614	0.18636	0.329195	-0.0536474	0.000179935	0.0591129	0.267591	0.477211	0.129944	0.00929998	0.0825996	0.054737	0.255848	0.189947	0.0318506	0.165224	0.0258734	0.0471175	0.11612	0.0596428	0.127622	0.0223598	0.045759	0.0046343	
0.217837	0.13482	0.353707	0.0499949	0.18636	0.329195	-0.066735	0.000179935	0.0556346	0.31082	0.17168	0.120809	-0.0514868	0.0868532	0.054737	0.255848	0.189947	0.0318506	0.165224	0.0307232	0.0587734	0.108389	0.0416564	0.135352	0.0307714	0.0127397	-0.0338498	-0.0330887	0	-0.0154668	-0.000431638	
0.224041	0.136974	0.647586	0.0451174	0.161727	0.318492	-0.0568924	-0.00197446	0.0556346	0.324978	0.27628	0.0708942	0.0354298	0.0890076	0.0568914	0.255848	0.192101	0.0282247	0.202041	0.010767	0.0375261	0.101537	0.0416564	0.142204	0.0319247	0.0355701	0.0369513	0	
0.221644	0.136974	0.741666	0.0392222	0.157673	0.381407	-0.0439058	-0.00197446	0.0471301	0.269191	0.128521	0.0655072	0.0509286	0.111885	0.0384786	0.255848	0.167253	0.0210354	0.202417	0.158912	0.0309809	0.101537	0.0374957	0.142204	0.0605823	0.0504312	0.00577367	
0.221644	0.136974	0.7307	0.0364699	0.157673	0.368628	-0.0445697	-0.00197446	0.0450724	0.311857	0.219936	-0.0166487	0.104157	0.111885	0.0384786	0.255848	0.167253	0.0230712	0.202417	0.0597269	0.0309809	0.101537	0.0374957	0.142204	0.0707092	0.0220666	0.0987487	0.0378935	0	
0.221587	0.136974	0.209162	0.0358257	0.157615	0.376823	-0.0505998	-0.00203222	0.0450146	0.333938	0.180839	-0.0138228	0.00175045	0.111885	0.0384786	0.208138	0.172129	0.00851758	0.202417	0.0364545	0.0309231	0.10148	0.0608773	0.0993714	0.0938107	-0.0363675	0.154534	
0.221587	0.137329	0.535351	0.0411689	0.137941	0.376823	-0.0523388	-0.00203222	0.0450146	0.326699	0.198035	-0.0195261	0.0242043	0.111885	0.0384786	0.110837	0.160358	0.0112756	0.202417	0.0373759	0.0302906	0.0978672	0.0608773	0.177886	0.0996348	0.0253454	0.224293	0.0797702	-0.024015	0	
0.221578	0.135597	0.854	0.0411772	0.176792	0.300907	-0.0652789	-0.00204055	0.0440462	0.470909	0.878152	-0.00300951	-0.0245805	0.0994763	0.050819	0.110829	0.157233	0.00318978	0.222038	0.125213	0.0604727	0.0978588	0.0667454	0.177886	0.0996265	0.00384952	0.22551	0	-0.00549715	
0.221578	0.135597	0.588134	0.0411772	0.176792	0.381196	-0.0667312	-0.00204055	0.0440462	0.544286	0.299797	-0.0144319	0.0610524	0.101227	0.050819	0.0679411	0.139863	0.00318978	0.222038	0.0412646	0.0263574	0.0978588	0.0716607	0.177886	0.0928161	0.0398743	0.159837	
0.236031	0.158779	0.710866	0.0411772	0.120866	0.381196	-0.0551493	-0.00204055	0.0446896	0.544286	0.200342	0.00493514	0.0719415	0.119802	0.0459951	0.0359278	0.1381	0.00176722	0.210738	0.0894085	0.022352	0.0978588	0.0716607	0.186518	0.112597	0.0398743	0.166561	0.0525197	0	0.0697449	
0.236031	0.156714	0.309736	0.0389517	0.120866	0.33201	-0.0596711	2.44217e-05	0.0446896	0.512182	0.411394	0.0564089	0.0944424	0.104969	0.0439301	0.0300156	0.128208	0.0248114	0.209411	0.123947	0.0125244	0.0978588	0.0416457	0.181688	0.112597	-0.0158321	0.215523	0.0688448	0.0302044	0	
0.236031	0.155839	0.366793	0.0389517	0.136374	0.33201	-0.0687396	0.000898801	0.0446896	0.306142	0.162831	0.0209665	0.000746285	0.104095	0.0430557	0.0300156	0.11226	0.00482326	0.194477	0.0670986	0.0125244	0.103972	0.0416457	0.175575	0.112597	-0.00453526	0.220309	
0.236031	0.151483	0.362437	0.0389517	0.0969936	0.33201	-0.0420002	0.00525461	0.0446896	0.436679	0.32347	0.0209665	0.00849151	0.0997391	0.0386999	0.0300156	0.0969013	0.00482326	0.190122	0.112946	0.0429614	0.103972	0.0327751	0.175575	0.112597	-0.042909	0.218971	
0.236031	0.151483	1.18029	0.0389517	0.154616	0.486331	-0.0554827	0.00525461	0.0446896	0.336073	0.539955	-0.032135	-0.00876298	0.0997391	0.0386999	0.0253511	0.126737	0.0317541	0.180338	0.142481	0.0125051	0.103972	0.0411438	0.175575	0.112597	0.00130145	0.129175	0	0	
0.236031	0.151483	1.18029	0.0389517	0.119162	0.445803	-0.0437499	0.00525461	0.0446896	0.377622	0.203117	0.0122192	-0.00836696	0.0997391	0.0597648	0.00398953	0.112376	0.0552648	0.17592	0.0686948	0.0146913	0.0877475	0.0411438	0.153178	0.124538	-0.0115275	0.129175	0	0	
0.251963	0.150128	1.24571	0.0389517	0.13928	0.445803	-0.0611657	0.00660999	0.0446896	0.44699	0.183319	0.000702349	0.0182264	0.0826861	0.0277539	0.0764581	0.116792	0.031818	0.239009	0.0982891	0.0355287	0.0775537	0.0129313	0.125635	0.107293	-0.00765547	0.24857	0	
0.251963	0.150626	0.986697	0.0389517	0.13928	0.443983	-0.0517555	0.00660999	0.0405325	0.542148	0.135146	0.000702349	-0.0440555	0.0826861	0.0277539	0.0428959	0.123147	0.0248994	0.25645	0.137326	0.0437179	0.0757344	0.0129313	0.177664	0.116668	-0.0192945	0.314189	0.00181939	
0.251963	0.135953	0.727763	0.0389517	0.13928	0.35361	-0.0380966	0.00354633	0.0485852	0.36692	0.0293144	-0.0223465	-0.0197313	0.0851788	0.0308176	0.00776896	0.134462	0.00689623	0.248185	0.187058	0.0437179	0.0757344	0.0129313	0.123238	0.116668	-0.0504196	0.391389	0.00181939	-0.0955778	
0.251963	0.136344	0.687431	0.0389517	0.136216	0.35361	-0.0323558	0.00354633	0.0485852	0.333836	-0.00437737	-0.0145939	-0.032241	0.0699972	0.0308176	0.0818563	0.187822	0.0432665	0.222604	0.187058	0.0437179	0.0757344	0.0382452	0.110236	0.123905	-0.0416749	0.440478	0.00181939	0	
0.251963	0.136344	0.776988	0.0424169	0.136216	0.35361	-0.0420021	0.00354633	0.0485852	0.231948	-0.0100336	-0.000178956	0.0603166	0.0631684	0.0387179	0.0322732	0.127983	0.0530837	0.225968	0.150804	0.0173327	0.0757344	0.0656789	0.110236	0.126629	-0.0616295	0.440478	0.00181939	
0.228378	0.137485	0.767133	0.0390408	0.136216	0.35361	-0.0207215	0.00354633	0.0485852	0.127296	-0.0100336	-0.0065378	0.0287035	0.106841	0.0298447	-0.0190671	0.201277	0.0468697	0.260216	0.143572	0.0282219	0.0757344	0.0722827	0.110236	0.126629	-0.0486861	0.440478	0.00181939	0	
0.228378	0.137485	0.807667	0.0390408	0.151668	0.303609	-0.0397059	0.00354633	0.0500222	0.169314	-0.0470588	0.00229618	0.0697614	0.106841	0.0298447	0.0342635	0.147196	0.00858115	0.260216	0.0892545	0.0252213	0.065723	0.0732498	0.191263	0.126629	-0.0311143	0.324653	0.00181939	0.0215641	0	
0.228378	0.13574	0.805921	0.0368979	0.151668	0.337981	-0.0460653	0.0052915	0.0500222	0.22133	-0.0496755	0.0222758	0.0423137	0.129259	0.0339784	0.0667006	0.132459	0.0185574	0.258471	0.0811283	0.0252213	0.065723	0.0732498	0.191263	0.126629	-0.02513	0.460139	0.00181939	0	0.0540322	
0.228378	0.13574	0.63615	0.0451187	0.151668	0.337981	-0.0616491	0.0052915	0.0510474	0.0462221	-0.0732778	0.0267082	-0.0206283	0.129259	0.0227223	0.0634176	0.0843586	0.0189437	0.258471	0.0473178	0.0284615	0.065723	0.0539454	0.233313	0.126629	-0.0466496	0.543251	0.00181939	0.0395286	0.118157	0	
0.228378	0.151848	0.65922	0.0451187	0.151668	0.338112	-0.0537427	0.0052915	0.0510474	0.201948	0.00167063	0.0289534	-0.0507862	0.131983	0.0512294	0.0635946	0.110356	0.0189437	0.258471	0.10996	0.0284615	0.0658549	0.0539454	0.231389	0.113437	-0.0223918	0.320564	0.00168756	
0.228378	0.151848	0.913571	0.0528788	0.151668	0.338112	-0.0432254	0.0052915	0.0434312	0.114378	0.0796079	0.0341355	-0.0632796	0.161643	0.0282072	0.0754013	0.105869	0.0547974	0.258471	0.127265	0.0766318	0.0658549	0.0697338	0.255863	0.151093	0.00123008	0.270595	0.00168756	
0.233675	0.151259	0.960426	0.0539875	0.143832	0.340267	-0.0466095	0.00587978	0.0434312	0.042564	0.000310592	0.0143626	0.0295159	0.16872	0.0287911	0.0898082	0.142558	0.0465644	0.254899	0.141879	0.0433814	0.0658549	0.0697338	0.255863	0.151093	0.00610943	0.367849	0.00168756	
0.233675	0.154643	0.719151	0.0539875	0.178587	0.340267	-0.0428198	0.00522385	0.0388533	0.0945365	0.0548085	-0.000800488	0.0486108	0.19064	0.0348457	0.144436	0.1689	0.0448769	0.255555	0.105972	0.0383532	0.0658549	0.084158	0.255863	0.151093	-0.0433029	0.35159	0.00168756	0	
0.231988	0.154643	0.725085	0.0494441	0.196535	0.340267	-0.0236393	0.00522385	0.0339385	0.0502557	0.142856	-0.0273752	-0.0331824	0.19064	0.0348457	0.14698	0.195542	0.0433861	0.255555	0.0778269	0.0719185	0.0658549	0.0839088	0.255863	0.169697	-0.0442261	0.35159	0.00168756	0.140704	
0.231988	0.154643	0.864811	0.0546255	0.221723	0.35864	-0.0513287	0.00559051	0.0374355	0.0691681	0.0474024	0.0363977	0.000940012	0.173944	0.036015	0.241185	0.131041	0.0433861	0.255555	0.0958433	0.0521143	0.0535038	0.0839088	0.268214	0.161909	0.00520761	0.351956	0.00205422	
0.231988	0.154643	0.921548	0.0529963	0.221723	0.336456	-0.0729695	0.00559051	0.0505475	0.0977701	0.188159	0.0412314	-0.0153707	0.208904	0.036015	0.203412	0.10317	0.0229974	0.255555	0.114362	0.0484357	0.0535038	0.136856	0.268214	0.161909	-0.0129575	0.344913	0.00205422	0	0.0262706	
0.231988	0.154643	0.750567	0.0534501	0.211587	0.376305	-0.0618322	0.00559051	0.0347701	0.0538539	0.363415	0.0259207	-0.0444718	0.205478	0.036015	0.203412	0.111669	0.0321739	0.195172	0.0360109	0.0389221	0.0613948	0.136856	0.220086	0.161909	-0.0254498	0.36574	0.00205422	
0.229147	0.154643	1.13007	0.0536654	0.211587	0.376305	-0.0578059	0.00559051	0.0347701	0.0262886	0.502699	-0.0180881	-0.0326354	0.205478	0.036015	0.160856	0.0951699	0.0321739	0.205174	0.0900082	0.0449909	0.0613948	0.136856	0.153074	0.161909	-0.0210883	0.45109	0.00205422	0.0509034	0	
0.23438	0.169591	0.870599	0.0544807	0.216819	0.381537	-0.0525737	0.00559051	0.0365188	0.120674	1.15843	0.0106753	-0.0141813	0.205478	0.036015	0.20952	0.0951699	0.0374061	0.205174	0.0770265	0.0465673	0.066627	0.142382	0.190323	0.167142	-0.02862	0.433464	-0.00317798	-0.359473	
0.267002	0.169591	1.25839	0.0544807	0.212023	0.299216	-0.0595698	0.00559051	0.0434401	0.036925	1.05634	-0.00364802	0.00935928	0.205478	0.036015	0.217732	0.143046	0.0326095	0.205174	0.0790159	0.0417707	0.0720505	0.126934	0.180103	0.135429	-0.000254422	0.514929	0.00161859	0	
0.267002	0.169591	1.20704	0.0486237	0.220101	0.299216	-0.0648737	0.00559051	0.0434401	0.0467079	1.17093	0.0267864	0.0689543	0.205478	0.036015	0.192427	0.126394	0.0326095	0.205174	0.0868539	0.0157047	0.0694686	0.126934	0.242591	0.135429	0.0060508	0.499294	0.00161859	0	0.0186896	
0.256034	0.169591	1.03348	0.0486237	0.220101	0.371463	-0.0506982	0.00559051	0.0434401	0.002339	1.0593	0.0267864	-0.0247626	0.205478	0.036015	0.192427	0.147717	0.0409485	0.205174	0.0398872	0.0157047	0.0694686	0.132605	0.242591	0.155757	0.0060508	0.520344	0.00161859	
0.270902	0.152475	1.09665	0.0443441	0.20557	0.371463	-0.0340207	0.00559051	0.0434401	-0.00901806	1.07583	0.0119506	-0.0164329	0.225335	0.036015	0.268102	0.140093	0.0409485	0.205174	0.0330937	0.0304802	0.0680395	0.132605	0.20652	0.155757	0.00622293	0.298083	0.00161859	0.0543513	
0.270902	0.155498	0.972433	0.0455038	0.116486	0.371463	-0.0563468	0.00443079	0.0434401	-0.0383061	1.31405	0.0107909	0.027242	0.225335	0.036015	0.268815	0.114845	0.0319283	0.205174	0.13819	0.0304802	0.0901503	0.132605	0.16467	0.134765	-0.0143192	0.280363	0.000458872	0.0217073	-0.0378974	0	0	
0.270902	0.155498	0.98897	0.0454264	0.116486	0.390111	-0.0284068	0.00443079	0.0380859	-0.0432942	0.760791	0.0274849	0.113833	0.211298	0.0380984	0.268815	0.104988	0.0319283	0.240175	0.0611963	0.0228549	0.0901503	0.140237	0.16467	0.153869	-0.00597248	0.280363	0.000458872	0.111502	0	0.0893997	
0.270902	0.125202	0.821202	0.0449626	0.116486	0.386032	-0.0533949	0.00489462	0.0380859	-0.010122	1.01852	0.0955196	0.111994	0.211298	0.0361874	0.191655	0.098392	0.0319283	0.256883	0.110962	0.0286917	0.0857839	0.137167	0.283221	0.153869	0.0171856	0.372696	0.000922707	
0.232652	0.111204	1.16668	0.0460483	0.111146	0.393039	-0.0439812	0.00489462	0.0451065	0.0508135	0.988754	0.0658818	0.0598247	0.211298	0.0376644	0.150359	0.141869	0.0340017	0.275048	0.139397	0.0390959	0.0878573	0.144588	0.252348	0.155942	0.0102402	0.282642	-0.00115067	-0.0927039	0	
0.232652	0.103294	0.802601	0.0562809	0.13522	0.409515	-0.0564249	0.00432976	0.0451065	0.0729336	0.988189	0.0536093	0.0640961	0.211298	0.0376644	0.118483	0.140372	0.0226636	0.263932	0.0975938	0.0193111	0.0597792	0.168871	0.29047	0.155942	0.00967538	0.421562	-0.00171553	-0.0226207	
0.260068	0.101969	0.433179	0.0574993	0.13522	0.409551	-0.038991	0.00432976	0.0451065	0.0229876	0.890815	0.068086	0.141787	0.211298	0.0376644	0.108148	0.172537	0.0226376	0.263932	0.0931921	0.0362632	0.0597792	0.14466	0.276722	0.15894	-0.0256223	0.493326	-0.00171553	
0.260068	0.101969	0.289739	0.0655528	0.13522	0.400527	-0.0553023	0.00644823	0.0451065	0.0229876	0.892933	0.0684007	0.0154853	0.211298	0.0376644	0.147433	0.178599	0.019457	0.262229	0.101439	0.046148	0.0622846	0.146268	0.270332	0.15894	-0.0502009	0.423436	0.000402933	0.0374304	
0.259191	0.0972553	0.281609	0.065165	0.152162	0.399649	-0.061119	0.00908828	0.0442286	0.0676787	1.05857	0.077992	-0.00929122	0.208657	0.0350243	0.0772271	0.169803	-0.000385466	0.257629	0.151258	0.0451218	0.0614067	0.14539	0.270332	0.163963	-0.0492719	0.430241	0.00128083	0	
0.259191	0.0972553	0.377862	0.0597358	0.141759	0.399649	-0.0627361	0.00908828	0.0442286	0.0323149	0.751963	0.102934	-0.00778945	0.215169	0.0463869	0.115742	0.182957	0.0252298	0.257629	0.110343	0.0451218	0.0614067	0.14539	0.270332	0.163963	-0.0181718	0.40974	0.00128083	-0.0526847	-0.0106413	0	
0.26108	0.0733681	1.00779	0.0597358	0.143648	0.364121	-0.0608467	0.00908828	0.046118	0.0275545	1.21761	0.128106	-0.00183186	0.226167	0.0345112	0.0779033	0.206015	0.0221911	0.257629	0.148857	0.0184979	0.0582295	0.153766	0.275398	0.165852	-0.0531931	0.620599	-0.000608594	
0.26108	0.0733681	1.00779	0.0701657	0.123122	0.32213	-0.0421793	0.00767523	0.046118	0.0277035	0.55649	0.120968	0.0267383	0.226167	0.0429813	0.0685275	0.176085	0.0168485	0.257629	0.213268	0.0116862	0.0582295	0.12764	0.275398	0.165852	-0.00653189	0.564364	-0.00202164	
0.26108	0.0538995	0.844685	0.0723261	0.123122	0.482174	-0.0324872	0.00786163	0.0430395	0.125962	0.924002	0.0613197	0.0747796	0.199208	0.0427949	0.0680756	0.148062	0.0168485	0.238096	0.213268	0.0278232	0.0582295	0.12764	0.275398	0.165852	-0.00113319	0.446848	-0.00202164	
0.26108	0.0751481	0.936075	0.0635935	0.118393	0.423513	-0.0583856	0.00786163	0.0430395	0.0605196	0.950333	0.0882895	0.0273978	0.199208	0.0427949	0.0675391	0.148062	0.0168485	0.238096	0.213268	0.0237641	0.0582295	0.12764	0.32995	0.165852	-0.0150075	0.709074	-0.00202164	0.0526419	0	0.0432487	
0.261576	0.0568398	0.798832	0.0635935	0.118393	0.423513	-0.0411893	0.00786163	0.0430395	0.0225667	1.16344	0.0935869	0.0361073	0.199208	0.0282587	0.0675391	0.168502	0.0142591	0.238096	0.276943	0.0237641	0.0582295	0.133089	0.385672	0.168194	-0.0370165	0.667512	-0.00202164	0	-0.0490022	
0.288136	0.0762728	0.798832	0.0699747	0.149763	0.461244	-0.0423847	0.00786163	0.049571	0.0395444	1.20886	0.0935869	0.00642405	0.199208	0.0282587	0.0675391	0.117025	0.0207906	0.238096	0.171208	0.0293784	0.0647611	0.139621	0.435299	0.174726	-0.0433349	0.536877	-0.00855316	-0.0298708	
0.260247	0.0585214	0.849877	0.0699747	0.12578	0.362477	-0.049002	0.00827964	0.049571	0.126772	0.981219	0.064018	0.0374683	0.19879	0.0278407	0.0675391	0.0903392	-0.000558678	0.259154	0.170817	0.0615412	0.061018	0.139621	0.439042	0.174726	-0.0510051	0.712599	-0.00855316	
0.300652	0.0563374	0.443892	0.0719435	0.108485	0.362477	-0.0462642	0.00796959	0.049571	0.08608	1.01357	0.0816421	0.0447421	0.19879	0.0308263	0.0705669	0.151557	0.029824	0.259154	0.116048	0.060708	0.0647336	0.139621	0.302085	0.174726	-0.053734	0.863534	-0.00886321	
0.300652	0.0651016	0.443317	0.0739906	0.111364	0.339132	-0.0541043	0.00854478	0.049571	0.138719	0.97609	0.0816421	-0.00953803	0.198215	0.0302511	0.0635482	0.166156	0.029824	0.258578	0.162648	0.060708	0.0826858	0.145258	0.390118	0.174726	-0.0193848	0.863534	-0.00886321	0.0065954	
0.300652	0.0651016	0.256003	0.0635365	0.132731	0.419584	-0.044704	0.00854478	0.0407119	0.238489	0.590606	0.116161	-0.0489986	0.198215	0.0302511	0.0164389	0.166156	0.0214319	0.258578	0.153262	0.045862	0.0826858	0.145258	0.390118	0.174726	-0.00834205	0.766998	-0.00886321	
0.300652	0.0781287	0.177798	0.0720605	0.132731	0.440531	-0.0609792	0.00588328	0.0270421	0.327924	0.453431	0.117476	-0.0206665	0.198215	0.0302511	0.00576406	0.166156	0.0143196	0.258578	0.153262	0.0506704	0.0826858	0.145258	0.295953	0.174726	0.021454	0.751289	-0.0115247	
0.300652	0.0649985	0.0885202	0.0652952	0.132731	0.440531	-0.0356948	0.00588328	0.0346924	0.318084	0.541528	0.148497	0.0141246	0.198215	0.0302511	0.000955471	0.13918	0.0205372	0.275753	0.243582	0.0271365	0.085209	0.145258	0.282522	0.172388	-0.0169023	0.872472	-0.0115247	0.0774633	0.0615668	0.0204061	
0.300652	0.0697096	0.176844	0.0622526	0.121534	0.440531	-0.0394976	0.00126576	0.0263319	0.26855	0.818825	0.15043	0.000166807	0.220079	0.0349622	0.0216068	0.143892	0.0205372	0.280464	0.248588	0.00187898	0.085209	0.173405	0.282522	0.162602	-0.0254817	0.938856	-0.0114311	
0.299997	0.0838764	0.612561	0.0507103	0.106196	0.485358	-0.0260394	0.00126576	0.0315122	0.277492	0.360695	0.140935	-0.0894149	0.231376	0.0349622	0.0814482	0.141515	0.0198822	0.280464	0.215195	0.0553304	0.0794751	0.17275	0.203158	0.161947	0.0174378	0.870999	-0.0107762	
0.259833	0.0844	0.510281	0.0585965	0.117465	0.485358	-0.0140776	0.00126576	0.0160755	0.266684	0.613312	0.0827772	-0.104209	0.245885	0.0349622	0.0214612	0.181565	0.0272796	0.280464	0.228763	0.0747405	0.0794751	0.160143	0.169689	0.161947	0.0130138	0.870999	-0.0107762	-0.00924639	
0.259833	0.0844	0.65522	0.0481866	0.164466	0.522641	-0.049906	0.00418605	0.0160755	0.198206	0.333166	0.0901316	-0.00843306	0.245885	0.0349622	0.0567495	0.179955	0.0272796	0.280464	0.264578	0.0537407	0.0794751	0.160143	0.214774	0.145973	-0.0223744	0.5157	-0.00785588	0	
0.241338	0.0844	0.69532	0.0481866	0.134344	0.522641	-0.0488887	0.00418605	0.0160755	0.102172	0.309243	0.108721	-0.0161063	0.245885	0.0249018	0.0567495	0.184979	0.0254411	0.280464	0.129056	0.0557897	0.066522	0.177174	0.202847	0.145973	-0.0240513	0.524943	-0.00785588	
0.243062	0.0991174	0.711807	0.0481866	0.136068	0.473313	-0.0519018	0.00735907	0.0177997	0.125163	0.194343	0.108148	-0.0134627	0.242712	0.0217288	0.0462621	0.171106	0.0486339	0.254123	0.133624	0.0480858	0.0794575	0.178898	0.156579	0.147697	-0.0408264	0.583401	-0.00958003	0	0	
0.242503	0.105968	0.571234	0.0513651	0.135508	0.504265	-0.0458423	0.00735907	0.0172403	0.196483	0.195182	0.168131	-0.0331626	0.22964	0.0217288	-0.0208258	0.123459	0.011662	0.254123	0.172238	0.0241013	0.0788982	0.17887	0.120956	0.144696	-0.0345374	0.405681	-0.00902064	0.0304143	
0.242503	0.10648	0.714795	0.0513651	0.135508	0.504265	-0.034236	0.00735907	0.0172403	0.374789	0.361657	0.258003	0.0129049	0.246921	0.0251211	-0.0228521	0.163805	0.011662	0.179767	0.115134	0.0241013	0.0788982	0.17887	0.186188	0.144696	-0.0204258	0.439167	-0.00902064	-0.00241068	0.0453732	
0.224718	0.10648	0.714795	0.0458023	0.137145	0.509196	-0.0521568	0.00735907	0.0188769	0.297074	0.689048	0.152553	-0.0588291	0.246921	0.026452	-0.0274541	0.109667	0.0111188	0.179767	0.169083	0.0592525	0.0820915	0.180506	0.131672	0.15496	-0.0198373	0.510169	-0.0106573	
0.244857	0.11599	1.08929	0.0458023	0.137145	0.49858	-0.0760921	0.00735907	0.0188769	0.289001	0.889322	0.146147	0.0580949	0.25217	0.0421385	-0.00400891	0.118562	0.0282689	0.176575	0.159992	0.0592525	0.0820915	0.181764	0.131672	0.15496	-0.0216193	0.510328	-0.0106573	0.0199448	
0.245998	0.11599	0.874494	0.0458023	0.131339	0.49858	-0.0688233	0.00735907	0.0200111	0.15778	0.221944	0.146147	0.0473744	0.25217	0.0421385	-0.00064611	0.118562	0.0353816	0.186126	0.174078	0.0317517	0.0820915	0.181764	0.168392	0.15496	-0.0537716	0.472382	-0.0106573	0	
0.245998	0.117392	0.943537	0.0458023	0.131339	0.447726	-0.045781	0.00735907	0.0200111	0.16165	0.558532	0.146147	0.0117462	0.25217	0.0421385	0.00961872	0.140657	0.0324477	0.206	0.147864	0.0317517	0.0820915	0.181764	0.252625	0.146584	-0.0111672	0.917281	-0.0106573	
0.245998	0.117392	1.01178	0.0392844	0.148814	0.447726	-0.0594512	0.00936996	0.0167778	0.0033473	0.473574	0.148157	0.0409976	0.25217	0.0421385	-0.00411703	0.140657	0.0324477	0.206	0.253059	0.0455206	0.0820915	0.163965	0.252625	0.146584	-0.0266208	0.968694	-0.00864638	0	
0.225323	0.0883191	1.11538	0.0392844	0.148814	0.447726	-0.0609805	0.00936996	0.0167778	-0.0354525	0.406212	0.148157	-0.0918824	0.224911	0.0421385	-0.0161838	0.140657	0.0146762	0.206	0.130815	0.0859168	0.0623888	0.163965	0.272328	0.146584	-0.0285018	0.909561	-0.00864638	0	
0.273517	0.0883191	0.670655	0.0392844	0.161172	0.447726	-0.0360856	0.00936996	0.0197346	0.0350193	0.471471	0.130556	-0.0669374	0.224911	0.0421385	0.00108505	0.204798	-0.000541265	0.206	0.0951748	0.0578647	0.0623888	0.163965	0.204488	0.146584	-0.0325111	1.02661	-0.00864638	-0.02692	
0.237723	0.0883191	0.918754	0.0294448	0.161172	0.449997	-0.0361443	0.00936996	0.0197346	0.029878	0.314184	0.11577	-0.12418	0.193817	0.0406417	-0.0016909	0.156637	0.00837387	0.206	0.173649	0.0818325	0.0623888	0.163965	0.237407	0.146584	-0.0112156	1.13472	-0.00864638	0.0659612	
0.230977	0.0883191	1.0247	0.0200373	0.166052	0.409144	-0.0393393	0.00936996	0.0123463	-0.002198	0.0910473	0.101432	-0.141497	0.193817	0.0406417	-0.0117071	0.158247	0.0303609	0.219782	0.209545	0.12396	0.0493933	0.199593	0.239983	0.149076	-0.0111516	0.915042	-0.0111388	
0.236194	0.0880304	1.30561	0.0200373	0.140265	0.409549	-0.0372189	-9.21624e-05	0.0123463	-0.03455	0.0929737	0.120034	-0.108317	0.210473	0.0563764	0.00152369	0.140381	0.0221627	0.229244	0.11064	0.0743119	0.0493933	0.199593	0.239983	0.149076	0.00579688	0.66877	-0.0111388	
0.242381	0.0760723	1.48366	0.0200373	0.151158	0.355118	-0.0519196	-9.21624e-05	0.0100395	-0.0354927	0.425957	0.135149	-0.0606095	0.210473	0.0427098	0.0168712	0.140381	0.0221627	0.218671	0.168023	0.0995935	0.0544072	0.199593	0.234969	0.149076	0.00579688	0.853978	-0.0111388	
0.218382	0.0639898	0.852851	0.0177952	0.151158	0.355118	-0.0307232	-9.21624e-05	0.0169329	-0.0494318	0.894338	0.135149	-0.159271	0.210473	0.0427098	-0.000533495	0.184021	0.0221627	0.218671	0.216053	0.103601	0.0521582	0.209101	0.224693	0.138903	0.0329707	0.84423	-0.0111388	0	0	
0.218382	0.0628493	0.76553	0.0177952	0.149854	0.380466	-0.024641	0.00354061	0.0169329	-0.0366762	0.812936	0.116733	-0.156862	0.20684	0.0390771	0.0307831	0.180389	0.0300622	0.189896	0.216053	0.103601	0.0521582	0.169168	0.224693	0.138903	0.0274047	0.84423	-0.0111388	0.0038112	0	0	
0.254897	0.0703938	0.77307	0.0177952	0.149854	0.311258	-0.0293702	0.00281877	0.0169329	-0.0441649	0.498864	0.10691	-0.119822	0.207562	0.0397989	0.0307831	0.250628	0.0107267	0.230519	0.216704	0.0816558	0.0521582	0.198997	0.224693	0.138903	0.019528	0.899006	-0.0111388	0	-0.0770624	0	0.0486519	
0.273836	0.0703938	0.77307	0.0221725	0.133245	0.473965	-0.0192363	0.00281877	0.0173291	-0.022193	0.295902	0.0796783	-0.0808944	0.207562	0.0397989	0.0182346	0.241026	0.0259192	0.230519	0.188499	0.036215	0.0525544	0.199393	0.205334	0.16306	0.019528	0.899006	-0.011535	-0.00593211	
0.294725	0.0762126	0.788208	0.0141226	0.131801	0.346018	-0.00742839	0.00281877	0.0185282	0.0232733	0.403268	0.133237	-0.0781236	0.235241	0.0397989	0.0440969	0.263146	0.0259192	0.230519	0.176967	0.0728636	0.0525544	0.199393	0.151488	0.14506	0.0417975	0.899006	-0.011535	0	0	
0.293538	0.0762126	0.526349	0.0136269	0.140212	0.346018	-0.0320897	0.00281877	0.0185282	0.0173036	0.356831	0.133237	-0.0217524	0.235241	0.0397989	0.0239252	0.162139	0.0259192	0.22289	0.198546	0.0624509	0.0525544	0.202811	0.151488	0.14506	0.0225088	0.879924	-0.011535	0	0	0	
0.293538	0.0762126	0.516981	0.0154271	0.140212	0.38057	-0.0320897	0.0010186	0.0185282	0.0554906	0.395618	0.131437	-0.0598777	0.235241	0.0387274	0.0281894	0.15682	0.0328856	0.204027	0.233788	0.0935018	0.0365322	0.178459	0.247087	0.14506	0.0472914	1.03427	-0.0133352	
0.294243	0.0762126	0.353832	0.0154271	0.140916	0.381274	-0.0176058	0.0010186	-0.00886854	0.00330381	0.249477	0.0546534	-0.0398294	0.240646	0.0387274	0.0613934	0.17737	0.041141	0.202016	0.186968	0.0813927	0.0372365	0.179163	0.196279	0.145764	0.0910852	0.971895	-0.0140395	0.00979799	-0.00367178	
0.294243	0.0762126	0.649555	0.0177407	0.140916	0.452407	-0.0222218	0.0010186	-0.00610275	-0.0420086	0.354765	0.0546534	-0.0505087	0.267308	0.0387274	0.00492837	0.229681	0.0474628	0.211814	0.261068	0.0502547	0.044741	0.171263	0.188774	0.145764	0.116913	1.03444	-0.0140395	0	0.0189811	-0.00187257	
0.294243	0.0762126	0.216352	0.0163375	0.140916	0.382107	0.000219645	0.00242174	-0.00296609	-0.0181067	0.50406	0.0546441	-0.055303	0.267308	0.0384901	-0.0139014	0.191333	0.0482971	0.22156	0.109657	0.0517267	0.044741	0.171263	0.138701	0.121417	0.0555669	1.03584	-0.0126363	
0.291106	0.0811941	0.290499	0.0125504	0.125215	0.502245	0.0143778	0.00242174	-0.00476264	0.054816	0.527493	0.0546441	-0.00539582	0.267308	0.0384901	-0.0139014	0.190673	0.0208422	0.200393	0.233498	0.0499301	0.0429444	0.184612	0.174419	0.106532	-0.00204405	1.03584	-0.0108398	-0.0180319	
0.291106	0.0811941	0.292095	0.0235988	0.157579	0.502245	0.0177825	0.00242174	-0.0110814	-0.0232548	0.527493	0.0809342	0.018364	0.267308	0.0384901	0.0141967	0.127895	0.0367524	0.200393	0.149713	0.0499301	0.0429444	0.184612	0.190747	0.136969	-0.00204405	1.007	-0.0108398	0	0.0113656	
0.291106	0.0949368	0.341061	0.016004	0.16182	0.494712	-0.00072751	0.00253733	-0.0110814	0.00727704	0.527493	0.0809342	-0.0668029	0.290933	0.0383745	-0.013844	0.251132	0.0225486	0.188078	0.0825877	0.0567002	0.0429444	0.16961	0.216595	0.136969	-0.00204405	1.00397	-0.0108398	0	0	
0.262922	0.119654	0.24436	0.016004	0.157592	0.50044	-0.0171292	0.00170059	-0.00902659	0.129592	0.50422	0.126704	-0.0568296	0.308949	0.0444813	-0.0392244	0.218008	0.0217334	0.199468	0.0789076	0.0567002	0.0429444	0.16961	0.273586	0.139905	0.0142509	0.877726	-0.0108398	
0.261503	0.129423	0.235631	0.0191179	0.156173	0.447699	-0.0279934	-0.00139255	-0.0102156	0.128173	0.452547	0.183116	0.0460177	0.308949	0.0444813	-0.00290755	0.155571	0.0203146	0.199468	0.123754	0.0244443	0.0366142	0.157415	0.179299	0.114437	-0.0285474	0.874633	-0.0125141	-0.0250325	
0.276051	0.129423	0.335899	0.0133539	0.156173	0.447699	-0.0302984	-0.00139255	-0.0102156	-0.00520884	0.352698	0.183116	-0.0567078	0.308949	0.0444813	-0.0246177	0.265261	0.0211141	0.199468	0.133919	0.0341808	0.0366142	0.157415	0.215699	0.128977	0.0311505	0.874633	-0.0125141	0.0768428	0	
0.25125	0.137807	0.323297	0.0133539	0.164266	0.447699	-0.0327791	-0.00139255	-0.0102156	0.0127323	0.297516	0.126135	-0.0517441	0.298096	0.0441742	-0.028677	0.330498	0.0333492	0.199468	0.133919	0.0259633	0.0366142	0.157415	0.214679	0.112686	-0.0114769	0.874633	-0.0125141	-0.0582805	
0.25125	0.109063	0.353948	0.0133539	0.12945	0.447699	-0.0550272	-0.00139255	-0.0102156	0.0180245	0.23935	0.126238	-0.0117375	0.305439	0.0441742	-0.0417406	0.211383	0.0333492	0.199468	0.0422873	0.0259633	0.0366142	0.157415	0.214679	0.112686	0.0139228	0.874633	-0.0125141	
0.25125	0.109063	0.421913	0.0164817	0.12945	0.33017	-0.0315934	-0.00139255	-0.00112897	0.0991583	0.23935	0.126238	0.0245285	0.305439	0.0441742	-0.00455837	0.284677	0.0183502	0.199468	0.0723353	0.0259633	0.048095	0.157415	0.230072	0.112686	-0.0299724	0.874633	-0.0125141	0	
0.25125	0.109063	0.64455	0.0198464	0.127417	0.379517	-0.0611954	-0.00139255	-0.00112897	0.0380799	0.423285	0.157584	-0.0273936	0.287295	0.0445978	-0.022758	0.310157	0.0183502	0.197227	0.0507574	0.0519849	0.0367859	0.137803	0.282472	0.114399	-0.0161709	1.00832	-0.0125141	0	
0.256981	0.120705	0.159949	0.0140987	0.144581	0.445085	-0.0379314	-0.00139255	-0.00112897	0.128131	0.666042	0.0190113	-0.0273936	0.275953	0.0445978	-0.00779366	0.345279	0.0183131	0.197227	0.139435	0.0519849	0.0398564	0.137803	0.273634	0.114399	-0.0121689	0.622654	-0.0125141	-0.00573013	0	
0.264597	0.120705	0.444807	0.0134886	0.148903	0.416274	-0.0379314	-0.00139255	-0.00112897	0.11039	0.720794	0.0126634	0.00304344	0.275953	0.0445978	0.0271822	0.330743	0.0366031	0.197227	0.0592387	0.0215479	0.0398564	0.148811	0.281106	0.114399	-0.0224203	0.622654	-0.0125141	0	0	
0.254396	0.120705	0.446716	0.0134886	0.109645	0.397654	-0.0305028	-0.00139255	-0.00112897	0.151759	0.381064	0.0126634	-0.0621513	0.275953	0.0515537	-0.0137596	0.330743	-0.00139132	0.197227	0.0424033	0.0373083	0.0539867	0.148811	0.270716	0.114399	-0.0206075	0.588653	-0.0125141	
0.254396	0.104064	0.446419	0.0097737	0.152668	0.342848	-0.0178979	-0.00109621	-0.00112897	0.183678	0.112924	0.0658383	-0.0226158	0.269105	0.064094	0.00429692	0.330447	0.0296238	0.185592	0.0715672	0.0373083	0.0539867	0.148811	0.297871	0.114399	-0.0333266	0.479235	-0.0125141	
0.255265	0.0753907	0.719877	0.00805027	0.153537	0.319566	-0.0501653	-0.00109621	-0.000259694	0.115083	0.402594	0.0658383	-0.0112467	0.269105	0.064094	0.0249675	0.29069	0.0494471	0.185592	0.0869066	0.0389791	0.0705919	0.146088	0.213605	0.128352	-0.081498	0.836489	-0.0133834	
0.254827	0.0753907	0.612458	0.014609	0.153537	0.446894	-0.0494111	-0.00109621	-0.000259694	0.191778	0.970926	0.0657871	-0.0255787	0.269105	0.0619142	-0.00517083	0.365364	0.0494471	0.185592	0.116135	0.0389791	0.0448042	0.153308	0.224242	0.128352	-0.0678087	0.690816	-0.0133834	0.236181	-0.0062999	
0.254827	0.0753907	0.612458	0.014609	0.153539	0.385676	-0.0441691	-0.00109621	-0.00416001	0.217327	1.0217	0.0362724	0.0138805	0.269105	0.0619142	0.0133969	0.355633	0.0292955	0.185592	0.150528	0.0318604	0.0448042	0.153308	0.224242	0.128352	-0.0629978	0.823246	-0.0133834	0.0474429	
0.254827	0.106564	0.539925	0.0075856	0.153539	0.504704	-0.0406252	-0.00109621	-0.0105675	0.342317	1.0217	0.0362724	-0.1001	0.214046	0.0619142	0.076464	0.3581	0.0396883	0.220276	0.115964	0.0638585	0.0389967	0.153308	0.23005	0.146179	-0.0473557	0.823246	-0.0133834	0	
0.232371	0.106564	0.607009	0.0065415	0.153539	0.417781	-0.0469415	-0.00109621	0.00429704	0.483831	1.04167	0.0888152	-0.057424	0.214046	0.0619142	0.107259	0.328126	0.0231573	0.220276	0.212384	0.0446036	0.0389967	0.153308	0.23005	0.140376	-0.0551376	0.679334	-0.0133834	
0.217337	0.106564	0.364848	0.000814488	0.153539	0.446281	-0.0356652	-0.00109621	-0.00856406	0.432804	0.900336	0.0499074	-0.0398387	0.214046	0.0479395	0.0760413	0.328126	0.00569158	0.220276	0.212384	0.0446036	0.0655522	0.172638	0.263831	0.140376	-0.0518213	0.820291	-0.0133834	0	
0.219448	0.0897203	0.601513	0.0056999	0.154004	0.353111	-0.049034	-0.00109621	-0.00809916	0.117106	0.773609	0.0611153	-0.0393993	0.220587	0.0479395	0.0760413	0.339695	0.0128138	0.191764	0.201069	0.0201224	0.053025	0.173103	0.276823	0.134351	-0.0542441	0.797547	-0.0138483	
0.219448	0.0897203	0.715261	0.0056999	0.117971	0.383347	-0.0374873	-0.00109621	-0.00809916	0.165854	0.777761	0.0575848	-0.0654458	0.220587	0.0479395	0.0388821	0.342211	0.0114524	0.198693	0.0860908	0.0576438	0.053025	0.173103	0.278029	0.123851	-0.0494182	1.04622	-0.0138483	
0.209179	0.0897203	0.898868	0.0056999	0.122501	0.350349	-0.0161048	-0.00109621	-9.17385e-05	0.215733	0.506154	0.0413531	-0.0422591	0.258763	0.0420536	0.0332252	0.342211	0.0114524	0.193127	0.0860908	0.0238735	0.053025	0.15357	0.328177	0.123851	-0.0467804	0.973496	-0.0138483	0.0052879	
0.230145	0.10644	1.24405	-0.000428454	0.122501	0.391673	-0.0268369	-0.00109621	-0.00466732	0.215733	0.501733	0.0413531	-0.00183669	0.230106	0.0420536	0.0144598	0.343488	0.0274067	0.193127	0.0972321	0.0238735	0.0521016	0.15357	0.3291	0.123851	-0.0283372	1.06444	-0.0138483	
0.281466	0.128713	0.925717	-0.000428454	0.1392	0.391673	-0.0470935	-0.00109621	-0.00466732	0.290579	0.864597	0.0155265	-0.0829483	0.230106	0.0420536	0.0391683	0.344133	0.0304939	0.193127	0.0839507	0.0529555	0.0447282	0.15357	0.19903	0.123851	-0.0110505	1.25003	-0.0138483	0.0487345	
0.254013	0.128713	1.20615	0.000718289	0.1472	0.437942	-0.0417877	-0.00224295	-0.00523279	0.290579	0.890725	0.0146169	-0.0382756	0.230106	0.0411102	0.0264105	0.363717	0.0201084	0.193127	0.125884	0.0434224	0.0447282	0.150316	0.157532	0.123851	-0.0231851	0.856868	-0.014995	0	
0.254013	0.117677	0.849389	0.000718289	0.195314	0.437942	-0.0526593	-0.00224295	-0.00523279	0.31584	0.681228	-0.000125294	-0.0541322	0.181613	0.0411102	-0.00828316	0.304706	0.0201084	0.194355	0.125909	0.0434224	0.0447282	0.147792	0.246386	0.123851	-0.0148791	0.856868	-0.014995	0.0346959	0.00224295	
0.254013	0.138592	1.17788	0.00245748	0.195314	0.437942	-0.0501886	-0.00398214	-0.00523279	0.345762	0.774831	0.0160865	-0.0451808	0.181378	0.0389099	0.0552831	0.263562	0.0314482	0.177152	0.12598	0.0434224	0.0447282	0.158178	0.253085	0.123851	-0.0303893	0.597622	-0.0167342	0.0126183	0	0	
0.25992	0.15812	0.79804	0.00245748	0.170424	0.387167	-0.0260262	-0.00398214	0.000673785	0.452525	0.950162	-0.0276588	-0.0104927	0.181378	0.0291124	0.0552831	0.263562	0.0540822	0.177152	0.120682	0.049329	0.053355	0.156935	0.242747	0.129758	-0.0542491	0.597622	-0.0226408	0.0305145	0.00837162	
0.256598	0.15812	0.228196	0.00245748	0.177345	0.380744	-0.0438484	-0.00398214	-0.00264749	0.402927	0.465596	-0.0276588	-0.0413655	0.181378	0.0445114	0.0780495	0.266242	0.0507609	0.177152	0.117361	0.0659444	0.0542561	0.153614	0.204866	0.126437	0.000925051	0.597622	-0.0193195	0.0305145	0	-0.0187185	
0.243084	0.15812	0.435741	0.00245748	0.178244	0.475313	-0.0411649	-0.00398214	-0.00174914	0.403825	1.08793	-0.0123892	-0.0357093	0.24217	0.0445114	0.0706409	0.305809	0.0516592	0.177152	0.123163	0.0506897	0.0345782	0.154512	0.393841	0.125891	0.0154489	0.62245	-0.0202179	0.0565625	0	
0.243084	0.15812	0.524922	0.00245748	0.178244	0.475313	-0.0411649	-0.00398214	-0.00174914	0.333519	0.561872	-0.00196604	-0.0322598	0.200711	0.0530544	0.0555781	0.31963	0.0333661	0.18622	0.173776	0.0506897	0.0337457	0.154512	0.394673	0.125891	-0.0634585	0.620771	-0.0202179	0.07918	0.0248432	
0.243084	0.17701	0.706566	0.00245748	0.178244	0.368984	-0.0278164	-0.00398214	0.00437227	0.563736	0.738207	0.0110058	-0.0439514	0.175048	0.0530544	0.0798362	0.33816	0.0333661	0.136447	0.12486	0.084193	0.0337457	0.154512	0.393957	0.142014	-0.0497571	0.612175	-0.0202179	0.0829884	0.0330109	
0.241929	0.169052	1.22038	0.00245748	0.177089	0.332641	-0.00641364	-0.00398214	0.00835396	0.380076	0.738207	0.0200278	-0.0565619	0.20216	0.041071	0.0798362	0.17868	0.057469	0.142529	0.0489641	0.0830382	0.0448338	0.153357	0.290398	0.140859	-0.0459208	0.612175	-0.019063	0.0829884	0.0673519	
0.241929	0.185557	1.03633	0.00245748	0.177089	0.379417	-0.0275456	-0.00398214	0.00835396	0.317147	0.740911	0.0200278	-0.0765285	0.225793	0.041071	0.128109	0.290785	0.0504579	0.175681	0.0357144	0.0830382	0.0359583	0.153357	0.339864	0.140859	-0.0459208	0.612175	-0.019063	0.0802841	0.0767994	-0.0482327	
0.235447	0.185557	0.758747	0.00528738	0.177089	0.294242	-0.0275456	-0.00398214	0.00835396	0.317147	0.594006	0.0446044	-0.0837417	0.235508	0.041071	0.128109	0.220737	0.0202037	0.175681	0.0232395	0.0830382	0.0415782	0.153357	0.336863	0.140859	-0.0460585	0.612175	-0.019063	0.0802841	-0.0239822	0	
0.235447	0.185557	0.921207	0.00556882	0.177089	0.434494	0.0220991	-0.00426358	0.00835396	0.207339	0.533747	0.0610701	-0.111732	0.309703	0.0560724	0.127827	0.219356	0.0202037	0.170058	0.0811812	0.0731671	0.0415782	0.153357	0.336863	0.140859	-0.031701	0.64411	-0.0193445	0.0772102	0	
0.235447	0.185557	1.21942	0.00781321	0.144755	0.357733	-0.0082832	-0.00426358	0.00835396	0.147065	0.424901	0.0858394	-0.0717131	0.312161	0.0481281	0.127827	0.172656	0.0288749	0.170058	0.0811812	0.0935708	0.0415782	0.154819	0.295536	0.143234	-0.0520791	0.8502	-0.0193445	0.0772102	-0.0306823	
0.235447	0.185557	0.886117	0.000848196	0.144755	0.401048	-0.00574887	-0.00426358	0.00835396	0.192318	0.156104	0.0858394	-0.0671927	0.284039	0.0481281	0.113013	0.148019	0.0288749	0.170058	0.126462	0.0926127	0.0415782	0.168961	0.268704	0.143234	-0.0207412	0.817222	-0.0193445	0.128563	
0.235447	0.17521	1.01053	0.00739656	0.155525	0.431217	0.0173493	-0.00426358	0.00835396	0.283323	0.0768016	0.0697772	-0.0573525	0.284039	0.0481281	0.107568	0.0908847	0.0143529	0.168285	0.108583	0.0743305	0.0415782	0.168961	0.266649	0.143234	0.0252411	0.708605	-0.0193445	0.128563	-0.0373049	
0.25035	0.187386	0.758106	0.00739656	0.131326	0.356107	-0.0195891	-0.00426358	0.00933878	0.296424	0.0948453	0.0381462	-0.0403282	0.284039	0.0424127	0.0758701	0.103583	0.0279438	0.168285	0.0936586	0.0753153	0.0446335	0.169945	0.206029	0.143054	0.00125968	0.438394	-0.0203293	0.110519	-0.0679179	0.00555611	0	0.0155592	0	
0.25035	0.187386	0.643281	0.00199868	0.165151	0.406294	-0.00340126	-0.00426358	0.00933878	0.256045	0.0200484	0.0493032	-0.0362221	0.283825	0.0424127	0.0777138	0.146989	0.0377068	0.164089	0.0936586	0.0808876	0.0446335	0.167984	0.206029	0.143054	0.0346891	0.644591	-0.0203293	0.153614	0	0	0.134155	
0.235205	0.187386	0.808385	0.00199868	0.14627	0.406294	-0.00729097	-0.00426358	0.00933878	0.132103	-0.0144808	0.0221941	-0.0652997	0.261768	0.0424127	0.0954375	0.194963	0.0377068	0.164089	0.0542934	0.0808876	0.0446335	0.167984	0.327655	0.143054	0.0234798	0.639747	-0.0203293	0.143919	
0.235205	0.185744	0.815162	-0.00031726	0.14627	0.406294	-0.00729097	-0.0110404	0.00933878	0.0729813	0.0125381	0.0602903	-0.0731267	0.268545	0.051287	0.121329	0.20174	0.0203967	0.140183	0.0870789	0.0836748	0.0446335	0.167984	0.292255	0.137286	0.0172267	0.728084	-0.0203293	0.192322	
0.235205	0.185744	0.862003	-0.000134261	0.14627	0.406294	-0.00729097	-0.0110404	0.00933878	0.10783	0.00803899	0.0602903	-0.08932	0.258258	0.0463055	0.0964471	0.180936	0.00915245	0.149062	0.0870789	0.0647212	0.0425701	0.170404	0.282961	0.137286	0.00960756	0.728084	-0.0203293	0.164681	0	
0.235205	0.185744	1.35905	-0.000134261	0.142937	0.406294	-0.00743422	-0.0110404	0.0191361	0.0600423	0.478211	0.0602903	-0.0718388	0.229723	0.0463055	0.099585	0.188379	0.040392	0.149062	0.104198	0.0401349	0.0425701	0.158077	0.367364	0.137286	-0.0154245	0.441653	-0.0203293	0.0862838	0	0	
0.235132	0.194787	1.15671	0.00102225	0.142864	0.453877	-0.0148825	-0.0200837	0.0190631	0.0386951	0.127724	0.0937718	-0.0941816	0.238767	0.0553489	0.101703	0.169832	0.0356762	0.187748	0.0664884	0.0749478	0.0424971	0.158004	0.342379	0.137213	0.0233476	0.539146	-0.0202563	0.139434	0.0218649	-0.122878	0.0437175	
0.235132	0.194787	1.66373	0.000745363	0.142864	0.356268	-0.0175716	-0.0200837	0.0190631	-0.00375812	0.065448	0.0762515	-0.0268228	0.247331	0.0619398	0.101703	0.237701	0.0356762	0.230759	0.0377646	0.0627094	0.0424971	0.158004	0.342379	0.137213	0.0233476	0.539146	-0.0202563	0.139434	-0.193479	
0.235998	0.190824	1.15836	0.00543215	0.153055	0.357133	0.00822899	-0.01612	0.0199284	-0.00858452	0.0910692	0.0904687	-0.030441	0.243367	0.0542568	0.0564474	0.194678	0.0365415	0.231119	0.0908387	0.0635747	0.0433624	0.141419	0.35456	0.138078	0.0233476	0.943515	-0.0211216	0.113813	0.0575402	-0.209027	0	
0.235998	0.184041	0.832329	0.00543215	0.146351	0.379352	-0.0332885	-0.01612	0.0143508	-0.00858452	0.564355	0.0599114	-0.0187457	0.243367	0.0542568	0.0564474	0.234642	0.059545	0.210432	0.122852	0.0635747	0.0531185	0.141419	0.370167	0.138078	0.0241186	0.919264	-0.0211216	0.113813	-0.19088	0	0.0218737	
0.238306	0.173572	0.77582	0.00543215	0.148659	0.361161	-0.0255611	-0.01612	0.0166591	0.076139	0.570765	-0.00562237	-0.0101762	0.243367	0.0542568	0.0564474	0.198031	0.0585415	0.198885	0.0553536	0.065883	0.0535642	0.149706	0.27242	0.140196	-0.00480357	0.853228	-0.0234299	0.113813	-0.210204	
0.238306	0.173572	0.393734	0.0105453	0.145658	0.361161	-0.0186258	-0.01612	0.015608	0.153046	0.392865	0.0232136	-0.0735024	0.201609	0.0542568	0.00919894	0.193061	0.087438	0.224291	0.124891	0.0771536	0.0535642	0.149706	0.277015	0.140196	0.018893	0.837304	-0.0234299	0.113813	-0.216584	0.0187349	
0.238306	0.174315	0.495344	0.014593	0.167661	0.387848	0.0269048	-0.0168634	0.014956	0.00867112	0.261992	-0.0021232	0.0573911	0.202352	0.0626609	-0.0101178	0.239687	0.087438	0.229145	0.0679085	0.0277147	0.0470086	0.149706	0.281127	0.140196	-0.00137209	0.837304	-0.0234299	0.113813	-0.252957	0.0402622	
0.238306	0.19427	0.285006	0.014593	0.167661	0.440063	-0.00381389	-0.0168634	0.00947008	0.0650352	0.585794	0.0194233	0.0172499	0.227342	0.0626609	-0.0094834	0.210248	0.087438	0.181622	0.0517634	0.0678559	0.0495891	0.163874	0.278547	0.156223	-0.00137209	1.14354	-0.0234299	0.0653812	-0.164968	-0.0164574	
0.237479	0.19427	0.29431	0.014593	0.126753	0.440063	-0.0139497	-0.0168634	0.00947008	0.196619	0.551384	0.0194233	-0.00608236	0.227342	0.0626609	-0.00508975	0.210248	0.087438	0.217232	0.0517634	0.044855	0.0495891	0.16932	0.375712	0.156223	0.0217841	1.3003	-0.0234299	0.0967033	-0.204249	-0.0305658	
0.239176	0.2087	0.253139	0.0166277	0.128449	0.42577	-0.00677328	-0.018898	0.011167	0.110899	0.228693	0.0372928	0.0516727	0.259062	0.0544911	0.0307235	0.24587	0.0891348	0.217232	0.0949659	0.034566	0.051286	0.148993	0.375712	0.15792	0.00624353	1.29827	-0.0271614	0.091737	-0.212129	0	-0.00203462	
0.217033	0.204201	0.294912	0.0166277	0.147659	0.42577	-0.0202507	-0.018898	0.011167	0.106564	-0.0371875	0.0372928	0.0128074	0.259062	0.0596681	0.0364569	0.24587	0.0872446	0.217232	0.0877541	0.0314647	0.051286	0.148993	0.375712	0.15792	0.00905114	1.29827	-0.0271614	0.138183	-0.193925	0	0.030366	-0.0082634	0.00918263	
0.241253	0.204201	0.781458	0.0166277	0.157237	0.41425	-0.0448407	-0.018898	0.0108183	0.219922	-0.0700058	-0.0277631	-0.0103338	0.259062	0.0596681	-0.0275882	0.24587	0.0868959	0.217232	0.179956	0.0335292	0.063507	0.148644	0.363142	0.157571	0.0253254	1.42772	-0.0268127	0.138183	-0.184897	0.086713	-0.000348702	
