0.291891	-0.0233997	0.195843	0.0224658	0.216116	0.0247127	0.114047	0.0270861	0.0234215	0	0.00959068	0	0	0	0	0	0	0	0	0	0	0	0	0	0	0	0	0	0	0	0	0	0	0	0	0	0	0	0	0	0	0	0	0	0	0	0	0	0	0	0	0	0	0	0	0	0	0	0	0	0	0	0	0	0	0	0	0	0	0	0	0	0	0	0	0	0	0	0	0	
-0.0110806	-0.0163252	0.195843	0.0224658	0.299561	0.0557585	0.114047	0.0234215	0.0385926	-0.0426808	0.0114582	0.0786216	0.0691711	0.141832	0.000507981	0.0694695	0	-0.00898593	0.329178	0.291891	0.00832107	0.00434213	-0.0129877	-0.0287574	0	-0.0216734	-0.00995451	0.00613855	0.049864	-0.0110401	0.0202894	-0.00936567	-0.0279014	0	0.0133388	0.0414492	-0.00420625	0.07378	0.145132	
0.0119642	0.00182526	0.195843	0.0224658	0.276863	0.0557585	0.0731206	-0.022509	0.0234215	0.0391134	-0.0136161	0.0480411	0.0865584	0.0615326	-0.0278703	0.291891	-0.0309457	-0.0451909	0	0.0872924	-0.0699028	0.308415	0.00613855	0.049864	-0.0344616	0.0202894	0.0673161	-0.00936567	0	-0.0234583	0.161672	
0.0291698	0.0180186	0.195843	-0.0117346	0.478301	-0.0477793	9.58609e-05	0.0234215	0.108682	-0.0296205	0	0.0747866	0.276863	0.0202894	-0.0299635	-0.0264943	0.280858	-0.0119466	0.0615326	0.0731206	0	0.0682847	0.322891	0.422599	0.0159875	0.049864	-0.0265878	0.021044	-0.0284158	0	-0.050302	
-0.0032407	-0.0253459	0.227947	-0.0117346	0.469508	-0.0408872	-0.00279769	0.0394213	0.0234215	0.0685373	-0.020922	0.0770643	0.276863	0.0202894	-0.0203045	-0.0540341	0.0973299	0	0	-0.0352307	0.0592119	0.418527	0.536913	0.0159875	0.0487133	-0.00748161	0.0404545	0.280858	-0.0214444	-0.016019	-0.0651752	
0.243608	-0.0184974	0	-0.0117346	0.246137	-0.0338595	-0.00279769	0.00345616	0.0234215	0.0685373	-0.0214444	0.526509	0.178541	0.0202894	-0.0203045	-0.0613686	0.104796	-0.0558866	-0.0342982	0.0973937	0.216714	-0.016019	0.0274761	0.0487133	0.103787	0.236689	
0.243608	0.0142726	0.074958	-0.0117346	0.215623	-0.0396913	-0.0142322	0.00233037	0.0234215	0.0753549	-0.00831471	0.287621	0.174516	-0.0251966	-0.0203045	-0.0674892	0.110067	0.063298	-0.0512524	-0.0318687	0.0973937	0.319017	0.0194773	-0.0492418	0.145468	0.222588	
0.243608	0.00244137	0.00179269	0.342591	-0.0349559	-0.0576711	-0.00344769	0.0160079	0.0753549	0.281901	0.204573	0.178612	-0.0245877	-0.0203045	-0.0364002	0.164301	0.0348884	-0.0512524	0.230002	0.0153293	0.107301	-0.0341465	0.291703	
0.243608	-0.0111155	-0.00406502	0.267263	0.334642	-0.0349559	-0.00935075	0.0665307	0.0160079	0.0753549	0.129577	0.458005	0.164936	-0.0184121	-0.0323505	-0.0364002	0.164797	0.0348884	-0.0512524	0.0153293	-0.0292616	0.0795486	-0.0335562	0.461347	
0.258166	0.00515034	-0.0118956	0.212522	0.271013	-0.0453781	0.0325683	0.062167	0.0166335	0.0727514	0.234083	0.236842	0.227451	-0.0190378	-0.0341542	-0.0306875	0.148551	0.0348884	-0.0512524	0.0153293	-0.0289577	0.448802	0.0789229	-0.0518015	
0.284534	0.0264397	-0.0118956	0.23118	0.0312315	-0.0418604	-0.0360916	0.0237898	0.0166335	0.24628	0.210474	0.150784	-0.0474096	-0.0528017	-0.0306875	0.134118	0.0348884	-0.0665461	-0.011057	0.329553	-0.0653679	0.0789229	0.0727514	
0.284202	0.023833	0.465244	0.260563	-0.0448863	-0.0635876	0.0782661	0.0189084	-0.0531335	0.125946	0.138673	-0.0500162	-0.0377322	-0.0332941	0.126739	0.0127967	-0.0464917	-0.0795606	0.15406	-0.0193776	0.12597	0.0724196	
0.276143	0.0225876	0.652588	0.229146	0.0724196	-0.0448863	-0.0200017	-0.0188199	-0.0510928	0.0189084	0.258294	-0.0399228	-0.0344436	-0.060168	0.126739	0.0108049	-0.0215496	-0.0628271	0.121354	-0.0193776	0.12597	
0.239791	0.0225876	0.61199	0.0724196	0.123737	-0.0446668	0.00587724	0.0119861	-0.0437024	0.0189084	-0.0629585	0.169692	-0.0399228	-0.0344436	0.0780531	0.269852	0.0495158	-0.0284543	-0.0628271	0.713405	-0.0114364	
0.233378	0.0286017	0.684956	0.0568456	0.0943894	-0.0522502	-0.0100453	0.0119861	-0.0592526	0.0189084	-0.0114364	0	0.0168395	-0.0481472	0.217242	-0.0554412	-0.0344436	0.107607	0.269852	0.0512759	-0.057599	-0.0706772	0.458304	
0.233378	-0.000648186	0.720243	0.0568456	0.154572	-0.0653879	0.0174035	-0.00164186	-0.0520933	0.0189084	-0.00425058	0	0	-0.0416893	0.235204	-0.0391562	-0.0384058	0.0680324	0.223038	0.0666503	-0.0587512	-0.0923437	0.581904	
0.241267	0.00915746	0.62005	0.0568456	0.154572	-0.0684034	0.0570989	0.00806619	-0.0606313	0.0189084	-0.00425058	-0.0575736	0	-0.053348	0.276654	-0.0535347	-0.0302406	0.131305	0.21283	0.0594587	-0.0289221	-0.0872747	0.427909	
0.241267	-0.00975993	0.635777	0.0593326	0.194214	-0.0604729	0.0381662	-0.00573562	-0.0606313	0.0189084	-0.0166813	0.00413944	-0.0235156	0.288792	0	-0.0508116	0.233354	-0.0494006	-0.0302406	0.113962	0.142735	0.0662895	-0.0186679	-0.0837086	
0.239986	-0.00370814	0.648799	0.06746	0.194214	-0.0564934	0.141331	-0.0623641	-0.062831	0.0189084	-0.00321601	-0.0922504	-0.0220959	0.0182756	0.266923	-0.0508116	0.273529	-0.0427	-0.0293	0.0591988	0.209099	0.0696836	-0.0243445	
0.239986	-0.0119744	0.525273	0.0646186	0.188191	-0.0421312	0.0629917	-0.0428753	-0.062831	-0.00334173	0.843512	0.0190341	-0.0832904	-0.0785539	0.26147	-0.0428257	-0.0314398	0.0846538	0.208973	0.0696836	-0.00692087	
0.258117	-0.0165841	0.525273	0.0694518	0.198594	-0.0229994	0.132591	-0.0483106	-0.0578639	-0.00334173	0.843512	-0.0900977	0.0190341	-0.0785539	0.210191	-0.0650978	-0.0314398	0.0846538	0.208973	0.0820719	-0.00692087	
0.258117	0.0247164	0.441734	0.0694518	0.142426	-0.0214017	0.104765	0.020998	-0.0632543	-0.00334173	0.843512	-0.0767291	0.0190341	-0.000924542	-0.0492128	0.156963	-0.0560203	-0.0423811	0.0949025	0.169172	0.0501961	0.00187538	
0.247267	0.0254549	0.717839	0.0694518	0.146906	-0.0466116	0.10472	0.0270927	-0.0717295	-0.00396895	0.843512	-0.0848238	0.0190341	-0.0065346	0.0501961	0.149336	0	-0.0495812	0.254805	-0.0560203	-0.0371249	0.101991	
0.247267	0.00839218	1.10447	0.0694518	0.155932	-0.0436552	0.199287	0.0715712	-0.0521138	0.00185491	0.843512	-0.0893519	0.0132102	-0.034418	0.100696	0.112938	0.157173	0	-0.0371249	-0.0437573	0.275367	-0.0358384	
0.244818	0.0144819	1.10447	0.0694518	0.178189	-0.0640864	0.247298	0.131809	-0.0770823	0.00268463	0.93837	-0.0996972	0.0132102	0.0225737	0.100696	0.097588	0.12357	-0.0278113	0.0789618	0	-0.0437573	0.275367	-0.0358384	
0.31618	0.0448253	0.987345	0.0896514	0.239716	-0.00657784	0.186503	0.0498364	-0.0602198	0.0055206	0.856605	-0.1015	0.0132102	-0.00504427	0.0970013	0.0948015	0.0937777	-0.0353609	-0.0237968	-0.0489568	-0.0510228	0.265966	
0.31618	0.00674693	0.888463	0.0856631	0.257644	-8.36452e-06	0.0784666	0.121845	-0.0647333	-0.00514449	0.856605	-0.0948296	0.0132102	0.00263968	0.0970013	0.0948015	0.123483	-0.0390376	-0.0502896	0.00489359	-0.0621924	0.233489	
0.31618	0.019865	0.899982	0.0817512	0.250301	-0.00494496	0.0171374	0.121845	-0.0677938	-0.00544599	0.911628	-0.0911842	0.0135117	0.0176999	0.0689029	0.0948015	0.125127	-0.0390376	-0.0453372	0.00494496	-0.0624939	0.200832	
0.31618	0.00738399	0.899982	0.0817512	0.200422	0.00451641	-0.0166548	0.0480376	-0.0677938	-0.00442955	0.830722	-0.0863465	0.0135117	0.0199883	0.0689029	0.0773597	0.125127	-0.0429349	-0.0430965	0.188598	-0.0611209	
0.317634	-0.0200725	0.907796	0.0804022	0.224871	0.00654037	0.0442896	-0.000711999	-0.0659125	0.00365731	0.832176	-0.0941259	0.0149662	-0.000507057	0.0579722	0.107208	0.155186	-0.040887	-0.0381818	0.200373	-0.0575759	
0.317634	0.00314649	0.849309	0.0671508	0.218538	0.00654037	-0.00172153	-0.0048126	-0.0659125	0.00526195	0.832176	-0.0947991	0.0212992	-0.0271027	0.0663329	0.115458	0.0679856	-0.040887	-0.0445148	0.188343	-0.0735282	0.0182516	
0.327265	0.00756248	0.488031	0.0530865	0.219946	0.0186182	-0.0417345	-0.041646	-0.0678564	0.00329959	0.830301	-0.088158	0.0180157	-0.0164082	0.0644571	0.0696744	0.234075	-0.0400123	-0.0557964	0.226182	-0.0833268	-0.0355271	
0.327265	0.00337127	0.627355	0.0530865	0.183983	0.0161726	-0.0630327	-0.00512423	-0.0678564	-0.00506849	0.830301	-0.0950169	0.0180157	-0.00508008	0.0184725	0.0544481	0.23673	-0.0413128	-0.0513832	0.148105	-0.0790002	0	0.000421483	
0.338567	0.00364169	0.468111	0.0398858	0.21655	0.0161726	-0.0459866	0.0218021	-0.0576159	-0.0146406	0.830301	-0.0860384	0.0253191	0.00673107	0.0184725	0.098482	0.265633	-0.0417914	-0.0586867	0.11912	-0.0733024	0.0253191	0.00562406	
0.3102	-0.0224735	0.542	0.0398858	0.21655	0.0123069	-0.0882793	-0.00316976	-0.061186	-0.0146406	0.830301	-0.0846742	0.0253191	-0.0236405	0.0184725	0.098482	0.237613	-0.0417914	-0.0612022	0.21916	-0.055963	-0.0234708	
0.298926	0.00473598	0.694348	0.0507623	0.203365	0.0124466	-0.0452046	-0.0227187	-0.061186	-0.0146406	0.830514	-0.0812506	0.0253191	-0.00222312	0.0284113	0.098482	0.237613	-0.0499115	-0.0465305	0.18224	-0.0602992	0	0.0154562	0	
0.294133	0.00938374	0.797667	0.0484069	0.240896	0.0187976	0.0235369	-0.00582681	-0.0639027	-0.0131161	0.736682	-0.0812506	0.0237947	0.0160334	0.00905295	0.112593	0.194578	-0.0544875	-0.0527837	0.230829	-0.0691021	0	
0.340217	0.0120196	0.881934	0.0367625	0.221802	0.0153317	-0.0451833	0.0298761	-0.0655527	-0.0104802	0.736682	-0.0876156	0.0211588	-0.0174812	0.0272144	0.110442	0.15824	-0.0585787	-0.0498085	0.230829	-0.0664662	0.000643571	
0.287312	0.0120196	0.95457	0.0429486	0.221802	0.0257043	0.000109543	0.115996	-0.0600403	-0.0104802	0.697269	-0.0816816	0.0211588	-0.00975989	0.00913194	0.139726	0.15824	-0.0396576	-0.0511754	0.265673	-0.0703823	-0.0622049	
0.315858	-0.000632335	0.913632	0.0389058	0.221802	0.0257043	-0.0708969	0.082693	-0.0675895	-0.0104802	0.542795	-0.088738	0.0211588	0.0884336	0.0321392	0.123722	0.136515	-0.0342992	-0.0614796	0.238517	-0.071352	-0.0199793	0.022785	0	
0.21105	0.0199485	1.00675	0.0389058	0.250212	0.0139991	-0.0156119	0.0421335	-0.0675895	-0.0104802	0.542795	-0.087931	0.0211588	0.136221	0.0205011	0.123187	0.144122	-0.0342992	-0.0475253	0.199999	-0.0847151	0.162115	0.00256456	-0.0519792	
0.21147	0.0229122	0.889336	0.0393262	0.197925	0.0144196	-0.0474023	-0.0363878	-0.0635851	-0.00751646	0.492801	-0.0878092	0.0186155	0.102351	0.0209216	0.126662	0.147086	-0.0618589	-0.0445616	0.209855	-0.0741472	0.145883	-0.0515587	
0.28252	0.0146512	0.889336	0.0369127	0.209083	0.0144196	-0.0636549	-0.0311745	-0.0635851	-0.00751646	0.346625	-0.0818634	0.0186155	0.102351	0.0338326	0.0881892	0.232635	-0.0397337	-0.0430217	0.205801	-0.0864058	-0.0515587	
0.206836	0.00779258	0.715252	0.0319329	0.202224	0.0144196	0.0264597	0.00275853	-0.0674929	-0.014375	0.346625	-0.0833327	0.0254741	0.0497886	0.0380919	0.131065	0.224677	-0.0389031	-0.0523563	0.250014	-0.0932643	-0.0515587	
0.239578	0.00779258	0.715252	0.0319329	0.159352	0.0144196	0.0157773	0.0539788	-0.0709378	-0.014375	0.351406	-0.0830403	0.0254741	0.0494447	0.0433541	0.146264	0.224677	-0.0407804	-0.0416529	0.184513	-0.0932643	-0.0515587	0.0157916	
0.233286	-0.0144249	0.503838	0.0319329	0.143219	0.0144196	0.0268269	0.0547247	-0.0709378	-0.014375	0.377879	-0.0782941	0.0254741	0.0621023	0.0433541	0.122361	0.140435	-0.0407804	-0.0416529	0.201484	-0.0880655	-0.0470611	-0.00780129	
0.234627	-0.0135988	0.57244	0.0350007	0.179213	0.0123308	0.027653	0.060792	-0.0643865	-0.013549	0.358434	-0.0701165	0.0259889	0.0363281	0.0700288	0.123702	0.141261	-0.0394395	-0.0448738	0.202825	-0.0850702	-0.0460609	0	
0.216351	-0.00336352	0.580441	0.069492	0.228424	0.0123308	0.0355051	0.11386	-0.0701229	-0.0204844	0.358434	-0.0807256	0.0259889	0.0289058	0.0354922	0.0974212	0.141261	-0.0394395	-0.0448738	0.300006	-0.0708432	-0.0460609	
0.216351	0.0162554	0.580441	0.069492	0.338904	0.00678472	-0.0128195	0.0314361	-0.0632391	-0.00457126	0.345955	-0.0810811	0.0259889	-0.00738113	0.0450687	0.120426	0.141261	-0.0394395	-0.0554083	0.424981	-0.0970845	-0.0378874	
0.210612	0.0102772	0.445469	0.0667073	0.310042	0.0203196	0.0349592	0.0287914	-0.06913	-0.0199075	0.382808	-0.0893829	0.0319817	-0.00772817	0.0464689	0.126134	0.135268	-0.0281822	-0.0583517	0.195399	-0.0772517	-0.0416862	-0.0386032	
0.218516	0.0102772	0.443959	0.0667073	0.261899	0.0203196	0.0388176	0.000287904	-0.0641731	-0.0199075	0.382808	-0.0673456	0.0319817	0.0169216	0.0530609	0.133199	0.135268	-0.032645	-0.0627329	0.235155	-0.065312	-0.0416862	
0.218516	0.0102772	0.603392	0.0667073	0.190608	0.0112864	0.0427503	-0.0121856	-0.0614498	-0.018432	0.382808	-0.0826129	0.0319817	-0.0136873	0.0530609	0.118932	0.135268	-0.0206251	-0.038344	0.292982	-0.065312	-0.0463041	
0.267297	0.0102772	0.603229	0.0665445	0.190608	0.0138432	-0.00923853	0.0408696	-0.0632429	-0.018432	0.382646	-0.0765298	0.0318189	0.0255429	0.0528981	0.118769	0.190171	-0.0573482	-0.0353202	0.222231	-0.0523724	-0.0601794	0.0432775	
0.243691	-0.0108464	0.745931	0.0645466	0.18315	0.00605886	0.00644368	-0.0716284	-0.0632429	-0.018432	0.375369	-0.082268	0.0318189	0.0590457	0.0532193	0.163841	0.140952	-0.0431426	-0.0223237	0.196092	-0.0523724	-0.0646591	-0.0425229	
0.241272	-0.00892973	1.08649	0.0652751	0.188792	0.019259	0.0261987	0.0443015	-0.0681878	-0.0127896	0.393181	-0.0831059	0.026905	0.0418869	0.0378817	0.11442	0.132772	-0.0346071	-0.0166813	0.139575	-0.04673	-0.065704	0	0.0553914	0	0.0840768	
0.241272	-0.0135845	0.963362	0.0771912	0.13611	0.0244831	-0.0261462	-0.00985963	-0.0681878	-0.0207028	0.396336	-0.0827338	0.0315598	0.019712	0.0378817	0.11442	0.128117	-0.0346071	-0.0349323	0.15669	-0.0447115	-0.0709463	0.0216893	0.265554	
0.241272	0.00106432	0.963362	0.0771912	0.141832	0.0244831	-0.0109136	-0.0133	-0.0681878	-0.0207028	0.421172	-0.0678235	0.0315598	0.021413	0.0378817	0.11442	0.0919115	-0.0346071	-0.0349323	0.222402	-0.0447115	-0.0803423	0.203744	
0.244517	-0.00504955	0.755143	0.0682487	0.141832	0.0417043	-0.0167157	0.0152427	-0.0580579	-0.0207028	0.448507	-0.0678235	0.0315598	-0.0103585	0.0819668	0.11442	0.162335	-0.0252804	-0.0349323	0.289668	-0.0466308	-0.0693881	0.0672864	-0.0122678	
0.233227	-0.00504955	0.738718	0.0682487	0.281377	0.046583	0.0855209	-0.00928929	-0.0718284	-0.0154586	0.4241	-0.071865	0.0315598	-0.0342822	0.0280619	0.11442	0.162335	-0.0308637	-0.0540817	0.341489	-0.0233856	-0.0709383	
0.233227	-0.00504955	0.823798	0.0682487	0.126085	0.0313734	0.098399	-0.0485324	-0.0563405	-0.0182623	0.502022	-0.0637146	0.0315598	-0.00386299	0.0280619	0.115009	0.102404	-0.0343847	-0.0534641	0.245531	-0.0219643	-0.0564115	
0.233227	-0.00504955	0.69345	0.0682487	0.356096	0.0451547	0.131359	-0.054282	-0.0563405	-0.0262379	0.380456	-0.074866	0.0315598	-0.0359991	0.00882452	0.115009	0.0944	-0.0203914	-0.0533633	0.219643	-0.0219643	-0.0564115	0.0338197	-0.0244218	
0.200711	-0.00350119	0.651248	0.0682487	0.182782	0.0451547	0.099054	0.0145014	-0.0643488	-0.0262379	0.408858	-0.0707928	0.0315598	0.0177697	0.00882452	0.0919097	0.168408	-0.0397651	-0.0533633	0.219643	-0.00630739	-0.0644144	
0.24463	-0.00671191	0.639897	0.0639608	0.188117	0.03454	0.0252042	-0.0176774	-0.0657525	-0.0262379	0.420379	-0.0745572	0.0315598	0.0177697	0.000285192	0.120678	0.130191	-0.0397651	-0.0533633	0.170802	0.00158023	-0.0644144	
0.25284	-0.0206297	0.645633	0.0663965	0.174778	0.03513	0.0607688	0.0114377	-0.0625162	-0.0262379	0.423616	-0.0871487	0.0347961	-0.0186579	0.0184896	0.123915	0.123174	-0.0367726	-0.0533633	0.190701	0.00158023	-0.0611781	0	
0.250951	-0.00349374	0.667304	0.0598683	0.158065	0.0429881	0.117786	0.0566818	-0.0625162	-0.0193259	0.484301	-0.074796	0.0347961	-0.000874014	-0.00350159	0.11624	0.141033	-0.0359167	-0.0533633	0.19811	-0.0356165	-0.0691102	0.0347961	
0.199421	-0.00349374	0.680463	0.0600364	0.103211	0.0474097	0.117786	0.0158368	-0.062348	-0.0193259	0.484469	-0.0733495	0.0349642	-0.00389227	0.0229618	0.114079	0.108329	-0.0259614	-0.0652624	0.171857	-0.0584572	-0.0677386	
0.195045	-0.0057232	0.676715	0.0357695	0.22866	0.0453188	0.136845	0.0241141	-0.0670027	-0.0214707	0.48072	-0.0866537	0.0333607	-0.0192414	0.0214656	0.110331	0.106184	-0.0297097	-0.0681284	0.190827	-0.0788071	-0.0732072	0.0556269	-0.042607	
0.197513	-0.00701739	0.86456	0.0563247	0.0783887	0.0477862	0.14124	-0.0356857	-0.065266	-0.0170762	0.483867	-0.0841863	0.0314336	-0.0225062	0.0462073	0.112798	0.0941637	-0.0365453	-0.0596277	0.176793	-0.0759357	-0.0560611	0.202353	
0.197513	-0.00701739	0.705254	0.0563247	0.224198	0.0477862	0.0299254	0.00024131	-0.0594513	-0.0170762	0.495251	-0.0726229	0.0314336	-0.00448238	0.0267264	0.112798	0.0941637	-0.0397041	-0.0596277	0.247114	-0.089165	-0.079382	0.094598	0	
0.197513	0.00293657	0.705254	0.0563247	0.241526	0.0477862	0.0793871	0.00830298	-0.04865	-0.0189629	0.396977	-0.0698864	0.0314336	0.0220755	0.0267264	0.0831829	0.0941637	-0.0193459	-0.0622781	0.215671	-0.0665851	-0.0887863	0.00188673	-0.020768	0	
0.218744	-0.000636857	0.705254	0.0647766	0.198019	0.0636589	0.0241278	-0.0308139	-0.04865	-0.0189629	0.524064	-0.0843073	0.0314336	0.00470312	0.0267264	0.108587	0.066401	-0.0170679	-0.0583086	0.250012	-0.0567035	-0.0791062	0.069719	0.227394	-0.0174597	0	
0.218744	4.21215e-05	0.705254	0.0770412	0.198698	0.054091	0.0587117	0.0204996	-0.04865	-0.0182839	0.524064	-0.0899016	0.0307546	0.00470312	0.0267264	0.160551	0.122182	0.000204475	-0.0465068	0.250012	-0.0560245	-0.0817247	0.113363	-0.017196	
0.227591	4.21215e-05	0.705254	0.0787223	0.168416	0.0476475	-0.0231802	-0.00656179	-0.0417866	-0.0140236	0.564732	-0.0848917	0.0307546	-0.0311904	0.0267264	0.0901539	0.0943289	-0.0198914	-0.0685868	0.285981	-0.0560245	-0.0855516	0.136516	
0.197423	-0.00904054	0.705254	0.0787223	0.230587	0.0476475	-0.0428789	-0.000432115	-0.0280833	-0.0134512	0.465969	-0.0702309	0.0301822	0.00380056	0.0267264	0.0901539	0.0897776	-0.0198914	-0.0529444	0.285981	-0.0554522	-0.08109	0.136516	0.0532039	
0.184445	-0.0077018	0.585653	0.0787223	0.119798	0.0386064	-0.00467473	-0.0440431	-0.0424924	-0.015671	0.465969	-0.0702309	0.0301822	-0.0373104	0.0267264	0.112934	0.0897776	-0.0227225	-0.0537681	0.279793	-0.0554522	-0.08109	0.123705	0.0497472	0	0.0206872	
0.215455	-0.00923999	0.585653	0.054128	0.157467	0.0386064	-0.0120071	-0.0241216	-0.0424924	-0.0163087	0.430217	-0.0766208	0.0301822	-0.0350066	0.0267264	0.0932927	0.0897776	-0.0189904	-0.0422738	0.216475	-0.0605602	-0.0700839	0.123705	
0.215455	0.0136927	0.469163	0.0508318	0.157467	0.0201034	-0.0154715	-0.032514	-0.0379987	-0.0142675	0.370032	-0.0819622	0.0301822	-0.0350066	0.0262495	0.0893687	0.10179	-0.027889	-0.0422738	0.332451	-0.0361838	-0.0741907	0.16396	0.00259616	0.00387401	
0.223534	0.0152176	0.654011	0.0508318	0.115281	0.0434208	-0.00846219	-0.025492	-0.0379987	-0.0127425	0.370032	-0.0739439	0.0286573	-0.0400325	0.0157552	0.151912	0.103315	-0.0145837	-0.0474032	0.236795	-0.0683086	-0.0467878	0.16396	
0.261005	0.00987958	0.654011	0.0508318	0.114624	0.0442155	-0.0360886	-0.014962	-0.038289	-0.0181115	0.34379	-0.0739439	0.0339954	-0.0529659	0.0260052	0.170477	0.087606	-0.0145837	-0.0527412	0.225312	-0.0747775	-0.061041	0.146894	0	
0.261005	0.00987958	0.584611	0.0508318	0.0787281	0.031427	-0.0101926	-0.0288613	-0.0364963	-0.0181115	0.343689	-0.058498	0.0339954	-0.0634054	0.00044325	0.187192	0.087606	0.00101503	-0.0527412	0.344354	-0.0779578	-0.04438	0.176421	-0.00301984	0	
0.261005	0.0110378	0.508703	0.0639059	0.0832896	-0.00422347	-0.0911517	0.0232154	-0.0364963	-0.0162289	0.36889	-0.0717462	0.0328372	-0.0547917	0.00044325	0.089795	0.0941632	-0.0231962	-0.0709904	0.462886	-0.0860339	-0.04438	0.176421	-0.0331481	
0.245154	-0.0201586	0.506498	0.068644	0.133484	-0.0210715	-0.113786	-0.0215291	-0.0392801	-0.0162289	0.3418	-0.0667698	0.0344221	-0.0464537	0.0389389	0.101664	0.0941632	-0.0216112	-0.0662526	0.464471	-0.078124	-0.0293435	0.174371	
0.267318	-0.0201586	0.617062	0.068644	0.133484	-0.0581594	0.0236101	0.0457617	-0.039494	-0.0162289	0.374674	-0.062014	0.0344221	-0.0464537	0.0165069	0.0685526	0.0941632	-0.028219	-0.0613965	0.358882	-0.0778217	-0.0110328	0.174371	
0.267318	-0.0148276	0.617062	0.0615069	0.134398	-0.0581594	-0.0422754	0.0486518	-0.0511492	-0.0162289	0.382663	-0.0547044	0.0344221	-0.0504032	0.0165069	0.142715	0.10535	-0.034398	-0.0613965	0.356823	-0.0869955	-0.0283066	0.176574	
0.266249	-0.0148276	0.627341	0.0702906	0.171967	-0.0361538	-0.0361147	0.0331039	-0.0519156	-0.0191483	0.308302	-0.0643513	0.0333529	-0.0422828	0.0154376	0.0794501	0.123577	-0.0145329	-0.0613965	0.269368	-0.0956327	-0.0293758	0.12836	
0.26161	-0.00502315	0.583055	0.0702906	0.22733	-0.0330119	0.0145302	0.0435911	-0.0519156	-0.0263323	0.385122	-0.0663642	0.0333529	-0.000460398	0.0154376	0.0912983	0.0921269	-0.0145329	-0.0613965	0.260178	-0.111203	-0.0288368	0.163689	0.000671145	0	
0.272581	-0.00502315	0.607717	0.0702906	0.170242	-0.0130937	-0.0391762	0.11144	-0.0519156	-0.0263323	0.385122	-0.0685775	0.0333529	-0.0569212	0.0154376	0.0737511	0.0727683	-0.0196166	-0.0613965	0.306905	-0.0835026	-0.0409706	0.154568	
0.259674	0.00348411	0.735307	0.0622977	0.196837	-0.0119405	-0.0259902	0.0155149	-0.057706	-0.0181652	0.334975	-0.0775037	0.0333529	-0.0186529	0.0124303	0.0642883	0.0727683	-0.0202221	-0.0527005	0.284764	-0.075779	-0.0443894	0.154568	0.0422041	
0.259674	-0.00559698	0.513501	0.0622977	0.199418	-0.0119405	0.055254	0.0939484	-0.0659262	-0.0231209	0.304178	-0.0775037	0.0307724	-0.0107317	0.0303946	0.0865711	0.0851786	0.00542693	-0.0617913	0.153699	-0.0848035	-0.0330298	0.132892	0.0557243	
0.279607	-0.0155925	0.466863	0.0529773	0.199418	-0.0104843	-0.0388788	0.227527	-0.0659262	-0.00544087	0.321501	-0.0710708	0.0307724	-0.0206832	0.0249897	0.0882062	0.0964959	0.0456938	-0.0517637	0.249847	-0.102259	-0.0478156	0.132892	0.0557243	0.0443051	-0.0412268	-0.0227271	
0.279607	-0.0155925	0.534092	0.0529773	0.215494	0.0267592	-0.0795364	0.0843964	-0.058995	-0.00544087	0.321501	-0.0723127	0.0307724	-0.0294386	0.0267265	0.0882062	0.08593	0.0149887	-0.0408855	0.249847	-0.102508	-0.0478156	0.12161	0.0557243	
0.269325	0.0189233	0.757943	0.0529773	0.215494	0.0267592	0.0221372	0.125781	-0.058995	-0.0127944	0.354899	-0.0849242	0.0307724	-0.0323108	0.0302385	0.0882062	0.08593	0.0149887	-0.0545852	0.221425	-0.0867269	-0.0230535	0.17064	0.0490327	0.00550949	0.0670378	
0.263813	0.00242369	0.528145	0.0529773	0.214249	0.0569836	-0.0427951	0.0867078	-0.064387	-0.0127944	0.323216	-0.0794026	0.0307724	-0.0368529	0.026245	0.116569	0.110273	0.0195521	-0.0545852	0.284656	-0.0867269	-0.0282229	0.150916	0.0490327	0	
0.294434	0.017955	0.617884	0.0529773	0.198574	0.0569836	-0.0209523	0.0976313	-0.064387	-0.0127944	0.323216	-0.0907565	0.0307724	-0.0459869	0.026245	0.116569	0.0946176	0.0208005	-0.0496041	0.23604	-0.0855153	-0.0526152	0.141896	0.0405585	
0.294434	-0.00686582	0.617884	0.0577946	0.263219	0.036302	-0.0552053	0.0976313	-0.064387	-0.0127944	0.323216	-0.0848271	0.0307724	-0.0201776	0.016915	0.116569	0.150413	0.021463	-0.0496041	0.209858	-0.0670498	-0.0565653	0.148358	0.017722	
0.330946	0.0307054	0.984427	0.0456352	0.263219	0.036302	-0.000634681	0.104524	-0.064387	-0.01522	0.323216	-0.0923105	0.0307724	-0.0473308	0.016915	0.120374	0.0690729	0.025597	-0.0496041	0.214751	-0.0810372	-0.0719109	0.0726692	0.0131716	
0.330946	0.0324454	0.773575	0.046411	0.297742	0.0270887	0.00110523	0.0128795	-0.0571955	-0.0134801	0.370304	-0.0870664	0.0290325	-0.0486947	0.0492229	0.112809	0.0879159	0.0288423	-0.0443026	0.214751	-0.0786317	-0.0636337	0.0654734	0.0149115	0	
0.330946	0.0210931	0.711531	0.046411	0.297742	0.0270887	-0.0518528	0.0156746	-0.0584677	-0.0157405	0.336595	-0.0699681	0.0290325	-0.0183776	0.0328234	0.109432	0.0879159	0.034615	-0.0521735	0.227725	-0.0792471	-0.0661027	0.0726444	0.0513041	0	
0.308134	0.00698832	0.634743	0.0535522	0.353973	0.0180769	-0.0423519	0.0221104	-0.0475467	-0.0157405	0.355449	-0.0723918	0.0290325	-0.0112923	0.0471523	0.109432	0.0974929	0.0521267	-0.0488331	0.227725	-0.0781863	-0.0710604	0.0785493	0.0513041	0.0721114	
0.317491	0.00698832	0.474614	0.0576932	0.353973	0.00478547	-0.0445247	0.0331441	-0.0498305	-0.0157405	0.355449	-0.0803993	0.0290325	-0.0112923	0.0471523	0.146454	0.136712	0.0521267	-0.039816	0.163475	-0.087847	-0.069327	0.0869674	0.0527861	
0.317491	0.00698832	0.525876	0.0576932	0.29691	-0.00449974	-0.0457919	-0.0275046	-0.0453702	-0.0156004	0.31784	-0.0708796	0.0290325	-0.0134784	0.0471523	0.157939	0.136712	0.0469707	-0.047348	0.19622	-0.08487	-0.069327	0.0894979	0.0284232	0	
0.281886	0.00698832	0.922913	0.0518606	0.29691	-0.0101789	-0.0526064	-0.0347554	-0.0427213	-0.0249247	0.31784	-0.0708796	0.0290325	-0.0134784	0.044636	0.0975639	0.0535742	0.0222499	-0.0428209	0.210082	-0.0680222	-0.0647347	0.0905672	0.0646717	-0.0151741	
0.299195	0.00353836	0.764113	0.0518606	0.198504	-0.0101789	-0.0456187	-0.00532303	-0.0427213	-0.0175157	0.31784	-0.0708796	0.0290325	-0.000633188	0.044636	0.111937	0.0515655	0.0222499	-0.0396002	0.2385	-0.0633507	-0.0647347	0.0632402	0.0634622	
0.348136	0.00353836	0.845604	0.0502639	0.248791	-0.0101789	-0.0398418	0.0137711	-0.043072	-0.0175157	0.319127	-0.0619757	0.0290325	-0.000633188	0.044636	0.111937	0.0533892	0.0291699	-0.0396002	0.150875	-0.0668863	-0.0647347	0.0977199	0.0634622	0	0.0228513	0.0821425	0	0	
0.348136	0.00493039	0.845604	0.0502639	0.250183	-0.00835651	0.0234247	0.0137711	-0.0391727	-0.0161237	0.319127	-0.0759566	0.0276405	-0.000236184	0.044636	0.0793581	0.0575441	0.0529115	-0.0382082	0.2974	-0.0559768	-0.0647347	0.0705109	0.0648543	0.0228513	-0.0060603	
0.348136	-0.00102721	0.478011	0.0502639	0.250183	-0.00835651	-0.0698014	0.0583913	-0.0398124	-0.0154199	0.319127	-0.0752304	0.0276405	-0.000236184	0.0482413	0.0961595	0.0604727	0.0529115	-0.033225	0.220857	-0.0506607	-0.0723996	0.0666777	0.0558412	
0.348136	0.00967058	0.349389	0.0502639	0.211852	-0.00280242	-0.0333152	0.0774217	-0.0398124	-0.00733613	0.319127	-0.0782421	0.0281358	-0.0152668	0.0365992	0.0789047	0.0970749	0.0529115	-0.033309	0.18466	-0.061903	-0.066474	0.0944143	0.0536192	
0.311324	-0.00107322	0.658254	0.0515935	0.231156	-0.0122626	-0.0117036	0.04812	-0.0555406	-0.0152389	0.393985	-0.081401	0.0281358	-0.0355844	0.0563718	0.0757991	0.0955836	0.0497019	-0.0346165	0.238471	-0.061903	-0.0578148	0.124569	0.0536192	0.0239097	0	
0.308183	0.0276097	0.794659	0.0515935	0.2692	-0.0184302	-0.0449511	0.0616181	-0.0459999	-0.0112445	0.359483	-0.0735572	0.0281358	-0.0563732	0.0563718	0.0926339	0.112576	0.0548011	-0.0612737	0.181405	-0.061903	-0.0641228	0.162491	0.0615109	
0.308183	-0.00714587	0.758144	0.0515935	0.25217	-0.0127547	-0.0426968	0.0251829	-0.0446108	-0.0104597	0.318042	0.0281358	-0.0267206	0.0563718	0.0926339	0.112576	0.0403954	-0.0442679	0.172565	-0.061824	-0.0733049	0.162491	0.0506052	-0.0223077	0	
0.308183	0.00206836	0.937321	0.0515935	0.238136	-0.00701222	0.00997446	0.00919155	-0.0547344	-0.0104597	0.343555	0.0281358	-0.0298363	0.0846405	0.0265669	0.0926339	0.109638	0.0403954	-0.0532817	0.232286	-0.0482807	-0.0674222	0.16881	
0.308183	-0.00750707	0.867476	0.0515935	0.238136	-0.00443976	-0.00227828	0.0681522	-0.0451472	-0.0104597	0.418819	0.0281358	-0.0298363	0.0709869	0.0334002	0.0700584	0.128839	0.0153674	-0.0492765	0.151654	-0.0482807	-0.0674222	0.161569	
0.328374	0.01543	0.870042	0.0634565	0.246811	-0.00187334	-0.0373114	0.00240542	-0.0488275	-0.00124759	0.421385	0.0307022	-0.00681916	0.0691198	0.0359666	0.12534	0.128839	0.0179338	-0.0492765	0.169383	-0.0658042	-0.0489929	0.164135	-0.0296551	0.00256642	
0.328374	-0.00309579	0.837094	0.0634565	0.225254	-0.00187334	-0.0280709	0.00435525	-0.0498888	-0.00124759	0.421385	0.0307022	-0.00681916	0.0719694	0.0359666	0.084127	0.127731	0.026001	-0.0446838	0.268394	-0.0652886	-0.0383378	0.179375	0.0355328	
0.307045	0.0195546	0.707696	0.0634565	0.226323	-0.0232524	-0.00759026	0.0534846	-0.0487861	-0.0225938	0.421385	0.0296332	0.0143095	0.0726603	0.0359666	0.0787811	0.115933	0.02776	-0.0521637	0.150938	-0.0656205	-0.0383378	0.218194	0.0290871	
0.290156	-0.013867	0.677733	0.0694792	0.209021	-0.0204128	0.0218787	0.129433	-0.0487861	-0.016309	0.439615	0.0296332	0.0143095	0.0896931	0.037723	0.0787811	0.115933	0.0323661	-0.0521637	0.225187	-0.0735631	-0.0383378	0.16405	0.0222197	0	
0.228796	-0.0137664	0.404638	0.0750868	0.195308	-0.0258763	0.0614358	0.0516523	-0.0441517	-0.016309	0.439615	0.0296332	-0.0201153	0.0896931	0.037723	0.0787811	0.180083	0.0168853	-0.050458	0.203269	-0.0735631	-0.0383378	0.178337	0.023365	-0.0221872	-0.00818533	
0.252121	0.0145213	0.411527	0.0750868	0.195308	-0.0484891	0.00419133	0.0939267	-0.0538517	-0.016309	0.439615	0.0296332	-0.00473248	0.0896931	0.037723	0.112216	0.180083	0.0168853	-0.050458	0.227698	-0.08444	-0.0225518	0.178337	0.0611475	-0.0415	
0.262085	0.0267159	0.335885	0.0705085	0.157135	-0.0484891	-0.0313743	0.0360859	-0.0536227	-0.016309	0.439615	0.0296332	-0.00637329	0.0924698	0.0382424	0.112216	0.185669	0.00112629	-0.0328603	0.23863	-0.0665633	-0.0225518	0.114869	0.0229499	-0.0328431	0.0340205	
0.274018	0.00465001	0.322699	0.052564	0.157135	-0.0552715	-0.00291301	0.0529247	-0.0454588	-0.0131402	0.479227	0.0296332	-0.0153719	0.090514	0.0421432	0.114971	0.214671	0.00112629	-0.0521581	0.187468	-0.0689845	-0.0173683	0.136072	0.0354056	0.00866761	
0.295421	0.00465001	0.415682	0.0524365	0.161509	-0.047523	-0.0269249	0.0874244	-0.0479737	-0.0119885	0.481718	0.0296332	0.00635479	0.108235	0.0421432	0.1513	0.214671	0.0107024	-0.0547724	0.158816	-0.0573933	-0.0173683	0.143252	0.0239411	0	
0.298275	0.00465001	0.341621	0.0552901	0.101225	-0.0305797	-0.0341625	0.161779	-0.0451202	-0.0144222	0.474062	0.0324867	-0.0113912	0.0899375	0.0219374	0.154153	0.183167	0.0214865	-0.0561083	0.16847	-0.0519562	-0.0114352	0.137157	0	
0.261781	0.00465001	0.560635	0.0542729	0.0873405	-0.0315968	-0.08336	0.14767	-0.0546249	-0.0144222	0.600366	0.0314696	0.0198244	0.0765342	0.0231029	0.235313	0.213226	0.0205916	-0.053041	0.375866	-0.0497514	-0.0256419	0.146621	0.00365382	0	
0.26325	-0.0145642	0.382342	0.0606626	0.0253326	-0.0311414	-0.0402844	0.0685292	-0.0606612	-0.017705	0.483663	0.0314696	0.0198244	0.0809498	0.0231029	0.235313	0.324018	0.0205916	-0.0580253	0.375866	-0.0393788	-0.0256419	0.0792521	
0.264583	-0.0189965	0.402424	0.0606626	0.0682733	-0.0311414	-0.0257716	0.0073573	-0.0545053	-0.00605732	0.403085	0.0314696	0.0198244	0.0809498	0.0231029	0.293973	0.318825	0.0205916	-0.0491619	0.438862	-0.0393788	-0.0388831	0.10793	0	
0.264583	-0.0189965	0.521239	0.0606626	0.0680223	-0.0397474	-0.0162092	0.0176498	-0.0490758	-0.0069167	0.400761	0.0314696	0.00128002	0.0809498	0.0306838	0.293973	0.306014	-0.00296658	-0.0515167	0.382747	-0.0580825	-0.0341213	0.15627	-0.00339491	0	
0.284022	-0.00450493	0.521762	0.0606626	0.128421	-0.0397474	-0.0336926	-0.0354368	-0.0629507	-0.0069167	0.378618	0.0314696	0.0289533	0.0809498	0.0274678	0.258628	0.306014	0.0363404	-0.0515167	0.262022	-0.0721242	-0.0381328	0.161677	0.0183188	0	0.015988	
0.275688	-0.0159131	0.379581	0.0631394	0.0987823	-0.0559323	-0.0702773	-0.0483001	-0.0409573	-0.0069167	0.483106	0.0339463	0.00670194	0.0647838	0.0586712	0.261105	0.306014	0.0248944	-0.0525301	0.280399	-0.0797021	-0.0515107	0.126246	0.068671	0.0456301	0.00247677	0	
0.258859	0.0237379	0.371068	0.0631394	0.105496	-0.0449736	-0.0124369	-0.0176922	-0.0513316	-0.00923627	0.446706	0.0314586	0.0146989	0.075791	0.0490488	0.261105	0.233662	0.0132593	-0.0500423	0.280399	-0.0681109	-0.0539729	0.126246	0.0314586	
0.258859	0.0134741	0.2519	0.0631394	0.105496	-0.0253782	0.0124647	0.0396696	-0.0419746	-0.00923627	0.446706	0.0314586	0.0463304	0.075791	0.0490488	0.250695	0.168115	0.0132593	-0.0500423	0.220627	-0.0824682	-0.0582394	0.126246	
0.258859	0.00249131	0.414249	0.0631394	0.119844	0.0148595	0.0113058	0.0785671	-0.0442096	-0.0103952	0.446706	0.0326175	0.0463304	0.05532	0.0521909	0.250695	0.166956	0.0132593	-0.0512012	0.260218	-0.0624462	-0.054984	0.126246	-0.061854	-0.0114865	-0.0188983	-0.0408338	0.00278898	
0.244062	-0.0048535	0.501208	0.0744433	0.131013	0.0119156	0.0113058	0.154297	-0.0438987	-0.0103952	0.446706	0.0326175	0.0549857	0.066845	0.0464784	0.229381	0.213544	-0.00393483	-0.0513923	0.247293	-0.0886692	-0.0622262	0.130808	-0.0326229	
0.247013	-0.0048535	0.352623	0.0819968	0.0933409	-0.00992919	-0.0413205	0.159032	-0.0448506	-0.0151307	0.323742	0.0326175	0.017882	0.072336	0.0464784	0.191519	0.243568	-0.00542624	-0.0567892	0.228979	-0.0795539	-0.0625683	0.116295	0	0.0395798	
0.247013	0.00659654	0.371805	0.0819968	0.0859479	-0.00992919	-0.0812553	0.12261	-0.0444555	-0.0082091	0.311618	0.0326175	0.0497765	0.0729213	0.0428396	0.191519	0.177731	-0.0140704	-0.0288449	0.1574	-0.0798491	-0.0599263	0.121672	-0.0349324	-0.0140481	
0.247013	0.00659654	0.286182	0.0819968	0.125351	0.00542367	-0.0345724	0.072891	-0.0444555	-0.0082091	0.34866	0.0326175	-0.0388318	0.0729213	0.0366206	0.225297	0.177731	-0.0140704	-0.0383974	0.118196	-0.0710714	-0.0599263	0.121672	
0.214132	0.00512969	0.310994	0.0817963	0.109118	0.00522325	-0.0706451	0.0916474	-0.0544643	-0.0223699	0.342319	0.0345853	-0.0313404	0.0707531	0.0406838	0.257957	0.144598	0.00356559	-0.0588631	0.214261	-0.06645	-0.0588747	0.13544	
0.214132	-0.0251879	0.432938	0.107797	0.115842	0.0153573	0.0163443	0.0203659	-0.0452702	-0.0196687	0.342319	0.0318841	-0.0113366	0.0734543	0.0320362	0.310411	0.133476	-0.0244864	-0.0414151	0.286634	-0.0664039	-0.0512993	0.143003	
0.224867	-0.0171786	0.457182	0.108717	0.12147	0.0290017	-0.014389	0.022685	-0.0507254	-0.0196687	0.334094	0.0328045	-0.0149672	0.0734543	0.02879	0.25712	0.191932	-0.0333388	-0.0485904	0.287555	-0.0534807	-0.0392294	0.143924	0.220006	
0.224867	-0.0174787	0.340614	0.108717	0.192928	0.0309348	-0.0371417	-0.024648	-0.0524949	-0.0208167	0.334094	0.0328045	-0.0149672	0.0734543	0.02879	0.258551	0.191932	-0.0188431	-0.0542923	0.139257	-0.038599	-0.0439237	0	0.253645	0.13004	
0.224867	-0.0174787	0.454128	0.0942052	0.192928	0.0309348	-0.0162295	-0.030815	-0.0524949	-0.0208167	0.334094	0.0328045	0.00374262	0.0734543	0.02879	0.258551	0.191932	-0.0156227	-0.0395599	0.231993	-0.0446666	-0.0271723	0.13004	0.299517	
0.224585	0.0218809	0.490387	0.0842045	0.192928	0.025038	-0.100571	-0.0127774	-0.0507136	-0.0121144	0.318093	0.0325222	-0.01716	0.0734543	0.0285077	0.258269	0.217914	-0.015905	-0.0395599	0.190862	-0.0377205	-0.0181188	0.0620582	0	0.147882	
0.220242	-0.00402179	0.490387	0.0842045	0.167485	0.0289264	-0.019912	-0.0458123	-0.0507136	-0.011233	0.276368	0.0316408	0.020187	0.0743357	0.0144723	0.252869	0.218796	-0.00185312	-0.0386784	0.239984	-0.0411386	-0.0315495	-0.030383	0.170054	
0.220242	-0.0143972	0.29399	0.0842045	0.167485	0.0264417	-0.047434	-0.023836	-0.0440948	-0.011233	0.33415	0.0316408	0.020187	0.0928545	0.0144723	0.228403	0.205764	-0.00185312	-0.0394391	0.173847	-0.0582592	-0.0190647	0	0.170054	
0.221636	-0.0143972	0.278298	0.0842045	0.250072	0.0264417	-0.0438422	-0.0449732	-0.0605544	-0.00626136	0.33415	0.0316408	-0.0118334	0.0928545	0.0181345	0.228403	0.205764	-0.00185312	-0.0361438	0.271081	-0.0362903	-0.0190647	0.203561	-0.0260122	
0.221636	-0.00769318	0.378161	0.0842045	0.286274	-0.00504106	-0.0144805	0.0103624	-0.0511969	-0.0132652	0.29891	0.0316408	0.00442028	0.0928545	0.0181345	0.21485	0.176637	-0.00185312	-0.0361438	0.265217	-0.0348545	-0.0190647	0.205115	-0.0347607	-0.038408	
0.221636	0.00209048	0.32035	0.0842045	0.286274	-0.00504106	0.000751248	0.0251254	-0.0488865	-0.00493357	0.29891	0.0316408	0.00442028	0.0928545	0.0181345	0.22838	0.19079	-0.00185312	-0.0361438	0.158252	-0.0354192	-0.0306831	0.222423	-0.0818541	-0.0186532	
0.225301	0.00209048	0.2956	0.0842045	0.281471	-0.0192984	0.00368164	-0.0793741	-0.042239	-0.00493322	0.28832	0.0316408	-0.0256446	0.10793	0.0208594	0.22838	0.19079	-0.00185312	-0.0499703	0.144128	-0.0354192	-0.0122354	0.222423	0.292071	
0.225301	0.000738725	0.361675	0.0842045	0.279793	-0.000988814	0.00694911	-0.0558152	-0.0499351	-0.0195995	0.365832	0.0333191	-0.00250621	0.108275	0.0256971	0.192798	0.175988	-0.00185312	-0.0294831	0.235498	-0.0270992	-0.0188726	0.189283	-0.0497011	0	
0.251875	0.00736401	0.250522	0.0842045	0.296246	0.0163363	-0.0400234	-0.071288	-0.0499351	-0.0151997	0.30539	0.0289192	0.00275229	0.127184	0.0256971	0.192798	0.157053	-0.00541555	-0.0250832	0.152607	-0.0119491	-0.0188726	0.189283	0.00807958	
0.251875	0.00568834	0.400729	0.0795808	0.241171	0.0301936	-0.0307487	-0.072903	-0.0501595	-0.00140027	0.353011	0.0259424	0.00275229	0.0899816	0.0256971	0.175075	0.16003	-0.00541555	-0.0239791	0.135928	-0.00897224	-0.0224915	0.189283	0.0837577	-0.00799748	
0.239226	0.00568834	0.363741	0.0840315	0.252422	0.0420355	-0.071508	0.00354916	-0.0501595	-0.00140027	0.380869	0.0259424	-0.0561172	0.0848046	0.0536186	0.1965	0.194937	-0.0203435	-0.0346813	0.154365	-0.0165699	-0.0224915	0.189283	
0.239615	-0.00257003	0.3472	0.0844207	0.257745	0.0424247	0.005817	0.0229093	-0.0497703	-0.00533118	0.381258	0.0302625	-0.0525304	0.0808737	0.0540078	0.281166	0.195911	-0.0199543	-0.0350928	0.165255	-0.0205008	-0.0240885	0.107485	0.0180557	
0.239615	-0.0068166	0.325714	0.0844207	0.280799	0.0188436	-0.0606753	-0.0736313	-0.0515313	-0.00475043	0.381258	0.0302625	-0.0121727	0.0437406	0.0428046	0.291214	0.195911	-0.00887813	-0.0417103	0.174857	-0.0247118	-0.0240885	0.181382	0.0637426	
0.239615	0.0176132	0.333216	0.0585864	0.283742	0.0188436	-0.0521368	-0.0672912	-0.0520311	-0.00475043	0.388876	0.0302625	0.0127833	0.0437406	0.0313718	0.292868	0.195911	-0.0297768	-0.0455226	0.16672	-0.0247118	-0.0161795	0.182471	-0.0369894	0.0459195	
0.241617	0.0126685	0.389616	0.0745434	0.283742	0.0188436	-0.0101303	0.0223991	-0.0520311	-0.0038471	0.361173	0.0302625	0.00432552	0.0539751	0.0313718	0.301548	0.141149	-0.028822	-0.0455226	0.203481	-0.0247118	-0.0161795	0.223618	0.047434	
0.241617	0.0284037	0.581368	0.0745434	0.283742	0.0188436	0.0153726	-0.0171724	-0.0441786	-0.00792624	0.361146	0.0302625	0.0098947	0.0379015	0.0378602	0.24346	0.132331	-0.028822	-0.0417241	0.170006	-0.0186677	-0.0091332	0.192536	0.0222346	
0.241617	-0.00247969	0.491866	0.100185	0.283742	0.0188436	-0.0507546	-0.0171724	-0.0474371	-0.00792624	0.366162	0.0302625	0.0356264	0.0411624	0.0378602	0.251333	0.132331	-0.0220024	-0.0339289	0.138951	-0.0314148	-0.0091332	0.22752	0.0132432	0.0439762	0	
0.282558	-0.00247969	0.65181	0.0903918	0.315702	0.0188436	-0.0493101	-0.0183675	-0.0474371	-0.00366906	0.390926	0.0302625	0.0285004	0.0411624	0.017054	0.240839	0.0963064	-0.0334496	-0.0404006	0.131104	-0.0314148	-0.0091332	0.22752	
0.282558	-0.00247969	0.683685	0.0910871	0.315702	0.0165488	0.0244911	0.0623353	-0.0474371	-0.0124214	0.388324	0.0302625	0.0285004	0.0346808	0.017054	0.215064	0.0911263	-0.0333325	-0.0548199	0.163557	-0.0314148	-0.0091332	0.199421	0.00835936	0.0126139	
0.282558	-6.30729e-05	0.495643	0.0813982	0.292284	0.0165488	-0.0314968	0.0554789	-0.0425873	-0.00930356	0.379748	0.0271446	0.0180123	0.0377986	0.0259427	0.215064	0.102559	-0.0341537	-0.0318426	0.163557	-0.0296776	-0.0091332	0.241563	
0.303978	0.0206901	0.522274	0.0830032	0.262615	0.0137088	-0.0172563	0.0166692	-0.0533168	-0.00930356	0.406187	0.0271446	0.0415266	0.0377986	0.0259427	0.135576	0.102559	-0.0341537	-0.0413771	0.221198	-0.0350072	-0.0091332	0.241563	0.047399	0.143566	
0.265057	0.0185814	0.546384	0.0909254	0.262615	0.0158875	-0.0172563	-0.00210098	-0.0496197	-0.00930356	0.458322	0.0293234	0.0228482	0.0624478	0.0281214	0.137755	0.161753	-0.0119823	-0.0323104	0.183287	-0.0350072	-0.00695449	0.268143	0.0122951	
0.256144	0.0227505	0.536756	0.0909254	0.307309	-0.0102436	-0.00646524	0.0401743	-0.0496197	-0.00930356	0.444037	0.0293234	0.0228482	0.0624478	0.0281214	0.149863	0.142135	-0.0166118	-0.0354534	0.253234	-0.031122	-0.00695449	0.231815	
0.256144	0.0252949	0.545093	0.074406	0.236408	-0.0102436	-0.0224147	0.0378851	-0.0494406	-0.00930356	0.444037	0.0293234	0.0228482	0.0624478	0.0281214	0.107798	0.100943	-0.0307516	-0.031926	0.135454	-0.0221098	-0.00575793	0.370538	0.0291582	
0.222354	-0.0118876	0.791193	0.074406	0.17011	-0.0203327	-0.0574244	0.0277513	-0.0494406	-0.0129023	0.396772	0.0329221	0.00638181	0.058849	0.0262216	0.10664	0.135525	-0.0284731	-0.0355247	0.148326	-0.0257086	-0.00459876	0.478967	
0.210771	-0.0118876	0.57458	0.0720086	0.26047	-0.0037123	0.0400493	0.00349439	-0.0497196	-0.0129023	0.380607	0.0305246	0.00398436	0.0847488	0.0167741	0.104243	0.135525	-0.0308706	-0.0355247	0.136566	-0.0257086	-0.00699622	0.476569	0.00441446	-0.0381512	
0.227173	-0.0209528	0.57458	0.0720086	0.299421	-0.0037123	-0.0260945	0.0686841	-0.0497196	-0.0140041	0.359708	0.0305246	0.00398436	0.100165	0.0372654	0.157265	0.156381	-0.032015	-0.0355247	0.228094	-0.040231	-0.00699622	0.476569	-0.0326576	0.0271299	
0.227173	-0.00271849	0.324791	0.0720086	0.315117	-0.00969746	-0.045127	0.0641283	-0.0448668	-0.013984	0.434348	0.0305046	-0.0138819	0.0965576	0.0162391	0.12796	0.161274	-0.027331	-0.0550404	0.196028	-0.0773034	0.00382284	0.495225	
0.227173	0.0420984	0.364706	0.0694283	0.315117	-0.00220214	-0.000260714	0.0297962	-0.0409693	-0.013984	0.434348	0.0305046	0.0167072	0.0965576	0.0318764	0.11933	0.072246	-0.0413962	-0.0505606	0.196028	-0.0640891	0.00756538	0.495225	0	
0.226891	0.0146821	0.374127	0.0694283	0.317694	-0.0176463	0.00929479	0.0650123	-0.0482243	-0.0114071	0.400659	0.0279277	0.0167072	0.0602145	0.00900765	0.149196	0.074823	-0.0490528	-0.0420418	0.202826	-0.0460556	0.00756538	0.495225	-0.0336726	0.00352077	
0.244028	0.0168755	0.298897	0.0886519	0.317694	0.00244546	-0.0279565	0.0108251	-0.0509507	-0.0114071	0.462627	0.0279277	-0.00563935	0.0602145	0.00900765	0.131653	0.104832	-0.0206763	-0.0420418	0.212459	-0.0467017	0.00994878	0.495225	
0.244028	0.0152022	0.359288	0.0886519	0.300528	0.00923749	-0.0117248	0.0439964	-0.0468389	-0.0114071	0.382094	0.0279277	-0.00563935	0.0602145	0.00900765	0.1152	0.0962785	-0.0206763	-0.0504097	0.213526	-0.0393817	0.00761903	0.495225	0.169027	0.00232975	0.0373409	0	
0.272083	0.0152022	0.359288	0.0863584	0.300528	0.00923749	4.82446e-05	-0.0112519	-0.0468389	-0.00453776	0.382094	0.0279277	-0.00616954	0.0514374	0.0200953	0.0906164	0.0792223	-0.0206763	-0.0453579	0.244521	-0.0440205	0.00761903	0.495225	
0.272083	0.00983805	0.403541	0.0863584	0.225017	0.0317801	-0.0261854	0.148905	-0.0403693	-0.00811075	0.40716	0.0279277	-0.0202975	0.0514374	0.0200953	0.119652	0.10125	-0.0313931	-0.0358326	0.242656	-0.0462525	0.0144579	0.436501	0	
0.239742	0.00161864	0.306296	0.0930562	0.326984	0.0317801	-0.0440536	0.18721	-0.0377258	-0.00811075	0.35138	0.0279277	-0.0143211	0.0387055	0.041227	0.119652	0.10125	-0.0355774	-0.0496958	0.139621	-0.072745	0.0144579	0.403246	
0.242392	0.000248965	0.21097	0.0842215	0.319915	0.0317801	-0.0143896	0.150566	-0.0439413	-0.00811075	0.35138	0.0279277	0.00752088	0.0430423	0.0373741	0.119652	0.142955	-0.0199802	-0.0496958	0.160421	-0.0750449	0.0144579	0.403246	0.00509218	
0.249354	0.0596184	0.18122	0.0842215	0.319915	0.0224418	-0.0652224	0.150566	-0.0535854	-0.00811075	0.35138	0.0279277	0.0127981	0.0713375	0.0256701	0.119652	0.124659	-0.0199802	-0.0496958	0.226408	-0.0738587	0.0144579	0.409207	
0.253712	0.0612847	0.350548	0.0870383	0.322711	0.0224418	-0.0607267	0.150773	-0.0525296	-0.0055206	0.35044	0.0251307	-0.00761171	0.046788	0.0302514	0.119652	0.127456	-0.0166538	-0.0511006	0.216927	-0.0402548	0.0155307	0.353473	
0.253712	0.0460421	0.381566	0.0870383	0.201089	0.00916025	-0.0405795	0.0858629	-0.0525296	-0.0055206	0.317307	0.0251307	-0.0383196	0.0959271	0.0302514	0.119652	0.133842	-0.00566574	-0.0511006	0.183063	-0.0402548	0.0094696	0.35172	-0.0731168	
0.254887	0.046759	0.501236	0.0882129	0.201806	0.0103349	-0.0249867	-0.0148802	-0.0417051	-0.00480368	0.339543	0.0255884	-0.035651	0.096644	0.038213	0.169244	0.134559	-0.0214923	-0.0503836	0.148972	-0.0540931	0.00124516	0.352894	-0.0461875	0.00963831	0	0	
0.242037	0.046759	0.427391	0.0882129	0.260641	0.0103349	-0.0412081	-0.0415708	-0.0425434	-0.00480368	0.339543	0.0255884	0.0410636	0.096644	0.038213	0.155474	0.135186	-0.0290441	-0.0503836	0.159022	-0.0479554	0.00708046	0.352894	0	
0.242037	0.0256989	0.623014	0.0882129	0.3658	0.0185911	-0.0506583	-0.0258904	-0.0580915	-0.00338752	0.339543	0.0255884	0.0429538	0.0996037	0.0443298	0.155474	0.135186	-0.0195178	-0.0483817	0.16415	-0.0479554	0.00451574	0.344026	0.291871	0.0117454	
0.248736	0.0367676	0.623014	0.0778817	0.3658	0.0275651	-0.0535042	0.0320707	-0.056028	-0.00546129	0.339543	0.0255884	0.0133167	0.0918669	0.0443298	0.143034	0.132832	-0.0339502	-0.038837	0.284278	-0.0596328	0.00451574	0.405772	0.302202	0	
0.253112	0.0367676	0.575381	0.0633502	0.292573	0.0275651	0.0381717	0.0320707	-0.0570653	-0.00546129	0.339543	0.0255884	0.00364883	0.108126	0.0433968	0.111984	0.0943472	-0.0352328	-0.049841	0.228895	-0.0596328	0.00451574	0.403173	0.2143	
0.263093	0.0279533	0.569286	0.0723803	0.311938	-0.0141353	-0.0269594	-0.0670286	-0.0563409	0.00491022	0.352518	0.0255884	-0.0041374	0.108126	0.0433968	0.203029	0.0973898	-0.0441772	-0.045797	0.232078	-0.0628575	-0.0103821	0.403173	0.197901	
0.263093	0.0216026	0.721787	0.0723803	0.327868	-0.0122929	-0.0103527	-0.0165286	-0.0559049	0.0111027	0.363599	0.0219515	-0.0239334	0.116916	0.0237758	0.179637	0.102616	-0.0140065	-0.04216	0.155779	-0.0730384	-0.0154811	0.403173	0.197901	
0.249498	0.0216026	0.661708	0.05283	0.378337	-0.0147185	0.0356495	-0.0293942	-0.0562053	0.00897817	0.352389	0.0216511	-0.0257314	0.139969	0.0276819	0.179337	0.149937	-0.0158335	-0.0399384	0.155025	-0.0844156	-0.0157815	0.479236	0.198397	-0.0721168	
0.249498	0.0166852	0.288012	0.0538483	0.204803	-0.0179113	0.0755407	-0.00946017	-0.0562053	0.010014	0.342276	0.0216511	0.0189614	0.140608	0.036412	0.110724	0.135209	-0.0228935	-0.0410327	0.132883	-0.0749497	-0.0157815	0.347564	0.325037	
0.269106	0.0156665	0.496211	0.0538483	0.226342	-0.0179113	0.0355168	-0.0147521	-0.0593933	-0.00115702	0.332476	0.0226698	0.0189614	0.139589	0.036412	0.0969736	0.115203	-0.014273	-0.0222209	0.185727	-0.0766024	-0.0157815	0.235325	0.237009	0	0.0660063	-0.0109915	0.0174424	
0.269106	0.0156665	0.347746	0.0445725	0.226342	-0.0179113	0.0954878	-0.0431683	-0.0552994	-0.00115702	0.332476	0.0226698	0.00958117	0.139589	0.0262728	0.104203	0.0778748	-0.014273	-0.0434991	0.194395	-0.0720638	-0.0157815	0.235325	0.246284	
0.269106	-0.00596895	0.417678	0.0452603	0.226342	-0.015768	-0.01357	-0.027337	-0.0499422	-9.84936e-05	0.357415	0.0226698	0.000986636	0.0984673	0.0262728	0.135634	0.124783	-0.014273	-0.0296976	0.145024	-0.0720638	-0.0133711	0.235325	0.245597	0	
0.272807	0.00590844	0.365811	0.0452603	0.233979	-0.0213599	0.0103046	0.0104554	-0.0499422	-0.00688034	0.388718	0.0261435	0.01562	0.0949936	0.0262728	0.13106	0.121309	-0.014273	-0.0529052	0.128341	-0.0755374	-0.0133711	0.213079	0.307861	
0.272807	0.00590844	0.3552	0.0452603	0.20669	-0.0192434	-0.00735292	0.0188616	-0.0592374	-0.00401895	0.361035	0.0261435	0.0122851	0.0949936	0.0262728	0.170818	0.121309	-0.0236186	-0.0522856	0.107944	-0.0755374	-0.0133711	0.206572	0.312404	0	
0.274895	0.00590844	0.463408	0.0473475	0.20669	-0.0171562	-0.0261362	-0.00963638	-0.0516514	0.00236858	0.363123	0.0282307	-0.0329058	0.0949936	0.0283332	0.186535	0.154258	-0.0210503	-0.0447648	0.152783	-0.0661405	-0.0112839	0.256146	0.300439	0.0125171	
0.251522	-0.00270005	0.6399	0.0473475	0.198942	-0.0231187	0.0157212	0.126233	-0.0501238	0.00113234	0.299386	0.0282307	-0.0146208	0.0949936	0.0283332	0.186535	0.190533	-0.0210503	-0.0506994	0.24517	-0.0708336	-0.00541796	0.259016	0.324991	
0.251522	-0.0019084	0.551837	0.0898687	0.159867	-0.0231187	-0.0532104	0.143907	-0.0459892	-0.00150972	0.311778	0.0282307	-0.0227747	0.0821158	0.0313167	0.16511	0.17323	-0.0239173	-0.0468245	0.240321	-0.077899	-0.0135987	0.259016	0.207123	
0.251522	0.0294392	0.690658	0.0869197	0.165315	-0.0206479	-0.02755	0.149472	-0.0456972	0.00393851	0.311778	0.0227825	-0.0227747	0.087564	0.0352106	0.141731	0.178678	-0.00633532	-0.052385	0.0904959	-0.0327258	-0.00125065	0.259016	0.280721	0.0279172	-0.0013966	-0.0231546	0	0	-0.0227825	0	0	0	0	
0.246393	0.00329261	0.632843	0.0869197	0.160752	-0.0206479	-0.02755	0.18039	-0.0598894	0.00381218	0.311778	0.0227825	-0.0143221	0.087564	0.0352106	0.143185	0.238575	-0.00633532	-0.0467625	0.232384	-0.0327258	-0.00373264	0.259016	0.280721	0.0633408	-0.0328799	0	0.0467208	-0.0623441	
0.246393	0.00329261	0.662836	0.0869197	0.166402	-0.0155463	0.0225243	0.112659	-0.0584756	0.262161	-0.00415193	0.343852	0.0227825	0.0223534	0.0721828	-0.00439693	0.0851605	0.238575	0.0101851	-0.0410137	0.205709	-0.0448668	0.0352106	0.259016	
0.24507	0.0370439	0.628705	0.0855972	0.218074	-0.00545991	-0.0246743	0.0448657	-0.0627914	-0.00415193	0.34253	0.02146	0.0465259	0.0595956	-0.00571938	0.179596	0.215061	0.0155387	-0.0387572	0.19297	-0.0448668	0.0129569	0.257693	0.209258	0	
