0.0191936	0	0.280023	0.00678529	0.0153689	0.0343446	0.265447	0.330676	0.0131836	0.0231852	0.355327	0.233451	0	0	0	0	0	0	0	0	0	0	0	0	0	0	0	0	0	0	0	0	0	0	0	0	0	0	0	0	0	0	0	0	0	0.0430255	0	0	0	0	0	0	0	0	0	0	0	0	0	0	0	0	0	0	0	0	0	0	0	0	0	0	0	0	0	0	0	0	0	0	0	
0.0216954	0	0.280023	0	0.0248734	0.0343446	0.265447	0.330676	0.0131836	0.0231852	0.302344	0.233116	0.0727707	0.0168864	0.0264454	0.017141	0.040401	0.00938931	0.0158794	0	-0.00950444	-0.029397	0	-0.0361571	0.0378877	0	0.047828	0.118345	-0.03232	0.0526599	0	-0.011434	0.0699661	0.0540553	-0.0198451	0.0309529	0	-0.00799699	0.0784629	0	0	0	-0.084908	-0.0208297	-0.00971427	
0.0216954	0	0.261311	-0.0213936	0.0153689	0.0343446	0.247168	0.330676	0.0131836	0.0231852	0.199391	0.233116	0.0168584	0.0260672	0.123238	-0.00217562	0.0800781	-0.0822095	-0.0359612	0	-0.029397	-0.0705317	0.196226	-0.00422324	0.0453475	0	0.227478	0.115793	0	0.0190286	
0.0259329	0	0.261311	0.0260672	0.0153689	0.0343446	0.181867	0.330676	0.0131836	0.0231852	0.221169	0.239888	0.0173098	0.0800781	-0.0264481	0.0432399	-0.00890742	-0.0176112	-0.0795472	-0.038213	0.0362446	0	0.0190286	0.141271	0	
0.0259329	-0.000265983	0.204669	0.0588205	0.0246247	0.0343446	0.238375	0.330676	0.0131836	0.00977737	0.211757	0.239888	0.0173098	0.0800781	0.0153425	0.0218946	-0.0250172	-0.0259687	0	-0.0517611	-0.0176282	-0.0194283	-0.00999182	-0.0240537	0.0231852	0.710273	
0.0193249	-0.00767532	0.218772	0.0255697	0.0250616	0.0347278	0.117959	0.33106	0.0131299	-0.00126061	-4.9956e-05	0.230174	0.5425	0.0853009	0.0331579	-0.0158469	-0.0255856	0.0167602	0	0.0516614	-0.00525225	0.109782	0.0157794	0.0231852	0.351566	
0.0176144	-0.00767532	0.218772	0.0734899	0.027145	0.0347278	0.209434	0.32601	0.0131299	-0.0146545	-0.00992283	0.230174	0.0231852	0.0331579	-0.00240508	-0.0287657	0.0505016	0.351566	0.00883299	0.0161462	0.0581766	0.381686	
0.0212578	-0.0109158	0.218772	0.0486471	0.0104562	0.0336903	0.198689	0.296098	0.0120924	0.0148632	0.0487293	0.230174	0.0231852	0.0135229	-0.0162935	-0.0190736	-0.0117121	0.351566	0.00883299	0.0327711	0.100422	0.46018	
0.0319793	-0.0298273	0.282351	0.0192279	0.0131104	0.0336903	0.168371	0.274281	0.012986	0.0178262	0.0265625	0.21803	0.00230158	0.0381539	-0.00479465	-0.000663626	-0.00965003	0.066991	0.32717	0.0148252	0.0609196	0.011403	0.386322	
0.0319793	-0.0340544	0.272923	0.0434256	-0.000631403	0.0336903	0.205806	0.274281	0.012986	0.0178262	0.0210185	0.221898	0.00230158	0.000718118	-0.0114497	0.10664	0.0246431	0.258006	0.0148252	0.00619127	-0.00682211	
0.0319793	-0.0340544	0.239423	0.035857	8.95416e-05	0.0336903	0.192555	0.274281	0.012986	0.0190881	0.0557946	0.221898	0.00230158	0.00896453	-0.0176452	0.11436	-0.0725065	0	0.0013116	0	-0.0305174	0	0.0394137	0.258006	0.0152287	0.062206	
0.0283667	-0.0404836	0.238934	0.0694732	0.00139531	0.0336903	0.157496	0.274021	0.012986	-0.00763951	-0.00584839	0.224778	-0.00467569	-0.0239484	-0.0241265	0.119078	0.324985	-0.0354851	-0.0129796	-0.00822772	0.0418749	
0.0283667	-0.0371998	0.188241	0.0406482	0.0113685	0.0369741	0.214317	0.263545	0.0162699	-0.00763951	0.00113087	-0.00467569	-0.0481406	-0.0245738	0.119078	0.00700315	0.017828	0	0.217153	0.252758	-0.0314709	
0.0283667	-0.0432275	0.222658	0.0402039	-0.0032468	0.0369741	0.219455	0.301294	0.0162699	-0.00763951	0.0153025	-0.00467569	-0.0342828	0.0983288	-0.0245738	0.201975	-0.0115257	-0.0105272	0.296352	0	
0.0259229	-0.0541717	0.242929	0.0368797	0.0171972	0.0271632	0.243106	0.2724	0.0129457	-0.0083478	0.00181115	0.0675184	0.142882	-0.0157556	0.209556	0.0457362	-0.0115804	0.296352	-0.0133715	0	
0.0177234	-0.0541717	0.222999	0.0439361	0.0187739	0.0271632	0.249118	0.240293	0.0129457	0.0115361	0.0123859	-0.0437554	0.142882	-0.0136716	0.209556	0.0170794	-0.00176838	0.175937	-0.00219699	
0.035332	-0.04537	0.190467	0.0195307	0.0168037	0.0271632	0.421511	0.303374	0.0129457	-0.01529	0.0123859	-0.0443159	0.126895	-0.0118804	0.209556	0.00975732	-0.0073923	0.242511	-0.018894	0.0334819	-0.013886	
0.0194842	-0.0468951	0.229817	0.0209618	0.0288614	0.0254405	0.405355	0.241998	0.0105302	0.00388817	0.0202926	0.0905365	0.213451	-0.0111876	0.189391	-0.0172223	0.0270806	0.271625	-0.0138621	-0.0268109	
0.0160097	-0.0494501	0.230151	0.0148343	0.0377002	0.0290678	0.364802	0.189304	0.0101964	-0.00366005	0.0112421	0.0647468	0.169142	-0.0108538	0.189724	-0.00620747	0.0242112	0.43322	-0.010719	0.0790927	0.0424247	
0.0160097	-0.0561496	0.230151	0.0286777	0.00718634	0.0223683	0.354069	0.191735	0.00349686	0.00707303	0.000290933	-0.0701702	0.194063	-0.00625075	0.228869	0.0551007	0.0182423	0.365484	-0.0131507	
0.0160097	-0.0552597	0.172387	0.0249662	0.00718634	0.0223683	0.51253	0.227529	0.00349686	0.00777348	0.00456543	-0.0984801	0.278506	0.0107302	0.194856	0.0171823	0.0182423	0.260913	0.0162067	
0.0231981	-0.0498732	0.20046	0.0180247	0.0376272	0.0213614	0.453751	0.227529	0.00349686	0.0153073	0.00557239	-0.0761459	0.249303	0.0187962	0.205197	0.0586669	0.0166663	0.313355	0.00735738	
0.0231981	-0.0472652	0.30571	0.021164	0.0252508	0.0245007	0.406554	0.230668	0.00602632	0.0159171	0.00499352	-0.0751103	0.187572	0.0308364	0.205807	0.038797	0.0198056	0.407148	0.00796722	0.0273155	
0.0216928	-0.0426659	0.259868	0.0234069	0.022536	0.0245007	0.230724	0.299511	0.00874109	0.0132024	0.00539765	-0.0850541	0.140145	-0.00314884	0.203092	0.0471777	0.0198056	0.388936	0.00414291	0.0288209	-0.0168406	0	
0.0164605	-0.0557649	0.249996	0.038738	0.022536	0.0251805	0.277854	0.362815	0.00874109	0.00242754	0.00533113	-0.0863092	0.166421	-0.00314884	0.203092	0.0619136	0.0206326	0.273012	0.0130291	-0.00490289	0	
0.0144847	-0.0532461	0.264205	0.0249794	0.00859893	0.0251805	0.328543	0.362815	0.00874109	-0.00834791	0.0101891	-0.100585	0.15389	0.0203825	0.203092	0.0120122	0.0293502	0.242443	-0.0113365	
0.0260154	-0.0470297	0.242079	0.0635941	0.00141644	0.0251805	0.311109	0.362815	0.00874109	0.0158737	0.0101891	-0.0957285	0.235783	0.0214183	0.222125	0.0872798	0.0293502	0.254332	-0.012899	
0.0260154	-0.0295961	0.282145	0.0325711	0.00141644	0.0251805	0.244265	0.358856	0.00874109	0.0158737	0.00875972	-0.0951428	0.18994	0.0402123	0.216551	0.017085	0.0293502	0.254332	-0.0306361	-0.0162848	0	
0.0174043	-0.0295961	0.282145	0.0937726	0.00141644	0.0251805	0.246806	0.358856	0.00874109	0.028081	0.00875972	-0.0929598	0.0690583	0.0585568	0.238892	0.0301838	0.0404663	0.285486	-0.0335245	-0.044406	-0.0179999	
0.0174043	-0.0277115	0.282145	0.0830216	0.0110154	0.0265241	0.242765	0.3602	0.0100846	0.0321224	0.00875972	-0.0772064	0.0508191	-0.0335245	0.238892	-0.0170474	0.0381576	0.207483	0.209282	
0.0289998	-0.0277115	0.23933	0.0830216	0.0110154	0.0282402	0.330026	0.3602	0.0100846	0.0150358	0.00704359	-0.111836	0.0537239	-0.0472866	0.296434	0.228	0.0471464	0.0381576	
0.0289998	-0.0408846	0.300817	0.104637	0.0110154	0.0282402	0.276503	0.367564	0.0100846	0.0231302	0.00382282	-0.119989	0.0537239	-0.0273462	0.169313	0.289173	0.0623159	0.0381576	0.00646919	
0.024637	-0.0432993	0.371432	0.118402	-0.00392449	0.027637	0.259807	0.366999	0.00951952	0.0231302	0.0038609	-0.122808	-0.0285308	-0.0340527	0.148536	0.289173	0.0449522	0.0359339	0.0511736	
0.024637	-0.0465454	0.371432	0.118402	-0.00392449	0.027637	0.305224	0.366999	0.00951952	0.013553	0.0038609	-0.121922	0.0234533	-0.0359774	0.148536	0.254996	0.10593	0.032334	
0.024637	-0.0465454	0.369839	0.0685589	0.00450182	0.027637	0.259318	0.366999	0.011113	-0.0218932	0.00345685	-0.124395	0.0781102	-0.0346086	0.132804	0.221692	0.0616523	0.0364479	0.00773462	
0.0344409	-0.0470024	0.363612	0.0393742	-0.010449	0.0217312	0.289228	0.366999	0.011113	-0.00365155	0.00868005	-0.11917	0.0724786	-0.0272509	0.0528163	0.232343	0.0450596	0.0356825	0.0138907	0.00799098	
0.0189624	-0.0514024	0.40341	0.0434068	-0.0126052	0.0229859	0.305501	0.366999	0.0132692	-0.0220812	0.0103652	-0.120292	0.0529299	-0.0483346	0.103389	0.230187	0.117607	0.0549374	-0.0578243	
0.0427588	-0.0514024	0.283454	0.015722	0.00119207	0.0229859	0.290132	0.366999	0.0132692	-0.0220812	0.0103652	-0.118314	0.0697533	-0.0410017	0.103389	0.230187	0.114082	0.0549374	
0.0427588	-0.0520498	0.283454	0.0434126	0.00119207	0.0229859	0.279779	0.378442	0.0132692	0.00530457	0.0138139	0.0848369	0.114078	0.264634	0.242865	0.0401366	-0.0455388	
0.0143014	-0.0552999	0.228193	0.0817944	0.00285426	0.0229859	0.2789	0.378442	0.0130573	0.00639605	0.160075	0.0228862	0.0903791	0.104325	0.227496	0.0484497	0.231325	-0.0378235	0.0361905	
0.026728	-0.0552999	0.232599	0.0465944	0.0128393	0.0229859	0.287984	0.378442	0.0107201	-0.000351507	0.212445	0.0228862	0.0825137	0.0663512	0.0484497	0.233662	-0.0415451	
0.0290964	-0.0556483	0.232599	0.0415893	0.0128393	0.0210188	0.230015	0.4129	0.0107201	0.0150326	0.183564	0.0216123	0.0294422	0.0663512	0.0484497	0.243174	-0.0345115	-0.0614181	-0.0391883	
0.0290964	-0.0545933	0.234766	0.0415893	0.0182331	0.0210188	0.273514	0.4129	0.0107201	0.0150326	0.230531	0.0216123	0.0294422	0.0663512	0.067416	0.239185	0.127813	0.013283	-0.0298516	-0.00539375	0	
0.0289596	-0.0495565	0.230239	0.0692726	0.0191927	0.0211556	0.280446	0.394474	0.0107201	-0.00894904	0.27767	0.0214754	0.047787	0.045591	0.0689255	0.2063	0.0118067	0.158891	-0.0489413	0	-0.0259605	-0.000704159	
0.0342918	-0.0475331	0.257477	0.0861519	0.013195	0.0211556	0.212426	0.404421	0.0107201	-0.00894904	0.115216	0.0214754	0.0719937	0.045591	0.0775316	0.227385	-0.00948768	-0.0271449	-0.0235427	
0.0342918	-0.0527154	0.363397	0.0889475	0.0109196	0.0211556	0.181992	0.370791	0.0107201	0.0214845	0.0833528	0.0214754	0.0933415	0.045591	0.0571637	-0.0201002	0.239506	
0.0327785	-0.0510127	0.363397	0.11555	-0.00333682	0.022669	0.207394	0.370791	0.0107201	0.0214845	0.0833528	0.0240735	0.0863175	0.045591	0.0672528	0.00436863	0.0135808	0.249374	
0.0327785	-0.0596564	0.333677	0.0560069	-0.00333682	0.0209975	0.230854	0.345635	0.00904862	-0.00197623	0.143274	0.0185045	0.123397	0.042684	0.0605105	0.000418107	0.272797	
0.0275476	-0.0596564	0.405495	0.0607688	0.0112707	0.0234678	0.222442	0.345635	0.00904862	-6.96871e-06	0.120736	0.0224989	0.0836582	0.0392957	0.0961149	-0.0304194	0.255694	0	
0.0226191	-0.0615821	0.344849	0.0607688	0.0166813	0.0199188	0.170792	0.359147	0.00904862	0.0256969	0.110582	-0.0215686	0.0222894	0.0777601	0.0451652	0.0961149	0.255694	
0.016156	-0.0564735	0.36016	0.0607688	0.0201045	0.0199188	0.272956	0.359147	0.00910916	0.0215553	0.0180366	-0.0216291	0.0222894	0.0805089	0.0346415	0.0939305	0.240574	0.0528767	0	
0.0122965	-0.0532858	0.258619	0.0607688	0.00898501	0.0237784	0.272956	0.384052	0.00910916	0.0215553	0.00113698	-0.0270304	0.0399379	0.039058	0.0283061	0.112754	0.232069	
0.0367901	-0.0623371	0.227747	0.0242507	0.0144672	0.0237784	0.190057	0.384052	0.00910916	0.0336108	0.00526144	-0.0270304	0.0399379	0.0741416	0.0283061	0.112754	0.232069	0.0220025	
0.0300685	-0.0573488	0.227747	0.0288719	0.00702092	0.0237784	0.177019	0.384052	0.00910916	0.0586595	0.00935361	-0.0196824	0.0399379	0.0647561	0.0344631	0.112754	0.194452	0.0146692	0.0179046	0	0	
0.0354779	-0.0574673	0.227747	0.0597004	0.00702092	0.0237784	0.256525	0.384052	0.00910916	0.0136069	0.0379142	-0.0169432	0.0399379	0.0627612	0.0184612	0.112754	0.196561	
0.0354779	-0.0563086	0.207699	0.0473482	0.00702092	0.0249371	0.158891	0.40849	0.0102679	0.0321054	0.0423799	-0.0163431	0.032705	0.0452068	0.0141174	0.113913	0.228391	
0.0354779	-0.0534198	0.216428	0.0396867	0.00566177	0.0249371	0.233703	0.391033	0.0102679	0.0236578	0.124112	-0.0295169	0.032705	0.0257907	0.0100512	0.10954	0.217329	0.0329738	
0.0286804	-0.0572106	0.183373	0.0316413	0.0050003	0.0249371	0.193541	0.391033	0.0102679	0.0236578	0.142596	-0.0318926	0.0364652	0.0503198	0.0192319	0.108143	0.239076	0	0	
0.0349397	-0.0572106	0.170088	0.0304512	0.0147337	0.0210065	0.270278	0.391033	0.0102679	0.0228169	0.194923	-0.0340404	0.0403957	0.104953	0.0243515	0.108143	0.239076	-0.0318075	
0.0349397	-0.0581879	0.254908	0.0352975	0.00909774	0.0200292	0.243389	0.390055	0.00929056	0.0497062	0.160796	-0.0282349	0.0403957	0.107855	0.0194965	0.130369	0.209203	0	
0.0365338	-0.0478011	0.250213	0.0215315	0.00747211	0.0188845	0.241375	0.405565	0.00960326	0.0498428	0.181098	-0.0333257	0.0406064	0.105171	0.0345233	0.119156	0.204616	0.0013841	0.0136366	
0.0192044	-0.033488	0.250213	0.0161763	0.00747211	0.0201567	0.239903	0.405565	0.00960326	0.0454518	0.237746	-0.0333257	0.0393343	0.0900074	0.0338268	0.131963	0.241552	0.0507413	
0.0192044	-0.0452093	0.280943	0.0247821	0.00747211	0.0201567	0.250861	0.410035	0.00960326	0.0313696	0.305249	-0.0187142	0.0439235	0.0976437	0.0244345	0.131963	0.241552	0.00782821	0.0605254	
0.0192044	-0.0452093	0.329451	0.0292093	0.00761664	0.0201567	0.255915	0.377554	0.00945872	0.0315142	0.247733	-0.0243093	0.0541605	0.0304962	0.0461879	0.131963	0.262935	-0.0359613	0.077576	-0.0167269	
0.0365631	-0.0443061	0.414162	0.0292093	0.00761664	0.0201567	0.409183	0.377554	0.00945872	-0.0024349	0.247733	-0.0120958	0.0579846	0.0498024	0.0461879	0.104702	0.262876	-0.0332338	0.243943	-0.0680289	
0.0260431	-0.047948	0.400675	0.0365546	0.00724865	0.0201567	0.395009	0.377554	0.00945872	-0.0036497	0.197866	0.00910001	0.0492702	0.0364326	0.0417904	0.104702	0.279708	-0.0137989	0.243943	0.0234668	
0.0293122	-0.0399563	0.400675	0.0196482	0.00724865	0.0201567	0.389388	0.397839	0.00945872	0.0019719	0.135473	-0.0108815	0.0461172	0.0144719	0.0417904	0.101723	0.240852	0.080141	0.297446	0.0602842	
0.0293122	-0.0381183	0.433754	0.0361439	-0.012097	0.0201567	0.374274	0.389835	0.00945872	0.0170858	0.137084	-0.0340166	0.0461172	0.0533565	0.0461769	0.093882	0.221573	0	0.300603	
0.0245816	-0.0381183	0.318032	0.0101887	2.98466e-06	0.0201567	0.378719	0.389835	0.00945872	0.132054	0.0145501	-0.0363587	0.0461172	0.0407683	0.0461769	0.093882	0.221573	0.333694	
0.0327272	-0.0418994	0.318032	0.0499574	2.98466e-06	0.0201567	0.479634	0.364219	0.00945872	0.0985354	0.0145501	-0.0363587	0.0461172	0.0344189	0.0193739	0.0827467	0.22826	0.38378	-0.041564	
0.0330909	-0.0551702	0.318032	0.0553149	0.000515915	0.0201567	0.374817	0.397605	0.00945872	0.16978	0.0145501	-0.0366753	0.0461172	0.0220213	0.0336904	0.0931084	0.22826	0.38378	0	
0.0347457	-0.0497471	0.318032	0.043015	0.0169825	0.0201567	0.349825	0.365707	0.00945872	0.121734	0.0395418	-0.0366753	0.0461172	-0.00223211	0.0336904	0.0811653	0.22826	0.42938	0	0	
0.0347457	-0.0465956	0.309387	0.0441676	0.00252466	0.0201567	0.295028	0.365707	0.00945872	0.0786626	0.000842384	-0.04128	0.0577728	0.0324752	0.0457407	0.0908641	0.213809	0.408343	-0.0305306	0	
0.0256062	-0.0523219	0.254109	0.0501034	0.00252466	0.0215179	0.310339	0.404205	0.01082	0.0934461	0.00136856	-0.0434643	0.0402623	0.0165654	0.0478681	0.0975501	0.232506	0.38259	-0.023983	0	
0.0303939	-0.0523219	0.254109	0.0364809	0.00252466	0.0215179	0.232379	0.372552	0.01082	0.138915	0.00647401	-0.0412474	0.0402623	0.0537451	0.0253473	0.0855109	0.232506	0.38259	
0.0209682	-0.0523219	0.258016	0.0475236	0.00252466	0.0215179	0.251153	0.411037	0.01082	0.0724567	0.0110051	-0.0284592	0.0402623	0.0848796	0.0356453	0.0860482	0.232506	0.376233	
0.0209682	-0.0579855	0.278937	0.0218411	0.00252466	0.0215179	0.350812	0.377379	0.01082	0.10548	0.0110051	-0.0298964	0.0402623	0.120513	0.0219811	0.084345	0.232506	0.42889	
0.0194531	-0.0545186	0.277682	0.0203988	-0.0116967	0.0215179	0.226102	0.377379	0.01082	0.0326586	0.000617052	-0.0298964	0.0273718	0.0149759	0.0333303	0.0822027	0.216393	0.474486	0	
0.0231609	-0.0581309	0.277682	0.0605074	-0.00662121	0.0215179	0.197737	0.399023	0.01082	0.07086	0.0381971	-0.0201469	0.0273718	0.0982003	0.0497503	0.0860383	0.22412	0.473378	
0.0194879	-0.0392629	0.207928	0.0304361	-0.0134793	0.0215179	0.215148	0.396382	0.01082	0.0436272	0.020786	-0.0343958	0.0263403	0.0966677	0.0546035	0.0860383	0.207707	0.418055	
0.0194879	-0.0406797	0.219781	0.0258491	-0.0146478	0.0169309	0.237847	0.375427	0.00623295	0.166403	0.0146973	-0.0389561	0.0496577	0.0389839	0.0385371	0.0814512	0.194318	0.418055	
0.0225893	-0.0470903	0.208245	0.0271603	0.0043487	0.0138295	0.212222	0.375427	0.00623295	0.0620554	0.0400577	-0.0389561	0.0527591	0.0213676	0.0359336	0.0509064	0.197134	0.402498	-0.0345452	
0.0331635	-0.0514415	0.210199	0.0138782	0.00186784	0.0094784	0.198579	0.393068	-7.27062e-05	0.115212	0.034118	-0.0346692	0.0527591	0.0437555	0.0378882	0.0449212	0.199088	0.490937	0.067698	
0.0372001	-0.0523903	0.27957	0.0588017	-0.000255924	0.0094784	0.211689	0.3589	-7.27062e-05	0.162286	0.034118	-0.0411621	0.0527591	0.0437555	0.0570423	0.0327112	0.28515	0.490937	
0.0372001	-0.0558318	0.246964	0.0280705	-0.000255924	0.0094784	0.236177	0.3589	-7.27062e-05	0.00838802	0.0388172	-0.0226335	0.0527591	0.0850183	0.0336173	0.00457845	0.28515	0.53574	0	
0.0381291	-0.0552381	0.20453	0.0286642	0.00150925	0.0100721	0.275035	0.359494	0.000520975	0.108577	0.0499488	-0.0264757	0.0527591	0.0850183	0.0336173	0.00517213	0.297262	0.415004	0	0	
0.0381291	-0.0713287	0.207356	0.0286642	0.000517286	0.0100721	0.206073	0.359494	-0.00194906	0.118159	0.0496395	-0.0206338	0.0499076	0.0992366	0.0395307	0.0206934	0.299732	0.346077	0	
0.0420244	-0.0724097	0.15582	0.0511493	0.00521661	0.00522316	0.232492	0.375994	-0.00679798	0.124381	0.0173668	-0.0236968	0.0415239	0.0741624	0.0253255	-0.0207234	0.299732	0.3374	0.0361365	0	
0.0449722	-0.0653357	0.295715	0.0104771	0.00169992	0.00522316	0.191732	0.362264	-0.00679798	0.0387918	0.0342177	-0.00494071	0.0415239	0.057658	0.0226428	-0.0218531	0.293334	0.432539	0.0451987	
0.0435759	-0.0720923	0.295715	0.00472783	0.00763237	0.00661951	0.177731	0.362264	-0.00679798	0.0793668	0.0482187	0.0156491	0.0371272	0.00936823	0.0395063	-0.00733128	0.293334	0.359492	
0.0277668	-0.0769708	0.194795	0.000215403	-0.000652944	0.00623179	0.130178	0.362264	-0.00679798	0.0197316	0.0482187	0.0156491	0.0375149	0.0777412	0.0252827	-0.00273919	0.297805	0.389669	
0.0277668	-0.0671722	0.257982	-0.0038251	-0.0064921	0.00293122	0.13681	0.358963	-0.0100986	0.0695053	0.0382579	0.0214809	0.0227751	0.046238	0.0187908	-0.00434888	0.297805	0.372997	0	
0.0277668	-0.0716813	0.255469	-0.0167706	0.00885113	0.000806183	0.113384	0.356838	-0.0122236	0.0842147	0.052895	0.00480202	0.0227751	0.0732195	0.019447	0.0122608	0.297805	0.372997	
0.032919	-0.0696077	0.207976	0.00614017	0.00537552	-0.00122712	0.106862	0.364104	-0.0122236	0.0579981	0.0594169	3.80009e-05	0.027053	0.0479121	0.0367689	0.0228013	0.283978	0.372997	-0.0347957	-0.0393155	
0.0439516	-0.0696077	0.264678	0.00702405	0.00870375	-0.00122712	0.0979619	0.390423	-0.0155518	0.0312055	0.0627451	0.00336624	0.027053	0.0271723	0.0400971	-0.0210732	0.287306	0.364886	0.00696419	0.0241388	
0.0365491	-0.0696077	0.297804	-0.00125699	0.00544583	-0.00122712	0.199637	0.380993	-0.0155518	0.136432	0.0218138	0.00336624	0.0248176	0.0221836	0.0352307	0.0238106	0.287306	0.43481	0.293674	
0.0313285	-0.0763626	0.339814	-0.00951368	0.0115504	-0.00122712	0.202471	0.378453	-0.0155518	0.0800725	0.0189804	0.00300139	0.031319	0.0127794	0.0352307	0.0122711	0.289069	0.349194	
0.0258418	-0.0755021	0.30019	-0.00901585	0.0113002	-0.00122712	0.216264	0.378453	-0.0153016	0.0657128	0.00840027	-0.00899649	0.0206345	0.0531815	0.0548168	0.0122711	0.252401	0.395851	
0.0306061	-0.0755021	0.302446	0.00599292	0.0180623	-0.00122712	0.207272	0.378453	-0.0153016	0.056314	0.00979068	-0.00151025	0.0205718	0.084198	0.0548168	0.0217024	0.25019	0.426439	
0.0279474	-0.0735049	0.25059	0.00342761	0.0135166	0.00143156	0.154142	0.378453	-0.0153016	0.0911915	0.0287298	0.0127556	0.0187949	0.097319	0.042454	0.0172221	0.25019	0.451131	-0.00142671	0	
0.0279474	-0.0748938	0.273668	0.00342761	0.0109759	0.00143156	0.134881	0.406536	-0.0153016	0.195886	0.0479906	0.00150285	0.0202144	0.0789073	0.042454	0.0346987	0.215619	0.46164	0	
0.0279474	-0.076035	0.273668	0.00538954	0.0109759	0.00143156	0.182109	0.406536	-0.0153016	0.117548	0.0175801	0.00150285	0.0202144	0.0429836	0.0262719	0.0346987	0.215619	0.46164	-0.0451017	
0.0327478	-0.079104	0.273668	-0.00161276	-0.00459885	0.00143156	0.13685	0.406536	-0.0153016	0.128159	0.0309353	0.021753	0.0177058	0.0593053	0.0451911	0.0204698	0.215619	0.413439	0	
0.0327478	-0.0717004	0.223025	0.00693807	0.00480385	0.00143156	0.121113	0.406536	-0.0153016	0.107433	0.0457391	0.0180188	0.0177058	0.046288	0.0550995	0.00397435	0.222096	0.535914	-0.0122923	-0.0391246	
0.0418694	-0.0662825	0.211867	0.0242067	0.00468444	0.00143156	0.200206	0.406536	-0.0153016	0.0485763	0.032551	0.00292029	0.0177058	0.0584187	0.0558864	-0.0168569	0.222096	0.480657	0.0507742	0	0	0.00521807	0	
0.0418694	-0.0559963	0.314263	0.0242067	0.0216104	0.00143156	0.237556	0.406536	-0.0153016	0.157634	0.00720272	0.00614896	0.0286592	0.0645655	0.0341516	-0.0412436	0.222096	0.416514	0.0312753	-0.0124726	
0.0230777	-0.0656297	0.297636	0.0242067	0.00627003	8.42364e-05	0.154027	0.399211	-0.0153016	0.199051	-0.00769088	0.00831634	0.0339466	0.0659128	0.0407622	-0.042384	0.222096	0.429431	
0.0430506	-0.0597862	0.233488	0.00348367	0.00922287	8.42364e-05	0.180476	0.410068	-0.0182544	0.155546	0.0231469	-0.0126657	0.0339466	0.0328514	0.0267172	-0.0465008	0.203902	0.540599	
0.0430506	-0.063156	0.237483	0.0203254	0.023568	0.00196415	0.252701	0.440875	-0.016386	0.0791481	-0.00610702	-0.0332265	0.031873	0.0793685	0.0251925	-0.0285923	0.206339	0.485099	
0.0299661	-0.0524885	0.209354	0.0204383	0.0211103	0.00207709	0.142964	0.440988	-0.0162731	0.0869803	0.0191237	-0.0142197	0.031873	0.083384	0.0270634	-0.0109404	0.206339	0.412695	
0.0299661	-0.0639487	0.257942	0.00251558	0.0194041	0.00207709	0.317642	0.440988	-0.0162731	0.133477	-0.00951012	-0.0117925	0.0323298	0.0565411	0.0303745	-0.0257961	0.206339	0.435783	
0.0299661	-0.045658	0.188216	0.0304697	0.028709	0.0047925	0.170063	0.454583	-0.0135576	0.171353	-0.00251235	-0.00275188	0.0323298	0.0575543	0.0285589	-0.0258331	0.219161	0.387085	
0.0299661	-0.0429188	0.244087	0.0204198	0.028709	0.0047925	0.181853	0.505719	-0.0135576	0.180132	0.0040231	-0.00410317	0.0323298	0.112016	0.0193232	-0.0265769	0.219161	0.398681	0	
0.0299661	-0.0400833	0.235183	0.0394477	0.0380375	0.0047925	0.248455	0.505719	-0.0135576	0.0922212	-0.0102383	-0.00410317	0.0323298	0.106875	0.0432864	-0.0145269	0.208502	0.367806	0.289471	0.0970303	
0.0383655	-0.0432868	0.256898	0.0570852	0.0375699	0.0047925	0.220273	0.492497	-0.01309	0.05615	0.00881041	-0.00851416	0.0323298	0.130385	0.0278445	-0.0298559	0.208034	-0.00315159	-0.0290595	0.336681	0.203464	0	0	
0.0383655	-0.0444977	0.256898	0.0271964	0.0375699	0.00289502	0.203569	0.512974	-0.0149875	0.150084	-0.0112333	-0.00134579	0.0323298	0.135542	0.0419212	-0.0317533	0.233021	0.418019	0.193943	
0.0302188	-0.0536818	0.258137	0.0272065	0.0388085	0.00633429	0.361113	0.512974	-0.0162261	0.148116	0.00726142	-0.00160701	0.0288906	0.1056	0.0278831	-0.0375088	0.219184	0	0.340065	0.232155	-0.023327	0	0.00779332	0.0162261	
0.0300891	-0.0614489	0.258137	0.0427883	0.0388085	0.0031646	0.295807	0.509675	-0.0195255	0.0713547	0.00726142	-0.016589	0.00618083	0.340065	0.0278831	-0.0427053	0	0.238208	0.239921	0.509675	0.117418	
0.0236611	0.290438	0.232486	0.0195838	0.0388085	0.0031646	0.133824	0.212823	-0.0195255	0.0516014	0.0301896	-0.0276008	0.0152601	0.345684	0.0178789	-0.0305335	-0.0603029	0.207061	0.509675	
0.0325618	0.256015	0.232486	0.0641363	0.022143	-0.00644412	0.0539238	0.201649	-0.0195255	0.0431716	0.00765656	-0.0434952	0.0280716	0.345684	0.011215	-0.0305335	-0.0537685	0.494901	0.19736	
0.0325618	0.298509	0.272858	0.0369529	0.0499818	-0.00644412	0.0689635	0.188313	-0.0195255	0.0712747	0.00765656	-0.0287635	0.0280716	0.413858	0.0293035	-0.0305335	-0.0499761	0.476094	0	0.242334	
0.0444524	0.19697	0.272858	0.0108639	0.0494362	-0.00644412	0.0652534	0.189303	-0.0195255	0.0277811	-0.0133059	-0.032655	0.0280716	0.456761	0.0406833	-0.0510959	-0.0499761	0.476094	0.226008	0	
0.057826	0.148898	0.272858	0.00124591	0.0335264	-0.00644412	0.134092	0.189303	-0.0195255	0.0369476	0.00176203	-0.030741	0.0280716	0.442181	0.0405811	-0.0542815	-0.0499761	0.0366406	0.44394	0.18838	
0.103586	0.230989	0.371679	0.0313828	0.031572	-0.00644412	0.277335	-0.0195255	0.0122788	0.0242462	-0.0201144	0.0335407	0.435088	0.0394536	-0.0608143	-0.0499761	0.0308711	0.428076	0.242825	
0.158894	0.247878	0.219752	0.028613	0.0313807	-0.00644412	0.185171	-0.0195255	-0.00167466	0.0301205	0.0149357	-0.0213427	0.0250434	0.438139	0.029741	-0.0608143	-0.0616945	0.0313987	0.428076	0.242825	-0.00644412	-0.0381248	
0.0903748	0.200791	0.305317	0.0270249	0.0369452	-0.00882074	0.0878441	-0.0195255	0.0816274	0.0179885	-0.0208279	0.0273598	0.438139	0.055566	-0.0564753	-0.0607201	0.0433609	0.422581	0.242825	
0.0909293	0.218015	0.261629	0.0361358	0.0202513	-0.00937532	0.131475	-0.0195255	0.000597055	0.219597	0.0455348	-0.01556	0.0279144	0.438139	0.055566	-0.0583042	-0.0733401	0.0317349	0.425582	0.041228	0	
0.161659	0.232824	0.243727	0.0219508	0.0222173	-0.00937532	0.134879	-0.0195255	0.0243397	0.238682	0.0433824	-0.0181049	0.0555997	0.438139	0.0514764	-0.0500723	-0.0709873	0.0354023	0.425582	0.0990189	
0.114101	0.178508	0.220701	0.0241454	0.0222173	-0.00937532	0.0927993	-0.0195255	0.0615632	0.219465	0.02842	-0.010673	0.0468745	0.311731	0.0532428	-0.0500723	-0.0622651	0.0354023	0.408702	-0.00976346	0.029537	
0.0705566	0.190021	0.260871	0.0475933	0.0222173	-0.00759317	0.113896	-0.0195255	0.0500937	0.219465	0.02842	-0.0118993	0.0535302	0.422148	0.0979264	-0.0500723	-0.0626328	0.0336202	0.408702	0.0824681	-0.0178146	
0.00850548	0.216652	0.27145	0.0156407	0.024986	-0.00759317	0.113896	-0.0195255	0.0879631	0.242336	0.0276394	-0.0327372	0.0535302	0.422148	0.102081	-0.0494933	-0.0724374	0.0336202	0.412423	0.0974098	
0.0502556	0.227856	0.232142	0.0743099	0.00699469	-0.00670434	0.117409	-0.0187318	0.196364	0.209115	0.0275368	-0.0199866	0.0440062	0.422243	0.108988	-0.0486045	-0.0715485	0.0357401	0.413312	0.0952898	
0.0307186	0.324754	0.254144	0.0604985	0.0157344	-0.00670434	0.171539	-0.0187318	0.138028	0.217949	0.0234703	-0.0360067	0.0516888	0.406731	0.126622	-0.0557408	-0.0714464	0.0159424	0.448129	0.0847903	0.00303676	
0.0315407	0.235224	0.218781	0.063949	0.0171533	-0.00670434	0.171539	-0.0201507	0.0765963	0.232712	0.0140973	-0.0265432	0.0516888	0.433067	0.128041	-0.0475188	-0.0695111	0.0336947	0.43743	0.0650685	
0.0406861	0.290405	0.347229	0.0542818	0.0171533	-0.00670434	0.160563	-0.0201507	0.132139	0.223812	0.0105193	-0.0265432	0.0533186	0.433067	0.111569	0.00826043	-0.0594169	0.0336947	0.429231	0.0457599	
0.0228597	0.25888	0.310188	0.0183282	0.0149201	-0.00670434	0.154091	-0.0229342	0.134922	0.245514	0.0238845	-0.012995	0.0533186	0.38127	0.111395	-0.00794111	-0.0594169	0.0302624	0.423548	0.0606354	0.0175101	0.00278349	
0.0513515	0.25888	0.242855	0.0175789	0.0149201	-0.00745361	0.143471	-0.0236835	0.174651	0.245514	0.0238845	-0.0215908	0.0533186	0.432439	0.111981	-0.00869038	-0.0632276	0.0279689	0.422799	0.062929	0.118923	0	
0.0513515	0.254574	0.250012	0.0331038	0.0141315	-0.00745361	0.143471	-0.0236835	0.139258	0.245514	0.0281903	-0.0191367	0.0489917	0.53212	0.115198	-0.00869038	-0.067631	0.0279689	0.422799	0.062929	0.0229103	
0.0398306	0.250857	0.24895	0.0304001	0.0141889	-0.00968089	0.159459	-0.0253251	0.115818	0.230882	0.0308453	-0.0254148	0.0485153	0.394252	0.148605	-0.00697424	-0.0698746	0.0217735	0.429246	0.0793853	0.0373797	-0.0203187	
0.0150395	0.208667	0.321152	0.0147476	0.0178378	-0.00968089	0.142798	-0.0253251	0.169692	0.230882	0.0345958	-0.0370899	0.0501414	0.443491	0.148605	-0.00368453	-0.0698746	0.0217735	0.420595	0.0793853	0.0188581	-0.0659839	
0.0713357	0.181538	0.318369	0.0147476	0.02079	-0.00968089	0.110169	-0.0253251	0.169692	0.230882	0.0379445	-0.021819	0.0501414	0.527999	0.152064	-0.00368453	-0.0807741	0.00988389	0.413107	0.100258	0.0158803	0.0845035	0.0821789	
0.0165362	0.226884	0.393985	0.0601141	0.0363185	-0.00968089	0.123936	-0.0253251	0.20474	0.230882	-0.00740185	-0.0325391	0.0501414	0.467677	0.153186	0.0105571	-0.0763331	0.0168539	0.413107	0.0932881	0.0158803	0	-0.0103343	
0.0346953	0.204165	0.378051	0.0315291	0.0422958	-0.00968089	0.106097	-0.0253251	0.241867	0.204836	0.0175871	-0.0432583	0.0501414	0.416934	0.163172	-0.0161317	-0.0796707	0.0283911	0.413107	0.0482725	-0.0616582	
0.109161	0.250694	0.308055	0.00675132	0.0216082	-0.00786716	0.107911	-0.0235114	0.21274	0.214544	0.0175871	-0.0366464	0.0460684	0.416934	0.174865	-0.014318	-0.0729066	0.0217435	0.414921	0.0549201	0.00220038	0	0	
0.111419	0.242756	0.318938	0.00675132	0.0242516	-0.00786716	0.107911	-0.0235114	0.193111	0.252915	0.0329547	-0.036694	0.0460684	0.416934	0.210496	-0.0316378	-0.0627902	0.0383431	0.372071	0.0383205	0.0738241	0	
0.0720517	0.259551	0.318938	0.00675132	0.0242516	-0.00786716	0.107911	-0.0235114	0.193111	0.252915	0.0120881	-0.036694	0.0374683	0.521429	0.210496	-0.0381626	-0.0684136	0.023774	0.343512	0.0528896	
0.063212	0.243731	0.305618	0.00675132	0.020909	-0.00786716	0.144089	-0.0235114	0.106379	0.269686	0.0276549	-0.0402673	0.0374683	0.601505	0.210496	-0.00891331	-0.0594411	0.0134833	0.338397	0.0631803	
0.0617039	0.15017	0.3111	0.0105017	0.0250487	-0.00786716	0.216264	-0.0235114	0.125054	0.269686	0.0275403	-0.0264739	0.0311729	0.611064	0.165946	-0.0221742	-0.0672137	0.0267209	0.338397	0.0499427	
0.00789424	0.143127	0.294039	0.0105017	0.0414798	-0.00762347	0.222587	-0.0235114	0.0663051	0.269686	0.0231996	-0.0264739	0.0233794	0.549406	0.17645	-0.0150085	-0.052691	0.0264772	0.338397	0.0499427	0	
0.0135052	0.19607	0.24043	0.0208035	0.0217527	-0.00762347	0.217022	-0.0235114	0.0663051	0.304355	0.0110646	-0.0335442	0.0233675	0.555222	0.14327	-0.00917467	-0.052691	0.0282391	0.338397	0.0714246	
0.057492	0.195652	0.286556	0.00355755	0.0131562	-0.00529749	0.142839	-0.0235114	0.113351	0.275653	0.00669852	-0.0281461	0.0210416	0.489031	0.174214	0.00100046	-0.0582294	0.0318227	0.347143	0.0826087	
0.0091446	0.137993	0.358677	0.0150126	0.0260237	-0.00529749	0.12136	-0.0235114	0.102329	0.275653	0.0395637	-0.0290799	0.0210416	0.552096	0.149453	-0.0181544	-0.0582294	0.0318227	0.347143	0.059473	0	0.0602666	0	-0.0262296	
0.0664377	0.219378	0.258874	-0.012715	0.0207315	-0.00529749	0.145316	-0.0235114	0.0819434	0.275653	0.0395637	-0.0296292	0.029497	0.552096	0.129097	-0.0110257	-0.0582294	0.0232464	0.347143	0.0554209	0.0216652	
0.0614372	0.208733	0.314824	0.0224033	0.037617	-0.00529749	0.135324	-0.0235114	0.0639291	0.290387	0.0249769	-0.00723997	0.029497	0.552096	0.134644	-0.00261283	-0.0676906	0.0232464	0.347143	0.0554209	-0.00300152	
0.0733194	0.23097	0.322641	0.00607555	0.0313734	-0.00529749	0.135324	-0.0235114	0.0639291	0.285759	0.0408829	-0.0219986	0.029497	0.540336	0.134644	0.0100787	-0.0716848	0.0232464	0.347143	0.0338495	0.0715551	
0.0455856	0.197195	0.263126	-0.00566864	0.0246595	-0.00529749	0.120497	-0.0235114	0.0590403	0.285759	0.0605096	-0.02387	0.0182922	0.580957	0.152762	-0.00564838	-0.0633288	0.0232464	0.330214	0.0758555	0	0	0.0359115	
0.0956724	0.166247	0.309237	-0.00566864	0.0229375	-0.00529749	0.183337	-0.0235114	0.0770087	0.285759	0.0605096	-0.0316709	0.0182922	0.604221	0.149473	-0.0214529	-0.0684484	0.0232464	0.34416	0.0758555	0.269919	0	0	
0.113488	0.229191	0.265536	0.0377061	0.0229375	-0.0109948	0.183337	-0.0235114	0.0565792	0.240597	0.0605096	-0.0316709	0.0303108	0.601188	0.155887	0.0142937	-0.0684484	0.036986	0.34416	0.0678132	0.00569732	
0.145065	0.232856	0.219804	0.00753015	0.0320715	-0.0101457	0.208275	-0.0234278	0.052575	0.241363	0.0612752	-0.0309054	0.0303108	0.61132	0.187269	-0.00139198	-0.0553019	0.036986	0.348565	0.0698532	
0.122904	0.202799	0.330761	0.0221139	0.0375753	-0.0101457	0.208275	-0.0234278	0.0550966	0.241363	0.0564132	-0.0295631	0.0303108	0.390801	0.179856	0.00625633	-0.0553019	0.0383045	0.348565	0.067702	
0.111919	0.160517	0.293674	-0.00628684	0.0589493	-0.0106517	0.208275	-0.0234278	0.101647	0.203769	0.0564132	-0.0224508	0.0308168	0.48108	0.143787	0.00334437	-0.0553019	0.024005	0.407064	0.0825075	0	0.0757523	0.0750199	
0.140793	0.160517	0.286789	0.015967	0.0589493	-0.015228	0.208275	-0.0234278	0.178401	0.213581	0.0564132	-0.0224508	0.035393	0.301009	0.166226	-0.00494891	-0.0553019	0.0285813	0.407064	0.0825075	
0.138989	0.160517	0.269371	0.0288476	0.0563111	-0.0111322	0.208275	-0.0234278	0.178401	0.220232	0.0564132	-0.0224508	0.0266367	0.477806	0.192765	-0.00348661	-0.0613658	0.0244855	0.407064	0.0825075	
0.138989	0.178504	0.245374	0.0563988	0.0563111	-0.0111322	0.174698	-0.0234278	0.172613	0.223209	0.0564132	-0.0142524	0.0229237	0.356056	0.192765	0.00436776	-0.0737406	0.0244855	0.436396	0.0945084	
0.112646	0.205695	0.248628	0.0521851	0.0563111	-0.0111322	0.165649	-0.0234278	0.165	0.223209	0.0564132	0.0318341	0.0299348	0.356056	0.145714	0.0213114	-0.0643032	0.0232244	0.436396	0.0608372	
0.112098	0.205517	0.26952	0.0527864	0.0535871	-0.00877971	0.138261	-0.0234278	0.0934875	0.223209	0.0636185	0.0102204	0.0275823	0.378762	0.186723	0.0213114	-0.0620382	0.020872	0.425953	0.0413279	
0.1424	0.222152	0.324854	0.0527864	0.0489729	-0.00877971	0.155057	-0.0234278	0.0934875	0.223209	0.0542522	0.00128745	0.0338198	0.378762	0.0956096	0.0213114	-0.063255	0.0194128	0.425953	0.0427871	-0.0165273	
0.1424	0.170234	0.303559	0.0253457	0.0489729	-0.00977649	0.15406	-0.0244246	0.11333	0.223209	0.0542522	0.0175439	0.0201498	0.311738	0.0956096	0.0100306	-0.0609502	0.0194128	0.424956	0.0427871	0	0	
0.1424	0.142958	0.303559	0.0601326	0.0489729	-0.00977649	0.15406	-0.0244246	0.045823	0.240109	0.0542522	0.0126273	0.0259314	0.438826	0.147707	0.0125503	-0.0574057	0.0358145	0.424956	0.0447514	0.00379165	0	0	
0.107158	0.245659	0.173688	0.0508577	0.0313579	-0.00977649	0.149148	-0.0244246	0.0659861	0.279624	0.0349259	0.0126273	0.0259314	0.438826	0.125224	0.0147851	-0.0544407	0.0196935	0.424956	0.0964666	
0.178445	0.224016	0.228336	0.0390788	0.0312345	-0.00977649	0.123669	-0.0244246	0.0483485	0.268072	0.0322165	0.0132249	0.0259314	0.438826	0.129425	-0.00102787	-0.0544407	0.0196935	0.460078	0.0777763	0.00138079	0	
0.0998932	0.234041	0.227918	0.0414144	0.0336207	-0.00977649	0.176524	-0.0240064	0.0947161	0.272757	0.0217733	0.00284858	0.0255095	0.438407	0.141278	-0.021178	-0.0544407	0.0211094	0.44323	0.0796608	
0.0310638	0.236385	0.227918	0.0820404	0.0336207	-0.00600555	0.176524	-0.0240064	0.0264689	0.272757	0.0096416	0.0274971	0.0217386	0.463492	0.16257	-0.0451819	-0.0581459	0.0206036	0.447354	0.0776164	-0.00421119	0	
0.019945	0.255565	0.199706	0.0820404	0.0336207	-0.00538851	0.204821	-0.0240064	0.0642237	0.272757	0.0223327	0.0274971	0.0187366	0.463492	0.16257	-0.0539928	-0.0621042	0.0398816	0.447354	
0.13884	0.172335	0.243792	0.0760065	0.02211	-0.00488598	0.254799	-0.0240064	0.0739827	0.272757	0.0382547	0.0274971	0.0224444	0.528451	0.201202	-0.0383324	-0.07398	0.0354075	0.447354	
0.106586	0.221343	0.289647	0.0642021	0.0217544	-0.00488598	0.194136	-0.0236508	0.104691	0.235716	0.0220098	0.0242868	0.0224444	0.442582	0.248164	-0.0302922	-0.0756265	0.0281414	0.447354	
0.0355788	0.226126	0.249784	0.0186426	0.0133088	-0.0114967	0.189317	-0.0284702	0.141543	0.259623	0.0220098	0.020215	0.0242358	0.395327	0.248164	-0.0506143	-0.0722423	0.0391424	0.427409	-0.021249	
0.0803339	0.263737	0.189365	0.0563878	0.0133088	-0.0114942	0.236394	-0.0284702	0.169512	0.259623	0.0112903	0.0163122	0.0312718	0.331888	0.243415	-0.0514559	-0.0813186	0.0387422	0.427409	-0.0171956	
0.138909	0.169079	0.242162	0.00492956	0.022661	-0.0114942	0.259966	-0.0284702	0.0738388	0.252666	-0.0109493	0.0393577	0.0197089	0.339367	0.201333	-0.0392989	-0.0797341	0.0387422	0.427409	
0.11408	0.132475	0.223118	0.0420395	0.0334194	-0.0097818	0.191987	-0.0284702	0.0738388	0.231311	0.0256552	0.0269709	0.0266217	0.339367	0.201333	-0.0472619	-0.0775752	0.0370297	0.427409	-0.0417193	0.0723914	0	
0.086764	0.203983	0.200223	0.00534659	0.043914	-0.0097818	0.254607	-0.0284702	0.050422	0.208219	0.0103613	0.0110273	0.0266217	0.433877	0.178901	-0.0537199	-0.0775062	0.0370297	0.420102	
0.086764	0.209421	0.200223	-5.43057e-05	0.043914	-0.0097818	0.254607	-0.0284702	0.0196947	0.260809	0.0199908	0.0129399	0.0266217	0.312329	0.118235	-0.0552443	-0.0775062	0.0370297	0.420102	0	0.0202934	
0.0891574	0.195621	0.283142	0.00322505	0.0274904	-0.00650244	0.276703	-0.0251908	0.039503	0.260809	0.00951615	0.0129399	0.0312082	0.34149	0.16831	-0.0498325	-0.0742268	0.0348928	0.414917	
0.0867634	0.223659	0.283142	0.0226233	0.0591307	-0.00500389	0.289251	-0.0251908	0.00817492	0.260809	0.0396939	0.0129399	0.0264026	0.400398	0.16831	-0.0377671	-0.0723984	0.0333942	0.414917	
0.0998375	0.244267	0.283142	-0.00328154	0.0274344	-0.00544563	0.262121	-0.0256326	0.107171	0.221874	-0.00194928	-0.00320808	0.0264026	0.510713	0.16831	-0.0393879	-0.0669534	0.0321542	0.390675	-0.00403601	0.0656578	
0.0967995	0.224153	0.210395	0.0357128	0.0389673	-0.00544563	0.25273	-0.0256326	0.0760586	0.222998	0.0181655	-0.00372026	0.0476647	0.48842	0.125806	-0.0343018	-0.0642505	0.0321542	0.390675	
0.112623	0.214864	0.22711	0.0527213	0.0164646	-0.00544563	0.212576	-0.0256326	0.0596896	0.289345	0.0274546	-0.0148834	0.0476647	0.38511	0.129069	-0.0272427	-0.0692571	0.0260954	0.390675	0.0436245	
0.109526	0.184751	0.233983	0.0201609	0.0422125	-0.00181776	0.209594	-0.0256326	0.0570777	0.289345	0.0367975	-0.0301316	0.0488948	0.394983	0.102871	-0.0400156	-0.066668	0.0224675	0.407221	-0.0815404	-0.0278374	0	
0.104188	0.263464	0.238353	0.00977238	0.0269215	-0.00181776	0.235243	-0.0256326	0.154124	0.301375	0.0367975	-0.0301316	0.0488948	0.394983	0.15617	-0.0440985	-0.0795957	0.0174061	0.406868	
0.109087	0.181559	0.251942	0.0487661	0.0283547	-0.00671696	0.210787	-0.0256326	0.0690741	0.301375	0.0244688	-0.0370264	0.053794	0.394983	0.15617	-0.0382571	-0.0598733	0.0395446	0.406868	0	
0.0972588	0.200239	0.246934	0.0223814	0.0262292	-0.00208381	0.135666	-0.0209994	0.0119304	0.301375	0.033423	-0.0378903	0.053794	0.3823	0.15617	-0.033624	-0.0551051	0.0395446	0.411501	0.0994009	0.0185675	-0.0322204	
0.0291914	0.14393	0.257192	0.00021215	0.0316776	-0.00208381	0.135666	-0.0209994	-0.00745482	0.301375	0.0347828	-0.024075	0.053794	0.3823	0.162346	-0.0385364	-0.0468172	0.0375018	0.411501	0.00164956	0.17669	
0.0611944	0.276743	0.248734	0.00021215	0.0316776	-0.00208381	0.135666	-0.0209994	0.01848	0.301375	0.0157548	-0.039453	0.0517789	0.517493	0.200872	-0.0200529	-0.0598066	0.0416659	0.411501	
0.15641	0.30384	0.248734	0.0161569	0.0452701	-0.00208381	0.13663	-0.0209994	0.045034	0.305886	0.0328917	-0.0343636	0.0517789	0.344185	0.157991	-0.0325017	-0.0598066	0.0416659	0.411501	0.0324101	-0.00304484	
0.133663	0.304055	0.243871	0.0312808	0.0159493	-0.00718504	0.163333	-0.0261006	0.052756	0.238776	0.0328917	-0.027692	0.0355296	0.467245	0.20997	-0.0426584	-0.0601164	0.0416659	0.406399	0.150107	2.3198e-05	0	
0.16512	0.320205	0.29279	0.032503	0.0175054	-0.00718504	0.234322	-0.0261006	0.0941296	0.237366	0.0167416	-0.0190689	0.0355296	0.468837	0.20997	-0.0321602	-0.0652288	0.0351102	0.406399	0.0189625	0	
0.0934334	0.246356	0.316694	0.0343069	0.0208446	-0.00876047	0.232747	-0.0276761	0.0824372	0.256379	0.0589722	-0.0135143	0.0418204	0.468837	0.218464	-0.0372462	-0.0668042	0.0510538	0.423916	
0.110824	0.222716	0.278931	0.029824	0.0196018	-0.00876047	0.296088	-0.0264333	0.0508124	0.251636	0.0399195	-0.0187001	0.0388824	0.382941	0.217222	-0.0372462	-0.0765207	0.0415707	0.423916	-0.0184388	0.0343018	
0.0692943	0.227925	0.267099	0.00806588	0.0231046	-0.00993968	0.292951	-0.0295697	0.0792919	0.228147	0.0193359	-0.0416274	0.0373786	0.382941	0.217222	-0.0292067	-0.0596256	0.0396135	0.42078	
0.132914	0.179801	0.323024	0.0031009	0.00556907	-0.00941617	0.293231	-0.0296533	0.0801818	0.251864	0.042392	-0.0163574	0.0250848	0.381744	0.212902	-0.034379	-0.0620382	0.0398964	0.437613	0	
