0.139907	0.010765	0.151349	0.0452628	0.126474	-0.0179952	0.425476	0.266582	-0.0411716	0	0.00791074	0	0.0452628	0	0	0	0	0	0	0	0	0	0	0	0	0	0	0	0	0	0	0	0	0	0	0	0	0	0	0	0	0	0	0	0	0	0	0	0	0	0	0	0	0	0	0	0	0	0	0	0	0	0	0	0	0	0	0	0	0	0	0	0	0	0	0	0	0	0	0	
0.139907	0.010765	0.151349	0.10825	0.126474	-0.0179952	0.425476	0.282353	-0.0411716	0	0.0452628	-0.014379	0.059443	0.00546077	0.00467225	0.0452628	-0.0754022	0.0230181	-0.00668274	0.0182525	-0.0214854	0	0.00679054	-0.00467225	0.034309	-0.0124786	-0.0450847	0.0310956	0.00365321	0.0408944	0	-0.0190475	-0.0111719	0	0.157965	0	0.0249518	0.152025	0.0339562	-0.0381548	0.109428	0	0.000254175	0	0.0446536	-0.0170275	0	0.0332521	0.0504434	-0.026582	-0.0275597	0	0.026582	0	
0.139907	0.010765	0.151349	0.0776913	0.126474	-0.0179952	0.455629	0.307872	-0.0411716	0	0.0452628	0.147367	0.0452628	-0.0579029	-0.0033261	0.0994177	0.0275777	-0.00996027	0	0.0617258	0.059443	0.0413116	0.0446536	0.0332521	0.026582	0.00467225	0.0339562	0.0294918	-0.0694332	-0.0355975	0.00888014	-0.0720073	-0.0183246	0.0372487	0	
0.139907	0.010765	0.153166	0.0791798	0.126474	-0.0179952	0.455629	0.297567	-0.0411716	-0.0124162	0.057679	-0.0355975	0.00658228	0.0247185	0.0353346	0.0429843	0.13076	0.0118753	-0.0238856	0.0332521	0	-0.00960588	0.0160654	0.0754729	0.0294918	-0.074821	-0.0727852	0.0149706	0.0191971	0.0925643	0.168338	
0.164518	0.019662	0.349481	0.149658	0.15913	0.51299	0.297567	-0.0625609	0.0452628	-0.0444945	0.0252872	0.0502723	-0.028683	0.0265666	0.16394	0.0160139	0.156728	-0.018509	-0.00960588	0.0900945	-0.0179952	-0.102597	0.0724901	0.0345487	0.0118753	0.0423828	0.0925643	0.0304046	0.168338	0.0124162	-0.0748529	
0.122253	0.019662	0.267252	0.149658	0.201395	-0.041975	0.51299	0.255529	-0.0625609	0.0452628	-0.0444945	0.0252872	-0.0423602	-0.043266	0.0265666	0.188933	-0.018509	-0.00326597	-0.0305568	-0.0179952	-0.179566	0.109315	0.101158	0.307381	0.00553536	0.0353031	0.102083	-0.0400603	0.0304046	0.220186	0.0124162	
0.122253	0.019662	0.267252	0.275915	0.201395	-0.041975	0.51299	0.321659	-0.0719581	0.0413261	0	-0.0829412	-0.0391116	0.0721752	0.0468167	0.188933	0.00640419	-0.00574893	-0.0379496	-0.0179952	0.22269	0.0292744	0.307381	0.00801833	-0.159095	0.148228	0.00169668	-0.00165047	0.220186	0.0284029	
0.122253	0.0175762	0.338471	0.219883	0.184955	-0.0443813	0.523665	0.266287	-0.0698724	0.0413261	0.19944	-0.00577364	0.117961	-0.0685635	0.113188	0.00688357	-0.00245107	-0.0179952	0.131398	0.00266309	0.307381	0.00472046	-0.23529	-0.0416866	0.00939453	0.000139933	0.144842	0.0258043	
0.0994735	0.0198842	0.264614	0.219883	0.207734	-0.012603	0.523665	0.294359	-0.0721803	0.0288532	0.19944	0.0750492	-0.0564584	0.0178942	0.0282552	-0.0356889	0.102014	0.0443877	-0.00505034	-0.0152379	-0.00453814	0.363933	0.00731974	-0.249185	-0.0439946	0.0653885	0.000139933	0.187143	0.0597497	
0.0994735	0.0198842	0.259244	0.247387	0.195536	0.0218617	0.541959	0.293482	-0.075062	0.0288532	0.113997	0.236754	0.00838475	-0.0464035	0.0282552	-0.0454429	0.0958334	0.0289192	-0.0170748	-0.00453814	0.605948	-0.0266498	-0.0713743	-0.042026	0.061409	0.015713	0.283143	0.042771	
0.11536	0.0198842	0.572318	0.247387	0.165886	0.00931381	0.485689	0.293482	-0.0705705	0.00191319	0.0491311	0.259244	0.168321	0.00947459	0.162911	0.0288532	-0.0480348	0.0453429	-0.0170748	-0.0468617	-0.17362	-0.042026	0.19591	0.015713	0.213523	0.0580777	
0.114776	0.0200989	0.709309	0.260936	0.174076	0.00952855	0.468884	0.275748	-0.0772416	0.00212793	0.0298564	0.295486	0.183401	0.0444213	0.129119	0.0286385	-0.062147	0.000214745	0.0330348	0	-0.0168601	-0.0280777	-0.139613	-0.042026	0.0942138	-0.00162615	0.242946	0.0580777	
0.114776	0.0200989	0.379467	0.260936	0.104243	0.0297134	0.426449	0.390922	-0.0758979	0.0114329	0.0337386	0.295486	-0.0183528	-0.000892487	0.0758704	0.0343749	-0.0573893	0.11771	0.0330348	-0.0381624	-0.0557869	-0.042026	0.0893731	0.0257995	0.242946	0.106056	
0.077725	0.00987359	-0.0691162	0.308017	0.163117	0.00448943	0.390922	-0.0656726	-0.00555046	0.0292793	0.354067	-0.0170557	0.0235243	0.445017	-0.0518079	0.066074	-0.00251359	-0.0337031	-0.00996981	-0.0124232	0.251187	0.0344002	0.231763	0.100709	
0.0809047	0.0162677	-0.0691162	0.257324	0.163102	0.0520483	-0.078639	0.390922	-0.00526495	0.020148	0.356278	-0.0170557	0.0359579	-0.0269789	0.445017	-0.0516793	0.254596	-0.0245717	-0.00879429	-0.034969	0.334609	0.0145176	0.236788	0.11521	
0.140835	0.0100743	-0.0691162	0.20114	0.103172	0.00252983	-0.066081	0.415626	-0.0240575	0.0470895	0.356278	-0.0170557	0.0433487	0.0473792	0.454214	-0.028217	0.394386	-0.0515132	0.0284778	-0.038427	0.575969	0.0145176	0.257169	0.113838	
0.0938075	0.0100743	-0.0691162	0.112123	0.150199	-0.0140154	-0.0235385	0.382775	-0.0530316	-0.00442377	0.256777	-0.0170557	0.0343092	0.00412242	0.454214	-0.0716989	0.394562	-0.066081	-0.0503616	0.247242	0.00668176	0.200212	0.113838	
0.0846333	0.0100743	-0.0841563	0.00655956	0.164705	-0.0605661	-0.0320224	0.379144	0.330465	0.28892	-0.00442377	0.20142	-0.012535	0.0945322	-0.0596781	0.582286	-0.0707003	-0.066081	-0.111554	0.00668176	-0.045794	0.200212	0.128878	
0.144198	0.0100743	-0.0890086	0.0370988	0.121232	-0.050191	-0.0320224	0.379843	0.422316	0.399414	-0.00442377	0.175048	-0.0114158	0.0411858	-0.0631703	0.582286	-0.0735352	-0.0662086	-0.0588603	0.00350267	-0.0253045	0.231282	0.133731	
0.0936321	0.0134875	-0.0890086	0.138032	0.171797	-0.0780947	-0.029037	0.381034	0.23505	0.396171	-0.00442377	0.175048	-0.0101176	0.0668478	-0.0413897	0.559319	-0.0853051	-0.0519438	-0.0916458	0.00674587	-0.0574823	0.231282	0.133731	0	0.062148	
0.102952	0.0134875	-0.0890086	0.0703169	0.162478	-0.0671964	-0.0401333	0.401306	0.267389	0.256116	0.000429279	0.197541	-0.0101176	0.0191752	-0.0353596	0.595189	-0.0693885	-0.0578715	-0.0446727	0.0151852	-0.0366466	0.315648	0.133731	
0.157423	0.0154457	0.0453167	0.080249	0.118692	-0.0638645	-0.0378106	0.401306	0.124919	0.113646	-0.00629508	0.184282	-0.00447248	-0.0229132	-0.040045	0.595189	-0.0666926	-0.0684595	0.111417	0.0151852	0.00894517	0.329812	0.134142	0	
0.154745	0.0174486	0.0453167	0.0797636	0.12137	-0.0638796	-0.035899	0.401306	0.233914	0.14474	-0.000378233	0.222145	-0.00447248	0.0244841	-0.0350178	0.595189	-0.101817	-0.0587177	-0.00789358	0.00764652	0.0629403	0.291333	0.134142	-0.0392761	
0.161385	0.0213608	-0.0899981	0.119179	0.115904	-0.0839827	-0.0386383	0.402478	0.196475	0.267995	0.000794704	0.138116	-0.000220204	0.0145424	-0.0434852	0.523488	-0.099774	-0.0704225	0.107797	0.00675883	0.0711249	0.2599	0.134142	0.06133	
0.108422	0.0213608	0.0422994	0.119179	0.168866	-0.0887444	-0.0406431	0.402478	0.221327	0.22446	0.000794704	0.242409	-0.000220204	-0.023922	-0.0409345	0.508682	-0.0875186	-0.0704225	0.130735	0.00675883	-0.0330394	0.375292	0.132298	0	0.0100498	-0.0129813	
0.111812	0.0213608	0.040008	0.0642313	0.136388	-0.0206613	-0.0406431	0.402478	0.183934	0.264988	0.000794704	0.201977	-0.000220204	-0.0092847	-0.0370947	0.508682	-0.0951241	-0.0704225	0.178186	0.00675883	-0.0575818	0.237153	0.13914	0.103194	0	0	-0.00475291	
0.101796	0.0213608	0.0404457	0.0642313	0.200953	-0.0180976	-0.033452	0.402478	0.16109	0.0508757	0.000794704	0.269058	0.0199068	0.0418669	-0.019746	0.508682	-0.0954774	-0.0715065	0.101175	0.00154445	-0.0414098	0.215833	0.139578	
0.145663	0.0213608	0.0404457	0.0927772	0.0988617	-0.0330411	-0.033452	0.402478	0.179786	-0.074711	-0.0105717	0.238386	0.0216713	0.000585397	-0.0430701	0.508682	-0.101491	-0.0715065	0.0116313	-0.0148143	0.201855	0.139578	
0.145663	0.0213608	0.0424419	0.0653653	0.0988617	-0.0149986	-0.0347198	0.390907	0.169352	-0.0901116	-0.0105717	0.174156	-0.00432845	0.00283571	0.0426766	0.577178	-0.0956062	-0.0615703	0.00807425	-0.0378405	0.221736	0.141574	-0.0670984	-0.00321466	-0.0261652	
0.118816	0.0155589	0.0424419	0.0558325	0.136728	0.0162787	-0.0289179	0.390907	0.0983092	-0.0185153	-0.0105717	0.191836	-0.00432845	0.0070391	0.014692	0.631429	-0.0935844	-0.0580162	-0.00534547	-0.0322286	0.008584	0.214227	0.149357	0	
0.118816	0.0131423	0.0424419	0.0270487	0.163514	-0.0289504	-0.0319532	0.350916	0.0498373	-0.0529663	-0.00793026	0.212308	-0.00432845	-0.0214999	-0.0167255	0.639719	-0.0691838	-0.0516971	0.00497138	-0.02107	0	0.197936	0.149357	
0.119166	0.0135579	0.0451812	0.0241891	0.163514	-0.0485893	-0.0139258	0.32783	0.0463083	0.0265802	-0.0075799	0.0956618	-0.00397809	0.00516091	-0.0755301	0.640069	-0.0915781	-0.0473149	0.00532174	-0.00905826	0.0761385	0.319769	0.148289	
0.128176	0.0135579	0.0502929	0.0241891	0.154504	-0.015267	-0.0139258	0.32783	0.0872063	0.018983	-0.0075799	0.266836	-0.00337422	0.0228018	-0.0808486	0.640069	-0.0827157	-0.0473149	-0.0105787	0.0135576	0.00447788	0.220002	0.104609	0.0523118	0	0	
0.122765	0.0135579	0.0456937	0.078262	0.159915	-0.0399847	-0.029034	0.32783	0.034144	0.0148196	-0.0075799	0.282568	-0.0196656	0.0228018	-0.070006	0.555762	-0.0858693	-0.0450758	0.00786675	0	-0.0309927	0.104609	0.205082	-0.0384875	0	
0.145386	0.0135579	0.0436535	0.0593021	0.137294	-0.063596	-0.028908	0.304933	0.467393	0.0189156	-0.0113862	0.317498	-0.0196656	-0.013688	-0.0691158	0.555762	-0.0583652	-0.00153295	0	0.104686	-0.0206505	-0.0901976	0.201046	
0.148969	0.0147508	0.0436535	0.0724612	0.119696	-0.0755852	-0.0463979	0.282294	0.215612	-0.0658135	-0.0113862	0.355579	-0.0151171	-0.0287517	-0.0439561	0.555762	-0.0564184	-0.00153295	0.00105613	0.104686	-0.0573548	-0.0823916	0.221065	-0.0704294	-0.0508195	
0.13173	0.0147508	0.0436535	0.0495197	0.136935	-0.0843454	-0.0463979	0.369318	0.185151	0.0153298	-0.0113862	0.232034	-0.00685549	0.0286741	-0.00928316	0.555762	-0.0235266	-0.0668272	-0.00574312	0.221065	0.104686	-0.0701582	
0.13173	0.0255756	0.0436535	-0.00321349	0.135753	-0.0801611	-0.0572227	0.38605	0.17057	0.0227052	-0.0113862	0.186498	-0.0140014	-0.00891316	-0.0655151	0.555762	-0.0438814	-0.07059	-0.0041774	0.242163	0.104686	-0.0723377	
0.13173	0.0255756	0.0436535	0.0983986	0.190837	-0.0686399	-0.0541509	0.38605	-0.00312228	0.092996	-0.0113862	0.165155	-0.0140014	-0.0101031	0.0354085	0.610976	-0.0412842	-0.07059	-0.00445246	0.24859	0.104686	-0.0277133	
0.13173	0.0255756	0.0449653	0.0983986	0.190837	-0.0592683	-0.0516289	0.422964	0.0216861	0.0488519	-0.0113862	0.165607	-0.0140014	0.00564292	0.0148159	0.604412	-0.0788847	-0.0853635	0.00968959	0.287748	0.104686	-0.0559981	
0.117345	0.0256139	0.044927	0.173498	0.203457	-0.0519231	-0.0516289	0.326311	0.0217244	0.073022	-0.0113479	0.263634	-0.00999189	0.0259266	0.000675996	0.60445	-0.0634254	-0.0793948	0.00335926	0.268065	0.0996615	0.0176388	0.00506295	0	
0.117345	0.0256139	0.044927	0.202518	0.203457	-0.0639489	-0.0570408	0.248337	0.138748	0.00746314	-0.00937883	0.358646	-0.00999189	-0.0232404	0.109052	0.581686	-0.0289641	-0.0676739	0.0183687	0.309407	0.0996615	0.00842808	0	0	-0.0068767	
0.117345	0.0256139	0.0328275	0.131085	0.195228	-0.0536242	-0.0570408	0.248337	-0.0189329	-0.0340807	-0.00937883	0.220779	-0.00999189	-0.0198582	0.13947	0.581686	-0.0241671	-0.0676739	0.0183687	0.266404	0.0870505	0.102219	0	
0.117345	0.0238717	0.0383552	0.149572	0.213181	-0.0754296	-0.0552985	0.260509	-0.0284207	-0.0118763	0.185372	-0.00525992	-0.00915083	0.0815956	0.598229	-0.0319185	-0.0682673	0.0372012	0.226128	0.0746652	0.0919336	
0.104587	0.024367	0.0262735	0.119516	0.226434	-0.0953972	-0.0531347	0.261004	0.060996	-0.0113809	0.182847	-0.0216709	0.64716	-0.0606064	-0.0182587	-0.0738812	0.0376965	0.249961	0.115592	0.0759131	0	
0.024367	0.0262735	0.0858284	0.226434	-0.0953972	0.104587	0.27292	0.64716	0.227128	0.0539533	-0.0117086	0.136263	-0.00390507	-0.0559198	-0.0370014	-0.0473912	-0.0738812	0.0135879	0.101841	0.0830457	
0.024367	0.0262735	0.0631724	-0.0882226	0.256104	0.15014	0.52845	0.381579	0.15908	-0.010269	0.151951	-0.00879294	0.130917	0.107757	-0.0473912	-0.00322208	-0.045881	0.0938206	-0.0823308	0.0142262	
0.0154596	0.0256004	0.0250401	0.104261	-0.0869891	0.257337	0.173035	0.529684	0.318945	0.00155288	-0.00903558	0.251252	-0.0247933	0.135625	0.0969577	-0.0561233	-0.0527752	-0.0307343	0.126865	-0.0676401	0	0	0	
0.0291095	0.0273743	0.025736	0.0682713	-0.091349	0.257337	0.143305	0.529684	0.379599	0.0412718	-0.00903558	0.180139	0.00152981	0.0614874	0.125416	-0.0435861	0.00272896	-0.0546923	0.126865	-0.0709656	0.00065992	
0.0290372	0.0282317	0.0258082	0.0674694	-0.0857016	0.246859	0.218203	0.529612	0.233518	0.0232449	-0.0091078	0.169314	0.000212485	0.052318	0.11455	-0.0445157	-0.0153731	-0.039997	0.126793	-0.0740899	0	0	0	-0.0204157	
0.00103086	0.0287935	0.03126	0.0648908	-0.0994306	0.21726	0.20364	0.467059	0.318674	0.00123724	-0.0118673	0.192429	0.000806953	0.00680269	0.120002	-0.0450775	-0.0500544	0.0156757	0.141356	-0.0735952	
0.00278512	0.0296956	0.0380352	0.174227	-0.0865048	0.220089	0.26235	0.41647	0.325948	-0.00343908	-0.00595498	0.259802	-0.0216938	0.0200198	0.140653	-0.0417066	0.0160697	-0.0210967	0.101635	-0.0797065	0.0292913	0.0147528	
0.00278512	0.0296956	0.0399507	0.114297	-0.0903418	0.243475	0.208907	0.422889	0.449436	0.0200805	-0.00595498	0.298559	-0.0216938	-0.0267671	0.142568	-0.0417066	-0.0453634	-0.0243041	0.138408	-0.0687003	0	
0.028666	0.0293878	0.0361065	0.105139	-0.0893192	0.222893	0.204644	0.37859	0.446661	0.0461756	-0.0044761	0.190134	-0.00713222	-0.0465898	0.138416	-0.0533899	-0.033092	0.043375	0.1381	-0.0729159	0	
0.00644366	0.0293878	0.0361065	0.0962582	-0.080602	0.222893	0.204644	0.310709	0.453324	-0.0188498	-0.0044761	0.181165	-0.0149638	-0.0465898	0.128334	-0.0533899	-0.0324318	-0.0213704	0.1381	-0.0749574	
0.00644366	0.0296594	0.0546737	0.0962582	-0.0917999	0.256707	0.154059	0.395038	0.275895	-0.0741057	-0.0044761	0.160382	-0.0149638	-0.0240803	0.141476	-0.0608477	-0.00208017	-0.0303791	0.143984	-0.0776513	0	
0.0240954	0.0296594	0.0546737	0.0365006	-0.0949761	0.268048	0.18476	0.297976	0.327562	-0.0563093	-0.0044761	0.225955	-0.01182	-0.0157726	0.155871	-0.0578607	-0.0297004	-0.00864004	0.113283	-0.0776513	0.0221687	
0.0150211	0.0296594	0.0526577	0.0478166	-0.0883052	0.255765	0.162261	0.301688	0.296886	-0.0646402	-0.0044761	0.132458	-0.0290461	-0.0124402	0.101198	-0.0586711	-0.00872049	-0.0217146	0.135781	-0.0806086	-0.00743795	0.0033168	
0.0191234	0.019957	0.0523654	0.119618	-0.0764433	0.287409	0.202448	0.34979	0.394185	-0.069898	-0.0044761	0.168596	-0.000149728	-0.0215232	0.158473	-0.0489687	-0.0442521	-0.00561333	0.135781	-0.0709063	-0.0576733	
0.013502	0.0219543	0.0510502	0.055114	-0.0949807	0.247042	0.222351	0.348664	0.449561	-0.0787505	-0.00560125	0.213464	-0.0215808	0.0595691	0.148332	-0.0395138	-0.00810326	-0.0153682	0.1385	-0.0655025	
0.013502	0.0219543	0.0513394	0.0785887	-0.073323	0.270246	0.144428	0.348664	0.421552	-0.0447124	-0.00560125	0.213464	-0.0215808	0.03478	0.148621	-0.0455951	-0.00739678	-0.0299333	0.135463	-0.0637497	0.167732	
-0.000447461	0.0207282	0.0480511	0.0164756	-0.0909306	0.243171	0.136586	0.347438	0.431705	-0.0459385	-0.0068274	0.245076	-0.0105806	-0.0344357	0.144107	-0.0490154	6.00686e-05	-0.00342222	0.142078	-0.0629688	0	
-0.00470286	0.0207282	0.0519061	0.0818615	-0.0875044	0.17753	0.136586	0.33927	0.323437	-0.0466527	-0.0068274	0.175234	-0.0105806	0.038289	0.142473	-0.0507338	-0.0095115	-0.0618263	0.142078	-0.0629688	0.0421045	-0.0252035	
-0.0144733	0.0207282	0.0519061	0.0744286	-0.0926992	0.206295	0.139895	0.33927	0.323437	0.0112887	-0.00869605	0.302668	-0.0176303	0.123129	0.142473	-0.0420434	-0.0510465	-0.00983746	0.118337	-0.0648422	0.0143834	-0.0899813	0.00341737	
0.0331092	0.0153537	0.0591447	0.104792	-0.0880749	0.206515	0.136337	0.33949	0.345118	-0.0332501	-0.00847631	0.284297	-0.00938225	0.00605627	0.139613	-0.0407425	-0.0355964	-0.0282817	0.148285	-0.059248	0.0499407	-0.0185059	0	
0.00527715	0.0153537	0.0633244	0.0549573	-0.0880749	0.206515	0.136337	0.366167	0.414539	0.0060287	-0.00847631	0.241579	-0.0250453	-0.0163875	0.152448	-0.0407425	-0.0355964	-0.00241708	0.148285	-0.0536803	-0.000974153	
0.00527715	0.0193407	0.0596757	0.0963766	-0.0814529	0.172945	0.150399	0.312454	0.407774	0.005141	-0.00847631	0.252219	-0.012351	-0.0459238	0.146185	-0.0362645	0.0296006	0.00484204	0.134222	-0.0576672	0.0220984	0.0222653	
0.00787403	0.018376	0.0547558	0.0684966	-0.080704	0.183928	0.143869	0.320879	0.265961	0.105624	-0.0085296	0.254816	-0.00975414	-0.0857374	0.14431	-0.0418242	0.0789033	0.0131787	0.105573	-0.0535066	0.0567642	
0.00465584	0.0197973	0.0547558	0.0506156	-0.0884716	0.177536	0.107262	0.34997	0.274661	0.0762409	-0.0085296	0.254816	-0.0092583	-0.0565855	0.101106	-0.0481729	0.010872	-0.000323998	0.150128	-0.0574638	0.0357186	-0.0392898	-0.00157812	0.0468499	0.12772	
0.0172592	0.0197973	0.0434136	0.0970708	-0.095975	0.177536	0.0751262	0.240315	0.200708	0.0679605	-0.0106859	0.222522	-0.0268545	-0.0599833	0.114143	-0.0481729	-0.0177907	-0.0129066	0.150128	-0.0655155	0	0.0540926	
0.0374966	0.0269564	0.0497576	0.0958244	-0.088868	0.118024	0.0868958	0.273742	0.108683	0.0581338	-0.0106859	0.223239	-0.00978744	-0.0599833	0.118926	-0.055332	-0.0143139	0.00205038	0.150128	-0.0726746	
0.0374966	0.024591	0.0497576	0.0841715	-0.0783497	0.0934862	0.101585	0.367695	0.186072	0.0258546	-0.0141529	0.178901	-0.00978744	-0.0674134	0.108263	-0.0529666	-0.011962	-0.0315784	0.135439	-0.0703091	0.000836288	
0.0160261	0.024591	0.0362353	0.106017	-0.0920514	0.112499	0.139636	0.303121	0.219598	0.148991	-0.0141529	0.248862	-0.00903134	-0.088	0.0947403	-0.0537703	0.00105592	0.00844228	0.132387	-0.0703091	-0.0184629	
0.0160261	0.024591	0.0362353	-0.0148563	-0.0894717	0.112499	0.151933	0.339788	0.219598	0.273019	-0.0192298	0.284443	-0.00903134	-0.0670408	0.107699	-0.0537703	-0.0326643	-0.0454916	0.132387	-0.0635918	-0.00868793	-0.00541668	
0.000273701	0.024591	0.0362353	0.00528587	-0.0931019	0.22028	0.151933	0.345441	0.223602	0.131711	-0.0192298	0.269514	-0.00903134	-0.10233	0.0985435	-0.0537703	-0.0394647	-0.000667117	0.132387	-0.0627765	
0.0279771	0.024591	0.0362353	0.0716478	-0.0853552	0.193973	0.148579	0.427447	0.17781	0.0847955	-0.0192298	0.239905	-0.0194788	-0.0912914	0.0886222	-0.0395322	-0.0511144	-0.0217928	0.135742	-0.0638504	
0.00208412	0.0228372	0.0379891	0.0269377	-0.0945938	0.14288	0.116341	0.429702	0.258516	-0.0160033	-0.0209836	0.198849	-0.020714	-0.0973872	0.0944187	-0.0399043	-0.0646584	-0.0334442	0.166226	-0.065722	
0.012292	0.0268212	0.0367256	0.019786	-0.0971099	0.143498	0.0596312	0.432607	0.224804	0.027464	-0.0147356	0.322798	-0.0194505	-0.0815503	0.198501	-0.0426248	-0.0633948	0.0297009	0.178156	-0.0684424	0.00126353	
0.0109025	0.0202139	0.0367256	0.0177476	-0.0950789	0.142113	0.10563	0.353974	0.217611	0.0941984	-0.0147356	0.291247	-0.0194505	-0.0906537	0.183936	-0.0374522	-0.0462392	-0.00815418	0.130415	-0.0618352	
0.00763955	0.0265913	0.0367256	0.0474144	-0.0831062	0.180043	0.080183	0.335282	0.224216	-0.0317029	-0.0147356	0.248309	0.00104785	-0.067414	0.183936	-0.0438296	-0.0482961	-0.0446237	0.161334	-0.0683846	0	
0.00685048	0.0265913	0.0367256	0.0231645	-0.100162	0.180043	0.0657818	0.356845	0.232486	-2.78313e-05	-0.0221173	0.281609	-0.0181005	-0.00255794	0.183936	-0.0405663	-0.0366052	-0.030248	0.161334	-0.0720512	-0.0356667	0.00872116	-0.0233452	
0.00685048	0.0265913	0.0367256	0.0799962	-0.0948068	0.213624	0.131051	0.359601	0.244433	0.108577	-0.0221173	0.257278	-0.0181005	0.025549	0.208265	-0.039097	-0.052053	-0.0257781	0.148596	-0.0652068	-0.0477494	0.0274853	
0.0136706	0.0265913	0.0367256	0.0859696	-0.0868709	0.277189	0.0817246	0.305797	0.244433	0.269783	-0.0221173	0.256604	-0.0181005	-0.0146266	0.184298	-0.0276929	-0.0653313	0.0408175	0.15068	-0.0661706	0	
0.0136706	0.0265913	0.0367256	0.0386143	-0.087791	0.277189	0.111597	0.325535	0.311138	0.162221	-0.0185448	0.261665	-0.0175146	-0.00688441	0.187389	-0.0386342	-0.0556833	0.0443899	0.17218	-0.0718105	-0.0035724	0.05068	
0.00927013	0.0265913	0.0340027	-0.00113788	-0.0967455	0.277189	0.0935152	0.471606	0.311336	0.63667	-0.0183471	0.261863	-0.00691253	-0.0111115	0.146471	-0.0386342	-0.0492917	-0.017114	0.172378	-0.0714952	-0.00377019	
-0.00559203	0.0202183	0.0412388	0.0478659	-0.081599	0.274217	0.108024	0.382892	0.342992	0.540944	-0.0204681	0.30537	-0.0047462	0.06919	0.212696	-0.0463208	-0.0561313	0.0287411	0.174053	-0.0697831	-0.00674256	0	
-0.514021	0.0202183	0.0412388	0.0666395	-0.0774737	0.208034	0.0816233	0.39988	0.342992	0.507042	-0.0204681	0.373568	-0.0047462	0.120873	0.238112	-0.0418527	-0.0636789	0.0740645	0.174053	-0.0697831	-0.00674256	0	0	
-0.0069791	0.018021	0.0319149	0.0666395	-0.0836743	0.272048	0.0276066	0.298822	0.342992	0.405919	-0.019211	0.243538	-0.0047462	0.0710297	0.188498	-0.0413276	-0.0428205	0.0544597	0.22807	-0.0675858	-0.00674256	
-0.000406202	0.0229591	0.0319149	0.0154109	-0.0922784	0.373137	0.0262093	0.303548	0.451794	0.503784	-0.019211	0.397512	-0.00605986	0.060724	0.188498	-0.0462656	-0.0576884	0.0324531	0.241275	-0.0628014	-0.00674256	0	
-0.00113603	0.0218014	0.0326867	0.0248343	-0.0875809	0.390889	0.0842047	0.311956	0.451794	0.404662	-0.0182827	0.342269	-0.0147742	0.0711609	0.135154	-0.036203	-0.0695436	0.0515386	0.18328	-0.0623736	-0.0074724	0.141255	
-0.0100589	0.0174097	0.043571	0.0491439	-0.0952846	0.390889	0.112453	0.308897	0.451794	0.322037	-0.0194464	0.235588	-0.0046479	0.00755317	0.108986	-0.0220898	-0.0514184	0.0541235	0.173971	-0.0571252	-0.0074724	0.141255	
0.0253306	0.0174097	0.0417377	0.0459285	-0.0835887	0.396298	0.0395448	0.308897	0.377987	0.189532	-0.0194464	0.235588	-0.00711928	0.0411467	0.141798	-0.0426858	-0.0736637	0.0660571	0.218634	-0.0635577	-0.0074724	0.229051	
0.00640456	0.0178829	0.0730734	0.0432322	-0.0659806	0.416069	0.0342082	0.313237	0.411626	0.127585	-0.0241389	0.171932	-0.00711928	0.0298332	0.173133	-0.0360913	-0.0547511	0.0387976	0.218634	-0.0640309	-0.0074724	0.241479	0.0247862	0.000517205	0.00804608	0.0368785	0.0590135	
0.00451139	0.0178829	0.0730734	0.0492988	-0.0927934	0.40625	0.0538643	0.391898	0.593023	0.0597326	-0.0241389	0.242077	-0.00711928	0.0939357	0.164411	-0.0378804	-0.0645974	0.00063713	0.241943	-0.0640309	-0.0074724	0.230007	
-0.00317588	0.0162079	0.0747484	0.0590943	-0.0932509	0.367135	0.0293176	0.325378	0.593023	0.0969879	-0.0251223	0.266866	-0.00711928	0.107532	0.164411	-0.0280669	-0.0645974	0.004499	0.241943	-0.069799	-0.00914739	0.230007	-0.0465231	0.00883706	
-0.00317588	0.0162079	0.0746616	0.0890691	-0.0905217	0.352576	0.0373011	0.337211	0.549864	0.0330571	-0.0251223	0.183888	-0.0172367	0.0841257	0.153159	-0.0386345	-0.059611	0.004499	0.233959	-0.069799	-0.00914739	0.230007	-0.00339497	
0.0199168	0.0100575	0.07911	0.0890691	-0.0947249	0.326772	0.0877854	0.337211	0.624628	-0.0487839	-0.0251223	0.105399	-0.0114677	0.0841257	0.15573	-0.0395154	-0.055716	0.0310594	0.183475	-0.0680969	-0.0135958	0.268075	0	0	
0.0199168	0.0100575	0.0785674	0.0326103	-0.0978645	0.326772	0.0704233	0.395717	0.508636	-0.0286446	-0.0251223	0.0918985	-0.0141631	0.135078	0.147725	-0.0408189	-0.0610451	-0.0283101	0.197748	-0.0680969	-0.0135958	0.254016	0	
0.0113158	0.0100575	0.0809174	0.0489988	-0.0911641	0.337985	0.118673	0.395345	0.508636	0.0140132	-0.0269438	0.197971	-0.0141631	0.113682	0.148454	-0.0295204	-0.0610451	-0.0264787	0.149499	-0.076235	-0.0135958	0.244303	0.217848	0	
0.0113158	0.0100575	0.0809174	0.0296941	-0.0812368	0.337985	0.101599	0.395345	0.415411	0.0936161	-0.0269438	0.197971	-0.0138858	0.12724	0.196437	-0.0295204	-0.0671952	0.00773966	0.141748	-0.0687609	-0.0135958	0.244303	0.158512	-0.0158983	0.0825105	
0.0113158	0.00903829	0.0809174	0.0163468	-0.0708394	0.335506	0.105353	0.372481	0.415411	0.0754692	-0.0269438	0.227318	-0.0106633	0.0224065	0.200515	-0.0285012	-0.0659151	0.0258253	0.141748	-0.0677417	-0.0135958	0.244303	0.183945	0.0796787	-0.0736044	-0.00415449	
0.0270922	0.0124155	0.0775402	0.069743	-0.0629915	0.341262	0.0115378	0.28064	0.415411	0.0185075	-0.0269438	0.289287	0.0021681	0.0293387	0.200515	-0.0285012	-0.0659151	-0.0329433	0.231327	-0.0746382	-0.0102185	0.242109	0.175887	0.0978141	0.158784	
0.0270922	0.0124155	0.0762619	0.0964259	-0.0786302	0.353667	0.0296141	0.28064	0.35217	0.0821014	-0.0269438	0.408518	-0.0125819	-0.00216393	0.22062	-0.0263853	-0.0672993	-0.0576971	0.213251	-0.0721418	-0.0102185	0.308843	0.24181	0.0888155	0.225118	
-0.00710719	0.0178522	0.0689967	0.0288427	-0.0885131	0.35489	0.0278543	0.336885	0.35217	0.246421	-0.0279254	0.262089	-0.0125819	-0.0441482	0.169637	-0.0337121	-0.0605832	-0.0409874	0.21501	-0.0686636	-0.00899491	0.215241	0.300817	0.0828785	
0.00658751	0.0178522	0.0701978	0.0448504	-0.0767809	0.296077	0.0294081	0.353133	0.35217	0.123976	-0.0279254	0.155057	0.00122311	-0.00632939	0.170838	-0.0556348	-0.0605832	-0.0312787	0.213457	-0.0686636	-0.00899491	0.224212	0.285832	0.0828785	0	
0.0113832	0.020588	0.0701978	0.0774271	-0.0715872	0.296077	0.0201213	0.392076	0.352989	0.110881	-0.0195641	0.155877	-0.0128476	-0.0584231	0.196682	-0.0563819	-0.0597635	-0.0204831	0.214276	-0.0713994	-0.00981469	0.192966	0.376435	0.0571416	
-0.0137337	0.0184807	0.0732575	0.0847816	-0.0725857	0.293863	0.0621647	0.405308	0.373579	0.0920624	-0.0195641	0.289011	-0.0128476	-0.0571102	0.197635	-0.055897	-0.0597635	-0.0291845	0.214276	-0.0713994	-0.0119219	0.293071	0.376435	0.0829944	
0.000722176	0.0117113	0.0673381	0.0547433	-0.0725857	0.185313	0.0547016	0.405308	0.373579	0.00399669	-0.0195641	0.281516	-0.00747603	-0.0619304	0.152424	-0.050955	-0.0584621	-0.0052898	0.214276	-0.0646299	-0.0119219	0.224878	0.324517	0.0785064	0.125129	
-0.0244685	0.00620365	0.070408	0.0739736	-0.078771	0.245366	0.023067	0.405308	0.378945	0.091009	-0.0195122	0.245208	-0.0051892	-0.0545886	0.139987	-0.050955	-0.0620492	-0.0444439	0.245911	-0.0646299	-0.0174296	0.192314	0.324517	0.0912574	
-0.0104122	0.00620365	0.0808199	0.0425622	-0.0777219	0.246748	0.0129843	0.345473	0.306025	0.0994218	-0.0160992	0.214638	-0.000639316	-0.0852014	0.174865	-0.050955	-0.0571268	0.0146858	0.249324	-0.0652118	-0.0208426	0.30481	0.345581	0.0804283	
-0.00145384	0.00620365	0.0783205	0.0518873	-0.0736008	0.203919	0.0129843	0.328509	0.319573	0.293188	-0.017705	0.215081	-0.00741254	-0.0733789	0.137846	-0.0469772	-0.0649738	-0.0339242	0.249767	-0.0652118	-0.0212857	0.206429	0.345581	0.0808714	
-0.00145384	0.00620365	0.0688326	0.0518873	-0.0671831	0.203919	0.0129843	0.386207	0.319573	0.400504	-0.017705	0.326115	0.00746019	-0.0516927	0.171511	-0.0469772	-0.0649738	-0.0215896	0.249767	-0.0709971	-0.0212857	0.289288	0.277219	0.0808714	0.0348141	
0.00196523	0.00620365	0.0778114	0.0830268	-0.0705047	0.203919	0.057573	0.373473	0.301913	0.569129	-0.017705	0.195828	0.0173152	-0.050815	0.151138	-0.0463137	-0.0606057	0.00951348	0.219021	-0.071995	-0.0212857	0.243857	0.321902	0.0808714	
0.00196523	0.00620365	0.0812927	0.165839	-0.0662999	0.188853	0.0422977	0.373473	0.390654	0.23726	-0.017705	0.195828	0.0173152	0.0634971	0.160492	-0.0410958	-0.0585101	0.0368333	0.221566	-0.062977	-0.0212857	0.284484	0.321902	0.0808714	0.00543159	0.00247817	
0.0128687	0.00620365	0.0815878	0.165839	-0.0704186	0.147433	0.0493381	0.542148	0.390654	0.357685	-0.017705	0.195828	0.0207415	0.0383876	0.160787	-0.0587155	-0.0652678	-0.00821844	0.214526	-0.0629093	-0.0212857	0.293953	0.238321	0.000158551	0.0808714	
0.00315761	0.00620365	0.0768489	0.180991	-0.0704186	0.147433	0.00584239	0.542148	0.390654	0.301109	-0.0206715	0.201417	0.033106	0.0433836	0.132456	-0.0476678	-0.0616349	-0.00877827	0.214526	-0.0629093	-0.0212857	0.312199	0.416144	0.0792971	
0.00315761	0.00620365	0.0768489	0.215279	-0.0580161	0.15851	0.08278	0.496419	0.400738	0.317287	-0.0215724	0.298083	0.0317097	-0.0770564	0.166364	-0.0476678	-0.0605588	-0.0103344	0.214526	-0.066949	-0.0212857	0.312199	0.394596	0.102606	0.0498396	
0.00764383	0.00942923	0.0756054	0.214377	-0.0580161	0.162996	0.0837061	0.447794	0.415264	0.235746	-0.0215724	0.254524	0.000304292	-0.0806593	0.180658	-0.0472504	-0.0536858	-0.00309768	0.2136	-0.0656884	-0.0167995	0.328578	0.395857	0.0763211	0	
0.00890226	0.00942923	0.0756054	0.219994	-0.0600208	0.162996	0.110273	0.447794	0.428899	0.0918803	-0.0215724	0.285705	0.0113369	-0.0898174	0.150454	-0.0497908	-0.0583002	-0.00150911	0.182342	-0.0632081	-0.0167995	0.267154	0.395857	0.0872243	
0.00866902	0.00919599	0.0758386	0.281773	-0.0706714	0.16885	0.147309	0.447794	0.412643	0.150284	-0.0243006	0.346637	0.0172394	-0.0783477	0.150454	-0.0497908	-0.0583002	-0.00150911	0.145306	-0.0644397	-0.0170327	0.326957	0.415386	0.0872243	
0.0266441	0.00919599	0.0758386	0.263169	-0.0678284	0.217396	0.129062	0.447794	0.447458	0.272653	-0.0263133	0.350578	0.0172394	-0.0220146	0.192211	-0.0549326	-0.0583002	-0.0428291	0.140757	-0.0602047	-0.0170327	0.326957	0.400688	0.0872243	
0.0172179	0.00697491	0.0780597	0.263169	-0.0599573	0.191765	0.153351	0.450379	0.447458	0.224818	-0.024019	0.335914	0.0172394	-0.0391242	0.202434	-0.0330655	-0.065692	-0.046609	0.140757	-0.0567425	-0.0192538	0.350644	0.371064	0.10287	0	
0.00987096	0.00697491	0.0780597	0.24907	-0.0680545	0.204675	0.207045	0.414542	0.447458	0.0725784	-0.024019	0.169271	0.0172394	-0.0572144	0.231792	-0.0330655	-0.0546848	0.0172012	0.0852642	-0.0680684	-0.0192538	0.32256	0.371064	0.10287	
0.00563421	0.00422462	0.0748124	0.235742	-0.067734	0.204675	0.11269	0.414542	0.568307	0.187525	-0.024019	0.213053	0.0172394	-0.0416249	0.254561	-0.0430988	-0.0546848	0.0323287	0.0927593	-0.0617543	-0.0192538	0.301021	0.319596	0.0952098	
0.00563421	0.00422462	0.0748124	0.231416	-0.0907853	0.204675	0.187851	0.372802	0.315538	0.114023	-0.0237721	0.236212	0.0142235	-0.0629159	0.240764	-0.0333786	-0.0570618	-0.0331699	0.117169	-0.0591591	-0.0195007	0.235721	0.473261	0.105574	-0.0456929	
0.00481653	0.00422462	0.066324	0.205265	-0.0834393	0.204675	0.172209	0.372802	0.293578	0.00328155	-0.0237721	0.212003	0.0142235	-0.0635412	0.239957	-0.0311165	-0.0570618	-0.0204123	0.132812	-0.0591591	-0.0195007	0.331627	0.541842	0.091002	
0.00481653	0.00422462	0.0612193	0.212512	-0.0735066	0.143384	0.157977	0.372802	0.282857	0.105208	-0.0162307	0.254773	0.0114954	-0.0247736	0.242058	-0.0369709	-0.0492383	0.0187083	0.128933	-0.0591591	-0.0195007	0.331627	0.541842	0.091002	0.00416779	0	
0.00481653	0.00422462	0.0612193	0.171053	-0.0847516	0.142791	0.131132	0.372802	0.264797	0.00508313	-0.0162307	0.186296	0.0130855	-0.0247736	0.234808	-0.0369709	-0.0368512	0.0369041	0.121315	-0.0523597	-0.0195007	0.360491	0.541842	0.0788971	
0.0124266	0.0118347	0.0536092	0.124067	-0.0780051	0.188645	0.0984354	0.373125	0.250009	0.0101922	-0.0159077	0.18662	0.0134086	-0.0470749	0.268554	-0.0313729	-0.0462976	0.0187512	0.126321	-0.0595403	-0.0122137	0.360814	0.541842	0.0987215	-0.0148923	
0.0311908	0.0118347	0.0536092	0.116331	-0.0849458	0.163224	0.126997	0.373125	0.250009	-0.0597322	-0.0159077	0.172605	0.00842204	0.00505363	0.268554	-0.0192554	-0.0462976	0.0187512	0.125927	-0.0595403	-0.0122137	0.391067	0.485087	0.0987215	
-0.00317234	0.0102833	0.0536092	0.0863097	-0.0884019	0.136812	0.105902	0.398483	0.245777	-0.00707433	-0.0159077	0.253096	0.00842204	-0.0332641	0.193902	-0.0295954	-0.0462976	0.037028	0.156316	-0.0546798	-0.0122137	0.397646	0.452151	0.0990745	-0.0253978	
0.0117555	0.00396431	0.0599282	0.099495	-0.0844886	0.134306	0.103722	0.401321	0.2604	0.0274108	-0.0130692	0.229355	0.0112605	0.0797321	0.193902	-0.0295954	-0.0440551	0.153844	0.148753	-0.0546798	-0.0213711	0.51012	0.452151	0.101913	
0.00474982	0.00479663	0.0647243	0.132143	-0.0905666	0.12951	0.127555	0.401321	0.269007	-0.0023784	-0.0130692	0.233196	0.0150883	0.0575128	0.209654	-0.0567946	-0.0524348	0.143123	0.148753	-0.0613483	-0.0261673	0.34628	0.404133	0.101913	
0.00867864	0.00463804	0.0724178	0.148702	-0.085203	0.111881	0.124617	0.404859	0.245456	-0.00660707	-0.0130692	0.233196	0.0144431	0.0525073	0.235907	-0.0392063	-0.0524348	0.0981687	0.148753	-0.0689522	-0.0272721	0.387089	0.429865	0.101913	0	-0.0101974	
0.00850717	0.00701793	0.0641537	0.152344	-0.0888198	0.111752	0.148867	0.378651	0.241706	0.00276213	-0.0130692	0.198548	0.0237022	0.00242256	0.225795	-0.0507936	-0.054211	0.0807681	0.160891	-0.0715036	-0.0274435	0.342687	0.573024	0.100876	
0.0121209	0.00701793	0.0641537	0.161495	-0.0849729	0.131019	0.095023	0.36779	0.294386	-0.0434797	-0.0189318	0.198548	0.0237022	0.0338297	0.225795	-0.0442903	-0.0605887	0.0350831	0.208791	-0.0715036	-0.0274435	0.342687	0.634292	0.100876	0	0	
-0.00994461	0.00701793	0.063551	0.103219	-0.0772757	0.165096	0.176873	0.377487	0.308993	0.0252209	-0.0201178	0.278426	0.0225162	0.0868016	0.225192	-0.0430006	-0.0569235	0.0145808	0.125755	-0.0640198	-0.0262575	0.308603	0.634292	0.0830202	
-0.0118516	-0.000429902	0.0688482	0.0714252	-0.0828999	0.185308	0.146503	0.377487	0.441503	0.0191175	-0.0201178	0.189313	0.0225162	0.0646843	0.202408	-0.0430006	-0.0470467	0.0145808	0.123118	-0.0766707	-0.0337054	0.280405	0.562579	0.088663	0.0128032	
-0.00651222	0.00490951	0.0638677	0.123453	-0.0730474	0.190648	0.162201	0.380265	0.459064	-0.00222107	-0.0187939	0.218947	0.0143971	0.0686771	0.233909	-0.053574	-0.0470467	0.0352095	0.127477	-0.0582635	-0.028366	0.289454	0.558135	0.0899147	0	0.00548917	0	
-0.00651222	-0.00215455	0.0638677	0.0980609	-0.0820975	0.1515	0.201528	0.495421	0.380936	0.0272323	-0.0187939	0.333278	0.0201266	0.146055	0.209738	-0.0465099	-0.0498792	-0.0210162	0.127477	-0.0627827	-0.028366	0.272634	0.605267	0.0818097	0.0213267	
-0.00651222	-0.00215455	0.0668896	0.0565197	-0.0742151	0.1515	0.190962	0.499008	0.433508	0.0072926	-0.0187939	0.332181	0.0310367	0.0769968	0.21276	-0.0540199	-0.0387235	0.0357442	0.0948444	-0.061782	-0.028366	0.326811	0.58699	0.0818097	-0.00703921	-0.0532963	
0.0106945	-0.0040313	0.0687663	0.0565513	-0.0729518	0.149623	0.190962	0.415775	0.433508	-0.035222	-0.0162265	0.332181	0.034611	0.096658	0.21276	-0.0540199	-0.0387235	0.0155296	0.0948444	-0.0683089	-0.0302427	0.333721	0.66017	0.0818097	
0.00149779	-0.00492486	0.0683191	0.0800154	-0.0772068	0.155998	0.185025	0.415775	0.433508	-0.0874428	-0.0162265	0.332181	0.0352712	0.135381	0.212312	-0.0364407	-0.0387235	0.0214792	0.113319	-0.065349	-0.0302427	0.245628	0.683313	0.0818097	0.0302427	0	
0.00149779	-0.00671335	0.0683191	0.0800154	-0.0825848	0.17128	0.179954	0.362191	0.48584	0.0201706	-0.0162265	0.298269	0.0352712	0.0450411	0.227197	-0.0348622	-0.0030269	0.0575859	0.11839	-0.0586315	-0.0302427	0.245628	0.651829	0.0592914	
0.00149779	-0.00505077	0.0715605	0.118212	-0.086982	0.0654819	0.192014	0.388626	0.460834	-0.00169452	-0.0162265	0.430899	0.0352712	0.0696063	0.230438	-0.0372586	0.122532	0.129314	0.10633	-0.0620806	-0.0302427	0.245628	0.650166	0	0.00996266	
-0.0090328	-0.00505077	0.0715605	0.0737901	-0.0781257	0.0950894	0.192014	0.311628	0.459805	-0.0823854	-0.0162265	0.360519	0.0215878	0.0616063	0.179578	-0.0365049	0.121442	0.0215054	0.10633	-0.0648829	-0.0302427	0.278268	0.650166	
-0.0161412	-0.00880969	0.0715605	0.100032	-0.0808712	0.0442608	0.181544	0.342034	0.458459	-0.0742935	-0.0174812	0.359264	0.0203331	0.0603516	0.179578	-0.0348401	0.04736	0.0287731	0.115546	-0.0618691	-0.028988	0.206388	0.653925	0	-0.0253127	
-0.0218579	-0.00880969	0.0715605	0.0929414	-0.0771813	0.0943092	0.181544	0.300787	0.458459	-0.0844312	-0.0174812	0.411428	0.0203331	0.0603516	0.202869	-0.0457184	0.0119206	0.0261098	0.115546	-0.0604916	-0.028988	0.266224	0.632086	
-0.00109107	-0.00512421	0.0624332	0.0702368	-0.0748548	0.0979947	0.151724	0.300787	0.458459	-0.0732148	-0.0107166	0.340815	0.024937	0.0603516	0.198637	-0.036843	0.0248837	-0.00106655	0.107798	-0.044171	-0.0253025	0.225496	0.632086	
-0.00129819	-0.00533133	0.0618735	0.0356828	-0.0688178	0.0959845	0.230331	0.300787	0.545602	-0.0667954	-0.0107166	0.331599	0.0105104	0.0603516	0.19787	-0.0360698	0.0345925	0.0180344	0.0942582	-0.0484038	-0.0255096	0.279867	0.632086	0	
-0.00129819	-0.00533133	0.0618735	0.0031357	-0.0773107	0.13495	0.140237	0.352185	0.534053	-0.0218976	-0.0107166	0.310988	0.0105104	0.0603516	0.17482	-0.0353781	-0.0354786	0.0375378	0.184352	-0.0484038	-0.0255096	0.210039	0.571074	0.0320977	
0.0100264	-0.0103182	0.063191	0.015344	-0.0909947	0.164278	0.204176	0.371888	0.587963	-0.0301012	-0.0130323	0.47116	0.0183869	0.0666403	0.191653	-0.0303912	-0.0480077	0.0123943	0.129768	-0.0524301	-0.0260438	0.210574	0.576061	0	
0.0100264	-0.0103182	0.0688833	0.0933461	-0.0779819	0.164278	0.0990096	0.395008	0.481522	-0.0623141	-0.0130323	0.351121	0.0183869	0.0666403	0.194884	-0.0350397	-0.067804	-0.000754435	0.129768	-0.0420793	-0.0260438	0.210574	0.576061	0	
0.0307666	0.00213759	0.0724726	0.0491193	-0.069589	0.164278	0.201546	0.427064	0.375634	-0.0467746	-0.0130323	0.535227	0.0183869	0.0653291	0.217984	-0.0408828	-0.0357853	0.0212831	0.129768	-0.0546033	-0.0260438	0.245577	0.611914	0	
0.0307666	0.00213759	0.0724726	0.0315367	-0.0834196	0.181365	0.167148	0.334986	0.323812	-0.017924	-0.0178781	0.47317	0.0183869	0.0751559	0.217984	-0.0408828	-0.0082927	0.0429313	0.119718	-0.0546033	-0.0260438	0.178872	0.611914	0.0342119	
0.0199902	-0.00115597	0.0724726	0.0611226	-0.0595708	0.188055	0.167148	0.450137	0.340768	0.19615	-0.0207527	0.246124	-0.00380612	0.0751559	0.217116	-0.0367928	0.00103956	-0.0160123	0.119718	-0.0513098	-0.0260438	0.263365	0.615208	
0.0255148	-0.00115597	0.0667156	0.148514	-0.0595708	0.136095	0.13298	0.407293	0.269125	0.19615	-0.0207527	0.297315	-0.00380612	0.0699191	0.206874	-0.0311247	0.00103956	-0.00551549	0.130713	-0.0627728	-0.0260438	0.237749	0.60008	
0.0208658	-0.0058324	0.0658726	0.147023	-0.0776404	0.109705	0.13298	0.407162	0.274602	0.110843	-0.0208839	0.264372	-0.00499462	0.069788	0.247313	-0.0257709	-0.0482675	-0.0423377	0.130582	-0.0658398	-0.030589	0.368123	0.58068	0	
0.0208658	-0.0058324	0.0649224	0.190228	-0.0876531	0.0852068	0.1312	0.409188	0.261396	0.0102561	-0.0188576	0.203654	0.0181712	0.0634249	0.246363	-0.0217131	-0.0167644	0.00878331	0.132608	-0.0658398	-0.0326153	0.404866	0.576804	0.00196364	
0.0140384	-0.0126597	0.0717498	0.170775	-0.0793509	0.170355	0.1312	0.409188	0.261396	0.0670533	-0.0191035	0.226697	0.0399181	0.0825823	0.246363	-0.0206178	-0.0206021	0.0307715	0.132608	-0.0683552	-0.0394426	0.570685	0.61335	0.0164134	
-0.000746145	-0.0126597	0.0725482	0.151541	-0.0872157	0.170355	0.127839	0.341648	0.278667	0.114583	-0.0191035	0.229656	0.0399181	0.0956686	0.248293	-0.032795	-0.0577014	0.0432842	0.13597	-0.0651653	-0.0394426	0.562813	0.61335	
0.00408138	-0.00371226	0.0725482	0.233037	-0.0789861	0.166526	0.173508	0.39777	0.255858	0.0622795	-0.0177692	0.229656	0.0372884	0.0956686	0.248293	-0.0351334	-0.0577014	0.0285365	0.11345	-0.0780998	-0.0394426	0.562813	0.604402	
-0.00141502	-0.000141852	0.0725482	0.193918	-0.087344	0.166526	0.160862	0.405707	0.271197	0.0170942	-0.0236842	0.229656	0.0250246	0.0956686	0.248293	-0.0387038	-0.0630996	0.0118363	0.110397	-0.0816702	-0.0394426	0.506757	0.600832	
-0.0272707	-0.0124789	0.0725482	0.112566	-0.073258	0.133694	0.134555	0.31727	0.197602	-0.0163132	-0.0236842	0.26225	0.0250246	0.048386	0.250098	-0.0387104	-0.0352714	0.0549299	0.136705	-0.0693332	-0.0394426	0.506757	0.546105	0.0213631	0.039496	
-0.0144779	-0.0124789	0.0686875	0.143601	-0.0837683	0.200822	0.163886	0.403949	0.237206	-0.0406212	-0.0236842	0.37127	0.0250246	0.048386	0.246237	-0.0387104	-0.0567776	0.00418831	0.140467	-0.0798267	-0.0394426	0.446183	0.546105	0.0399414	
-0.0230441	-0.0124789	0.0701595	0.137603	-0.0819338	0.246526	0.155953	0.284021	0.283819	0.0237428	-0.0214747	0.403127	0.0272342	0.0680268	0.28918	-0.0387104	-0.0139904	0.0236797	0.142676	-0.0798529	-0.0416522	0.382002	0.572721	-0.021042	
-0.029114	-0.0124789	0.0645697	0.162525	-0.0713692	0.226582	0.143642	0.284021	0.148554	-0.00639394	-0.0295426	0.403127	0.0272342	0.0935386	0.28359	-0.0414917	-0.0720529	0.0816023	0.1123	-0.0696063	-0.0416522	0.382002	0.504268	-0.0330297	0	
-0.0433195	-0.00825686	0.0645697	0.140436	-0.0804371	0.253139	0.21294	0.284021	0.144459	0.00937828	-0.0295426	0.440492	0.0272342	0.0817393	0.287031	-0.0457137	-0.05831	0.0816023	0.1123	-0.0716143	-0.0416522	0.288496	0.500046	
-0.018885	-0.0102272	0.0665401	0.172196	-0.0732253	0.252772	0.155952	0.412972	0.220347	-0.0358939	-0.0295426	0.407905	0.0089231	0.117284	0.306921	-0.0376101	-0.0549524	0.0473941	0.1123	-0.0716143	-0.0436225	0.288496	0.500046	
-0.0333851	-0.0102272	0.0665401	0.0652231	-0.0704223	0.235365	0.161919	0.412972	0.308168	-0.00939577	-0.0295426	0.264824	0.0089231	0.140615	0.291682	-0.0540834	-0.00264424	0.0234734	0.1123	-0.0716143	-0.0436225	0.2572	0.55101	0.0289659	
-0.0301166	-0.0138491	0.0689263	0.0652434	-0.0479635	0.223639	0.161919	0.411479	0.202442	-0.0315477	-0.0310356	0.263331	0.00743014	0.145443	0.30593	-0.033979	-0.00413721	0.0270546	0.110807	-0.0626831	-0.0421296	0.237241	0.588611	0	
-0.0301166	-0.0160802	0.0689263	0.0879476	-0.0641192	0.246232	0.162141	0.411479	0.25107	-0.0351814	-0.0310356	0.293672	0.0344375	0.170743	0.300824	-0.0370329	-0.00413721	0.0320726	0.110585	-0.0604521	-0.0421296	0.237819	0.556863	0.0379169	
-0.022208	-0.0210594	0.0689263	0.0767092	-0.0577457	0.208782	0.150655	0.442745	0.198555	-0.0593708	-0.0310356	0.376279	0.0377701	0.139762	0.300824	-0.0328512	-0.0489202	0.0612903	0.110585	-0.0653265	-0.0421296	0.155244	0.594693	
-0.0315245	-0.0210594	0.0682541	0.153433	-0.0625273	0.215721	0.138231	0.380421	0.19608	0.0511688	-0.0310356	0.320041	0.0268574	0.140287	0.330598	-0.0328512	-0.0474984	0.0406468	0.123837	-0.055872	-0.0421296	0.349315	0.594693	0.0133614	
-0.0195636	-0.0219636	0.0716044	0.100357	-0.072788	0.212371	0.169075	0.415096	0.195195	0.0751966	-0.0300794	0.260606	0.0268574	0.126257	0.283219	-0.0395003	-0.0219334	0.0504295	0.0819159	-0.065938	-0.0454799	0.257809	0.559396	0	
-0.0239045	-0.027772	0.0716044	0.0670371	-0.0713021	0.212371	0.169075	0.445764	0.167013	0.00890335	-0.0300794	0.298476	0.0324356	0.120405	0.283219	-0.0271422	-0.0219334	0.0347911	0.0819159	-0.0601295	-0.0454799	0.28481	0.568752	
-0.0310841	-0.0215332	0.0716044	0.0989763	-0.0647477	0.258409	0.14124	0.439539	0.167013	-0.0188878	-0.0300794	0.214354	0.0324356	0.123011	0.283219	-0.0333811	-0.0523295	0.0121329	0.109751	-0.0584068	-0.0454799	0.291115	0.562513	0.0238635	
-0.025249	-0.0258498	0.0716044	0.148725	-0.065565	0.327698	0.0733015	0.447496	0.237844	-0.0475481	-0.0300794	0.204075	0.0323107	0.149777	0.282585	-0.0293242	-0.0293377	0.0168255	0.191641	-0.0540902	-0.0454799	0.299799	0.56683	-0.230502	
-0.025249	-0.0258498	0.0786224	0.114549	-0.065565	0.327698	0.0733015	0.42005	0.211217	-0.0514158	-0.0300794	0.318888	0.0403582	0.149777	0.293484	-0.0221541	-0.0119018	0.0155428	0.191641	-0.0540902	-0.0454799	0.251051	0.555839	
-0.0233509	-0.0258498	0.0780136	0.133663	-0.0683944	0.249091	0.0338235	0.367644	0.238234	-0.0694398	-0.0300794	0.260885	0.0403582	0.159927	0.279352	-0.014634	-0.0491007	0.0270613	0.207736	-0.0540902	-0.0454799	0.284838	0.555839	
-0.0233509	-0.0261788	0.0786304	0.179739	-0.0717303	0.199825	0.0386819	0.296929	0.238234	-0.0252477	-0.0300794	0.260885	0.0403582	0.15539	0.279969	-0.014305	0.024589	0.0270613	0.207736	-0.0450499	-0.0454799	0.280414	0.556168	-0.0121784	0.0491701	0.00901021	
-0.0324318	-0.0261788	0.0852521	0.180358	-0.0767918	0.223754	0.0285456	0.315223	0.238234	0.00533051	-0.0317486	0.294327	0.0268351	0.119871	0.28659	-0.01583	0.0250898	0.0330366	0.268529	-0.0450499	-0.0454799	0.280414	0.556168	-0.0284951	-0.0397911	
-0.029067	-0.00712653	0.0813382	0.137068	-0.0754049	0.226578	0.0334051	0.397658	0.229681	0.0297864	-0.0317486	0.294327	0.0268351	0.0868954	0.235418	-0.0397326	-0.0418109	0.0922173	0.264826	-0.0539261	-0.0426562	0.280414	0.539939	0.105962	
-0.0284321	-0.00712653	0.0813382	0.139883	-0.0897942	0.226578	0.00477367	0.384383	0.20178	-0.0175641	-0.0323759	0.31526	0.0292725	0.108217	0.226541	-0.0397326	-0.0457397	0.0556957	0.264826	-0.0709609	-0.0426562	0.258908	0.443597	
-0.039278	-0.00712653	0.0851364	0.0887689	-0.0869466	0.199202	0.00477367	0.347848	0.334886	-0.0267132	-0.0345362	0.267196	0.0292725	0.110495	0.259023	-0.0397326	-0.0606964	0.047724	0.264826	-0.0766868	-0.0426562	0.225091	0.443597	0.0784483	
-0.0339856	-0.00712653	0.0851364	0.095769	-0.076784	0.241577	0.00477367	0.347964	0.31798	-0.0325216	-0.035322	0.336459	0.0292725	0.112974	0.217416	-0.0515584	-0.0586517	0.0269468	0.264826	-0.0661487	-0.0426562	0.234434	0.443597	
-0.0266985	-0.0171319	0.0815326	0.14787	-0.0791544	0.231971	0.00477367	0.347964	0.312581	-0.0170276	-0.0382346	0.235513	0.021741	0.112974	0.208178	-0.0282138	-0.0440296	0.034953	0.264826	-0.0561433	-0.0426562	0.234434	0.453602	0.0587741	0.00338731	0.0772338	
-0.0340213	-0.0171319	0.0815326	0.14787	-0.0702028	0.231111	-0.031369	0.347964	0.229675	0.0444062	-0.0382346	0.141332	0.0195066	0.193322	0.208178	-0.0282138	-0.0394117	-0.0174543	0.264826	-0.0628253	-0.0426562	0.234434	0.504603	0.0324368	
-0.0345449	-0.0171319	0.0813992	0.0336414	-0.0687049	0.169583	-0.0141821	0.328831	0.167964	0.0416543	-0.0382346	0.213261	0.0296835	0.181785	0.242345	-0.040878	-0.0454424	-0.0223408	0.26619	-0.0602481	-0.0426562	0.260338	0.504603	0.0733406	
-0.0345449	-0.0171319	0.0813992	0.094196	-0.0733865	0.176609	0.0416686	0.306473	0.167964	-0.0135765	-0.0382346	0.137574	0.0315942	0.170313	0.253184	-0.0357229	-0.0445911	-0.0169922	0.26619	-0.0560331	-0.0426562	0.336978	0.526417	0.0227866	0.027433	
-0.0345449	-0.0171319	0.0793948	0.149935	-0.0771399	0.176609	0.00291876	0.359252	0.167964	-0.0136493	-0.0382346	0.241188	0.0315942	0.16059	0.23874	-0.0234171	-0.0132993	-0.00228156	0.26619	-0.0560331	-0.0426562	0.336978	0.565218	
-0.0154474	-0.0171319	0.0793948	0.113502	-0.0777212	0.176609	0.128166	0.372284	0.185233	-0.0205751	-0.0371917	0.159803	0.0430205	0.17771	0.264687	-0.0214847	-0.00662801	-0.0314538	0.137109	-0.050383	-0.0426562	0.239513	0.581655	
-0.029874	-0.0199417	0.085489	0.113502	-0.073212	0.173799	0.105174	0.387282	0.128093	-0.0282449	-0.0371917	0.237499	0.0430205	0.178286	0.324952	-0.0201452	-0.0332366	-0.00915994	0.137109	-0.050383	-0.045466	0.219795	0.581655	0.0341534	
-0.0165206	-0.0199417	0.0840434	0.131184	-0.0777173	0.173799	0.125346	0.401876	0.200838	-0.0356593	-0.0380323	0.226083	0.0383612	0.178286	0.313827	-0.030162	0.00258141	-0.00107029	0.148626	-0.050383	-0.045466	0.194256	0.581655	
-0.0206686	-0.0199417	0.0840434	0.07782	-0.0774377	0.173799	0.172715	0.403912	0.203057	-0.102211	-0.0324368	0.186999	0.0387913	0.182856	0.30567	-0.0340523	0.00996183	0.0261413	0.10184	-0.0540121	-0.0476848	0.204149	0.548021	-0.033087	
-0.0207093	-0.0199823	0.0840841	0.0428296	-0.0728037	0.149462	0.189362	0.448782	0.203057	-0.115955	-0.029428	0.163108	0.0261491	0.182856	0.289148	-0.0406881	-0.0123214	-0.00301196	0.10184	-0.0540121	-0.0477254	0.181298	0.497338	-0.000703202	0	0	
-0.0207093	-0.0199823	0.0870094	0.0334036	-0.0676948	0.149462	0.211423	0.448782	0.190957	-0.10008	-0.029428	0.179558	0.00714241	0.120347	0.292073	-0.0357841	-0.00193176	-0.00463859	0.10184	-0.0540121	-0.0477254	0.286703	0.480119	0.0181026	-0.0325515	0	
-0.0207093	-0.0212291	0.0829886	0.0525154	-0.0751014	0.149462	0.0970433	0.448782	0.180393	-0.0800501	-0.029428	0.313802	-0.00155625	0.115652	0.288053	-0.0235322	0.000769924	-0.0229629	0.173066	-0.0612321	-0.0477254	0.219176	0.482868	0	
-0.0205416	-0.0212291	0.0764825	0.0735663	-0.0698956	0.128004	0.133669	0.448782	0.188538	0.0171418	-0.029428	0.196866	-0.00155625	0.1093	0.321407	-0.0235322	0.053529	-0.0200619	0.136441	-0.0612321	-0.0477254	0.240827	0.449943	-0.0587431	0.00139606	0	0	
-0.0129367	-0.0181943	0.0726036	0.0768172	-0.0648739	0.118056	0.111818	0.448782	0.223492	0.0704974	-0.0242917	0.225628	0.0105425	0.133653	0.317528	-0.026567	0.053529	0.0187405	0.158291	-0.0520684	-0.0477254	0.211339	0.446908	0	0.0585235	
