-0.0534723	0.0548518	0.158735	0.538442	0.309051	0.22831	0.0419433	0.00966878	0.00615887	0.0929534	0.156	-0.00236179	0.0249124	0	0	0	0	0	0	0	0	0	0	0	0	0	0	0	0	0	0	0	0	0	0	0	0	0	0	0	0	0	0	0	0	0	0	0	0	0	0	0	0	0	0	0	0	0	0	0	0	0	0	0	0	0	0	0	0	0	0	0	0	0	0	0	0	0	0	0	0	0	0	
-0.0543381	0	0.158735	0.539399	0.309051	0.22831	0.0419433	0.00966878	0.0594336	0.0929534	0.156	-0.00236179	0.0320169	-0.00767176	-0.012245	-0.00587522	-0.0295255	-0.00843769	0	0.156	0	-0.00781769	-0.0160389	-0.0221227	0	0.00489705	0.0432945	0	0.061767	0.00615887	0	0	0	-0.0356093	0.0348344	-0.0294359	0.00487624	0	0.00933909	0	0.011644	0.008655	0.128801	0.00680515	0.108451	-0.0310805	0.000311652	0	0.0948113	-0.0285659	-0.0401168	
-0.0540525	0	0.539114	0.309051	0.22831	-0.00461714	0.00966878	0.0960185	0.0929534	0.156	0.158735	0.161292	0.0428107	-0.00236179	0.0157657	0.0355581	-0.0166002	0.0463941	0.0100306	0.0436507	0.122562	0.061767	0.00615887	-0.00998118	0.0273269	-0.0173454	0.139835	-0.0207195	-0.00143765	0.0545909	0.0325625	-0.0209204	0.0492965	-0.0431606	0.132288	-0.0203834	0.0633181	-0.016648	0.00284246	0.15733	-0.0285659	-0.0148938	
-0.0540525	0	0.539114	0.296767	0.228672	0.0614774	0.00537033	0.078279	0.0614236	0.145906	0.175909	0.150688	0.0581779	0.0541594	0.0317863	-0.0376652	-0.0112379	-0.00236179	0.0104573	-0.0128707	0.0969465	-0.039054	0.0436507	0.0138243	0.122562	0.0207571	0.20001	0.0241328	-0.0274274	0.223063	-0.0460425	-0.0285659	0.0590196	0.0452361	0.179081	0.401276	0.00687533	-0.0776718	
-0.0540525	-0.0424774	0.0193537	0.532744	0.296767	0.228672	0.0614774	0.017723	0.0695493	0.0104573	0.049071	0.145906	0.175909	0.111323	0.0581779	-0.0342805	-0.00342994	-0.00236179	-0.022125	0.0986288	0.0590196	-0.00333484	0.0253128	0.0317863	0.176816	0.00687533	0.0436507	0.059869	0.0950224	0.196287	-0.0815996	-0.0233175	0.0185823	-0.0397801	0.281604	
-0.050571	-0.0424774	0.0155552	0.529262	0.29153	0.230233	0.0827816	0.0192841	0.0847071	0.0088962	0.045285	0.16392	0.175909	0.149363	0.0800626	-0.0466687	0.009375	0.0329047	-0.00169185	0.0906657	0.0229547	-0.00509992	0.281128	0.0389192	0.0436507	0.0617914	0.239556	-0.00563512	0.211169	-0.0668105	-0.00669381	0.020928	0.00969986	0.281604	
-0.050571	-0.0168098	0.0155552	0.529262	0.29153	0.1832	0.0354682	0.019555	0.0847071	0.0086253	0.045285	0.193206	0.175909	0.149363	0.0680496	-0.0483105	0.00960693	-0.021117	-0.00116788	-0.0332326	-0.018936	-0.00456404	0.0928432	0.00379374	0.162361	0.0391901	0.0436507	0.0617914	0.322671	0.0454428	0.32841	0.0116658	-0.0380516	0.0325186	
-0.0471267	-0.0315441	0.0155552	0.567574	0.29153	0.1832	0.110166	0.019555	0.0847071	0.0086253	0.137287	0.211157	0.175909	0.0810874	0.218332	0.00960693	-0.021117	-0.00116788	0.0436507	-0.00781424	-0.0519683	0.021042	-0.00454455	-0.0230959	0.0783502	0.0835987	-0.0125575	0.0654193	0.322671	0.0454428	0.276803	0.0398054	-0.0380516	0.071035	
-0.0418743	-0.0061964	0.00372057	0.562322	0.29153	0.201379	0.0589259	0.019335	0.105514	0.00884534	0.0603721	0.216225	0.148168	0.0623909	0.0676616	0.0238961	-0.00517373	-0.0305549	-0.00116788	0.0533482	-0.0181263	-0.0793658	0.0513259	-0.0161504	0.0455231	0.0699421	0.0929643	-0.020807	-0.0327236	0.299539	0.0327497	0.392548	-0.0294142	0.0319462	
-0.0418743	-0.0172681	-0.0124465	0.606975	0.29153	0.203282	0.0501238	0.019335	0.0649443	0.00884534	0.0603721	0.216225	0.148168	0.057508	0.114503	0.228083	0.00892094	-0.0103143	-0.00116788	-0.0543457	0.0457034	0.369378	-0.0159759	0.0634883	0.0423486	0.0929643	-0.00520843	-0.0299777	-0.0421034	0.0869077	0.349889	0.0562029	
-0.0369064	-0.0124771	-0.0348402	0.602007	0.29153	0.152846	0.126446	0.0164785	0.055817	0.00884534	0.081987	0.227551	0.148168	0.057508	0.114503	-0.040862	-0.000186838	-0.00116788	0.127754	-0.017835	-0.00520843	0.0443064	0.369378	-0.0131195	0.0127815	0.0387236	-0.0407404	-0.0207398	0.0924659	0.349889	0.0562029	0.0382914	
-0.0385261	-0.0124771	-0.0482808	0.603626	0.276016	0.152846	0.1853	0.0164785	0.136276	0.00884534	0.0879692	0.250397	0.148168	0.0796141	0.0813524	0.221454	0.0100545	-0.00116788	0.0494369	0	0.103256	-0.017835	-0.0156244	0.0443064	0.369378	0.0527223	0.0211064	-0.0209105	0.0166367	0.121938	0.349889	0.0519538	0.0437863	
-0.0385261	-0.0335147	-0.0482808	0.578793	0.276016	0.154493	0.181724	0.0141745	0.0932836	0.00719846	0.0970515	0.250397	0.14537	0.0377697	0.0688838	-0.0289433	0.0162545	-0.00116788	0.147567	-0.0623698	0.016585	-0.0156244	0.0443064	0.358024	0.0106185	0.0361131	-0.0372404	0.0212875	0.104543	0.349889	0.0524356	0.0901585	
-0.0385261	-0.0246195	-0.0320271	0.578793	0.320543	0.154493	0.211992	0.0141745	0.096256	0.00719846	0.124192	0.261673	0.132098	0.0824265	0.0684036	-0.0402194	0.0187711	-0.00116788	0.147567	-0.0163214	-0.0080611	-0.0185967	0.0948522	0.358024	0.020631	0.0361131	-0.0163925	0.05286	0.111636	0.311857	0.0888788	0.0792717	
-0.0385261	-0.0174171	-0.0647012	0.608377	0.320543	0.123622	0.0556278	0.0141745	0.112284	0.00719846	0.124192	0.261673	0.147044	0.0556866	0.0684036	0.277037	0.0155906	-0.00116788	0.126061	-0.0236688	-0.0109351	-0.0280061	0.0948522	0.358024	0.0016741	0.0196783	-0.0163925	0.05286	0	0.11004	0.251095	0.0538703	0.0792717	
-0.0385261	-0.0174171	-0.0414301	0.608377	0.320543	0.154773	0.153856	0.0141745	0.108182	0.00719846	0.101032	0.261673	0.147044	0.0556866	0.0684036	0.255336	0.035452	-0.00116788	0.115645	-0.086449	-0.0132096	-0.0280061	0.0948522	0.358024	0.0266051	0.0528097	-0.0163925	0.00606482	0.0835972	0.0898781	0.0980111	0	0	0.200424	
-0.0388836	-0.0054182	-0.0616924	0.608735	0.2811	0.121634	0.15829	0.0147468	0.101319	0.00719846	0.10046	0.261673	0.164385	0.076587	0.0527381	0.260372	0.0141943	-0.00116788	0.0323239	-0.00697071	-0.0211432	0.450682	0.0359025	0.0701327	-0.0367782	0.0716523	0.0658328	0.0699919	0.0980111	0.0145453	0.00516434	0	0.150691	
-0.0388836	-0.0054182	-0.0442266	0.617879	0.2811	0.147699	0.0918836	0.0134483	0.097794	0.008497	0.105937	0.261673	0.215627	0.0876297	0.0527381	0.254919	0.0197107	-0.00116788	0.0323239	0.0954182	-0.00471632	0.347306	0.0359025	-0.00554471	-0.0237448	0.0716523	0.0219706	0.0686933	0.0980111	0.0188065	0.0649016	0.161118	-0.0249305	
-0.0388836	-0.0054182	-0.0433597	0.603806	0.287762	0.147699	0.111172	0.0134483	0.146702	0.008497	0.105937	0.268867	0.215627	0.0876297	0.0643574	0.254919	0.00923566	-0.0116429	0.0112985	0.0954182	0.0110961	0.0596162	-0.0191419	0.0716523	0.03842	0.0686933	0.0758193	-0.00800473	0.347306	0.097072	0.270484	-0.0249305	
-0.0441479	-0.0196761	-0.0433597	0.60907	0.287762	0.16345	0.121075	0.0103659	0.154565	0.0115794	0.120152	0.198857	0.185284	0.0907825	0.201932	0.301553	0.00923566	-0.0116429	0.107228	0.240615	0.0269389	-0.00568317	-0.0334521	0.0608007	0.0673776	0.0523863	0.0758193	0.0415403	0.347306	0.165763	-0.0249305	
-0.0386631	-0.0318147	-0.0246197	0.603073	0.287249	0.158751	0.152529	0.00756649	0.133518	0.0110665	0.137754	0.136028	0.21378	0.122313	0.218643	0.328356	0.0256239	0.00525821	0.00517417	0.185762	-0.00237011	0.299468	0	0.0375752	-0.0147742	0.0633578	0.0391491	0.0196789	0.0924498	0.0582948	0.329953	-0.0284275	
-0.0386631	-0.0320036	-0.0260913	0.617616	0.287249	0.139339	0.187536	0.00756649	0.0929081	0.0110665	0.0975148	0.173325	0.21378	0.122313	0.128	0.264714	0.0138761	-0.00648956	0.113806	0.18821	-0.00789023	0.196593	0	-0.0264002	0.0404877	0.00549208	-0.0147742	0.0633578	0.00586389	0.0496171	0.0911253	0.0152403	0.402083	
-0.0386631	-0.0171516	-0.0274932	0.617616	0.249627	0.143531	0.110815	0.0117588	0.123938	0.00687423	0.112746	0.173325	0.182684	0.122313	0.128	0.264714	0.0140074	-0.00648956	0.0689711	0.243412	-0.00789023	0.22185	0.402083	-0.0447091	0	-0.0117521	0.0634853	0	0.0153636	-0.0271238	0.0633578	0.0104527	0.0593444	0.0930052	-0.0190455	
-0.0391406	-0.0379649	-0.0279948	0.594953	0.233196	0.143531	0.0693892	0.0117588	0.135885	0.00687423	0.112746	0.168141	0.182684	0.132144	0.0896023	0.264714	0.0293185	0.0092803	0.132945	0.231624	-0.00789023	0.218797	0.402083	-0.0437715	-0.0190455	0.127779	-0.0362891	0.0153636	0.0181849	0.0446551	0.0104527	0.0797534	0.0930052	
-0.0435889	-0.00671728	-0.0279929	0.599401	0.233196	0.143531	0.120754	0.0117588	0.135885	0.00687423	0.11917	0.168141	0.170058	0.0672403	0.0611194	0.250437	0.027315	0.0092803	0.0746732	0.231624	0.0341665	0.258763	0.459092	-0.0437715	-0.0579765	0.0599051	-0.00536536	0.0397797	0.0821318	0.0433935	0.0930052	
-0.0437854	-0.00892611	-0.0350353	0.606454	0.233196	0.167639	0.136709	0.0182649	0.0930052	0.00687423	0.105016	0.168141	0.155385	0.0944175	0.0062066	0.0723553	0.027315	0.0092803	0.0331127	0.278826	0.0136656	0.297218	0.122682	-0.0635594	-0.0307932	0.0328243	0.432869	0	0.0206859	0.0535866	0.0380483	0.0287636	
-0.0437854	-0.0369012	-0.0365833	0.606454	0.214057	0.173851	0.148206	0.0182649	0.0930052	0.00687423	0.105016	0.194719	0.151052	0.0765405	0.0403854	0.276533	0.0483052	0.0302705	0.0918762	0.278826	0.0075921	0.217471	0.170144	-0.0685089	-0.0307932	0.0295994	0.378964	0.0953887	-0.00836164	0	0.0162989	
-0.0355509	-0.00672814	-0.0591506	0.598219	0.259332	0.173851	0.0642261	0.0118981	0.0537503	0.00687423	0.0954636	0.108287	0.151052	0.0765405	0.0586696	0.178431	0.0381156	0.0302705	0.0701465	0.198073	0.0139589	0.483942	0.140768	-0.0661146	-0.0324053	0.0126171	0.402937	0.0600745	0.0369007	0.0162989	0.0256555	
-0.0355509	-0.00672814	-0.0275207	0.575692	0.25681	0.173851	0.0691366	0.0118981	0.0511085	0.00687423	0.124263	0.13423	0.173848	0.0766427	0.0369385	0.119411	0.0381156	0.0302705	0.194031	0.156939	-0.0111523	0.343962	0.144112	-0.0694594	-0.0731781	-0.0163857	0.416894	0.00337975	0.0717799	0.0162989	
-0.0335323	-0.0183941	-0.047507	0.57557	0.195365	0.173851	0.130521	0.0132407	0.0776669	0.00877176	0.12292	0.22695	0.175745	0.114009	0.038836	-0.0622624	0.0401456	0.028373	0.0638271	0.156939	-0.0215337	0.301116	0.147898	-0.0533597	-0.0913346	0.0341066	0.418791	0.0146624	0.0379175	0.014	-0.00750119	
-0.0335323	-0.0183941	-0.0444496	0.591083	0.222011	0.146819	0.137015	0.0132407	0.0776669	0.00877176	0.121973	0.162175	0.167214	0.0885594	0.0563843	0.251322	0.0288953	0.0171227	0.00759907	0.107372	-0.00907493	0.239557	0.131666	-0.0533597	-0.100528	0.0239076	0.359893	0.0146624	0.0379175	0.000603713	0.0328276	0	
-0.0268505	-0.0206751	-0.0200656	0.584401	0.223674	0.147445	0.109388	0.0137806	0.0776669	0.00877176	0.110775	0.181164	0.176637	0.0885594	0.102865	0.17078	0.0388952	0.0300509	-0.0178935	0.110639	-0.014498	0.261645	0.112645	-0.0533597	-0.108827	-0.0215506	0.359893	0.0505954	0.0120836	-0.000574858	-0.0432182	
-0.0318784	-0.0369838	-0.0193881	0.589429	0.223674	0.160144	0.0955013	0.0137806	0.0637271	0.00877176	0.109462	0.220982	0.180562	0.0574581	0.0922228	0.150003	-0.00583116	0.0183029	-0.0178935	0.110639	-0.00844587	0.143956	0.119864	-0.0608554	-0.104642	0.0201003	0.359893	0.0970781	-0.0282777	0.0127997	-0.00417244	
-0.0317982	-0.0398645	-0.0193881	0.589349	0.223674	0.160144	0.11164	0.0137806	0.0740735	0.00877176	0.11544	0.263697	0.180562	0.0551347	0.0948384	0.150003	0.00905102	0.0177287	0.038969	0.210995	-0.0144876	0.182081	0.102332	-0.0433226	-0.0972515	0.00146343	0.359893	0.0979851	-0.0114394	0.00849622	0	0	
-0.0317982	-0.0398799	-0.0484075	0.589349	0.223674	0.139815	0.11164	0.0156306	0.074443	0.00877176	0.11359	0.187964	0.180562	0.0551347	0.0572815	0.0936554	0.00706053	0.0177287	-0.0312142	0.169056	-0.0113233	0.182081	0.123248	-0.0433226	-0.0918322	0.026692	0.439301	0.09429	-0.00672943	0.00849622	0	
-0.0317982	-0.0415845	-0.0421583	0.589349	0.223674	0.139815	0.226058	0.0156306	0.0774214	0.00877176	0.109236	0.187964	0.198426	0.0560565	0.041454	0.124816	0.0510801	0.0177287	0.0357487	0.194881	0.042173	0.172742	0.123248	-0.0433226	0.0451379	0.025562	0.403466	0.15796	-0.00672943	0.00918945	
-0.0317982	-0.0605166	-0.0408919	0.589349	0.223674	0.139815	0.226058	0.00813051	0.0774214	0.00877176	0.104126	0.154181	0.178091	0.062584	0.0418572	0.143022	0.0510801	0.0177287	0.19936	0.177202	0.0247975	0.168148	0.105841	-0.0372827	0.0540322	0.000890443	0.403466	0.123739	-0.0538495	0.00592951	0	
-0.0321873	-0.043315	0.00720504	0.589738	0.223674	0.139815	0.243057	0.0145409	0.0584204	0.00877176	0.0976632	0.211009	0.149385	0.062584	0.0903888	0.187022	0.049308	0.0177287	0.290559	0.177202	0.0183871	0.168148	0.137698	-0.044391	0.0991761	-0.0010334	0.403466	0.126634	-0.0691451	0.0296557	0.0321873	
-0.0284314	-0.0444498	-0.0142929	0.604001	0.226896	0.133027	0.144089	0.0145409	0.0584204	0.0125276	0.116571	0.211009	0.158719	0.0997612	0.0903888	0.277906	0.0504741	0.0227235	0.163263	0.177202	-0.0203079	0.173419	0.143101	-0.0541267	0.0568913	0.0234361	0.413465	0.126634	-0.0688293	0.0296557	0.0321873	0.0333259	
-0.0284314	-0.0346432	-0.00582469	0.567164	0.226896	0.134371	0.204628	0.0138255	0.0488359	0.0111836	0.102567	0.211009	0.184926	0.0279589	0.104948	0.238296	0.0513055	0.0227235	0.128589	0.21303	0.0246086	0.177853	0.134537	-0.0541267	0.0498289	0.0158733	0.413465	0.116619	-0.0884642	0.0135805	0.0321873	
-0.0244084	-0.0446796	-0.00209245	0.567164	0.226896	0.155863	0.176841	0.00825577	0.0308815	0.0152066	0.145495	0.211009	0.136984	0.0440897	0.104948	0.195606	0.0476305	0.0187005	0.0498949	0.205072	-0.0122359	0.112486	0.151016	-0.0584874	0.285009	0.0296509	0.413465	0.117068	-0.0909746	0.00597631	0.0321873	0	
-0.0244084	-0.0290849	-0.0108176	0.567164	0.226896	0.192644	0.13965	0.00825577	0.0411607	0.0152066	0.162499	0.299239	0.14804	0.0172747	0.104948	0.166306	0.0169599	0.0151059	0.0705764	0.215626	0.00730631	0.176711	0.114056	-0.0584874	0.153572	0.0186798	0.413465	0.110075	-0.088729	-0.000377693	0.0321873	0	
-0.0236153	-0.0261503	-0.0173863	0.567164	0.226896	0.20171	0.151671	0.00825577	0.0411607	0.0159997	0.162499	0.261401	0.153229	0.03658	0.10527	0.126577	0.0169599	0.0143128	0.0883044	0.14255	0.0446016	0.176711	0.170238	-0.0510823	0.0823055	0.014479	0.46209	0.11778	-0.0879489	-0.000377693	0.0321873	
-0.0236153	-0.0423398	-0.00706081	0.567164	0.236842	0.234825	0.146553	0.014479	0.0411607	0.0159997	0.156276	0.226467	0.153229	0.0792939	0.066494	0.145261	0.0301557	0.0143128	0.00615912	0.127672	0.048947	0.19255	0.141057	-0.0703572	0.0125435	0.014479	0.46209	0.0899902	-0.0823174	-0.00741053	0.0321873	0.0933556	
-0.0295591	-0.0449541	-0.0393665	0.573107	0.236842	0.230915	0.129473	0.0105685	0.0411607	0.0199102	0.156276	0.17844	0.153229	0.0231544	0.113813	0.121645	0.0301557	0.0143128	0.0168792	0.136079	0.048947	0.0795626	0.140527	-0.0633945	-0.0435548	0.0107516	0.46209	0.0699408	-0.0864196	-0.0195611	0.00857196	0.0376504	
-0.0347599	-0.03433	0.00871192	0.578308	0.222251	0.226656	0.160181	0.00631011	0.0420031	0.0241686	0.156276	0.1788	0.153229	0.0451611	0.113813	-0.0762804	0.0650431	0.0492003	-0.00352195	0.131821	0.0396583	0.303745	0.144067	-0.0727177	-0.0477468	0.0320118	0.416825	0.0533524	-0.0898389	-0.0404652	0.00857196	0	
-0.0347599	-0.0464931	-0.016373	0.578308	0.222251	0.226656	0.124949	0.00631011	0.0420031	0.0241686	0.156276	0.188684	0.153229	0.0776981	0.0920535	0.112957	0.052543	0.0321324	-0.00318751	0.131821	0.0290275	0.195271	0.185349	-0.0685471	-0.0749242	0.00803652	0.381411	0.11509	-0.0954047	-0.0290185	0.00857196	
-0.0339117	-0.0511496	-0.0191057	0.57746	0.222251	0.226656	0.133617	0.00864576	0.0420031	0.0241686	0.15394	0.131066	0.153229	0.0312024	0.0920535	0.146798	0.0572775	0.0368669	-0.00318751	0.0925389	0.0544124	0.110805	0.127384	-0.0685471	-0.0972151	-0.0120569	0.404374	0.0715482	-0.0957183	-0.0290185	0.00857196	0.242253	
-0.0325085	-0.0511496	-0.0191057	0.576057	0.249569	0.255346	0.134649	0.00967829	0.0475997	0.0231361	0.15394	0.131066	0.156679	0.0312024	0.0920535	0.146798	0.0555168	0.0351062	-0.0276676	0.124685	0.0415135	0.16597	0.136172	-0.0773351	-0.0970664	0.0617429	0.404374	0.101508	-0.0914697	-0.0290185	0.00857196	0.0151101	
-0.0320786	-0.0447951	0.00617046	0.575627	0.254426	0.257393	0.0893921	0.00967829	0.0475997	0.0231361	0.194341	0.191322	0.156679	0.06172	0.0533661	0.146798	0.0371991	0.0390838	-0.00939878	0.140913	0.056085	0.138991	0.161658	-0.026573	-0.0311072	0.0239399	0.457948	0.0727311	-0.0854187	-0.027393	0.00857196	0.0406506	
-0.0512595	0.0282231	0.543548	0.201159	0.256888	0.145976	0.0116118	0.0477939	0.0231361	0.171364	0.15014	0.162342	0.06172	0.0533661	0.146798	0.0217483	0.0384913	-0.0193826	0.167538	0.0438493	0.0925035	0.145755	-0.068238	-0.0231141	0.0376699	0.496547	0.107678	-0.0366257	-0.027393	0.00857196	-0.0482197	
-0.0395073	0.0217196	-0.0181766	0.543548	0.224798	0.218717	0.144208	0.0116118	0.0658859	0.0231361	0.171766	0.186334	0.162342	0.0336767	0.0825653	0.270352	0.0161086	0.0311409	-0.0453849	0.167538	0.0438493	0.138539	0.187003	-0.0447451	-0.0041314	-0.00327334	0.497583	0.107678	-0.0355246	-0.027393	0.00857196	
-0.0473689	-0.0661115	0.0133265	0.548303	0.224798	0.208986	0.0900947	0.0116118	0.0648947	0.0278907	0.140419	0.191089	0.166668	0.059059	0.124957	0.275107	0.0300343	0.032622	-0.0378974	0.167538	0.00234251	0.14198	0.156274	-0.0245065	-0.0460886	-0.0254582	0.497583	0.139464	-0.0262304	-0.0226384	-0.0458507	0	
-0.0229245	-0.0261752	0.0133265	0.566439	0.245877	0.208986	0.105496	0.0116118	0.0648947	0.0278907	0.135937	0.174086	0.166668	0.059059	0.105569	0.275107	0.0597725	0.037676	-0.0478477	0.227946	0.0114158	0.104517	0.154013	0.0122156	0.0378196	0.00527258	0.460691	0.119702	-0.033001	-0.0207424	0.0313373	
-0.019758	-0.0142391	0.0133265	0.617212	0.224392	0.235907	0.170032	0.00694284	0.0648947	0.0306583	0.137838	0.179138	0.166668	0.0518659	0.116691	0.228647	0.0379233	0.0366425	0.032703	0.225179	0.0121026	0.284372	0.147271	0.0118252	0.0344724	0.00250497	0.410176	0.11543	-0.0363459	-0.0207424	-0.0444858	0	
-0.00139386	-0.0103759	0.0133265	0.617212	0.224392	0.235907	0.144155	0.00197937	0.0648947	0.0306583	0.131187	0.166601	0.166668	0.0518659	0.142716	0.180332	0.0623117	0.041115	0.0395138	0.225179	0.0463661	0.267401	0.157119	0.00280939	0.0364703	8.09202e-05	0.410176	0.161048	0.0081788	-0.0267137	0.0454523	
-0.00139386	-0.00714025	0.0133265	0.617212	0.228732	0.235752	0.110549	0.00182443	0.0648947	0.0308132	0.128797	0.166601	0.147323	0.0518659	0.149682	0.237595	0.0623117	0.041115	0.00236619	0.157247	0.0486768	0.158921	0.156606	0.00280939	0.0334846	0.0350762	0.443665	0.135433	-0.0402444	-0.0131489	-0.0173516	
0.000443452	-0.00453234	0.0124613	0.616346	0.228732	0.178637	0.110549	-0.00320559	0.0405723	0.029948	0.113388	0.174118	0.121911	0.0663366	0.121383	0.23673	0.0737177	0.0533862	-0.0313682	0.269997	0.0131869	0.113357	0.148334	0.0317599	0.0471206	0.0292877	0.460105	0.147893	0.0254102	-0.0134476	-0.0282712	0	0.0334527	0.0196846	
-0.0125738	-0.000737822	0.0124613	0.616346	0.259377	0.178637	0.196134	0.0156317	0.0394005	0.029948	0.103155	0.185501	0.146468	0.0483481	0.200957	0.255292	0.0677835	0.0474521	-0.0350248	0.269997	-0.00565033	0.130949	0.0224779	0.0345399	0.0292877	0.39775	0.147893	0.160576	-0.033606	0	
-0.0408937	0.0101523	0.0124613	0.616346	0.220063	0.178637	0.127549	0.0156317	0.0394005	0.029948	0.0777625	0.287269	0.118064	0.086432	0.120707	-0.0684227	0.0703189	0.0586595	-0.0350248	0.273293	0.0396366	0.0600638	0.124193	0.00824682	0.0319268	0.0292877	0.43184	0.15206	0.0599289	-0.0282296	
-0.0264686	0.0128706	0.012442	0.683282	0.220063	0.178637	0.127549	0.00291149	0.0593429	0.0299286	0.0904826	0.272969	0.155598	0.0762682	0.0803445	-0.0975366	0.0730373	0.0613972	-0.0416899	0.273624	0.0523567	0.0685283	0.124193	0.0308204	0.0319268	-0.00168725	0.43184	0.153731	0.0175787	-0.0278722	
-0.0396626	0.0100208	0.012442	0.683282	0.274677	0.178637	0.105792	0.00827939	0.0593429	0.0299286	0.0851147	0.364537	0.14933	0.0762682	0.0293757	-0.189105	0.0870136	0.0613131	-0.0191477	0.271222	0.101406	0.0866677	0.13624	-0.00309222	0.0319268	0.0212935	0.429062	0.163379	0.125456	-0.0278722	-0.0282678	
-0.0403652	0.0135682	0.012442	0.683282	0.226022	0.200472	0.20345	0.0169891	0.0593429	0.021219	0.132784	0.364537	0.144883	0.0329914	0.0982808	0.228254	0.0893586	0.0636581	-0.0317599	0.378371	0.103439	0.0771963	0.158191	-0.00309222	0.0319268	0.05248	0.429062	0.177242	0.125456	-0.00465055	-0.00144382	
-0.0465923	0.130392	0.0111969	0.682037	0.226022	0.202425	0.0182068	0.0593429	0.0187562	0.132784	0.351382	0.107559	0.0393088	0.0779864	-0.169502	0.0727193	0.0625881	0.0102981	0.379588	0.122771	0.0960838	0.169444	-0.00756443	0.022885	0.0770235	0.429062	0.17846	0.174243	-0.0152843	0	
-0.0465923	0.174153	0.0111969	0.64851	0.226022	0.206041	0.379342	0.018526	0.202684	0.0593429	0.0187562	0.142281	0.0393088	0.0673442	0.194063	0.0728004	0.0626692	0.0163739	0.132464	0.131525	0.122213	0.160473	-0.0129337	0.0443093	0.0770235	0.429062	0.204171	0.174243	-0.0444433	
-0.0330564	0.239629	0.00925737	0.64657	0.226022	0.206041	0.321574	0.018526	0.202684	0.0675498	0.0168166	0.115754	0.0393088	0.0708382	0.192124	0.0758015	0.0676098	-0.0250453	0.131975	0.137921	0.246627	0.190769	0.00195948	0.0279976	0.0939856	0.429062	0.187462	0.157022	-0.0386523	
-0.0491402	0.144907	0.00925737	0.627124	0.243169	0.200655	0.358981	0.018526	0.240824	0.0675498	0.0168166	0.115754	0.0160852	0.0690067	0.153983	0.0728981	0.0647064	-0.0214426	0.133507	0.0251547	0.0293258	0.214385	0.00195948	0.0279976	0.111831	0.329071	0.171398	0.277739	-0.0349942	0.0430295	
-0.0607696	0.136082	0.010544	0.609737	0.243169	0.211828	0.305859	0.018526	0.396094	0.0675498	0.0181033	0.122341	-0.0134157	0.0752146	0.196562	0.0751832	0.0657049	-0.0621386	0.133507	0.0115596	0.0198409	0.194552	-0.0329701	0.0546969	0.137079	0.329071	0.165523	0.607236	-0.0226567	0.0290338	-0.0549577	-0.0107606	
-0.0479947	0.130934	0.010544	0.609737	0.251233	0.218976	0.313007	0.0256738	0.358261	0.0675498	0.0109554	0.108917	-0.0354302	0.0999971	-0.154681	0.0697197	0.0602413	-0.0173194	0.133507	0.0115596	0.00191809	0.173956	-0.0368146	0.0411701	0.136264	0.370591	0.160535	0.196241	-0.0434875	0	-0.0154388	
-0.039173	0.180312	0.010544	0.609737	0.251233	0.252962	0.30953	0.0221965	0.32915	0.0637767	0.0144327	0.108917	-0.0134503	0.103481	0.202836	0.0706237	0.0682743	-0.0194392	0.111686	0.0163812	0.00496156	0.184916	-0.0368146	0.0411701	0.157957	0.339238	0.283705	0.181166	-0.0401288	
-0.0444561	0.119507	0.0101546	0.609348	0.228019	0.281015	0.30953	0.0221965	0.202988	0.0634984	0.0140433	0.139254	0.0303782	0.103481	0.144516	0.0768161	0.0583282	0.0267867	0.109783	0.00968162	-0.0346297	0.143066	-0.0170764	0.0411701	0.144112	0.424207	0.283705	0.0812241	-0.0382621	
-0.0344197	0.0503565	0.0101546	0.628345	0.228019	0.280137	0.313461	0.0261274	0.270014	0.0634984	0.0101124	0.133147	0.018308	0.121563	0.100924	0.0818331	0.057995	0.0192486	0.109783	0.0344902	0.0283645	0.172816	-0.0368057	0.0411701	0.148043	0.426657	0.287636	0.0127892	-0.0251873	0.0938923	0	
-0.0439776	0.0881456	0.0129317	0.631122	0.237665	0.259397	0.313656	0.0263231	0.238908	0.0604272	0.0126939	0.133147	-0.0133126	0.0745538	0.0461062	0.0862735	0.0588692	0.0192486	0.0883832	0.0129907	0.0183325	0.19348	-0.0228303	0.0460844	0.104433	0.407888	0.233783	0.0911063	-0.0363199	
-0.043987	0.185664	0.0129317	0.631122	0.237665	0.259397	0.313656	0.0263231	0.186544	0.0539074	0.0126939	0.10516	0.0238107	0.0772228	0.0411263	0.0807648	0.0592845	-0.0276576	0.0883832	0.0168105	-0.0550452	0.218169	-0.0228303	0.0460844	0.137581	0.37615	0.233783	0.119165	-0.0308038	0	
-0.0132221	0.0803226	0.00993626	0.631122	0.240661	0.271565	0.189328	0.0263231	0.22767	0.0557035	0.0126939	0.108156	0.0268062	0.0885393	0.124951	0.114641	0.0591607	-0.00415727	0.0791013	0.0122504	-0.0240153	0.142736	-0.0140147	0.0459049	0.132247	0.35144	0.225683	0.0253119	-0.0292323	
-0.0132221	0.0763702	0.00993626	0.631122	0.247939	0.267612	0.182909	0.0223707	0.213783	0.0557035	0.0166463	0.10068	0.00932412	0.0885393	0.124951	0.124043	0.0685624	-0.0316978	0.0931849	0.0467025	-0.0421693	0.167822	-0.00110503	0.0459049	0.137227	0.343447	0.200005	0.0249257	-0.0335264	
-0.0181417	0.140408	0.00993626	0.631122	0.265044	0.265751	0.181048	0.0205095	0.272874	0.0557035	0.0185074	0.151009	-0.0106284	0.128566	0.124817	0.102456	0.0678549	0.00218226	0.12424	0.0627728	-0.0255326	0.154255	-0.012538	0.0606309	0.115693	0.363373	0.1387	0.0174909	-0.0420615	
-0.0168199	0.138444	0.00993626	0.631122	0.271773	0.263787	0.270075	0.0185452	0.208708	0.0925939	0.0204718	0.147695	-0.0182379	0.121332	0.151326	0.0776572	0.0662877	0.00647297	0.124678	0.065261	0.0674456	0.182633	-0.0240723	0.0606309	0.113729	0.363373	0.183649	-0.0519007	-0.0290981	0	
0.0192014	-0.0297305	0.0111748	0.632484	0.236266	0.263787	0.324443	0.00941219	0.314037	0.0574172	0.021834	0.147819	-0.00351042	0.15076	0.156921	0.0802043	0.0627113	-0.0378844	0.133811	0.0840394	0.0514082	0.16862	-0.0259406	0.0607546	0.113729	0.385048	0.183649	-0.0517769	0	
0.0115182	-0.0297305	0.0111748	0.632484	0.236266	0.213341	0.324443	0.0149892	0.314037	0.0574172	0.021834	0.147819	0.0474715	0.15076	0.0862183	0.0802043	0.0627113	-0.0326624	0.103556	0.0754334	0.00483503	0.207249	-0.00490152	0.0535782	0.0809388	0.384986	0.21376	-0.0475426	0.101321	0	-0.0371887	0	
0.0115182	-0.0297305	0.0111748	0.628915	0.241087	0.215516	0.339972	0.0189867	0.282566	0.0574172	0.0196599	0.147819	0.0292813	0.0690469	0.0618579	0.0907659	0.0610787	-0.0142995	0.111623	0.07361	0.0477404	0.204156	-0.00211486	0.130588	0.347933	0.187655	-0.0347145	0.0535782	
-0.016592	-0.0270835	0.00749017	0.626944	0.24072	0.176127	0.390816	0.014919	0.280594	0.024459	0.0217557	0.168087	0.0138029	0.1117	0.15255	0.094126	0.0586969	-0.0306652	0.129243	0.110455	0.0579333	0.195352	0.000744043	0.0591588	0.115367	0.349646	0.180624	-0.0326294	
-0.0169961	-0.0194338	0.00749017	0.626944	0.257653	0.168766	0.396943	0.014919	0.280594	0.0257093	0.0217557	0.168087	0.0436882	0.0891099	0.118909	0.0889092	0.0583188	0.0178666	0.129243	0.110455	0.0579333	0.268614	-0.00112902	0.0591588	0.136216	0.342688	0.180624	-0.0457959	
-0.0127795	-0.0441402	0.00749017	0.626944	0.240793	0.167797	0.395975	0.0118956	0.246998	0.0524891	0.0227237	0.156841	0.0145211	0.0860286	0.138728	0.0791994	0.0624455	0.0241244	0.131299	0.00747199	0.0575036	0.272741	0.0051937	0.0591588	0.0684778	0.342688	0.15026	
-0.0437732	-0.0198541	0.00831128	0.627765	0.240793	0.128224	0.405762	0.0123265	0.282509	0.0489418	0.0235449	0.139841	0.0411451	0.147301	0.139549	0.0741109	0.0548331	0.0139318	0.12645	0.00664768	0.0257569	0.277391	-0.00391681	0.0591588	0.0970232	0.0826865	0.346285	
-0.0349542	-0.0130193	0.0101597	0.629613	0.225641	0.129642	0.384739	0.0123265	0.284357	0.052555	0.0253933	0.170287	0.00898373	0.0949055	0.143368	0.0716372	0.050511	0.0139318	0.139379	0.0378428	0.00630056	0.239754	-0.0125287	0.0552623	0.0612495	0.0826865	0.346285	
-0.0253842	0.0661772	0.0101597	0.629613	0.289693	0.168411	0.434742	0.0101559	0.284357	0.052555	0.0275639	0.137743	0.00248207	0.066326	0.0855816	0.056634	0.0370237	0.041072	0.137208	0.0281988	0.00875421	0.226266	-0.00581768	0.0616427	0.0665945	0.103722	0.445966	0.0472837	
-0.0165313	0.0190547	0.00809629	0.629613	0.291756	0.192405	0.434742	0.0126297	0.247697	0.0546185	0.0275639	0.139807	0.00454552	0.0683895	0.153354	0.109039	0.0408199	0.00259416	0.151242	0.0501865	-0.0611876	0.226772	-0.00332339	0.0899982	0.0709389	0.101248	0.470686	0.0194676	
-0.0255635	-0.0235833	0.00809629	0.629613	0.282379	0.183436	0.434742	0.0132608	0.250964	0.0546185	0.0275639	0.168786	0.0311142	0.0722607	0.139093	0.0788237	0.0366781	0.0204009	0.145122	-0.00157331	0.0562135	0.191339	-0.0195355	0.0899982	0.101486	0.100617	0.470686	0.0470867	0	
-0.0452773	-0.00970723	0.00807302	0.629613	0.282402	0.183436	0.473701	0.0132608	0.18152	0.0531006	0.0275639	0.0604696	0.0283494	0.0331284	0.139093	0.0840945	0.0490197	0.0568882	0.145122	-0.00157331	-0.0509348	0.185188	-0.0161494	0.0900214	0.0899475	0.0749361	0.47071	0.0681787	0	
-0.0221024	0.0475682	0.00807302	0.629613	0.306734	0.183436	0.473701	0.0089106	0.153657	0.0706916	0.0275639	0.0478589	0.022341	0.0372592	0.0872279	0.0950756	0.0490197	0.0261353	0.145122	0.00277694	-0.0841681	0.185188	0.00013857	0.0900214	0.0899475	0.0792863	0.397843	-0.0194126	0.0731535	
-0.00715355	0.00807302	0.659467	0.306734	0.183436	0.442576	0.0089106	0.208165	0.0706916	0.0275639	0.146786	0.022341	0.0716056	0.0327203	0.0989342	0.0528782	0.014371	0.143799	0.0430437	-0.0902109	0.220164	-0.0263551	0.082887	0.026121	0.0916811	0.405266	
-0.0246912	0.00633431	-0.0400531	0.657728	0.353314	0.211544	0.362932	0.0089106	0.197222	0.0602101	0.0258252	0.160892	0.0384889	0.0627469	0.0427767	0.0965317	0.0596118	0.00820792	0.125467	-3.03145e-05	-0.103502	0.202647	-0.00612957	0.082887	0.0477486	0.116154	0.396264	
-0.0229268	0.0055444	-0.0778641	0.658703	0.322054	0.226597	0.33584	0.0089106	0.181104	0.0339868	0.0267997	0.124365	0.0463192	0.0832178	0.0437512	0.102017	0.0641229	0.0503179	0.124883	-0.00260517	-0.11252	0.216138	-0.0051551	0.0921277	0.0251084	0.0787698	0.396712	-0.0163754	
0.00212262	0.0055444	0.658703	0.308789	0.228441	0.248006	0.0089106	0.180649	0.0363036	0.0267997	0.143162	0.0492123	0.0772582	0.044206	0.100341	0.059679	0.0424929	0.0690206	-0.0218066	-0.104489	0.138262	-0.00523618	0.0921277	0.0397989	0.0787698	0.396712	
-0.00608343	0.0055444	0.658703	0.308852	-0.0439103	0.228441	0.182063	0.0089106	0.179463	0.0372867	0.0267997	0.143162	0.0249752	0.0507526	0.0453927	0.0809983	0.052329	0.0869561	0.132431	0.00577626	-0.0947069	0.159324	-0.0302372	0.0921277	0.0799773	0.100629	0.418996	
-0.00608343	0.0032021	0.656361	0.308852	0.0142032	0.22072	0.33601	0.0089106	0.222513	0.0372867	0.0244573	0.150085	0	0.0658812	0.137258	0.0809983	0.0546713	0.156625	0.0953919	-0.00411345	-0.0841595	0.119374	-0.00193809	0.0701	0.0940396	0.0995376	0.418996	
-0.00608343	0.00700332	0.660162	0.339277	0.0340685	0.216186	0.255206	0.0089106	0.226955	0.0372867	0.0282586	0.139372	0.143614	0.0658812	0.202983	0.0703367	0.0564126	0.135457	0.0357661	-0.090549	0.170212	-0.035528	0.0701	0.0384768	0.0927475	0.371385	
-0.00608343	0.00700332	0.660162	0.339277	0.0270483	0.230683	0.266451	0.00968531	0.272143	0.0407712	0.0282586	0.139372	-0.00538887	0.0713277	0.202983	0.0697925	0.0484902	-0.0293107	0.135457	0.103732	-0.0822096	0.149835	-0.00311098	0.0701	0.0409701	0.0919727	0.389455	
-0.0129875	0.00420311	0.649163	0.314642	0.0313446	0.218981	0.266451	0.00833399	0.209927	0.0451364	0.0254584	0.110014	0.00491185	0.0683234	0.10804	0.0559334	0.0512893	0.0315859	0.128807	0.105084	-0.0912912	0.16375	-0.00591118	0.0701	0.0933241	0.366668	
-0.0142029	0.00420311	0.626339	0.314642	0.0051165	0.219064	0.266451	0.0117173	0.191858	0.0502363	0.0254584	0.110014	0.00590729	0.133516	0.0591004	0.0587851	0.0574532	0.112217	0.1017	-0.106665	0.171246	0.0164352	0.0701	0.092763	0.366668	0.114332	
-0.0142029	0.667137	0.314642	0.0231938	0.193713	0.273008	0.00156668	0.147297	0.0440518	0.0254584	0.118342	0.062218	0.00420311	0.14071	0.0591004	0.0587851	0.0574532	0.179267	0.111851	-0.0891005	0.175507	0.0279006	0.0701	0.103359	0.394977	
-0.00070299	0.668757	0.314642	-0.00220756	0.0404629	0.193713	0.207648	0.00156668	0.195258	0.0462288	0.0270785	0.108562	0.394977	0.0058233	0.212751	0.0591004	0.0571649	0.0402463	0.179267	0.111851	-0.0426053	0.179654	0.0295208	0.0701	0.102182	
0.00428655	0.668757	0.314642	0.0406186	0.0404629	0.218033	0.233659	0.0104589	0.198393	0.0703954	0.0270785	0.108562	0.319225	-0.0181287	0.0058233	0.138178	0.0636097	0.0616742	0.0309586	0.16606	0.114477	-0.048492	0.169133	-0.000270794	0.0751121	0.0932901	0	
-0.000934796	0.668757	0.269845	0.0622749	0.162133	0.212791	0.0022305	0.198393	0.0703954	0.0270785	0.108562	0.380287	0.0256175	0.0058233	0.138178	0.0691786	0.0585003	0.0112981	0.16606	0.0919644	0.0238761	0.1549	2.11315e-05	0.0751121	0.0848658	-0.0446936	
0.0138534	0.670791	0.269845	0.0312326	0.202879	0.212791	0.00672041	0.225061	0.085395	0.0291127	0.105419	0.411444	0.0442388	0.00785744	0.160934	0.0787481	0.0660356	0.0310624	0.100784	0.0814576	0.0176303	0.160088	0.00180017	0.0935509	0.116875	-0.0718733	
0.0486291	0.667123	0.269845	0.0312326	-0.0753981	0.202879	0.212791	0.00666937	0.101036	0.074503	0.0254442	0.125849	0.411444	-0.008585	0.00418899	0.131104	0.0719088	0.0628648	0.0869465	0.100784	0.0815086	0.0897331	0.150452	0.0112791	0.0684406	0.0694488	
0.0633127	0.667123	0.269292	0.0738388	-0.0897536	0.202879	0.210749	0.00666937	0.103002	0.0632582	0.0254442	0.143596	0.443726	0.0456964	0.00474208	0.131104	0.0711434	0.0649262	0.0401524	0.101028	0.074144	0.11622	0.160831	0.0149191	0.0678875	0.0788955	
0.0633127	0.62555	0.258431	0.0571979	-0.0867952	0.199913	0.283305	0.00553954	0.103002	0.0632582	0.0284107	0.141682	0.376064	0.0157084	0.00474208	0.0499108	0.0709605	0.0647434	0.0512394	0.0980616	0.0589168	0.0937379	0.195749	-0.0034188	0.0678875	0.0935381	0.0626925	0.000378686	0.0755302	
0.0633127	0.62555	0.240484	0.0845226	-0.0782753	0.199913	0.185995	0.00512048	0.19066	0.084799	0.0284107	0.141682	0.342646	0.0946555	0.00474208	0.113811	0.0388837	0.0653958	0.0512394	0.0880014	0.00500341	0.0209906	0.197401	0.0160333	0.0678875	0.083	0.0316533	
0.0699381	0.616999	0.234299	0.105514	-0.0452287	0.199913	0.116379	-0.00298633	0.144682	0.0690426	0.0330718	0.129557	0.379022	0.0166112	0.00940323	0.129313	0.0338602	0.0589613	0.047992	0.151761	-0.00258994	0.0417101	0.178079	-0.0106717	0.0678875	0.0911068	0	
0.0699381	0.616999	0.234299	0.0719388	-0.0614417	0.199913	0.137966	-0.00298633	0.0737788	0.0690426	0.0330718	0.102449	0.379022	0.0106579	0.00940323	0.129146	0.0318667	0.0581017	0.0117663	0.151738	-0.000511035	0.0962449	0.155407	-0.0106717	0.0678875	0.0741241	
0.0699381	0.616999	0.263481	0.0588381	-0.048654	0.187822	0.0968333	0.00246835	0.0977055	0.0765528	0.0330718	0.116438	0.309257	0.144974	0.00940323	0.109932	0.0305927	0.0581017	0.032279	0.151738	0.0179095	0.043073	0.143222	0.0316971	0.0678875	0.138701	
0.0699381	0.616999	0.280593	0.0815779	-0.0695031	0.208385	0.0870907	0.00246835	0.133299	0.0740922	0.0330718	0.116438	0.373075	0.123979	0.00940323	0.135466	0.0354582	0.0585858	0.0215695	0.144426	-0.0285617	0.113466	0.160182	0.0319258	0.0678875	0.11433	0	0	0	
0.0791745	0.616999	0.274971	0.0815779	-0.0695031	0.208385	0.0964415	-0.000236539	0.263888	0.0492254	0.0330718	0.155823	0.389826	0.078539	0.00940323	0.135466	0.0340594	0.057187	-0.0044885	0.181269	-0.0326542	0.07326	0.151052	0.0567114	0.0678875	0.103423	
0.123828	0.616999	0.274971	0.05368	-0.0452681	0.208385	0.127478	-0.000236539	0.344379	0.0537598	0.0330718	0.134832	0.397008	0.00612513	0.00940323	0.220221	0.0448967	0.057187	0.0229407	0.181269	0.00622553	0.0856197	0.151052	0.0567114	0.0678875	0.0866666	0.0212586	
0.139915	0.616999	0.274971	0.0114656	-0.072474	0.208955	0.0974792	0.000333727	0.29339	0.0553002	0.0325015	0.155485	0.319604	0.00114271	0.00940323	0.150867	0.0449003	0.0571906	0.023511	0.181839	0.0198613	0.00303045	0.147399	0.0567114	0.0678875	0.0866666	0	
0.10922	0.616999	0.302274	0.0519642	-0.0792589	0.209549	0.1509	0.00723161	0.285691	0.0525365	0.0319078	0.179607	0.304613	-0.00253502	0.00940323	0.259919	0.0486379	0.0600941	0.0391518	0.191283	0.0135572	0.0497021	0.177623	0.0588617	0.0862094	0.105292	
0.10922	0.616999	0.286532	0.0804604	-0.061349	0.188424	0.1509	0.00723161	0.277711	0.0525365	0.0319078	0.186597	0.357619	-0.000244274	0.00940323	0.209505	0.053811	0.0591707	0.0250221	0.214469	0.0128858	0.0161088	0.201229	0.0423472	0.0862094	0.105292	0.0131438	0.0310948	0.000131873	
0.152953	0.616999	0.28735	0.0259293	-0.0675755	0.188424	0.1509	0.00795226	0.277711	0.0533541	0.0319078	0.146228	0.358544	0.118629	0.00858556	0.218583	0.0476691	0.0544132	0.0250221	0.214469	-0.020191	-0.00809364	0.192422	0.0771298	0.0786637	0.104571	
0.111182	0.616999	0.28735	0.019669	-0.0567709	0.175075	0.1509	0.00795226	0.277711	0.0533541	0.0319078	0.171094	0.331238	0.017855	0.00858556	0.159589	0.0483638	0.0574254	0.0411617	0.227956	-0.020191	0.00403378	0.186282	0.039527	0.0899247	0.111391	0	0.0118346	0	
0.104129	0.57085	0.28735	0.019669	-0.0717441	0.172597	0.152076	0.00547406	0.213697	0.0645604	0.034386	0.145232	0.331238	0.0380554	0.00858556	0.255043	0.0711777	0.0578122	-0.0110932	0.170949	0.0215532	0.0579008	0.193851	0.0443214	0.0899247	0.093142	-0.0229371	
0.104129	0.619977	0.28735	-0.00750665	-0.0693374	0.172597	0.152076	0.00547406	0.242179	0.0645604	0.034386	0.145232	0.389478	-0.0216613	0.00858556	0.210487	0.0527574	0.0485546	0.00764889	0.164066	-0.0128731	0.0579008	0.143986	0.0706638	0.0899247	0.13128	0.00748844	0.0179032	0	
0.104129	0.619977	0.28735	-0.0091743	-0.0693374	0.168517	0.152076	0.0110104	0.203633	0.079336	0.034386	0.145232	0.389478	0.0837758	0.00858556	0.0971494	0.0638866	0.0570564	0.00764889	0.0621368	-0.0184094	-0.00124167	0.152822	0.0584286	0.0899247	0.127296	-0.0147377	0.028637	
0.104129	0.619977	0.28735	0.012745	0.171756	0.125493	0.00451027	0.203633	0.0661445	0.0311472	0.145232	0.389478	0.0837758	0.00858556	0.151916	0.0688982	0.0570564	0.0286966	0.0653756	0.0265913	0.0746052	0.134559	0.0600574	0.0899247	0.137035	
0.104129	0.570504	0.28735	0.012745	0.142151	0.135183	0.00451027	0.203633	0.0606979	0.0311472	0.1238	0.389478	0.0155511	0.00858556	0.123008	0.0768518	0.0650099	0.0362662	0.0653756	0.0277934	0.0437714	0.173567	0.0538673	0.0808936	0.084078	
0.10685	0.594714	0.305304	0.0184029	0	0.142151	0.135183	0.00451027	0.234539	0.0583672	0.0311472	0.133649	0.394597	0.116601	0.00512611	0.089165	0.0828594	0.0706628	0.0121751	0.0701564	-0.00692132	0.11328	0.196931	0.0538673	0.0843531	0.0894604	0.0365183	
0.10685	0.553128	0.283446	0.0184029	0.0284275	0.138587	0.135183	0.00451027	0.21718	0.0424268	0.0311472	0.133649	0.356792	0.0241204	0.00512611	0.180521	0.05725	0.0706628	0.0121751	0.142764	0.0433769	0.11328	0.164034	0.0482767	0.0843531	0.0833646	
0.109704	0.588909	0.330047	0.0644487	0.0498408	0.138587	0.0687717	0.00451027	0.185938	0.0449762	0.0311472	0.16421	0.356792	0.0926568	0.00512611	-0.00541672	0.0642695	0.0652564	-0.00372608	0.0487408	0.0585459	0.0465974	0.14397	0.06068	0.0843531	0.0833646	0.098058	0.0505372	0	
0.110437	0.590246	0.254449	0.0272188	0.143047	0.146388	0.00330886	0.224894	0.0449762	0.0266873	0.176953	0.333865	0.0160375	0.00512611	0.100651	0.0631824	0.0641693	0.0384395	0.0679455	0.0642072	0.0892895	0.147514	0.0650348	0.0843531	0.0970343	
0.110437	0.586792	0.277169	0.0178755	0.0920832	0.143047	0.195569	0.00826005	0.192597	0.0561196	0.0266873	0.105756	0.43468	0.0205208	0.00512611	0.100651	0.0448157	0.0668593	0.00547675	0.067169	0.0689481	0.0835528	0.150204	0.0650348	0.0843531	
0.0929722	0.582914	0.269459	0.031098	0.0936292	0.143047	0.239184	0.0193	0.224047	0.0661128	0.0266873	0.138424	0.416073	0.0238961	0.00512611	0.100651	0.047071	0.0681894	0.00155696	0.0984621	0.097219	0.0945586	0.190345	0.0650348	0.0744346	0.0562534	0	
0.104251	0.5716	0.269459	0.0432164	0.0741991	0.153278	0.204361	0.0193	0.0841504	0.0396296	0.0266873	0.133732	0.416073	0.00895445	0.00512611	0.0819221	0.0457939	0.0685992	0.0246266	0.132297	0.097219	0.247347	0.190755	0.118239	0.0744346	-0.0184605	
0.104251	0.5716	0.269459	0.0447427	0.0776299	0.131755	0.172931	0.0158692	0.192556	0.0529936	0.0266873	0.154937	0.493974	0.0333964	0.00512611	0.0714377	0.064704	0.0693659	0.0169855	0.146693	0.0546907	0.0340641	0.196778	0.0649245	0.0744346	-0.020316	0.00204923	
0.123431	0.570819	0.269459	0.00937484	0.105197	0.155448	0.118344	0.00552464	0.126108	0.0431387	0.0266873	0.125155	0.449096	-0.00968315	0.00512611	0.0869768	0.0767477	0.0639389	0.0169855	0.114568	0.0929533	0.171354	0.191351	0.0194121	0.0845309	0.0705371	0	
0.117773	0.548352	0.269459	0.0297176	0.113464	0.155448	0.116312	0.00552464	0.211925	0.0431387	0.0266873	0.161477	0.454032	0.0165292	0.00512611	0.0869768	0.0584155	0.0627513	0.0109501	0.167194	0.0635725	0.0885027	0.233215	0.00668288	0.0891854	
0.140476	0.548352	0.295524	0.0157318	0.18162	0.155448	0.118116	0.00552464	0.166743	0.0431387	0.0266873	0.151425	0.395571	-0.0198279	0.00512611	0.0869768	0.0273549	0.0588029	0.0150318	0.167194	0.0588718	0.279898	0.229267	-0.00868808	0.0866464	
0.123564	0.548352	0.295116	0.0184098	0.18162	0.155448	0.0976727	0.00552464	0.244981	0.0415059	0.0266873	0.151017	0.393969	-0.00141859	0.00553463	0.091347	0.0394547	0.0593512	0.03093	0.167194	0.0524409	0.281413	0.229815	-0.0066156	0.076051	
0.127715	0.517506	0.295116	0.032465	0.165102	0.155448	0.0843959	0.00772974	0.245576	0.0415059	0.0266873	0.152521	0.372036	0.103657	0.00553463	0.0997193	0.0390207	0.0579203	0.0277546	0.13398	0.0762408	0.131166	0.228384	0.00412145	0.076051	0.191426	0	
0.128833	0.518995	0.296234	-0.00357637	0.166292	0.161316	0.0679006	0.0058633	0.233082	0.047733	0.0288526	0.180705	0.38753	0.0295697	0.00590584	0.113702	0.0578566	0.0629698	0.0191672	0.119786	0.0622575	0.137077	0.228745	-0.00216513	0.0771691	0.00160148	-0.0450819	
0.128833	0.481985	0.311919	0.0342195	0.166556	0.164754	0.130629	0.00746198	0.211997	0.0583318	0.0288526	0.186781	0.411502	-0.0141116	0.00590584	0.134788	0.0661121	0.0714684	0.0175816	0.13475	0.0606588	0.242354	0.241267	-0.013631	0.0771691	-0.0254884	0	
0.0839017	0.481427	0.269357	0.0137332	0.137892	0.169624	0.130992	0.00782551	0.211997	0.0482451	0.0279309	0.186781	0.336987	-0.0270955	0.00534765	0.13423	0.0476973	0.0619912	0.0216001	0.0877543	0.04091	0.120223	0.184935	-0.00826744	0.126053	0	
0.0572483	0.436418	0.254139	-0.0120606	0.0762838	0.13322	0.0761657	0.00782551	0.14558	0.0714328	0.0279309	0.165816	0.457	-0.0144134	0.00534765	0.187313	0.0613216	0.0584181	0.0216001	0.0801448	0.0705553	0.25815	0.158349	0.0179856	0.126053	0	
0.0428984	0.474319	0.304355	0.00833788	0.117457	0.13322	0.192932	0.00782551	0.134601	0.0480218	0.0293914	0.165816	0.457	-0.0147541	0.00680815	0.175708	0.0625219	0.0581579	0.0216001	0.0945683	0.056382	0.263579	0.228286	0.0194461	0.126053	
0.046069	0.448815	0.30181	0.0200843	0.113623	0.13322	0.192932	0.0116598	0.310309	0.0404184	0.0293914	0.142782	0.457	-0.0178134	0.00680815	0.155916	0.0738643	0.0565646	0.0297809	0.0945683	0.0235004	0.335082	0.250764	0.0305812	0.126053	
0.042983	0.492365	0.30181	0.0200843	0.11052	0.126422	0.155969	0.0149723	0.158765	0.0420881	0.0337415	0.142782	0.457	-0.0439497	0.00753743	0.15922	0.0738196	0.0556852	0.044598	0.0909474	0.00142534	0.366839	0.180501	0.0306948	0.126053	-0.0468187	
0.00467101	0.492365	0.275741	0.0202388	0.11052	0.14882	0.123447	0.0149723	0.158765	0.0420881	0.0337415	0.142782	0.544469	-0.00920915	0.00753743	0.15922	0.0681534	0.0551122	0.0320406	0.0909474	0.00918814	0.395479	0.177423	0.0142384	0.126053	
0.0525089	0.492673	0.232621	0.0313202	0.117153	0.127794	0.13351	0.00834019	0.195776	0.0576566	0.0340494	0.141923	0.54361	-0.0109605	0.00870409	0.122517	0.0525605	0.0548043	0.0132104	0.121821	0.0267189	0.349909	0.177423	0.041569	0.125194	0.0446682	
0.0556957	0.477011	0.269007	-0.0091317	0.148039	0.128344	0.149464	0.00889066	0.143791	0.0576566	0.0334989	0.125839	0.395907	0.0188467	0.00870409	0.123991	0.0887647	0.0571496	0.0221607	0.0728584	0.0226563	0.167291	0.188235	0.000969694	0.136203	0.0373846	0.103505	0	
0.00628451	0.477225	0.258181	0.0419128	0.136031	0.164331	0.149464	0.0208984	0.146413	0.0444355	0.0337132	0.19064	0.397451	-0.0138589	0.00891835	0.124206	0.0719763	0.0515595	0.0444957	0.0791882	-0.000257081	0.338127	0.182859	0.0130066	0.136203	-0.033858	
0.00628451	0.427179	0.258181	0.0671385	0.123665	0.212327	0.120164	0.0126719	0.0985601	0.0380804	0.0337132	0.139588	0.397451	0.0113323	0.00891835	0.124206	0.0901089	0.062222	0.0145801	0.0718449	0.0321208	0.346353	0.193522	0.0389867	0.136203	0.0941754	
-0.00337258	0.428261	0.274914	-0.00423219	0.0908744	0.199749	0.120164	0.0158509	0.0985601	0.0523012	0.0347947	0.139588	0.397451	-0.0439356	0.00999984	0.125287	0.0901089	0.0611405	0.040174	0.110223	0.0274619	0.293677	0.193522	0.0263902	0.136203	
-0.0190862	0.428261	0.259934	0.00165629	0.105775	0.199749	0.120164	0.0166774	0.0985601	0.0551525	0.0347947	0.154556	0.397451	-0.0141057	0.00999984	0.125287	0.0873396	0.0583712	0.0559819	0.110223	0.047269	0.317547	0.190752	-0.00226042	0.136203	
-0.0129627	0.449141	0.259934	0.0561133	0.119174	0.198453	0.161812	0.00198292	0.112306	0.0667015	0.0360904	0.1642	0.378272	-0.0118562	0.00999984	0.172663	0.0887847	0.058218	0.0248412	0.0985605	0.022096	0.231184	0.187521	-0.00676132	0.136203	0	
-0.0290433	0.465802	0.259396	0.00410338	0.119174	0.185975	0.155328	-0.00450088	0.0245585	0.0636902	0.0425742	0.18202	0.377734	-0.0260242	0.0105376	0.173582	0.0938182	0.0622783	0.000997821	0.0880588	0.0785512	0.207521	0.191581	-0.00324304	0.135665	0.028698	
-0.0260048	0.465802	0.249839	0.00542495	0.12353	0.185975	0.12576	-0.00450088	0.0605671	0.0587016	0.0425742	0.181718	0.377432	0.0432874	0.0108398	0.136569	0.0894763	0.0651919	0.0305139	0.151742	0.0260984	0.201783	0.194494	0.00209524	0.135363	0.0842451	
-0.0260048	0.465802	0.249839	0.0322405	0.0936634	0.192691	0.12576	-0.00450088	0.0605671	0.0587016	0.0425742	0.181718	0.363137	0.00721756	0.0108398	0.136569	0.0789682	0.0546838	0.0641337	0.127878	0.0313839	0.206273	0.203709	-0.0140814	0.135363	
-0.0355569	0.465802	0.249839	0.0422666	0.104291	0.166399	0.12576	0.0110869	0.0603036	0.063584	0.0425742	0.0108398	0.136569	0.0903975	0.0603875	0.0458825	0.15546	0.0303482	0.0744091	0.209413	0.0117258	0.139542	0.404319	0.0185023	0.195381	0.00794818	
-0.0355569	0.468606	0.258584	0.0229235	0.136546	0.166399	0.19167	-0.000908904	0.0607672	0.0618659	0.0453782	0.0663541	0.00485512	0.0136437	0.139373	0.0907785	0.0579646	0.0492791	0.15546	0.0150953	0.02737	0.190496	0.00419425	0.139542	0.404319	0.0252289	0.187342	0.053272	-0.0402801	
-0.000306166	0.465054	0.258584	0.0229235	0.136546	0.166399	0.114561	-0.000908904	0.162638	0.0618659	0.0418257	0.0100912	0.112678	0.0835729	0.0543114	0.0492791	0.15546	0.0150953	0.0842264	0.183291	0.0339974	0.139542	0.376356	0.0624833	0.187342	0.133661	
-0.000306166	0.465054	0.258584	0.0807435	0.129137	0.158207	0.114561	-0.000908904	0.223953	0.0568625	0.0418257	0.187342	0.00618328	0.105997	0.0100912	0.106909	0.0777606	0.061072	-0.00187741	0.119465	0.0536999	0.187646	0.237485	0.015206	0.148926	0.376356	
-0.0167315	0.465054	0.249753	0.0274487	0.136794	0.162352	0.194411	-0.00343191	0.363129	0.059856	0.0386973	0.190805	0.0420964	0.0100912	0.106909	0.110407	0.0644728	0.0485643	0.232945	0.106328	0.175378	0.196149	0.0228166	0.148926	0.400428	
-0.00841154	0.465054	0.249753	0.0220861	0.135932	0.162352	0.173147	0.00139212	0.363129	0.0697243	0.0386973	0.156406	0.0479669	0.341158	0.0100912	0.13172	0.103268	0.0573347	0.0423055	0.232945	0.0725425	0.277353	0.246679	0.00370538	0.148926	0	0.0601362	
0.000540243	0.483318	0.249753	0.0589523	0.135932	0.152124	0.180944	0.00316891	0.408454	0.0719128	0.0369206	0.156406	0.0237799	0.330933	0.0100912	0.099382	0.103043	0.0571094	0.0440823	0.234722	0.0672476	0.382884	0.246454	0.0233719	0.155175	-0.0368275	
0.00719992	0.503426	0.249753	0.0123749	0.135932	0.145739	0.180944	0.00316891	0.364143	0.0719128	0.0369206	0.156406	0.0420408	0.330933	0.0100912	0.134474	0.113988	0.0566415	0.0550894	0.234722	0.0780205	0.565104	0.245986	0.00213804	0.155175	-0.0288703	
0.00719992	0.4931	0.249753	0.0220002	0.0691991	0.145739	0.154449	0.00316891	0.365979	0.0719128	0.0387558	0.156406	0.020478	0.385681	0.0119265	0.168619	0.110707	0.0515252	0.0550894	0.189459	0.0780205	0.551455	0.18416	0.0195609	0.155175	0.00608166	-0.0494936	
0.0102493	0.4931	0.246282	0.0266332	0.12218	0.16292	0.157783	0.00316891	0.351558	0.0780333	0.0387558	0.157662	0.0378257	0.32305	0.010671	0.175875	0.126809	0.0515252	0.0466747	0.186602	0.0780205	0.364336	0.202413	-0.00499242	0.156431	-0.0387558	0	
0.0151499	0.4931	0.241663	0.0257014	0.0809111	0.118225	0.186745	0.000963349	0.351558	0.0720237	0.0409614	0.13553	0.0912688	0.364498	0.0110149	0.103844	0.118428	0.0515252	0.0306137	0.15843	0.0362173	0.360584	0.213838	-0.0199389	0.156087	0.010671	0	-0.00220556	
0.023523	0.469298	0.242961	0.0269996	0.076819	0.118225	0.0967504	0.00619917	0.351558	0.0733219	0.0409614	0.136828	0.0207095	0.357716	0.00971674	0.128445	0.128524	0.0618028	0.0493133	0.185773	0.0311219	0.683278	0.225082	-0.0199389	0.157385	-0.0130225	
0.0333411	0.492411	0.268714	0.00714385	0.076819	0.105193	0.0688733	0.00619917	0.34245	0.0821352	0.0318536	0.17081	0.0928126	0.421388	0.000608915	0.0821757	0.13061	0.0729967	0.0873062	0.185773	0.0226924	0.533339	0.301417	-0.0319932	0.157385	0	-0.0532678	-0.0119433	-0.00942994	
0.0333411	0.503179	0.268714	0.0086884	0.120689	0.0897936	0.0688733	0.0084332	0.34245	0.0853412	0.0318536	0.122733	0.168743	0.305563	0.000608915	0.0995433	0.124533	0.0669197	0.0873062	0.150955	0.0145727	0.531105	0.298735	-0.0355808	0.157385	-0.0110289	0.0795507	
0.0279555	0.50798	0.26687	0.0196214	0.0723193	0.0897936	0.0583766	0.0084332	0.23417	0.0781846	0.0366543	0.122445	0.0888998	0.384384	0.00540965	0.131016	0.0995976	0.062119	0.0784405	0.150955	0.0145727	0.431598	0.298735	-0.0339343	0.149791	
0.0128337	0.50798	0.270341	-0.0060285	0.120018	0.0715849	0.046922	0.0084332	0.23417	0.0868612	0.0366543	0.158789	0.054336	0.384384	0.00540965	0.140803	0.125238	0.0650544	0.0749444	0.213522	0.0202311	0.396971	0.30167	-0.0321511	0.139044	
-0.0101304	0.50798	0.197043	-0.0166151	0.102958	0.0859803	0.0726884	0.0084332	0.299163	0.0868612	0.0366543	0.149966	0.0398088	0.384384	0.00540965	0.143261	0.123752	0.0635676	0.081461	0.172166	0.0196468	0.449275	0.300183	-0.0269409	0.139044	0	
0.00330097	0.50798	0.224327	0.00452814	0.115445	0.0965808	0.118753	-0.00405344	0.24986	0.0868612	0.0366543	0.153302	0.00216755	0.384384	0.00540965	0.143261	0.136328	0.0657738	0.0828437	0.172166	0.037785	0.633522	0.276268	0.0110914	0.139044	0.0564141	-0.0197292	
0.00566988	0.508395	0.237958	0.00452814	0.113533	0.0965808	0.191994	-0.00214104	0.180368	0.0722905	0.0370689	0.118952	-0.0379055	0.326691	0.0058243	0.069907	0.128082	0.0667141	0.0828437	0.17311	0.00324431	0.759558	0.252944	-0.0159987	0.146118	
-0.0167647	0.508395	0.237958	0.0080855	0.123076	0.0787761	0.163362	-0.00214104	0.100458	0.0722905	0.0370689	0.137743	-0.0451563	0.336388	0.0058243	0.14619	0.124152	0.0627848	0.0348412	0.159113	0.0176808	0.972681	0.241289	0.00912452	0.146118	0.0619855	
-0.00113622	0.51186	0.240189	0.0336816	0.115132	0.0863159	0.200862	-0.00152974	0.17636	0.0722905	0.0405346	0.137743	-0.0250022	0.372092	0.00929	0.0737534	0.124232	0.0593988	0.0863168	0.136589	0.0170695	1.15309	0.230599	0.0051755	0.146118	0.0103173	
0.00898903	0.507291	0.240189	-0.0110107	0.115132	0.0909433	0.131028	-0.00163666	0.0850987	0.071484	0.0406416	0.137743	-0.0105926	0.372092	0.00929	0.165015	0.121878	0.0570451	0.0388179	0.0816292	0.026683	1.15309	0.198373	0.00034607	0.146118	
-0.0241189	0.552907	0.234256	0.00437178	0.110045	0.0909433	0.163782	0.00756276	0.0204131	0.0614384	0.0406416	0.128802	-0.00791238	0.383101	0.00929	0.2297	0.116299	0.0570451	0.0201917	0.0677743	-0.00137409	0.83744	0.178667	-0.0253352	0.146118	0	
0.0046569	0.552907	0.234256	0.0168933	0.110045	0.0909433	0.148208	0.00756276	0.0686491	0.0638679	0.0406416	0.128802	0.0634345	0.380471	0.00929	0.228964	0.119477	0.0602238	0.00895367	0.062766	0.0220143	0.83625	0.258253	-0.0106779	0.146118	
0.00346446	0.552907	0.245586	0.018074	0.124397	0.0747723	0.131576	0.00756276	0.0849912	0.0628897	0.0406416	0.136494	0.0336693	0.379278	0.0104824	0.209184	0.103878	0.0602238	0.0481177	0.0786951	0.00180571	0.528916	0.278948	-0.014314	0.144925	0	
0.00393905	0.533113	0.235031	0.0193269	0.0933066	0.0747723	0.212885	0.00756276	0.00624063	0.063006	0.0406416	0.13661	0.0393264	0.438153	0.0103662	0.209184	0.103968	0.0603139	-0.0225896	0.0695568	-0.000748902	0.255307	0.279038	-0.0303118	0.13592	
0.00604011	0.533113	0.235031	0.0248557	0.0762675	0.0747723	0.087856	0.00794059	0.0300026	0.0581365	0.0406416	0.154568	-0.0322982	0.507657	0.0103662	0.185422	0.104286	0.0606318	0.00175251	0.0991538	-0.00234024	0.164921	0.2906	-0.0314468	0.13592	
0.0069548	0.583558	0.235031	0.024341	0.0762675	0.0747723	0.0811946	0.00794059	0.28425	0.0594716	0.0406416	0.154568	0.0295249	0.507657	0.0103662	0.212159	0.101889	0.0638762	0.00175251	0.180046	-0.00234024	0.457962	0.352574	-0.0253076	0.13592	-0.00375403	
-0.00841371	0.536124	0.235031	0.00907235	0.0806203	0.10294	0.108139	0.00794059	0.284007	0.0584524	0.0406416	0.143747	0.0413042	0.507657	0.0103662	0.121108	0.106045	0.0644629	0.0450295	0.153202	0.0109186	0.359756	0.350083	-0.0372551	0.139593	-0.0159819	
-0.0188772	0.567465	0.235031	0.00282136	0.077877	0.0986814	0.108139	0.00794059	0.162702	0.0584524	0.0406416	0.123901	0.0254817	0.507657	0.0103662	0.190062	0.0916104	0.0606815	-0.00409821	0.153202	0.00624672	0.455281	0.327776	-0.0185904	0.139593	
-0.00403073	0.567465	0.235031	-0.00732163	0.105151	0.0822499	0.108139	0.00794059	0.286063	0.0543515	0.0406416	0.145642	0.0602368	0.427172	0.0103662	-0.132595	0.0998896	0.0609196	-0.0114788	0.153202	-0.0136519	0.369913	0.328014	-0.0128225	0.13763	
-0.0210799	0.567465	0.232071	0.0104772	0.0963014	0.0822781	0.0953515	0.001405	0.203169	0.0542892	0.0406416	0.155424	-0.00954793	0.427172	0.0103662	0.197314	0.106189	0.0566071	0.0403817	0.153202	0.00161232	0.491218	0.288311	-0.017849	0.13763	-0.0279459	
-0.0118838	0.567465	0.240257	0.0342897	0.0963014	0.0902313	0.0953515	0.001405	0.203169	0.0542892	0.0406416	0.155424	0.000346699	0.414956	0.0103662	0.191786	0.105951	0.0563682	0.0335849	0.158077	0.00161232	0.220033	0.305564	-0.00233571	0.13763	-0.0335011	0	
-0.0202478	0.565349	0.240257	0.0323553	0.0931446	0.0902313	0.117536	0.00246	0.211588	0.0542892	0.0406416	0.137244	0.0425993	0.479411	0.0103662	0.208722	0.0975464	0.0563682	0.0399246	0.124183	0.00693677	0.111987	0.267279	0.0069444	0.126454	0.0190697	
-0.0202478	0.56501	0.240257	0.0560412	0.110745	0.0994496	0.101084	0.000312857	0.224698	0.0633037	0.0393538	0.142511	0.0343466	0.479423	0.0100276	0.266098	0.0916295	0.0532206	0.0475634	0.144794	0.00712506	0.128123	0.306374	0.00773842	0.126454	
-0.00813332	0.56501	0.240257	0.0297711	0.0934668	0.0806674	0.0524966	0.000312857	0.258568	0.0633037	0.0393538	0.15361	-0.0147508	0.493244	0.0100276	0.274471	0.0851555	0.0467465	0.0475634	0.120957	0.0169334	0.219016	0.299289	0.00773842	0.126454	-0.0300155	
-0.00907639	0.56501	0.239314	0.045734	0.0934668	0.0930146	0.0542409	0.000312857	0.258568	0.0623606	0.0393538	0.166368	0.0200209	0.4923	0.0109707	0.293537	0.0708799	0.054841	0.0676897	0.0584061	0.0169334	0.24588	0.240993	0.0104997	0.125511	0	0.0090456	-0.00296688	
-0.0223812	0.563188	0.239314	0.00594205	0.0934668	0.101546	0.0840136	0.0025686	0.198653	0.0676027	0.0352761	0.166368	0.028462	0.4923	0.00914864	0.22442	0.0757652	0.0520873	0.127813	0.134498	0.0106941	0.195352	0.236417	-0.0257349	0.132624	-0.0454503	
-0.0280109	0.563188	0.240305	0.0363526	0.0934668	0.101546	0.0840136	0.0025686	0.112349	0.0685938	0.0352761	0.165465	0.0253761	0.493292	0.0081575	0.247154	0.0789585	0.0552806	0.0962157	0.190665	-0.0142873	0.11636	0.281289	0.00757868	0.1359	0	
-0.0328902	0.563188	0.240305	0.0363526	0.0934668	0.0997475	0.09359	0.000769769	0.139362	0.0763389	0.0370749	0.147153	0.0435623	0.487646	0.0081575	0.215598	0.0930171	0.0552806	0.0990004	0.188866	-0.0142873	0.223715	0.312327	-0.0328257	0.132224	0	-0.0529011	
-0.031086	0.563188	0.240305	0.0105055	0.11624	0.122503	0.1106	0.000769769	0.128079	0.0763389	0.0370749	0.151421	-0.0343063	0.407328	0.0081575	0.179108	0.107966	0.0529147	0.0990004	0.0973001	-0.0136039	0.182416	0.316643	-0.0275747	0.132224	-0.00470408	0.0240337	
-0.00466973	0.563188	0.240305	0.00482112	0.108086	0.146332	0.111242	0.00713269	0.160904	0.0739168	0.0388667	0.147894	0.060831	0.407328	0.0081575	0.113591	0.103954	0.053931	0.060561	0.0548368	0.00724707	0.0353115	0.317659	0.00407612	0.132224	
0.00726444	0.584372	0.241006	0.00552245	0.11043	0.146332	0.111242	0.00713269	0.136652	0.0746182	0.0388667	0.106195	0.0547507	0.53076	0.00745617	0.205704	0.0950668	0.0450433	0.060561	0.112282	-0.0221613	0.125851	0.345344	0.00299325	0.117732	0.00826382	-0.0143557	0	
