0.122286	0.0407066	-0.00730711	0.184606	0.238884	0.0952249	0.0305645	-0.00205379	-0.00631633	0.396815	0.253795	0	0	0	0	0	0	0	0	0	0	0	0	0	0	0	0	0	0	0	0	0	0	0	0	0	0	0	0	0	0	0	0	0	0	0	0	0	0	0	0	0	0	0	0	0	0	0	0	0	0	0	0	0	0	0	0	0	0	0	0	0	0	0	0	0	0	0	0	0	0	
0.109314	0.0407066	-0.0202791	0.204936	0.243344	0.1436	0.0350249	-0.0150258	-0.0177783	0.401275	0.258255	0.00446041	0.0467673	0.0100802	-0.00955603	0.00446041	0.064932	0.0354343	0.0394079	-0.00779555	0.00446041	-0.0305561	-0.0196575	-0.0162562	0.00446041	0	-0.0459862	0.00907424	0.00222423	0.00446041	-0.0104464	-0.0249983	0.0323957	0.0557428	0.00700159	0.00446041	0.0290039	0.0273114	-0.0475705	-0.0402834	-0.0239723	-0.00369276	0.0295578	-0.0138101	-0.0126932	0.00446041	0.011462	0.024434	0	
0.0856083	0.0366068	-0.0235798	0.183715	0.252381	0.133112	0.0350249	-0.0183264	-0.0177783	0.411582	0.223158	0.118878	0.113965	0.0277347	0.127702	0.00907424	0.064932	-0.0401794	0.0150154	-0.0138101	0.00700159	-0.0520822	-0.0285412	0.0536524	0.0124652	-0.0513433	0.0635204	-0.0171716	-0.0227741	0.0394079	0.00657547	-0.0687065	0.011462	
0.0856083	0.0366068	0.187146	0.237719	0.0942239	0.0368708	-0.0217579	-0.0177783	0.411582	0.18062	0.125504	0.179089	0.0277347	0.474991	-0.042379	-0.0235798	0.0247526	0.118951	-0.0727486	0.052218	0.00700159	-0.0381861	-0.0573487	0.0311945	0.0145233	-0.0130165	0.0786742	0.0805999	-0.0486193	-0.0123645	0.0412831	
0.076054	0.03469	0.278505	0.194478	0.243084	0.144666	0.0288071	-0.030898	-0.0187841	0.344998	0.181664	0.0827446	0.177281	0.0295424	0.530588	0.00121148	-0.0234707	0.0247526	0.03375	0.124671	0.0141642	0.0818647	0.00595767	-0.0499327	-0.0718609	0.0145233	0.00104392	0.0162421	
0.076054	0.0327004	0.248844	0.194478	0.224941	0.111489	0.0506268	-0.030898	-0.0221695	0.0286948	0.0827446	0.177281	0.0295227	0.570471	0.0124898	-0.0214811	-0.0331126	0.0187835	0.129379	-0.00791524	0.00593805	0.235236	-0.0455207	0.011624	0.0731607	0.348275	
0.0773098	0.0475267	0.2324	0.196492	0.220198	0.118624	0.0650768	-0.00288516	-0.0347974	0.0111941	0.0525329	0.120581	0.348275	0.219291	0.489656	-0.0080337	-0.0139917	-0.0304026	0.0256058	0.133298	-0.0365659	0.13241	0.0731607	0.0272895	0.139993	-0.0572133	0.0168801	
0.0576112	0.0512705	0.180905	0.196624	0.220198	0.116965	0.0671026	-0.00301675	-0.0284587	0.0542551	0.00485544	0.41248	0.219291	0.595448	0.036951	-0.0250149	-0.0829802	0.0296241	0.197352	0.0342446	0.105869	0.0608373	0.0209508	0.139993	-0.066644	0.0105414	
0.0576112	0.0371476	0.0249984	0.191231	0.226729	0.112603	0.076897	-0.00301675	-0.0298234	0.0198207	0.057657	0.00825734	0.374075	0.13632	0.732592	-0.0395426	-0.010892	-0.0924075	0.0726428	0.213043	0.0219856	0.0534023	0	0.0243527	0	0.131291	-0.0684706	
0.0473874	0.0367209	0.0699584	0.188956	0.226729	0.112603	0.076897	0.000236117	-0.0389243	0.0198207	0.057657	0.00825734	0.356562	0.137298	0.738934	-0.014554	-0.00948733	0.0877858	0.213043	-0.0451711	0.0515319	-0.0190054	0.0233746	0.0767319	0.210036	-0.0799194	
0.06949	0.0367209	0.017632	0.190188	0.225827	0.111702	0.085233	0.00185252	-0.035421	0.0233746	0.167131	0.00915914	0.35566	0.159086	0.0699565	-0.00948733	-0.0327216	0.0709788	0.213548	0.743593	0.0758301	
0.0489003	0.0416065	0.0188705	0.190188	0.186369	0.124765	0.0488464	0.00185252	-0.035421	0.0233746	0.12997	0.00915914	0.35566	0.127971	0.0427949	-0.0143729	0.0403506	-0.0187096	0.211184	0.721888	0.094701	
0.0371104	0.0393747	0.0184006	0.190188	0.255098	0.131586	0.0488464	0.00185252	-0.0310153	0.0207699	0.0632567	0.0065544	0.355935	0.127971	0.0487113	-0.0143729	0.0207411	0.812194	0.234544	0.198632	-0.0250964	
0.0523117	0.0543455	0.00829946	0.181013	0.22801	0.16005	0.0368624	-2.25306e-05	-0.03316	0.0247897	0.0657585	0.00869915	0.355935	0.19291	0.0856034	-0.0232998	0.0880029	0.73072	0.276115	0.221445	0.00313146	-0.0795729	
0.0523117	0.0607403	0.00310815	0.175201	0.220319	0.162709	0.0492239	-2.25306e-05	-0.0323442	0.0239739	0.0706773	0.00522422	0.358594	0.19291	0.0770567	-0.029931	0.0298737	0.733379	0.360309	0.279824	-0.0421652	0.151071	
0.047742	0.0462179	0.00330935	0.208681	0.222057	0.148647	0.0579976	-0.0036159	-0.0323442	0.0285436	0.0179767	0.00522422	0.358594	0.194395	0.082317	-0.020636	0.0298737	0.694687	0.360309	0.234723	0.0413641	
0.0510201	0.0510035	0.0113209	0.214125	0.222057	0.148647	0.0717767	-0.00905997	-0.0343664	0.0305657	0.0334588	0.00724638	0.376829	0.186169	0.0843392	-0.0254215	0.0346604	0.634668	0.364115	0.236745	-0.0363005	
0.0415157	0.0510035	0.00729031	0.203736	0.222057	0.174298	0.0717767	-0.0148911	-0.0310517	0.0284875	0.00410423	0.00393172	0.376829	0.184933	0.0740055	-0.0266579	0.0584069	0.916024	0.218739	0.233431	-0.0028964	0	0.0641382	0	
0.0415157	0.0510035	0.00729031	0.272074	0.222057	0.114788	0.0717767	-0.0185715	-0.0310517	0.0284875	0.00686602	0.00393172	0.333923	0.191177	0.0740055	-0.0266579	0.0471834	0.541422	0.217488	0.190227	-0.0271385	0.00306152	
0.0511456	0.0326374	0.00729031	0.250724	0.227171	0.114319	0.0703468	-0.0185715	-0.0310517	0.0284875	-0.0514485	0.00161341	0.162259	0.0740055	-0.0246208	0.0326259	0.610332	0.253418	0.261679	0.355545	
0.0511456	0.0278567	0.00729031	0.219327	0.227171	0.165976	0.0423851	-0.0185715	-0.0286881	0.0284875	-0.026068	0.00161341	0.187955	0.0740055	-0.0198402	0.09777	0.77579	0.189643	0.261679	0.434315	0.164458	
0.0511456	0.0459705	-0.0126487	0.219327	0.227171	0.140474	0.0423851	-0.0185715	-0.0286881	0.0284875	-0.0533473	0.00161341	0.0699552	0.227939	0.059078	-0.0261431	0.0501932	0.487759	0.189643	0.197415	0.450271	
0.0577074	0.045726	-0.0126487	0.190558	0.201788	0.165126	0.0421491	-0.0185715	-0.0286881	0.0284875	-0.0481726	0.00161341	0.169224	0.0596403	-0.0258986	0.0804559	0.789863	0.210138	0.197415	0.418775	
0.0577074	0.045726	-0.0237802	0.188982	0.202937	0.166275	0.0432982	-0.0185715	-0.0388878	0.026576	-0.0281131	-0.00144717	0.230269	0.0644242	-0.0258986	0.0208645	0.666062	0.236295	0.24328	0.419924	
0.0502939	0.0425813	-0.0251358	0.180348	0.202937	0.150439	0.0432982	-0.00993713	-0.0293798	0.026576	-0.00180802	-0.00144717	0.184855	0.0609275	-0.0352032	0.419924	0.0844548	0.612963	0.251185	0.176619	
0.05178	0.0292173	-0.0246724	0.191604	0.202937	0.150439	0.0477174	-0.00845108	-0.0298432	0.0255533	-0.0260392	-0.000983783	0.186341	0.0770575	-0.0203532	0.331876	0.0529117	0.687131	0.251185	0.177083	0.0242803	0.0798093	
0.0608996	0.0471822	-0.0185434	0.16657	0.202937	0.12896	0.0477174	-0.00845108	-0.0279817	0.0236918	-0.0392005	-0.00284533	0.153426	0.0525222	-0.0201079	0.331876	0.115291	0.619836	0.238979	0.232409	0.0242803	-0.00752316	0	-0.0262624	
0.0613947	0.0533974	-0.0185434	0.175386	0.204375	0.11184	0.0477174	-0.0116858	-0.0279817	0.0231967	-0.0451449	-0.00284533	0.115257	0.0357686	-0.0285411	0.420426	0.0818142	0.752983	0.329796	0.248266	0.0118375	-0.0461955	0.147637	
0.0573826	0.0503063	-0.016691	0.175386	0.253925	0.144152	0.0477174	-0.0116858	-0.0311793	0.0263943	-0.0252628	0.000352285	0.115257	0.0389662	-0.0241547	0.380163	0.111925	0.7418	0.298742	0.251464	-0.00907614	0.158086	0.0274312	0	
0.0583312	0.0503063	-0.0106457	0.190704	0.231603	0.144482	0.04414	-0.0270034	-0.0414947	0.0324396	-0.00839104	0.00606771	0.156651	0.0450115	-0.0241547	0.380493	0.0598154	1.00366	0.299072	0.257509	-0.0063628	0.0373117	0.172131	0	
0.0502876	0.0419907	-0.0157825	0.184389	0.225994	0.173164	0.0476118	-0.0270034	-0.04785	0.0324396	-0.0080354	0.00571207	0.156084	0.0450115	-0.0242563	0.378662	0.0565234	0.951695	0.235041	0.257509	-0.001267	0.172131	
0.0749387	0.0416401	-0.014642	0.201889	0.211367	0.173164	0.0476118	-0.0245711	-0.0409657	0.033243	-0.0577635	0.00794658	0.18931	0.0547929	-0.0224746	0.334488	0.0280432	0.922325	0.252142	0.259744	0.00298915	0.174365	
0.0752207	0.0278762	-0.0258162	0.19099	0.211367	0.108997	0.0476118	-0.0136716	-0.0421152	0.0343925	-0.0577635	0.00909613	0.165526	0.0426835	-0.00871062	0.334488	0.0476959	1.04322	0.267798	0.275656	0.000953333	0.180307	
0.0896602	0.0448328	-0.0215442	0.19099	0.211367	0.156093	0.0697495	-0.0136716	-0.0421152	0.0343925	-0.00632229	0.00909613	0.151519	0.0179988	-0.0256673	0.334488	0.0523455	1.50022	0.252213	0.28712	0.00047557	0.173515	0.0120739	
0.121419	0.0448328	-0.0215442	0.19099	0.211367	0.155552	0.0697495	-0.0136716	-0.0458879	0.0343925	0.00602684	0.00909613	0.155011	0.0179988	-0.0256673	0.399756	0.0352022	1.47675	0.329322	0.28712	0.00047557	0.182164	0	
0.0746607	0.052357	-0.0215442	0.221579	0.244708	0.121278	0.0753075	-0.0216534	-0.0458879	0.0343925	-0.0109095	0.00909613	0.111529	0.0416703	-0.0331915	0.372561	0.08227	1.62774	0.256995	0.28712	0.00047557	0.165017	
0.108261	0.0322009	-0.0204994	0.196958	0.197689	0.119226	0.0756345	-0.0154134	-0.0439949	0.0343925	0.00217838	0.00876919	0.154892	0.00366787	-0.0130354	0.357223	0.147928	1.23062	0.181811	0.319057	0.00712465	0.198051	
0.129396	0.0322009	-0.0292917	0.188974	0.19854	0.120078	0.0413166	-0.0154134	-0.0494644	0.0343925	-0.0036227	0.00791801	0.140922	-0.00279156	-0.0130354	0.358672	0.178977	1.31518	0.182662	0.319057	0.00154017	0.198051	0.0869095	0	
0.129396	0.0311239	-0.0201748	0.188974	0.201789	0.120078	0.0444669	-0.0154134	-0.0494644	0.0343925	0.00839601	0.00791801	0.140922	0.00432379	-0.0130354	0.358672	0.178977	1.10874	0.182662	0.308481	0.00783072	0.198051	0	
0.120801	0.0431553	-0.0220187	0.196951	0.18798	0.149993	0.0444669	-0.0233909	-0.0494644	0.0343925	-0.0045866	0.00791801	0.123908	0.00364337	-0.0250667	0.358672	0.17689	1.05826	0.196543	0.308481	0.00783072	0.198051	-0.00120546	-0.0337045	
0.122583	0.0294055	-0.0220187	0.222216	0.234947	0.113324	0.0150912	-0.0241565	-0.0494644	0.0351582	0.0377518	0.00791801	0.114365	0.0213443	-0.0120826	0.358672	0.17689	1.1084	0.196543	0.274472	-0.00496252	0.199648	
0.137175	0.0365856	-0.0202654	0.222216	0.201758	0.140923	0.0146828	-0.0241565	-0.0511789	0.0351582	0.0125823	0.00791801	0.0912635	0.0213443	-0.0192627	0.390265	0.206718	1.24828	0.196543	0.274472	-0.0027664	0.201032	
0.134945	0.0365856	-0.0199043	0.220957	0.218078	0.152672	0.0252645	-0.022898	-0.0531589	0.0367919	0.0249917	0.00743676	0.119073	0.0216941	-0.0192627	0.289577	0.208833	1.02429	0.130852	0.245372	0.00608779	0.248272	-0.0145587	
0.114242	0.0441893	-0.0156308	0.269159	0.246979	0.152672	0.0252645	-0.0350928	-0.0525116	0.0367919	0.0255261	0.00743676	0.118694	0.019245	-0.0192627	0.331004	0.137867	1.19127	0.194342	0.232996	0.00608779	0.248272	0	
0.114242	0.0441893	-0.00994163	0.242129	0.246979	0.17054	0.0435253	-0.00806213	-0.0582008	0.042481	0.0480761	0.0131259	0.102076	0.0249341	-0.0192627	0.331004	0.0792729	1.19127	0.112238	0.238489	-0.005517	0.26911	-0.147674	
0.128967	0.0427603	-0.0090882	0.242129	0.246979	0.128983	0.0500429	-0.00611846	-0.0582008	0.0405373	0.00100596	0.0131259	0.0984133	0.0210057	-0.01589	0.331587	0.0528329	0.984119	0.1501	0.238489	0.00395106	0.284192	0.0121584	-0.0143908	
0.0986731	0.0316092	-0.0085999	0.252498	0.264081	0.128983	0.0225086	-0.0164879	-0.0565167	0.0410256	-0.00147835	0.0136142	0.164835	0.0110493	-0.01589	0.314217	0.048985	1.23231	0.1501	0.275136	0.00395106	0.297305	-0.0150944	
0.0730815	0.0377202	-0.00872548	0.261755	0.192201	0.128983	0.0420635	-0.0288897	-0.0565167	0.0441706	-0.00775669	0.0136142	0.0940062	0.0151629	-0.0168186	0.314295	0.0465875	1.05099	0.156263	0.321611	0.00395106	0.297305	0.0305564	
0.0676913	0.027953	-0.00872548	0.22636	0.205721	0.15459	0.0396904	-0.0156	-0.0565167	0.0441706	3.26441e-05	0.0136142	0.133674	0.0265637	-0.0194329	0.385542	0.101773	0.879933	0.157207	0.321611	-0.003538	0.297305	
0.0503533	0.0647277	-0.00737166	0.22636	0.242625	0.15459	0.0534128	-0.0156	-0.0590423	0.0494022	-0.00409981	0.0188459	0.11404	0.0316431	-0.0194329	0.385542	0.101773	0.879933	0.205632	0.340409	-0.00203872	0.302536	
0.0646986	0.0647277	0.00116424	0.239373	0.224413	0.121046	0.0486677	-0.0156	-0.0587548	0.0494022	0.0159747	0.0188459	0.11404	0.0223551	-0.0194329	0.385542	0.00918773	0.965826	0.201731	0.332059	-0.00203872	0.302536	
0.0710212	0.0467048	0.00638135	0.229753	0.224413	0.138817	0.0486677	-0.0204129	-0.063972	0.0546194	0.0159778	0.024063	0.115968	0.0276658	-0.0263553	0.386667	0.0318952	1.69459	0.201731	0.406044	-0.00203872	0.271338	-0.0292566	0	0	
0.0588276	0.0429536	0.0189373	0.230673	0.224413	0.149503	0.0486677	-0.0204129	-0.0624977	0.0546194	0.00818449	0.024063	0.115968	0.0276658	-0.0229237	0.404754	0.0614426	0.992636	0.202376	0.401667	-0.00208645	0.271338	0	0.149213	
0.0588276	0.0425411	0.0189373	0.21197	0.224413	0.14345	0.0486677	-0.0204129	-0.0624977	0.0546194	0.0613779	0.024063	0.15083	0.0387551	-0.0225112	0.400638	0.0525722	0.95927	0.227437	0.401667	0.00225486	0.278587	
0.0588276	0.0424651	0.0147012	0.190804	0.221391	0.156806	0.0486677	-0.0204129	-0.0624977	0.0546194	0.0382937	0.024063	0.137444	0.0498081	-0.0224352	0.336383	0.0557235	0.758339	0.234613	0.412331	0.00923547	0.278587	
0.065047	0.0429211	0.0147012	0.194671	0.221391	0.156806	0.0401306	-0.0208249	-0.0624977	0.0511646	-0.00535706	0.024063	0.187352	0.0498081	-0.0218556	0.328361	0.086479	0.803401	0.234613	0.375633	-0.00168985	0.237487	-0.0711889	
0.065047	0.0151353	0.0147012	0.211326	0.221391	0.131487	0.0401306	-0.0208249	-0.0624977	0.0511646	0.00674662	0.024063	0.144315	0.037471	0.0059302	0.405947	0.0315211	0.725705	0.210174	0.375633	0.0110243	0.237487	-0.0408153	0	
0.065047	0.0147631	0.016042	0.20566	0.221391	0.131487	0.0625614	-0.0151587	-0.0638385	0.0525053	0.00657075	0.0254037	0.144315	0.0283515	0.00630234	0.403439	0.0503843	0.725705	0.274192	0.376973	0.00892074	0.262862	-0.0172111	
0.0588781	0.0204078	0.0164721	0.207184	0.221949	0.133785	0.0535808	-0.0166833	-0.0638385	0.0525053	-0.0495512	0.0254037	0.197521	0.0283515	0.00160998	0.397942	0.113949	0.725705	0.274192	0.376973	0.00667284	0.225752	-0.116442	
0.0588781	0.0231606	0.0191519	0.229301	0.25045	0.147159	0.0535808	-0.0105939	-0.0665182	0.0551851	0.0203839	0.0280835	0.197663	0.0310312	-0.00114286	0.350806	0.0497762	0.725705	0.21321	0.370455	0.0116364	0.228432	0	0.0340471	0	
0.0685649	0.0447932	0.0191519	0.229651	0.203562	0.144785	0.0470295	-0.00919108	-0.0665182	0.0534325	-0.0123776	0.0280835	0.163167	0.0114262	-0.0210228	0.328775	0.0350094	0.595112	0.167642	0.370455	0.00317477	0.220064	0.066427	
0.0685649	0.0357263	0.0056347	0.207167	0.203562	0.116184	0.0524148	-0.0217232	-0.0641554	0.0510697	-0.0224417	0.0257207	0.181969	0.00906338	-0.00954942	0.427885	0.0729602	0.595112	0.294746	0.386369	0.0105348	0.217701	0.0457805	
0.0685649	0.0375119	0.00726639	0.192036	0.216253	0.116184	0.0419159	-0.0276549	-0.0644934	0.0514076	-0.0372746	0.0260587	0.164365	-0.00397363	-0.0152494	0.367225	0.0277331	0.624548	0.159943	0.406365	-0.012312	0.183615	0	
0.0685649	0.0375119	0.0107945	0.185054	0.217522	0.158161	0.0416351	-0.0206723	-0.0644934	0.0514076	0.0403811	0.0260587	0.192561	-0.00486023	-0.0152494	0.351365	0.0475884	0.745646	0.159943	0.406365	-0.012312	0.177834	-0.00698258	
0.087069	0.0375119	0.0107945	0.188019	0.23116	0.158161	0.0456496	-0.023479	-0.0577618	0.0514076	-0.0279174	0.0260587	0.192561	-0.00859911	-0.0152494	0.351365	0.0394568	0.752741	0.196626	0.406365	-0.012312	0.177834	
0.0959818	0.0315393	0.0110156	0.188019	0.118712	0.158161	0.0714008	-0.0145662	-0.0579829	0.0427159	-0.0264612	0.0262797	0.19437	-0.00837804	-0.000363971	0.362382	0.0177556	0.752741	0.187345	0.359879	0.0042336	0.16225	0.174033	0	
0.0921026	0.0389959	0.0110156	0.163881	0.106794	0.158161	0.0714008	0.00170758	-0.0579829	0.0427159	0.0239047	0.0262797	0.19437	-0.00286966	-0.00782058	0.362382	0.0177556	0.682889	0.181931	0.330281	0.00281887	0.16225	0.187369	
0.0624115	0.0435408	0.00355102	0.17654	0.0999645	0.130427	0.0663353	-0.0109511	-0.0624803	0.0427159	0.0703311	0.0249569	0.22588	-0.0113146	-0.016006	0.428564	0.0569436	0.914048	0.183254	0.38286	-0.00199568	0.16225	0.196661	
0.0624115	0.0471596	0.00355102	0.185405	0.148415	0.174935	0.0656275	-0.0109511	-0.056088	0.0427159	0.00524986	0.0242731	0.192021	0.000770076	-0.00994793	0.479045	-0.0047953	0.914732	0.225667	0.38286	0.00765421	0.197032	0.148895	-0.0035149	-0.00947643	0	
0.0624115	0.0424377	0.0189015	0.185405	0.0950727	0.174935	0.0656275	-0.0109511	-0.0626706	0.0492986	-0.0453098	0.0308558	0.172662	0.00735277	-0.00994793	0.341333	0.0877215	1.23923	0.225667	0.389443	0.00765421	0.203615	0.202237	
0.06876	0.0365879	0.0214953	0.185405	0.0981572	0.156932	0.101654	-0.0109511	-0.0626706	0.0492986	0.0318642	0.268526	0.0198475	-0.00409819	0.477573	0.0336963	1.16798	0.231639	0.389443	0.0110318	0.191503	0.184264	
0.06876	0.0347436	0.0114854	0.185119	0.108977	0.158186	0.0868652	-0.0106649	-0.0626706	0.0492986	0.15274	0.0318642	0.203182	0.0198475	-0.00225382	0.388081	0.0634354	0.777047	0.235727	0.374856	-0.00197087	0.191503	
0.0825617	0.0346719	0.00826071	0.177789	0.108977	0.0897549	0.0868652	-0.0137096	-0.0626706	0.0493704	0.15274	0.0318642	0.20311	0.0218105	0.00923004	0.429727	0.0466568	0.798952	0.249329	0.409139	-0.0024059	0.191503	0.0576592	0.0257579	
0.0802628	0.064568	0.00826071	0.177789	0.103723	0.0897549	0.116793	-0.0137096	-0.0647607	0.0493704	0.157994	0.0318642	0.20311	0.0218105	-0.0153851	0.453907	0.0466568	0.884952	0.324017	0.41378	-0.0024059	0.191503	0.00745975	0.0105732	0	
0.0802628	0.0559457	0.0103512	0.177789	0.103723	0.116059	0.117398	-0.0137096	-0.0671625	0.0517722	0.18723	0.034266	0.211044	0.0242123	-0.0141117	0.453907	0.0466568	0.965168	0.296664	0.404913	-0.0024059	0.193905	-0.0166824	0.0970732	0.0526434	
0.0802628	0.0497496	0.00924493	0.177789	0.137501	0.116059	0.117398	-0.0137096	-0.0601034	0.0447131	0.129605	0.0272069	0.204535	0.00833154	-0.00791558	0.365752	0.0434485	1.17627	0.296664	0.397854	-0.0135302	0.222254	-0.00341603	0	
0.0591165	0.0603203	0.00924493	0.130567	0.132507	0.17175	0.122484	-0.00912713	-0.0601034	0.0447131	0.13502	0.0272069	0.204535	0.0103114	-0.0147254	0.327382	0.102458	1.01727	0.389778	0.358767	0.00452153	0.213588	-0.0302649	
0.126751	0.0408924	0.00856771	0.149612	0.131186	0.149973	0.0838925	-0.00697516	-0.0680932	0.0469727	0.169668	0.0307866	0.157121	0.0150873	0.00124027	0.32529	0.0243624	0.654011	0.364197	0.361027	-0.00776489	0.215848	
0.126751	0.0408924	0.00563685	0.133215	0.172207	0.149973	0.0798018	-0.00697516	-0.0680932	0.0469727	0.128647	0.0307866	0.170605	0.0177632	0.00124027	0.361875	0.0900254	0.654011	0.364197	0.409918	-0.013701	0.228743	
0.110096	0.0346676	0.00563685	0.115933	0.157018	0.149973	0.081049	-0.00697516	-0.0565961	0.0469727	0.102047	0.0307866	0.149583	0.0311157	0.00124027	0.365734	0.08276	0.718934	0.364197	0.40871	-0.0165083	0.237226	-0.0204006	0.0552091	-0.0161861	
0.0984077	0.0268444	0.00563685	0.110313	0.117015	0.153774	0.0678263	-0.0103589	-0.0599898	0.0469727	0.14205	0.0307866	0.215685	0.0311157	0.00906347	0.333362	0.0859212	0.645586	0.364197	0.40871	-0.0165083	0.237226	0.075328	-0.0370835	
0.09848	0.0268444	0.00234121	0.141518	0.159895	0.145043	0.0467304	-0.0133435	-0.0579725	0.0454308	0.0991701	0.0287692	0.200391	0.0258654	0.00858795	0.333362	0.0556473	0.561976	0.364197	0.430849	-0.0102719	0.235209	0.104868	-0.0668074	
0.0849222	0.0162634	-0.00372148	0.128535	0.121261	0.148279	0.0820654	-0.000360876	-0.0697424	0.0454308	0.16809	0.0287692	0.200391	0.0296371	0.0146974	0.333362	0.127741	0.561976	0.355405	0.430849	-0.00185479	0.247526	0.080838	
0.0849222	0.0228949	0.00257048	0.128535	0.121261	0.105316	0.0726832	-0.000360876	-0.0697424	0.0454308	0.145712	0.0287692	0.1897	0.0296371	0.00806592	0.268033	0.0570577	0.5527	0.355405	0.430849	-0.00185479	0.229348	0.0289597	
0.0849222	0.0228949	0.00257048	0.127641	0.125547	0.115983	0.078544	0.000533912	-0.0697424	0.0454308	0.134726	0.0287692	0.199104	0.0200678	0.00806592	0.268033	0.0712963	0.735225	0.29621	0.430849	-0.0176139	0.229348	0.0758322	0.00669989	
0.0612918	0.0201082	0.00487023	0.151193	0.106676	0.101527	0.078544	-0.0135252	-0.0697424	0.0454308	0.1544	0.0287692	0.177563	0.0200678	0.00806592	0.350022	0.0372226	0.849174	0.29621	0.430849	-0.0176139	0.228281	0.0551776	0.00589623	0.069038	
0.0612918	0.043043	0.00379152	0.150838	0.143292	0.10024	0.078544	-0.0131695	-0.0620533	0.0454308	0.128008	0.0287692	0.177563	0.0200678	0.00806592	0.436257	0.0652788	0.849174	0.290689	0.430849	0.0074219	0.217516	0.0621493	0.0081012	0.033112	
0.105294	0.0507666	6.82191e-06	0.154995	0.120432	0.119104	0.0501334	-0.00897224	-0.0620533	0.0412336	0.158969	0.0287692	0.181761	0.00378354	-0.00252607	0.376171	0.0596767	1.00489	0.350317	0.430849	-0.0060376	0.217516	0.0621493	0.0163772	0	
0.0911298	0.0673914	-0.00118118	0.160922	0.119904	0.121171	0.0508372	0.00282931	-0.0646828	0.0412336	0.207826	0.0280654	0.259649	0.032266	-0.00252607	0.298796	0.0689005	1.05773	0.389973	0.407163	-0.00291779	0.217516	0.0454752	0.015014	
0.0874092	0.055133	-0.00430365	0.151421	0.119904	0.105891	0.0508372	-0.000307856	-0.0646828	0.0445125	0.150724	0.0280654	0.148332	0.0190236	-0.00476875	0.403357	0.0772713	0.832247	0.389973	0.407163	0.00726177	0.217516	0.0883309	0.0151784	
0.0874092	0.0463892	-0.00430365	0.158273	0.0977339	0.10576	0.0774974	-0.00716051	-0.0646828	0.0445125	0.157716	0.0280654	0.147978	0.0190236	-0.0100738	0.351895	0.0108478	0.750167	0.389973	0.429082	0.00539289	0.217516	0.0883309	0.0151784	
0.0874092	0.0438422	0.00113441	0.162256	0.151725	0.103447	0.0654281	-0.0111431	-0.068975	0.0490454	0.153249	0.0325983	0.139535	0.0374204	-0.00752672	0.351895	0.0498994	0.731545	0.353376	0.44136	0.00539289	0.217004	0.105641	0.0151784	
0.0835526	0.0491538	0.0142338	0.159333	0.140195	0.103303	0.0654281	-0.00822076	-0.068975	0.0490454	0.134427	0.0325983	0.133789	0.0108417	-0.00752672	0.351895	0.0536734	0.603641	0.323479	0.44136	0.00539289	0.214119	0.119264	0.0151784	0	0	
0.0631284	0.0394783	0.0142338	0.159333	0.100345	0.141248	0.0654281	-0.00822076	-0.068975	0.0490454	0.145723	0.0325983	0.13755	0.0302131	-0.00624993	0.351895	0.0560336	0.776689	0.255397	0.44136	0.00671423	0.212859	0.094229	0.0151784	
0.0639616	0.0340487	0.0123796	0.164235	0.125225	0.107383	0.0550519	-0.00822076	-0.0671208	0.0471912	0.112132	0.0307441	0.0629269	0.0136101	-0.000820324	0.351895	0.0748695	0.776689	0.256491	0.437413	-0.00193206	0.211004	0.084508	0.0481605	
0.0862485	0.0424499	0.0079722	0.164235	0.135231	0.0931563	0.0415874	-0.00822076	-0.0742604	0.0465789	0.112084	0.0301318	0.112492	0.0129979	-0.00922153	0.487321	0.0826052	0.776689	0.15357	0.436801	-0.00193206	0.210392	0.109222	0.038202	
0.081739	0.0425758	0.0079722	0.166025	0.0871747	0.0924595	0.038955	-0.00822076	-0.0742604	0.0465789	0.16014	0.0300028	0.161591	0.00761601	-0.00922153	0.48745	0.0901678	0.72807	0.247508	0.453465	-0.00180302	0.221822	0.17113	0.038331	-0.0295343	0.0411293	
0.074402	0.0481346	0.00956269	0.172861	0.0871747	0.0924595	0.0291939	-0.00822076	-0.0758509	0.0481694	0.16014	0.0315933	0.161591	0.00920651	-0.00922153	0.43748	0.0887995	0.723519	0.288467	0.450495	-0.0039072	0.223413	0.0878979	0.038331	-0.0288134	
0.074402	0.0364366	0.00956269	0.210131	0.125506	0.16155	0.0445333	-0.00822076	-0.0718996	0.0481694	0.127558	0.0315933	0.146358	0.0176495	-0.00922153	0.404592	0.0887995	0.706861	0.239318	0.485961	-0.0039072	0.228894	0.0802042	
0.0841534	0.0589185	0.0238713	0.210355	0.125506	0.1533	0.0670084	-0.00882878	-0.0704475	0.0485538	0.209523	0.0315933	0.145974	0.00649492	-0.0213222	0.343376	0.0952509	0.682928	0.202719	0.477346	0.00600353	0.229753	0.0558458	
0.0839761	0.0589185	0.0242279	0.210355	0.115663	0.162503	0.0350541	-0.00900618	-0.0762651	0.0490878	0.225944	0.0319499	0.148329	0.00546009	-0.0214996	0.378638	0.0231411	0.915774	0.202719	0.462844	-0.00859387	0.23011	0.0630737	0	0.0535627	
0.0839761	0.0564639	0.0233858	0.184014	0.130366	0.130624	0.0611019	-0.00375223	-0.075423	0.0482457	0.211588	0.0307597	0.148329	0.00461792	-0.019045	0.380388	0.0360782	0.576435	0.204796	0.46291	0.00236389	0.229268	0.0502287	-0.157171	0.0539107	0.0256704	0	0.0343725	
0.0839761	0.0485106	0.0301054	0.187508	0.130366	0.148263	0.0611019	-0.00724624	-0.073988	0.045511	0.20619	0.028025	0.148329	0.00444742	-0.00916121	0.394658	0.0310902	0.640689	0.194844	0.474174	0.00236389	0.226533	0.0672162	0	0.0554977	
0.0839761	0.0574232	0.0301054	0.209889	0.130366	0.148199	0.0483564	0.000454936	-0.0775851	0.045511	0.20619	0.028025	0.162969	0.00237511	-0.0180737	0.400872	0.088009	0.575264	0.25165	0.474174	0.00236389	0.229022	0.0615312	
0.0758211	0.0551349	0.034559	0.212428	0.134602	0.148586	0.036607	0.000454936	-0.0687425	0.0490732	0.177291	0.0312001	0.137813	0.0120742	-0.0157854	0.42126	0.0652316	0.662987	0.259739	0.487173	-0.00401116	0.22454	0.0619184	
0.0712255	0.070094	0.038502	0.212428	0.148632	0.140983	0.036607	0.000454936	-0.0708273	0.051158	0.247352	0.0332849	0.130288	0.0223953	-0.0222099	0.42126	0.0415417	0.551242	0.219463	0.528634	-0.00401116	0.226625	0.0594901	-0.03885	-0.0206601	
0.0630504	0.0536163	0.0343465	0.211811	0.148632	0.140983	0.0451239	0.000454936	-0.0767167	0.051158	0.137646	0.0332849	0.130288	0.0383463	-0.00573223	0.383805	0.0415417	0.551242	0.178743	0.528634	0.00834649	0.226625	0.0984085	
0.0630504	0.0365797	0.0330391	0.211811	0.15645	0.149567	0.0458743	0.000454936	-0.0767167	0.051158	0.129828	0.0332849	0.115804	0.0492411	-0.0124876	0.383805	0.0415417	0.575008	0.205667	0.514203	0.00653278	0.226625	0.0959493	0.0560852	0	0.0141327	
0.0926995	0.050993	0.0330391	0.206685	0.143581	0.127698	0.0458743	-0.0101307	-0.0736044	0.051158	0.142697	0.0332849	0.11298	0.0494173	-0.00509672	0.383805	0.0219891	0.543281	0.214046	0.519205	0.00653278	0.226625	0.0992098	-0.0180857	
0.0494186	0.050993	0.032077	0.214383	0.133551	0.190821	0.0458743	-0.0101307	-0.0795286	0.051158	0.152727	0.0332849	0.11526	0.0385091	-0.00509672	0.383805	0.0327	0.803019	0.297961	0.527716	0.00720963	0.226625	0.113868	
0.0393506	0.050993	0.0439966	0.214383	0.136083	0.193354	0.0252887	-0.0101307	-0.0915544	0.0630776	0.152727	0.0426721	0.11526	0.0596964	-0.00509672	0.386338	0.022044	0.426676	0.300493	0.515958	0.00974201	0.238545	0.127609	0.00253238	
0.0729399	0.0667104	0.0300663	0.210373	0.122195	0.195199	0.032399	-0.0113935	-0.0960545	0.0653923	0.165677	0.0406528	0.147568	0.0452635	-0.0187622	0.402772	0.08313	0.428263	0.301267	0.513	-0.000192647	0.235587	0.100699	0	0	
0.0644228	0.057958	0.0361261	0.190508	0.122195	0.160954	0.0299885	-0.0100984	-0.0839837	0.0653923	0.165677	0.0406528	0.137376	0.049567	-0.0100098	0.434905	0.0578984	0.445509	0.289212	0.513	-0.000560229	0.258367	0.12568	0.000652572	0	0	
0.0657518	0.057958	0.0361261	0.212196	0.11688	0.160954	0.0329645	-0.00166134	-0.0839837	0.0640632	0.157886	0.0406528	0.140601	0.0509124	-0.0086808	0.399527	0.104737	0.445509	0.251628	0.513952	-0.000560229	0.258367	0.19566	
0.0729815	0.0420377	0.0442183	0.212196	0.11688	0.160954	0.0408245	-0.00166134	-0.0839837	0.0640632	0.158589	0.0406528	0.140601	0.019402	-0.0086808	0.399527	0.120478	0.508195	0.251384	0.513952	-0.000560229	0.255817	0.19566	
0.0729815	0.0458073	0.0416594	0.208728	0.125682	0.160954	0.0359071	-0.0131522	-0.0814248	0.0615043	0.149787	0.0380939	0.140601	0.0215364	-0.0086808	0.334398	0.0868075	0.553281	0.251384	0.448491	-0.00835171	0.253258	0.209661	0.0128159	
0.0729815	0.0407989	0.0226795	0.197455	0.146605	0.160954	0.0457772	-0.0131522	-0.0814248	0.0615043	0.128864	0.0380939	0.169549	0.0240792	-0.00296285	0.395553	0.109872	0.509484	0.272589	0.530298	0.00909392	0.253258	0.149122	
0.0729815	0.0474213	0.0226795	0.197455	0.11742	0.143689	0.045608	-0.0131522	-0.0953962	0.0615043	0.15805	0.0380939	0.126577	0.0392081	-0.00958526	0.395553	0.0758293	0.490767	0.245065	0.548834	0.00909392	0.253258	0.149122	0.106886	0.107288	
0.0743931	0.0240423	0.0171181	0.20216	0.119151	0.135709	0.0879305	-0.0174661	-0.0970797	0.0611133	0.156318	0.0380939	0.156901	0.0392081	-0.00495788	0.400631	0.0352772	0.551808	0.245065	0.548834	0.0100172	0.253258	0.1067	0.00378609	0	
0.0743931	0.0169826	0.0223638	0.166793	0.174771	0.135709	0.074333	-0.0148096	-0.0985885	0.0611133	0.100698	0.0380939	0.156901	0.0392081	0.004282	0.400631	0.0904294	0.442436	0.231397	0.548834	-0.000235718	0.262715	0.1067	0.0418799	
0.0743931	0.0468705	0.0141606	0.173285	0.134779	0.152654	0.0726439	-0.0148096	-0.102555	0.0650798	0.132688	0.0420603	0.161449	0.0431746	-0.0262915	0.400631	0.0904294	0.450446	0.238396	0.552801	0.00829115	0.269464	0.082287	
0.0607919	0.020515	0.0141606	0.209221	0.119369	0.162046	0.0726439	-0.0155321	-0.102555	0.0650798	0.147328	0.0420603	0.161449	0.0494047	6.40024e-05	0.438411	0.0696034	0.572805	0.227832	0.552801	0.0110255	0.251668	0.135735	0.09748	-0.119868	-0.00304792	0	
0.0575628	0.0324019	0.0230409	0.204351	0.0978157	0.192592	0.0645598	-0.0138914	-0.102555	0.0683089	0.193682	0.0420603	0.15822	0.05339	-0.0150521	0.438411	0.0482183	0.493723	0.236374	0.557745	0.00287748	0.251668	0.17026	0.119225	
0.0605135	0.0339628	0.0271423	0.205208	0.0978157	0.171078	0.0645598	-0.0138914	-0.102555	0.0683089	0.241916	0.0420603	0.208916	0.0716924	-0.0171929	0.390469	0.0385496	0.655741	0.223189	0.560073	0.0196468	0.251668	0.17026	0.19975	0	
0.0605135	0.0298882	0.0359911	0.205208	0.176704	0.188782	0.0645598	-0.0138914	-0.105526	0.0683089	0.130063	0.0420603	0.124365	0.0444859	-0.0131183	0.371993	0.0205901	0.827046	0.263725	0.547821	0.0042268	0.237231	0.108898	0.0302909	0	0	0.101664	
0.0605135	0.0298882	0.0357014	0.219341	0.142413	0.145856	0.0504645	-0.0138914	-0.105237	0.0680192	0.181407	0.0399775	0.182716	0.0441962	-0.0131183	0.373786	0.0322204	0.828839	0.23622	0.539978	0.0060199	0.225381	0.126189	
0.0933548	0.0234396	0.0357014	0.198872	0.154198	0.145856	0.0504645	-0.0138914	-0.105237	0.0680192	0.19135	0.0399775	0.153692	0.0441962	-0.0066697	0.344836	0.0371991	0.650814	0.23622	0.539978	0.0060199	0.198606	0.126189	0	0.225381	
0.0760142	0.0338966	0.0357014	0.239227	0.17185	0.17951	0.065798	-0.0135817	-0.105237	0.0680192	0.162097	0.0399775	0.118125	0.0568087	-0.0112264	0.344836	0.0630748	0.818857	0.23622	0.505224	0.0060199	0.198606	0.10305	0.0479063	0.259972	
0.0792034	0.0355662	0.0357014	0.239227	0.17185	0.177531	0.0190812	-0.0153682	-0.105237	0.0698057	0.162097	0.0399775	0.0808315	0.0513148	-0.0146824	0.344836	0.0630748	0.520646	0.248127	0.530932	0.0060199	0.187939	0.108141	0.110356	0.0720339	
0.0792034	0.0355662	0.0357014	0.251729	0.149882	0.178883	0.0471498	-0.0148363	-0.105237	0.0698057	0.184065	0.0399775	0.129568	0.0513148	-0.0146824	0.448879	0.0495956	0.520646	0.248127	0.530932	0.0060199	0.18619	0.0970057	0.14401	0.259972	0	0.0912743	0	
0.0810559	0.0394294	0.0409156	0.235104	0.110519	0.13458	0.0500527	-0.0148363	-0.110451	0.0750199	0.223427	0.0451917	0.129568	0.056529	-0.00866935	0.394169	0.0263664	0.438221	0.295093	0.536147	0.0060199	0.16721	0.151052	0.14401	0.0292013	0.113695	0.265187	
0.0395953	0.0394294	0.0370775	0.249691	0.110519	0.13458	0.0470337	-0.0197579	-0.099038	0.0711818	0.223427	0.0413536	0.130775	0.056476	-0.00866935	0.394169	0.0263664	0.850748	0.263118	0.532308	0.0169857	0.163372	0.0996543	0.192236	0.0474691	0.261349	0	-0.00197985	
0.0467783	0.0392402	0.0370775	0.270396	0.171116	0.13458	0.0470337	-0.0125749	-0.099038	0.0639987	0.127325	0.0413536	0.15859	0.0569794	-0.00129708	0.394169	0.0677859	0.855564	0.263118	0.532308	0.0169857	0.157195	0.0996543	0.245939	0.0292739	0.272751	0.0220544	-0.0162795	
0.0467783	0.0348022	0.0380212	0.270396	0.185332	0.108957	0.0539619	-0.0125749	-0.099038	0.0639987	0.119924	0.0413536	0.15264	0.0569794	-0.00129708	0.394169	0.0677859	0.861389	0.263118	0.532308	0.0269978	0.157195	0.0996543	0.214289	0.0382614	0.278812	
0.0429998	0.0497903	0.148862	0.277766	0.145339	0.117695	0.0539619	-0.0184689	-0.0992386	0.0638863	0.148168	0.0374627	0.0305466	-0.0215609	0.337927	0.0677859	1.0109	0.252385	0.528417	0.0262781	0.153304	0.13108	0.255448	0.0273651	0.274921	0.0323559	
0.0391686	0.0543243	0.148862	0.270471	0.168151	0.11856	0.0539619	-0.0116426	-0.0996363	0.0642841	0.125356	0.0378604	0.268144	0.0309443	-0.0193196	0.42767	0.0677859	0.838869	0.252385	0.528815	0.0191599	0.160848	0.120936	0.314766	0.0277628	
0.0731757	0.0575688	0.123701	0.253323	0.170013	0.119191	0.0558237	-0.0150421	-0.0947312	0.065461	0.125356	0.033776	0.259326	0.0318585	-0.0259637	0.429532	0.0694104	0.952351	0.250982	0.529295	0.0180078	0.158625	0.053993	0.153918	0.021802	
0.0477956	0.0467155	0.104736	0.242964	0.162122	0.119191	0.0556418	-0.0174244	-0.0947312	0.065461	0.133247	0.033776	0.21622	0.0274322	-0.0151103	0.566985	0.137316	0.87208	0.259491	0.529295	0.00980768	0.163595	0.0881742	0.10386	0.0189582	
0.0477956	0.0467155	0.174404	0.241812	0.141419	0.159664	0.0553939	-0.016272	-0.0947312	0.065461	0.153702	0.0340239	0.241494	0.0318282	-0.0151103	0.459573	0.0886538	0.779008	0.288068	0.536324	0.0183837	0.15971	0.126087	0.0720161	0.0224833	0.0230586	
0.0727769	0.0450963	0.134062	0.245361	0.137927	0.157496	0.0553939	-0.0198208	-0.0947312	0.065461	0.146397	0.0340239	0.221134	0.0375447	-0.0134912	0.488714	0.0749857	0.836807	0.188103	0.531665	0.00764447	0.16197	0.13942	0.0697563	0.0268623	0	0	
0.0727769	0.0355469	0.159423	0.245361	0.126151	0.16998	0.058985	-0.0198208	-0.0919441	0.0666475	0.158174	0.0352104	0.23552	0.0387312	-0.0116027	0.452309	0.137191	0.836807	0.188103	0.532851	0.0103135	0.163156	0.10876	0.0500223	0.029785	
0.0727769	0.0456434	0.159423	0.239336	0.167926	0.16998	0.0700586	-0.0201076	-0.0959249	0.0666475	0.116399	0.0352104	0.254332	0.0387312	-0.0116027	0.495325	0.1028	0.648388	0.188103	0.532851	0.0103135	0.163522	0.10876	0.0237914	0.029785	-0.0570771	
0.0727769	0.0327679	0.143067	0.213575	0.167926	0.16998	0.0700586	-0.0191138	-0.0959249	0.0666475	0.116399	0.0352104	0.237621	0.0392786	-0.0116027	0.495325	0.104008	1.11321	0.188103	0.532851	0.0158784	0.163522	0.103259	0.0498458	0.0347871	0.0220985	0	
0.0878648	0.0424903	0.207282	0.213575	0.124791	0.16998	0.0700586	-0.0191138	-0.097849	0.0666475	0.159533	0.0352104	0.237621	0.0527654	-0.0116027	0.484953	0.0743706	1.06297	0.237046	0.532851	0.0158784	0.163522	0.103259	0.0453894	0.0347871	0.0518306	
0.0971831	0.0271552	0.164496	0.209893	0.158518	0.16998	0.0517585	-0.0154321	-0.097849	0.0666475	0.129519	0.0352104	0.300056	0.0273907	-0.0116027	0.484953	0.0695476	1.06297	0.198428	0.532851	0.00770716	0.161655	0.0872064	0.0735173	0.0505643	0.0193558	0	
0.0945609	0.0362633	0.158785	0.229533	0.157349	0.194669	0.05059	-0.0168925	-0.105024	0.0666475	0.129519	0.0363789	0.298887	0.0259935	-0.0207108	0.416431	0.0567375	1.09864	0.203693	0.532851	0.00653862	0.161655	0.143821	0.0735173	0.0505643	0.0327154	-0.0716346	0	0	
0.0945609	0.0445188	0.158785	0.238139	0.147369	0.194669	0.0963755	-0.0155232	-0.105022	0.0666455	0.147319	0.0363769	0.298887	0.0329233	-0.0207108	0.438516	0.0550504	1.05799	0.203693	0.53285	0.00653862	0.147887	0.126069	0.239828	0.0517125	0.0409878	-0.0390139	0	
0.0945609	0.0254454	0.158785	0.209508	0.147369	0.194669	0.079766	-0.0155232	-0.105022	0.0666455	0.147319	0.0363769	0.211105	0.0445395	-0.00163745	0.373984	0.0817178	0.883804	0.203693	0.523451	0.0143995	0.147887	0.0877277	0.239828	0.0517125	0.0409878	0.00509402	0	
0.0537076	0.0408044	0.117728	0.219121	0.147369	0.195452	0.0489131	-0.0290609	-0.105022	0.07057	0.096361	0.0363769	0.218239	0.0445395	-0.0213195	0.316172	0.0817178	0.883804	0.194282	0.552607	0.0143995	0.147887	0.0795294	0.239828	0.0517125	0.0184974	0.0606658	
0.0592009	0.0406269	0.140315	0.218289	0.145365	0.170161	0.0489131	-0.0295013	-0.101025	0.0654766	0.110871	0.0300112	0.253995	0.0381738	-0.0224144	0.374508	0.0845848	0.883804	0.317134	0.517217	0.019986	0.151913	0.0987144	0.205453	0.0453468	0.00548905	0	0	
0.0630273	0.0389678	0.20161	0.208403	0.145365	0.163194	0.0384988	-0.0174056	-0.106853	0.0674775	0.109993	0.0358385	0.24741	0.0297036	-0.0185879	0.374508	0.158322	0.591002	0.317134	0.523044	0.0201839	0.147442	0.0895954	0.215751	0.048468	-0.00911506	0	0	0	
0.0359058	0.0390681	0.156269	0.208403	0.143893	0.163194	0.0442126	-0.0174056	-0.107178	0.0674775	0.143929	0.0358385	0.225605	0.0297036	-0.0186882	0.443918	0.0749773	0.761854	0.326576	0.53653	0.00168376	0.147442	0.0522435	0.17513	0.048468	-0.00911506	-0.0647698	0	-0.0404374	
0.0691582	0.0496683	0.150719	0.20894	0.143893	0.163194	0.0442126	-0.0179418	-0.107178	0.0674775	0.143929	0.0358385	0.218396	0.0413593	-0.0204486	0.327822	0.0749773	0.712412	0.326576	0.53653	0.00168376	0.143669	0.0539567	0.181154	0.048468	-0.00911506	
0.0678038	0.0496683	0.163183	0.19088	0.143893	0.163194	0.0720111	-0.0148956	-0.11	0.0702996	0.143929	0.0386606	0.218396	0.0467884	-0.0204486	0.327822	0.155483	0.908344	0.326576	0.539352	0.00934734	0.146491	0.121304	0.181154	0.0537475	0.0145219	0	
0.0527578	0.0568493	0.157016	0.174317	0.143893	0.180761	0.0720111	-0.0148956	-0.11	0.0702996	0.143929	0.0386606	0.218275	0.0467884	-0.0204486	0.415778	0.110772	0.819845	0.301384	0.539352	0.00934734	0.126404	0.0678997	0.200887	0.0537475	0.00359644	-0.0781057	
0.0527578	0.0614063	0.153939	0.182992	0.143893	0.163296	0.0720111	-0.0235711	-0.108	0.0702996	0.202781	0.0386606	0.179675	0.0417655	-0.0250056	0.393698	0.14681	0.993224	0.345982	0.539352	0.0121766	0.126644	0.0792973	0.200647	0.0537475	0.0110686	0.0134228	
0.0734161	0.0504953	0.159978	0.162867	0.127091	0.146612	0.0419193	-0.00344593	-0.117996	0.0702996	0.193475	0.0386606	0.251184	0.0417655	-0.0164833	0.368436	0.14681	0.926322	0.345982	0.518427	0.0117294	0.137436	0.0828411	0.189855	0.0606064	0.0187518	
0.0738134	0.03705	0.160376	0.200154	0.127091	0.166052	0.0419193	-0.00304862	-0.118247	0.0699023	0.189764	0.0386606	0.279048	0.0244205	-0.016086	0.362255	0.106293	0.536653	0.289835	0.518427	0.012023	0.137436	0.0828411	0.164429	0.0521697	0.00409015	0	-0.0203937	
0.0647798	0.0389663	0.192571	0.23236	0.105241	0.16924	0.0419193	-0.0327763	-0.118078	0.0697334	0.211614	0.0384918	0.1841	0.0272161	-0.018904	0.347661	0.105807	0.490594	0.292837	0.518258	0.00245246	0.13657	0.0772332	0.165126	0.0421098	0.00575187	
0.0631858	0.0378816	0.144794	0.227208	0.170206	0.122578	0.0419193	-0.0248587	-0.113382	0.0713274	0.146648	0.0384918	0.201007	0.0372902	-0.0190602	0.424216	0.0789184	0.568872	0.243024	0.557803	0.00245246	0.147193	0.0871518	0.154503	0.046986	0.00575187	0	
0.0631858	0.0377165	0.145471	0.195492	0.102371	0.142314	0.0394108	-0.0250749	-0.113382	0.0713274	0.198078	0.0381755	0.201323	0.0372902	-0.0196952	0.487692	0.0799417	0.59051	0.222703	0.507918	0.00975228	0.147193	0.102852	0.204204	0.0365187	
0.0850044	0.0377165	0.108294	0.195492	0.102174	0.117928	0.0219695	-0.0250749	-0.113382	0.0713274	0.198276	0.0381755	0.190919	0.0372902	-0.0196952	0.504013	0.0279141	0.644934	0.24438	0.513369	-0.00150574	0.147193	0.0666436	0.205445	0.0365187	
0.0850044	0.0377165	0.0706228	0.195492	0.0655272	0.176376	0.0457658	-0.0250749	-0.113382	0.0713274	0.234922	0.0381755	0.251583	0.0482257	-0.0196952	0.383993	0.0947658	0.438631	0.180052	0.530643	-0.00150574	0.147177	0.0666436	0.20546	0.0390045	
0.0850044	0.0377165	0.143437	0.179832	0.0655272	0.176376	0.0412345	-0.0207993	-0.113382	0.0713274	0.220837	0.0381755	0.318514	0.0489554	-0.0196952	0.383993	0.0829314	0.633053	0.199226	0.465716	-0.00150574	0.147177	0.108538	0.20546	0.0222647	
0.102698	0.0513634	0.170972	0.179832	0.102006	0.176376	0.0412345	-0.0207993	-0.113382	0.0713274	0.184359	0.0381755	0.401856	0.0482113	-0.033342	0.383993	0.0829314	0.634422	0.171614	0.465716	-0.000765349	0.147177	0.10243	0.20546	0.0222647	0.00521371	0.137473	0	
0.104226	0.0596273	0.119031	0.179832	0.0875419	0.183109	0.0412345	-0.0203718	-0.11861	0.0751078	0.205378	0.0423833	0.244503	0.0643977	-0.0329146	0.389877	0.0829314	0.60548	0.164189	0.533153	0.00244422	0.143197	0.0666316	0.213649	0.0259402	
0.106877	0.0655056	0.121682	0.171633	0.110975	0.18593	0.0440554	-0.0125962	-0.112241	0.0698515	0.160803	0.0369571	0.247324	0.0617924	-0.0361419	0.453311	0.0857524	0.580634	0.203155	0.530548	0.00619384	0.140591	0.0694526	0.213649	0.0233349	0.203021	
0.0944027	0.0577029	0.124075	0.177509	0.11201	0.193368	0.0440554	-0.0160792	-0.113512	0.0674585	0.206766	0.0369571	0.247324	0.0471504	-0.0208222	0.422135	0.0857524	0.653997	0.203155	0.530548	0.00619384	0.140591	0.118076	0.217148	0.0233349	0	
0.0914211	0.0577029	0.196529	0.118263	0.135959	0.193368	0.0225778	-0.0177119	-0.112389	0.0690912	0.167642	0.0369571	0.229786	0.0446865	-0.0224548	0.403457	0.142764	0.565408	0.203155	0.530548	0.00556107	0.140591	0.101301	0.210846	0.0233349	0	0	
0.0921614	0.0637752	0.184741	0.122564	0.094105	0.135526	0.0262525	-0.0169716	-0.113022	0.0688404	0.209496	0.0374466	0.211766	0.0395785	-0.0277868	0.403457	0.106919	0.442081	0.251777	0.531038	0.0127153	0.15474	0.101301	0.197187	0.0213541	0.0901083	0.118248	
0.0743683	0.0263332	0.126139	0.122564	0.102575	0.13806	0.0587779	-0.0169716	-0.113022	0.0688404	0.203559	0.0349135	0.259065	0.0332481	-0.0138258	0.347052	0.109452	0.760992	0.214585	0.531038	0.0152485	0.15474	0.163473	0.284504	0.0213541	
0.066632	0.0424513	0.123076	0.136154	0.102575	0.185678	0.0362819	-0.0169716	-0.113623	0.0694407	0.155824	0.0355138	0.259065	0.0275119	-0.0138258	0.42474	0.0746078	0.954977	0.214585	0.531638	0.0152485	0.15534	0.163473	0.247488	0.0208346	-0.0336774	0.0438038	
0.066632	0.0352428	0.123076	0.136154	0.102575	0.185678	0.0446238	-0.0169716	0.0192927	-0.113623	0.0694407	0.154456	0.0355138	0.242554	0.0102958	-0.00661721	0.42474	0.049862	1.05028	0.23872	0.578683	0.0152485	0.15534	0.163473	0.247488	-0.0189313	-0.022937	
0.0643101	0.0475984	0.125569	0.134432	0.0786804	0.185678	0.0446238	-0.0152497	0.0192927	-0.113623	0.0694407	0.17835	0.0355138	0.204737	0.0380886	-0.0189728	0.324985	0.109731	0.866158	0.23872	0.578683	0.0152485	0.141456	0.110462	0.261372	
0.0643101	0.0435943	0.135424	0.114586	0.145579	0.185678	0.037547	-0.0152497	0.0187145	-0.117219	0.0694407	0.157755	0.0355138	0.18543	0.0235622	-0.0137098	0.324985	0.137167	1.05024	0.199768	0.576529	0.0132089	0.141456	0.110462	0.261372	
0.049437	0.0387193	0.134397	0.154433	0.14456	0.209263	0.0572875	-0.018848	0.0210328	-0.113181	0.0688043	0.158774	0.031279	0.199522	0.0236445	-0.0173082	0.324985	0.0910185	1.02078	0.263812	0.572294	0.0039229	0.13588	0.125363	0.290644	0	0	
0.049437	0.0519616	0.111579	0.136661	0.171037	0.209263	0.0572875	-0.018848	0.0210328	-0.113181	0.0688043	0.177232	0.031279	0.172365	0.0401273	-0.0151068	0.324985	0.0680675	0.847353	0.263812	0.572294	0.00914896	0.13588	0.125363	0.290644	0	
0.049437	0.0133565	0.111579	0.155526	0.136574	0.209263	0.0572875	-0.018848	0.016393	-0.11181	0.0641645	0.173597	0.0266392	0.306501	0.0359131	0.00165924	0.403872	0.0486964	0.847353	0.263812	0.567655	0.00538508	0.127384	0.133656	0.28326	0	
0.049437	0.0277901	0.111579	0.126787	0.238358	0.235102	0.0553499	-0.0169897	0.0155191	-0.110936	0.0632906	0.0727347	0.0257653	0.276581	0.004222	-0.0127744	0.376684	0.0645127	1.0844	0.263812	0.565001	0.00782193	0.128284	0.084419	0.281485	0.0955818	
0.055605	0.0471534	0.196707	0.126787	0.238387	0.235131	0.0553788	-0.0169897	0.0136206	-0.109037	0.0613921	0.112865	0.0238379	0.203785	0.000208866	-0.0127744	0.34759	0.0469467	1.20155	0.267128	0.575314	-0.00409645	0.143437	0.158992	0.264434	0.214314	-0.0338673	
0.055605	0.04275	0.129104	0.146763	0.234094	0.223759	0.0605962	-0.0169897	0.0135242	-0.108941	0.0612957	0.124332	0.0237415	0.306803	0.0115345	-0.0113789	0.414176	0.0369472	1.27194	0.20014	0.575218	0.00531676	0.143341	0.0466274	0.306318	0.0192848	0	0.00745947	0	0	
0.055605	0.04275	0.134549	0.141899	0.234094	0.223759	0.0605962	-0.0169897	0.0134115	-0.106302	0.061183	0.124332	0.0236288	0.204756	0.0114217	-0.0113789	0.482056	0.059996	1.06192	0.20014	0.575105	0.00531676	0.143228	0.0602663	0.306318	-0.0194383	0.37073	
0.055605	0.0459456	0.125672	0.13935	0.236437	0.226102	0.0761656	-0.0181461	0.00637733	-0.109777	0.061183	0.0702722	0.0212857	0.326179	0.0161635	-0.0113789	0.484399	0.0492775	0.847063	0.145316	0.575105	0.00121688	0.143228	0.0739814	0.306318	0	0.00925835	0	
0.0501819	0.0489175	0.141831	0.140348	0.236437	0.226102	0.0761656	-0.0191446	0.00637733	-0.109777	0.061183	0.0545624	0.0212857	0.315559	0.0280267	-0.0143508	0.360013	0.0492775	1.00873	0.207262	0.575105	0.00221981	0.136355	0.0739814	0.32881	0	0	
0.0939373	0.0489175	0.154078	0.130876	0.226859	0.185936	0.0578825	-0.00933719	0.0076559	-0.111056	0.0621268	0.0641407	0.0225642	0.312066	0.0309226	-0.014016	0.383904	0.0606473	1.06738	0.139127	0.576383	0.00337581	0.137634	0.120226	0.32881	
0.0680675	0.0489175	0.154078	0.177722	0.226859	0.17108	0.0578825	-0.00933719	0.0114412	-0.120695	0.0659121	0.0187192	0.0263496	0.308176	0.0236471	-0.014016	0.352125	0.0606473	1.01756	0.183847	0.580169	-0.00253491	0.11956	0.0488472	0.248455	0.0321398	0	
0.0903888	0.0427265	0.154078	0.198398	0.187206	0.183972	0.0691568	-0.0117711	0.0114412	-0.120695	0.0659121	0.100908	0.0263496	0.308176	0.0408183	-0.0111058	0.348488	0.103772	0.977202	0.171977	0.546041	-0.00253491	0.0966547	0.0929361	0.216024	-0.0306713	
0.0903888	0.0516228	0.210064	0.198398	0.187206	0.167624	0.0691568	-0.0117711	0.0114412	-0.120695	0.0659121	0.134736	0.0263496	0.305897	0.0351918	-0.0200581	0.325208	0.053159	0.951741	0.181679	0.541376	-0.00025583	0.100956	0.0881188	0.211723	
0.0798154	0.0405658	0.137689	0.193977	0.185798	0.191333	0.0691568	-0.0117711	0.0119284	-0.117648	0.0637579	0.136144	0.0241953	0.254585	0.0244309	-0.0090011	0.325208	0.0394096	1.16678	0.194087	0.551543	-0.00025583	0.0988018	0.0735353	0.274656	
0.0798154	0.0405658	0.11848	0.211367	0.185798	0.135297	0.0640828	-0.0291614	0.0208066	-0.119828	0.0659376	0.177553	0.0263751	0.291833	0.0307837	-0.0090011	0.410444	0.0314758	1.08154	0.194087	0.551925	-0.00025583	0.08494	0.0735353	0.322834	
0.0798154	0.0513028	0.178681	0.200081	0.177032	0.131101	0.0957239	-0.0178757	0.0197611	-0.119828	0.0659376	0.175534	0.026698	0.294429	0.0266767	-0.0217706	0.394826	0.0617365	1.18784	0.207065	0.551925	0.00263915	0.0843284	0.0732123	0.195911	
0.0852803	0.0513028	0.169484	0.155441	0.212182	0.131101	0.0742115	-0.0178757	0.0197585	-0.121305	0.065935	0.140385	0.0266954	0.205777	0.0293493	-0.0217706	0.394826	0.0443899	0.968582	0.200022	0.505676	0.00263915	0.0843258	0.0815435	0.195911	-0.00489027	0.00629408	-0.0112098	0.0256542	
0.0860927	0.0513028	0.157792	0.191663	0.212182	0.131101	0.0742115	-0.0129968	0.0197585	-0.121305	0.0651226	0.0666552	0.0266954	0.343066	0.0237023	-0.0209582	0.408938	0.0612157	0.968582	0.301283	0.505676	0.00984064	0.0859912	0.084983	0.176906	0.0940649	
0.0598917	0.0491803	0.160792	0.195304	0.197428	0.131262	0.0742115	-0.0214362	0.0175476	-0.118788	0.0674032	0.0854162	0.024178	0.303651	0.0281034	-0.0300736	0.408938	0.0533965	1.21819	0.17562	0.511159	0.00984064	0.0834738	0.084983	0.176906	0.0827712	0	
0.0871744	0.0491803	0.133636	0.195304	0.198858	0.139837	0.0926407	-0.0214362	0.0171586	-0.118399	0.0670142	0.0854162	0.022359	0.26877	0.0273957	-0.0300736	0.39872	0.0443242	0.907857	0.218127	0.51077	0.0112706	0.098329	0.0572798	0.151192	0.0827712	
0.0403108	0.0516427	0.133636	0.218168	0.166093	0.139837	0.0926407	-0.0207776	0.0207003	-0.118594	0.0672094	0.0978317	0.0225542	0.265318	0.0340607	-0.0300736	0.492111	0.078004	1.20837	0.185687	0.510966	0.0147227	0.0805578	0.101277	0.188968	0.0771696	
0.0615616	0.0561599	0.0984532	0.231194	0.149058	0.139837	0.0723135	-0.0203237	0.0229391	-0.120833	0.0694483	0.198695	0.0247931	0.233303	0.0362995	-0.0300736	0.401712	0.0215535	1.20837	0.266727	0.513204	0.0147227	0.0726534	0.0953629	0.180983	0.0523988	-0.0231127	0	
0.0650286	0.045824	0.109414	0.232368	0.163052	0.124062	0.0587433	-0.0193004	0.0145046	-0.120833	0.0694483	0.184701	0.0247931	0.234597	0.0362995	-0.0197378	0.404571	0.0808897	1.15499	0.225656	0.51397	0.0147227	0.0651258	0.108407	0.196412	0.054252	
0.0650286	0.0452625	0.0949203	0.232368	0.179155	0.124062	0.0587433	-0.0193004	0.0168463	-0.120833	0.0694483	0.0868106	0.0247931	0.359599	0.0297192	-0.0197378	0.404571	0.0345878	1.15499	0.266496	0.51397	0.0147227	0.0651258	0.101291	0.196412	0.0500455	0.011623	0	0.000555524	
0.0616553	0.0452625	0.138782	0.226846	0.165061	0.123475	0.0719115	-0.0235483	0.0168463	-0.120833	0.0728216	0.100318	0.0253798	0.314988	0.0171764	-0.0231111	0.404571	0.0729671	1.1544	0.266496	0.516833	0.014136	0.0573727	0.100704	0.17467	0.0500455	
