0.0366614	0.147915	0.0315001	0.0540093	0.275624	-0.0748699	0.102586	0.0147326	0.0294012	0.141803	0	-0.000916363	0	0	0	0	0	0	0	0	0	0	0	0	0	0	0	0	0	0	0	0	0	0	0	0	0	0	0	0	0	0	0	0	0	0	0	0	0	0	0	0	0	0	0	0	0	0	0	0	0	0	0	0	0	0	0	0	0	0	0	0	0	0	0	0	0	0	0	0	0	0	
0.0366614	0.147915	0.0315001	0.0473494	0.186226	-0.0784378	0.102586	0.0147326	0.0294012	0.141803	-0.0218527	0.0680636	0	0.0229934	-0.0136801	0	-0.0269229	0.00887939	0.0419009	0	0.0315001	0.00807532	0	0.10619	0	-0.0137709	0	0.0366614	0.0313521	0	-0.0223054	0.0199523	0	0	0	-0.0139069	-0.0795942	0	-0.0246165	0.0392889	0	-0.0160568	0.0729788	0	0.09263	-0.00421699	-0.109294	0.0128646	0	0.029559	0.0565793	0	0.0157867	0.0324689	0.0892703	
-0.00809157	0.146227	0.0223496	0.0473494	0.186226	-0.0795158	0.102586	0.0147326	0.0294012	0.141803	-0.0294666	0.031405	-0.000476726	0.0221244	0.111737	0.0315001	0.10619	0	0.00840266	0	0.0998056	0.000299558	0.00901318	0	0.048101	-0.0741383	0.0318216	0.129153	0.0366614	0.0729788	-0.00370365	0.0159638	0.0883374	0.0435882	-0.00421699	-0.0562961	0.0426151	0.0433271	0.0167014	-0.000476726	0	
-0.0434867	0	0.0546298	0.0473494	0.186226	-0.0864612	0.134011	0.0147326	0.0315001	0.141803	0.0433271	0.10619	0.0192359	-0.0276606	-0.000476726	-0.000476726	-0.00370365	0.146227	0.0223981	0	0.155514	0.12579	0.048101	-0.143323	0.0289221	-0.0117357	0.0366614	0.143728	0.0159638	0.158416	0.147792	-0.0197742	0.0207824	
-0.0443498	0	0.0215049	0.0655244	0.211141	-0.0864612	0.116796	0.0319475	0.0315001	0.141803	0.0433271	0.0812752	0.0192359	-0.0325389	-0.000476726	0.0209961	-0.0203815	0.146227	0.079401	0	0.189977	0.153108	0.0678388	-0.178519	0.0116998	-0.000476726	0.0366614	0.143728	-0.0086799	0.259979	-0.0408223	0.0148169	
-0.0531213	-0.000228692	0.0210311	0.0581357	0.210912	-0.0850004	0.0991692	0.028408	-0.0217364	0.141574	0.0280298	0.0812752	0.0182379	-0.0133985	-0.0098522	0.0207674	0.0315944	0.00341005	0.263659	0.143504	0.0676101	0.019054	-0.00960711	0.0361876	0.177507	0.0865565	-0.141068	0.0148169	0.145999	-0.032792	0.259979	
-0.0531213	-0.000228692	0.0210311	0.0581357	0.210912	-0.0781315	0.110387	0.0171906	-0.000436851	0.101112	0.0401867	0.0420929	0.0182379	-0.0133985	-0.0098522	0.0207674	0.0380172	0.191212	0.00284056	0	-0.00301273	0.430918	0.106618	0.00667269	-0.00960711	0.0361876	0.162878	0.0240495	-0.127001	-0.0265215	0.145999	-0.022454	0.259979	
-0.0531213	-0.0146315	0.0455109	0.314321	-0.0750752	0.104845	0.0285685	0.0109411	0.126869	0.0444075	-0.0269108	0.0405605	-0.0133985	-0.0098522	0.0329737	0.0262304	0.191212	-0.00301273	0.0498694	0.0627274	0.00377709	-0.020985	0.0475655	0.212676	0.0705785	-0.130364	0.0279716	0.145999	-0.022454	0.230218	
-0.031613	-0.0134176	0.0326453	0.315534	-0.0731883	0.104845	0.0308881	0.0132607	0.100787	0.0239608	-0.0269108	0.0447943	-0.0205591	-0.00917922	0.0468724	0.0453207	0.0838076	0.193099	0.0293339	0.0341876	0.00566395	-0.0214178	0.000862109	0.212676	0.0705785	-0.194637	-0.0366707	0.147213	-0.0462586	0.143414	
-0.0576466	-0.0134176	0.0632747	0.283725	-0.0731883	0.104845	0.0175045	-0.000122888	0.100787	0.0467177	0.0048987	0.0314107	-0.0205591	-0.00917922	0.0334888	0.160485	0.0341466	0.0838076	0.228454	0.0055024	0.00393537	0.0402786	-0.00803421	-0.0149471	0.378839	0.0651728	-0.253201	-0.0208615	0.147213	-0.0462586	
-0.054141	-0.0134176	0.0687766	0.308752	-0.0701207	0.104845	0.0175045	0.0176076	-0.000122888	0.0686621	0.0467177	-0.0201281	-0.0219726	-0.00917922	0.0334888	0.0417888	0.0566418	0.160485	0.228454	0.017041	0.00347089	0	0	0.0402786	-0.00803421	0.0087112	0.429109	0.134774	-0.293183	0.0027902	0.147213	-0.0696687	
-0.0401103	-0.0134176	0.0691458	0.308752	-0.0701207	0.104845	0.0175045	0.0224831	-0.000492175	0.079183	0.0467177	-0.0201281	0.0160625	-0.00451316	0.0334888	0.0476155	0.0642995	0.309502	0.228454	0.00347089	0.0035214	0.0402786	-0.00803421	0.0087112	0.545614	0.0748753	-0.308238	-0.00917922	0.147213	-0.0625096	
-0.0541558	-0.0134176	0.109303	0.308752	-0.0701207	0.0788312	0.0175045	0.0224831	-0.000492175	0.0328086	-0.054368	0.0262323	0.075167	0.044845	0.0621625	0.291648	0.228454	0.0476155	-0.0107052	0.0280306	0.0247776	-0.00803421	0.0087112	0.545032	0.0748753	-0.324443	-0.00917922	0.164042	-0.0532857	
-0.0432883	-0.0134176	0.109303	0.308752	-0.0701207	0.0798917	0.0279178	0.0283469	-0.00571846	0.0328086	-0.0407051	0.0384649	0.108139	0.0588818	0.0135286	0.336313	0.287949	0.0474404	0	0	-0.000156542	0.0243903	0.0247776	-0.013898	0.0145749	0.556122	0.0953018	-0.379895	-0.00917922	0.164042	-0.0532857	
-0.056094	-0.0179084	0.102755	0.308752	-0.0669831	0.0889243	0.0279178	0.0294397	-0.00571846	0.00206746	-0.034857	-0.00153773	0.0550799	0.0485299	0.338436	0.266154	0.0474404	0.106562	-0.0511328	0.00611803	-0.00173268	-0.00732907	0.0393526	-0.0107604	0.0331587	0.453801	0.0793182	-0.358989	-0.00604164	0.161919	-0.0724057	
-0.0444001	-0.0179084	0.113416	0.339271	-0.0122497	0.123107	0.0279178	0.0294397	-0.00801041	-0.00205938	-0.058173	-0.0838277	-0.00153773	0.0550799	-0.0046624	0.247408	0.278995	-0.0107604	-0.0724057	0.12583	0.0401742	0.0231114	0.0393526	0.0331587	0.405636	0.0881374	-0.37842	-0.00604164	0.152939	
-0.0409108	-0.0179367	0.119597	0.338531	0.0204974	0.092773	0.0290375	0.0381843	-0.00543759	0.0489417	-0.058173	-0.0845794	-0.0196618	0.0543404	0.0938301	0.321245	0.269676	-0.019505	-0.0616664	0.158258	0.0338707	0.0231114	0.0439122	0.0400704	0	-0.0408137	0.411808	0.185352	-0.364798	-0.00530218	0.152018	
-0.0588051	-0.0179367	0.11383	0.372085	-0.0222096	0.106182	0.0244155	0.0448446	-0.00543759	0.0505709	-0.091727	-0.0762624	-0.0283543	0.0543404	0.0775835	0.31555	0.25532	-0.019505	-0.0616664	0.133949	0.0632148	0.0304311	0.0439122	0.157713	0.007716	-0.0118028	-0.00530218	0.411808	0.185352	-0.33414	
-0.0550039	-0.0179367	0.11383	0.372085	-0.019375	-0.00530218	0.0300323	0.0703838	0.0505709	-0.091727	-0.0762624	-0.00564222	0.0334024	0.0341529	0.370525	0.292609	-0.019505	-0.0819501	0.128367	0.0343581	0.0394287	0.0439122	0.153556	0.40637	0.00481805	0.0448446	0.208428	-0.35682	
-0.0470129	-0.0242291	0.112514	0.372085	-0.0154885	-0.00530218	0.0317119	0.0791128	0.0074902	-0.132844	-0.0757459	-0.00473242	0.0334356	0.0827169	0.369688	0.314632	-0.019505	-0.0819501	0.128687	0.0550122	0.0638565	0.0439122	0.154394	0.337443	0.0464395	0	0	-0.376878	-0.0203783	0.0448446	0.214721	
-0.0543876	-0.021531	0.115212	0.374783	-0.00111287	-0.0105575	0.0317119	0.0751515	0.0049329	-0.132844	-0.0765595	-0.00203438	0.0361336	0.0854149	0.431824	0.313186	-0.0220623	-0.0845074	0.0438033	0.0402932	0.0612992	0.0439122	0.157092	0.337443	0.0245966	-0.41391	0.0448446	0.189923	
-0.0535102	-0.0211183	0.10188	0.412061	0.0386709	-0.0105575	0.0364321	0.0751515	0.0047661	-0.170122	-0.0762921	0.0199138	0.0361336	0.0999152	0.255132	0.313186	-0.0267824	-0.0835819	0.0821287	0.0253089	0.0612992	0.0455101	0.157092	0.342164	-0.016789	-0.406085	0.281167	0	0.0495648	
-0.0263704	-0.0211183	0.10188	0.412061	0.0198524	-0.0105575	0.0343116	0.113665	0.0047661	-0.170122	-0.0792397	0.0495648	0.0171369	0.0361336	0.0849093	0.255132	0.290046	-0.0267824	-0.0835819	0.0711521	0.0459874	0.0612992	0.0455101	0.157092	0.445243	0.0126274	-0.376439	0.347441	
-0.0252021	-0.0211183	0.103687	0.383978	0.0327868	-0.0105575	0.0330357	0.114114	0.0047661	-0.0709153	-0.070401	0.0460602	0.00768586	-0.0340581	0	0.0361336	0.0806237	0.132756	0.290046	-0.0259557	-0.0802105	0.0619395	0.0399102	0.051264	0.0446833	0.157092	0.444416	-0.000306991	-0.349682	0.347441	
-0.0252021	-0.0211183	0.164325	0.383978	0.000768665	-0.0128421	0.0283144	0.118835	0.0503203	-0.0709153	-0.0771837	0.0460602	0.00614578	0.0364865	-0.0114834	0.139578	0	0.0327003	0.193713	0.0453901	0.282272	-0.0282402	-0.083791	0.0619395	0.0482965	0.0143976	0.046073	0.157092	0.400814	-0.00169667	-0.265722	0.375621	
-0.0415157	-0.0211183	0.142443	0.33893	0.0106761	-0.0128421	0.0278517	0.132671	0.0615098	-0.0637593	-0.0714889	0.0460602	0.0175755	0.0871738	-0.30145	0.03012	0.0371839	0.276839	0.36634	-0.0282402	-0.0872938	0.0536576	0.0684948	0.0418778	0.046073	0.157092	0.400814	-0.00644863	
-0.037773	-0.0194408	0.142443	0.33893	0.010284	-0.0128421	0.0342303	0.106242	0.0615098	-0.05673	-0.0735011	0.0720985	0.0163254	0.103172	-0.396172	0.03012	0.127229	0.386139	0.364662	-0.0346189	-0.0872938	0.0428593	0.0684948	0.0418778	0.0524516	0.157092	0.407192	-0.00644863	
-0.0445998	-0.0188152	0.111007	0.339556	-0.00848968	-0.0147677	0.0394523	0.100823	0.0602097	-0.0516522	-0.0877191	0.0719012	-0.0111315	0.221843	-0.261272	0	0.0379979	0.0344843	0.314654	0.369773	-0.0357216	-0.0873357	0.0442822	0.0228025	0.0302698	0.0522544	0.157717	0.407116	-0.00157132	
-0.0566611	-0.0188152	0.111007	0.314426	-0.0201532	-0.0126733	0.0371703	0.100588	0.0558541	-0.0265226	-0.0789037	0.0723539	-0.0255648	0.204067	-0.293982	-0.027043	0.0336605	0.0685266	0.316749	0.439776	-0.0313453	-0.0823118	0.0551285	0.0535097	0.0323642	0.0499723	0.157717	0.433196	-0.00157132	
-0.0566611	-0.0271381	0.144445	0.314426	0.00989123	-0.0142283	0.0412553	0.102558	0.0618007	-0.0265226	-0.0804586	0.0784093	-0.0526525	0.107014	-0.279691	-0.00157132	0.0877025	0.0452045	0.105421	0.315194	0.448099	-0.0389556	-0.0972693	0.0587448	0.0307935	0.0230976	0.0560277	0.157248	0.439252	
-0.0224123	-0.0271381	0.171973	0.314426	0.0112902	-0.0142283	0.0453558	0.0952671	0.042019	-0.0265226	-0.0790818	0.0825098	-0.00410937	0.0592441	-0.348111	-0.00297031	0	0	0.0518808	0.0350533	0.352691	0.372551	-0.0430561	-0.0832864	0.0726878	0.0625001	0.0230976	0.0601282	0.156094	0.319974	
-0.0224123	-0.0194385	0.171973	0.273189	0.0303906	-0.0142283	0.0524748	0.0881481	0.0588355	0.0134543	-0.0813223	0.0825098	-0.0260794	0.137606	-0.428225	0.0644364	0.128661	0	0.0557559	0.0915275	0.352691	0.383427	-0.0430561	-0.0797083	0.0814971	0.0625001	0.00914753	0.000565766	0.156094	0.319974	
-0.0224123	-0.0194385	0.171973	0.247446	0.00910662	-0.0142283	0.0434098	0.0754329	0.023367	0.0668519	-0.0703817	0.0716843	-0.0330694	0.0871949	-0.421173	0.0553714	0.0557559	0.0766585	0.352691	0.383427	-0.0339912	-0.079282	0.0406967	0.0474632	0.00914753	-0.0061689	0.156094	0.30641	
-0.00648803	-0.0194385	0.122162	0.247446	0.0127137	-0.0142283	0.0405421	0.0783006	0.112409	0.0709267	-0.0704915	0.0716843	0.000462186	0.0871949	-0.432613	0.0749134	0.00354179	0.382367	0.0446353	0.0557559	0.0591871	0.352691	0.388247	-0.0339912	-0.0931611	0.09707	0.0459403	0.00148606	-0.0257109	0.156094	
-0.0273228	-0.0247803	0.141769	0.207618	-0.041472	-0.0142283	0.0530514	0.0657914	0.112409	0.112963	-0.0704915	0.0716843	-0.007929	0.160395	-0.419702	0.0749134	0	0.331731	-0.0257109	0.155868	0.00229899	0.0557559	0.0976975	0.352691	0.438075	-0.0339912	-0.0925815	0.0955894	0.061429	0.00392123	
0.00994354	-0.0232575	0.153541	0.221019	-0.0539156	-0.0142283	0.0420349	0.0674872	0.086572	0.0716625	-0.0704915	0.0716843	-0.024964	0.0939709	-0.3274	0.0749134	0.351182	-0.03053	0.155868	0.0557559	0.0976975	0.352691	0.361315	-0.0339912	-0.0823034	0.0955894	0.061429	0.00392123	
0.0160822	-0.0232575	0.153541	0.221019	-0.00288668	-0.014266	0.033025	0.0905286	0.0865343	0.0716625	-0.0739387	0.0618543	-0.0184967	0.179544	-0.311239	0.0679899	0.235512	0.0297902	-0.03053	0.155868	0	0.0557559	0.183853	0.352653	0.309437	-0.0271053	-0.0861156	0.0886659	0.0482302	-0.0102969	
0.00449331	-0.0232575	0.202359	0.221019	-0.000908412	-0.019467	0.0399185	0.0905286	0.0813333	0.0716625	-0.085229	0.0687478	-0.0184967	0.0830659	-0.355304	0.0748834	0.318953	-0.03053	0.155868	-0.0157276	0.0557559	0.246883	0.350439	0.304743	-0.0391998	-0.0913165	0.100754	0.0482302	0.0119743	
0.0297559	-0.0190826	0.157858	0.254812	0.0100097	-0.019467	0.0386337	0.0929411	0.071788	0.037869	-0.0810588	0.0788744	-0.0284202	0.0830659	-0.352652	0.066303	-0.0017431	0.155868	0.321296	-0.0227516	-0.0823464	0.0376489	0.108989	0.350439	0.259963	-0.037915	0.099469	0.0582159	0.0119743	
0.0220445	-0.0190826	0.157858	0.208985	-0.00773848	-0.019467	0.0386337	0.0917012	0.071788	0.083696	-0.0890007	0.0788744	-0.0382961	0.0802961	-0.273863	0.0636807	-0.0126342	0.148957	0.321296	-0.0135434	-0.0819103	0	0.0582159	0.0397219	0.161055	0.350439	0.217882	-0.037915	0.0119743	0.0727379	
0.0113471	-0.0186492	0.157858	0.208985	0.0194157	-0.019467	0.0409842	0.0890573	0.071788	0.0885243	-0.0890007	0.0785809	-0.0375106	-0.0335145	-0.264439	0.0633872	0.0676861	0.148957	0.264328	-0.0135434	-0.0828999	0.0438568	0.166613	0.102516	0.350439	0.217448	-0.0376216	0.0119743	
0.0306155	-0.0186492	0.157858	0.208985	-0.00352629	-0.019467	0.0442063	0.10334	0.071788	0.14309	-0.0891874	0.0822011	-0.0317147	0.0146357	-0.27434	0.0875176	0.0534029	0.130901	0.148957	0.196102	-0.0344516	-0.10418	0.188387	0	0.0119743	0.376026	0.237134	-0.0408437	
-0.0184162	-0.0186492	0.157858	0.229776	-0.00352629	-0.019467	0.0442063	0.0959195	0.071788	0.00433081	-0.0789491	0.0822011	-0.0424343	-0.0118626	-0.084572	0.0875176	0.0428804	0.0888645	0.148957	0.230739	-0.0344516	-0.0901441	0.202277	0.0288072	0.356466	0.156859	-0.0408437	0.0874243	
-0.0134566	-0.0186492	0.178593	0.229776	-0.00182119	-0.019467	0.0475474	0.0938193	0.133018	0.00433081	-0.0853682	0.0728697	-0.00597278	-0.0227895	-0.234274	0.0887585	0.0411016	0.110079	0.148957	0.229386	-0.0344516	-0.08842	0.136151	0.0226148	-0.0420846	-0.0347162	0.4099	-0.0268959	0.145631	
-0.0556595	-0.0269914	0.156229	0.229776	0.0230781	-0.019467	0.0416053	-0.0420846	0.133018	0.0522752	-0.0911689	0.0728697	-0.0139677	0.0858598	-0.326756	0.0821898	0.0632259	0.133052	0.148957	0.233777	-0.0278829	-0.0923805	0.0815204	0.00979712	0.50228	0.108741	0.205005	
-0.0543372	-0.0269914	0.159782	0.229776	-0.00486027	-0.019467	0.0416053	-0.0420846	0.109216	0.0522752	-0.0791789	0.0728697	-0.0051142	0.0711332	-0.2327	0.0821898	0.0712689	0.14522	0.148957	0.233777	-0.0278829	-0.0967282	0.0789271	0.0275209	0.234419	0	0.4099	0.108741	0	
-0.0565992	-0.0292534	0.15752	0.232608	0.0221908	-0.017205	0.0456854	-0.0461647	0.0756801	0.0471812	-0.0674608	0.081332	0.00626914	0.00139375	-0.223121	0.0862699	0.0366694	0.207843	0.146695	0.18673	-0.0278829	-0.092617	0.148814	0.0426673	0.234419	0.4099	-0.00915477	0.100751	0	
-0.0224329	-0.0292534	0.166001	0.232608	-0.00349488	-0.017205	0.0461009	-0.0474444	0.0553308	0.0471812	-0.075575	0.0826117	-0.0140968	-0.027339	-0.0716761	0.0875496	0.0342011	0.161026	0.139088	0.223729	-0.0278829	-0.0945638	0.132498	0.0426673	0.234419	0.4099	0	0.10442	0.101615	0.027441	
-0.053189	-0.0292534	0.156558	0.232608	-0.00888012	-0.017205	0.0461009	-0.0474444	0.04691	0.0123225	-0.0755265	0.0826117	-0.0108013	0.0921572	-0.168843	0.0875496	0.0140507	0.179679	0.139088	0.165691	-0.0278829	-0.089404	0.132498	-0.00720059	0.234419	0	0.101615	0.4099	0	
-0.0487841	-0.0292534	0.175044	0.258485	-0.0379909	-0.017205	0.0461009	-0.0474444	0.0320265	0.00959964	-0.0594916	0.0826117	-0.0121932	0.0589411	0.0765182	0.0875496	0.0276022	0.193077	0.139088	0.259347	-0.0278829	-0.085215	0.099841	0.234419	-0.00720059	0.35262	0.101615	
-0.0491127	-0.0292795	0.134214	0.258485	-0.0508809	-0.017205	0.0442866	-0.0448099	0.0376217	0.00959964	-0.0483909	0.0799772	-0.0418812	-0.0228572	0.348268	0.0813824	0.0607736	0.251341	0.139088	0.288652	-0.0243502	-0.0917354	0.135208	0.150188	-0.00898481	0.301071	0.0898371	0	
-0.0566461	-0.0346944	0.134214	0.258485	-0.053975	-0.00965945	0.0442866	-0.0372644	0.0451673	0.00959964	-0.0408453	0.0799772	-0.0183424	-0.0714806	0.229794	0.0813824	0.0718836	0.26667	0.139088	0.32411	-0.0243502	-0.0927968	0.135208	0.158869	-0.00143926	0.308616	0.0971255	0.00140359	0.0276049	0	-0.0140949	
-0.0682608	-0.0346944	0.177336	0.268728	-0.0475925	-0.00965945	0.04502	-0.0379978	0.0849587	-0.00064361	-0.0408453	0.0807106	-0.0361709	-0.10511	0.244931	0.0821158	0.103211	0.216318	0.139088	0.315054	-0.0277085	-0.0809903	0.13368	0.14082	-0.00143926	0.37447	0.045126	0.0971255	
-0.0567662	-0.0354895	0.166992	0.342779	-0.0419488	-0.00886432	0.04502	-0.0379978	0.0849587	-0.0754895	-0.0371012	0.0778028	-0.0298746	-0.00125696	0.213732	0.0775543	0.102504	0.221959	0.125799	0.250747	-0.023147	-0.0880775	0.153348	0.125223	-0.00202305	0	0.381557	0.0971255	
-0.0354139	-0.0354895	0.167298	0.272484	-0.0509233	-0.00886432	0.04502	-0.0379978	0.0284247	-0.00519437	-0.0409473	0.0828053	-0.037598	0.028403	-0.109417	0.0865288	0.102504	0.211216	0.125799	0.263987	-0.0321215	-0.0960644	0.131681	0.162347	0.0200135	0.0679683	0	0.395118	0	
-0.0363017	-0.0354895	0.159958	0.261799	-0.0441575	-0.00886432	0.04502	-0.0379978	0.0321551	0.00549096	-0.0524631	0.0828053	-0.0323974	-0.00893904	0.218688	0.0815621	0.0517638	0.180049	0.125799	0.338326	-0.0271548	-0.0946222	0.127483	0.162347	0.0200135	0.105662	0.0158865	0.393676	0.130542	
-0.0495902	-0.0354895	0.159958	0.381088	-0.0480051	-0.00886432	0.056661	-0.0379978	0.0557558	-0.113798	-0.0491439	0.0828053	-0.0278859	-0.00266077	-0.0338138	0.0815621	0.0968412	0.184388	0.125799	0.447876	-0.0300946	-0.0976317	0.0758725	0.19556	0.0160481	0.0959254	0.439013	0.0560082	
-0.0496236	-0.0346811	0.146463	0.298134	-0.0169673	-0.00967277	0.056661	-0.0379978	0.0563614	-0.0524466	-0.0491439	0.084702	-0.0553698	-0.041003	-0.143451	0.0767747	0.0865952	0.184388	0.106206	0.447876	-0.0283004	-0.0972629	0.0303672	0.159039	0.00775777	0.108551	0.438644	0.0492961	0.0150614	-0.106206	
-0.0387123	-0.0346811	0.147581	0.269371	-0.0397797	-0.00967277	0.056661	-0.0379978	0.0477483	0.00216785	-0.0462938	0.084702	-0.0269912	-0.0119394	-0.00118783	0.0893815	0.0815758	0.184388	0.106206	0.418272	-0.0409071	-0.0972629	0.0644791	0.235899	0.00775777	0.0949318	0.391135	-0.00301642	0.157466	
-0.0402461	-0.0282909	0.147581	0.269371	-0.045037	-0.00967277	0.056661	-0.0379978	0.0398164	-0.00172055	-0.0462938	0.084702	-0.0139325	-0.0648215	0.0487944	0.0894681	0.0727977	0.170175	0.106206	0.438863	-0.0409937	-0.081775	0.0754678	0.214003	0.0104057	0.0823143	0.375648	0.224664	
-0.0452449	-0.0346511	0.145142	0.269371	-0.0589399	-0.00991936	0.056661	-0.0382443	0.0511665	-0.0272308	-0.0414448	0.0735554	-0.0338189	0.150103	0.161417	0.0894681	0.0462273	0.114091	0.106206	0.438863	-0.0409937	-0.0825545	0.0677188	0.182362	0.00770723	0.100302	0.37618	0	0.053915	
-0.0623238	-0.0320587	0.154101	0.279973	0.00244391	-0.00841841	0.056661	-0.0367434	0.0173275	-0.0211291	-0.0438647	0.0714045	-0.0331679	0.145348	0.0985452	0.0886919	0.0462273	0.143432	0.106206	0.438863	-0.0401459	-0.0711723	0.0217411	0.187325	0.0156309	0.0806747	0.463156	
-0.0671304	-0.0320368	0.154101	0.27411	-0.0220323	-0.00841841	0.056661	-0.0367434	0.0384642	0.0118936	-0.0427425	0.0704454	-0.0239619	0.161639	0.181252	0.087805	0.0444954	0.100625	0.109948	0.438863	-0.039259	-0.0773676	0.0627304	0.209123	0.00418955	0.0787136	0.469352	-0.0310099	
-0.0565138	-0.0320368	0.214112	0.269995	0.00257587	-0.00841841	0.058101	-0.0367434	0.0248644	0.016008	-0.0491735	0.0704454	-0.0324351	0.155019	0.169671	0.087805	0.0652122	0.0532371	0.109948	0.509019	0.048546	-0.054824	0.065684	0.209123	0.00418955	0.0772736	0.455195	0	0	0	
-0.0611326	-0.0320368	0.231251	0.269995	-0.0384621	-0.0101908	0.0590258	-0.0394406	0.014827	0.0136763	-0.0509458	0.0836447	-0.0357041	0.146695	-0.228927	0.0187407	0.0430134	0.0426004	0.0812645	0.118273	0.53569	0.0494709	-0.0636411	0.065684	0.209123	-0.00273147	0.087434	0.46224	
-0.0586693	-0.0320368	0.231251	0.209946	-0.0189225	-0.0101908	0.0545343	-0.0349491	0.0527687	0.0747142	-0.0438524	0.0791531	-0.0337533	0.189362	-0.204773	0.451481	0.0879927	0.0426004	0.0689554	0.117108	0.531199	0.0449793	-0.0528824	-0.00210131	0.249453	0.00187367	0.0701998	0.0184112	0.0250252	-0.024947	
-0.0608768	-0.0320368	0.231251	0.209946	-0.0403694	-0.0131423	0.0545343	-0.0379006	-0.00818824	0.0747142	-0.0619086	0.0765342	-0.0270195	0.115568	-0.325755	0.451481	0.0438097	0.0306829	0.0470479	0.117108	0.531199	0.0449793	-0.055834	0.0402979	0.21265	-0.00421961	0.11187	
-0.068885	-0.0307425	0.250411	0.209946	-0.040045	-0.0127099	0.0514801	-0.034414	0.0441492	0.0747142	-0.0678791	0.0730915	-0.0204223	0.257809	-0.315974	0.452513	0.0434854	0.0578031	0.024891	0.117108	0.528145	0.0419252	-0.056433	0.161757	0.141672	-0.00378719	0.0806673	
-0.0479577	-0.0343777	0.241774	0.197447	-0.0371238	-0.0165248	0.0514801	-0.034414	0.0444406	0.085195	-0.068941	0.0518301	-0.00715682	0.169132	-0.315555	0.455791	0.0434854	0.0513319	0.0747495	0.120923	0.459237	0.0419252	-0.0597115	0.154729	0.149122	-0.00378719	0.0806673	
-0.0634963	-0.0343777	0.241774	0.21545	-0.0431235	-0.0124045	0.0330345	-0.0302937	0.0447691	0.0709099	-0.0632204	0.0640121	-0.00715682	0.111494	-0.336777	0.467501	0.0854105	0.0450756	0.091695	0.120923	0.459237	-0.0434854	-0.0673009	0.154729	0.147783	0.000125777	0.099113	-0.0300734	
-0.066959	-0.0317606	0.241774	0.220264	-0.0489254	-0.0124045	0.0393276	-0.0302937	0.0259134	0.126243	-0.062784	0.0640121	-0.0399613	0.137121	-0.0832619	0.471952	0.0854105	0.0732012	0.0945891	0.120923	0.458644	-0.0453342	-0.0717514	0.0588147	0.145165	-0.0137889	0.0928199	0	
-0.0540255	-0.0335018	0.240033	0.218522	-0.0627428	-0.0106633	0.0393276	-0.0302937	0.0259134	0.05961	-0.0464197	0.0705567	-0.0604705	0.110114	-0.120366	0.468941	0.0540047	0.0814676	0.0485111	0.119182	0.502413	0.0400763	-0.0687403	0.0477213	0.233136	-0.0130563	0.0970884	
-0.0324123	-0.0335018	0.240033	0.218522	-0.0400873	-0.0106633	0.0418194	-0.0327856	0.0259134	0.05961	-0.0403441	0.0730485	-0.0379913	0.00228807	-0.165206	0.433205	0.05458	0.0814676	0.0736799	0.132373	0.504905	0.0419929	-0.0687403	0.0222285	0.235368	-0.0130563	0.0970884	0.000267092	
-0.0404679	-0.0335018	0.206999	0.15556	-0.0585546	-0.0106633	0.0438223	-0.0347884	0.0342908	0.122572	-0.0150266	0.0750514	-0.0414613	-0.0631125	-0.265824	0.413103	0.117043	0.0650818	0.0737799	0.14826	0.493796	0.0439958	-0.0687403	-0.00887915	0.197008	-0.0130563	0.0906429	0	
-0.0404679	-0.0335018	0.142682	0.15556	-0.0585546	-0.0106633	0.0439062	-0.0348723	0.0342908	0.160644	-0.0150266	0.0863763	-0.00490551	-0.0619704	-0.21444	0.483405	0.117127	0.0601939	0.092218	0.131599	0.532831	-0.0730473	-0.0790301	0.00708592	0.232465	0.00250456	0.0618502	0.0750557	0	
-0.0354767	-0.0293992	0.147943	0.147948	-0.0422944	-0.0106633	0.0390139	-0.0299801	0.034514	0.168256	-0.0150266	0.081484	-0.0366532	-0.0125836	-0.118857	0.497004	0.107722	0.0601939	0.0873257	0.131599	0.527939	-0.0628375	-0.0790301	0.0606731	0.197042	-0.0101268	0.0859944	
-0.0512449	-0.0293992	0.147943	0.145081	-0.0807857	-0.0106633	0.0377178	-0.0296859	0.0394876	0.171123	-0.0160041	0.0857625	-0.0366532	-0.0220673	-0.0478644	0.423491	0.107428	0.0601939	0.081137	0.138383	0.527645	-0.0628375	-0.0765092	0.0873187	0.182817	0.0217343	0.12011	0	0.00199848	
-0.0537658	-0.0293992	0.184544	0.145081	-0.0636197	-0.0106633	0.0389682	-0.0296859	0.0237574	0.171123	-0.0135809	0.0857625	-0.0117043	0.0397483	-0.177972	0.402516	0.107428	0.0601939	0.0947824	0.14444	0.559154	-0.0628375	-0.0555343	0.109605	0.173254	0.0217343	0.0971228	0.00704189	-0.117595	
-0.0558594	-0.0293992	0.143509	0.136363	-0.0636197	-0.0106633	0.0310508	-0.0292518	0.0895164	0.13744	-0.0135809	0.0853284	0.0193856	0.0207405	-0.211324	0.412995	0.106994	0.0371443	0.0707235	0.14444	0.558719	-0.0628375	-0.0660135	0.0957701	0.178983	0.0266262	0.104606	0	0.0594139	
-0.053365	-0.0293992	0.143509	0.136363	-0.0945867	-0.0106633	0.0420507	-0.0292518	0.0721368	0.13744	0.00284674	0.0853284	0.0109589	0.0983141	-0.165423	0.407298	0.110888	0.0461288	0.0879815	0.14444	0.583448	-0.0667316	-0.0603163	0.0957701	0.262934	0.0235637	0.0936062	0.0375591	
-0.045087	-0.0293992	0.17006	0.191141	-0.060101	-0.0106633	0.0316604	-0.0188615	0.0689138	0.0851211	0.00856223	0.0663471	-0.0188048	-0.0279988	-0.0934448	0.398362	0.0999534	0.075497	0.0775913	0.14444	0.573057	-0.0661872	-0.0513807	0.124401	0.266267	0.0130702	0.0936062	
-0.056272	-0.0265707	0.127354	0.191141	-0.0526993	-0.0104774	0.0193824	-0.00890079	0.051134	0.118741	0.00874809	0.0565722	-0.0156019	0.0694314	-0.010668	0.40374	0.0901785	0.0430248	0.0811897	0.134364	0.563282	-0.0609835	-0.0565725	0.12458	0.316905	0.0200859	0.0943881	
-0.0767189	-0.0265707	0.161309	0.165843	-0.047649	-0.0104774	0.0193824	-0.00890079	0.051134	0.144039	0.00232938	0.053157	-0.0304681	0.0969295	-0.113741	0.448609	0.0851282	0.0430248	0.0753458	0.134364	0.563282	-0.0555163	-0.0688005	0.116774	0.318487	0.0200859	0.100095	
-0.0688682	-0.0265707	0.270917	0.165843	-0.0761702	-0.0104774	0.0201679	-0.00968629	0.051134	0.144039	0.00915224	0.0539425	-0.0267369	0.06168	-0.144528	0.416214	0.0859137	0.081619	0.0553153	0.137794	0.564068	-0.0558278	-0.0683442	0.142412	0.318487	0.0142883	0.100095	
-0.0552836	-0.0265179	0.270917	0.117358	-0.0513675	-0.0104774	0.0233679	-0.0128863	0.0483932	0.174248	0.00222863	0.0571425	-0.0163313	0.0775102	-0.106868	0.4093	0.0891137	0.0574679	0.0431298	0.137794	0.607138	-0.0506872	-0.0590228	0.192638	0.318434	0.0136656	0.10713	
-0.0415026	-0.0265179	0.270917	0.102716	-0.0513675	-0.0104774	0.0193615	-0.0161611	0.0483932	0.207607	0.00591537	0.0604173	-0.00873414	0.0600555	-0.221981	0.453889	0.0923885	0.0574679	0.0464046	0.137794	0.610412	-0.0506872	-0.0590228	0.192638	0.318434	0.00527988	0.114411	0	
-0.0507216	-0.0265179	0.270917	0.104147	-0.028385	-0.0104774	0.0255828	-0.0223824	0.0483932	0.206175	0.00591537	0.0713637	-0.0278351	0.20634	-0.142971	0.457809	0.0506872	0.0574679	0.0526259	0.137794	0.591519	0.0479226	-0.0629427	0.122618	0.285786	0.00538664	0.0702246	-0.0318166	
-0.0475423	-0.0267117	0.270723	0.12561	-0.028385	-0.0119507	0.0198442	-0.0183109	0.0440528	0.18616	0.00424826	0.0656251	-0.0177619	0.0163078	-0.123611	0.470332	0.0928712	0.0572741	0.0468873	0.1376	0.377111	-0.0506872	-0.0720212	0.188412	0.285786	-0.0131094	0.122554	-0.0597766	0.0807941	0	
-0.0622817	-0.0267117	0.327805	0.12561	-0.028385	-0.0119507	0.0238449	-0.0223116	0.0373812	0.18616	0.00424826	0.0718918	-0.0333497	0.0500831	-0.138397	0.482862	0.0968719	0.0940362	0.0508881	0.1376	0.381112	-0.0506872	-0.070195	0.177502	0.285786	0.00671298	0.102647	
-0.0176589	-0.0284218	0.348838	0.143366	-0.0386143	-0.0102407	0.027009	-0.0223116	0.0765976	0.165184	0.00424826	0.0718918	-0.0430342	0.0925609	-0.138397	0.472274	0.0968719	0.0923261	0.0296912	0.143648	0.381112	-0.0506872	-0.0596071	0.160401	0.257645	0.00671298	0.116386	0	
-0.0383178	-0.0357311	0.384725	0.143366	0.0026077	-0.00877081	0.0263566	-0.0201894	0.0780675	0.133024	0.0192421	0.0712395	-0.0469976	-0.0599905	-0.117461	0.465291	0.0874092	0.0884019	0.0745623	0.143648	0.327335	-0.0404329	-0.0659513	0.0769393	0.196503	0.0167287	0.0926983	0.0127808	0	
-0.0205727	-0.0357311	0.392346	0.115812	-0.00844092	-0.00877081	0.0262227	-0.0200555	0.0663411	0.172004	0.0192421	0.0625195	-0.0506141	-0.105698	0.00273135	0.455503	0.0918647	0.0349373	0.0729325	0.143905	0.327202	-0.0450223	-0.0561637	0.173477	0.216195	0.0154471	0.0926983	
-0.0221433	-0.0336499	0.400049	0.114241	0.0388303	-0.00720021	0.0349829	-0.0288158	0.0483128	0.177895	0.0192421	0.0712797	-0.0598758	-0.0261737	0.0894844	0.449993	0.114622	0.0674915	0.0930631	0.142334	0.326544	-0.0590198	-0.0506537	0.159454	0.25006	-0.0036829	0.0763338	
-0.0333704	-0.0333109	0.400049	0.156895	0.00686555	-0.00720021	0.0398771	-0.0337099	0.0483128	0.128146	0.0192421	0.0684577	-0.0447867	0.00691729	0.0871172	0.47568	0.119517	0.0528243	0.070203	0.142334	0.369915	-0.0590198	-0.0447223	0.0451429	0.249721	-0.0036829	0.0935657	-0.0327437	
-0.0266214	-0.0333109	0.349245	0.156895	0.002957	-0.00720021	0.0369182	-0.0312372	0.0483128	0.128146	0.0192421	0.065985	-0.0447867	0.00691729	-0.0519914	0.488419	0.117044	0.050239	0.0650432	0.142334	0.343787	-0.0590198	-0.0574614	0.0643441	0.249721	0.0065252	0.0940519	0	
-0.0266214	-0.0310237	0.349245	0.210039	0.0129093	-0.00720021	0.0369182	-0.0312372	0.0483128	0.0750016	0.0192421	0.0727777	-0.0685358	0.0264217	-0.218573	0.472459	0.117044	0.0688773	0.0461504	0.142334	0.343787	-0.0514759	-0.0415007	0.14943	0.332836	-0.00431267	0.0967507	0	
0.0130972	-0.0310237	0.294261	0.210039	-0.00631002	-0.00720021	0.0369182	-0.0312372	0.0536969	0.0864563	0.0192421	0.0727777	-0.0508131	0.0179329	-0.300321	0.394462	0.121518	0.0688773	0.0461504	0.142334	0.305489	-0.0559496	-0.0353827	0.056946	0.332836	0.000319936	0.129874	0	-0.0458661	0.466341	
0.0117947	-0.0323262	0.337145	0.208737	0.0109474	-0.00657634	0.0369182	-0.0319158	0.0530183	0.14761	0.0337599	0.0727777	-0.0521156	0.0179329	-0.238002	0.332836	0.121518	0.0430889	0.0461504	0.141032	0.305489	0.065568	-0.0360613	0.0196405	-0.0179452	0.000412059	0.129874	-0.0297405	-0.0458661	0.466341	
-0.022901	-0.0323262	0.336217	0.214054	0.0125346	-0.00657634	0.0369182	-0.0319158	0.0435219	0.130189	0.0337599	0.0727777	-0.0627302	0.0376077	-0.283817	0.302542	0.120865	0.0714915	0.0461504	0.141032	0.288277	-0.0552968	-0.0360613	0.0971985	0.466341	0.000412059	0.129874	
-0.00559414	-0.0295809	0.302444	0.21563	0.0425335	-0.00815149	0.0369182	-0.0319158	0.0287192	0.134748	0.0337599	0.0631932	-0.0632143	-0.0326037	-0.276335	0.354765	0.121396	0.0629288	0.0370427	0.142607	0.329284	-0.0564102	-0.0360613	0.0802723	0.468863	0.0116629	0.123147	0	
-0.0550082	-0.031179	0.301572	0.21563	-0.00738139	0.0371855	-0.0311457	0.0294893	0.134748	0.0439821	0.0631932	-0.0424083	0.117626	-0.308065	0.356363	0.121396	0.0515702	0.0650746	0.142607	0.272538	-0.0564102	-0.0411993	0.15994	0.474771	0.012433	0.122879	0.110794	
-0.0450351	-0.0361971	0.301572	0.218638	-0.00719411	0.0397436	-0.0309584	0.041466	0.0372891	0.0498642	0.0570583	-0.062166	0.0417185	-0.365726	0.392293	0.116775	0.0515702	0.0650746	0.142607	0.341565	-0.0517888	-0.041012	0.172268	0.474771	0.0126203	0.120321	0.193755	
-0.0450351	-0.0361971	0.246721	0.220057	-0.00719411	0.0142174	0.0397436	-0.0309584	0.041466	-0.0017596	0.0498642	0.0570583	-0.06008	0.171496	-0.378378	0.392293	0.116775	0.0515702	0.0650746	0.142607	0.330826	0.0649863	-0.0341619	0.172268	0.467921	0.0166399	0.120321	0.193755	
-0.0520502	-0.034826	0.232802	0.200157	-0.00719411	0.0396565	-0.0309584	0.0421969	0.0847481	0.0498642	0.0539685	-0.0424666	0.165075	-0.374152	0.398516	0.116775	0.0676547	0.0592127	0.142607	0.324991	-0.0590664	-0.0341619	0.06098	0.497669	0.0361408	0.120408	0.180998	0.0325444	0	
-0.0381218	-0.0342021	0.221636	0.226099	-0.00681593	0.0474948	-0.0351052	0.0641372	0.0276529	0.0498642	0.0581152	-0.0648108	0.0747089	-0.259676	0.397514	0.120922	0.0952762	0.0567718	0.119185	0.336766	-0.0643479	-0.0347808	0.0606019	0.507675	0.0469822	0.123006	0.358811	0	
-0.0643442	-0.0342021	0.203571	0.285564	-0.00681593	0.051104	0.0048471	-0.0387144	0.0185648	0.022111	0.113525	0.0630605	-0.0648108	0.0816272	-0.305769	0.439708	0.0697131	0.0945111	0.0603811	0.119185	0.340375	0.054818	-0.0347808	0.0254236	0.53703	0.0186754	0.0941618	0.441033	-0.0245773	
-0.0603286	-0.0339824	0.230931	0.235008	-0.00681593	0.051104	-0.0387144	0.0185648	0.0874883	0.204296	0.0630605	-0.0562481	-0.0328716	-0.148383	0.36524	0.0697131	0.0945111	0.0621897	0.119185	0.32559	0.054818	-0.0402918	0.0488151	0.542542	0.0154853	0.0941618	0.441033	-0.0353598	
-0.0710491	-0.0339824	0.230931	0.235008	-0.00681593	0.0502975	0.542373	-0.0446065	0.0398514	0.139068	0.142102	0.0689526	-0.0488364	0.00153856	-0.194306	0.36524	0.0697131	0.0659718	0.081515	0.119185	0.277962	0.06071	-0.0401236	-0.00449173	0.0982583	0.0997392	0.441033	
-0.0768274	-0.0339824	0.246212	0.21475	-0.0120077	0.0430592	0.558712	-0.0459304	0.0468256	0.159325	0.179281	0.0838225	-0.0545026	0.0679903	-0.194306	0.339261	0.126555	0.0659718	0.0776472	0.119185	0.27897	0.0568422	-0.0616544	0	-0.0329113	0.121109	0.0810058	0.357848	
-0.0801019	-0.0339824	0.271004	0.16207	-0.0120077	0.053063	0.542621	-0.0452467	0.0314807	0.195866	0.179281	0.0807967	-0.0547675	0.00714812	-0.194306	0.339261	0.0697131	0.0659718	0.0318225	0.123609	0.357068	0.0561585	-0.0455626	0.299135	-0.0190206	0.0892211	0.0651419	
-0.0699103	-0.0339824	0.267715	0.17133	-0.0120077	0.053063	0.528658	-0.0452467	0.0314807	0.186606	0.184593	0.0875968	-0.0492541	0.0644187	-0.190485	0.367652	0.0797524	0.0886689	0.0498317	0.123609	0.37497	0.0561585	-0.0561756	0.331097	-0.0190206	0.0647914	0.0993918	-0.00164398	0	
-0.0491462	-0.0339824	0.267715	0.17133	-0.0120077	0.0464939	0.554203	-0.0452467	0.0192426	0.186606	0.224297	0.0871843	-0.0580536	0.233314	-0.203835	0.344328	0.0840269	0.0338295	0.0498317	0.123609	0.393753	0.051884	-0.0683706	0.262083	-0.0106258	0.0728639	0.0830404	
-0.0494051	-0.033762	0.267715	0.189775	-0.0120077	0.0386576	0.540787	-0.0374104	0.0140679	0.168161	0.218948	0.079348	-0.0700519	0.137233	-0.318077	0.325174	0.0893762	0.0752438	0.0761442	0.110077	0.431921	0.0440477	-0.0549541	0.275616	-0.00994031	0.0886907	0.0850552	0	
-0.0668375	-0.0385293	0.270848	0.157438	-0.0120077	0.0410413	0.485832	-0.0374104	0.00937417	0.200497	0.19	0.079348	-0.0654005	0.252118	-0.319829	0.329942	0.094252	0.0752438	0.081133	0.110077	0.431921	0.0451793	-0.0623873	0.294817	-0.00994031	0.0513489	0.0826716	0	0.024278	0	
-0.0393211	-0.0361682	0.270848	0.179826	-0.0120077	0.0380937	0.448594	-0.0374104	0.0379625	0.17811	0.186484	0.079348	-0.0418002	0.25055	-0.41387	0.348322	0.142947	0.070524	0.0575887	0.114248	0.431921	0.0451793	-0.0542649	0.284282	-0.0330738	0.056797	0.0856191	-0.0339783	0.0142352	
-0.0393211	-0.0361682	0.270848	0.167194	-0.0120077	0.0380937	0.448594	-0.0374104	0.0260838	0.116914	0.191265	0.0798855	-0.0598538	0.29521	-0.353991	0.396836	0.138166	0.070524	0.0819136	0.114248	0.431921	-0.0983086	-0.0542649	0.243419	-0.0274493	0.125102	0.0710911	0.0142352	
-0.0601075	-0.0361682	0.270848	0.101003	-0.0120077	0.0380937	0.448594	-0.0374104	0.0130489	0.21628	0.186031	0.0798855	-0.0473553	0.349389	-0.245315	0.396836	0.1434	0.0449195	0.0644382	0.114248	0.431921	-0.10285	-0.0546444	0.244873	-0.0274493	0.0683752	0.0710911	-0.0119648	0	
-0.0601075	-0.0373172	0.286394	0.107633	-0.0120077	0.0422229	0.470965	-0.0374104	0.0102706	0.200628	0.186031	0.0798855	-0.0683914	0.212896	-0.369977	0.397985	0.1434	0.0668309	0.0800121	0.116512	0.437916	-0.10285	-0.00904429	0.222662	-0.0241852	0.0525971	0.131556	-0.0105088	
-0.0554497	-0.0375492	0.229136	0.107401	-0.0117757	0.0414966	0.459367	-0.036956	0.0568649	0.200628	0.192689	0.0698277	-0.0401805	0.0846397	-0.0118034	0.397985	0.0961928	0.0365179	0.0795577	0.11628	0.437462	0.0400949	0.00147352	0.222662	-0.0334235	0.011321	0.124903	0	
-0.0307054	-0.0391124	0.229136	0.142971	-0.0117757	0.0414966	0.459367	-0.036956	0.0539671	0.165059	0.192689	0.0698277	-0.0401805	0.260187	0.399548	0.0881306	0.0530794	0.11042	0.107991	0.440911	0.0481571	0.00147352	0.199842	-0.0334235	0.069283	0.10195	-0.014524	
-0.0472403	-0.0331336	0.266346	0.172659	-0.0123959	0.0391708	0.44231	-0.0383962	0.00383579	0.133638	0.192689	0.068049	-0.0269029	0.297564	0	0.0536996	0.139351	0.108611	0.393025	0.0521689	0.0170573	0.464753	0.260594	-0.0104248	0.0819824	0.0980695	0.0855589	
-0.0536443	-0.0331336	0.261733	0.210394	-0.0123959	0.0318172	0.459367	-0.0310425	0.0579798	0.0791284	0.19259	0.0645718	-0.0442589	0.0980695	0.0583348	0.0855589	0.0517346	0.131998	0.108611	0.314346	0.0448153	-0.00429785	0.390022	0.229418	-0.0196139	0.12095	
-0.0492194	-0.0314403	0.251288	0.212087	-0.0132596	0.0388554	0.494383	-0.0372513	0.0303977	0.0791284	0.158203	0.0716101	-0.0425657	0.119023	0.0583348	0.0742094	0.0470426	0.145768	0.110304	0.321384	0.0518536	-0.0341868	0.446194	0.259816	-0.0187845	0.121711	
-0.0360795	-0.0314403	0.251288	0.212087	-0.0132596	0.035116	0.505067	-0.0335118	0.0303977	0.0810389	0.158203	0.0678706	-0.0337531	0.086081	0.0583348	0.0709599	0.0705584	0.145771	0.110304	0.317645	0.0513636	-0.0268698	0.446194	0.236246	-0.0187845	0.0658311	
-0.0296113	-0.0314403	0.271092	0.174745	-0.0132596	0.035116	0.548308	-0.0335118	0.047914	0.118382	0.184049	0.0678706	-0.0154305	0.10971	-0.100281	0.0769439	0.0330544	0.115305	0.110304	0.317645	0.0453795	-0.0509531	0.446194	0.236246	-0.0276155	0.0960525	0.124599	0.0304852	0	
-0.034414	-0.0314403	0.271092	0.166735	-0.0132596	0.035116	0.563857	-0.0335118	0.0452315	0.111348	0.184049	0.0678706	-0.0487155	0.10971	0.0571623	0.0809304	0.059337	0.0938678	0.110304	0.385567	0.0413931	-0.0665019	0.446629	0.257126	-0.00462563	0.102413	0.0380822	-0.0998007	0.0314403	0.0336535	
0.0090076	-0.0314403	0.271092	0.187265	-0.0132596	0.035116	0.539615	-0.0335118	0.0282869	0.0908191	0.145844	0.0622229	-0.0487155	0.10971	0.054746	0.07921	0.059337	0.10944	0.108327	0.345982	0.0431135	-0.0665019	0.450327	0.282414	-0.00462563	0.0496729	-0.131904	
-0.00285788	-0.0287788	0.274556	0.253305	-0.01612	0.0304536	0.538164	-0.0282459	0.0288905	0.0282425	0.171122	0.0629165	-0.0195693	0.10971	0.191875	0.0661773	0.0628009	0.116925	0.115697	0.34132	0.038451	-0.0644476	0.470948	0.324254	-0.00402212	0.13115	0.0275959	0.0599469	-0.0182271	
-0.00321745	-0.0284142	0.251651	0.21474	-0.0157605	0.034116	0.543995	-0.0319084	0.00202251	0.109992	0.18563	0.066579	-0.0451184	0.103607	0.19726	0.0661773	0.0430909	0.0841473	0.115337	0.344983	0.0421135	-0.0702786	0.481039	0.282499	-0.00402212	0.103852	
-0.0377277	-0.0284142	0.271449	0.20034	-0.0180846	0.0412459	0.565173	-0.0342325	-0.00911069	0.124392	0.173027	0.066579	-0.0368481	0.0964777	-0.0319723	0.062836	0.0283637	0.0846866	0.115337	0.344983	0.0421135	-0.0812473	0.481039	0.269778	0.00810778	0.0524201	0	
-0.00221459	-0.0300405	0.271449	0.245493	-0.0180846	0.0343142	0.549044	-0.0342325	0.0260316	0.0792382	0.173027	0.0480834	-0.0228145	0.103409	-0.00563227	0.062836	0.0367139	0.083869	0.115337	0.344608	0.0421135	-0.0651178	0.482665	0.327068	-0.00264101	0.037936	
0.0151944	-0.0330983	0.271449	0.245493	-0.0180846	0.0475443	0.543001	-0.0411804	-0.0128042	0.0792382	0.173027	0.0666025	-0.0244447	0.097127	0.0203436	0.062836	0.0489703	0.10633	0.113949	0.358826	0.0490613	-0.0590746	0.485723	0.286337	-0.00795541	0.0607658	0.102167	
-0.0143045	-0.0345051	0.335266	0.244087	-0.0167889	0.0475443	0.554077	-0.0412915	0.0327601	0.0633301	0.173027	0.0562383	-0.00701279	0.0785222	-0.0654578	0.062836	0.0475634	0.0489966	0.112542	0.26724	0.0490613	-0.0702624	0.485723	0.171262	-0.0167808	0.0521203	0.0524007	-0.038986	0.108385	
-0.051658	-0.0267636	0.335266	0.21026	-0.0167889	0.0491112	0.564517	-0.0412915	-0.00834999	0.0971562	0.18354	0.0571634	0.000740998	0.0769553	0.0921734	0.062836	0.0475634	0.0392877	0.112542	0.277794	0.0490613	-0.0807019	0.480494	0.360918	-0.00529964	0.0988911	-0.0542545	
-0.0325434	-0.0322484	0.283239	0.216781	-0.0167889	0.0457239	0.56784	-0.0412915	0.0267421	0.0906357	0.18354	0.0571634	0.000740998	0.120205	0.0921734	0.062836	0.0515405	0.0264593	0.112542	0.294787	0.0490613	-0.0840251	0.421452	0.21595	-0.0165715	0.0526326	-0.0154882	0.103544	0.0278157	
-0.0262987	-0.029838	0.283239	0.223181	-0.0167889	0.0556402	0.518455	-0.0512077	0.0267421	0.0461538	0.22063	0.0614043	0.0439891	0.120205	0.0195304	0.062836	0.0714541	0.0659489	0.112542	0.217597	0.0589776	-0.0765735	0.395332	0.21595	-0.0202367	0.0676311	0.119902	-0.0458422	
-0.0438642	-0.0289662	0.283239	0.223181	-0.0167889	0.049077	0.537138	-0.0498714	0.0231911	0.0461538	0.22063	0.060068	0.0593696	0.0825605	0.0189255	0.062836	0.049997	0.10439	0.107759	0.253319	0.0576413	-0.0765467	0.372358	0.250179	-0.00599012	0.0575982	
-0.0431031	-0.0305567	0.281648	0.201688	-0.0151984	0.049077	0.460591	-0.0498714	0.00423597	0.0559834	0.223358	0.060068	0.0777041	0.0927389	0.043816	0.0601087	0.0472976	0.0426433	0.106169	0.192669	0.0576413	-0.0835494	0.372358	0.238156	-0.030178	0.10546	-0.0622505	
-0.0505919	-0.0301794	0.294246	0.194702	-0.0155757	0.0529457	0.408641	-0.044129	0.00423597	0.0683894	0.219981	0.0645981	0.084012	0.0919404	0.161246	0.0634849	0.0610182	0.0625928	0.107724	0.163889	0.0518989	-0.0731822	0.372358	0.244331	-0.0246725	0.0518275	
-0.0545568	-0.0321678	0.279823	0.194702	-0.012119	0.0505083	0.412097	-0.0382349	0.0233596	0.0683894	0.228056	0.0621607	0.0699357	0.0674608	0.229387	0.0618409	0.0602548	0.0954391	0.107724	0.190519	0.0511055	-0.0697254	0.299964	0.244331	-0.0190728	0.109853	
-0.0595786	-0.0288045	0.279823	0.230184	-0.012119	0.0458662	0.420228	-0.0400309	0.0338494	0.0329073	0.20914	0.0639567	0.0699357	0.0728859	0.213898	0.107607	0.0569971	0.115177	0.107724	0.192315	0.0529015	-0.0812264	0.296601	0.214035	-0.0136307	0.0579553	
-0.0451141	-0.026061	0.269243	0.138506	-0.0116053	0.0416025	0.435994	-0.0384874	0.0598643	0.137465	0.211372	0.0652256	0.0655497	0.10698	0.246519	0.105375	0.06183	0.131221	0.108754	0.238998	-0.045751	-0.0647697	0.283095	0.285132	0.0174119	0.094196	-0.0232021	
-0.0469575	-0.026061	0.184934	0.155538	-0.0116053	0.0436722	0.43091	-0.0355195	0.0685035	0.147498	0.192573	0.0578746	0.00191536	0.0748545	0.39597	0.102407	0.0548605	0.128253	0.108754	0.224038	-0.045751	-0.0526217	0.290671	0.285132	-0.014498	0.109096	
-0.0450207	-0.026061	0.157538	0.192908	-0.00904185	0.0512903	0.433473	-0.0353785	0.04925	0.103018	0.228739	0.0601016	-0.0251624	0.11422	0.39597	0.104829	0.0562144	0.140028	0.108754	0.22646	0.0590784	-0.0684914	0.290671	0.278292	-0.0348491	0.0814781	-0.0691642	0	
-0.0588579	-0.026061	0.143171	0.136597	-0.00904185	0.0467476	0.472476	-0.0353785	0.028474	0.15933	0.227797	0.0600387	-0.0511404	0.0738944	0.595141	0.105771	0.0344871	0.109416	0.108754	0.269374	-0.0466921	-0.067046	0.302001	0.226537	-0.0255232	0.185998	
-0.0523631	-0.026061	0.143171	0.104553	-0.00904185	0.0467476	0.472476	-0.0353785	0.0756465	0.150526	0.227797	0.0600387	-0.0336694	0.0738944	0.423476	0.105771	0.0635126	0.109416	0.108754	0.191182	0.0590784	-0.0467278	0.31361	0.226537	-0.0126331	0.0992208	0	
-0.0523631	-0.026061	0.143171	0.140376	-0.00922666	0.0467476	0.472291	-0.0355633	0.0639522	0.146988	0.227797	0.0600387	-0.0463538	0.0749672	0.232181	0.0498796	0.0396726	0.149569	0.108754	0.191182	0.0558909	-0.0667621	0.286669	0.31089	0.00204203	0.151365	0	
-0.0392015	-0.0237915	0.109972	0.132418	-0.00922666	0.0575796	0.548189	-0.0423142	0.0639522	0.154946	0.22048	0.0667896	-0.0342288	0.0893598	0.274347	0.0561797	0.0283652	0.156319	0.108754	0.299796	0.063659	-0.0554981	0.266289	0.31089	0.00204203	0.111278	
-0.0583126	-0.0211296	0.125233	0.154221	-0.00922666	0.0564709	0.541907	-0.0412055	0.0204568	0.119551	0.226334	0.0656808	-0.0425621	0.0785931	0.274347	0.112876	0.033982	0.155211	0.108754	0.279703	0.0625502	-0.0492158	0.209686	0.283819	0.0507934	0.0880435	-0.00922666	0	
-0.0381348	-0.0210822	0.123312	0.129071	-0.00730567	0.0516604	0.54889	-0.0412055	0.0204568	0.14278	0.226334	0.0656808	-0.0521197	0.0958716	0.444832	0.112876	0.0554773	0.137506	0.106833	0.260273	-0.0433449	-0.0561992	0.213521	0.283819	0.0507934	0.179441	0.0299781	
-0.0303947	-0.0210822	0.0915228	0.129071	-0.00730567	0.0522068	0.557454	-0.0417519	0.0194745	0.14278	0.182076	0.0662272	-0.0521197	0.126302	0.436116	0.113075	0.0554773	0.138052	0.106833	0.259646	-0.0429974	-0.0647625	0.190707	0.283819	0.0453602	0.113144	0	
-0.0349564	-0.0210822	0.0915228	0.129071	-0.00730567	0.0522068	0.553784	-0.0417519	0.0194745	0.176532	0.182076	0.0693967	-0.0474425	0.116114	0.0859458	0.113075	0.0474395	0.165205	0.106833	0.259646	-0.0429974	-0.0610931	0.187432	0.263534	0.0453602	0.0460366	-0.0210715	
-0.03918	-0.0219867	0.0915228	0.164278	-0.00796311	0.0444766	0.492034	-0.0346791	0.0503392	0.141325	0.185902	0.0616665	-0.053206	0.149052	0.27046	0.105532	0.0603615	0.150343	0.106833	0.239557	0.0623477	-0.0773974	0.188337	0.263534	0.0528174	0.0389566	0.00158804	
-0.03918	-0.0219867	0.0915228	0.1389	-0.00796311	0.0444766	0.492034	-0.0346791	0.0441118	0.152486	0.185902	0.0616665	-0.0398327	0.149052	0.165667	0.105532	0.0603615	0.150343	0.113583	0.234098	-0.0431841	-0.0713017	0.161025	0.256784	0.0420856	0.0389566	
-0.050671	-0.0214698	0.133369	0.102742	-0.00848003	0.0455031	0.492034	-0.0346791	0.0852192	0.18916	0.19878	0.0616665	-0.0510141	0.148026	0.0999386	0.0431841	0.0494165	0.119881	0.1141	0.257846	0.0623477	-0.0643678	0.161025	0.184544	0.0319164	0.0562384	0.0182753	
-0.0386989	-0.0198343	0.0812655	0.149387	-0.0101156	0.0524294	0.492034	-0.0422063	0.0776003	0.144151	0.185045	0.0688744	-0.0503322	0.148627	-0.0225771	0.0431841	0.0576129	0.172783	0.115736	0.327457	0.0698748	-0.0706486	0.161025	0.230429	0.0319164	0.0966884	0.116667	
-0.0441559	-0.0124797	0.0812655	0.158437	-0.0101156	0.0469922	0.490378	-0.036769	0.0459976	0.190831	0.159998	0.0634372	-0.051307	0.105798	-0.00769874	0.107622	0.0752299	0.167345	0.115736	0.32202	-0.0431841	-0.0372778	0.164166	0.230429	0.0311418	0.0988515	0.0932406	0	
-0.00510694	-0.0124797	0.0812655	0.144742	-0.0101156	0.0509567	0.490378	-0.036769	0.0661801	0.125941	0.165758	0.0623811	-0.0394574	0.0994108	0.00637621	0.0374242	0.0828371	0.155926	0.115736	0.304646	0.0644376	-0.0376344	0.141121	0.258568	0.0298711	0.126283	0.0932406	
-0.00347234	-0.0124797	0.0812655	0.175786	-0.0101156	0.0509567	0.490378	-0.036769	0.0671712	0.0943107	0.150513	0.0623811	-0.0665292	0.0763133	-0.0275977	0.101862	0.10011	0.150262	0.11665	0.304646	0.0644376	-0.0376344	0.0956791	0.257654	-0.00820726	0.126283	0.0932406	
0.00636211	-0.010674	0.0863602	0.119499	-0.0101156	0.0509567	0.490378	-0.036769	0.0612036	0.150598	0.140037	0.0623811	-0.0497107	0.124707	0.12127	0.101862	0.0454549	0.166569	0.104126	0.304646	-0.0425706	-0.0336277	0.0938733	0.297691	-0.0120511	0.0610387	0.115871	0.0788684	
0.00636211	-0.0231625	0.0971766	0.183241	-0.0101156	0.0530179	0.490378	-0.0388303	0.0703052	0.086856	0.111731	0.0644424	-0.0364346	0.113215	0.12127	0.107877	0.050195	0.185532	0.104126	0.315543	-0.0465244	-0.0434498	0.0992345	0.271469	-0.0120511	0.0610387	0.106166	0.0788684	-0.0212991	0.0097014	
0.00823143	-0.0212932	0.111332	0.175428	-0.00668264	0.0443792	0.49568	-0.033539	0.0957969	0.0965384	0.0547439	0.0651489	-0.0418442	0.121864	0.147644	0.107888	0.0708314	0.162701	0.105995	0.32241	-0.0423209	-0.0546805	0.103281	0.271469	-0.00670674	0.126285	0.108035	0.0339901	-0.0535713	0	
0.00823143	-0.0151752	0.111332	0.125461	-0.00668264	0.0412536	0.49568	-0.0304135	0.0930072	0.146506	0.0745064	0.0620233	-0.0454811	0.121864	0.184549	0.104762	0.0812426	0.1694	0.105995	0.319285	-0.0423209	-0.0410061	0.0746077	0.365209	-0.00533228	0.0693105	0.0954808	0.141765	
0.00823143	-0.0151752	0.111332	0.141938	-0.00668264	0.0412536	0.49568	-0.0304135	0.157031	0.118168	0.0745064	0.0620233	-0.0184134	0.0994259	0.222001	0.104762	0.0672053	0.194832	0.104581	0.272662	-0.0438408	-0.0611451	0.107868	0.320676	0.00278553	0.0693105	0.0954808	0.143179	0	
-0.0163038	-0.0151752	0.111332	0.175427	-0.00668264	0.0397565	0.528302	-0.0289164	0.158712	0.139422	0.0415623	0.054484	-0.00629971	0.0994259	0.127343	0.107995	0.0356658	0.201402	0.104581	0.23644	-0.0485709	-0.0788454	0.10158	0.310009	0.00855521	0.0568278	0.114297	0.243799	0	0	
-0.0160313	-0.0151752	0.111332	0.216675	-0.00662268	0.0385931	0.528362	-0.0253819	0.158772	0.0981747	0.0168435	0.0510095	-0.00974282	0.0729227	0.213813	0.104521	0.0743664	0.150132	0.10297	0.232965	-0.0485709	-0.0799495	0.10158	0.31162	0.00174185	-0.00528204	0.147381	0.17855	
-0.0092309	-0.0151752	0.125693	0.247171	-0.00662268	0.0385931	0.528362	-0.0253819	0.158772	0.0676789	0.0224138	0.0563928	0.0173348	0.111428	0.212721	0.104521	0.111403	0.150132	0.105888	0.271307	-0.0485709	-0.0762484	0.0871911	0.248161	0.0118134	0.0302726	0.147381	0.220077	-0.157763	
-0.00170103	-0.0162125	0.0823272	0.214292	-0.00662268	0.0419714	0.505097	-0.0245887	0.148056	0.0689088	0.03397	0.0555995	0.00425554	0.107256	0.150336	0.103728	0.111403	0.135212	0.105888	0.187932	-0.0485709	-0.0617668	0.123046	0.313384	-0.010946	-0.0161525	0.147381	0.220077	0	0.0573477	
0.0134104	-0.0169868	0.0956824	0.214292	-0.00437851	0.0419714	0.520765	-0.0223445	0.157582	0.0689088	0.0621243	0.0555995	-0.0289134	0.107256	0.150336	0.108924	0.0899564	0.145032	0.105888	0.242181	-0.0647882	-0.0561483	0.123821	0.33204	0.000709999	-0.0133711	0.127007	0.155143	0.0534462	0.11565	0.0362222	-0.0591031	0	
0.0568955	-0.0169868	0.087139	0.193645	-0.00437851	0.041953	0.550753	-0.0223261	0.192704	0.0895558	-0.0288079	0.0555811	-0.033648	0.107256	0.150336	0.108906	0.0832544	0.145014	0.105888	0.213196	-0.0647882	-0.0757854	0.117163	0.33204	0.0326976	0.0100019	0.10508	0.165358	0.0250609	-0.0428807	0.0232279	0.0403759	
0.0525786	-0.0174799	0.156117	0.193152	-0.0061242	0.041953	0.548514	-0.0245649	0.163098	0.0900833	-0.0385838	0.0555811	-0.0390615	0.11016	0.150336	0.108906	0.0827613	0.0841058	0.105394	0.213196	-0.0647882	-0.0800173	0.152466	0.298896	0.0179199	0.0626907	0.113703	0.140733	0.0517653	
0.0348373	-0.0193871	0.104845	0.193152	-0.0061242	0.041953	0.547489	-0.0245649	0.151773	0.0900833	-0.0063187	0.0555811	-0.0232348	0.112377	0.13714	0.108906	0.125083	0.137624	0.105394	0.210382	-0.0647882	-0.0770194	0.142782	0.298896	-0.0168513	0.0395653	0.142714	0.301756	0.0532845	-0.0274576	
0.0487015	-0.0193871	0.122684	0.193152	-0.00244402	0.0367848	0.537944	-0.0157165	0.155454	0.0727988	-0.0201112	0.0486139	-0.0232348	0.101714	0.0254158	0.103737	0.125083	0.147164	0.105394	0.205214	-0.0647882	-0.0830978	0.142782	0.302438	-0.00853569	0.0362829	0.153093	0.301756	0.0532845	
0.0487015	-0.0193871	0.133082	0.187069	-0.00244402	0.0340467	0.521889	-0.0161459	0.155454	0.0788815	-0.0434713	0.0490433	-0.022305	0.104882	0.0254158	0.104167	0.125083	0.147593	0.105394	0.205643	-0.0647882	-0.0807289	0.138721	0.283873	0.00506092	0.0362829	0.153093	0.20739	0.0497523	
0.0440214	-0.0212763	0.112265	0.187069	-0.00244402	0.0340467	0.521889	-0.0161459	0.195771	0.0583041	-0.0538851	0.0490433	-0.022305	0.0754326	0.120852	0.104167	0.11592	0.147593	0.105394	0.205643	-0.0647882	-0.0702053	0.135945	0.276074	-0.0120451	0.0799293	0.158451	0.232843	0.0497523	
0.0440214	-0.0199996	0.112265	0.181715	-0.00244402	0.0373888	0.521889	-0.0161459	0.190995	0.0768324	-0.065202	0.042546	-0.0165005	0.12366	0.149196	0.104167	0.0576756	0.147593	0.105394	0.261371	-0.0727451	-0.0676284	0.117326	0.332577	-0.0321071	0.0942721	0.128075	0.236559	0.034473	
0.0931319	-0.0287638	0.125179	0.17642	-0.0153577	0.0373888	0.521889	-0.0161459	0.190995	0.113158	-0.0600362	0.042546	-0.034988	0.12366	0.081593	0.104167	0.0576756	0.118846	0.105394	0.261371	-0.0727451	-0.0690845	0.111705	0.377362	-0.02166	0.121332	0.128075	0.21008	0.034473	0.0129137	
0.0931319	-0.0264108	0.127109	0.171639	-0.0167818	0.0343353	0.590973	-0.0193784	0.190995	0.11794	-0.0166785	0.0457785	-0.0168624	0.0934165	0.124451	0.0965629	0.0576756	0.140802	0.105394	0.260949	-0.0619088	-0.0690845	0.109352	0.377362	-0.02166	0.204402	0.149126	0.154643	0.034473	0.0143378	0	
0.118275	-0.0264108	0.135654	0.175205	-0.0167818	0.0340141	0.578538	-0.0190572	0.190995	0.114373	-0.0241443	0.0454573	-0.0111652	0.0934165	-0.0296618	0.0962418	0.0466657	0.10055	0.105394	0.260627	-0.0619088	-0.0566486	0.109352	0.371118	-0.00863275	0.175991	0.13576	0.251958	0.034473	0.0143378	0	
0.12531	-0.027901	0.15634	0.171065	-0.0167818	0.0340141	0.597081	-0.0190572	0.190995	0.118513	-0.0378073	0.0454573	-0.034204	0.125147	0.0404952	0.0950437	0.060119	0.10055	0.105394	0.220702	-0.0607108	-0.0656675	0.115845	0.411717	-0.0127982	0.126669	0.13576	0.0926306	0.0368368	0.0143378	0	
0.139617	-0.0135943	0.109922	0.171065	-0.0218594	0.0340141	0.603383	-0.0241658	0.185886	0.118513	-0.0341279	0.0454573	-0.00863479	0.0729048	0.13077	0.0950437	0.0365632	0.10055	0.105394	0.234048	-0.0643885	-0.0770789	0.100431	0.389848	-0.0117709	0.096442	0.13576	0.101822	0.0359983	0.0143067	0	
0.15601	-0.0108191	0.124884	0.246066	-0.0209978	0.0283928	0.603544	-0.0200683	0.106991	0.0435127	-0.0111609	0.0488811	-0.0230177	0.0752902	0.0343137	0.0918078	0.0609066	0.128721	0.105394	0.224055	-0.0682367	-0.0763779	0.106907	0.331627	-0.00509626	0.0635824	0.13576	0.13756	0.034496	0.0143067	0.042328	-0.0088022	
0.169728	-0.0118461	0.123984	0.246066	-0.0209978	0.0283928	0.612782	-0.0200683	0.103662	0.0435127	-0.0130387	0.0477703	-0.0348131	0.0752902	0.0562965	0.0918078	0.0276286	0.116044	0.105394	0.197053	-0.0682367	-0.0856159	0.107934	0.378668	-0.00251892	0.0635824	0.13576	0.13756	0.0370379	0.0143067	0.216288	0.0593057	0.0118461	
0.169728	-0.0118461	0.109812	0.246066	-0.0209978	0.0283928	0.604794	-0.0200683	0.116778	0.0435127	-0.0130387	0.0477703	-0.0383296	0.0752902	0.0562965	0.0918078	0.0455853	0.148208	0.105394	0.202935	-0.0682367	-0.0814041	0.107934	0.378668	-0.0214821	0.0979619	0.113035	0.181034	0.0405134	0.0143067	
0.156327	-0.0261529	0.0941984	0.246066	-0.0172719	0.0344336	0.590702	-0.0217692	0.085962	0.0864866	-0.0130387	0.0494712	-0.047711	0.0772429	0.0562965	0.0935086	0.0455853	0.145134	0.105394	0.292947	-0.0682367	-0.0673118	0.0857251	0.430638	-0.0235728	0.103984	0.130756	0.210367	0.0475843	0.0105808	0	
0.149051	-0.0239536	0.0930646	0.248265	-0.0172719	0.032438	0.572193	-0.0217692	0.0734628	0.0892306	0.0170875	0.0494712	-0.0540809	0.0739994	0.0984729	0.0862604	0.056873	0.145134	0.107594	0.27362	-0.0609884	-0.0713519	0.135325	0.408642	-0.0235728	0.159359	0.132955	0.143665	0.0403836	0.00838152	0.000181186	-0.0512801	0.132656	
0.149051	-0.015572	0.0913444	0.268813	-0.0172719	0.0287371	0.572419	-0.0180682	0.0734628	0.0686821	-0.0069701	0.0399636	-0.0399379	0.0739994	-0.0463667	0.0825594	0.0843494	0.141433	0.107594	0.269919	-0.0609884	-0.0715779	0.128867	0.376405	-0.0178892	0.159359	0.154782	0.141739	0.0403836	0.00838152	0	-0.0273201	-0.00923355	
0.114268	-0.0249269	0.0917803	0.268813	-0.0172719	0.0294935	0.562226	-0.010503	0.0734628	0.0686821	-0.0181299	0.0323984	-0.0399379	0.0965866	0.0411128	0.0882759	0.102246	0.109579	0.107594	0.224768	-0.0628587	-0.0613845	0.162985	0.383595	-0.0167859	0.0714621	0.154782	0.155391	0.0750024	0.00838152	0.0332978	
0.130472	-0.0249269	0.0917803	0.354771	-0.0172719	0.0286121	0.583322	-0.0150172	0.0734628	-0.0258411	-0.0477569	0.0369126	-0.0363	0.100037	-0.0101795	0.102769	0.0665378	0.0455019	0.103335	0.310892	-0.0706404	-0.0705999	0.162985	0.420762	-0.00657734	0.179759	0.163323	0.131911	0.0698757	0.00838152	
0.0992003	-0.0251219	0.090674	0.354576	-0.0161656	0.0286121	0.591754	-0.0150172	0.0920742	-0.020916	-0.0477569	0.0369126	-0.0294084	0.100037	0.194166	0.102769	0.0517541	0.0417696	0.100616	0.308066	-0.0706404	-0.0790325	0.199463	0.387073	-0.0243406	0.223898	0.144952	0.134435	0.0638856	0.00747023	0	
0.0324137	-0.0162914	0.0782108	0.354576	-0.0161656	0.0286121	0.579947	-0.0150172	0.0920742	-0.020916	-0.0170968	0.0473312	-0.010441	0.100037	0.105208	0.102769	0.042519	0.0768568	0.102502	0.308066	-0.0706404	-0.0672248	0.198103	0.385188	-0.0142023	0.223898	0.144952	0.110588	0.0638856	0.00747023	-0.0300699	0.0192831	0	
0.034567	-0.0166469	0.0916797	0.336776	-0.018319	0.0286121	0.569092	-0.0150172	0.0863182	-0.0695073	-0.0170968	0.0479988	-0.0197062	0.100037	0.137146	0.102769	0.042519	0.0557941	0.102502	0.308066	-0.0688224	-0.061407	0.170587	0.385188	0.00190498	0.310118	0.144952	0.110588	0.0638856	0.00962359	-0.0140092	
0.034567	-0.0166469	0.0907353	0.338973	-0.018319	0.0286109	0.580501	-0.0174829	0.0863182	-0.0695073	-0.0283783	0.0504644	-0.03847	0.102504	0.126825	0.105235	0.0465205	0.0579047	0.102893	0.360141	-0.0688224	-0.072816	0.241961	0.386994	-0.019038	0.329279	0.119205	0.131189	0.0660825	0.00742672	
-0.0023839	-0.0166469	0.138208	0.339739	-0.018319	0.0247804	0.563186	-0.0136524	0.0863182	-0.0294399	-0.0178646	0.0466339	-0.0344566	0.0948707	0.172994	0.102472	0.0643227	0.0708316	0.103658	0.310674	-0.0698903	-0.0555007	0.241961	0.34959	-0.00876408	0.330044	0.146609	0.0971183	0.0668478	0.00666141	
-0.0149548	-0.0166469	0.140096	0.333746	-0.018319	0.0324028	0.54663	-0.0189634	0.0742091	-0.0580116	-0.0449037	0.0502398	-0.0386695	0.0925593	0.0593605	0.107783	0.0643227	0.0761426	0.103658	0.378364	-0.0698903	-0.0471734	0.235695	0.34959	-0.0327492	0.260356	0.133783	0.0857892	0.0452817	0.00666141	
-0.0181164	-0.0166469	0.167224	0.333746	-0.018319	0.0324028	0.553441	-0.0189634	0.108867	-0.0442657	-0.0449037	0.0502398	-0.0171524	0.0925593	0.184095	0.107783	0.0643227	0.0905881	0.103658	0.327053	-0.0692718	-0.0539837	0.278293	0.279459	-0.0327492	0.265244	0.103548	0.132047	0.0452817	0.00666141	0.0518098	
-0.0213077	-0.022025	0.133033	0.333746	-0.018319	0.0324028	0.560052	-0.0189634	0.060555	-0.0442657	-0.0449037	0.0459973	-0.0182637	0.0925593	0.254626	0.107783	0.0643227	0.0331766	0.103658	0.327053	-0.0692718	-0.0539837	0.28382	0.279459	-0.0253876	0.233625	0.103548	0.159795	0.0424576	0.00666141	-0.0132444	
-0.0209868	-0.0254222	0.12317	0.341584	-0.0190447	0.0308949	0.599143	-0.0193682	0.0909673	-0.0163911	-0.0400157	0.0459973	-0.0351462	0.0993188	0.275179	0.107783	0.0643227	0.100131	0.0831054	0.427227	-0.0692718	-0.0652766	0.249767	0.33452	-0.00901985	0.240281	0.162701	0.110489	0.033111	0.00698236	0	0.00451902	
-0.0412179	-0.024135	0.163007	0.341584	-0.0190447	0.0330878	0.594991	-0.021561	0.0446619	-0.0643181	-0.0417645	0.0610537	-0.000507532	0.0993188	0.118032	0.116364	0.0464148	0.102324	0.0831054	0.391691	-0.0739398	-0.0611241	0.24848	0.33452	-0.0192625	0.240281	0.159853	0.110489	0.033111	0.00698236	
-0.0107747	-0.0253606	0.100538	0.330183	-0.0178191	0.0331596	0.610703	-0.021561	0.0722165	-0.0529177	-0.0568556	0.0610537	-0.000507532	0.099247	0.135596	0.116364	0.0464148	0.0772447	0.0791196	0.383824	-0.0739398	-0.0768365	0.234831	0.388254	-0.0126539	0.221129	0.115914	0.114475	0.0541586	0.00575677	0.071738	
