0.181616	-0.0128851	0.211224	-0.0369771	0.211605	0.0688883	0.00463159	-0.10986	-0.00043374	0	-0.0374492	0	0	0	0	0	0	0	0	0	0	0	0	0	0	0	0	0	0	0	0	0	0	0	0	0	0	0	0	0	0	0	0	0	0	0	0	0	0	0	0	0	0	0	0	0	0	0	0	0	0	0	0	0	0	0	0	0	0	0	0	0	0	0	0	0	0	0	0	0	
0.181616	-0.00841473	0.211224	-0.0369771	0.211605	0.0688883	0.00463159	-0.10986	-0.00043374	0.0708732	0	0.0186903	0.261173	-0.0106585	0.0232561	0	-0.0655384	0.130879	0.0592804	0.067922	0.0423607	0	-0.0478704	0	-0.0304677	0	-0.00258936	-0.0381	-0.00318985	0.242798	-0.0441791	0	0	0	0	0.112623	0.102621	-0.0198624	0	0.372967	0	0.0661244	0.0175236	0.00647154	-0.0242412	0.0378322	0	0	-0.0470233	0.0844874	0	
0.180926	-0.0100435	0.210534	-0.0362873	0	0.00394179	-0.10721	-0.0420838	-0.000689801	-0.0121122	0.0186903	0.0785135	-0.0455197	0.0596356	0.0570835	0.00714575	0.179537	0.117305	0.209257	-0.000689801	-0.000689801	-0.057734	-0.0621885	-0.0193393	-0.00387966	0.00247244	0.064381	0.0412784	-0.0127543	0.179632	-0.0142387	
0.180926	0.0701584	0.125968	-0.0362873	0.00377889	0.00394179	0	-0.0529457	-0.000816146	-0.0268028	-0.104114	-0.0177588	0.203875	0.0186903	0.00128533	0.0475768	0.153543	-0.0134414	0.209257	0.0351002	-0.0304867	0.182779	0.0047349	-0.00387966	0	0.00925628	-0.032901	
0.16218	0.0784152	0.154823	-0.0443819	0.00925628	0.00394179	-0.0507016	-0.00387966	-0.0268028	-0.100163	-0.0275697	0.21798	0.0186903	-0.011134	0.0475768	-0.0193182	0.0137918	0.167281	0.00640129	-0.0321674	0.153543	0.209257	-0.00613348	-0.0476572	
0.17674	0.0906179	0.159061	0.0176611	0.00182926	0.00463922	-0.0153471	-0.0496671	-0.0988573	-0.0318071	0.21798	-0.0437043	-0.011134	-0.0709838	-0.0305322	-0.0243015	0.141991	0.209257	-0.00613348	-0.0476572	-0.000967169	0.0194524	-0.00981946	
0.156106	0.0906179	0.361392	0.0150636	0.00182926	-0.0145473	-0.036332	-0.00692505	-0.0737796	-0.106012	-0.0280896	0.262576	-0.035146	-0.048189	0.0430031	0.141973	0.209257	-0.0120527	-0.0558106	-0.00128692	0.0116679	0.048099	
0.156106	0.103168	0.664376	0.016828	0.209257	0.00246934	-0.0143487	-0.036332	-0.00692505	-0.078628	-0.0971489	-0.0246582	0.262576	-0.0130283	0.00859588	0.225187	-0.00966122	-0.0396397	0	-0.0877223	-0.00192699	0.0110278	0	0.0592095	
0.142001	0.103168	0.0977629	0.016828	0.215421	-0.00182077	-0.0100614	-0.0371144	0.0117114	-0.0964314	-0.101947	-0.0246582	0.262576	0.0041807	-0.00966122	-0.0775255	-0.00961215	0.00754063	0.0254249	0.0351669	0.244494	
0.142588	0.0957115	0.115111	0.0197026	0.216009	-0.0012329	0.0573457	-0.0377022	0.00301968	-0.0837387	-0.101908	-0.0302585	0.263164	-0.0184069	-0.0553337	0.00249216	0.0447796	0.0322025	-0.00902428	0.339327	
0.131963	0.0868519	0.131348	0.0228253	0.191366	0.00140181	0.0296466	-0.0359108	0.00541694	-0.0943666	-0.103652	-0.0292153	0.280342	-0.0269706	-0.0184069	-0.0612212	0	0.0320467	0.0244832	0.0337408	-0.0629387	0.346013	
0.0708645	0.0868519	0.170535	0.0228253	0.177865	0.00346146	0.0296466	-0.0317813	0.0179819	-0.0738419	-0.103652	-0.0412978	0.246601	0.00151926	-0.0184069	0.0224235	-0.0839327	0.00404464	-0.0346384	0.346911	
0.11018	0.0868519	0.159053	0.0263332	0.185094	0.00346146	0.0505567	-0.0317813	0.0122402	-0.0780593	-0.0988236	-0.0394707	0.246601	0.00317153	-0.0184069	0.0227463	-0.0947127	0.282608	-0.00959463	-0.0674192	0.263094	
0.11018	0.0827912	0.0964392	0.0228668	0.171083	0.00146933	0.0324291	-0.0317813	-0.00913623	-0.0827055	-0.094983	-0.0300398	0.26371	0.00317153	-0.0184069	0.0274626	-0.0869909	0.0104615	-0.0655555	0.338059	
0.0272365	0.0843155	0.178611	0.0228668	0.171083	0.111829	-0.0300398	0.0107618	-0.0134062	-0.078806	-0.0792398	0.248538	0.0243689	-0.0206406	0.0150348	-0.0590545	-0.0317813	-0.0665154	0.386126	
0.0131036	0.0843155	0.114812	0.0228668	0.171083	0.114497	-0.0248153	0.0188082	-0.0134062	-0.0818311	-0.0705133	0.380721	0.208874	-0.0096401	-0.0206406	0.00775493	-0.0695594	-0.0317813	-0.0558971	
0.119527	0.0893026	0.0811676	0.0221495	0.171083	0.117393	-0.0150912	0.0206804	-0.0063471	-0.0860682	-0.0622324	0.208874	-0.0011988	-0.020876	0.0111409	-0.0692185	-0.0317813	0.380721	-0.0873204	
0.119527	0.0934566	0.0214599	0.024177	0.13201	0.117393	-0.0150912	0.0206804	-0.0236259	-0.088148	-0.0775153	0.205226	0.0152459	-0.020876	0.00312172	0.401156	-0.0617669	-0.031873	0	-0.0184686	-0.0790601	
0.13904	0.0934566	0.0186196	0.024177	0.171792	0.117393	-0.0133195	0.0306632	-0.0148171	-0.0577813	-0.0817627	0.226006	-0.002037	-0.020876	0.00771534	0.140813	0.401156	-0.0857879	-0.031873	-0.0758062	
0.0211608	0.0969851	0.0915443	0.024177	0.19367	0.10887	-0.025804	0.0216875	-0.0226403	-0.0687559	-0.0846682	0.212814	0.00693868	-0.0154698	0.016691	-0.294351	0.369438	-0.0838666	-0.0305789	0	-0.0954516	
0.0353522	0.0969851	0.101047	0.024177	0.185413	0.0999546	-0.0168206	0.0139307	-0.0130487	-0.0755024	-0.0948732	0.199938	0.0146955	-0.0154698	-0.00654222	-0.074222	0.353674	-0.0954101	-0.0305789	
0.0930997	0.0681661	0.0302355	0.024177	0.18686	0.0999546	-0.0214545	0.0139307	-0.0130487	-0.0755024	-0.101475	0.253048	0.0213009	-0.0103041	0.00832648	-0.06045	0.343389	-0.0914412	-0.0301348	-0.0574538	
0.0264081	0.0681661	0.0348379	0.024177	0.18686	0.158205	-0.0448556	0.0139307	-0.0370441	-0.0773455	-0.104216	0.237045	0.00350656	-0.0103041	0.00832648	-0.0651884	0.45554	-0.102408	-0.0301348	0	
0.0412362	0.0681661	0.0425142	0.024177	0.165755	0.158205	-0.0465084	0.0139307	-0.0370441	-0.0768369	-0.107784	0.30081	0.0153934	-0.0103041	0.00832648	-0.0761541	0.402347	-0.0939633	-0.0301348	-4.76608e-05	
0.00399716	0.0814831	0.0465973	0.0249956	0.154574	0.157128	-0.0391578	0.0147493	-0.0297657	-0.0622607	-0.106058	0.301629	0.0428339	-0.0119033	0.00832648	-0.0499252	0.428036	-0.102469	-0.0309534	0.196793	
-0.0183504	0.0814831	0.10759	0.0249956	0.140515	0.140808	-0.0279004	0.00420286	-0.0297657	-0.0877966	-0.109001	0.307929	0.0630698	-0.0148207	0.0142917	-0.0338016	0.328815	-0.0858762	-0.0340062	0	-0.0164604	
-0.0183504	0.0921541	0.104212	0.0249956	0.165805	0.148501	-0.0368481	0.00760151	-0.0340786	-0.0848282	-0.0993901	0.307929	0.0596711	-0.0168345	0.0171855	-0.0474926	0.396814	-0.0889394	-0.0340062	-0.00194198	-0.0233801	
-0.0510039	0.0921541	0.169417	0.0249956	0.165805	0.117883	-0.0450801	-0.00156835	-0.0339707	-0.0862941	-0.0971313	0.282506	0.0478618	-0.0168345	0.0263554	-0.0664197	0.371977	-0.0945925	-0.0340062	0	-0.00709445	-0.0483639	
-0.0562397	0.0924513	0.144034	0.0252928	0.166102	0.11818	-0.0447829	0.0166974	-0.0336735	-0.0931449	-0.0942573	0.271896	0.0207137	-0.0165373	-0.0138132	-0.0596613	0.4475	-0.0711349	-0.0343034	0.0263462	
0.000918701	0.0846656	0.204008	0.0248476	0.166102	0.11818	-0.0602753	0.0107131	-0.0267067	-0.0982078	-0.0987994	0.271896	0.0169236	-0.0100939	0.0116786	-0.0610682	0.355696	-0.0505145	-0.0343034	0.0658039	
0.00506738	0.091468	0.156844	0.0248476	0.166102	0.153714	-0.0503236	0.0175434	-0.0349712	-0.0946372	-0.107208	0.271539	0.000514942	-0.0255335	0.00484839	-0.0610682	0.384026	-0.0353369	-0.0343034	0	
-0.00220928	0.0754266	0.114637	0.0248476	0.166102	0.153714	-0.0451983	0.0173966	-0.0317965	-0.0990061	-0.10021	0.271539	0.0252978	-0.0230592	0.00499517	-0.0627324	0.380436	-0.0244637	-0.0343428	
-0.00220928	0.0802364	0.32303	0.0248476	0.166102	0.153714	-0.045425	0.0113402	-0.0377592	-0.0943146	-0.101939	0.271539	-0.0166598	-0.0230592	0.0258797	-0.0793167	-0.0622991	-0.0380575	0.112467	
-0.039602	0.115255	0.408319	0.0224186	0.186996	0.122469	-0.0618062	0.0113402	-0.0171251	-0.0951968	-0.0956636	0.247314	0.0279643	-0.0207728	0.0134902	-0.0414196	-0.0520072	-0.0124841	-0.0380575	
-0.0196376	0.115255	0.408319	0.0224186	0.186996	0.122469	-0.0432847	0.0032664	-0.0294972	-0.0847796	-0.0947543	0.232108	0.0264983	-0.0207728	0.0217107	-0.0418212	-0.0638052	-0.0380575	-0.0383285	
-0.043834	0.115255	0.25664	0.025454	0.186996	0.122469	-0.0437307	0.00279477	-0.0414933	-0.0795331	-0.100582	0.231236	0.02697	-0.0126449	0.0210767	-0.0418212	-0.0707598	-0.0395817	
-0.00353656	0.112956	0.31774	0.0293636	0.228333	0.119151	-0.042868	0.0139962	-0.0396999	-0.0845342	-0.102283	0.239326	0.0423797	-0.0117822	0.011588	-0.0402895	-0.0787895	-0.0404782	0	
0.00519341	0.112956	0.310177	0.0246197	0.228333	0.114376	-0.0485673	0.0139962	-0.0238658	-0.0893448	-0.0965055	0.239326	0.0598622	-0.0114507	-0.00279978	-0.0126954	-0.0881266	-0.0427948	
-0.0186008	0.112956	0.366301	0.0246197	0.216934	0.114376	-0.0463587	0.00463761	-0.0241258	-0.0785483	-0.0901546	0.235101	0.0410562	-0.0138412	0.022153	-0.0219066	-0.0831631	-0.0427948	-0.0115362	
0.0233773	0.112956	0.322864	0.021613	0.215178	0.11302	-0.0388316	0.00463761	-0.0293451	-0.0770494	-0.0871026	0.235101	0.0696078	-0.0138412	0.0102825	-0.0285263	-0.0959751	-0.0405891	-0.0271362	
0.101823	0.105533	0.388994	0.021613	0.186241	0.11302	-0.0370799	0.00463761	-0.0293451	-0.0799416	-0.100608	0.189562	0.046773	-0.0138412	0.0102825	-0.035151	-0.100819	-0.0405891	0.0167434	
0.099107	0.105533	0.318518	0.021613	0.186943	0.119499	-0.0570815	0.00463761	-0.0484597	-0.0771782	-0.0902582	0.241979	0.0721283	-0.0138412	0.0102825	-0.0209984	-0.10413	-0.0405891	0.298057	
0.099107	0.105533	0.343243	0.0185042	0.186943	0.126133	-0.0448065	0.00463761	-0.0370576	-0.0771782	-0.0912779	0.241979	0.0721283	-0.00921158	0.00930358	-0.0325723	-0.0969579	-0.0405891	0.414737	0.0531166	
0.0766505	0.105533	0.343243	0.0185042	0.23295	0.101129	-0.0491623	0.0105181	-0.020987	-0.0818814	-0.0837312	0.242933	0.056846	-0.00921158	0.00342311	-0.02704	-0.0901657	-0.0405891	0.458731	
0.0610289	0.130818	0.376522	0.0178358	0.23295	0.101129	-0.0337951	0.0105181	-0.0201949	-0.0745893	-0.0798463	0.222112	0.0658393	-0.00921158	0.00342311	-0.0614554	-0.0878038	-0.0405891	0.980217	0.0579396	-0.00191901	0	
-0.0147169	0.130818	0.376522	0.0178358	0.23295	0.116628	-0.0354832	0.0105181	-0.0201949	-0.0954606	-0.103824	0.20071	0.071788	-0.0144133	-0.018507	-0.0559052	-0.0948287	-0.0405891	0.610746	0	
-0.0147169	0.13786	0.3517	0.0136705	0.212826	0.125725	-0.0320463	0.0105181	-0.0201949	-0.0944002	-0.101088	0.20071	0.0712619	-0.0144133	0.0193474	-0.0559052	-0.10377	-0.0405891	0.787547	
-0.0307675	0.13786	0.320336	0.0136705	0.235135	-0.0144133	-0.0236545	0.0105181	-0.0195262	-0.0916492	-0.0982955	0.174179	0.0586764	0	-0.00116304	-0.0250139	-0.102508	-0.0405891	0.619964	0.138689	0	
0.0346754	0.158943	0.320132	0.0134673	0.234931	-0.0146165	-0.0238578	0.00608571	-0.0118921	-0.0815932	-0.0971647	0.195814	0.0647671	0.129318	0.00245267	-0.0535861	-0.101703	-0.0403859	1.04536	
0.0158201	0.188334	0.29697	0.0215626	0.234931	-0.0172013	-0.0238578	0.00685357	-0.0135043	-0.0841629	-0.0930851	0.211982	0.0660688	0.118727	0.00168482	-0.00940612	-0.098584	-0.0403859	1.04091	
8.98332e-05	0.187124	0.399641	0.0202079	0.207831	-0.0184114	-0.0343105	0.0155087	-0.0058157	-0.0776421	-0.0925788	0.197037	0.0388266	0.125208	-0.00818049	-0.0977629	-0.0391757	0.734427	
0.0192722	0.219184	0.429882	0.0202079	0.204051	-0.0184114	-0.0392054	0.0155087	-0.00892104	-0.084429	-0.0785628	0.210848	0.0388266	0.127529	-0.00818049	-0.0437615	-0.0989701	-0.0411244	0.926265	0.0788707	-0.0617896	-0.0197092	0	
0.021848	0.219184	0.344997	0.0202079	0.245857	-0.0184114	-0.0421256	0.0155087	-0.00892104	-0.0808504	-0.0896776	0.209421	0.0388266	0.127529	-0.00998987	-0.0645397	-0.091568	-0.0411244	0.976819	
0.0448948	0.186667	0.440608	0.0202079	0.245857	-0.0184114	-0.0437933	2.54515e-06	-0.0146798	-0.0785664	-0.0929168	0.252426	0.0681771	0.145531	0.0206769	-0.0828066	-0.0952199	-0.0411244	0.909969	0.00456613	-0.0330314	
0.117284	0.186667	0.440544	0.0225823	0.241233	-0.0184114	-0.04719	0.00222875	-0.0146798	-0.0894358	-0.083821	0.254659	0.0331518	0.0184507	-0.0411244	0.558022	0.00364044	-0.0976901	
0.106101	0.186667	0.424516	0.0207511	0.249177	-0.0184114	-0.0487025	0.0114147	-0.012464	-0.0784097	-0.0969413	0.254659	0.0356206	0.000999652	-0.0411244	0.737976	0.0355405	-0.0942622	
0.106101	0.17558	0.424516	0.0207511	0.249177	-0.0224741	-0.0150571	0.0114147	-0.0305428	-0.101567	-0.0954987	0.260198	0.0538588	0.0028153	-0.044628	-0.0376975	0.61745	-0.00238694	-0.0818143	
0.106101	0.17558	0.40856	0.0207511	0.242057	-0.0224741	-0.0214081	0.0114147	-0.0338445	-0.102041	-0.0950791	0.260198	0.0292743	-0.0172461	-0.0169361	0	0.623786	0.0321423	-0.0928473	-0.0476501	
0.106101	0.177771	0.353361	0.0207511	0.232449	-0.0224741	-0.0274748	0.00867834	-0.0338445	-0.0961926	-0.0907629	0.260198	0.0319852	0.0126829	0.0617816	-0.102986	1.16659	-0.0476501	
0.107356	0.179027	0.36701	0.019773	0.238276	-0.0202467	-0.0260714	0.00993388	-0.0282637	-0.0744776	-0.100249	0.261454	0.0689802	0.0126829	0.136696	0.0645553	-0.0888832	0.906335	-0.0489056	
0.107356	0.180705	0.281919	0.019773	0.238276	-0.0192027	-0.0399458	0.00993388	-0.0282637	-0.0674862	-0.103428	0.261999	0.0129193	0.000994383	0.136696	-0.0160341	-0.0824585	0.0757721	-0.0888832	0.724507	-0.0489056	-0.0607883	
0.0944025	0.19297	0.332493	0.019773	0.238276	-0.0192027	-0.00653465	0.00993388	-0.0297467	-0.0757699	-0.0897139	0.222177	0.020953	0.000994383	0.108624	-0.0994329	0.618955	-0.0489056	
0.07916	0.143474	0.359066	0.019773	0.230272	-0.0192027	-0.00826739	0.017779	-0.0227487	-0.0768729	-0.0672502	0.224349	0.0238685	-0.00685069	0.0305697	-0.0914248	0.413671	0.0890476	-0.0489056	0.0360813	
0.0821083	0.143474	0.398573	0.019773	0.234528	-0.0163552	-0.00826739	0.017779	-0.0196964	-0.070378	-0.0625272	0.224349	0.0552698	0.00836351	0.000785103	-0.092485	0.363184	0	-0.0489056	
0.075612	0.165419	0.398573	0.019773	0.234528	-0.0163552	-0.0172065	0.0103391	-0.0196964	-0.0786405	-0.0753451	0.200356	0.0692016	0.0162072	-0.0108497	-0.0838221	0.441455	-0.0546038	0	
0.0789616	0.181821	0.378199	0.035037	0.240281	-0.022091	-0.0333942	0.0136886	-0.0135718	-0.0752909	-0.0779233	0.188537	0.0285577	0.00802255	-0.0259343	-0.0861456	0.924614	-0.0579534	
0.118144	0.167782	0.433437	0.0249636	0.24694	-0.0275991	-0.00694088	0.0136886	-0.0135718	-0.0732436	-0.0830773	0.188537	0.0900775	0.000357961	-0.0502503	-0.0817886	0.60594	-0.0579534	0.0337806	-0.00878976	
0.0945193	0.167782	0.445248	0.0244768	0.24694	-0.013603	0.0106246	0.0162507	-0.0135718	-0.0681502	-0.0725571	0.216474	0.0333362	-0.00220413	-0.0432927	-0.0869112	0.875256	-0.0579534	
0.0956223	0.173741	0.383692	0.0244768	0.24694	-0.0253358	-0.00294678	0.0162507	-0.0135718	-0.0681502	-0.0804955	0.233907	0.0485397	0.0228571	0.007295	-0.0763395	0.866268	-0.0579534	-0.0128178	0	
0.0956223	0.173741	0.329264	0.0244768	0.270467	-0.0265487	0	0.0162507	-0.03104	-0.0828151	-0.0841784	0.233907	0.0485397	0.0228571	0.0356782	-0.0540868	0.947022	-0.0579534	
0.138497	0.173741	0.358007	0.0244768	0.23216	-0.0236581	0.0162507	-0.0211628	-0.0851336	-0.0839818	0.233907	0.0015918	-0.0110335	0.00404845	-0.0771521	0.698359	-0.0579534	
0.155132	0.148866	0.358007	0.023039	0.23216	-0.0236581	0.00822804	-0.0278662	-0.0579534	-0.0818074	-0.0974525	0.233907	0.0644734	0.0306699	-0.00895423	-0.0717932	0.561792	
0.118233	0.148866	0.35331	0.0374106	0.189009	-0.0236581	0.00822804	-0.0294594	-0.0649062	-0.0689743	-0.0837582	0.233907	0.0345702	0.0306699	0.00879711	-0.0503013	0.690992	
0.124248	0.149495	0.367169	0.0374106	0.189009	-0.0232825	0.00938539	-0.0258094	-0.0649062	-0.0767413	-0.0744063	0.226155	-0.00468641	0.0148626	-0.0150873	-0.0787984	0.814385	
0.147654	0.149495	0.425471	0.0374106	0.189009	-0.0232825	0.00325119	-0.0122639	-0.0648796	-0.070763	-0.0507928	0.268892	0.0215501	0.0209968	0.0121213	-0.0958479	0.714897	0	
0.0943174	0.149495	0.326801	0.0374106	0.204387	-0.0232825	0.00325119	-0.0100641	-0.0648796	-0.0866628	-0.0394198	0.270286	0.0215501	0.0209968	-0.019552	-0.085703	0.557469	0	
0.126585	0.145428	0.346143	0.0374106	0.213052	-0.0232825	0.022244	-0.0100641	-0.059904	-0.0917173	-0.0492973	0.299167	0.0102866	-0.00617018	-0.0220407	-0.0840471	0.878397	0.0330941	
0.106058	0.161039	0.387886	0.0374106	0.185551	-0.0171241	0.0142566	-0.00475563	-0.059904	-0.0532959	-0.0776701	0.299167	0.0116546	0.0173899	-0.028591	-0.0888588	1.14783	
0.106058	0.161039	0.408861	0.0369355	0.187448	-0.0171241	0.0142566	-0.00858203	-0.0606474	-0.0532959	-0.0957362	0.28518	0.0196587	0.0106249	-0.0499466	-0.0950788	0.454254	
0.113911	0.161386	0.336914	0.0372826	0.192645	-0.0181832	-0.00186243	-0.0074016	-0.0609946	-0.05861	-0.091036	0.272686	0.0411786	0.027091	-0.045093	-0.0961242	0.551324	
0.14213	0.185268	0.414225	0.0232324	0.192645	-0.0181832	-0.00242123	0.00218565	-0.0605113	-0.0551349	-0.0901647	0.272686	0.030524	0.0276498	-0.0473229	-0.103939	0.989287	-0.00967899	-0.00687513	
0.127129	0.203962	0.302382	0.0244956	0.162585	-0.0213215	0.0108721	-0.0190253	-0.0605113	-0.0622461	-0.0819202	0.239954	0.0568063	0.0154759	-0.0396947	-0.0890728	0.558472	
0.127129	0.203962	0.31571	0.0244956	0.191435	-0.0213215	0.0108721	-0.0190253	-0.0605113	-0.0622461	-0.0880456	0.198883	0.055261	0.00831024	-0.0507622	-0.0977489	0.718395	0	0.00538212	0.06943	
0.126073	0.184205	0.390951	0.0323233	0.191435	-0.0213215	0.00743799	-0.0375287	-0.0605113	-0.0665485	-0.0959324	0.198883	0.0444834	0.0121318	-0.0111549	-0.0988148	0.571181	0.0260054	
0.132194	0.169563	0.37082	0.0323233	0.197445	-0.0181809	0.0196173	-0.0360824	-0.0605113	-0.0614014	-0.0820111	0.198883	0.0563974	0.00134603	9.54663e-05	-0.0921583	0.493744	
0.10589	0.168604	0.399376	0.0303693	0.201439	-0.0181809	0.0100163	-0.0390739	-0.0588517	-0.0889423	-0.072444	0.161055	0.0384068	0.0109471	0.0318651	-0.0856133	0.392605	0.0138324	0	0.0212743	
0.10589	0.168604	0.321058	0.0303693	0.201439	-0.0181809	0.0100163	-0.0271266	-0.0602349	-0.0845857	-0.0758167	0.19576	0.0384068	0.0128557	0.0557848	-0.0798869	0.460641	0.122705	0.0364962	-0.00238516	
0.106065	0.168779	0.319456	0.0399705	0.194233	-0.0180061	0.0100303	-0.0275487	-0.0584903	-0.0878557	-0.0894007	0.197041	0.0521061	-0.00723518	0.0762219	-0.069021	0.537898	0	0	
0.110595	0.168779	0.327577	0.0351545	0.190777	-0.0180061	0.0194909	-0.0232422	-0.0584903	-0.07002	-0.0825703	0.229512	0.0131219	0.00377006	0.0904346	-0.0714457	0.500581	-0.0347684	0	0.0021025	
0.120685	0.16941	0.328209	0.0357859	0.203364	-0.0173747	0.0133787	-0.0290853	-0.0591217	-0.0667944	-0.0900711	0.222189	0.0489475	0.0323817	0.0750816	-0.0807543	0.597059	-0.00281786	0.0192302	
0.186359	0.16941	0.340264	0.0357859	0.181115	-0.0199308	0.0133787	-0.0212705	-0.0591217	-0.0837583	-0.0973923	0.222189	0.0507783	0.0254105	0.0663129	-0.0834993	0.585008	-0.00281786	0.08204	
0.186359	0.153031	0.340264	0.0306995	0.181115	-0.0171129	0.00846531	-0.0305564	-0.0591217	-0.0419333	-0.0843261	0.216856	0.0487977	0.0303239	0.0212398	-0.0739072	0.457174	-0.00281786	0.0848579	
0.170901	0.154543	0.36592	0.0312086	0.187993	-0.0156011	0.00997713	-0.0305564	-0.0507909	-0.0489818	-0.0843261	0.216856	0.0824712	0.00826137	0.0379919	-0.064405	0.873138	-0.00432969	-0.0362478	
0.152129	0.177459	0.356939	0.020413	0.180607	-0.0156011	0.0120695	-0.0176235	-0.0507909	-0.0545446	-0.078523	0.232254	0.0441643	0.0185915	-0.0443849	-0.0907074	0.957928	-0.00432969	
0.152839	0.173951	0.411548	0.0229527	0.177099	-0.0141552	0.00856159	-0.00357936	-0.0456609	-0.0489451	-0.074711	0.232963	0.0278738	0.0227488	-0.0229487	-0.082883	0.779904	-0.000112507	0.0640154	
0.152839	0.173951	0.347792	0.0229527	0.177099	-0.0141552	0.0099387	-0.00357936	-0.0418729	-0.03983	-0.0782087	0.230463	0.0371163	0.00469963	-0.0163949	-0.0609554	0.920364	-0.000112507	-0.0150409	-0.0397526	0.0980936	0.0177526	
0.103232	0.174879	0.347792	0.0194418	0.179725	-0.0115289	0.0258311	-0.00357936	-0.0418729	-0.0332282	-0.0905197	0.230463	0.0238502	-0.00856651	-0.00686461	-0.0833701	0.972386	-0.00273878	0	0.136859	
0.154386	0.174879	0.286287	0.0218853	0.174985	-0.0115289	0.0258311	-0.00193429	-0.0418729	-0.0304799	-0.0798512	0.218534	0.0677468	-0.00856651	-0.0194404	-0.077587	0.760912	-0.00273878	0.0861707	0	
0.0988505	0.174879	0.328613	0.0218853	0.166524	-0.0115289	0.0258311	-0.00107633	-0.0418729	-0.0298389	-0.0848552	0.218534	0.0298762	0.0163504	-0.0208408	-0.0901513	0.701763	-0.00273878	0.0839899	
0.10559	0.160337	0.328613	0.0262576	0.166524	-0.017678	0.0258311	-0.00107633	-0.0418729	-0.0277711	-0.0799593	0.220738	-0.0168594	0.0023462	-0.0155958	-0.096982	0.72391	-0.00273878	0.0839899	
0.143229	0.179373	0.328613	0.0262576	0.171543	-0.00552359	0.0358147	-0.00292532	-0.0418729	-0.0241543	-0.0738901	0.220738	0.0105892	0.0114337	-0.0140814	-0.0991963	0.559516	-0.0127223	0.0770971	
0.148919	0.183105	0.396973	0.0229714	0.148036	-0.00642248	0.0349158	-0.00292532	-0.0418729	-0.0250882	-0.0834077	0.220738	0.0176828	-0.00357506	-0.0276281	-0.0885282	0.519882	-0.0118234	0.0770971	0	
0.173804	0.135813	0.396973	0.0203019	0.168606	-0.00642248	0.0443316	-0.00928363	-0.0418729	-0.0154788	-0.0834077	0.220738	-0.00963206	0.00274612	-0.0276281	-0.0961577	0.511135	-0.0118234	0.0984185	0.0693707	
0.180079	0.153763	0.402944	0.021143	0.168452	-0.0145233	0.03689	-0.00844261	-0.0414649	-0.0125458	-0.0949237	0.22158	0.0196842	0.00274612	-0.0279351	-0.0917597	0.457641	-0.00354074	0.05662	
0.180079	0.164731	0.402944	0.021143	0.174512	-0.0145233	0.03689	-0.0254786	-0.037516	-0.0113213	-0.0888213	0.22158	0.0116003	0.00134304	-0.039897	-0.0832369	0.441614	-0.00354074	0.0398426	-0.0136216	0	
0.180079	0.164731	0.375335	0.021143	0.160896	-0.0145233	0.0203513	-0.0158746	-0.037516	-0.0223581	-0.0914826	0.22158	0.052894	0.0178818	-0.0203434	-0.0777712	0.345647	-0.00354074	0.00500685	0	-0.00135751	-0.0464364	
0.158089	0.113975	0.375335	0.021143	0.158304	-0.0159372	0.0274628	-0.0120843	-0.0386062	-0.0223581	-0.0852122	0.220167	0.0454577	0.00188218	-0.0418701	-0.0852522	0.355321	-0.0042312	0.0540689	
0.132495	0.106864	0.343068	0.021143	0.203646	-0.00866285	0.0256247	-0.0130385	-0.047842	-0.0391338	-0.094903	0.201753	0.0414068	-0.0151513	-0.0227436	-0.0841749	0.616783	-0.00239308	0.0283496	-0.0519983	
0.132495	0.0805863	0.343068	0.021143	0.203646	-0.00737784	0.0256247	-0.0130385	-0.0345066	-0.0513718	-0.0897835	0.21032	0.0271951	-0.0070479	0.00542853	-0.0792686	0.903829	-0.00239308	0.0545221	0	
0.137667	0.0858512	0.336111	0.0229681	0.183141	-0.0108777	0.0388452	-0.0143782	-0.0396789	-0.0461995	-0.0819423	0.255477	-0.0027407	-0.0112944	0.0146513	-0.0743834	0.698521	0.00277921	0.101077	
0.114883	0.0733362	0.356984	0.0180561	0.137603	-0.0108777	0.0461994	-0.0168543	-0.0508	-0.0388476	-0.0849052	0.25226	0.0228585	-0.0212696	0.0382808	-0.0894925	1.48444	-0.000437288	0.00909475	
0.13978	0.0857314	0.368191	0.0233006	0.144556	-0.0108777	0.0461994	-0.0258855	-0.049725	-0.0369703	-0.0819984	0.226003	0.0228585	-0.0125284	0.0494807	-0.0809581	1.48444	0.00144004	0.0318793	
0.138745	0.0789837	0.368191	0.0222177	0.120232	-0.0176254	0.0366358	-0.0147327	-0.049725	-0.0531721	-0.0749928	0.230039	0.00322545	-0.0170913	0.0528901	-0.0829255	1.46734	0.00818775	0.12106	
0.135709	0.0734427	0.364475	0.0142203	0.106108	-0.015044	0.0366358	-0.0177688	-0.0466889	-0.0645951	-0.0780782	0.227003	0.0337771	-0.0170913	0.053625	-0.0886443	1.75534	0.0051517	0.124604	0	-0.0192961	0.0930788	
0.205471	0.0643814	0.122984	0.0142203	0.10362	-0.015044	0.0384302	-0.0173214	-0.0527768	-0.0645951	-0.0757482	0.206173	0.040766	-0.0188857	0.0316632	-0.0697821	1.72629	0.0051517	0	0.314426	0	0	0.01747	0	0	
0.180252	0.0827478	0.121826	0.0142203	0.10362	-0.0132542	0.0384302	-0.0446539	-0.0527768	-0.0653904	-0.0871101	0.206173	0.0393501	-0.0188857	-0.00277216	-0.0819293	1.64229	0.0051517	0.366752	
0.170184	0.0832353	0.121826	0.0116966	0.08536	-0.0018613	0.0389177	-0.0334907	-0.0527768	-0.0861095	-0.0808829	0.210555	0.0329541	-0.0286521	-0.0050477	-0.0817034	1.40412	0.00466417	0.396931	0	
0.125694	0.0659526	0.139773	0.0187379	0.116761	-0.0018613	0.0368627	-0.0314895	-0.054778	-0.0953698	-0.0638791	0.212556	0.00416176	-0.0108479	-0.0160433	-0.087664	1.40412	0.00666546	0.339511	
0.125694	0.0829804	0.18135	0.0187379	0.112348	-0.0018613	0.00764298	-0.0350238	-0.0532563	-0.0952932	-0.0583286	0.205326	0.0232888	0.00728227	0.00667996	-0.0917152	1.54587	0.00666546	0.291602	0	0.0665095	0	
0.13033	0.0977671	0.18135	0.0169831	0.112348	-0.0018613	0.00764298	-0.0367786	-0.0515015	-0.0989752	-0.0648266	0.182931	0.0232888	0.0150946	0.0274248	-0.0863353	1.54587	0.00491069	0.356666	-0.00976285	
0.146047	0.0937032	0.192386	0.0118676	0.12948	-0.002842	0.00731634	-0.00918614	-0.0529683	-0.0895535	-0.0821999	0.238248	0.0226347	0.0131838	0.0222007	-0.0651165	1.11389	0.00735811	0.382811	0.0145734	
0.0883652	0.0903715	0.205505	0.0118676	0.126148	-0.00446073	0.00944329	-0.0101921	-0.0529683	-0.0881795	-0.0760175	0.215102	0.028607	0.00286818	0.0305007	-0.0954873	0.927295	0.0106898	0.287799	
0.120748	0.0991544	0.283802	0.0118676	0.150264	-0.00446073	0.00944329	-0.0101921	-0.0529683	-0.0988872	-0.0666419	0.215102	0.028607	0.00293721	0.0305007	-0.0763933	1.37603	0.0106898	0.287799	-0.00856062	0	
0.120748	0.081672	0.357547	0.0126457	0.155201	0.00333315	0.0172372	-0.0101921	-0.0529683	-0.0856523	-0.0769301	0.215102	-0.0204096	0.0106049	0.0476739	-0.0873495	1.53456	0.00289596	0.352899	0.000455414	
0.109239	0.0819264	0.360511	0.0126457	0.178781	0.00844022	0.0223442	-0.0191023	-0.0500037	-0.0962516	-0.0799337	0.215102	0.0187549	0.00694252	0.0476739	-0.0831492	1.40776	-0.00221112	0.274936	
0.109239	0.070626	0.35853	0.0125067	0.199835	0.00429609	0.0182001	-0.0067103	-0.0505039	-0.0860988	-0.090447	0.219834	0.0100267	0.00694252	0.00966033	-0.0745221	1.40362	0.00193301	0.307645	0	0	
0.0938237	0.0739911	0.35853	0.0125067	0.203201	0.00766124	0.0215653	-0.025663	-0.0505039	-0.0837933	-0.0872879	0.178635	0.0377581	0.0166935	0.0323581	-0.053798	1.78141	-0.00143213	0.398585	0	0	
0.105592	0.0598931	0.304546	0.0125067	0.189581	0.0089978	0.012716	-0.00909521	-0.0505039	-0.0925147	-0.0976119	0.201049	0.0493071	0.0180067	0.00814523	-0.078293	0.778623	-0.00143213	0.438683	0.0116978	-0.0227717	
0.105592	0.0751766	0.226642	0.0125067	0.189581	0.0089978	0.0213912	-0.0143572	-0.0505039	-0.0873803	-0.0859341	0.209965	0.0502042	0.0239792	-0.0149611	-0.0796953	0.884882	-0.00143213	0.351676	0.0549024	0	
0.0725391	0.074192	0.267972	0.0125067	0.189488	0.016138	0.0213912	-0.0143572	-0.0505039	-0.0973945	-0.0859319	0.248532	0.0154548	0.0239792	-0.0396399	-0.086241	0.994343	-0.00143213	0.413978	0.0236606	
0.0725391	0.074192	0.271291	0.0125067	0.162099	0.016138	0.00768039	-0.0225077	-0.0471853	-0.0944566	-0.0866725	0.188622	0.123973	0.0406763	-0.0606102	-0.102701	0.809842	-0.00143213	-0.011525	0.029854	0.413978	0	
0.0870594	0.073379	0.246226	0.0125067	0.161286	0.015325	0.00686735	-0.0228322	-0.0471853	-0.0864776	-0.0903632	0.188622	0.123973	0.0359168	-0.0249178	-0.0924733	0.908957	-0.000619098	0.413978	0.0421651	
0.0767923	0.0720467	0.246226	0.0125067	0.161286	0.015325	0.0212018	-0.0259364	-0.0471853	-0.0893462	-0.0864577	0.188622	0.0928762	0.0206413	-0.0345268	-0.0750495	1.17325	-0.000619098	0.412201	
0.110716	0.0790108	0.19229	0.00535559	0.143709	0.0194279	0.0230413	-0.0259279	-0.0482054	-0.0820449	-0.0871739	0.188622	0.0951396	0.0302555	-0.0213929	-0.0875943	1.43469	-0.00472201	0.324952	0	0	
0.106273	0.0916326	0.21377	0.00535559	0.171234	0.0163563	0.0308844	-0.0269095	-0.0482054	-0.0879211	-0.0871739	0.188622	0.0839029	0.00557971	-0.0402184	-0.0805965	1.34507	-0.00132831	0.318139	
0.106273	0.074584	0.262723	0.00535559	0.171234	0.0182864	0.0365293	-0.0171693	-0.0364573	-0.0836926	-0.0913914	0.19888	0.058557	0.0114483	-0.0552962	-0.078902	1.34507	-0.00132831	0.0498086	0.351474	
0.128991	0.074584	0.284077	0.00535559	0.18313	0.0182864	0.0365293	-0.0171693	-0.0192427	-0.0761748	-0.0780149	0.219749	0.0405817	-0.0011354	-0.0443198	-0.0870671	0.969556	-0.00132831	0.313755	
0.128991	0.0842609	0.277037	0.0116893	0.162807	0.0119795	0.0370348	-0.0171693	-0.026283	-0.0812272	-0.0903166	0.219749	0.0400762	-0.00164089	-0.0443198	-0.0882564	0.819408	-0.00132831	0.313755	0.0133648	-0.0343651	0	
0.107242	0.0890463	0.324977	0.00683305	0.167593	0.0167649	0.0418202	-0.0201874	-0.026283	-0.0678247	-0.0981661	0.219749	0.0625307	0.0138956	-0.0351001	-0.0855967	0.701162	-0.00611368	0.306925	
0.150386	0.0850354	0.324977	0.00683305	0.165723	0.0102258	0.0398934	-0.0201874	-0.026283	-0.0550239	-0.0963474	0.219749	0.0415275	0.0118177	-0.0480627	-0.0875522	0.830305	-0.00418698	0.320138	
0.151345	0.0883555	0.324977	0.00779131	0.19989	0.0102258	0.0398934	-0.0219157	-0.0272413	-0.0643879	-0.0893492	0.237195	0.0224834	0.0156195	-0.0498708	-0.0733858	0.541685	-0.00322872	0.357908	0.0427661	
0.167091	0.0883555	0.297728	0.00779131	0.136417	0.0102258	0.0398934	-0.0219157	-0.0272413	-0.0813096	-0.0770903	0.237195	0.0425762	-0.016477	-0.043325	-0.0569747	0.642182	-0.00322872	0.357908	
0.167091	0.116946	0.191789	0.00779131	0.136417	0.0102258	0.0398934	0.0139968	-0.024816	-0.0749062	-0.0815317	0.237195	0.0425762	-0.016477	-0.053245	-0.0736348	0.423914	-0.00322872	0.3633	0	
0.162858	0.116946	0.160956	0.0105922	0.136417	0.0105537	0.0398934	0.0105787	-0.024816	-0.0656718	-0.0876371	0.223763	0.0107914	-0.024359	-0.0360841	-0.0649767	0.909154	-0.00322872	0.351892	0.0220797	
0.130162	0.116946	0.144017	0.0105922	0.119152	0.0175172	0.0247326	0.0105787	-0.0209622	-0.0661355	-0.0775284	0.223763	0.0703245	-3.89585e-06	-0.0341902	-0.0884999	0.821099	-0.00322872	0.351892	0.00847599	
0.132442	0.122213	0.114913	0.0117269	0.114843	0.0223058	0.0295211	0.0117134	-0.0220969	-0.0641834	-0.0665617	0.224898	0.0611312	0.00141263	-0.0606094	-0.0783062	0.81313	-0.00688258	0.334491	0.0816039	-0.0062745	
0.132442	0.122213	0.11058	0.0117269	0.114843	0.0223058	0.0295211	-0.000719758	-0.0220969	-0.0912551	-0.075902	0.243747	0.0312385	-0.000377914	-0.05124	-0.0924957	0.731081	-0.00688258	0.334491	-0.0388738	
0.132442	0.131124	0.115093	0.0117269	0.114843	0.0223058	0.0295211	0.0195566	-0.0279292	-0.0900544	-0.0668353	0.243747	0.0619312	-0.000377914	-0.0357739	-0.082432	0.850852	-0.00688258	0.390375	-0.0606646	-0.0560701	
0.159867	0.0984934	0.115093	0.0117269	0.114843	0.0220201	0.0295211	0.0334268	-0.0279292	-0.0843538	-0.0893845	0.243747	0.0381428	-0.000489084	-0.0262671	-0.0975257	1.08489	-0.00688258	0.397789	
0.140721	0.105971	0.115093	0.0117269	0.127958	0.023129	0.0295211	0.00471684	-0.0279292	-0.0936381	-0.086784	0.261324	0.0337367	-0.000489084	-0.0220007	-0.100246	0.966349	-0.00688258	0.184311	0.301811	
0.133806	0.106837	0.14019	0.0112925	0.158524	0.0332931	0.0305674	-0.0183942	-0.0299629	-0.0867125	-0.0629387	0.261324	0.0303699	-0.00439629	-0.0276028	-0.0786837	0.951555	-0.00792883	0	0.351547	
0.126614	0.106489	0.125593	0.0112925	0.160868	0.0329449	0.0291684	-0.00961789	-0.0236892	-0.0936159	-0.0712342	0.267433	0.0314207	-0.00414025	-0.0267704	-0.0915269	0.950719	-0.0075807	0.351547	0	
0.136464	0.0825246	0.128485	0.00816159	0.181841	0.0258571	0.0146512	-0.00961789	-0.0213474	-0.0973883	-0.0720538	0.267433	0.057053	0.0310996	-0.00745682	-0.0959536	0.612105	-0.0075807	0.0771652	0	0.337841	
0.119815	0.0869615	0.130235	0.0124911	0.183151	0.0258571	-0.00422167	-0.01533	-0.0213474	-0.0847925	-0.059888	0.267433	0.00552574	0.0507598	-0.00981164	-0.0990433	0.586453	-0.0075807	0.365746	0.0725305	
0.119025	0.0869615	0.106274	0.0117009	0.205088	0.0258571	-0.00337546	-0.0152037	-0.0234577	-0.0875846	-0.0670097	0.225989	0.0967896	0.0539412	-0.064097	-0.0839646	0.604808	-0.00837085	0.347044	0.107895	
0.131578	0.0869615	0.105396	0.0117009	0.213486	0.0258571	0.0115941	-0.0214659	-0.0243355	-0.0934132	-0.0590771	0.225989	0.0529986	0.0389716	-0.0392628	-0.0934099	1.30476	-0.00837085	0.346202	0.0929255	
0.114015	0.100285	0.116022	0.0117009	0.21684	0.0244778	0.0102148	-0.0211256	-0.0243355	-0.080258	-0.0632126	0.225989	0.087247	0.025449	-0.0616973	-0.0823554	0.808957	-0.00699151	0.346202	0.0830801	
0.114015	0.133697	0.0820061	0.0117009	0.21684	0.0130339	0.00853935	-0.0284269	-0.0243355	-0.0779998	-0.0659281	0.224492	0.0804905	0.0255687	-0.0187264	-0.0914218	0.995703	-0.00699151	0.375774	0.0809249	
0.123651	0.106487	0.0820061	0.0117009	0.21684	0.0130339	0.00853935	-0.0418309	-0.0243355	-0.0850929	-0.0771868	0.224492	0.0872294	0.0255687	-0.0485991	-0.093618	1.27781	-0.00699151	0.375774	0.079235	0.00279372	
0.0972777	0.142754	0.0872162	0.0117009	0.209706	0.0130339	0.00853935	-0.0393248	-0.0191253	-0.0897901	-0.0792797	0.224492	0.0653009	0.0288415	-0.0316619	-0.078	0.78869	-0.00699151	0.367596	0.0856142	-0.0285596	
0.0972777	0.139676	0.0872162	0.0117009	0.209706	0.0130339	0.00787634	-0.0393248	-0.0191253	-0.0718391	-0.0655132	0.24853	0.0359855	0.0295045	-0.031026	-0.0917342	1.29344	-0.00699151	0.438235	0.0862772	
0.108492	0.139676	0.093775	0.0117009	0.209706	0.0119396	0.00787634	-0.0223691	-0.0249029	-0.0752356	-0.0756623	0.228707	0.0313726	0.018044	-0.0596938	-0.0842218	1.04226	-0.00699151	0.438235	0.0862772	
0.108492	0.103868	0.0684339	0.0117009	0.189074	0.0132428	0.0102775	-0.0328823	-0.0249029	-0.0731001	-0.0659445	0.269839	0.0464743	0.018044	-0.0127506	-0.0824983	1.04814	-0.00939268	0.473056	0.0946329	
0.108492	0.135024	0.0727764	0.00966166	0.178305	0.0132428	-0.00456749	-0.0348848	-0.0205604	-0.0641156	-0.0745525	0.269839	0.0742852	0.0313822	-0.0258172	-0.0850296	1.06601	-0.00939268	0.473056	0.109478	0	-0.0596428	0	
0.108492	0.148481	0.0948946	0.00966166	0.178305	0.0173192	-0.00456749	-0.0249977	-0.0205604	-0.0742253	-0.0880759	0.268	0.0532193	0.0644966	-0.000297502	-0.0725964	0.80954	-0.00939268	0.450434	0.109478	0	
0.108492	0.159293	0.0564676	0.00966166	0.178305	0.017319	-0.00456749	-0.00226803	-0.0205604	-0.0733822	-0.0780343	0.243983	0.114984	0.0514452	-0.0348039	-0.0796782	0.964201	-0.00939268	0.454589	0.138654	0.0742579	
0.108492	0.1592	0.03404	0.00966166	0.178305	0.017319	-0.00456749	-0.00478308	-0.0205604	-0.0734586	-0.0718208	0.249101	0.114984	0.0514452	-0.0520496	-0.070634	1.14498	-0.00939268	0.47425	0.133973	0.0602253	
0.126439	0.119339	0.0894388	0.0112366	0.191772	0.0252179	0.00733722	0.00459652	-0.0229057	-0.0581026	-0.0636084	0.256861	0.101512	0.0297647	-0.0258625	-0.0806023	1.23108	-0.00618329	0.43836	0.115408	
0.126439	0.120962	0.0927329	0.0112366	0.189598	0.0268417	0.00906839	-0.00883758	-0.0229057	-0.0784454	-0.0582888	0.256861	0.0879058	0.0296573	-0.0536525	-0.0780844	0.732817	-0.00780705	0.445615	0.115301	-0.0475275	-0.00891301	0	
0.121936	0.120962	0.106202	0.0148282	0.194339	0.0268417	0.00906839	-0.00883758	-0.0196081	-0.0804327	-0.056352	0.256861	0.0879058	0.0231428	-0.0215083	-0.0761598	1.33568	-0.00780705	0.424159	0.112722	
0.118655	0.124184	0.128184	0.0163165	0.158989	0.0328359	0.0184299	-0.0136523	-0.0196081	-0.0818319	-0.0568964	0.263578	0.0429747	0.0357073	-0.0131932	-0.0834049	1.03842	-0.0138013	0.294254	0.0956396	
0.114852	0.113017	0.128184	0.0163165	0.156106	0.0265248	0.00566181	-0.027104	-0.0196081	-0.0794612	-0.0549188	0.263578	0.0545619	0.0423273	0.00896168	-0.0570301	1.24556	-0.010918	0.362967	0.124526	-0.0455469	
0.114852	0.0790536	0.156854	0.0176629	0.152682	0.0273621	0.0201912	-0.027104	-0.0196081	-0.0858424	-0.060337	0.263578	0.0408698	0.0391264	0.000149392	-0.0541683	0.741505	-0.0117553	0.480316	0.122227	
0.114852	0.0993585	0.229952	0.0176629	0.152682	0.0273621	0.0476916	-0.0274484	-0.0196081	-0.0867168	-0.0694535	0.261844	0.0178224	-0.0105637	0.00738495	-0.0541683	0.831502	-0.0117553	0.480316	0.0863174	-0.0277236	
0.106984	0.0993585	0.225174	0.018412	0.152682	0.0291482	0.0185005	-0.0201945	-0.0203573	-0.0871338	-0.0694841	0.24041	0.0644607	0.0186273	-0.0015165	-0.0380612	0.910965	-0.0110062	0.46405	0.104296	
0.106984	0.0883523	0.231288	0.018412	0.1306	0.018142	0.0241946	-0.0302236	-0.0203573	-0.0905746	-0.0699634	0.24041	0.018048	0.0199786	-0.00586431	-0.0677253	0.682586	-0.0110062	0.498202	0.126029	-0.033026	-0.023416	
0.1462	0.0883523	0.143877	0.018412	0.1306	0.018222	0.0241946	-0.016273	-0.0203573	-0.0686804	-0.0607862	0.24041	0.0297502	0.0297561	-0.0254882	-0.0806216	0.46218	-0.0110062	0.405307	0.126029	0	
0.138205	0.0791146	0.143877	0.0187162	0.1306	0.018222	0.0141642	-0.0108754	-0.0203573	-0.0575573	-0.0604665	0.229099	0.0257698	0.0397865	0.00111617	-0.0813584	0.491321	-0.0110062	0.395979	0.137669	
0.117696	0.0829613	0.143035	0.0187162	0.130136	0.018222	0.0136998	-0.0108754	-0.0264872	-0.0497424	-0.0552339	0.229099	0.0349784	0.0258513	0.0138223	-0.0890143	0.460107	-0.0105418	0.36842	0.126601	
0.11935	0.0935031	0.144772	0.0187162	0.130136	0.0299283	0.0136998	-0.0211752	-0.0264872	-0.0837921	-0.0610723	0.229099	0.0523795	0.0219162	0.0410003	-0.0844741	0.700699	-0.0105418	0.334534	0.149275	0	0	
0.146513	0.0804381	0.0938616	0.0187162	0.106105	0.0299283	0.0174813	-0.0211752	-0.0264872	-0.0805738	-0.0610723	0.239707	0.0132139	0.0181347	0.0410003	-0.0874038	0.538018	-0.0105418	0.393805	0.145907	
0.146513	0.0789771	0.0989394	0.0187162	0.18264	0.0326199	0.0173601	-0.0211752	-0.0264872	-0.080727	-0.0643184	0.274976	0.0326422	0.0181347	-0.00200844	-0.0931203	0.516133	-0.0104207	0.393805	0.145907	
0.13535	0.0930758	0.101737	0.0206482	0.18264	0.0326199	0.0100748	-0.0192432	-0.0256221	-0.0761873	-0.0783949	0.276908	0.075609	0.0447643	0.0724975	-0.0929508	0.311257	-0.00848869	0.395737	0.139395	-0.0151787	
0.128848	0.0930758	0.123045	0.0179489	0.18264	0.0326199	0.0100748	-0.0192432	-0.0256221	-0.0704601	-0.0790615	0.273307	0.0537205	0.0447643	0.0762681	-0.0779194	0.382856	-0.00848869	0.436481	0.0566054	0.0838189	-0.0256221	
0.128848	0.0736884	0.172524	0.0211902	0.210397	0.0361335	0.0201929	-0.013671	-0.0256221	-0.081198	-0.080482	0.273307	0.0989733	0.0346462	0.0593246	-0.0818898	0.799384	-0.00848869	0.388794	0.100208	
0.10605	0.0736884	0.133513	0.0204012	0.255828	0.0361335	0.0210113	-0.01446	-0.0248331	-0.0805506	-0.071799	0.245636	0.129576	0.025137	0.0585356	-0.090003	0.967402	-0.0092777	0.388005	0.0993893	-0.0246781	
0.11389	0.087102	0.136182	0.0204012	0.226467	0.0211961	0.0133111	-0.0101251	-0.0221641	-0.0704974	-0.0795498	0.245636	0.0902536	0.0312291	0.0196682	-0.0895036	1.49055	-0.00353124	0.449848	0.131084	-0.00295636	0.00766222	0.0258303	0	
0.100833	0.087102	0.220211	0.0204012	0.137886	0.0214364	0.0151517	-0.0101251	-0.0221641	-0.079726	-0.0896692	0.264321	0.088413	0.0181536	0.0343976	-0.0880043	1.30453	-0.00353124	0.454731	0.00396497	-0.0235335	
0.103668	0.0904128	0.201217	0.0174881	0.105913	0.0214364	0.005665	-0.0267416	-0.0221641	-0.0803293	-0.0878698	0.253084	0.0821077	0.0276403	0.064547	-0.0833763	0.658902	-0.00353124	0.36796	0.101865	
0.103668	0.0904128	0.201217	0.0174881	0.105913	0.0214364	0.00426125	-0.0267416	-0.0221641	-0.0736794	-0.0698101	0.246216	0.0441305	0.029044	-0.00200468	-0.0882449	1.0811	-0.00353124	0.323797	0.113253	0.0406212	0.140288	
0.124469	0.0727907	0.201217	0.0174881	0.0938582	0.0214364	-0.00063657	-0.00435565	-0.0221641	-0.0732063	-0.0606646	0.244225	0.0807364	0.0235291	0.039337	-0.0807177	1.1133	-0.00353124	0.295069	0.11362	0	
0.136303	0.076893	0.171387	0.0189046	0.113626	0.0214364	-0.00760834	-0.00961058	-0.0221641	-0.0812073	-0.0746968	0.244225	0.1121	0.0487697	0.041484	-0.058571	1.1133	-0.00353124	0.295948	0.120591	0	
0.181102	0.0733503	0.150358	0.023423	0.179815	0.0187106	-0.00623446	-0.0176404	-0.0221641	-0.0764918	-0.0686338	0.244225	0.111624	0.0400277	0.0153858	-0.0583517	1.01422	1.14685e-05	0.295948	0.12899	
0.167369	0.0816471	0.107399	0.023423	0.159807	0.0187106	-0.00648411	-0.0103062	-0.0221641	-0.0333331	-0.0768425	0.247958	0.099042	0.034566	0.057816	-0.0604124	1.02891	1.14685e-05	0.266374	0.107655	
0.167369	0.0758671	0.107056	0.023423	0.18885	0.00966076	-0.00606553	0.0214209	-0.0221641	-0.0262966	-0.0678517	0.247958	0.0858462	0.0341474	0.0659794	-0.0805339	0.859498	1.14685e-05	0.328785	0.104438	
0.153772	0.0758671	0.107056	0.0170895	0.169718	0.00877581	0.00286569	-0.000469549	-0.0221641	-0.0248685	-0.0677488	0.223492	0.0508036	0.0252162	0.0381953	-0.0821566	0.785221	1.14685e-05	0.346408	0.0501388	0.043292	0	
0.153772	0.0657316	0.107056	0.0170895	0.128591	0.0135713	-0.00657621	-0.011436	-0.0221641	-0.0248685	-0.0502881	0.146309	0.0566445	0.0466679	0.0222604	-0.084293	0.961464	0.00361247	0.309471	0.0925612	0.191465	
0.150853	0.0674091	0.13552	0.0170895	0.128591	0.0135713	-0.00657621	-0.0107635	-0.0197554	-0.0391409	-0.0568644	0.148684	0.092368	0.0383956	0.0267435	-0.0781575	1.49777	0.00361247	0.309471	-0.0140177	0.208692	0.0754842	-0.0289911	0	
0.0865422	0.0736797	0.152691	0.00976369	0.144856	0.0164329	-0.00657621	-0.0107635	-0.0197554	-0.0501022	-0.0532552	0.148684	0.0945242	0.0496305	0.0267435	-0.0846278	1.66785	0.00361247	0.371337	0.0783503	0.165001	0.051697	0	0.0285465	
0.0872507	0.0736797	0.152691	0.00976369	0.144856	0.0164329	-0.00657621	-0.0208834	-0.0197554	-0.0394806	-0.0587256	0.142333	0.0945242	0.0496305	0.0396444	-0.0769439	0.787791	0.00361247	0.373814	0.11984	0.161795	0.0101211	0.0587751	
