0.282341	0.226771	0.00776859	0.146774	0.13318	0.015132	0.358534	0.00593495	0.0687178	-0.00898236	0	-0.0460103	0	0	0	0	0	0	0	0	0	0	0	0	0	0	0	0	0	0	0	0	0	0	0	0	0	0	0	0	0	0	0	0	0	0	0	0	0	0	0	0	0	0	0	0	0	0	0	0	0	0	0	0	0	0	0	0	0	0	0	0	0	0	0	0	0	0	0	0	0	0	
0.282341	0.20619	0.0102753	0.129364	0.135687	0.0126253	0.318301	0.0299961	0.0712246	0.0230877	0.00250676	0.0196927	0.107971	-0.0273115	0.00250676	0.00250676	0.0357925	-0.0120026	0.00634995	0.0253596	-0.0465013	0.224837	0.00788404	0.00844171	-0.0584069	0.0252948	0.283493	0.118333	0	0.00250676	0.10334	0	0.00250676	-0.0404767	0.00455187	0.0308902	-0.0274893	0.0228184	0.0174101	-0.0387847	0.0266024	0.0682377	0.00250676	0.00250676	0.00250676	-0.0339755	0.040719	-0.0562067	
0.28267	0.20619	0.0102753	0.129364	0.136823	0.0126253	0.356056	0.0199635	0.0713593	0.00250676	0.0241847	0.0712246	0.0535703	-0.00254473	0.103637	-0.0448371	-0.0274893	0.00028194	0.00811232	-0.0128524	0.00821343	0.0174101	0.0295995	0.118615	-0.0455208	0.0273537	0.029293	0.00296841	0.0773927	0.0263195	-0.0431652	
0.279985	0.20619	0.0102753	0.206087	0.129098	0.0126253	0.356056	0.00383241	-0.0274893	0.0107982	0.075643	0.298111	-0.021242	0.0739033	0.00250676	0.0302207	0.0308049	0.0712246	-0.0233159	0.0253918	-0.0182761	-0.00451539	0.0477765	-0.0593128	0.058272	0	0.182787	
0.28017	0.242584	0.0136647	0.206087	0.129098	0.0126253	0.313859	0.00484733	-0.0264591	0.0106131	0.13335	0.207639	0.0144713	0.0752559	0	0.0500178	0.0181039	0.0822038	0.0618497	0.0151182	0	-0.0230671	0.0300594	-0.0593128	0.14972	0.0206319	-0.00680064	0.323706	
0.28017	0.260085	-0.0125168	0.258038	0.129098	0.00878342	0.307134	0.0231227	-0.021151	0.0106131	0.115181	0.186841	0.0105163	0.0456395	0.0261815	0.0500178	0.00637833	0.412094	0.0174996	0.0822038	0.0774814	-0.0276024	0.37104	-0.0147697	-0.0817118	
0.28017	0.260085	-0.0125168	0.259933	0.129098	0.0106781	0.249014	0.0075135	-0.021151	0.0106131	0.115181	0.343425	0.0774814	0.0314005	0.0261815	0.0483898	-0.00674645	0.273854	0.0174996	-0.0820664	0	0.104458	-0.0848522	0.0723451	
0.279176	0.258554	-0.0125168	0.331462	0.119077	0.0106781	0.259512	-0.000135947	-0.021151	0.0116069	0.209336	0.305429	0.060095	0.0624971	0.0261815	0.0483898	0.00278142	0.294681	0.0174996	0	-0.139723	0	0.00620165	-0.0825995	0.0657756	
0.279176	0.25829	-0.0125168	0.220277	0.119077	0.0106781	0.209204	0.000830229	-0.021151	0.0116069	0.21576	0.230802	0.123531	0.0205	0.0261815	0.0483898	-0.0328939	0.510481	-0.000774952	-0.0633758	0.0883343	0.117449	-0.0863851	0.0745035	
0.226067	0.266797	-0.00890325	0.260892	0.121084	0.0106781	0.214638	0.00349087	-0.0169827	0.0116069	0.21576	0.206444	0.123531	0.0205	0.0261815	0.0321416	-0.0354722	0.231649	-0.0076669	0.0745035	-0.137421	-0.088838	0.0167257	0.0663655	
0.210679	0.266797	-0.00890325	0.253727	0.121084	0.0106781	0.161809	-0.00304348	-0.0108637	0.21576	0.21921	0.139254	0.0315332	0.0261815	0.0368679	-0.0351524	0.0116069	0.0249646	0.0745035	-0.130256	-0.0847175	0.00523926	
0.205944	0.266612	-0.00890325	0.253727	0.121084	0.0106781	0.21648	-0.0244869	-0.0108637	0.21576	0.21921	0.106341	0.0294065	0.0261815	0.0220146	-0.0373252	0.016342	0.0420766	0.0847942	-0.107838	-0.0840192	0.0230756	0.0326097	
0.205676	0.276608	-0.0155301	0.252503	0.120696	0.0106781	0.256682	-0.0136232	-0.0108637	0.124225	0.0220146	0.00268585	0.0335217	0.0261815	0.21576	-0.0867134	0.016342	0.00928786	0.0847942	-0.151243	0.168564	0.106753	
0.209238	0.276608	0.00165028	0.221736	0.134984	0.0131449	0.223122	-0.00448754	0.124225	0.0847942	0.0220146	0.00422199	-0.0573559	0.0195507	0.21576	-0.0749472	0.016342	0.0127565	0.0732273	0	0.175195	
0.211337	0.278166	0.00741773	0.300792	0.114669	0.00758984	0.167336	-0.00448754	0.183122	0.128683	0.0847942	0.0128054	0.00867964	-0.188944	0.0137832	0.21576	-0.0887827	0.0118843	0.0154977	-0.00598603	-0.000260178	
0.167105	0.280719	-0.000478037	0.341607	0.116556	0.0139178	0.169889	0.0043155	0.166797	0.148165	0.0873476	0.00811526	0.00341788	-0.21749	0.0181895	0.20267	-0.0735916	0.0144376	0.0232223	0.039964	
0.168648	0.280719	-0.000478037	0.30479	0.116556	0.0136869	0.208523	0.0043155	0.216241	0.234817	0.0977845	0.0214231	-0.0284636	-0.204984	0.0181895	0.239995	-0.0805966	0.018465	0.0232223	0.0261781	
0.190505	0.280719	-0.000478037	0.259756	0.116556	0.0129791	0.269789	0.00607081	0.207465	0.234817	0.0977845	0.0214231	-0.0499715	-0.14142	0.0181895	0.248304	-0.0852041	0.018465	0.0232223	0.0219543	-0.0354873	0.0304987	
0.190505	0.280719	-0.000478037	0.295168	0.116556	0.0129791	0.269789	-0.00167935	0.207465	0.234817	0.0961244	0.0115868	-0.0532205	-0.159537	0.0181895	0.248304	-0.0942148	0.018465	0.038068	0.0427698	-0.0243228	
0.190505	0.280719	-0.00247684	0.275669	0.116556	0.00884472	0.269789	-0.0170263	0.2098	0.123105	0.0961244	0.0115868	-0.0448302	-0.131721	0.0158543	0.248304	-0.0817807	0.018465	0.0414913	
0.182706	0.272747	0.0199192	0.275669	0.12	0.00884472	0.410515	-0.0230907	0.226538	0.180256	0.114806	0.0115868	-0.0212059	-0.168576	0.00955707	0.298958	-0.0906444	0.018465	0.0419301	
0.176634	0.272747	0.0199192	0.233135	0.117402	0.0128001	0.318123	-0.0230907	0.194809	0.22125	0.0972981	-0.00376899	-0.0513852	-0.102395	0.00955707	0.29015	-0.0785352	0.018465	0.0462059	
0.166017	0.272747	0.0221454	0.240725	0.137334	0.0103813	0.328388	-0.0230907	0.208988	0.216863	0.0755399	0.00195875	-0.0462413	-0.108392	0.00733086	0.276051	-0.0893217	0.0232951	0.0256996	
0.17512	0.272747	0.0221454	0.205752	0.137334	0.0103813	0.294864	-0.011333	0.12267	0.254989	0.0846704	-0.00159085	-0.0500394	-0.084841	0.00733086	0.307032	-0.0932456	0.0232951	0.0314583	-0.0500367	
0.182847	0.272747	0.0220028	0.205752	0.118603	0.0103813	0.192094	-0.00913041	0.109505	0.208111	0.0685996	0.017247	-0.0826833	-0.126117	0.00732248	0.287528	-0.0903963	0.0232951	0.0314666	-0.0570406	
0.167767	0.28204	0.0184667	0.131559	0.106613	0.0104892	0.184603	-0.00913041	0.104037	0.196349	0.105631	0.0118855	-0.0723822	0.0334607	0.0108586	0.287528	-0.0943283	0.0250717	0.0279306	0	-0.00577025	
0.149697	0.259049	0.0237785	0.145676	0.106613	0.0104892	0.15525	-0.00913041	0.109348	0.173938	0.100894	0.0204959	-0.0803801	-0.081052	0.00554674	0.287528	-0.0882073	0.0330695	0.0332424	
0.142916	0.258817	0.0257736	0.145676	0.0973972	0.0104892	0.164442	-0.0107308	0.111828	0.234614	0.100894	0.0171223	-0.0586045	-0.081052	0.00306695	0.287528	-0.0795854	0.0330695	0.0154862	
0.182863	0.284031	0.0153875	0.0660484	0.0973972	0.0104892	0.188236	-0.0111429	0.101134	0.180189	0.0881828	0.0171223	-0.0735427	0.0546473	0.0105718	0.306911	-0.0826054	0.0330695	0.026627	0.191747	0	
0.192028	0.284031	0.0015628	0.014652	0.0973972	0.0104892	0.184184	-0.0136879	0.100037	0.233364	0.0881828	0.0171223	-0.0685227	0.101161	0.0105718	0.306911	-0.0867261	0.0239038	0.0293749	
0.192028	0.285502	0.0131482	0.067021	0.100248	0.00130845	0.247083	-0.0122171	0.100037	0.159518	0.0701996	-0.000412006	-0.0544866	0.0410822	0.0120426	0.330261	-0.0912438	0.0253745	0.0344858	0.086713	
0.195299	0.220169	0.00911285	0.0898787	0.100248	0.00130845	0.297085	-0.0176635	0.0991233	0.237423	0.0968178	-0.00286792	-0.0548667	0.0180017	0.0129562	0.331541	-0.0902421	0.0221042	0.0335721	
0.195299	0.220169	0.0164542	0.0989562	0.0916755	0.00318177	0.320267	-0.0249324	0.123143	0.178536	0.0906758	0.00377544	-0.0487892	0.0176332	0.00561488	0.324464	-0.0840012	0.0221042	0.0306336	
0.193968	0.220169	0.0158085	0.111229	0.0916755	0.00318177	0.336408	-0.0241509	0.10668	0.229819	0.100254	0.00377544	-0.024833	0.00165165	0.00626059	0.337949	-0.0950048	0.0234354	0.0260434	
0.193968	0.231216	0.0181961	0.0858474	0.103364	0.00354316	0.33521	-0.0355265	0.130477	0.477166	0.09	0.00341405	-0.0763057	0.0477146	0.0058992	0.337587	-0.0941053	0.023074	0.0136346	
0.196229	0.231216	0.0162026	0.187195	0.103364	0.00698403	0.289047	-0.0557689	0.216869	0.627218	0.0803267	0.00341405	-0.0237695	-0.0504904	0.0058992	0.33248	-0.0895595	0.023074	0.0444901	
0.219483	0.231216	0.0137317	0.107133	0.0941277	0.00549766	0.289768	-0.0680366	0.201807	0.532631	0.0686451	0.00341405	-0.0188609	0.0297559	0.0058992	0.33248	-0.0894141	0.023074	0.0444901	0.0298278	0	
0.205289	0.233274	0.0194448	0.0539004	0.101044	0.00363475	0.263779	-0.0637279	0.225841	0.501349	0.0616123	0.00983386	-0.0192051	0.0958245	0.000186105	0.33248	-0.0852178	0.0207192	0.0318025	0.0115442	
0.205289	0.233274	0.0113545	0.0899415	0.0940199	0.00363475	0.337935	-0.0635525	0.225841	0.588882	0.0748149	0.0101608	-0.0336	-0.000779916	0.000186105	0.33248	-0.0959956	0.0207192	0.0410528	
0.205289	0.233274	0.0393444	0.118618	0.0940199	0.00363475	0.337935	-0.0588787	0.154453	0.661668	0.0783166	0.0113577	-0.0390628	-0.0411535	-0.0125243	0.329885	-0.094055	0.0207192	0.043243	
0.206848	0.233274	0.0413507	0.121774	0.0900459	0.00363475	0.342687	-0.0623445	0.20136	0.658523	0.0783166	0.00785668	-0.0354411	0.000623646	-0.0125243	0.317402	-0.0899936	0.017606	0.0620873	0.022444	
0.209374	0.234444	0.0412227	0.12616	0.0912159	0.0164251	0.35466	-0.0611746	0.20136	0.353116	0.099672	0.00364177	-0.0522933	-0.00521454	-0.0113544	0.373313	-0.091781	0.0187759	0.0435586	0.22815	
0.208161	0.247668	0.0407592	0.0785315	0.0912159	0.0128615	0.393888	-0.0711111	0.196314	0.660433	0.0789871	-0.00824768	-0.0271164	0.0527495	-0.0101593	0.403942	-0.0880477	0.0110431	0.0512023	0.0979099	0.0433659	
0.205311	0.245175	0.0430726	0.0555323	0.0912159	0.0128615	0.378255	-0.0706982	0.234598	0.549466	0.108347	-0.00155108	-0.0487099	0.0572904	-0.0124727	0.36301	-0.0772985	0.0167343	0.0454644	-0.0381704	
0.205311	0.227754	0.0458084	0.0555323	0.0912159	0.0128615	0.273201	-0.072581	0.237333	0.412147	0.108347	-0.0171779	-0.000846337	0.110581	-0.0152085	0.36301	-0.0708263	0.0167343	0.0487386	
0.205311	0.236433	0.0448524	0.0695084	0.0920096	0.0120678	0.355236	-0.0632167	0.236377	0.624437	0.124655	-0.0119184	-0.0346083	0.0662936	-0.0134588	0.367631	-0.079894	0.017528	0.0547623	0.0703591	0.086986	0	
0.205311	0.236433	0.0448524	0.0276033	0.0920096	0.0092444	0.377721	-0.0619637	0.236377	0.693101	0.105237	-0.00500455	-0.00778942	0.0733231	-0.0134588	0.367631	-0.0751952	0.017528	0.0547623	0.0633506	0	
0.217779	0.207571	0.054821	0.081029	0.103879	0.017239	0.395461	-0.0619637	0.246346	0.988807	0.0994199	-0.000797125	-0.0512382	-0.00363101	-0.0234274	0.367631	-0.0785269	0.017528	0.053865	0.0357778	0.00859985	
0.217779	0.22058	0.0333358	0.0685539	0.0897968	0.017239	0.395461	-0.0653597	0.23477	0.295579	0.0994199	-0.00253593	-0.0356876	0.0750973	-0.0118514	0.367631	-0.0795117	0.017528	0.042289	0.0798479	
0.211526	0.191084	0.0333358	0.0518671	0.0897968	0.017239	0.395461	-0.0604124	0.212663	0.505918	0.0894743	-0.00253593	-0.0156708	0.111469	-0.0118514	0.357809	-0.0736275	0.0237811	0.0661232	0.0683018	
0.211526	0.231949	0.0333358	0.0543688	0.0972268	0.0245476	0.423682	-0.0627396	0.210209	0.728107	0.109806	-0.000907418	-0.0587139	0.0640341	-0.0107667	0.315371	-0.0703247	0.0248658	0.0554635	0.0570411	
0.211942	0.240482	0.0333358	0.0717115	0.0972268	0.0170366	0.423682	-0.0560562	0.177617	0.575026	0.109806	-0.000907418	-0.0310462	0.0578952	-0.0107667	0.315371	-0.0889693	0.0241348	0.0505573	0.0673611	0	0	
0.211942	0.240482	0.038966	0.0483765	0.0972268	0.0150367	0.423682	-0.0701417	0.180582	0.313294	0.109568	-0.000773918	-0.0209047	0.131471	-0.0137323	0.292425	-0.0896241	0.0241348	0.0334267	0.0399935	
0.199607	0.24349	0.0444242	0.0608353	0.0972268	0.0150367	0.413473	-0.0666825	0.188954	0.598144	0.109568	0.00105197	-0.0275102	0.131683	-0.0137323	0.292425	-0.0829302	0.0241348	0.0565865	0.0789789	
0.190716	0.24349	0.0411562	0.0758821	0.0972268	0.0150367	0.413473	-0.0664227	0.154877	0.598144	0.096369	0.00575418	-0.0368457	0.157929	-0.0104643	0.348657	-0.0845199	0.0241348	0.0378134	0.0567886	0.0531918	
0.165128	0.238657	0.0411562	0.107317	0.0972268	0.0200637	0.364818	-0.0664227	0.145344	0.513851	0.0961822	0.00437225	-0.00536727	0.0647136	-0.0104643	0.348657	-0.0805015	0.0241348	0.0184941	0.0355635	
0.156719	0.239919	0.031628	0.128818	0.0984894	0.0158354	0.36608	-0.0634455	0.142026	0.825794	0.0974447	0.0056348	-0.0551614	0.0249035	-0.00920179	0.34992	-0.0779622	0.0253974	0.0672431	0.036826	0	
0.156719	0.25327	0.031628	0.159784	0.0984894	0.0158354	0.425861	-0.0634455	0.142026	0.552112	0.114244	-0.0184081	-0.0420104	0.0047683	-0.00920179	0.357602	-0.085182	0.0253974	0.0638991	0.0171451	-0.0216035	0	0	
0.149173	0.25327	0.0303404	0.189824	0.0984894	0.0162272	0.4474	-0.0583022	0.140526	0.41071	0.117529	-0.0184081	-0.0174687	-0.0307526	-0.00770157	0.357602	-0.0810197	0.0253974	0.0433252	0.0495833	0.000137766	
0.149173	0.24774	0.0372391	0.15184	0.0992154	0.0155012	0.450433	-0.0575762	0.169193	0.278876	0.122361	-0.0176821	-0.033574	0.0416392	-0.0138743	0.382277	-0.0664842	0.0261234	0.0619997	0.0215998	0	
0.147343	0.248501	0.0372391	0.136603	0.107052	0.0214445	0.450433	-0.0575762	0.233519	0.496851	-0.110908	-0.0176821	-0.0141456	0.0628198	-0.0138743	0.382277	-0.0708762	0.0261234	0.0363818	0.0215998	0.136868	0.129026	
0.147343	0.248501	0.0337496	0.131085	0.090349	0.0214445	0.422733	-0.0575762	0.239315	0.293985	0.0468661	-0.00694877	-0.0496147	0.082721	-0.0138743	0.381361	-0.060042	0.0261234	0.0702094	0.0516546	0.0351246	0.0773658	
0.14781	0.251273	0.0407435	0.129684	0.0931215	0.0172713	0.437451	-0.0430126	0.257266	0.421031	-0.0629413	-0.00982962	-0.0460671	0.0975142	-0.0132594	0.384133	-0.0696054	0.0284295	0.0535711	0.0578089	0.0966744	-0.0124441	0.0968167	
0.132391	0.256441	0.0407435	0.155973	0.100272	0.0172713	0.437451	-0.046164	0.225766	0.656458	-0.0166212	-0.00158839	0.0337255	0.127465	-0.0132594	0.451051	-0.0731767	0.0284295	0.0560412	0.0714032	-0.0419974	
0.105998	0.242357	0.0407435	0.102824	0.0938138	0.0172713	0.424744	-0.0382589	0.225766	0.0138293	-0.00483306	0.0456639	0.146473	-0.0132594	0.451051	-0.0780995	0.515386	0.0462739	0.0271251	0.08465	-0.0539548	
0.106691	0.241172	0.0420421	0.0802177	0.106662	0.0161931	0.466737	-0.0356168	0.215523	0.0403797	-0.00601846	0.0461905	0.171607	-0.0144448	0.454292	-0.0807268	0.410294	0.0670797	0.0635949	0.0252462	-0.0230237	
0.0888607	0.241172	0.0383076	0.0958693	0.0937132	0.0162922	0.466737	-0.0356168	0.215523	-0.000224041	0.0461905	0.156055	-0.0144448	0.454292	-0.0805455	0.410294	0.0592069	0.0624729	0.0252462	-0.0343694	-0.00195764	
0.101958	0.241172	0.0410722	0.119221	0.0937132	0.0153453	0.466737	-0.0453137	0.213161	-0.0163094	-0.000224041	0.080848	0.175045	-0.0120823	0.454292	-0.0845596	0.388111	0.060806	0.0713952	0.0252462	
0.101958	0.234635	0.0410722	0.117902	0.0937132	0.0153453	0.466737	-0.0484883	0.213161	0.00361096	-0.000224041	0.0468156	0.176365	-0.0120823	0.454292	-0.0856211	0.56471	0.0644643	0.0580322	0.0252462	0	
0.106077	0.234635	0.0410722	0.0825202	0.0937132	0.0153453	0.400049	-0.0484883	0.213161	0.00211025	-0.000224041	0.0468156	0.211746	-0.0120823	0.454292	-0.0813712	0.890619	0.0621226	0.0672737	0.021127	
0.104375	0.214171	0.0361304	0.0964508	0.113278	0.0153453	0.400049	-0.0514302	0.00248046	-0.00288516	0.0453332	0.225776	-0.0142733	0.454292	-0.0798205	0.19828	0.0643137	0.0672737	0.0228297	0.0381751	
0.123436	0.215439	0.0405649	0.138768	0.124522	0.0153453	0.275634	-0.0514302	0.0228297	-0.0369399	-0.00580782	0.0217816	0.131594	-0.0105035	0.454292	-0.0777798	0.194511	0.0640476	0.0627221	
0.101304	0.24015	0.0405649	0.15939	0.111178	0.0173748	0.330936	-0.0581972	0.0228297	-0.00176565	-0.00204346	0.0583251	0.032094	-0.0105035	0.454292	-0.0846125	0.194511	0.075171	0.0608079	-0.154366	0.0621401	
0.104327	0.233262	0.0458859	0.198354	0.105318	0.0173748	0.368986	-0.0502059	0.0198059	0.0153063	0.000418077	0.0647139	0.0666186	-0.0158246	0.429028	-0.0767474	0.250857	0.062116	0.0646856	0	0.00696837	
0.106251	0.233262	0.0462967	0.152662	0.105318	0.0173748	0.40203	-0.0394314	0.0203573	0.0163276	-0.0100126	0.0260846	0.0817526	-0.0162354	0.429028	-0.0844758	0.231475	0.0625269	0.0693124	-0.048141	
0.106251	0.234228	0.0425623	0.109832	0.0967068	0.00535574	0.402997	-0.0525235	0.0213238	0.0012081	0.00429433	0.0855404	0.113529	-0.0158223	0.418716	-0.057253	0.232029	0.0630802	0.0450039	0.0574809	
0.109476	0.234228	0.0425623	0.123766	0.0666312	0.0118827	0.391639	-0.0398	0.0180984	-0.00626364	-0.00713787	0.0681052	0.0176528	-0.0158223	0.411627	-0.0515843	0.233315	0.0816569	0.0624262	0.0508178	-0.0269125	0	
0.127264	0.217121	0.0425623	0.199132	0.0666312	0.0118827	0.391639	-0.0452607	0.0180984	0.041575	0.00310281	0.0397918	-0.0517763	-0.0158223	0.411627	-0.0556403	0.236599	0.0605073	0.0536875	0.109333	
0.118603	0.217121	0.0425623	0.199132	0.0666312	0.0118827	0.365813	-0.0450075	0.0180984	0.0341315	0.00310281	0.0626597	-0.0823638	-0.0158223	0.411627	-0.0621138	0.207464	0.0540123	0.0536875	0.109333	
0.136789	0.21651	0.0444489	0.235557	0.0791875	0.0115816	0.376364	-0.0426766	0.0183996	0.0230165	-0.00367086	0.0489458	-0.0908047	-0.0174077	0.411928	-0.0593497	0.209351	0.0583781	0.0748694	0.109634	0.0570412	
0.155116	0.226747	0.0444489	0.188158	0.0791875	0.0115816	0.376364	-0.0449693	0.0183996	0.00933056	-0.00947939	0.017049	-0.0546405	-0.0174077	0.411928	-0.0642678	0.209351	0.0524011	0.0426505	0.0730658	0	
0.154453	0.240792	0.0428074	0.155055	0.0791875	0.0185928	0.404661	-0.0452662	0.019062	0.00780355	-0.00947939	0.038505	-0.0142476	-0.0157662	0.411928	-0.0661269	0.207709	0.0516954	0.0628292	0.056663	-0.00635636	-0.00852505	-0.0184553	
0.137856	0.22045	0.0428074	0.152468	0.0791875	0.0160052	0.404661	-0.0431074	0.0193313	0.00297059	0.00156404	0.0711697	-0.0315935	-0.0157662	0.404154	-0.0709422	0.207709	0.0426783	0.0576929	0.0792931	0	
0.0805639	0.206529	0.0473921	0.0683003	0.0791875	0.0130608	0.439389	-0.0431074	0.0205602	-0.0483831	0.00726055	0.0711697	0.0766652	-0.0203509	0.401309	-0.0713919	0.212294	0.0689385	0.0576929	0.0792931	0.0620444	
0.0737626	0.206529	0.0551622	0.0683003	0.0791875	0.0130608	0.457976	-0.0400823	0.0212919	-0.047361	0.00726055	0.0600356	0.0766652	-0.0203509	0.401309	-0.078981	0.212294	0.0631689	0.0506616	0.0525746	
0.0737626	0.216664	0.056849	0.115131	0.0791875	0.0165548	0.441439	-0.0392469	0.0212919	-0.0376116	0.00563021	0.0600356	0.0348267	-0.0220377	0.42605	-0.071087	0.213981	0.0883351	0.0653608	0.050475	
0.0798158	0.218886	0.056849	0.115131	0.0814095	0.0143329	0.439368	-0.0370249	0.0253383	-0.0309349	-0.00420974	0.0570222	-0.00498867	-0.0198158	0.470247	-0.0549117	0.213981	0.0883351	0.0675828	0.0299357	0	
0.0798158	0.218886	0.056849	0.116717	0.0814095	0.0186485	0.431239	-0.0379471	0.0253383	-0.0309349	-0.00635113	0.020846	0.0234337	-0.0198158	0.404531	-0.0729438	0.213981	0.0660117	0.0675828	0.0291333	0	
0.103147	0.234343	0.0568774	0.111448	0.0813572	0.00813442	0.422359	-0.0379471	0.0276433	-0.0335813	-0.00635113	0.0529279	-0.00351555	-0.0198158	0.404531	-0.0729438	0.215037	0.06408	0.0657732	0.0449452	-0.0121981	0	0	
0.103826	0.23302	0.053514	0.121802	0.0828849	0.00813442	0.422359	-0.0468051	0.0276433	-0.0132058	-0.00635113	0.0270203	-0.0100503	-0.0164524	0.376508	-0.0780301	0.211674	0.0749377	0.0657732	0.0449452	
0.103826	0.220667	0.0478749	0.0933495	0.0843862	0.00663306	0.42386	-0.0521686	0.0291446	-0.0225474	0.0108549	0.0321488	0.0207566	-0.0137764	0.412417	-0.0757259	0.210499	0.0737631	0.0873693	0.0467435	0	
0.103826	0.22327	0.0526525	0.106588	0.0836159	0.00699129	0.42386	-0.0414949	0.0291446	-0.0546368	0.0108549	0.0476687	0.0468858	-0.0137764	0.412417	-0.0704271	0.187194	0.0477783	0.0670845	0.022677	0.0759715	0	
0.103826	0.228136	0.0526525	0.106588	0.0738572	0.00699129	0.386109	-0.0414949	0.0291446	-0.0354275	0.0108549	0.0380355	0.0427266	-0.0137764	0.412417	-0.0553404	0.187194	0.0565265	0.0655122	0.0325906	
0.103128	0.228136	0.0379713	0.0676386	0.0752542	0.0109803	0.394861	-0.0407374	0.0285185	-0.0223781	0.0108549	0.054888	0.0786665	-0.0137764	0.412417	-0.0640994	0.190575	0.0551194	0.0655122	0.0277023	0.0972508	
0.0847955	0.228136	0.0346168	0.101813	0.0801868	0.0109803	0.426947	-0.0389253	0.0285185	-0.0172099	0.0010604	0.054888	-0.000935635	-0.0137764	0.442697	-0.0844523	0.184735	0.072261	0.0655122	0.0277023	-0.0187885	
0.102751	0.227388	0.0446441	0.103049	0.0694264	0.0117289	0.390273	-0.0433456	0.0263486	-0.0157885	0.0133413	0.0193875	0.0380981	-0.0106406	0.441949	-0.0774245	0.180851	0.0453504	0.0647637	0.0409972	
0.103939	0.227388	0.0501747	0.0729083	0.0699735	0.0141445	0.390273	-0.0387075	0.0251602	-0.0383029	0.0133413	0.041129	0.0258768	-0.0161712	0.441949	-0.0816897	0.186381	0.0644469	0.0652079	0.0409972	0	
0.110906	0.227388	0.0455634	0.0729083	0.0699735	0.0141445	0.371936	-0.0302072	0.0181937	-0.0330193	0.0133413	0.0383273	0.0258768	-0.0166844	0.464978	-0.0799756	0.186895	0.0525992	0.0808837	0.0269313	-0.0131428	-0.023779	
0.110906	0.227388	0.0463006	0.0664115	0.0766197	0.0141445	0.371936	-0.0316652	0.0181937	-0.040071	0.0133413	0.0383273	0.0832709	-0.0166844	0.464978	-0.0767937	0.168471	0.0525992	0.0808837	0.0299849	0.0188744	0.0983412	0.0344884	0	
0.110906	0.227388	0.0473356	0.0583191	0.0897757	0.0141445	0.371936	-0.0413072	0.0181937	-0.0245877	0.0112579	0.0547558	0.0857055	-0.0166844	0.523005	-0.0847609	0.168471	0.0638091	0.0867294	0.0429593	0	0.0445502	0.046232	
0.110906	0.245458	0.0473356	0.0300985	0.0897757	0.0141445	0.371936	-0.04046	0.0181937	-0.0112661	-6.03387e-05	0.0609417	0.122553	-0.0166844	0.523005	-0.0728619	0.151341	0.0646512	0.0651216	0.0429593	0.1689	0.041326	
0.112755	0.245458	0.0465868	0.0267698	0.0897757	0.0111159	0.371936	-0.04046	0.0192743	0.00218772	0.00763115	0.040888	0.122853	-0.0166844	0.492098	-0.077078	0.15598	0.0463252	0.0775159	0.0202552	0.114109	
0.112755	0.245458	0.0465868	0.0557445	0.0897757	0.015267	0.261786	-0.0461681	0.0192743	-0.0313326	0.00763115	0.0401996	0.0980295	-0.0166844	0.492098	-0.0786754	0.15598	0.0697241	0.0527355	0.0534264	
0.112755	0.245458	0.0465868	0.0350141	0.0764969	0.015267	0.296317	-0.0458316	0.0192743	-0.023685	0.00763115	0.102049	0.165906	-0.0166844	0.508475	-0.0839141	0.14255	0.0562504	0.0552669	0.0608848	0.0416104	
0.135084	0.245954	0.0465868	0.0609053	0.0786369	0.0147719	0.296812	-0.0460642	0.0201282	-0.02615	0.00579868	0.0531542	0.138563	-0.0161894	0.50897	-0.0803628	0.165484	0.0562504	0.0537424	0.0613799	0	
0.0995596	0.245954	0.0536863	0.0533224	0.0786369	0.0147719	0.274919	-0.0553878	0.0212366	-0.0272584	-0.00618874	0.0531542	0.146146	-0.0161894	0.50897	-0.0802137	0.124152	0.0695806	0.0705895	0.0705888	
0.111395	0.24722	0.0535913	0.0434567	0.0786369	0.0131581	0.274919	-0.0586229	0.0212366	-0.0161737	0.002704	0.0639144	0.160112	-0.0160944	0.516398	-0.0648408	0.124057	0.0402881	0.0703292	0.0705888	0	
0.11896	0.249734	0.0433554	0.0918251	0.0811516	0.0106433	0.277433	-0.0561081	0.0161866	-0.0246301	0.00521876	0.0664292	0.136451	-0.0104986	0.518913	-0.0679133	0.120976	0.0378976	0.102124	0.0731036	0	0	-0.0262291	
0.11896	0.270126	0.0403431	0.0996181	0.0811516	0.0106433	0.251405	-0.0530106	0.0161866	-0.00553971	0.00521876	0.0643543	0.184844	-0.0124642	0.571182	-0.0800756	0.117845	0.0398632	0.0803167	0.0683489	0	-0.00150742	
0.107653	0.28278	0.0527775	0.0807096	0.100653	0.0106433	0.296613	-0.0530106	0.0161866	0.0241891	0.00521876	0.0474463	0.106748	-0.0124642	0.551205	-0.0729747	0.114817	0.0588552	0.0803167	0.0463513	0	0.0587322	
0.100492	0.278358	0.0527775	0.0806219	0.105535	0.0208	0.273026	-0.0604223	0.0161866	0.0241891	-0.00499257	0.049559	0.140089	-0.0124642	0.551205	-0.0830504	0.115101	0.0588552	0.0803167	0.030296	0.00433473	0	
0.0874732	0.254887	0.0445823	0.132315	0.100191	0.0258521	0.273026	-0.0559053	0.014082	-0.0185499	0.000696218	0.0728734	0.0652549	-0.00210173	0.551205	-0.0674916	0.114327	0.0387072	0.0922053	0.0374403	0.0125853	-0.0182634	0	
0.0874732	0.242807	0.0461372	0.0321266	0.100191	0.0253503	0.262732	-0.0559053	0.014082	-0.0392163	-0.00750244	0.0570663	0.172639	-0.00296798	0.551205	-0.0672812	0.176037	0.0342884	0.0922053	0.0374403	0.00997158	
0.098903	0.242807	0.0338006	0.0740368	0.103756	0.0170713	0.344218	-0.0559525	0.014082	-0.00808724	0.00830538	0.0732934	0.0414014	-0.00296798	0.551205	-0.046639	0.176037	0.0758156	0.0922053	0.0362604	0.000215263	0.0412084	0	
0.098903	0.242807	0.0384643	0.0802096	0.103756	0.0170713	0.383075	-0.0559525	0.014082	0.012397	-0.00960542	0.0715957	0.1242	-0.00296798	0.5131	-0.0705995	0.176037	0.0722676	0.0922053	0.0362604	0.00529619	
0.108456	0.212587	0.0384643	0.0271983	0.103756	0.0170713	0.383075	-0.0488669	0.014082	-0.0162164	0.00479727	0.0783304	0.161049	-0.00296798	0.554462	-0.0666914	0.164122	0.0560831	0.0823621	0.0352866	0.00850589	0.000878169	-0.0214163	
0.107778	0.249064	0.0377027	0.0718175	0.111191	0.0170713	0.430684	-0.0531629	0.014082	0.00500993	0.0091053	0.100183	0.119397	-0.00220641	0.531454	-0.0453219	0.16336	0.0574592	0.0801442	0.0352866	0.00850589	0.131046	
0.104184	0.229086	0.0377027	0.149664	0.100038	0.0153348	0.43242	-0.0514264	0.0161096	-0.0213534	0.0108418	0.0651173	0.0276451	-0.000469865	0.53319	-0.0555133	0.166338	0.054807	0.0818807	0.0370232	-0.00445224	0.119287	0.0391559	0	0	
0.104184	0.23962	0.0361614	0.143159	0.117614	0.0153348	0.342468	-0.0514264	0.0161096	-0.0213534	0.00356416	0.0442748	0.052583	-0.000469865	0.53319	-0.051692	0.166338	0.0526838	0.0641895	0.0720045	-0.00445224	0.199032	0.052799	0.0525132	
0.0972633	0.226101	0.0403966	0.105689	0.117614	0.0153348	0.292876	-0.0485007	0.0161096	-0.0162665	0.00195512	0.0552346	0.102661	-0.00470501	0.53319	-0.0588262	0.170573	0.07504	0.0303419	0.0720045	-0.00445224	0.156805	0.127068	0.0525132	0	0	
0.0961909	0.226248	0.0389046	0.0859908	0.117761	0.0160295	0.275463	-0.0461176	0.0173291	0.00893533	0.0110318	0.0418669	0.123201	-0.00306601	0.533337	-0.0627816	0.169081	0.0266356	0.0373907	0.0595726	-0.00430518	0.153341	0.120166	0.30836	7.47653e-05	
0.0961909	0.226248	0.039214	0.106592	0.113404	0.0162073	0.248769	-0.0483039	0.0173291	-0.0207273	0.0120039	0.0325518	0.164369	-0.00146192	0.533337	-0.0626546	0.199337	0.0406134	0.0373907	0.0595726	-0.00430518	0.179729	0.120166	0.30836	
0.0894168	0.22638	0.0442985	0.145376	0.113537	0.0314743	0.236942	-0.0593337	0.0180665	-0.0106395	0.00552182	0.0438215	0.163212	-0.00132928	0.53347	-0.0592546	0.199337	0.0859501	0.0649337	0.0597052	0.00206191	0.170108	0.0955293	0.275311	0	
0.0898485	0.22638	0.0424472	0.145376	0.113537	0.0314743	0.236942	-0.0593337	0.0176348	-0.0327217	0.00552182	0.0438215	0.163212	-0.00132928	0.53347	-0.053405	0.199337	0.0663875	0.151108	0.0742395	0.0117907	0.18155	0.0049045	0.275311	
0.0654453	0.215036	0.0327979	0.145376	0.113537	0.0314743	0.185554	-0.0531115	0.0176348	-0.0430644	0.00552182	0.0727857	0.163212	-0.00132928	0.53347	-0.0564205	0.199337	0.0663875	0.0984445	0.0742395	0.00565676	0.112407	0.057568	0.275311	-0.029632	
0.0683548	0.202926	0.0354647	0.165925	0.113537	0.0315449	0.185554	-0.0522066	0.0214669	-0.0468965	0.00552182	0.0727857	0.142733	-0.00399609	0.53347	-0.0356377	0.189908	0.0571459	0.0984445	0.0568143	-0.000304784	0.123501	0.057568	0.361635	
0.0776488	0.254678	0.0329691	0.124399	0.113537	0.0341573	0.185554	-0.0522066	0.0192481	-0.0446777	0.00552182	0.0727857	0.186871	-0.00150044	0.520841	-0.0441103	0.16698	0.0798288	0.0802699	0.0568143	-0.000304784	0.12572	0.0792746	0.359624	-0.0810055	0	0.00221876	
0.0765684	0.254678	0.0344107	0.146422	0.113537	0.0335157	0.219799	-0.0528157	0.0203285	-0.0453037	-0.00554822	0.041563	0.187683	-0.00150044	0.540392	-0.0620714	0.16698	0.0847447	0.0802699	0.0568143	-0.000304784	0.174813	0.0357213	0.408672	0.0344579	-0.00426228	
0.0765684	0.239279	0.0418344	0.145699	0.113537	0.0327921	0.22442	-0.0554879	0.0203285	-0.0102669	0.0183432	0.0602071	0.267449	-0.00443049	0.540392	-0.0538704	0.16991	0.103032	0.0836852	0.0568143	0.00681307	0.138405	0.0323059	0.408672	-0.0189823	0.0247544	
0.0765684	0.239279	0.0385685	0.168059	0.113537	0.0327921	0.19034	-0.0497127	0.0203285	0.00138012	0.0178068	0.060788	0.141731	-0.00443049	0.540392	-0.063526	0.190845	0.0904345	0.0839075	0.0568143	0.0146636	0.138405	0.0484727	0.450312	0	
0.0765684	0.308052	0.0413506	0.15447	0.113537	0.0286403	0.19034	-0.0520432	0.0203285	-0.0577307	0.00803522	0.060788	0.0963771	-0.00721254	0.505498	-0.0620527	0.218549	0.0932165	0.0549938	0.0568143	0.0197359	0.138405	0.0773864	0.40567	-0.0390668	
0.0765684	0.308052	0.0389673	0.168835	0.113537	0.0286403	0.215609	-0.0520432	0.0203285	-0.0472258	0.00803522	0.0369263	0.0798083	-0.00990901	0.51568	-0.0718683	0.221245	0.095913	0.0316921	0.077556	0.0197359	0.131178	0.109781	0.40567	-0.0302474	
0.0747676	0.296801	0.0390817	0.113554	0.113537	0.0286403	0.179123	-0.0467499	0.0221293	-0.0288724	0.00723059	0.0585378	0.140778	-0.00990901	0.51568	-0.06466	0.232195	0.0980102	0.0373324	0.0694804	0.0197359	0.129378	0.110236	0.483071	
0.0762073	0.296801	0.0435558	0.101364	0.113537	0.0286403	0.179123	-0.0467499	0.0221293	0.00961939	0.00723059	0.0585378	0.152969	-0.0143831	0.539655	-0.0452473	0.246249	0.0820853	0.0373324	0.0577495	0.0197359	0.129378	0.0776338	0.513858	
0.0654114	0.296801	0.0435558	0.09052	0.128803	0.0286403	0.0986901	-0.0447528	0.0221293	-0.0226664	0.00407391	0.0691304	0.292227	-0.0143831	0.553061	-0.0677436	0.292996	0.0986563	0.0497799	0.063662	0.0239268	0.130012	0.0651863	0.513858	-0.0106624	
0.0770506	0.296406	0.0473933	0.0530098	0.128408	0.0245443	0.166463	-0.0238422	0.0217346	-0.00800233	0.00367917	0.0382434	0.315801	-0.00974266	0.552667	-0.0725097	0.287961	0.0936211	0.0324539	0.0876677	0.023532	0.136127	0.0821175	0.639573	0	0.0456663	
0.0830949	0.296406	0.0501347	0.0529744	0.128408	0.0245443	0.155791	-0.0374824	0.0217346	-0.0371019	0.0106179	0.036139	0.315837	-0.012484	0.552667	-0.0764631	0.27602	0.0963625	0.0572	0.0876677	0.023532	0.198042	0.0573714	0.639573	0.160685	
0.0556658	0.232432	0.0451581	0.0516166	0.116161	0.0245443	0.18286	-0.0271305	0.0217346	-0.0196104	0.00697447	0.0302286	0.317194	-0.00750748	0.552667	-0.0746757	0.283708	0.0913859	0.0783983	0.0683578	0.023532	0.250191	0	0.639573	0.0470486	
0.0556658	0.232432	0.0451581	0.0756759	0.110462	0.0245443	0.179895	-0.0369288	0.0217346	-0.00157022	-0.00496373	0.0958363	0.293135	-0.00750748	0.5743	-0.0578622	0.283708	0.0964976	0.113266	0.078249	0.023532	0.552667	-0.0252784	0.250191	
0.0556658	0.232432	0.0451581	0.0652544	0.114667	0.0245443	0.179895	-0.0499874	0.0217346	-0.0332581	0.00657429	0.049674	0.339781	-0.00750748	0.5743	-0.0474456	0.283708	0.0964976	0.119861	0.0902292	0.032338	0.601896	-0.0128778	0.247422	
0.0861922	0.232432	0.0451581	0.089149	0.114667	0.0245443	0.218413	-0.0374093	0.0217346	-0.0203257	0.00657429	0.049674	0.299211	-0.00750748	0.624342	-0.0652257	0.259572	0.100437	0.129882	0.0902292	0.032338	0.00610908	0.150599	0.533744	0.0107055	-0.0311974	
0.085231	0.232432	0.0491745	0.103472	0.114667	0.0113636	0.157881	-0.0426074	0.0226958	-0.00251545	0.00657429	0.0483212	0.268261	-0.0115239	0.624342	-0.0639819	0.263588	0.152101	0.129882	0.0789633	0.032338	0.161448	0.548956	
0.0472577	0.277004	0.0491745	0.115909	0.114548	0.0239197	0.127916	-0.045849	0.0225768	-0.041855	0.00645527	0.0463542	0.349991	-0.0116429	0.646008	-0.0690451	0.263588	0.130463	0.125274	0.0322189	0.144949	0.548837	0.0577654	
0.0667112	0.252525	0.0420164	0.0549609	0.111863	0.0203952	0.1272	-0.0344144	0.0225768	-0.0204786	0.00345098	0.0463542	0.407415	-0.0116429	0.646008	-0.0735082	0.237222	0.125512	0.125274	0.026678	0.144949	0.539394	0.066619	0.0510616	-0.0135737	0	
0.0678786	0.262376	0.0420164	0.0513335	0.11355	0.0187083	0.163255	-0.040368	0.0230962	-0.0176266	0.00594945	0.062652	0.411043	-0.00995602	0.546627	-0.0692553	0.241419	0.125512	0.121119	0.0273685	0.151758	0.541081	0.0594264	0	0	
0.0581555	0.262376	0.0420164	0.110428	0.11355	0.0187083	0.228601	-0.040368	0.0228944	-0.0162837	0.00594945	0.0767872	0.351948	-0.00995602	0.546627	-0.0646307	0.212957	0.108654	0.121119	0.0166647	0.147066	0.541081	0.039134	0	0.0382412	0.0812682	
0.0581555	0.262376	0.0461675	0.147012	0.112182	0.0187083	0.167127	-0.0493533	0.0228944	-0.0187651	0.0166912	0.0472265	0.315365	-0.00995602	0.546627	-0.0772369	0.212957	0.108654	0.121119	0.0166647	0.177127	0.541081	0.039134	0.040156	0.00725915	
0.0543068	0.262376	0.0461675	0.104509	0.105496	0.0211041	0.182282	-0.0493533	0.0267431	-0.0610082	0.0145054	0.0496741	0.41169	-0.00995602	0.546627	-0.074437	0.212957	0.0958361	0.121119	0.0122524	0.133406	0.541081	0.0453801	0	
0.0443069	0.238401	0.0450154	0.105822	0.0690823	0.0220681	0.276941	-0.038015	0.0270923	-0.0341921	0.0148546	0.0500234	0.41169	-0.00839672	0.546976	-0.0646089	0.211747	0.121892	0.121469	0.00609374	0.15637	0.54143	0.0457294	0	0.0121761	
0.0603588	0.238401	0.0450154	0.147873	0.0690823	0.0220681	0.236943	-0.0419722	0.0270923	-0.0361708	0.0102835	0.0628165	0.432215	-0.00839672	0.546976	-0.062413	0.211747	0.107335	0.121469	0.142101	0.54143	0.0457294	
0.0428053	0.275307	0.0512174	0.153264	0.0626527	0.0284243	0.236943	-0.0387563	0.0292823	-0.0480356	0.0108527	0.0253971	0.433179	-0.00839672	0.546976	-0.0705332	0.211747	0.107335	0.138439	0.0457294	0.54143	0.139911	-0.0118228	
0.0512997	0.275307	0.0533136	0.137847	0.062435	0.0318635	0.236943	-0.0419772	0.0292823	-0.00827211	0.00474669	0.0612339	0.452035	-0.0104929	0.602355	-0.0667372	0.213843	0.122692	0.138439	0.0554818	0.54143	0.129853	-0.0223808	
0.0512997	0.260872	0.0570589	0.172673	0.0648237	0.0186032	0.236943	-0.0255904	0.0456691	-0.00248683	0.00474669	0.0717449	0.420336	0.00589387	0.543568	-0.0740052	0.213843	0.131516	0.138049	0.0554818	0.557817	0.116783	0.0163868	
0.0512997	0.260872	0.0393627	0.171216	0.0648237	0.0156364	0.236943	-0.0419773	0.0456691	0.00692043	-0.000399302	0.0704743	0.423951	0.0119252	0.543568	-0.0629812	0.219372	0.157714	0.133232	0.0554818	0.557817	0.0921826	0.0163868	-0.019432	0	
0.0427343	0.260872	0.0343393	0.162762	0.0662042	0.0158125	0.364043	-0.053681	0.0419131	0.0242453	0.00282466	0.0621064	0.432406	0.0117492	0.543568	-0.0678848	0.229078	0.161154	0.133232	0.0574441	0.557641	0.116593	0.0162107	
0.0811724	0.281981	0.0464287	0.229844	0.0744486	0.0142239	0.274186	-0.0550616	0.0419131	-0.00659981	0.0213465	0.0679748	0.336505	0.0117492	0.487709	-0.0658461	0.195898	0.163323	0.133232	0.0730295	0.557641	0.116593	0.0162107	
0.0679421	0.29121	0.0504025	0.166447	0.0744486	0.0132053	0.269963	-0.0568333	0.0429316	0.00547244	0.0213465	0.0357081	0.587269	0.00879397	0.502667	-0.0626998	0.203775	0.184668	0.124218	0.0730295	0.55866	0.107738	0.0172293	0.00979989	0.00722552	0	
0.0641386	0.291336	0.0534986	0.0854589	0.0745749	0.0158137	0.135516	-0.0527633	0.0403233	0.0104859	0.0196922	0.0274834	0.615517	0.00329983	0.502793	-0.0683163	0.183454	0.187554	0.124344	0.0757698	0.556051	0.114411	0.0144946	0	0	
0.0714443	0.281948	0.0437759	0.121693	0.0745749	0.0125718	0.156156	-0.0506272	0.0437129	0.0176826	0.0196922	0.0274834	0.612275	0.00600059	0.369262	-0.0672275	0.180753	0.174744	0.124344	0.0744631	0.556051	0.129402	0.0144946	0.0515505	
0.06632	0.281948	0.0437759	-0.478939	0.0745749	0.0125718	0.156156	-0.0542706	0.0437129	-0.0370462	0.0116901	0.0428597	0.612275	0.00600059	0.369262	-0.068313	0.164852	0.214292	0.124344	0.0744631	0.556051	0.0852222	0.0144946	
0.06632	0.29144	0.0494989	-0.51307	0.0768651	0.0125718	0.155986	-0.0536798	0.0437129	-0.0197017	0.0192542	0.0474477	0.612275	0.000277551	0.384357	-0.0721413	0.195243	0.218366	0.125596	0.0601536	0.556051	0.140967	0.0122044	0	
0.0574353	0.297761	0.0447854	-0.51307	0.0640402	0.00272367	0.203962	-0.0536798	0.0331745	-0.00291316	0.0226144	0.054478	0.602427	0.00499114	0.384357	-0.0721413	0.19053	0.213653	0.0616553	0.0598895	0.556051	0.0996824	0.0122044	0.063941	
0.0465919	0.295097	0.0393032	-0.496653	0.0854942	0.00912721	0.203962	-0.0478209	0.0232973	-0.0130748	0.0175694	0.0225972	0.603277	0.00390576	0.303175	-0.0648308	0.185047	0.17008	0.0510169	0.0598895	0.549484	0.132747	0.00563678	0.0745794	0	
0.0654909	0.27071	0.0433827	-0.448265	0.0854942	0.00912721	0.204114	-0.0470445	0.0237187	-0.00151368	0.0175694	0.0490227	0.603277	0.00390576	0.319862	-0.0672981	0.185047	0.17008	0.065392	0.0372893	0.549484	0.172995	0.00563678	0.0910673	0	
0.0710604	0.27071	0.045551	-0.519077	0.0854942	0.0123149	0.234743	-0.0511646	0.020531	-0.0268127	0.0162081	0.0546482	0.581898	0.000718074	0.369743	-0.0602933	0.185047	0.192044	0.073048	0.0552811	0.546296	0.104709	0.00244909	0.0805532	
0.0631875	0.277833	0.0443607	-0.443435	0.0854942	0.0133647	0.315588	-0.051173	0.020531	0.00274878	0.0229976	0.0863509	0.527256	0.00190841	0.281671	-0.0602933	0.196878	0.190854	0.0747814	0.0506149	0.579878	0.111687	0.00244909	0.0760916	
0.0643937	0.284413	0.0443607	-0.472177	0.0854942	0.0174408	0.315588	-0.0471778	0.020531	-0.00139108	0.0255168	0.0351503	0.531332	0.00190841	0.30565	-0.0743191	0.196878	0.190854	0.0701772	0.0506149	0.579878	0.137713	0.00244909	0.0806958	0.0219712	
0.0643937	0.29364	0.0399097	0.0620781	0.0854942	0.011514	0.237178	-0.0471778	0.0264578	0.00325059	0.0281582	0.0463484	0.517428	0.00783527	0.30565	-0.0691147	0.196878	0.190854	0.0701379	0.0506149	0.585805	0.126422	0.00837595	0.0807351	0	
0.0643937	0.264657	0.05013	0.0592521	0.0837276	0.011514	0.235411	-0.0489444	0.0264578	0.000920707	0.0263915	0.0445817	0.621952	-0.00238505	0.391781	-0.0759093	0.227513	0.201388	0.103305	0.0440837	0.585805	0.0892209	0.0101426	0.0458009	0	
0.0691431	0.269697	0.0544298	0.11009	0.0837276	0.0109934	0.302906	-0.0489444	0.0294453	0.0143343	0.0263915	0.089041	0.564685	-0.0019167	0.391781	-0.0633804	0.213883	0.154262	0.0914512	0.0474758	0.586273	0.0867018	0.010611	0.0576551	
0.0691431	0.302032	0.0326425	0.0762523	0.0837276	0.0109934	0.282015	-0.0501579	0.0294453	0.00937977	0.0149131	0.0430112	0.488433	0.00661321	0.391781	-0.0699941	0.223268	0.130424	0.0851058	0.0515721	0.586273	0.143181	0.010611	0.0799426	
0.0601567	0.302032	0.0340305	0.157845	0.0837276	0.0182082	0.247826	-0.0386195	0.0294666	0.00182741	0.0193749	0.04383	0.407287	0.0052465	0.38806	-0.075585	0.224656	0.131812	0.0851058	0.019971	0.59689	0.143181	0.0106323	0.0799426	0.00934297	0	0	
0.0633011	0.286724	0.0567425	0.181118	0.0837276	0.0153524	0.117822	-0.0386868	0.0263223	-0.00554529	0.0155754	0.0755289	0.369866	0.00267417	0.38806	-0.065737	0.227228	0.128578	0.0625596	0.019971	0.59689	0.181559	0.0106323	0.115254	0.0679721	
0.0687458	0.266749	0.0496298	0.165225	0.0836367	0.0139161	0.151162	-0.0393928	0.0277586	-0.0154171	0.0154846	0.0655427	0.512666	0.00411055	0.387969	-0.0732343	0.227228	0.120461	0.0814211	0.0198802	0.598326	0.157554	0.0121595	0.087547	
0.0676651	0.269271	0.0496298	0.135655	0.0854936	0.0174187	0.127066	-0.0445869	0.0277586	0.00588015	0.0233674	0.0680649	0.394506	0.00411055	0.390492	-0.0723097	0.178382	0.104492	0.0851593	0.0667619	0.577637	0.12367	0.00963728	0.0894595	
0.0879143	0.225458	0.0539325	0.137213	0.0674271	0.00912623	0.180762	-0.0399938	0.0277586	-0.0208256	0.0228848	0.0556602	0.521868	0.00487824	0.354771	-0.0633371	0.170026	0.112443	0.0966733	0.0545182	0.577637	0.134125	0.00943971	0.0781431	
0.0614508	0.225458	0.0543789	-0.384655	0.0674271	0.0142427	0.172393	-0.0380998	0.0277586	-0.0116726	0.0246768	0.0855828	0.526985	0.00487824	0.354771	-0.0670312	0.166511	0.112443	0.112652	0.0547419	0.577637	0.164596	0.00943971	0.0196955	0.0284789	
0.0614508	0.24642	0.0550031	-0.38111	0.0674271	0.0142427	0.174604	-0.0453808	0.0277586	-0.0163505	0.00999215	0.101314	0.553192	0.00425407	0.354771	-0.069097	0.159672	0.0633698	0.112823	0.0484034	0.577637	0.134613	0.00943971	0.029114	
0.0810671	0.261577	0.0599536	-0.406593	0.0674271	0.0195279	0.131185	-0.0375407	0.0277586	0.0105708	0.00999215	0.0964017	0.584254	-0.000696501	0.330484	-0.065929	0.164623	0.0747096	0.112823	0.0629687	0.601186	0.202142	0.00943971	0.0317909	
0.0787138	0.261577	0.0585614	-0.403003	0.0777442	0.0194423	0.19005	-0.0461417	0.0278442	0.0136708	0.00999215	0.0979695	0.584254	-0.00061097	0.413341	-0.0539003	0.168381	0.0744208	0.112823	0.0530811	0.601272	0.119534	0.00952524	0.0265475	0.032757	0	
0.10024	0.238758	0.0585614	-0.433211	0.0777442	0.0180482	0.114524	-0.0416428	0.0266901	0.0123817	0.00999215	0.0778513	0.58286	-0.00061097	0.419092	-0.0632993	0.168381	0.102806	0.119959	0.0530811	0.601272	0.120688	0.00952524	0.0194117	
0.10024	0.238758	0.0527665	-0.490107	0.0777442	0.0180482	0.168362	-0.031819	0.0266901	0.00269765	0.0105977	0.0902084	0.58286	0.00518394	0.414824	-0.06656	0.162586	0.0970109	0.119959	0.0422543	0.601272	0.156927	0.00952524	0.0173957	0.0774585	0.0172974	
0.135763	0.24024	0.0377794	-0.440698	0.0792262	0.0136142	0.169844	-0.0303369	0.0266901	0.009917	0.0120798	0.0715255	0.578426	0.00518394	0.367248	-0.0556372	0.160809	0.103172	0.111728	0.0437364	0.621112	0.113853	0.00804316	0.0131717	0.187891	-0.00594211	0.00854636	
0.137512	0.292459	0.0377794	0.132918	0.0811647	0.0136142	0.229334	-0.0283985	0.0270667	0.0271491	0.00797356	0.0693847	0.578426	0.00518394	0.349876	-0.0536988	0.160809	0.0834241	0.116046	0.0456748	0.614823	0.187195	0.00610472	0.0449101	0.199606	
0.151814	0.292086	0.0390941	-0.560025	0.0891313	0.0112165	0.225174	-0.0329332	0.0270667	-0.00672112	0.00760031	0.0581219	0.649505	0.00386925	0.354008	-0.0494953	0.20342	0.0847388	0.130198	0.0505488	0.614823	0.196237	0.00647797	0.0207798	0.144887	
0.151814	0.292086	0.0390941	0.144322	0.0864792	0.00598496	0.225174	-0.0329332	0.0270667	0.0266317	0.00760031	0.0817767	0.629821	0.00386925	0.314664	-0.0494953	0.2029	0.074472	0.114872	0.0505488	0.614823	0.153689	0.00647797	0.0299931	0.0861617	
0.120661	0.292086	0.0436166	0.143555	0.0864792	0.0115263	0.225174	-0.0414315	0.0192172	-0.0100215	0.0183001	0.0847069	0.483958	-0.00398023	0.308955	-0.065044	0.231856	0.0753278	0.10822	0.048617	0.606973	0.174546	-0.00137152	0.0217237	0.0657371	0.0357876	
0.143603	0.287096	0.0487487	0.116559	0.0864792	0.0133662	0.182423	-0.0381685	0.0170079	-0.0188973	0.0066982	0.0768346	0.510584	-0.00618957	0.371745	-0.0638412	0.231856	0.0849748	0.068226	0.048617	0.604764	0.18068	-0.00358086	0.128191	0.0227602	-0.00683052	0.00137152	
0.143603	0.287096	0.0398903	0.122147	0.0864792	0.0150648	0.182423	-0.0389159	0.0170079	-0.00494725	0.0249353	0.0768346	0.500031	-0.00362494	0.375678	-0.0548369	0.229291	0.0824101	0.0509159	0.0475114	0.604764	0.158983	-0.00358086	0.101252	0	0.0712344	
0.169641	0.28275	0.0419341	0.0585862	0.0864792	0.0150648	0.215956	-0.0397278	0.0122572	0.0534477	0.0249353	0.0589182	0.563592	-0.00362494	0.283536	-0.0608995	0.229291	0.0876512	0.035462	0.0475114	0.604764	0.203474	-0.00358086	0.117488	0.0139665	0.0119387	0.0296844	0	
0.175882	0.277561	0.0419341	0.0798502	0.0864792	0.0178271	0.276038	-0.0422899	0.00601632	0.0307817	0.0216043	0.0961161	0.54509	-0.00362494	0.386002	-0.0560131	0.229291	0.0885598	0.0552013	0.0653556	0.604764	0.209715	-0.00358086	0.097749	-0.00832597	0.0347377	0	
0.126126	0.277561	0.0310431	0.0515167	0.0864792	0.0174384	0.372171	-0.0326808	0.00891335	0.0613493	0.0216043	0.0451772	0.560263	0.0029467	0.386002	-0.0461116	0.223689	0.0829572	0.0439334	0.0653556	0.605733	0.207787	-0.00261187	0.109017	0.0920517	0.00119088	
0.127499	0.23289	0.0310431	0.0769817	0.0865407	0.015637	0.349143	-0.0326808	0.00934118	0.0747682	0.0229795	0.0535906	0.482657	0.00474809	0.394326	-0.0471664	0.167016	0.077591	0.034884	0.047883	0.605476	0.162763	-0.000810474	0.118066	
0.118754	0.23289	0.0310431	0.0691808	0.0865407	0.015637	0.349143	-0.0335334	0.0114258	0.057694	0.0287058	0.0566636	0.488603	0.00474809	0.394326	-0.0425706	0.176306	0.0866807	0.033524	0.0618398	0.605476	0.192885	-0.000810474	0.141105	0	
0.118754	0.23289	0.0440168	0.047303	0.0865407	0.019889	0.349143	-0.0407004	0.00717382	0.057694	0.0336024	0.0569572	0.528328	0.00231291	0.394326	-0.058608	0.174489	0.0739652	0.0551372	0.0648746	0.598644	0.132454	-0.00506248	0.119492	
0.131028	0.246222	0.0440168	0.07376	0.112822	0.0207966	0.351712	-0.0368473	0.00717382	0.0569505	0.036451	0.0652891	0.436228	0.00231291	0.372675	-0.0496269	0.15555	0.0739652	0.0337267	0.0677232	0.598644	0.159763	-0.00791106	0.137989	0.0597094	
0.147973	0.246222	0.035026	0.07376	0.108592	0.0207966	0.289108	-0.0360136	0.00717382	0.0200068	0.036451	0.0439017	0.420352	0.00231291	0.409629	-0.0456905	0.17248	0.059655	0.063083	0.0454607	0.599186	0.159763	-0.00791106	0.111748	-0.022295	0.0206408	
0.14604	0.246222	0.0380019	0.0512062	0.108336	0.018678	0.289108	-0.0283195	0.00929243	0.00545829	0.036451	0.0538325	0.442906	0.00145563	0.39909	-0.0359886	0.175456	0.0626309	0.0853319	0.0420054	0.6139	0.159763	-0.00579245	0.1123	
0.123125	0.222617	0.0303917	0.107362	0.099871	0.0181382	0.322744	-0.0387424	0.0118979	-0.00523718	0.036451	0.0596148	0.334717	0.00145563	0.38679	-0.0645913	0.165262	0.0626309	0.109196	0.0420054	0.629043	0.190956	-0.00579245	0.205731	
0.123842	0.222617	0.0457039	0.11413	0.101283	0.0177451	0.210959	-0.0365411	0.012291	-0.0119976	0.0257956	0.0413912	0.327949	-0.00275808	0.398317	-0.0569409	0.180176	0.0680547	0.120389	0.0559724	0.625452	0.190956	-0.00539936	0.189575	-0.0365411	
